20 20 20 17 17 17 17 16 16 16 16 16 16 17 17 17 17 17 17 17 
22 24 31 24 24 24 24 24 24 24 24 
18 2 2 18 18 18 18 18 18 17 17 17 17 15 15 11 15 15 15 15 15 17 17 17 
13 31 11 13 13 13 19 19 19 19 1 18 17 15 15 15 15 15 15 15 15 15 16 16 16 
1 32 32 2 2 19 20 20 26 26 26 29 29 27 27 27 27 27 27 27 27 27 27 27 27 26 26 26 26 26 
1 1 1 1 1 1 1 1 1 1 2 2 23 23 23 23 23 23 23 23 23 23 23 23 3 3 3 3 23 23 23 23 
32 1 1 1 18 19 22 22 22 18 20 16 16 12 12 12 12 11 11 11 11 12 12 12 12 12 
32 22 18 19 32 19 20 20 28 28 28 28 28 28 24 24 24 24 28 20 
1 32 32 32 19 19 20 3 26 26 26 27 27 27 27 27 27 27 27 27 27 27 27 27 27 27 29 29 29 
13 13 13 19 19 19 32 22 22 22 22 20 5 5 25 25 25 21 21 21 21 21 21 21 21 21 21 21 21 21 21 21 21 21 21 21 21 21 30 5 5 5 30 30 30 30 
1 1 32 32 32 19 19 22 19 19 19 20 7 7 7 30 7 10 10 10 10 10 10 10 10 10 10 
32 32 1 32 32 32 32 32 1 1 1 1 1 3 26 26 27 27 27 6 6 6 6 6 6 6 6 6 
2 2 2 32 32 32 32 32 32 32 32 32 1 20 20 20 28 7 7 7 7 7 7 7 7 27 27 29 29 29 29 
2 1 1 1 1 1 1 32 1 32 19 19 19 22 20 20 26 5 5 7 25 25 25 21 21 21 10 10 10 10 10 10 9 6 6 6 6 
3 3 20 7 26 3 26 26 26 4 4 4 4 4 4 4 4 4 4 4 4 23 23 23 3 
2 2 2 1 14 14 14 14 14 1 12 12 12 12 12 12 9 9 
32 2 2 1 2 2 32 32 32 32 32 32 32 1 1 32 32 32 32 32 32 32 32 32 32 32 32 32 32 19 19 14 14 14 19 14 14 15 15 15 15 15 11 11 11 11 11 11 11 11 11 11 11 11 11 15 11 15 
2 2 18 18 19 22 22 22 19 20 26 26 27 27 27 27 5 27 7 7 27 27 26 26 
1 1 1 32 32 18 32 32 32 32 1 1 20 20 20 7 7 7 7 7 7 7 20 20 
32 32 2 32 32 32 32 1 1 20 20 20 26 26 27 27 27 27 27 27 27 27 26 26 
32 32 1 32 32 32 19 20 20 20 20 3 26 6 6 6 6 6 6 6 6 6 6 27 27 27 27 26 26 26 
1 1 1 1 1 32 32 32 32 19 19 19 22 22 19 20 7 5 5 21 21 21 21 21 21 21 21 21 21 21 21 21 21 21 21 5 5 24 24 
16 14 1 1 20 20 1 1 1 1 1 1 1 1 1 1 1 19 19 14 14 14 20 20 15 15 15 15 15 15 15 15 29 15 12 12 12 
13 32 13 32 32 32 32 32 32 32 32 32 32 20 20 20 20 29 29 29 29 29 29 29 20 
1 1 1 1 1 32 32 1 1 1 19 19 22 22 20 5 5 5 21 21 21 21 30 30 30 30 30 19 
29 28 24 24 5 5 26 26 26 5 5 8 8 8 8 8 8 8 8 5 8 8 8 
22 20 26 26 27 27 27 7 7 7 7 7 8 7 7 7 7 7 7 7 7 
18 1 13 1 2 19 22 22 22 20 5 5 5 5 5 5 5 5 5 5 5 5 5 5 5 5 5 5 5 5 5 5 
32 2 32 2 32 32 2 23 23 23 23 23 23 23 23 23 23 23 3 23 23 23 
32 32 32 32 32 32 32 32 32 14 25 25 25 25 25 25 25 25 25 25 25 25 25 5 5 5 5 18 18 
1 20 23 1 1 1 1 1 32 13 14 19 18 14 12 16 16 12 16 12 11 11 16 16 16 
2 2 2 2 32 2 18 18 18 20 20 20 26 26 29 29 27 27 29 27 29 29 29 27 5 26 26 26 26 27 27 
32 2 2 2 2 32 32 20 29 29 29 29 30 30 30 30 30 30 30 30 30 30 
18 18 18 18 18 19 19 22 18 20 17 17 17 17 17 17 16 16 16 17 17 17 17 17 17 17 
1 1 1 1 1 1 1 1 19 22 20 3 26 26 6 6 27 27 27 27 27 27 27 27 27 
2 2 2 2 2 3 3 2 3 3 3 3 26 4 4 9 9 9 9 9 
1 1 2 2 2 2 1 2 2 1 32 32 20 20 20 23 2 23 26 26 26 26 26 26 26 27 26 26 26 26 26 23 23 
14 14 13 13 14 14 14 16 16 15 24 24 24 15 15 15 15 15 15 15 15 15 15 12 12 12 12 
32 32 2 18 32 32 32 19 32 20 20 29 5 5 5 5 5 5 5 5 30 30 30 30 30 30 30 
2 32 32 32 2 2 1 2 19 19 22 22 22 22 17 17 17 15 16 16 16 12 12 12 12 12 12 12 11 11 11 29 29 29 29 28 29 29 
1 1 2 2 2 13 3 3 3 4 4 4 9 9 9 9 9 9 9 9 
2 2 18 19 19 18 18 16 17 17 17 16 16 16 16 16 16 16 16 16 16 16 16 16 16 16 
1 1 32 1 1 1 1 32 32 32 32 32 1 32 32 32 32 32 32 32 32 1 1 1 1 1 3 26 6 6 6 6 6 6 6 6 6 6 3 3 1 1 
18 30 30 18 18 30 30 21 21 21 21 21 21 21 21 21 21 
1 1 1 1 32 32 32 32 1 23 4 4 4 4 4 4 4 4 4 4 4 4 4 3 
2 2 2 2 2 32 32 1 32 32 32 32 1 1 20 20 7 7 7 7 7 7 7 7 7 7 7 7 7 7 7 7 7 13 
32 32 32 32 32 32 32 32 19 19 19 19 19 19 19 19 14 15 15 15 15 15 15 15 15 15 15 15 15 15 15 15 15 15 15 15 15 17 
18 18 18 18 18 18 18 19 22 17 17 17 15 15 15 16 16 17 
2 2 2 2 3 3 3 3 3 3 4 4 4 9 9 9 9 9 9 9 9 9 9 9 9 9 9 9 9 9 9 9 9 9 9 9 9 
32 32 32 32 32 32 32 19 19 19 19 19 19 19 20 17 17 15 15 15 15 15 15 15 15 15 15 15 15 15 15 
2 2 2 2 2 2 3 3 3 3 3 3 4 4 4 4 4 9 9 9 11 9 9 9 9 9 9 9 9 9 9 4 4 4 4 4 4 4 4 4 20 
2 1 32 2 32 32 32 32 32 32 32 19 19 1 20 20 20 7 7 7 7 7 7 7 7 7 7 7 7 29 29 30 
19 19 19 1 1 19 19 19 22 20 7 7 10 10 10 10 10 10 10 10 10 10 10 10 10 10 10 10 10 10 10 10 6 13 13 
1 1 1 13 1 1 14 14 1 13 16 16 16 16 12 12 12 12 12 12 12 13 
2 18 18 2 3 19 22 17 22 20 26 8 8 8 8 8 8 8 8 8 8 8 8 8 8 8 8 6 6 
18 18 18 2 2 18 18 22 19 20 17 17 17 17 17 17 16 16 16 
3 20 13 13 13 2 3 3 3 1 2 2 32 19 19 7 7 7 7 8 8 10 10 10 10 10 10 10 10 10 10 10 10 10 10 10 10 10 10 10 10 21 21 30 
32 1 1 32 32 32 32 13 13 13 3 3 3 6 6 6 6 6 6 6 6 6 6 6 6 
3 1 3 1 2 32 1 1 2 2 1 1 1 1 1 1 32 32 32 1 1 3 3 3 3 9 9 9 9 9 9 9 9 9 9 9 9 9 9 3 3 23 3 3 
31 31 31 31 17 17 15 15 15 15 15 11 11 25 25 25 25 25 15 15 
32 32 32 32 19 19 19 19 20 15 15 15 15 11 11 11 11 11 11 10 10 10 10 10 10 15 15 15 12 
1 1 32 13 18 18 18 1 1 13 13 13 13 13 18 12 12 12 12 12 12 12 12 12 
32 32 32 32 32 32 32 14 14 1 23 23 23 4 16 4 4 4 4 4 4 4 4 4 4 4 4 4 4 4 4 3 3 
18 2 2 2 18 18 18 22 18 17 17 17 17 16 16 16 16 16 16 16 16 17 17 17 17 17 17 
23 23 23 23 23 23 23 23 23 23 23 23 23 
6 13 6 6 13 13 13 13 3 19 19 22 22 20 20 26 26 27 7 7 8 10 10 10 10 10 10 10 10 10 10 10 10 10 12 12 3 6 6 6 6 3 3 
19 22 22 22 22 20 26 5 5 5 27 5 5 5 5 5 5 29 29 29 29 29 
2 2 2 2 2 2 3 3 3 3 3 9 9 9 9 9 9 9 9 9 4 
23 23 23 23 23 23 23 23 23 23 23 23 23 23 23 23 23 23 
1 32 32 32 1 32 32 19 14 19 19 20 20 7 7 7 7 7 7 7 7 6 12 
18 2 18 2 32 32 32 18 18 18 19 19 22 17 17 17 17 24 24 24 24 16 16 29 15 15 15 15 16 16 16 16 16 16 16 
32 32 18 32 19 19 19 19 19 17 17 17 15 15 11 11 11 11 11 11 11 11 11 11 11 11 11 11 12 
18 22 1 20 18 18 19 18 22 20 22 17 17 16 16 16 16 16 16 16 16 16 12 12 16 16 13 2 
13 14 14 14 19 18 2 1 3 1 19 19 22 22 20 19 20 26 26 27 27 27 27 27 27 27 27 27 27 27 29 27 26 4 
1 1 19 22 22 22 29 29 5 5 10 8 21 21 21 5 5 30 30 30 30 29 29 31 
32 32 32 32 32 32 32 32 32 32 32 32 32 19 19 22 22 22 22 20 26 26 27 7 7 7 7 7 7 7 7 7 7 7 7 7 27 27 27 27 27 27 
2 2 2 2 2 1 20 20 20 20 26 26 26 26 27 27 8 8 8 8 10 10 8 8 8 8 8 8 27 27 27 26 
1 1 1 1 20 22 22 26 26 20 20 27 6 8 10 10 10 10 10 10 10 10 10 10 10 10 10 10 10 8 8 9 9 9 9 9 6 
23 2 2 32 32 32 19 20 20 26 26 26 26 26 27 27 27 27 27 27 27 27 27 27 27 
3 3 3 3 23 23 1 1 23 23 2 2 2 2 23 26 26 26 26 26 6 6 6 6 4 6 6 6 6 6 3 3 3 3 
18 1 2 2 2 2 13 6 12 12 3 4 4 9 9 9 9 9 9 
1 1 1 18 18 19 19 19 18 14 14 14 20 15 15 15 15 15 15 15 15 15 15 15 16 
22 19 19 19 18 17 17 16 16 16 16 16 16 16 11 11 11 11 11 11 11 11 11 11 11 11 11 11 16 16 16 16 16 16 16 16 16 16 14 1 1 14 1 1 1 1 1 
19 22 19 19 20 28 28 28 28 28 28 28 28 28 28 28 11 11 11 11 11 11 11 11 11 11 11 11 11 11 11 11 11 11 11 11 11 11 11 11 11 11 11 28 28 28 28 28 28 28 28 
2 2 2 2 2 2 23 23 23 23 23 4 4 4 4 4 4 4 4 4 4 4 4 4 4 4 4 4 4 
2 32 32 32 32 32 19 1 1 1 23 26 26 26 26 27 27 27 27 27 27 27 27 26 26 26 23 23 
13 13 13 13 13 32 1 1 13 1 1 1 1 32 32 32 32 32 32 32 32 1 26 6 27 27 27 6 6 6 6 6 6 6 6 6 6 6 6 6 6 6 6 
32 32 32 32 32 32 32 18 22 22 22 24 24 24 24 24 24 24 24 24 25 25 25 25 24 24 24 24 24 24 24 24 24 24 24 
1 1 32 32 32 32 32 19 19 22 22 20 20 26 26 6 6 6 6 8 27 27 27 27 27 27 27 27 27 26 26 
1 2 2 2 2 2 1 2 2 1 1 32 32 32 14 14 3 3 4 4 4 4 9 9 9 9 9 9 9 9 27 27 27 27 27 
2 2 2 2 32 32 32 19 19 22 20 20 20 26 26 26 26 27 27 27 27 27 27 27 27 29 26 26 26 
2 2 1 2 2 2 1 18 18 20 26 26 26 6 6 6 8 8 8 8 8 8 8 8 8 8 10 10 10 6 6 6 9 
13 28 20 13 13 1 22 18 14 19 19 20 20 17 5 5 5 5 25 25 25 25 25 25 25 25 25 25 10 10 10 10 10 10 10 11 12 12 12 12 12 12 12 12 12 12 12 
14 19 32 19 19 19 19 22 18 18 16 16 15 15 15 15 15 15 15 15 15 15 15 15 15 17 
32 32 32 32 32 32 32 32 32 19 19 19 19 1 1 28 28 28 28 28 28 28 28 28 28 28 28 28 28 28 28 28 28 28 28 28 20 
2 2 23 1 2 2 23 23 23 23 4 4 4 4 4 4 29 29 4 29 29 29 29 29 23 
32 32 2 2 32 32 32 32 32 22 22 22 22 20 20 5 5 5 5 21 21 21 21 21 21 21 21 21 21 5 5 5 5 
2 2 2 2 2 2 18 19 20 20 20 26 26 6 6 7 6 6 8 8 8 8 10 7 8 8 8 8 8 7 26 
22 26 26 26 29 9 9 9 9 9 9 8 8 8 8 8 8 8 8 8 10 8 8 8 8 8 6 
3 20 20 1 1 1 1 1 20 19 20 22 20 20 20 26 26 26 6 6 6 6 6 6 6 6 26 26 26 26 26 26 26 26 
2 2 2 2 2 2 13 13 13 13 13 16 16 12 12 12 12 12 12 12 12 12 12 
32 32 32 32 32 22 22 22 22 31 24 24 28 28 28 28 28 28 28 28 28 28 28 28 28 28 24 24 24 24 24 24 24 24 24 
7 7 7 7 7 10 10 7 12 12 12 12 12 3 3 
1 13 13 1 1 13 1 22 22 22 22 28 28 28 26 26 27 27 30 7 7 7 7 7 7 7 7 7 7 27 27 27 27 27 27 29 
2 2 2 2 2 32 32 2 32 32 32 32 32 32 32 32 32 32 32 32 32 32 32 32 32 32 32 19 19 19 22 20 20 7 7 7 10 10 10 10 10 10 10 10 10 10 13 13 13 21 21 
2 2 2 2 2 2 18 2 2 23 23 23 4 4 4 9 9 9 9 9 9 9 9 9 9 9 9 9 9 9 9 
13 13 13 13 19 13 13 13 32 19 19 32 32 32 13 13 1 19 19 20 7 7 11 11 
1 1 32 32 32 32 32 32 19 19 22 22 20 20 7 5 5 8 25 25 10 10 10 10 10 10 10 10 10 10 10 10 10 10 10 10 10 10 10 21 21 21 25 21 7 13 13 
32 13 13 32 2 32 19 19 19 20 29 30 30 30 30 30 30 30 30 30 30 30 30 30 30 30 30 
18 18 2 2 2 2 2 1 2 32 19 20 26 26 8 7 7 10 10 10 10 10 10 10 10 10 10 10 10 10 10 10 10 8 30 8 21 30 8 7 7 7 26 26 26 
32 32 32 32 32 32 2 19 19 19 14 19 14 18 16 12 16 12 15 11 11 11 11 11 11 11 11 11 15 15 15 17 17 
1 1 1 1 1 19 19 20 20 1 26 26 26 26 27 27 27 27 27 27 27 
1 1 1 23 1 2 3 3 3 3 3 4 4 4 4 4 4 4 4 4 4 4 4 4 4 4 23 3 
32 32 32 32 32 32 32 32 32 32 32 18 18 1 20 29 5 5 25 25 25 25 25 25 5 5 5 5 24 24 24 24 31 31 
13 13 13 13 2 2 13 13 13 13 3 3 3 6 6 6 6 6 6 6 6 6 6 3 3 3 3 
2 1 1 1 1 1 1 1 1 1 32 19 14 20 20 3 26 6 6 6 6 27 6 27 6 6 6 6 6 6 27 27 27 27 27 6 6 6 3 3 
1 1 1 1 1 1 1 1 1 1 32 32 32 19 19 19 19 20 20 28 28 25 25 25 25 25 25 25 25 11 11 12 12 
32 32 32 1 32 19 19 14 14 14 14 14 15 15 15 15 15 15 15 15 15 15 15 15 15 15 15 15 
23 4 4 4 4 4 4 9 9 9 9 9 9 4 4 4 4 4 4 4 4 
1 1 1 18 22 22 22 28 7 5 5 21 21 30 21 30 30 30 30 30 30 30 30 
2 2 1 1 2 2 2 13 13 13 13 13 16 16 16 16 15 15 15 
32 32 2 2 2 2 2 32 32 1 1 1 3 6 6 6 6 6 6 6 6 10 6 9 6 6 6 6 6 
2 2 2 2 2 22 22 22 22 22 20 26 26 6 6 6 6 6 6 6 10 10 10 10 10 10 6 6 6 6 27 6 26 26 6 
2 32 32 32 32 32 32 13 13 13 13 14 16 16 16 16 16 11 12 16 16 11 11 11 13 
32 32 32 32 32 32 32 32 32 1 1 32 1 20 20 20 20 20 20 20 20 20 20 
18 19 14 14 14 14 28 28 28 28 28 25 25 25 25 25 25 28 28 28 15 15 15 
2 2 18 18 18 29 26 26 27 27 27 5 5 5 5 5 5 27 26 26 26 26 
32 32 32 32 32 2 1 1 1 23 23 23 23 4 29 9 9 9 9 9 9 9 9 9 9 9 9 4 4 4 
1 1 1 1 1 1 1 1 19 19 19 19 19 28 28 28 28 28 28 28 28 28 28 28 28 
18 18 22 22 22 22 24 24 24 24 24 24 24 5 5 5 5 5 29 5 26 16 
2 2 2 2 18 22 22 17 17 17 20 26 26 8 8 8 8 8 8 8 8 8 10 10 10 10 10 10 10 
19 19 19 22 22 14 16 17 17 17 17 17 17 17 29 29 16 16 16 16 16 16 16 
2 2 2 2 1 19 19 20 3 26 6 6 6 6 6 6 6 6 30 30 27 27 26 26 26 23 
1 3 3 3 3 3 26 4 4 4 4 4 4 4 4 4 4 4 3 3 3 
22 29 20 29 27 27 27 8 8 8 8 8 10 10 10 10 8 8 30 30 30 30 8 8 27 
1 1 1 2 2 1 1 1 1 2 2 1 18 22 22 22 20 26 26 26 26 27 27 27 27 27 27 27 27 27 27 27 26 26 26 26 3 
1 2 2 32 32 18 22 22 22 22 22 5 5 5 5 5 5 25 25 5 5 5 5 5 5 5 5 17 17 17 17 
1 1 3 3 3 13 3 3 3 3 4 4 4 9 9 9 9 9 9 9 9 9 9 9 9 9 9 9 9 9 9 9 9 9 9 9 9 9 9 9 4 4 4 4 4 4 4 
1 19 1 19 19 22 22 22 28 15 15 15 28 28 29 15 11 12 12 12 12 12 1 
2 1 1 18 22 22 22 30 5 5 8 21 21 10 10 10 10 10 10 10 21 21 10 30 30 30 
20 20 1 1 1 1 1 1 1 1 19 22 22 22 20 26 26 27 27 27 8 27 27 27 8 8 27 26 
2 2 2 32 32 1 32 14 14 14 13 13 12 12 12 12 12 12 7 7 12 12 12 12 12 12 12 
18 18 17 17 17 17 17 17 17 17 17 17 17 17 17 17 17 17 
2 2 2 2 2 2 2 2 18 18 19 22 20 20 20 26 26 26 27 27 27 8 8 8 8 8 8 8 8 8 8 8 8 8 8 8 8 
1 1 32 19 19 22 22 20 29 29 30 30 21 21 21 21 21 21 21 30 30 30 5 5 5 5 30 
2 2 1 1 32 2 32 32 19 22 18 18 20 20 20 7 7 5 5 7 7 7 21 21 10 21 21 10 21 21 7 7 7 7 7 
32 32 32 32 32 32 32 32 32 32 32 32 32 32 32 19 19 14 20 19 20 7 7 7 7 7 7 21 21 30 30 7 7 7 7 30 7 30 30 30 7 7 7 7 7 12 
32 32 32 32 32 1 32 19 19 19 22 19 7 7 7 10 10 10 10 10 10 10 10 10 10 10 21 21 21 21 21 7 7 
2 2 1 32 1 32 32 14 19 19 20 20 26 26 26 27 27 27 27 27 27 27 27 27 30 30 
18 18 17 17 17 17 17 15 17 15 17 17 17 17 17 17 17 17 17 18 18 
2 2 2 32 32 32 32 32 32 1 1 32 32 32 32 32 32 32 32 32 19 19 19 19 19 19 19 20 28 28 28 28 28 28 28 28 28 28 28 28 28 28 28 28 20 20 
3 3 3 3 4 16 4 4 4 4 4 4 4 4 4 4 4 4 26 4 3 3 3 
20 20 20 26 6 6 6 6 6 8 8 8 6 6 6 6 
32 32 2 2 2 32 32 2 19 19 22 28 20 20 20 26 26 26 6 6 6 6 6 6 6 6 6 6 6 6 
23 2 23 23 3 3 3 3 3 3 4 4 4 4 4 9 9 9 9 9 4 9 9 9 9 9 9 9 9 9 9 9 9 9 9 9 9 9 
2 32 2 2 2 13 13 14 13 16 16 16 16 16 15 15 15 15 15 15 15 
1 1 18 1 1 1 18 22 22 22 22 22 26 5 5 5 21 21 21 21 21 21 21 21 30 30 30 30 30 
18 20 20 3 3 26 26 26 3 3 3 3 6 3 1 19 7 7 20 6 6 6 6 8 8 10 10 10 10 10 10 10 10 10 10 10 10 10 10 10 8 
32 32 32 32 32 32 32 1 20 20 29 7 27 27 27 27 27 27 6 
22 17 17 17 5 5 5 5 5 5 5 5 5 5 5 5 5 5 5 5 5 5 5 5 5 5 5 5 30 30 30 
32 13 14 20 3 3 3 6 6 6 6 6 6 6 6 9 9 
18 20 26 26 26 27 27 8 8 8 8 8 8 8 8 8 8 27 27 27 27 29 
7 7 20 22 22 22 20 20 26 26 27 8 8 8 8 8 8 8 8 8 6 6 6 6 
18 18 18 17 17 17 17 17 17 17 17 17 17 16 16 16 16 17 17 17 18 18 
2 2 2 18 18 18 18 18 20 20 26 7 7 7 7 21 10 10 10 10 10 10 10 10 10 10 10 10 10 10 10 10 30 12 12 13 13 13 
1 1 1 32 32 19 19 19 19 14 20 20 12 15 15 11 11 11 11 11 11 12 12 12 12 12 12 
32 32 32 32 32 1 1 1 32 32 19 20 20 1 1 3 3 3 6 6 6 6 6 6 6 6 6 6 
1 32 32 1 1 19 20 20 20 26 26 27 27 27 6 6 6 6 6 6 
1 1 32 32 1 32 18 18 18 18 20 20 7 7 7 7 21 21 21 21 21 21 21 7 7 7 
23 23 23 23 20 20 22 20 20 3 3 1 7 6 6 6 6 10 10 10 10 10 10 10 10 10 10 10 10 10 10 10 10 10 10 10 10 10 10 10 9 9 12 9 
32 32 1 32 32 32 19 20 20 1 26 26 26 26 6 6 6 6 6 6 6 6 6 6 6 6 
31 31 31 31 31 31 31 31 22 22 22 17 5 5 24 24 24 24 24 24 24 24 24 24 24 
6 2 2 1 19 19 22 22 20 26 26 26 26 26 26 27 27 27 27 26 26 26 23 23 23 
1 23 23 23 2 2 1 1 1 1 2 2 32 22 22 22 20 26 26 26 26 27 8 8 9 9 8 8 8 8 6 6 6 3 6 
19 32 32 32 32 19 19 19 19 19 14 14 14 17 16 16 16 16 16 16 16 16 16 16 16 16 12 12 13 
2 2 2 2 18 18 32 18 18 18 18 18 18 20 29 29 29 29 29 5 5 29 29 29 29 28 28 28 28 
3 3 1 1 1 22 22 22 20 20 26 26 26 27 27 27 27 27 27 27 27 27 27 27 26 26 26 26 3 3 26 26 26 3 
18 26 26 26 26 5 8 8 8 8 8 8 8 8 8 5 
23 2 2 32 1 3 23 23 23 4 4 9 9 9 9 9 9 9 9 9 4 4 4 4 4 4 4 3 3 3 3 3 
2 2 2 2 18 19 20 22 20 26 26 26 27 27 27 8 8 8 8 8 8 8 8 26 26 26 26 6 6 
32 32 32 32 32 32 32 32 22 22 22 22 22 20 20 28 28 5 25 25 25 25 25 21 21 21 21 21 21 21 21 21 21 21 21 21 21 21 21 21 7 7 
2 1 1 2 3 3 3 3 4 9 9 9 4 3 3 
2 2 2 2 32 32 2 2 32 2 32 13 14 14 13 13 12 12 12 12 12 12 12 12 12 12 12 12 12 12 12 
13 13 1 1 13 1 13 13 13 14 13 11 11 11 11 11 11 11 11 11 11 11 11 11 
3 3 20 7 20 14 12 26 26 26 27 27 8 8 8 8 8 8 8 8 6 6 6 6 
3 13 1 2 2 2 32 32 32 32 32 1 1 32 32 32 32 32 32 32 32 13 12 12 12 6 7 7 7 7 26 26 26 
2 2 32 32 32 32 32 18 18 1 1 20 20 28 28 12 12 12 12 12 12 
3 3 3 3 1 1 1 1 19 19 20 20 20 1 13 7 6 10 10 10 10 10 10 10 10 10 10 10 10 10 10 6 6 6 6 6 
1 32 32 32 1 1 14 14 3 6 6 6 6 6 6 6 6 6 6 6 6 9 
3 3 20 20 1 1 1 1 1 19 20 20 3 6 6 6 6 6 6 6 8 8 8 8 8 8 6 6 
23 23 23 23 23 23 23 23 23 23 23 23 2 2 
1 1 3 3 3 23 4 4 4 4 4 4 4 4 4 4 4 4 3 3 
16 16 20 1 13 20 20 28 20 20 20 15 15 15 15 15 15 15 15 15 15 5 15 15 15 15 15 15 15 15 15 17 16 20 28 
1 1 1 3 23 3 3 4 4 4 9 9 9 9 9 9 9 9 9 9 9 9 9 9 9 9 
13 13 1 13 13 1 19 14 14 20 7 7 7 30 30 30 30 30 30 30 30 30 30 30 30 30 30 30 30 
14 14 14 14 32 14 14 14 14 19 19 28 28 28 28 28 28 25 25 25 28 25 28 28 28 28 28 28 28 28 
2 2 2 2 2 3 3 23 3 3 3 4 4 4 4 4 4 4 4 4 3 3 3 3 1 1 
2 1 1 1 2 2 2 1 18 18 18 18 18 20 17 17 16 15 15 15 15 15 29 17 17 17 17 
2 32 2 23 23 23 23 23 23 4 4 4 9 9 9 4 4 4 9 9 9 
14 14 13 18 18 22 22 22 17 16 16 16 16 16 15 15 16 16 16 16 16 16 17 17 
2 2 2 2 32 32 18 22 22 22 22 20 29 5 5 5 21 21 21 21 10 21 21 21 10 21 21 21 21 8 
32 32 32 32 32 32 2 32 32 32 19 22 22 22 22 20 20 26 26 26 26 7 7 7 7 7 7 7 7 
20 3 3 3 3 22 22 17 22 20 29 27 27 8 30 30 30 30 6 6 6 6 6 6 
18 18 18 18 18 18 18 19 13 13 22 17 17 16 16 16 16 16 16 16 16 16 16 16 16 16 16 16 
19 20 1 2 2 2 2 2 18 18 18 18 22 20 20 20 26 26 26 26 27 27 27 29 27 27 29 29 26 26 
2 2 2 3 6 26 26 3 23 23 4 4 4 4 4 4 4 4 4 9 9 4 4 4 4 4 4 4 
1 1 14 14 19 19 19 22 22 15 15 15 15 16 16 16 15 16 15 15 16 
32 32 32 32 32 19 18 19 14 25 22 17 16 16 16 16 16 16 16 12 12 12 12 12 
18 18 18 18 18 18 18 18 18 22 22 22 20 17 17 5 5 5 5 5 5 5 5 5 5 5 5 11 12 12 12 12 12 14 
1 1 1 1 1 1 3 3 6 6 6 6 6 8 8 8 10 10 10 10 10 10 10 10 10 10 10 10 7 6 6 
2 2 2 2 2 2 32 1 1 3 23 23 23 23 23 23 23 29 4 4 4 4 4 4 4 9 9 9 9 9 9 9 9 9 9 9 9 9 9 
2 2 1 1 1 1 1 19 19 20 7 7 7 8 10 10 10 10 10 10 
1 1 1 1 1 1 1 1 1 14 19 15 15 15 15 15 15 15 15 15 15 15 
2 2 32 32 32 2 2 2 2 32 32 32 32 32 32 22 22 22 22 22 20 26 26 26 7 27 7 7 30 30 30 30 30 30 27 27 30 30 27 27 27 27 29 29 
2 2 2 2 2 32 32 32 32 19 19 22 22 20 20 7 7 7 7 7 12 12 10 10 12 10 12 12 12 12 12 12 
23 23 23 23 23 23 2 2 2 23 2 2 2 2 2 2 23 23 4 4 4 4 4 4 4 4 4 4 4 
2 2 2 18 18 18 18 18 18 20 26 26 27 27 27 27 27 27 27 27 27 27 26 
1 1 1 1 1 19 19 19 19 19 19 19 20 26 26 27 8 27 27 8 8 8 8 
23 23 23 14 14 20 20 20 26 26 4 4 4 4 4 4 4 3 3 3 
18 18 18 1 1 18 18 18 18 18 18 22 22 17 24 15 15 15 15 15 15 11 11 15 15 15 15 15 15 17 17 
31 31 31 18 22 22 22 22 5 5 5 5 5 5 5 5 5 5 5 5 5 5 24 24 24 24 24 24 
19 19 19 19 19 19 19 14 20 16 16 16 12 12 12 11 11 11 11 11 11 11 11 11 11 11 11 11 11 11 11 11 11 11 16 16 16 16 16 16 16 16 16 16 16 
1 1 1 1 13 13 13 1 1 13 12 12 12 12 12 12 12 12 12 12 
3 13 13 13 13 1 1 19 19 19 14 7 7 7 7 7 7 30 30 30 30 30 30 30 30 30 30 30 
2 1 1 1 3 20 20 3 4 4 4 4 4 4 4 4 4 4 3 3 3 3 
1 1 1 2 13 1 14 14 14 14 14 14 14 16 16 16 16 16 11 11 11 11 11 11 11 11 11 11 11 11 11 11 11 11 11 11 11 11 11 
2 2 2 2 32 32 32 2 14 14 14 6 6 6 6 6 6 8 8 8 8 8 8 27 27 27 27 26 
21 21 21 21 21 21 21 21 21 21 21 21 21 21 7 7 7 21 21 21 21 21 21 21 5 5 24 24 24 24 29 
23 23 2 2 2 2 2 2 2 2 3 3 4 4 4 4 4 4 4 4 4 4 4 4 4 4 4 3 3 2 3 1 2 
14 14 1 1 32 32 32 32 19 20 20 19 20 28 28 28 28 28 28 28 28 28 28 28 28 28 28 28 
2 2 2 2 18 19 18 18 18 20 17 17 17 16 15 15 15 15 15 15 15 15 15 
31 23 23 2 23 17 17 29 29 29 29 5 5 5 5 5 5 5 8 5 5 5 5 5 5 5 5 5 7 26 26 26 26 26 
1 1 1 1 1 32 19 14 14 19 1 28 28 28 28 11 11 11 11 12 12 
2 2 32 32 32 19 20 20 26 26 26 29 29 11 29 29 29 5 29 29 29 5 29 5 29 29 26 
1 1 1 1 1 19 19 19 19 1 19 28 28 28 28 28 28 28 28 28 28 28 
1 1 1 1 1 1 32 32 1 1 32 32 32 20 20 20 28 7 7 7 7 7 7 7 7 7 7 7 7 7 29 29 4 3 20 20 
13 13 13 13 13 13 13 13 1 13 13 14 14 12 14 13 7 7 7 5 5 5 5 5 5 5 5 5 5 29 29 29 29 29 29 29 29 
32 1 1 1 1 1 1 1 1 19 14 14 14 19 17 17 17 17 16 16 16 16 17 17 17 17 17 
23 23 1 23 2 2 19 22 22 28 20 20 7 6 8 30 30 8 8 10 10 10 10 10 10 10 8 8 30 8 10 30 30 8 27 
13 6 6 7 28 28 20 20 26 26 27 8 8 8 8 8 8 8 8 8 8 8 10 
2 2 23 2 2 23 23 23 23 2 3 3 3 3 3 4 4 9 9 9 9 9 9 9 9 4 4 4 4 3 3 
32 32 32 32 32 32 32 32 32 32 32 32 32 2 32 32 32 1 2 2 2 2 2 2 2 2 2 2 2 2 2 2 2 2 2 2 
1 1 1 1 2 1 20 23 4 4 4 9 9 9 9 9 9 4 4 4 3 3 3 1 1 
1 32 1 1 32 32 31 31 31 31 1 1 32 31 31 31 31 31 
32 32 32 32 32 13 13 13 13 13 14 16 16 16 16 16 16 16 16 16 16 16 16 16 16 16 16 16 16 16 16 16 16 16 16 16 16 16 16 16 16 13 
18 32 32 32 32 32 32 19 19 18 18 17 17 17 17 17 17 16 16 17 17 17 17 16 16 
2 2 2 2 2 1 18 18 20 20 3 23 26 26 26 6 6 6 6 6 
2 2 32 32 32 32 32 19 19 19 19 20 20 7 7 7 7 7 6 6 6 3 3 3 
32 32 32 32 32 32 19 19 20 20 20 7 7 7 7 7 7 7 30 30 30 30 30 30 30 7 30 30 
32 14 14 20 20 20 20 20 26 26 6 6 6 6 6 6 6 6 6 3 3 
2 32 32 2 2 32 18 19 19 19 18 20 7 7 7 30 30 30 30 30 30 30 30 30 30 29 29 20 23 23 
18 18 32 32 32 32 19 19 22 22 20 20 20 26 26 26 27 27 27 27 7 7 7 7 7 7 7 7 
20 20 2 2 13 13 1 1 1 1 1 1 19 22 22 22 20 20 26 26 26 26 26 26 26 27 27 27 27 27 27 27 26 26 26 26 26 
31 1 1 2 17 17 22 22 17 17 24 24 24 24 24 24 24 24 24 24 24 15 15 29 29 
32 32 32 32 32 32 13 13 13 32 1 20 20 20 29 29 29 29 29 29 29 31 23 
32 32 1 1 1 1 32 32 32 32 32 32 32 32 32 32 32 32 20 26 26 5 5 25 25 25 25 25 25 25 25 25 25 
32 32 32 32 32 32 32 32 32 32 32 32 32 19 20 20 23 23 3 4 26 27 27 27 27 27 27 27 7 10 7 7 7 7 7 7 7 7 30 27 27 27 27 27 27 
3 2 2 2 2 2 2 2 18 20 1 1 1 1 2 2 1 1 1 2 2 2 14 14 14 20 20 6 6 6 30 30 8 8 30 30 30 30 30 30 30 30 30 30 30 30 27 
2 2 2 32 32 32 18 18 32 18 1 20 20 29 7 7 7 7 7 7 21 21 21 30 30 
32 1 18 20 1 1 1 1 1 1 1 1 1 1 1 1 1 3 3 26 6 6 6 9 6 6 6 
1 3 2 2 2 2 2 31 23 23 31 1 1 14 14 20 20 20 20 26 26 26 6 6 6 6 6 10 10 8 8 10 8 8 8 8 27 27 27 27 26 26 26 26 26 23 
2 2 2 2 2 18 19 19 19 19 14 19 20 17 17 17 16 16 16 11 11 11 11 15 15 15 15 28 28 
2 2 2 1 32 32 2 1 2 2 32 1 20 20 26 26 26 27 8 8 8 8 8 8 8 8 8 8 8 8 21 21 8 8 8 30 27 27 
1 1 1 32 1 1 1 19 19 19 22 22 22 20 26 26 26 27 8 8 8 8 8 8 27 27 27 27 27 29 29 29 29 29 29 29 29 29 16 
19 19 13 13 1 22 19 22 20 28 24 24 5 5 5 5 5 
23 23 23 2 2 2 2 2 18 14 14 20 20 26 26 29 29 27 25 25 11 11 11 11 11 25 25 8 8 27 27 29 29 
2 2 2 2 2 2 2 23 3 4 4 4 4 4 9 9 9 9 9 9 9 9 9 9 
12 12 4 16 16 16 20 14 14 12 16 16 5 29 29 11 11 11 11 11 11 11 11 11 11 15 15 15 16 16 16 16 16 
32 32 32 32 32 32 32 14 14 19 28 25 25 25 25 25 25 25 25 25 5 5 26 3 
30 7 7 7 7 7 30 30 29 30 30 22 13 12 29 26 26 26 26 27 27 8 27 6 6 27 27 6 6 
3 3 3 14 12 12 16 16 16 16 16 15 11 11 11 11 11 16 16 16 16 16 
2 2 2 2 32 32 2 32 32 2 2 32 1 19 1 20 26 6 6 6 6 6 6 6 6 6 6 6 6 6 6 6 
32 32 32 19 19 19 19 1 20 17 15 15 11 11 29 11 11 16 16 16 
2 2 2 2 2 2 2 18 19 14 14 20 20 16 16 16 16 16 16 16 16 16 16 15 15 15 17 17 17 17 
1 1 1 1 1 1 1 14 14 14 14 14 20 15 15 15 15 11 11 
2 18 32 32 32 32 32 13 14 14 14 14 14 13 17 16 16 16 16 16 12 16 12 12 12 12 12 12 12 12 12 12 12 12 12 12 12 12 12 23 
31 31 29 29 29 29 27 27 29 29 29 29 5 5 5 5 5 5 29 29 29 5 26 
2 2 2 2 18 18 22 22 20 18 20 26 26 26 6 6 6 6 6 6 6 
1 32 32 32 32 32 32 13 13 13 13 13 14 16 16 15 15 15 15 15 11 15 11 15 11 11 11 11 11 11 11 14 11 11 
1 1 18 22 20 20 20 18 32 20 26 26 26 26 26 26 27 26 27 27 27 26 26 26 26 23 
18 18 18 18 18 18 22 17 17 17 17 15 24 24 15 15 15 15 15 15 15 15 12 
3 2 16 16 13 13 13 13 16 16 16 16 16 11 16 11 16 16 16 16 16 3 3 
1 1 19 22 22 22 22 17 17 17 17 17 15 15 11 11 11 11 11 11 11 11 15 15 15 17 17 17 17 17 
18 18 2 2 2 2 18 18 19 22 22 22 16 12 16 12 12 12 12 12 12 12 
2 2 2 2 2 32 32 13 13 13 14 14 13 12 16 12 12 12 12 12 12 12 12 12 12 
2 32 32 32 32 2 1 1 1 23 23 23 4 4 4 9 9 4 4 4 4 9 4 4 4 4 4 4 4 4 4 4 
31 31 1 1 1 31 1 1 19 19 19 20 28 29 5 5 5 5 5 5 5 5 5 5 5 5 5 5 5 5 24 24 24 24 24 28 28 
23 20 1 1 1 2 3 1 1 1 1 1 1 19 22 20 20 20 26 26 26 26 6 6 6 6 6 8 7 7 7 8 8 8 7 27 26 26 26 26 26 
22 17 26 26 8 8 8 10 10 10 10 8 8 8 8 10 21 21 21 21 30 30 30 29 29 
32 32 32 2 32 19 19 19 22 18 19 18 17 16 16 16 16 16 11 16 11 11 11 11 11 16 16 11 16 16 16 16 
19 18 1 32 32 32 32 32 32 32 32 32 19 19 19 19 20 20 20 20 28 28 28 28 27 27 27 27 29 29 29 29 29 
31 31 23 23 23 23 17 17 17 17 20 20 20 27 8 8 8 8 8 8 8 8 8 10 10 10 10 10 10 10 8 8 8 8 8 10 21 21 9 10 
2 2 2 2 32 32 18 18 22 22 20 20 20 20 26 27 27 8 30 10 10 30 10 10 10 10 30 30 30 30 27 27 27 27 
2 2 2 2 32 2 23 23 23 23 4 4 4 9 9 9 9 4 4 4 4 4 3 3 23 23 1 
2 2 1 1 1 19 19 3 1 3 26 26 26 26 27 27 27 27 27 27 26 26 26 
1 1 1 1 1 1 32 22 22 22 22 26 26 29 5 5 5 25 25 25 25 25 25 10 21 10 10 10 10 10 10 21 21 21 30 30 30 5 30 30 26 26 26 6 6 
32 32 32 32 1 23 23 23 23 4 4 4 9 9 9 9 9 9 9 9 9 9 9 4 4 
2 2 2 2 2 1 1 23 23 23 23 23 4 4 4 9 9 9 9 9 9 9 9 9 9 9 9 9 9 9 9 9 9 9 9 9 6 3 3 3 
13 14 16 7 4 4 26 4 4 29 29 29 29 29 29 29 29 29 29 26 3 3 3 3 3 
2 32 32 32 32 32 32 32 32 32 32 32 32 19 19 20 20 7 7 7 5 21 21 21 21 21 21 21 21 21 21 5 5 5 5 5 24 
32 32 1 32 32 32 32 32 32 19 19 19 19 20 7 7 7 21 10 21 10 10 10 10 10 10 10 21 21 30 7 29 12 16 
2 2 2 32 13 13 13 13 13 13 2 16 16 17 17 17 17 17 17 17 17 17 17 17 17 18 18 18 18 
3 23 23 23 2 23 23 17 17 20 20 18 18 26 27 8 8 8 8 8 8 8 8 8 8 8 27 27 27 8 27 27 26 
2 1 18 2 2 32 2 18 32 19 22 22 22 20 7 7 7 21 21 21 21 30 21 10 10 10 10 10 10 21 21 21 21 5 27 
23 18 17 17 18 26 7 20 26 26 26 27 27 8 8 8 8 8 8 8 8 8 8 8 8 8 8 27 27 
18 32 32 32 14 14 14 14 14 16 16 16 16 16 16 16 16 16 16 16 15 16 16 16 16 
6 6 6 2 18 19 19 19 7 7 30 30 10 21 21 21 21 10 21 21 21 21 21 21 21 30 30 30 29 30 29 29 7 28 20 
18 19 22 22 22 18 18 17 17 17 17 17 17 15 15 15 15 17 17 17 17 17 17 17 
2 2 2 2 2 2 2 2 18 19 22 20 20 20 26 26 26 27 27 6 6 6 6 6 6 6 6 6 6 6 3 
23 2 2 1 19 19 20 20 20 20 26 26 26 9 9 9 9 9 27 27 27 27 27 27 27 27 27 27 27 29 26 26 
2 2 2 2 2 2 2 2 2 18 19 22 22 22 20 20 26 6 6 6 6 8 7 7 7 6 7 7 
13 32 32 32 32 32 32 19 19 32 32 1 1 20 7 7 7 7 7 7 7 21 21 21 21 21 21 21 21 
32 32 32 19 22 22 22 28 24 24 24 24 24 24 24 24 24 24 24 24 24 24 24 24 24 24 24 24 
32 1 1 1 32 32 1 32 32 13 13 14 14 14 14 14 14 20 28 28 28 28 7 11 25 11 11 11 11 11 12 12 12 12 12 
1 1 13 13 32 32 32 13 32 32 19 19 19 19 13 7 7 7 7 7 7 7 10 10 10 10 10 10 10 10 10 10 21 21 21 30 30 
2 1 1 1 1 14 14 19 32 32 1 1 1 1 19 19 22 22 22 22 22 28 28 28 28 28 28 28 28 28 28 28 28 28 17 
32 32 1 1 23 23 23 23 4 4 4 4 9 9 9 4 4 4 4 4 4 29 29 29 29 
2 2 2 2 2 18 19 19 20 20 20 26 26 26 26 26 6 6 6 6 6 6 8 8 8 8 6 7 27 6 26 
20 18 18 18 22 22 18 18 20 20 17 16 17 17 16 17 17 
2 1 1 1 1 1 19 19 22 22 20 7 5 21 21 21 21 21 10 10 10 10 10 10 10 10 13 
3 2 2 13 13 18 18 16 16 16 16 16 16 16 16 16 
32 32 32 32 32 32 32 32 19 19 14 14 14 15 15 25 25 25 25 25 25 25 11 25 25 25 25 25 25 25 25 25 25 15 7 
23 23 23 23 1 1 18 22 22 20 20 26 26 26 26 26 27 27 27 27 27 27 26 26 26 26 26 26 23 23 23 23 23 23 3 23 23 23 
2 2 3 6 4 20 23 4 4 4 4 4 4 4 4 4 4 4 4 3 1 
2 32 1 32 32 1 32 2 32 19 19 22 22 22 19 12 15 16 11 12 12 12 12 12 12 
3 3 1 13 3 1 1 1 2 23 3 3 3 3 6 6 6 9 9 9 9 9 9 6 6 6 6 6 6 6 6 6 6 6 6 
32 32 32 32 32 32 32 14 1 20 28 25 25 25 25 25 25 25 25 25 25 25 25 25 25 5 6 7 
1 1 2 1 1 3 20 3 26 26 26 4 4 4 4 12 4 4 4 4 3 3 3 3 3 3 3 
2 2 2 2 2 2 2 23 23 23 4 4 4 4 4 9 4 4 4 4 4 
1 19 19 22 20 26 26 26 26 29 29 29 29 29 29 29 29 29 29 
1 1 1 1 19 19 6 6 1 1 3 26 6 6 9 9 9 9 9 9 6 9 9 
31 31 1 20 31 31 31 18 18 18 19 22 22 22 22 5 5 5 5 5 5 5 5 5 21 21 5 21 5 5 5 24 24 24 24 24 24 
1 1 1 1 1 1 18 22 22 22 20 20 20 7 6 6 6 10 10 10 10 10 10 10 10 10 10 10 8 8 21 8 5 
2 2 2 2 23 2 2 3 3 3 3 3 3 4 9 9 9 4 9 9 9 9 9 9 9 9 9 9 9 9 9 9 9 9 9 4 4 9 9 
23 23 23 2 2 2 2 2 2 3 3 23 23 4 4 4 4 4 4 9 3 
3 1 22 22 22 29 20 26 26 26 27 27 8 8 8 8 8 8 8 8 8 8 5 5 27 26 26 30 26 29 26 26 26 26 3 4 4 4 4 
20 20 20 23 20 18 22 22 22 22 26 26 26 27 27 27 29 29 29 5 27 29 29 29 29 29 29 
22 22 17 17 17 17 5 11 11 11 15 15 15 15 15 5 5 
32 32 32 32 32 32 32 32 19 19 22 19 1 1 28 28 28 28 28 28 28 28 28 28 28 28 28 28 28 28 22 1 
2 32 32 32 32 18 18 32 32 18 19 19 18 18 28 28 28 28 28 28 28 28 28 28 28 28 28 28 28 20 
23 23 23 23 23 23 23 2 2 23 23 2 2 2 2 2 2 2 1 1 2 18 22 22 20 20 20 26 27 27 27 8 8 30 30 30 30 30 30 30 30 30 30 30 30 27 30 
13 13 1 19 14 14 13 13 20 15 16 16 16 11 11 11 11 16 16 16 16 16 16 16 1 
32 32 32 32 32 32 32 32 32 32 32 32 32 32 32 32 32 32 32 19 20 26 26 26 6 6 6 6 6 6 6 6 6 
22 22 22 29 5 5 5 5 5 5 5 5 5 5 5 
1 1 1 1 1 1 1 1 1 1 1 1 13 10 13 13 12 12 11 11 11 11 11 11 11 11 15 16 
2 2 2 2 2 2 2 2 2 2 18 19 19 22 22 22 17 17 16 16 16 16 16 11 11 11 11 11 11 11 11 15 16 16 16 16 
18 18 1 32 32 32 32 32 1 1 1 1 1 1 20 26 27 27 8 8 8 8 8 8 8 10 10 10 10 9 
32 32 2 32 32 1 1 2 32 19 22 20 20 20 26 26 26 26 27 27 27 8 8 8 8 8 8 8 27 27 27 27 27 29 29 29 29 
2 1 1 1 1 1 3 3 4 6 6 6 6 6 6 6 6 6 27 27 27 27 27 27 27 
32 32 1 1 23 23 4 4 4 4 4 9 9 9 9 9 9 4 4 4 4 4 
2 32 32 2 32 32 32 18 14 14 14 14 16 16 16 16 16 16 16 16 16 16 16 16 16 16 16 16 
32 32 32 32 2 32 32 32 18 22 24 22 22 18 20 26 26 30 30 21 21 21 21 30 30 30 30 30 30 30 27 30 30 30 
2 2 2 18 18 19 20 20 20 26 26 6 8 9 9 8 8 8 7 8 8 8 6 6 6 
18 18 18 14 14 20 16 16 16 12 12 12 12 12 12 12 12 12 12 12 12 13 13 
32 32 32 32 32 32 32 32 19 20 20 20 3 26 26 26 27 27 27 27 27 27 27 27 27 27 6 27 8 6 6 27 8 8 7 7 6 7 7 7 
2 2 2 2 2 19 19 22 22 17 20 26 26 26 7 8 8 8 8 8 8 8 8 8 8 8 30 8 8 8 8 26 26 
2 2 2 2 32 2 32 32 32 32 1 1 32 32 32 32 1 1 1 1 23 23 3 4 4 4 4 9 9 9 9 9 4 4 4 4 4 4 23 
23 23 23 26 26 17 17 26 17 26 8 8 8 8 10 10 10 10 8 8 8 8 10 10 10 21 21 30 8 30 30 27 
22 22 24 22 24 24 24 24 24 5 24 5 5 21 21 21 21 21 8 5 25 24 24 24 
13 13 13 13 13 13 19 19 19 32 32 32 32 19 19 13 13 13 7 7 7 7 7 21 21 21 21 21 21 21 30 
1 1 1 32 32 19 19 19 19 22 20 28 28 28 28 28 28 28 28 28 28 28 28 28 28 16 16 12 12 12 
32 32 32 32 32 32 32 19 19 22 22 20 20 29 5 5 21 21 21 21 21 21 21 21 21 21 21 5 5 24 24 24 24 
13 13 1 14 14 14 20 1 1 20 16 15 16 11 11 11 11 11 11 12 12 12 12 12 13 1 
1 1 1 1 1 1 2 2 1 32 32 32 1 32 32 32 32 32 32 20 26 26 26 27 29 7 7 7 7 8 8 
19 20 26 26 26 6 6 6 6 8 8 8 8 8 8 8 8 11 8 6 
13 13 13 13 13 13 13 12 12 12 12 12 12 12 12 11 11 11 11 11 11 15 15 28 28 22 17 17 20 
1 1 1 1 1 19 22 7 21 22 20 26 26 29 27 27 27 8 27 27 27 27 27 
17 17 17 17 17 17 17 17 17 16 16 16 16 16 16 16 16 
32 32 32 2 18 18 32 19 19 19 14 14 14 16 16 16 11 11 11 11 11 11 11 11 11 11 11 11 11 11 11 16 16 
1 1 1 1 14 1 1 1 19 19 14 11 15 15 15 
32 32 32 32 32 1 1 18 19 19 19 14 17 17 17 17 17 16 16 16 16 16 11 11 11 11 11 11 11 11 11 11 16 16 16 16 16 
1 32 32 1 32 32 32 32 32 32 32 32 32 32 32 32 32 32 32 14 14 14 14 25 25 25 25 25 25 25 25 28 28 28 28 28 28 28 20 
1 1 32 32 32 32 32 32 32 1 1 1 32 32 32 32 1 32 32 32 32 19 22 22 19 32 28 28 28 28 28 28 28 28 28 28 28 28 28 28 24 24 24 24 
18 2 2 2 2 2 2 2 2 14 14 14 14 7 6 6 6 6 6 6 8 8 8 8 8 27 27 27 27 27 27 26 26 
2 2 1 32 32 32 32 19 19 1 1 28 28 28 28 28 28 28 28 28 28 28 28 28 28 28 1 
23 23 23 23 2 2 18 26 17 17 20 26 26 6 6 6 8 8 8 8 8 8 8 8 8 8 8 8 27 27 
1 1 1 1 1 32 13 1 3 3 6 6 6 6 6 10 10 10 10 10 10 10 10 10 10 10 10 10 10 10 10 10 8 10 10 
1 2 2 32 32 14 14 1 1 3 3 6 6 6 6 6 9 9 9 9 9 9 
2 2 2 2 32 32 19 19 19 22 20 12 12 12 12 12 12 12 12 12 12 12 12 
2 32 32 32 32 32 32 18 19 22 22 20 18 22 7 7 7 7 10 10 10 10 10 7 7 7 7 7 7 5 5 5 30 30 
32 32 1 1 1 1 1 1 23 26 26 26 26 27 27 27 27 27 27 27 27 27 27 27 26 
2 2 2 18 18 20 20 26 26 26 26 26 27 27 8 8 27 27 27 27 26 26 26 26 26 
2 2 2 2 2 2 23 23 4 4 9 9 9 9 9 9 9 9 9 9 9 9 3 3 3 1 
2 2 2 1 1 1 2 2 20 20 20 20 26 26 27 27 27 27 27 27 27 27 27 27 
14 14 13 13 13 19 19 19 19 19 28 28 28 25 25 25 25 25 25 25 25 25 25 25 25 25 11 11 11 11 12 13 
2 2 23 23 23 23 4 4 4 4 4 4 4 4 4 3 3 1 1 1 
6 26 3 3 3 3 3 3 3 13 10 12 12 12 12 10 10 10 10 10 10 10 30 30 30 30 10 10 10 10 10 10 10 10 10 10 10 10 10 10 10 10 10 
2 2 2 2 2 18 17 17 18 18 26 26 26 26 27 27 27 27 26 26 27 26 
13 13 14 14 14 14 20 7 7 7 7 7 30 30 30 30 30 30 30 30 30 30 30 30 30 30 30 30 30 
2 2 2 3 18 18 18 22 7 7 26 26 26 26 8 8 8 8 8 8 8 8 
13 14 14 19 28 28 28 25 25 25 25 25 25 25 25 25 25 25 25 25 25 25 25 25 25 25 25 28 12 9 9 9 1 
1 1 1 1 2 1 13 14 14 14 1 16 16 16 12 12 11 11 11 11 11 11 11 11 11 11 12 11 16 16 16 17 
14 14 14 14 14 14 15 15 15 15 11 11 11 15 15 15 15 15 11 15 15 12 12 12 
6 6 6 6 13 3 3 6 19 19 7 6 13 13 6 6 6 6 10 10 10 10 10 10 10 10 10 10 10 10 10 10 10 10 10 10 10 10 10 10 10 10 10 10 13 13 13 
2 2 2 2 18 2 18 20 20 20 26 26 6 6 6 8 8 10 7 10 10 10 10 21 10 10 8 8 8 7 
2 23 23 23 23 18 17 22 20 20 20 6 27 27 8 7 10 10 10 10 10 10 10 8 10 8 8 8 8 27 27 27 27 27 
1 1 1 1 1 1 1 1 1 1 19 19 28 28 22 17 17 17 17 17 17 17 28 17 28 17 17 17 17 17 17 17 17 17 
18 32 32 32 1 1 19 19 1 19 19 28 15 15 15 15 15 15 15 15 15 15 15 15 15 15 15 17 17 
32 32 32 32 32 32 32 32 32 32 32 32 20 20 20 7 7 7 7 7 7 7 7 7 7 7 7 7 7 7 7 7 6 6 
18 18 18 32 18 18 18 19 14 19 19 19 19 22 17 15 15 15 15 15 15 15 29 16 29 29 4 
1 1 1 23 23 1 2 23 23 23 4 4 4 4 4 26 26 26 26 
13 13 13 13 13 12 12 12 12 10 10 10 10 5 6 7 6 26 
2 1 1 1 2 2 2 32 19 22 22 28 7 5 5 21 21 21 21 21 10 10 10 10 10 21 10 21 21 21 
2 2 2 32 18 22 22 22 20 20 26 26 26 27 27 27 27 27 30 30 30 30 30 30 27 27 27 27 29 29 29 
32 32 32 32 32 2 2 2 32 2 1 32 32 32 32 32 32 32 32 32 32 32 19 19 19 7 30 30 30 30 30 30 30 30 30 30 30 
2 2 2 2 13 13 3 3 23 3 4 4 4 4 9 9 9 9 9 9 9 9 9 9 9 9 9 9 9 9 9 9 9 9 9 
2 2 2 2 2 2 32 1 1 1 2 3 4 4 4 4 4 4 9 9 9 9 9 9 9 9 4 4 4 4 4 3 3 3 3 3 
32 32 32 1 32 19 19 22 22 5 5 5 25 25 25 21 21 21 21 21 21 21 21 21 21 21 21 5 
3 3 2 2 19 22 22 20 20 20 6 6 6 6 8 8 8 8 8 8 8 8 8 8 8 8 8 8 7 27 6 6 6 6 6 6 6 6 6 6 
32 32 32 32 32 32 32 32 32 32 32 19 22 22 22 22 20 28 28 28 28 25 25 25 25 25 25 25 25 25 25 25 25 25 25 25 25 25 25 24 24 24 24 24 24 24 31 31 31 31 31 31 31 31 31 31 
20 1 1 1 1 19 19 22 20 20 26 26 26 26 27 27 27 27 27 27 27 27 27 26 26 26 26 26 23 23 3 3 3 23 3 3 3 1 
32 32 32 32 32 32 32 14 14 14 14 14 16 5 5 25 25 25 25 25 25 25 25 25 11 5 5 16 16 3 
19 19 32 32 32 32 32 32 32 19 19 19 19 20 20 28 5 7 5 7 25 7 
18 18 13 14 14 13 3 16 15 15 15 15 15 11 11 11 11 11 11 11 11 11 16 16 
1 2 1 1 1 1 2 2 18 18 20 20 26 26 26 26 27 6 9 8 7 8 8 8 21 8 8 8 8 27 27 29 29 29 29 26 
32 32 32 13 32 32 32 20 20 5 5 25 25 25 25 25 25 5 5 7 7 7 7 
20 20 26 26 26 27 27 27 27 27 27 27 27 27 29 29 29 26 26 26 26 
2 2 2 2 2 2 2 18 18 22 22 22 22 17 29 24 24 24 24 24 24 24 24 24 24 24 31 31 
32 1 1 32 32 32 32 32 18 19 22 22 22 22 22 20 26 26 26 27 27 27 27 27 27 29 29 29 24 29 31 31 31 31 31 31 
1 1 32 32 32 32 32 32 32 32 14 14 14 14 14 14 14 28 28 11 11 11 11 11 11 12 12 12 1 
11 11 11 7 13 13 12 12 12 12 12 5 5 5 5 5 5 5 5 24 24 30 30 27 6 27 
2 2 2 2 2 2 2 2 18 18 22 20 20 20 26 26 26 26 26 27 27 27 27 27 26 26 26 26 26 26 
2 2 32 18 18 1 1 1 3 26 26 26 6 6 6 3 3 3 3 3 1 
5 5 5 5 5 5 5 5 5 5 5 5 5 5 
32 32 32 32 32 32 19 19 32 32 18 17 17 24 24 24 24 24 24 25 25 25 25 25 24 24 24 24 24 24 24 
1 1 1 32 32 32 1 32 32 32 1 32 32 32 32 32 19 19 22 22 19 19 20 28 28 28 28 28 28 28 28 28 28 1 
2 2 2 2 2 2 2 2 18 22 22 20 17 26 26 26 26 27 27 27 27 27 27 27 27 27 27 27 27 27 26 
32 32 1 2 2 32 32 32 32 32 19 19 22 19 19 20 7 7 7 7 7 7 7 7 7 7 7 7 7 7 7 7 7 
32 32 32 32 32 2 32 19 19 19 20 20 7 7 7 7 7 7 7 7 7 7 7 30 21 21 30 30 30 21 30 
20 3 3 3 1 1 3 3 3 3 4 26 26 4 4 4 4 4 4 16 16 16 16 16 16 16 
19 19 22 28 28 25 25 25 25 25 25 25 25 25 25 25 25 25 25 25 25 25 25 25 25 25 5 28 28 28 
2 2 2 2 2 2 2 2 2 2 13 13 13 12 12 20 3 26 26 26 6 6 6 6 6 6 6 6 27 27 26 
23 1 1 1 1 1 23 23 23 23 23 23 23 23 23 23 2 
32 1 1 32 32 32 32 32 32 32 32 23 23 23 23 23 4 4 4 4 9 9 9 9 9 4 4 4 4 4 4 23 23 
2 32 2 2 2 18 1 18 22 22 22 22 20 20 29 5 5 5 7 30 30 30 30 30 10 30 30 10 10 30 10 
2 2 2 2 32 32 32 19 19 19 19 18 19 12 12 16 11 11 11 11 11 11 11 11 12 12 12 12 12 12 12 12 12 
1 1 19 22 22 22 20 28 28 28 28 28 28 28 28 28 28 28 28 28 28 28 28 28 28 
1 1 32 1 1 1 2 32 32 32 14 14 14 14 14 15 15 15 15 15 15 15 15 15 15 11 11 
32 2 32 19 18 19 20 20 3 26 6 6 6 6 6 6 6 6 6 6 3 3 3 
13 13 13 13 13 3 3 3 3 13 7 22 17 20 26 8 8 8 8 8 8 8 8 8 8 8 8 8 8 8 10 8 8 8 8 8 8 8 8 8 7 6 12 
1 1 2 2 19 22 22 22 17 17 17 16 16 11 11 11 11 11 11 11 11 11 11 11 11 11 15 15 15 17 17 
13 13 20 1 1 14 14 19 19 20 7 7 7 7 7 7 10 7 7 10 10 10 10 10 10 10 10 10 10 7 10 10 7 7 7 7 7 7 7 7 7 7 
19 1 1 13 13 22 22 22 19 22 28 28 24 24 5 5 25 25 25 25 25 25 25 5 5 5 5 5 28 5 5 5 30 
1 1 1 1 2 2 32 19 19 19 19 20 7 30 30 30 30 30 30 30 30 30 30 30 30 30 29 17 31 26 26 
22 22 22 28 28 28 28 28 28 28 25 28 11 11 25 25 11 25 25 25 25 25 25 25 25 25 25 25 25 25 25 25 
1 32 32 32 32 32 32 32 14 14 14 14 28 25 25 25 25 25 25 25 25 25 25 25 25 25 25 25 25 25 25 25 25 25 25 25 25 25 7 28 14 
7 6 6 6 6 3 3 1 20 22 22 22 20 20 26 6 6 6 6 8 8 8 10 10 10 10 10 21 30 27 27 27 
32 32 32 32 32 19 19 19 20 7 7 7 7 7 10 10 10 10 10 10 10 10 10 30 30 30 30 30 
1 1 13 13 13 13 14 12 12 12 12 12 12 12 12 12 11 10 11 11 11 11 11 11 15 15 15 15 
1 1 1 1 1 1 19 22 22 20 26 26 26 27 27 27 8 8 8 8 8 27 27 27 6 26 26 26 6 3 
2 2 32 32 32 2 2 18 18 2 1 29 29 27 27 27 27 30 30 30 30 30 30 30 7 7 7 7 7 7 6 6 6 6 3 
2 1 1 1 1 1 1 1 19 22 22 22 18 20 28 15 15 11 11 11 12 12 12 12 12 12 12 
1 13 32 13 13 13 13 13 13 12 16 12 12 15 15 12 
32 32 32 32 32 19 19 22 22 22 22 28 28 28 28 28 25 25 25 25 25 25 25 25 25 25 25 25 25 24 24 24 24 24 24 24 24 
19 19 19 19 19 19 19 19 28 28 28 28 12 
31 31 2 31 1 1 19 19 18 18 18 20 20 29 29 5 5 5 5 21 21 21 21 21 21 21 21 21 21 21 5 5 5 5 5 29 29 29 
32 32 32 32 19 22 22 22 19 20 28 28 28 28 28 28 28 28 28 28 28 28 28 28 28 28 28 28 20 
19 19 19 22 7 5 5 21 21 21 21 21 21 21 21 21 21 21 21 21 21 21 5 5 5 5 5 5 26 26 6 6 6 6 3 
32 32 32 19 19 19 19 19 28 15 15 15 11 11 11 11 12 12 
13 13 13 1 14 14 14 14 14 14 15 15 15 15 15 15 15 15 15 15 15 15 15 15 15 15 15 15 16 
13 13 13 13 13 13 13 13 13 13 13 13 13 14 14 13 13 12 11 5 5 5 25 5 5 5 24 24 24 24 24 17 17 
2 1 1 32 32 1 32 32 32 32 32 32 32 1 1 1 3 3 3 6 6 6 6 6 6 27 27 27 27 
1 1 1 20 20 20 26 26 29 29 30 10 10 10 10 10 30 30 30 30 30 30 30 30 23 
2 2 2 2 2 2 2 2 20 20 20 20 19 20 26 6 6 6 6 6 6 6 6 
2 2 2 2 2 32 18 22 22 22 22 22 22 22 30 5 5 7 10 10 8 10 10 10 8 8 8 10 8 8 
31 31 22 22 22 28 24 24 24 24 25 25 5 5 5 24 24 24 24 24 24 24 24 
2 2 2 2 3 3 3 26 2 4 4 4 4 4 4 4 4 4 9 4 4 4 4 4 4 4 4 4 4 
32 32 1 32 32 19 19 14 14 20 20 7 7 7 7 7 7 10 12 12 13 
3 3 6 6 6 6 6 8 8 8 8 8 8 8 8 8 8 8 8 8 8 8 8 8 8 8 8 27 27 6 6 6 6 6 26 6 
32 32 32 32 32 19 20 20 20 29 5 5 21 21 21 21 21 21 21 21 21 21 21 21 21 21 30 21 5 5 5 5 
1 1 32 32 32 32 32 32 32 32 32 19 19 19 20 20 7 7 7 7 7 10 7 7 7 13 13 13 7 7 7 7 7 19 19 19 20 20 
32 2 32 32 32 32 2 2 32 32 32 32 1 20 26 26 27 27 6 6 6 6 30 30 30 30 30 30 6 6 6 27 
23 2 2 2 32 19 26 20 26 26 26 26 29 29 27 27 27 27 27 27 27 27 29 29 
17 17 17 26 26 8 8 8 8 8 8 8 8 8 10 8 10 10 10 10 10 10 
3 1 2 2 1 1 20 6 6 6 6 6 6 6 8 8 8 8 8 8 8 8 8 8 8 8 8 
32 32 32 18 18 32 32 32 18 19 19 22 17 15 15 15 15 15 15 15 15 15 15 15 16 16 
18 18 19 22 22 22 19 18 17 17 16 16 11 12 11 11 12 11 11 11 11 11 15 16 17 16 
1 1 1 1 1 1 1 1 1 1 1 1 1 23 23 23 4 4 4 4 4 4 4 4 4 4 4 4 4 4 4 4 4 
13 13 13 32 32 13 1 32 32 13 32 32 19 20 20 7 29 7 7 7 7 7 7 7 7 10 10 7 7 7 7 7 30 30 30 29 27 29 
1 1 1 32 32 32 32 32 32 19 19 19 19 20 7 7 7 25 21 21 21 21 21 21 21 21 21 21 21 5 5 5 5 
14 14 14 19 7 7 7 7 10 21 10 30 21 30 30 30 30 30 30 
2 2 2 2 2 18 22 22 22 20 20 26 26 26 27 27 27 27 27 27 6 6 6 6 
1 1 1 1 1 1 1 23 23 23 23 4 4 4 9 9 9 9 9 9 9 9 9 9 9 9 9 9 9 9 9 9 9 9 9 9 9 9 9 6 3 3 9 3 3 1 
32 32 32 32 32 32 32 13 14 13 13 12 12 12 12 11 11 11 11 12 12 12 
1 2 2 2 2 2 2 18 18 18 20 26 26 26 26 6 6 8 8 8 8 8 8 8 8 10 10 8 8 8 8 21 8 8 
1 2 1 1 13 14 14 3 3 3 3 3 4 4 4 4 4 9 9 4 4 4 4 4 4 4 4 
1 1 2 2 2 2 2 2 13 13 13 14 19 17 15 15 15 11 11 11 11 11 11 11 11 11 11 11 
2 2 2 2 2 2 32 32 18 19 19 18 18 20 20 20 29 7 7 7 21 21 21 21 21 21 21 21 21 7 30 30 30 29 
2 2 2 32 32 32 32 32 13 13 14 14 14 3 3 26 26 26 26 26 26 26 26 26 26 26 23 23 23 23 23 
2 2 2 2 2 2 2 23 23 26 26 27 27 27 27 27 27 27 27 27 27 27 27 27 27 27 27 27 27 27 27 27 
13 13 13 13 13 1 13 1 13 13 19 19 14 14 28 12 12 12 11 11 11 11 11 11 11 11 11 11 11 11 11 11 11 11 10 
2 23 23 23 23 23 4 4 4 4 4 4 4 29 29 29 
1 1 13 3 4 23 4 4 4 4 4 4 4 4 4 4 3 3 3 
32 32 2 2 2 2 2 32 18 18 22 22 22 22 22 30 30 30 30 30 30 30 30 30 21 30 21 21 21 21 30 30 30 
19 19 14 14 28 28 28 25 25 25 25 25 25 25 25 25 25 25 25 28 28 28 28 28 25 
2 32 13 13 13 13 14 14 20 16 16 4 16 16 16 15 15 15 16 16 17 17 
7 7 28 6 6 10 10 10 10 8 10 10 10 10 10 10 10 10 10 30 30 30 30 30 26 
14 16 16 1 1 14 14 14 14 14 14 14 22 17 15 15 15 15 15 15 15 15 15 15 15 15 15 15 15 15 11 11 11 
2 2 2 2 18 19 19 22 22 22 18 20 16 16 16 16 16 12 12 12 12 12 12 12 
18 18 18 18 18 18 18 18 18 14 14 18 16 16 16 16 16 11 11 11 11 11 11 11 11 11 11 11 11 11 11 11 11 11 11 11 11 12 12 12 12 11 
1 32 2 32 32 13 13 13 13 13 13 16 16 16 16 11 11 11 11 11 11 11 15 11 11 15 15 15 15 16 16 
23 23 2 2 1 18 22 22 20 20 20 27 8 8 8 8 10 10 10 10 10 10 10 10 10 10 10 10 10 10 6 6 
32 32 32 32 32 32 32 32 19 19 19 19 1 20 28 28 28 28 28 28 28 28 28 28 28 28 28 28 28 28 20 20 1 
13 13 2 32 2 2 2 14 14 13 13 13 7 7 10 10 10 10 10 10 10 10 30 10 10 10 10 10 10 7 10 10 10 10 10 10 10 10 30 30 7 7 7 7 
2 2 2 2 13 13 13 13 13 18 16 16 16 16 16 16 16 16 11 11 11 11 11 11 16 11 
32 2 1 1 32 2 2 32 32 32 13 14 14 14 14 20 7 12 12 12 12 12 12 11 11 12 10 10 12 12 12 
23 18 22 22 17 29 29 5 5 27 8 8 10 10 10 10 10 10 10 10 10 21 10 8 8 8 5 
2 32 1 1 23 23 23 4 4 9 9 9 9 9 9 9 9 9 9 
2 2 2 32 2 2 2 2 19 19 20 26 26 26 27 8 8 8 8 8 8 8 8 8 8 8 8 8 8 9 6 
18 2 2 2 2 2 1 32 32 1 2 32 14 14 14 14 14 12 12 12 12 11 11 11 11 11 11 11 11 11 11 11 11 11 11 11 11 12 12 
