31 2 2 18 2 2 32 32 18 22 22 22 22 22 22 22 22 22 22 5 21 21 21 21 21 21 21 7 21 21 21 10 10 10 10 7 
1 1 1 1 2 2 32 1 1 32 13 13 22 22 20 14 14 14 19 22 7 7 7 7 10 10 10 10 10 10 10 10 10 10 10 10 10 21 21 21 21 8 
18 19 18 19 19 19 19 19 22 28 28 25 28 11 11 11 11 11 11 15 15 15 15 15 15 17 17 17 
32 2 2 2 2 2 2 18 18 22 22 22 22 22 22 22 21 21 21 21 21 21 21 21 30 30 8 8 7 7 7 7 27 7 26 26 
2 2 2 2 18 18 22 20 20 20 20 20 7 7 6 6 6 6 6 6 6 6 6 27 26 6 26 26 26 26 
23 2 2 2 2 18 22 22 20 20 20 20 20 20 7 30 30 30 30 30 30 30 30 30 30 30 30 30 30 30 30 27 27 26 27 
32 32 32 19 19 19 19 19 18 19 19 19 22 20 28 28 28 16 16 16 16 16 16 16 16 18 
18 18 18 18 18 19 14 14 17 14 16 16 16 16 16 25 25 25 11 11 15 15 15 16 16 16 16 16 17 
18 18 18 18 18 19 19 19 19 14 14 14 28 22 11 11 11 11 11 11 11 11 15 15 15 15 17 
18 18 18 18 18 18 18 19 19 19 14 28 22 14 28 29 29 28 11 11 5 28 28 28 28 5 29 20 20 20 
2 2 2 2 2 2 22 22 22 22 18 26 26 26 26 27 27 27 27 27 27 27 8 8 8 27 27 27 27 27 
2 2 2 2 2 32 2 32 32 32 32 20 20 20 23 26 26 26 26 27 27 27 27 8 8 10 10 10 8 8 8 6 6 6 6 6 
19 14 14 19 14 13 14 14 14 21 14 14 14 14 14 14 14 14 13 14 21 21 21 14 14 13 21 10 12 12 11 11 11 11 11 11 11 11 15 15 15 15 15 
2 2 2 2 18 18 18 22 22 28 28 20 7 21 5 8 21 8 8 8 8 8 8 8 8 8 8 27 26 26 26 
18 18 17 17 22 18 17 17 5 12 12 12 12 12 12 11 11 11 11 11 15 15 16 16 17 16 
2 2 2 18 18 22 22 22 22 22 22 21 21 21 22 21 21 5 8 8 8 8 8 8 8 8 8 5 5 5 5 29 
32 32 1 1 32 22 22 22 22 22 22 19 19 19 19 19 19 19 19 28 28 28 28 28 28 28 24 24 24 
2 18 18 20 20 20 20 23 23 4 4 4 4 4 4 4 4 4 4 4 4 4 4 3 
22 14 14 14 14 14 14 14 14 14 14 14 14 14 14 14 14 14 13 13 25 14 14 14 14 11 12 11 11 11 11 11 11 11 11 15 15 15 15 
20 3 1 1 20 18 1 20 20 22 22 22 22 22 22 22 22 22 22 30 30 30 30 27 27 27 27 27 27 26 26 26 
10 10 25 25 25 25 25 25 25 25 25 25 25 5 5 5 
2 2 2 2 2 2 2 18 18 22 22 18 22 20 26 27 8 7 21 10 10 10 10 10 10 10 10 10 5 5 29 29 29 26 29 26 18 
1 20 20 20 20 18 20 20 19 19 19 19 19 19 19 6 6 6 6 27 30 30 30 27 27 27 27 26 26 23 
31 18 18 17 17 15 15 16 16 14 16 16 16 16 16 16 16 16 16 16 16 16 16 16 16 16 
32 32 32 32 32 1 32 32 19 19 19 20 1 32 32 13 13 13 6 6 6 6 6 6 6 6 6 6 6 6 6 26 
18 18 18 22 18 13 18 18 13 12 12 12 12 12 12 12 12 11 11 12 16 16 15 16 17 17 17 
18 18 18 18 19 14 22 17 17 17 16 16 16 12 11 11 11 11 11 16 16 16 16 16 16 16 16 16 16 
7 14 11 11 14 14 14 14 14 21 10 10 25 10 10 10 21 10 10 10 6 10 10 10 10 10 10 10 10 10 10 30 30 30 29 29 29 26 26 26 
32 32 32 32 1 1 1 32 32 32 32 32 32 32 1 32 32 32 32 32 19 20 20 20 20 13 13 13 13 13 19 19 13 19 13 13 13 6 6 6 6 6 13 7 6 6 6 13 
2 2 32 32 2 2 2 2 19 19 22 14 19 19 14 19 21 13 13 13 10 13 13 10 7 7 7 10 10 10 12 12 12 12 
2 2 2 2 2 1 1 3 3 3 3 3 3 9 9 9 4 4 4 4 4 4 3 3 3 3 
1 1 1 1 2 1 13 13 13 32 32 32 1 1 2 1 3 3 3 9 9 9 9 9 9 9 4 4 4 4 4 4 
22 22 22 22 22 22 22 28 28 28 28 28 19 7 28 28 28 28 25 5 28 5 28 24 24 5 24 24 24 17 16 13 13 
2 2 1 2 32 32 1 32 32 19 19 7 7 19 14 20 7 7 7 21 21 21 21 7 7 6 6 6 6 6 6 6 6 6 6 6 6 
2 3 3 1 1 1 19 20 22 20 20 18 20 7 30 22 7 7 6 6 27 6 6 8 8 8 6 6 6 6 10 30 30 30 30 
2 2 2 2 2 18 2 18 22 22 22 22 22 22 22 22 19 19 21 21 21 21 21 7 10 21 21 21 21 21 21 21 21 21 27 27 27 
1 1 1 1 1 1 1 1 1 1 20 20 20 3 3 3 9 9 9 6 6 9 9 9 9 9 9 9 9 9 9 9 9 9 9 9 9 9 9 
13 13 32 32 32 32 1 32 32 32 32 32 32 32 1 19 19 19 22 14 14 14 14 19 21 14 14 21 21 21 21 13 10 10 10 10 21 21 21 21 21 21 21 21 5 5 5 
2 2 23 2 18 22 22 22 18 18 22 19 30 30 6 6 6 6 10 10 10 10 30 30 30 30 26 
1 1 2 2 1 1 1 20 26 26 3 4 9 9 9 4 4 4 4 4 4 23 23 26 23 3 3 
32 2 2 2 18 1 1 2 2 1 2 23 23 3 3 3 3 3 3 3 4 4 4 4 4 4 23 23 
1 1 32 32 32 32 32 32 32 32 32 32 32 32 32 32 1 32 32 32 14 14 14 14 14 14 14 14 25 14 14 14 14 14 14 14 25 25 10 10 8 25 25 25 25 25 25 25 5 15 5 
32 32 1 1 32 32 32 32 32 1 1 1 1 32 32 32 32 22 22 20 22 19 19 19 19 21 14 14 14 14 14 14 14 14 14 14 14 14 14 14 14 14 14 14 13 10 10 10 10 21 21 21 21 21 21 21 5 5 5 26 
2 2 2 2 2 18 18 19 20 20 20 1 1 1 32 13 6 6 6 6 6 6 6 6 6 27 27 27 27 27 26 26 3 3 
18 18 13 16 12 12 12 7 7 12 11 11 15 15 16 16 
32 32 32 32 32 18 22 22 22 22 22 22 19 19 22 19 19 19 14 19 19 19 28 28 28 25 25 24 24 24 24 24 24 24 31 31 22 
13 13 13 13 13 13 13 13 7 25 14 14 14 14 11 14 11 14 14 12 12 12 10 10 11 11 25 25 15 5 15 
26 23 26 26 23 26 26 17 17 17 29 20 22 5 5 5 22 30 10 30 30 10 10 10 8 27 8 8 27 27 27 27 27 26 26 
18 18 18 22 31 18 22 1 19 19 14 14 13 19 14 14 19 13 13 21 25 25 25 25 25 25 25 25 25 28 28 
18 19 32 32 32 32 32 32 32 32 32 32 18 19 19 22 19 22 19 19 19 14 14 19 19 19 13 13 13 7 7 7 30 21 21 21 21 21 5 5 29 29 29 31 31 
7 29 29 29 29 29 24 24 30 30 30 26 27 30 5 5 5 5 5 29 
2 23 2 2 2 2 2 18 18 18 18 22 22 22 22 22 19 22 22 22 22 22 19 19 30 30 30 30 30 27 26 26 26 26 23 
32 1 2 2 2 1 14 14 14 14 20 7 7 30 30 30 30 30 30 30 30 30 30 27 27 27 27 26 
2 2 2 2 2 2 18 22 22 22 22 22 22 19 22 22 22 22 22 21 21 21 21 21 21 21 21 21 10 10 10 10 7 7 7 6 
19 19 1 19 19 19 18 19 7 20 22 22 21 21 21 22 22 30 30 30 30 24 24 24 24 24 24 24 
3 3 3 3 3 29 17 17 17 17 29 17 29 5 5 5 21 21 5 5 5 30 30 30 10 10 10 30 30 30 27 27 27 29 29 
2 2 2 2 18 18 18 22 22 20 20 18 17 7 7 7 7 6 6 6 6 6 6 6 6 6 6 6 6 6 
2 2 2 2 2 18 19 19 22 20 20 20 20 7 21 21 21 21 21 27 27 6 6 6 6 6 26 26 26 
2 2 2 18 18 18 22 7 22 17 7 21 17 5 14 7 5 5 5 30 21 21 21 21 21 21 21 21 30 30 30 5 5 
17 17 26 19 17 18 22 22 17 17 17 22 22 22 22 21 30 30 10 30 10 10 10 10 8 30 30 27 6 6 6 6 6 6 
1 32 32 32 2 32 32 32 32 32 32 32 32 32 32 32 19 19 19 32 32 19 19 1 19 13 13 13 3 6 6 6 6 6 27 27 27 27 26 26 
2 2 2 2 18 2 2 18 18 22 22 19 19 19 19 22 22 21 21 21 21 19 21 21 10 10 10 30 30 10 10 30 30 30 30 
17 17 17 18 18 18 14 22 22 22 14 14 11 11 16 15 11 11 28 11 11 11 15 15 24 24 17 17 20 
2 2 2 2 2 2 32 1 18 22 22 22 22 22 22 21 21 21 21 21 5 30 30 8 5 5 5 5 5 5 29 
1 1 2 2 2 2 2 2 2 2 2 3 3 3 3 3 3 3 4 4 4 
18 18 18 18 18 14 14 19 18 14 14 14 14 14 14 13 14 14 7 13 12 12 12 12 12 12 12 12 16 
20 20 20 23 18 20 18 22 22 20 20 7 27 27 8 8 8 8 8 8 8 8 8 8 10 10 10 10 10 8 10 10 6 14 7 
2 2 2 2 2 2 18 22 22 22 20 20 22 22 22 30 30 8 10 10 10 10 10 10 10 10 10 10 10 10 8 8 6 6 
2 2 2 2 2 1 1 22 22 22 22 17 22 22 22 22 21 21 21 21 21 21 21 7 27 30 30 7 7 7 27 26 26 
23 2 23 23 22 28 28 22 24 22 17 20 26 8 8 8 8 8 8 8 8 8 8 8 
2 2 2 2 2 2 32 32 1 1 1 13 13 19 19 6 6 6 32 6 3 3 3 26 26 26 26 23 23 23 
1 1 1 1 1 1 1 20 26 3 3 9 9 9 9 9 9 9 9 9 9 9 27 27 6 
1 1 1 1 1 1 1 1 32 1 1 1 1 1 1 13 3 3 3 9 9 9 9 9 9 9 9 9 9 9 9 9 9 9 9 9 9 9 9 3 3 
18 18 18 22 22 22 14 22 28 11 14 14 13 5 11 11 11 11 11 11 11 11 11 11 15 15 15 15 16 16 16 
18 18 18 18 18 20 18 13 30 30 16 3 9 12 7 30 30 30 12 12 16 16 16 17 16 16 16 
2 2 2 2 1 1 1 2 1 3 3 3 3 3 9 9 9 9 9 4 4 4 4 4 4 4 4 3 3 3 
14 14 14 14 14 14 14 14 14 14 14 14 14 14 14 14 14 14 14 14 21 13 13 11 11 13 13 11 12 12 11 11 11 11 11 11 15 15 15 15 16 
2 2 2 2 2 2 32 2 18 18 19 22 22 20 22 22 22 21 21 21 21 21 21 7 6 6 6 6 27 6 6 27 27 26 26 30 30 30 
23 18 17 17 17 20 20 20 27 27 8 8 8 8 8 8 8 8 8 30 30 30 30 30 30 30 
