19 19 20 7 27 27 26 26 26 26 26 
2 32 32 32 32 32 32 13 13 13 13 13 13 13 14 14 13 14 14 19 13 13 13 20 7 7 7 29 29 20 20 
18 18 18 18 19 19 19 14 14 14 14 14 14 14 14 14 14 13 13 13 13 13 12 10 10 10 12 12 12 9 12 
2 2 2 2 2 2 2 2 32 1 2 2 2 23 23 23 23 23 2 2 2 23 23 23 2 
18 18 18 18 18 18 19 20 19 22 19 22 28 11 11 11 11 11 11 11 11 11 11 11 16 16 16 17 
2 13 2 3 3 2 13 13 2 18 17 17 17 17 17 17 17 17 17 17 17 17 17 17 17 17 31 31 18 18 18 18 18 18 
19 19 13 14 14 18 19 19 14 14 14 14 14 14 14 14 14 14 14 14 14 14 14 14 13 13 12 12 10 12 12 12 12 12 12 3 
31 31 31 31 26 26 26 26 26 16 16 16 16 25 15 16 16 16 8 8 21 8 8 8 8 8 8 8 27 27 29 26 
21 7 7 21 21 7 22 7 14 14 22 22 22 21 21 21 21 21 30 30 30 30 
2 2 19 19 22 20 20 19 20 20 13 12 12 4 16 12 16 16 16 16 16 16 2 
20 3 1 1 1 1 2 2 1 1 1 32 1 1 1 32 1 1 1 32 1 32 3 3 3 6 6 6 6 9 9 3 
1 1 1 1 32 19 31 31 31 31 31 31 31 31 31 31 31 31 31 31 31 31 31 31 31 31 
2 2 2 2 2 2 2 2 2 19 22 22 22 22 22 22 22 22 22 22 22 19 22 22 22 30 30 30 30 5 29 29 26 
19 14 14 14 14 14 14 14 14 14 14 14 1 14 14 14 14 14 20 20 28 28 15 15 15 15 17 17 
14 11 14 14 14 14 14 14 14 14 14 14 19 22 28 28 28 28 22 22 29 29 
13 3 6 8 10 10 10 10 10 10 10 10 10 10 12 15 4 4 6 6 
1 32 1 1 1 1 1 19 19 19 19 19 22 19 19 19 19 19 19 18 19 28 28 28 24 24 28 28 28 28 
2 2 2 2 13 13 13 13 12 13 
1 2 2 2 2 13 13 13 2 13 13 13 13 13 13 13 13 13 13 13 13 12 12 12 12 12 16 16 16 16 16 16 
14 14 19 14 14 14 14 14 7 8 10 10 10 25 25 25 25 25 25 21 21 21 21 5 
2 18 31 31 31 31 31 31 31 31 31 31 31 23 
1 2 2 1 2 2 2 2 32 13 13 13 13 13 13 13 13 13 13 13 13 13 13 3 12 12 12 16 16 16 16 16 2 
19 14 14 14 19 19 19 19 19 19 19 19 19 22 22 22 28 28 22 20 20 20 18 
2 1 1 1 1 1 1 1 1 13 13 13 1 1 1 1 1 1 1 13 1 3 3 12 9 9 9 9 9 4 3 3 3 3 
1 1 1 1 32 32 32 32 32 32 14 14 14 14 14 14 1 1 1 1 19 1 20 20 28 28 28 28 
13 13 13 13 13 22 13 31 31 31 31 31 31 31 31 31 24 24 26 26 26 
2 2 2 2 1 2 2 1 2 1 1 1 1 13 13 1 3 3 3 3 9 9 4 
3 3 2 2 2 2 2 2 18 22 17 17 17 28 22 22 28 7 7 21 21 8 6 6 27 27 27 27 27 26 26 26 23 
2 2 32 2 2 2 2 2 32 13 13 13 13 14 13 14 14 14 14 14 14 14 14 14 16 16 16 16 16 16 16 16 16 16 18 18 
2 2 2 2 2 13 3 3 2 2 2 2 13 13 32 32 13 13 3 3 3 9 9 9 9 3 3 3 3 
32 2 1 1 1 32 19 19 22 19 32 19 19 13 19 19 19 19 19 19 13 7 7 7 7 6 6 3 3 
1 1 1 1 1 1 1 1 1 1 32 32 32 32 32 32 19 19 20 19 19 19 14 14 14 14 14 14 13 21 21 30 7 7 30 30 5 5 29 29 29 17 17 17 
2 1 1 1 1 1 32 32 1 1 32 2 1 18 1 32 32 32 32 1 1 1 23 23 26 26 26 26 26 26 
13 13 13 3 13 1 32 3 3 3 9 9 9 9 9 9 
32 13 13 13 1 2 2 3 3 3 12 9 9 9 9 9 9 3 
31 31 31 31 31 1 31 18 22 22 22 22 22 22 22 22 21 21 22 5 5 5 24 24 29 29 31 31 
32 32 32 32 32 1 32 13 32 32 32 32 32 3 3 9 9 9 9 27 9 9 9 4 
2 2 2 32 2 1 1 1 1 1 3 3 3 3 9 9 9 9 3 3 3 
32 1 1 1 1 1 1 32 32 1 32 32 32 32 32 32 32 32 32 32 32 18 22 31 31 31 31 31 31 31 31 31 31 31 
13 13 13 13 13 13 13 14 14 13 13 14 14 13 14 14 14 11 12 12 12 16 16 12 
1 32 32 32 32 32 32 32 32 32 32 32 32 32 32 13 13 14 14 14 14 14 14 14 19 19 14 14 14 19 19 19 19 19 19 22 28 28 28 28 17 
1 1 1 23 2 2 2 1 1 1 1 2 1 32 19 22 28 28 20 22 20 20 28 28 7 7 22 30 30 30 27 27 26 26 26 
20 20 20 23 1 2 1 1 1 1 18 22 20 23 23 23 
32 32 32 32 32 32 32 32 32 13 14 14 14 14 14 14 14 14 14 14 13 19 14 14 13 21 30 30 30 30 29 29 29 29 
2 2 13 2 2 13 3 3 3 3 3 3 3 9 9 9 9 9 3 
32 32 32 19 1 19 32 32 32 32 2 32 1 32 1 3 3 3 3 3 3 3 23 2 2 2 32 2 32 
19 14 14 14 14 14 14 14 14 14 14 19 14 14 14 32 1 20 7 15 15 28 28 24 24 17 17 
18 18 18 2 2 18 13 13 13 13 13 13 13 13 13 13 13 13 13 13 13 13 13 13 13 13 13 13 13 13 12 12 12 12 12 16 12 12 12 12 
13 32 1 32 32 32 32 1 32 32 32 32 32 32 32 14 14 14 14 14 14 14 14 14 13 13 13 7 10 7 10 30 30 30 7 7 7 7 26 
2 2 2 2 2 2 2 2 18 18 18 2 2 23 23 23 23 
3 3 3 2 1 2 3 1 1 1 1 19 20 20 20 17 15 28 5 28 28 21 21 8 8 27 27 27 29 29 29 29 26 26 26 
20 20 13 20 20 13 20 20 20 7 30 30 30 13 13 7 12 7 29 12 12 12 12 16 16 16 16 18 
22 22 18 18 18 14 14 14 14 13 19 14 14 14 14 14 14 14 14 14 13 14 14 13 13 14 14 14 25 11 11 11 12 12 29 29 16 16 20 
1 2 13 13 32 32 32 32 1 3 3 6 6 6 6 6 6 6 9 9 
14 14 14 14 14 14 14 14 14 14 14 14 13 13 14 13 13 12 12 12 12 
31 1 19 19 19 19 14 14 14 14 14 14 14 14 14 14 32 32 19 19 32 32 19 14 7 25 25 28 28 28 28 
32 32 1 1 1 1 32 32 32 32 32 32 2 32 32 32 32 32 32 32 32 13 13 13 13 14 14 14 14 14 14 14 14 13 14 14 14 12 15 15 15 15 17 17 
19 19 19 14 19 19 14 14 19 13 13 13 7 7 7 7 7 6 12 
1 1 1 32 13 13 2 2 2 2 32 32 32 32 32 32 1 3 3 4 4 4 4 4 4 4 4 4 4 4 
2 2 2 2 2 32 32 32 32 2 2 32 1 1 1 1 1 1 1 1 3 3 3 3 3 4 4 4 3 23 
2 2 2 2 2 2 32 2 2 2 13 13 14 14 14 1 20 20 20 20 27 3 3 3 3 3 26 26 26 
