763 139 3 10 19 81 8 1 651 252 2 10 24 78 7 0 247 544 112 7 49 63 2 0 
183 547 95 53 54 71 18 3 96 623 102 57 62 66 14 4 108 310 361 101 70 58 12 4 
45 688 119 17 61 60 18 16 41 604 207 23 61 59 13 16 21 230 247 360 65 64 17 20 
63 596 208 44 74 27 9 3 60 524 290 38 68 32 8 4 65 174 128 491 117 32 11 6 
62 760 64 83 48 7 0 0 43 776 76 97 29 3 0 0 82 216 80 516 108 16 5 1 
68 795 66 89 6 0 0 0 53 823 68 78 2 0 0 0 64 272 62 381 232 12 1 0 
115 769 85 44 8 3 0 0 78 812 80 44 8 2 0 0 108 271 51 271 315 6 2 0 
149 743 69 60 3 0 0 0 67 839 77 41 0 0 0 0 146 267 61 195 355 0 0 0 
85 820 42 73 4 0 0 0 38 878 65 42 1 0 0 0 85 316 112 242 269 0 0 0 
30 681 249 34 27 3 0 0 23 655 282 54 10 0 0 0 62 256 136 398 172 0 0 0 
21 389 554 25 24 7 4 0 12 367 588 28 23 6 0 0 42 181 242 437 101 21 0 0 
67 563 227 147 20 0 0 0 55 532 269 142 26 0 0 0 84 264 299 253 113 11 0 0 
537 238 10 54 162 23 0 0 463 312 10 58 158 23 0 0 257 330 195 45 172 25 0 0 
657 175 27 27 48 90 0 0 499 330 30 23 44 98 0 0 22 774 57 27 74 70 0 0 
235 641 76 45 19 8 0 0 170 714 76 40 17 6 1 0 79 787 85 44 22 6 1 0 
139 885 0 0 0 0 0 0 51 973 0 0 0 0 0 0 54 970 0 0 0 0 0 0 
109 915 0 0 0 0 0 0 82 942 0 0 0 0 0 0 218 806 0 0 0 0 0 0 
88 936 0 0 0 0 0 0 64 960 0 0 0 0 0 0 232 792 0 0 0 0 0 0 
0 1024 0 0 0 0 0 0 0 1024 0 0 0 0 0 0 24 1000 0 0 0 0 0 0 
145 879 0 0 0 0 0 0 104 920 0 0 0 0 0 0 244 780 0 0 0 0 0 0 
432 491 15 2 8 76 0 0 204 659 76 1 9 75 0 0 384 461 73 22 33 51 0 0 
81 737 49 42 72 36 1 6 36 776 53 53 66 32 2 6 119 672 66 65 69 26 1 6 
164 609 60 51 88 37 6 9 50 708 73 54 83 39 7 10 349 400 60 77 81 40 8 9 
118 712 47 65 69 12 1 0 72 750 60 82 48 11 1 0 207 532 67 108 84 21 5 0 
177 596 114 116 18 3 0 0 75 692 152 86 18 1 0 0 231 456 138 120 62 14 3 0 
234 619 128 41 2 0 0 0 155 678 152 37 2 0 0 0 224 478 101 115 97 9 0 0 
201 643 132 38 10 0 0 0 147 692 134 41 10 0 0 0 203 499 116 125 69 12 0 0 
329 502 153 35 1 2 0 2 238 607 143 29 3 2 0 2 295 401 103 115 89 17 2 2 
331 494 152 45 2 0 0 0 254 557 170 40 3 0 0 0 348 366 86 116 95 13 0 0 
277 541 119 60 20 3 3 1 175 590 166 64 23 2 2 2 341 348 98 154 64 10 4 5 
181 586 101 78 60 10 3 5 120 595 157 74 56 14 3 5 269 402 130 130 58 23 7 5 
166 556 76 53 74 50 22 27 124 610 64 61 73 51 15 26 197 501 78 68 82 53 18 27 
349 296 105 64 58 61 53 38 336 323 104 63 61 74 37 26 257 336 157 85 53 65 49 22 
147 427 103 80 71 49 49 98 140 440 103 83 66 48 53 91 90 336 242 108 58 47 51 92 
49 552 86 51 50 41 46 149 24 576 84 48 51 53 40 148 24 309 317 63 53 64 48 146 
72 685 57 64 55 77 11 3 41 712 70 55 70 65 8 3 59 653 95 82 77 49 7 2 
59 965 0 0 0 0 0 0 49 975 0 0 0 0 0 0 81 943 0 0 0 0 0 0 
14 925 85 0 0 0 0 0 7 863 154 0 0 0 0 0 38 855 131 0 0 0 0 0 
0 981 43 0 0 0 0 0 0 949 75 0 0 0 0 0 0 913 111 0 0 0 0 0 
73 951 0 0 0 0 0 0 48 976 0 0 0 0 0 0 127 897 0 0 0 0 0 0 
97 624 128 74 44 16 15 26 33 639 146 93 51 22 13 27 105 543 141 103 61 25 16 30 
109 891 5 12 5 2 0 0 15 976 7 7 6 10 3 0 120 854 23 5 3 10 7 2 
133 377 453 61 0 0 0 0 17 493 447 67 0 0 0 0 54 316 78 0 32 239 305 0 
64 192 56 712 0 0 0 0 21 232 171 600 0 0 0 0 32 192 32 0 0 24 560 184 
65 185 22 752 0 0 0 0 22 219 31 752 0 0 0 0 32 171 49 4 0 0 183 585 
76 154 26 768 0 0 0 0 34 187 35 768 0 0 0 0 18 122 80 24 11 1 24 744 
41 183 19 781 0 0 0 0 17 201 29 777 0 0 0 0 2 118 72 25 8 28 3 768 
68 133 23 798 2 0 0 0 29 171 29 795 0 0 0 0 16 97 79 1 28 3 29 771 
58 133 32 801 0 0 0 0 24 148 53 799 0 0 0 0 19 127 33 13 0 32 88 712 
45 428 118 433 0 0 0 0 24 447 142 411 0 0 0 0 33 120 24 15 16 66 418 332 
275 744 5 0 0 0 0 0 72 939 13 0 0 0 0 0 37 616 265 17 18 25 44 2 
533 491 0 0 0 0 0 0 317 707 0 0 0 0 0 0 162 816 46 0 0 0 0 0 
1021 3 0 0 0 0 0 0 999 25 0 0 0 0 0 0 357 331 336 0 0 0 0 0 
304 717 3 0 0 0 0 0 176 832 16 0 0 0 0 0 48 97 879 0 0 0 0 0 
0 182 231 129 110 85 53 234 0 142 238 139 121 86 55 243 0 34 281 179 102 102 70 256 
13 654 158 97 44 7 14 37 4 600 207 88 63 11 13 38 4 503 243 111 88 23 13 39 
35 824 89 30 13 6 7 20 3 826 119 31 12 6 7 20 41 770 135 29 14 8 4 23 
0 57 308 159 102 57 46 295 0 19 281 181 111 78 43 311 0 33 300 134 115 73 58 311 
0 272 279 115 99 74 35 150 0 191 332 131 107 80 39 144 0 150 348 133 101 81 41 170 
25 736 81 49 39 27 22 45 0 721 113 50 42 33 21 44 26 727 82 52 35 31 21 50 
540 355 115 8 1 1 0 4 208 646 153 10 2 1 0 4 440 351 219 8 2 0 1 3 
413 547 12 8 17 20 7 0 52 879 20 14 9 10 25 15 28 860 38 15 15 14 8 46 
80 302 642 0 0 0 0 0 8 374 634 8 0 0 0 0 0 136 152 16 28 15 211 466 
0 0 600 424 0 0 0 0 0 0 524 500 0 0 0 0 0 0 0 0 0 0 0 1024 
0 0 272 752 0 0 0 0 0 0 168 856 0 0 0 0 0 0 0 0 0 0 0 1024 
0 0 148 876 0 0 0 0 0 0 49 975 0 0 0 0 0 0 0 0 0 0 0 1024 
0 0 80 944 0 0 0 0 0 0 0 1024 0 0 0 0 0 0 0 0 0 0 0 1024 
0 0 112 912 0 0 0 0 0 0 0 1024 0 0 0 0 0 0 0 0 0 0 0 1024 
0 0 312 712 0 0 0 0 0 0 112 912 0 0 0 0 0 0 0 0 0 0 0 1024 
0 392 406 226 0 0 0 0 0 318 412 294 0 0 0 0 0 0 0 0 0 0 0 1024 
592 432 0 0 0 0 0 0 102 922 0 0 0 0 0 0 0 95 476 307 27 23 25 71 
968 56 0 0 0 0 0 0 765 259 0 0 0 0 0 0 108 710 182 24 0 0 0 0 
1024 0 0 0 0 0 0 0 1024 0 0 0 0 0 0 0 368 256 392 8 0 0 0 0 
648 376 0 0 0 0 0 0 324 700 0 0 0 0 0 0 64 412 548 0 0 0 0 0 
72 679 153 61 43 16 0 0 15 700 163 72 48 26 0 0 48 559 260 80 47 28 2 0 
92 878 29 6 6 4 9 0 15 918 61 10 3 6 3 8 3 801 169 27 4 4 4 12 
65 959 0 0 0 0 0 0 53 948 23 0 0 0 0 0 97 915 12 0 0 0 0 0 
3 565 257 101 50 33 15 0 2 482 320 99 62 37 22 0 12 503 276 101 65 39 24 4 
0 696 206 65 35 13 9 0 0 664 226 68 37 17 12 0 0 634 242 71 41 21 12 3 
44 959 21 0 0 0 0 0 19 965 40 0 0 0 0 0 61 939 24 0 0 0 0 0 
628 396 0 0 0 0 0 0 549 475 0 0 0 0 0 0 541 320 152 11 0 0 0 0 
905 82 9 8 7 9 4 0 719 243 25 5 9 5 7 11 177 717 62 19 15 9 6 19 
312 538 174 0 0 0 0 0 56 573 395 0 0 0 0 0 8 124 147 89 8 22 11 615 
0 273 751 0 0 0 0 0 0 0 1020 4 0 0 0 0 0 0 0 0 0 0 0 1024 
0 162 862 0 0 0 0 0 0 0 720 238 66 0 0 0 0 0 0 0 0 0 0 1024 
0 208 816 0 0 0 0 0 0 0 512 328 184 0 0 0 0 0 0 0 0 0 0 1024 
0 104 920 0 0 0 0 0 0 0 406 474 144 0 0 0 0 0 0 0 0 0 0 1024 
0 191 833 0 0 0 0 0 0 0 168 491 365 0 0 0 0 0 0 0 0 0 0 1024 
0 347 677 0 0 0 0 0 0 0 382 280 362 0 0 0 0 0 0 0 0 0 0 1024 
271 449 304 0 0 0 0 0 0 407 485 112 20 0 0 0 0 0 0 0 0 0 0 1024 
992 32 0 0 0 0 0 0 168 856 0 0 0 0 0 0 0 0 50 181 384 225 65 119 
1024 0 0 0 0 0 0 0 816 208 0 0 0 0 0 0 88 518 274 136 8 0 0 0 
1024 0 0 0 0 0 0 0 1024 0 0 0 0 0 0 0 384 296 344 0 0 0 0 0 
1000 24 0 0 0 0 0 0 880 144 0 0 0 0 0 0 72 920 32 0 0 0 0 0 
695 320 5 4 0 0 0 0 366 649 5 4 0 0 0 0 280 730 8 3 3 0 0 0 
771 253 0 0 0 0 0 0 23 1001 0 0 0 0 0 0 389 629 6 0 0 0 0 0 
584 440 0 0 0 0 0 0 96 928 0 0 0 0 0 0 464 560 0 0 0 0 0 0 
240 735 15 34 0 0 0 0 54 920 15 35 0 0 0 0 298 678 12 34 2 0 0 0 
256 768 0 0 0 0 0 0 0 1024 0 0 0 0 0 0 648 376 0 0 0 0 0 0 
665 359 0 0 0 0 0 0 105 919 0 0 0 0 0 0 916 108 0 0 0 0 0 0 
730 294 0 0 0 0 0 0 638 382 4 0 0 0 0 0 535 313 176 0 0 0 0 0 
1024 0 0 0 0 0 0 0 1024 0 0 0 0 0 0 0 304 720 0 0 0 0 0 0 
515 509 0 0 0 0 0 0 337 687 0 0 0 0 0 0 65 95 128 64 80 24 21 547 
240 784 0 0 0 0 0 0 75 288 257 236 163 5 0 0 0 0 0 0 10 17 27 970 
377 647 0 0 0 0 0 0 109 52 12 42 414 387 8 0 0 0 0 0 6 72 61 885 
341 683 0 0 0 0 0 0 129 103 13 11 395 373 0 0 0 0 0 0 5 117 81 821 
336 670 18 0 0 0 0 0 145 161 16 15 614 73 0 0 0 0 0 0 26 163 81 754 
444 580 0 0 0 0 0 0 166 217 13 14 134 468 12 0 0 0 0 0 37 156 170 661 
544 480 0 0 0 0 0 0 152 307 13 8 104 437 3 0 0 0 0 0 3 149 236 636 
708 316 0 0 0 0 0 0 307 394 65 85 152 21 0 0 0 0 0 0 90 297 109 528 
1016 8 0 0 0 0 0 0 163 861 0 0 0 0 0 0 0 2 16 19 59 164 325 439 
1015 9 0 0 0 0 0 0 854 170 0 0 0 0 0 0 157 443 130 114 100 80 0 0 
978 39 5 2 0 0 0 0 982 33 7 1 1 0 0 0 824 155 40 3 1 1 0 0 
1020 4 0 0 0 0 0 0 1024 0 0 0 0 0 0 0 472 552 0 0 0 0 0 0 
970 28 12 14 0 0 0 0 947 53 13 11 0 0 0 0 751 234 12 7 8 7 5 0 
1024 0 0 0 0 0 0 0 1024 0 0 0 0 0 0 0 768 256 0 0 0 0 0 0 
776 218 25 5 0 0 0 0 800 181 36 7 0 0 0 0 798 184 36 6 0 0 0 0 
859 155 4 6 0 0 0 0 790 218 8 8 0 0 0 0 937 73 7 7 0 0 0 0 
970 54 0 0 0 0 0 0 819 205 0 0 0 0 0 0 1020 4 0 0 0 0 0 0 
1024 0 0 0 0 0 0 0 816 208 0 0 0 0 0 0 1024 0 0 0 0 0 0 0 
566 458 0 0 0 0 0 0 522 501 1 0 0 0 0 0 451 352 163 58 0 0 0 0 
1024 0 0 0 0 0 0 0 1020 4 0 0 0 0 0 0 738 286 0 0 0 0 0 0 
1024 0 0 0 0 0 0 0 841 183 0 0 0 0 0 0 196 142 228 211 202 37 8 0 
1015 9 0 0 0 0 0 0 822 202 0 0 0 0 0 0 18 24 66 227 362 270 45 12 
1011 13 0 0 0 0 0 0 775 249 0 0 0 0 0 0 60 62 20 17 166 386 277 36 
1024 0 0 0 0 0 0 0 774 250 0 0 0 0 0 0 92 83 28 27 136 337 289 32 
1013 11 0 0 0 0 0 0 716 308 0 0 0 0 0 0 79 86 37 41 191 320 238 32 
1022 2 0 0 0 0 0 0 738 286 0 0 0 0 0 0 66 101 43 54 211 234 219 96 
997 27 0 0 0 0 0 0 688 336 0 0 0 0 0 0 72 74 40 35 112 217 247 227 
945 79 0 0 0 0 0 0 778 246 0 0 0 0 0 0 82 62 54 61 169 263 269 64 
1005 19 0 0 0 0 0 0 791 233 0 0 0 0 0 0 118 110 133 245 156 74 65 123 
1024 0 0 0 0 0 0 0 963 61 0 0 0 0 0 0 693 148 101 26 28 24 4 0 
944 80 0 0 0 0 0 0 1024 0 0 0 0 0 0 0 1024 0 0 0 0 0 0 0 
956 63 5 0 0 0 0 0 998 26 0 0 0 0 0 0 975 49 0 0 0 0 0 0 
1024 0 0 0 0 0 0 0 1024 0 0 0 0 0 0 0 1002 22 0 0 0 0 0 0 
1016 8 0 0 0 0 0 0 1024 0 0 0 0 0 0 0 1021 3 0 0 0 0 0 0 
880 144 0 0 0 0 0 0 1024 0 0 0 0 0 0 0 1024 0 0 0 0 0 0 0 
893 131 0 0 0 0 0 0 1024 0 0 0 0 0 0 0 1024 0 0 0 0 0 0 0 
1024 0 0 0 0 0 0 0 1024 0 0 0 0 0 0 0 1024 0 0 0 0 0 0 0 
1024 0 0 0 0 0 0 0 1024 0 0 0 0 0 0 0 1024 0 0 0 0 0 0 0 
951 73 0 0 0 0 0 0 957 67 0 0 0 0 0 0 947 37 34 6 0 0 0 0 
1012 12 0 0 0 0 0 0 1024 0 0 0 0 0 0 0 1024 0 0 0 0 0 0 0 
1024 0 0 0 0 0 0 0 1024 0 0 0 0 0 0 0 804 108 90 13 9 0 0 0 
1010 14 0 0 0 0 0 0 989 35 0 0 0 0 0 0 416 83 50 54 95 181 129 16 
1004 20 0 0 0 0 0 0 958 66 0 0 0 0 0 0 396 70 45 38 39 70 179 187 
979 45 0 0 0 0 0 0 925 99 0 0 0 0 0 0 521 14 6 9 20 56 149 249 
825 199 0 0 0 0 0 0 626 398 0 0 0 0 0 0 504 129 22 11 15 14 157 172 
743 231 39 11 0 0 0 0 650 373 1 0 0 0 0 0 607 137 12 12 11 12 90 143 
640 372 12 0 0 0 0 0 573 436 15 0 0 0 0 0 514 325 25 11 5 13 34 97 
629 279 87 25 4 0 0 0 689 319 16 0 0 0 0 0 615 333 20 9 16 9 18 4 
601 231 111 62 19 0 0 0 800 199 25 0 0 0 0 0 829 182 13 0 0 0 0 0 
556 283 136 42 7 0 0 0 848 175 1 0 0 0 0 0 875 149 0 0 0 0 0 0 
615 251 135 19 4 0 0 0 982 42 0 0 0 0 0 0 989 35 0 0 0 0 0 0 
774 150 76 16 8 0 0 0 1008 16 0 0 0 0 0 0 1001 23 0 0 0 0 0 0 
876 118 26 4 0 0 0 0 1015 8 1 0 0 0 0 0 1012 11 1 0 0 0 0 0 
890 104 30 0 0 0 0 0 1008 16 0 0 0 0 0 0 997 27 0 0 0 0 0 0 
401 612 11 0 0 0 0 0 1024 0 0 0 0 0 0 0 1024 0 0 0 0 0 0 0 
796 197 23 8 0 0 0 0 968 28 28 0 0 0 0 0 968 40 16 0 0 0 0 0 
1024 0 0 0 0 0 0 0 1024 0 0 0 0 0 0 0 1024 0 0 0 0 0 0 0 
1008 16 0 0 0 0 0 0 1024 0 0 0 0 0 0 0 1024 0 0 0 0 0 0 0 
995 29 0 0 0 0 0 0 938 86 0 0 0 0 0 0 959 65 0 0 0 0 0 0 
1024 0 0 0 0 0 0 0 1024 0 0 0 0 0 0 0 1024 0 0 0 0 0 0 0 
976 48 0 0 0 0 0 0 1024 0 0 0 0 0 0 0 1024 0 0 0 0 0 0 0 
719 279 26 0 0 0 0 0 984 40 0 0 0 0 0 0 1014 10 0 0 0 0 0 0 
507 419 89 9 0 0 0 0 824 200 0 0 0 0 0 0 909 115 0 0 0 0 0 0 
568 320 118 18 0 0 0 0 948 76 0 0 0 0 0 0 979 45 0 0 0 0 0 0 
539 236 211 35 3 0 0 0 980 44 0 0 0 0 0 0 977 47 0 0 0 0 0 0 
553 213 175 61 21 1 0 0 946 78 0 0 0 0 0 0 937 87 0 0 0 0 0 0 
543 322 115 36 7 1 0 0 751 273 0 0 0 0 0 0 844 179 1 0 0 0 0 0 
310 467 109 60 43 29 6 0 599 425 0 0 0 0 0 0 695 329 0 0 0 0 0 0 
442 319 107 71 57 28 0 0 820 202 2 0 0 0 0 0 880 144 0 0 0 0 0 0 
685 157 83 68 31 0 0 0 951 73 0 0 0 0 0 0 973 51 0 0 0 0 0 0 
685 138 119 61 19 2 0 0 978 43 1 2 0 0 0 0 971 50 1 2 0 0 0 0 
671 170 129 43 11 0 0 0 916 107 1 0 0 0 0 0 944 78 2 0 0 0 0 0 
613 182 145 71 12 1 0 0 877 138 9 0 0 0 0 0 882 133 9 0 0 0 0 0 
677 193 120 32 2 0 0 0 939 85 0 0 0 0 0 0 937 86 1 0 0 0 0 0 
681 205 101 36 1 0 0 0 931 88 5 0 0 0 0 0 948 73 3 0 0 0 0 0 
755 207 52 4 4 2 0 0 960 56 8 0 0 0 0 0 974 46 4 0 0 0 0 0 
759 194 48 22 1 0 0 0 960 56 8 0 0 0 0 0 960 55 9 0 0 0 0 0 
855 139 28 2 0 0 0 0 1017 7 0 0 0 0 0 0 1011 13 0 0 0 0 0 0 
749 275 0 0 0 0 0 0 664 360 0 0 0 0 0 0 882 142 0 0 0 0 0 0 
1024 0 0 0 0 0 0 0 1024 0 0 0 0 0 0 0 1024 0 0 0 0 0 0 0 
1019 5 0 0 0 0 0 0 1024 0 0 0 0 0 0 0 1024 0 0 0 0 0 0 0 
766 199 53 6 0 0 0 0 1020 4 0 0 0 0 0 0 1011 13 0 0 0 0 0 0 
677 259 72 15 1 0 0 0 1016 8 0 0 0 0 0 0 1008 16 0 0 0 0 0 0 
709 212 76 27 0 0 0 0 1007 17 0 0 0 0 0 0 1016 8 0 0 0 0 0 0 
638 243 115 28 0 0 0 0 1012 12 0 0 0 0 0 0 1007 17 0 0 0 0 0 0 
663 235 116 10 0 0 0 0 1020 4 0 0 0 0 0 0 1016 8 0 0 0 0 0 0 
647 218 130 24 5 0 0 0 1011 13 0 0 0 0 0 0 994 30 0 0 0 0 0 0 
662 189 141 30 2 0 0 0 1002 22 0 0 0 0 0 0 992 32 0 0 0 0 0 0 
543 255 148 55 23 0 0 0 844 180 0 0 0 0 0 0 857 167 0 0 0 0 0 0 
487 368 75 50 30 14 0 0 736 288 0 0 0 0 0 0 804 220 0 0 0 0 0 0 
444 260 122 70 90 38 0 0 833 191 0 0 0 0 0 0 968 56 0 0 0 0 0 0 
644 171 84 63 60 2 0 0 914 110 0 0 0 0 0 0 1004 20 0 0 0 0 0 0 
605 118 102 69 73 57 0 0 978 39 7 0 0 0 0 0 986 37 1 0 0 0 0 0 
681 154 94 61 31 3 0 0 973 48 3 0 0 0 0 0 981 41 2 0 0 0 0 0 
733 147 89 46 7 2 0 0 962 61 1 0 0 0 0 0 966 56 2 0 0 0 0 0 
793 103 66 38 18 4 0 2 935 60 23 6 0 0 0 0 932 67 16 8 1 0 0 0 
882 62 14 23 15 25 3 0 958 44 8 5 8 1 0 0 955 46 10 9 4 0 0 0 
739 228 15 31 9 2 0 0 1004 20 0 0 0 0 0 0 986 38 0 0 0 0 0 0 
759 265 0 0 0 0 0 0 619 405 0 0 0 0 0 0 884 140 0 0 0 0 0 0 
868 75 66 15 0 0 0 0 913 53 54 4 0 0 0 0 923 53 46 2 0 0 0 0 
1024 0 0 0 0 0 0 0 1024 0 0 0 0 0 0 0 920 104 0 0 0 0 0 0 
830 194 0 0 0 0 0 0 1024 0 0 0 0 0 0 0 1024 0 0 0 0 0 0 0 
818 189 17 0 0 0 0 0 1024 0 0 0 0 0 0 0 1024 0 0 0 0 0 0 0 
800 173 48 3 0 0 0 0 1021 3 0 0 0 0 0 0 1023 1 0 0 0 0 0 0 
708 214 96 6 0 0 0 0 1024 0 0 0 0 0 0 0 1019 5 0 0 0 0 0 0 
769 165 76 14 0 0 0 0 1024 0 0 0 0 0 0 0 1019 5 0 0 0 0 0 0 
768 133 102 21 0 0 0 0 1018 6 0 0 0 0 0 0 1017 7 0 0 0 0 0 0 
674 182 86 61 19 2 0 0 980 44 0 0 0 0 0 0 1004 20 0 0 0 0 0 0 
753 118 58 60 23 12 0 0 1001 23 0 0 0 0 0 0 993 31 0 0 0 0 0 0 
747 116 83 44 23 11 0 0 1006 18 0 0 0 0 0 0 996 28 0 0 0 0 0 0 
829 111 46 29 8 1 0 0 1001 23 0 0 0 0 0 0 1000 24 0 0 0 0 0 0 
746 200 45 21 11 1 0 0 825 199 0 0 0 0 0 0 936 88 0 0 0 0 0 0 
276 698 20 14 11 5 0 0 498 526 0 0 0 0 0 0 901 123 0 0 0 0 0 0 
428 320 139 58 74 5 0 0 894 130 0 0 0 0 0 0 1011 13 0 0 0 0 0 0 
481 370 75 73 25 0 0 0 920 101 3 0 0 0 0 0 996 26 2 0 0 0 0 0 
503 401 120 0 0 0 0 0 627 397 0 0 0 0 0 0 919 105 0 0 0 0 0 0 
431 461 132 0 0 0 0 0 681 343 0 0 0 0 0 0 1007 17 0 0 0 0 0 0 
381 543 93 3 3 1 0 0 730 281 7 3 3 0 0 0 927 87 5 3 2 0 0 0 
633 391 0 0 0 0 0 0 593 431 0 0 0 0 0 0 832 192 0 0 0 0 0 0 
930 78 16 0 0 0 0 0 1008 16 0 0 0 0 0 0 1015 9 0 0 0 0 0 0 
1024 0 0 0 0 0 0 0 1024 0 0 0 0 0 0 0 840 184 0 0 0 0 0 0 
892 132 0 0 0 0 0 0 1024 0 0 0 0 0 0 0 976 48 0 0 0 0 0 0 
770 166 63 17 8 0 0 0 1017 7 0 0 0 0 0 0 1011 13 0 0 0 0 0 0 
727 171 70 35 21 0 0 0 996 28 0 0 0 0 0 0 1000 24 0 0 0 0 0 0 
844 76 52 37 13 2 0 0 1013 11 0 0 0 0 0 0 1011 13 0 0 0 0 0 0 
862 69 48 36 6 3 0 0 1013 11 0 0 0 0 0 0 995 29 0 0 0 0 0 0 
894 58 29 32 11 0 0 0 1011 13 0 0 0 0 0 0 1008 16 0 0 0 0 0 0 
997 13 7 3 3 1 0 0 1023 1 0 0 0 0 0 0 1024 0 0 0 0 0 0 0 
1024 0 0 0 0 0 0 0 1024 0 0 0 0 0 0 0 1024 0 0 0 0 0 0 0 
1024 0 0 0 0 0 0 0 1024 0 0 0 0 0 0 0 1024 0 0 0 0 0 0 0 
935 89 0 0 0 0 0 0 919 105 0 0 0 0 0 0 1013 11 0 0 0 0 0 0 
314 493 217 0 0 0 0 0 307 553 164 0 0 0 0 0 428 519 77 0 0 0 0 0 
96 252 619 57 0 0 0 0 115 262 644 3 0 0 0 0 139 266 619 0 0 0 0 0 
513 358 153 0 0 0 0 0 594 306 124 0 0 0 0 0 744 219 61 0 0 0 0 0 
603 391 30 0 0 0 0 0 677 346 1 0 0 0 0 0 858 166 0 0 0 0 0 0 
507 510 7 0 0 0 0 0 471 543 10 0 0 0 0 0 817 207 0 0 0 0 0 0 
589 400 30 3 2 0 0 0 591 396 34 1 2 0 0 0 695 312 15 1 1 0 0 0 
637 120 158 78 31 0 0 0 636 116 163 83 25 1 0 0 655 199 94 67 9 0 0 0 
943 81 0 0 0 0 0 0 808 216 0 0 0 0 0 0 989 35 0 0 0 0 0 0 
1024 0 0 0 0 0 0 0 1024 0 0 0 0 0 0 0 1024 0 0 0 0 0 0 0 
1024 0 0 0 0 0 0 0 1024 0 0 0 0 0 0 0 1024 0 0 0 0 0 0 0 
982 42 0 0 0 0 0 0 1024 0 0 0 0 0 0 0 832 192 0 0 0 0 0 0 
794 147 75 8 0 0 0 0 1021 3 0 0 0 0 0 0 1023 1 0 0 0 0 0 0 
1024 0 0 0 0 0 0 0 1024 0 0 0 0 0 0 0 1024 0 0 0 0 0 0 0 
1024 0 0 0 0 0 0 0 1024 0 0 0 0 0 0 0 1024 0 0 0 0 0 0 0 
1021 3 0 0 0 0 0 0 1017 7 0 0 0 0 0 0 1024 0 0 0 0 0 0 0 
941 83 0 0 0 0 0 0 884 140 0 0 0 0 0 0 1018 6 0 0 0 0 0 0 
656 327 17 10 14 0 0 0 686 338 0 0 0 0 0 0 953 71 0 0 0 0 0 0 
517 373 55 50 25 4 0 0 648 376 0 0 0 0 0 0 961 63 0 0 0 0 0 0 
421 459 56 53 31 4 0 0 598 426 0 0 0 0 0 0 953 71 0 0 0 0 0 0 
414 357 80 94 60 19 0 0 694 329 1 0 0 0 0 0 936 88 0 0 0 0 0 0 
400 214 233 86 71 20 0 0 645 211 168 0 0 0 0 0 703 225 96 0 0 0 0 0 
372 73 275 173 66 44 19 2 590 82 337 15 0 0 0 0 579 116 324 5 0 0 0 0 
333 168 370 40 44 37 28 4 495 185 340 4 0 0 0 0 498 348 178 0 0 0 0 0 
429 293 203 27 29 30 13 0 586 332 105 1 0 0 0 0 719 274 31 0 0 0 0 0 
155 322 429 53 32 19 14 0 224 399 385 16 0 0 0 0 374 489 159 2 0 0 0 0 
257 422 174 41 55 68 7 0 444 431 148 1 0 0 0 0 506 490 28 0 0 0 0 0 
744 189 69 10 6 5 1 0 710 264 50 0 0 0 0 0 846 172 6 0 0 0 0 0 
814 210 0 0 0 0 0 0 853 171 0 0 0 0 0 0 946 78 0 0 0 0 0 0 
634 125 54 172 39 0 0 0 658 111 72 183 0 0 0 0 723 90 203 8 0 0 0 0 
1015 9 0 0 0 0 0 0 1007 17 0 0 0 0 0 0 1023 1 0 0 0 0 0 0 
1000 24 0 0 0 0 0 0 992 32 0 0 0 0 0 0 702 322 0 0 0 0 0 0 
866 152 6 0 0 0 0 0 896 128 0 0 0 0 0 0 1018 6 0 0 0 0 0 0 
730 200 36 41 17 0 0 0 701 323 0 0 0 0 0 0 981 43 0 0 0 0 0 0 
552 312 47 79 34 0 0 0 696 328 0 0 0 0 0 0 987 37 0 0 0 0 0 0 
445 399 94 54 28 4 0 0 647 377 0 0 0 0 0 0 959 65 0 0 0 0 0 0 
457 328 125 60 44 10 0 0 782 242 0 0 0 0 0 0 960 64 0 0 0 0 0 0 
634 156 117 76 37 4 0 0 973 51 0 0 0 0 0 0 1001 23 0 0 0 0 0 0 
675 136 64 120 26 3 0 0 1009 15 0 0 0 0 0 0 999 25 0 0 0 0 0 0 
636 117 87 96 71 16 1 0 999 25 0 0 0 0 0 0 999 25 0 0 0 0 0 0 
740 92 46 43 58 41 4 0 999 25 0 0 0 0 0 0 991 33 0 0 0 0 0 0 
728 73 43 53 46 58 23 0 967 57 0 0 0 0 0 0 977 47 0 0 0 0 0 0 
717 77 51 49 45 60 21 4 955 65 4 0 0 0 0 0 963 59 2 0 0 0 0 0 
739 64 44 30 41 63 42 1 978 46 0 0 0 0 0 0 969 55 0 0 0 0 0 0 
705 91 51 46 65 55 10 1 874 95 37 17 1 0 0 0 883 110 18 13 0 0 0 0 
840 45 38 27 27 31 16 0 973 25 12 12 2 0 0 0 963 30 25 4 2 0 0 0 
883 33 20 24 42 17 5 0 986 38 0 0 0 0 0 0 987 37 0 0 0 0 0 0 
185 323 224 143 85 51 13 0 438 336 190 56 4 0 0 0 494 401 90 39 0 0 0 0 
1008 16 0 0 0 0 0 0 1021 3 0 0 0 0 0 0 1024 0 0 0 0 0 0 0 
887 137 0 0 0 0 0 0 970 54 0 0 0 0 0 0 997 27 0 0 0 0 0 0 
767 209 46 2 0 0 0 0 882 139 3 0 0 0 0 0 961 63 0 0 0 0 0 0 
679 241 92 12 0 0 0 0 785 239 0 0 0 0 0 0 1005 19 0 0 0 0 0 0 
621 252 104 33 13 1 0 0 924 100 0 0 0 0 0 0 1002 22 0 0 0 0 0 0 
787 175 61 1 0 0 0 0 1022 2 0 0 0 0 0 0 1021 3 0 0 0 0 0 0 
742 157 123 2 0 0 0 0 1020 4 0 0 0 0 0 0 1019 5 0 0 0 0 0 0 
729 142 110 43 0 0 0 0 1016 8 0 0 0 0 0 0 1018 6 0 0 0 0 0 0 
787 97 101 38 1 0 0 0 1018 3 2 1 0 0 0 0 1017 4 2 1 0 0 0 0 
799 79 62 75 9 0 0 0 1019 5 0 0 0 0 0 0 1022 2 0 0 0 0 0 0 
777 90 56 54 43 4 0 0 1006 18 0 0 0 0 0 0 1006 18 0 0 0 0 0 0 
762 78 49 46 59 29 1 0 992 32 0 0 0 0 0 0 993 31 0 0 0 0 0 0 
767 66 47 45 60 36 3 0 973 49 2 0 0 0 0 0 989 33 2 0 0 0 0 0 
779 70 41 36 42 38 18 0 984 40 0 0 0 0 0 0 986 38 0 0 0 0 0 0 
956 21 13 9 13 7 5 0 1023 1 0 0 0 0 0 0 1022 2 0 0 0 0 0 0 
859 92 19 19 15 8 12 0 939 85 0 0 0 0 0 0 979 45 0 0 0 0 0 0 
666 63 46 66 108 68 7 0 979 45 0 0 0 0 0 0 977 47 0 0 0 0 0 0 
587 137 69 77 84 56 14 0 915 99 10 0 0 0 0 0 953 69 2 0 0 0 0 0 
719 47 37 43 66 104 8 0 1002 22 0 0 0 0 0 0 999 25 0 0 0 0 0 0 
1008 16 0 0 0 0 0 0 1024 0 0 0 0 0 0 0 1024 0 0 0 0 0 0 0 
