15 66 854 89 0 0 0 0 115 909 0 0 0 0 0 0 453 571 0 0 0 0 0 0 
7 501 407 109 0 0 0 0 517 507 0 0 0 0 0 0 915 109 0 0 0 0 0 0 
184 803 10 9 3 2 3 10 245 750 7 7 1 4 3 7 433 563 6 5 5 7 2 3 
71 948 3 0 0 1 1 0 89 933 0 0 0 2 0 0 227 795 0 0 0 2 0 0 
9 1014 1 0 0 0 0 0 18 1006 0 0 0 0 0 0 64 960 0 0 0 0 0 0 
0 989 12 6 4 3 6 4 10 988 4 6 4 6 2 4 50 950 6 5 2 7 4 0 
0 1021 3 0 0 0 0 0 2 1022 0 0 0 0 0 0 79 945 0 0 0 0 0 0 
0 1019 5 0 0 0 0 0 2 1021 1 0 0 0 0 0 73 949 2 0 0 0 0 0 
1 1023 0 0 0 0 0 0 21 1003 0 0 0 0 0 0 127 897 0 0 0 0 0 0 
654 370 0 0 0 0 0 0 831 193 0 0 0 0 0 0 922 102 0 0 0 0 0 0 
114 430 480 0 0 0 0 0 533 491 0 0 0 0 0 0 995 29 0 0 0 0 0 0 
0 181 843 0 0 0 0 0 116 908 0 0 0 0 0 0 987 37 0 0 0 0 0 0 
2 335 687 0 0 0 0 0 270 754 0 0 0 0 0 0 1016 8 0 0 0 0 0 0 
2 447 543 0 0 0 0 0 367 625 0 0 0 0 0 0 984 8 0 0 0 0 0 0 
48 74 198 704 0 0 0 0 111 902 11 0 0 0 0 0 185 839 0 0 0 0 0 0 
34 474 473 43 0 0 0 0 493 529 2 0 0 0 0 0 916 108 0 0 0 0 0 0 
193 275 300 253 3 0 0 0 263 638 122 1 0 0 0 0 409 590 25 0 0 0 0 0 
509 326 57 126 6 0 0 0 585 317 122 0 0 0 0 0 671 343 10 0 0 0 0 0 
502 296 46 45 69 66 0 0 602 216 56 35 88 27 0 0 634 222 70 94 4 0 0 0 
376 290 160 59 76 63 0 0 436 320 114 41 93 20 0 0 495 355 102 72 0 0 0 0 
610 409 5 0 0 0 0 0 711 311 2 0 0 0 0 0 812 210 2 0 0 0 0 0 
288 511 117 87 7 4 4 6 395 524 88 2 2 4 7 2 521 465 21 3 4 7 3 0 
568 456 0 0 0 0 0 0 763 261 0 0 0 0 0 0 877 147 0 0 0 0 0 0 
296 330 350 48 0 0 0 0 602 422 0 0 0 0 0 0 1015 9 0 0 0 0 0 0 
0 27 845 152 0 0 0 0 49 975 0 0 0 0 0 0 959 65 0 0 0 0 0 0 
0 74 950 0 0 0 0 0 110 914 0 0 0 0 0 0 981 43 0 0 0 0 0 0 
1 141 882 0 0 0 0 0 194 830 0 0 0 0 0 0 1023 1 0 0 0 0 0 0 
1 205 786 0 0 0 0 0 211 781 0 0 0 0 0 0 991 1 0 0 0 0 0 0 
1 64 182 616 161 0 0 0 68 546 410 0 0 0 0 0 199 673 152 0 0 0 0 0 
0 414 606 4 0 0 0 0 380 643 1 0 0 0 0 0 811 213 0 0 0 0 0 0 
2 211 674 131 6 0 0 0 32 859 132 1 0 0 0 0 149 804 71 0 0 0 0 0 
8 160 148 423 268 17 0 0 560 389 75 0 0 0 0 0 537 463 24 0 0 0 0 0 
3 233 154 306 300 23 5 0 524 393 68 22 9 8 0 0 515 452 42 15 0 0 0 0 
6 223 150 323 286 35 1 0 474 380 124 14 16 16 0 0 462 470 66 26 0 0 0 0 
11 296 152 269 267 29 0 0 452 487 63 12 7 3 0 0 478 504 33 8 1 0 0 0 
0 21 116 502 380 5 0 0 288 190 517 29 0 0 0 0 282 591 151 0 0 0 0 0 
18 420 519 67 0 0 0 0 266 688 70 0 0 0 0 0 525 499 0 0 0 0 0 0 
0 43 807 174 0 0 0 0 50 974 0 0 0 0 0 0 877 147 0 0 0 0 0 0 
0 6 573 445 0 0 0 0 26 998 0 0 0 0 0 0 952 72 0 0 0 0 0 0 
0 70 932 22 0 0 0 0 113 911 0 0 0 0 0 0 982 42 0 0 0 0 0 0 
1 219 804 0 0 0 0 0 302 722 0 0 0 0 0 0 1009 15 0 0 0 0 0 0 
10 240 742 0 0 0 0 0 385 607 0 0 0 0 0 0 986 6 0 0 0 0 0 0 
0 3 267 65 635 54 0 0 0 281 446 297 0 0 0 0 32 277 529 186 0 0 0 0 
68 258 605 55 36 2 0 0 222 683 42 55 22 0 0 0 346 567 49 52 10 0 0 0 
113 336 184 214 144 27 5 1 404 314 116 86 97 1 5 1 425 333 97 98 64 1 3 3 
0 35 259 507 205 18 0 0 925 99 0 0 0 0 0 0 799 225 0 0 0 0 0 0 
0 18 199 445 314 47 1 0 920 104 0 0 0 0 0 0 790 234 0 0 0 0 0 0 
0 12 209 385 343 75 0 0 914 110 0 0 0 0 0 0 767 257 0 0 0 0 0 0 
0 14 160 304 468 78 0 0 905 119 0 0 0 0 0 0 755 269 0 0 0 0 0 0 
0 18 169 345 418 74 0 0 907 117 0 0 0 0 0 0 789 235 0 0 0 0 0 0 
2 82 377 347 207 6 1 2 563 392 56 8 2 1 1 1 648 328 42 1 2 1 1 1 
53 181 680 102 8 0 0 0 223 702 94 5 0 0 0 0 676 271 77 0 0 0 0 0 
0 21 995 8 0 0 0 0 38 986 0 0 0 0 0 0 939 85 0 0 0 0 0 0 
0 3 1021 0 0 0 0 0 65 959 0 0 0 0 0 0 1022 2 0 0 0 0 0 0 
0 8 1016 0 0 0 0 0 234 790 0 0 0 0 0 0 1022 2 0 0 0 0 0 0 
0 55 937 0 0 0 0 0 313 679 0 0 0 0 0 0 989 3 0 0 0 0 0 0 
6 142 108 45 234 485 4 0 49 185 61 426 296 7 0 0 134 127 55 462 246 0 0 0 
265 473 101 50 123 8 1 3 368 409 80 54 109 0 2 2 444 334 79 57 106 0 0 4 
28 94 407 441 50 2 1 1 817 165 20 14 4 2 0 2 706 277 18 13 6 2 0 2 
0 67 334 524 91 8 0 0 950 69 5 0 0 0 0 0 837 182 5 0 0 0 0 0 
0 5 309 528 164 18 0 0 972 52 0 0 0 0 0 0 869 155 0 0 0 0 0 0 
0 0 279 543 178 24 0 0 976 48 0 0 0 0 0 0 856 168 0 0 0 0 0 0 
0 3 288 512 208 13 0 0 964 60 0 0 0 0 0 0 865 159 0 0 0 0 0 0 
0 8 262 548 187 19 0 0 964 60 0 0 0 0 0 0 867 157 0 0 0 0 0 0 
0 21 303 553 142 5 0 0 970 54 0 0 0 0 0 0 855 169 0 0 0 0 0 0 
56 164 322 415 67 0 0 0 810 163 50 1 0 0 0 0 782 201 41 0 0 0 0 0 
136 328 428 126 4 0 1 1 443 464 106 8 1 1 0 1 695 234 90 2 1 1 0 1 
0 201 818 5 0 0 0 0 339 678 7 0 0 0 0 0 960 58 6 0 0 0 0 0 
0 399 625 0 0 0 0 0 679 345 0 0 0 0 0 0 1024 0 0 0 0 0 0 0 
0 375 617 0 0 0 0 0 692 300 0 0 0 0 0 0 992 0 0 0 0 0 0 0 
7 215 41 41 383 337 0 0 50 190 65 557 162 0 0 0 105 147 132 522 118 0 0 0 
88 557 159 91 112 10 3 4 219 513 101 95 82 5 4 5 244 503 101 119 43 4 4 6 
11 48 500 382 82 1 0 0 932 68 24 0 0 0 0 0 821 180 23 0 0 0 0 0 
2 45 464 392 100 21 0 0 978 39 7 0 0 0 0 0 864 153 7 0 0 0 0 0 
0 11 440 400 158 15 0 0 968 55 1 0 0 0 0 0 880 144 0 0 0 0 0 0 
0 16 393 417 164 34 0 0 983 41 0 0 0 0 0 0 886 138 0 0 0 0 0 0 
4 14 359 422 189 36 0 0 988 36 0 0 0 0 0 0 905 119 0 0 0 0 0 0 
2 21 352 436 185 28 0 0 985 39 0 0 0 0 0 0 900 124 0 0 0 0 0 0 
5 16 364 457 177 5 0 0 997 27 0 0 0 0 0 0 875 149 0 0 0 0 0 0 
10 47 331 532 102 2 0 0 994 30 0 0 0 0 0 0 908 116 0 0 0 0 0 0 
54 127 376 406 59 0 1 1 890 91 37 4 0 0 0 2 813 182 23 4 0 0 1 1 
210 418 291 97 6 0 1 1 619 236 144 22 1 0 1 1 685 225 109 3 0 0 0 2 
56 728 218 22 0 0 0 0 647 338 39 0 0 0 0 0 948 45 31 0 0 0 0 0 
11 763 211 7 0 0 0 0 671 309 12 0 0 0 0 0 961 23 8 0 0 0 0 0 
5 195 80 44 694 1 2 3 25 215 581 177 21 0 1 4 60 228 624 96 9 3 0 4 
100 508 242 74 91 9 0 0 375 444 111 57 37 0 0 0 374 512 44 67 27 0 0 0 
7 44 382 476 110 5 0 0 925 80 19 0 0 0 0 0 816 190 18 0 0 0 0 0 
0 10 335 547 112 20 0 0 999 21 4 0 0 0 0 0 902 118 4 0 0 0 0 0 
4 55 373 395 173 24 0 0 971 50 3 0 0 0 0 0 891 130 3 0 0 0 0 0 
7 45 278 500 164 30 0 0 995 29 0 0 0 0 0 0 909 115 0 0 0 0 0 0 
26 41 271 467 187 32 0 0 1002 22 0 0 0 0 0 0 908 116 0 0 0 0 0 0 
32 39 385 392 150 26 0 0 999 25 0 0 0 0 0 0 932 92 0 0 0 0 0 0 
32 35 402 396 148 11 0 0 1002 22 0 0 0 0 0 0 919 105 0 0 0 0 0 0 
30 49 406 426 109 4 0 0 1000 24 0 0 0 0 0 0 933 91 0 0 0 0 0 0 
25 107 370 435 78 9 0 0 1003 21 0 0 0 0 0 0 942 82 0 0 0 0 0 0 
67 189 424 300 43 1 0 0 967 49 7 1 0 0 0 0 895 126 3 0 0 0 0 0 
389 345 174 108 6 1 0 1 708 160 145 7 2 1 0 1 725 209 84 2 2 1 0 1 
388 340 187 77 0 0 0 0 664 180 147 1 0 0 0 0 713 204 75 0 0 0 0 0 
30 168 89 493 243 1 0 0 99 357 520 34 14 0 0 0 109 793 76 29 17 0 0 0 
55 347 273 241 99 9 0 0 454 343 130 58 39 0 0 0 444 436 67 54 23 0 0 0 
9 95 129 643 144 4 0 0 932 89 3 0 0 0 0 0 823 200 1 0 0 0 0 0 
0 8 59 600 330 27 0 0 1020 4 0 0 0 0 0 0 870 154 0 0 0 0 0 0 
9 46 165 383 396 25 0 0 975 48 1 0 0 0 0 0 846 178 0 0 0 0 0 0 
11 28 73 415 459 38 0 0 985 39 0 0 0 0 0 0 853 171 0 0 0 0 0 0 
14 29 93 447 395 46 0 0 996 28 0 0 0 0 0 0 891 133 0 0 0 0 0 0 
12 17 160 509 289 37 0 0 1012 12 0 0 0 0 0 0 908 116 0 0 0 0 0 0 
12 13 247 474 252 26 0 0 1004 20 0 0 0 0 0 0 936 88 0 0 0 0 0 0 
24 23 312 472 169 24 0 0 1014 10 0 0 0 0 0 0 896 128 0 0 0 0 0 0 
36 47 370 470 92 9 0 0 1006 18 0 0 0 0 0 0 953 71 0 0 0 0 0 0 
40 70 430 422 58 4 0 0 1004 20 0 0 0 0 0 0 961 63 0 0 0 0 0 0 
43 418 407 143 13 0 0 0 992 26 6 0 0 0 0 0 968 54 2 0 0 0 0 0 
94 434 346 103 13 0 1 1 904 54 29 2 1 0 1 1 889 83 15 1 2 0 1 1 
13 155 151 682 23 0 0 0 71 797 118 20 18 0 0 0 91 864 39 20 10 0 0 0 
171 369 406 50 27 1 0 0 559 282 132 25 26 0 0 0 565 320 98 27 14 0 0 0 
176 261 289 298 0 0 0 0 922 101 1 0 0 0 0 0 880 143 1 0 0 0 0 0 
105 255 136 528 0 0 0 0 856 168 0 0 0 0 0 0 844 180 0 0 0 0 0 0 
192 300 125 407 0 0 0 0 828 193 3 0 0 0 0 0 787 235 2 0 0 0 0 0 
212 300 167 345 0 0 0 0 773 250 1 0 0 0 0 0 782 241 1 0 0 0 0 0 
234 313 116 361 0 0 0 0 803 221 0 0 0 0 0 0 785 239 0 0 0 0 0 0 
226 310 220 268 0 0 0 0 804 220 0 0 0 0 0 0 746 278 0 0 0 0 0 0 
261 297 393 73 0 0 0 0 827 197 0 0 0 0 0 0 835 189 0 0 0 0 0 0 
454 197 367 6 0 0 0 0 908 116 0 0 0 0 0 0 888 136 0 0 0 0 0 0 
489 220 314 1 0 0 0 0 889 135 0 0 0 0 0 0 899 125 0 0 0 0 0 0 
513 300 211 0 0 0 0 0 873 151 0 0 0 0 0 0 885 139 0 0 0 0 0 0 
517 483 24 0 0 0 0 0 828 196 0 0 0 0 0 0 847 177 0 0 0 0 0 0 
512 475 5 0 0 0 0 0 776 216 0 0 0 0 0 0 801 191 0 0 0 0 0 0 
28 111 439 405 9 0 0 0 66 812 86 24 4 0 0 0 99 849 24 20 0 0 0 0 
134 265 557 24 12 0 0 0 155 445 357 24 11 0 0 0 138 731 100 12 11 0 0 0 
138 230 624 0 0 0 0 0 198 336 458 0 0 0 0 0 190 477 325 0 0 0 0 0 
57 219 632 84 0 0 0 0 80 331 581 0 0 0 0 0 68 427 497 0 0 0 0 0 
60 196 517 219 0 0 0 0 89 222 681 0 0 0 0 0 86 335 571 0 0 0 0 0 
47 165 477 303 0 0 0 0 66 203 723 0 0 0 0 0 45 319 628 0 0 0 0 0 
36 146 476 334 0 0 0 0 49 194 749 0 0 0 0 0 33 281 678 0 0 0 0 0 
22 117 515 338 0 0 0 0 24 214 754 0 0 0 0 0 14 316 662 0 0 0 0 0 
4 102 551 335 0 0 0 0 5 218 769 0 0 0 0 0 6 377 609 0 0 0 0 0 
10 69 683 230 0 0 0 0 13 205 774 0 0 0 0 0 13 451 528 0 0 0 0 0 
4 55 892 41 0 0 0 0 5 224 763 0 0 0 0 0 6 636 350 0 0 0 0 0 
0 112 880 0 0 0 0 0 0 322 670 0 0 0 0 0 2 929 61 0 0 0 0 0 
0 129 863 0 0 0 0 0 0 620 372 0 0 0 0 0 0 989 3 0 0 0 0 0 
0 129 832 0 0 0 0 0 0 728 233 0 0 0 0 0 0 961 0 0 0 0 0 0 
