707 161 64 9 3 2 7 71 748 180 13 3 0 1 8 71 791 141 12 0 0 1 7 72 
111 489 76 28 0 0 0 320 115 555 34 0 0 0 0 320 182 490 32 0 0 0 0 320 
122 373 167 22 13 5 1 321 80 554 52 12 4 2 2 318 188 471 41 4 0 0 3 317 
32 440 96 47 26 23 33 327 81 477 53 34 19 22 31 307 174 414 54 27 13 17 30 295 
21 532 112 26 9 3 1 320 81 574 34 11 4 0 4 316 182 503 14 5 0 0 1 319 
49 538 102 15 0 0 29 291 117 559 28 0 0 1 31 288 213 329 162 0 0 0 28 292 
113 474 98 36 5 28 9 261 166 549 7 3 3 33 2 261 253 387 83 1 1 28 10 261 
795 95 82 31 15 4 2 0 863 118 25 13 5 0 0 0 948 59 12 5 0 0 0 0 
768 5 6 8 8 5 3 221 768 5 6 6 9 6 3 221 765 8 6 7 8 6 83 141 
0 0 0 0 0 0 0 1024 0 0 0 0 0 0 0 1024 0 0 0 0 0 0 221 803 
0 0 0 0 0 0 0 1024 0 0 0 0 0 0 0 1024 0 0 0 0 0 0 230 794 
0 0 0 0 0 0 0 1024 0 0 0 0 0 0 0 1024 0 0 0 0 0 0 96 928 
0 0 0 0 0 0 0 1024 0 0 0 0 0 0 0 1024 0 0 0 0 0 0 0 1024 
0 0 0 0 0 0 0 1024 0 0 0 0 0 0 0 1024 0 0 0 0 0 0 0 1024 
75 9 5 6 10 3 4 912 76 8 6 6 9 4 4 911 66 17 8 6 9 3 5 910 
1024 0 0 0 0 0 0 0 1024 0 0 0 0 0 0 0 1024 0 0 0 0 0 0 0 
787 13 1 8 5 8 10 192 787 13 2 8 5 8 61 140 793 7 5 7 6 51 155 0 
0 0 0 0 0 0 0 1024 0 0 0 0 0 0 80 944 0 0 0 0 0 85 939 0 
0 0 0 0 0 0 0 1024 0 0 0 0 0 0 0 1024 0 0 0 0 0 0 1024 0 
0 0 0 0 0 0 0 1024 0 0 0 0 0 0 30 994 0 0 0 0 0 4 979 41 
0 0 0 0 0 0 0 1024 0 0 0 0 0 0 0 1024 0 0 0 0 0 0 653 371 
0 0 0 0 0 0 0 1024 0 0 0 0 0 0 0 1024 0 0 0 0 0 0 288 736 
118 15 7 3 6 6 10 859 125 11 4 5 6 5 86 782 125 11 5 6 6 35 556 280 
1024 0 0 0 0 0 0 0 1024 0 0 0 0 0 0 0 1024 0 0 0 0 0 0 0 
820 9 5 8 8 10 106 58 823 8 6 7 11 69 100 0 822 9 11 10 76 95 1 0 
0 0 0 0 0 19 370 635 0 0 0 0 12 152 786 74 0 0 0 4 261 695 64 0 
0 0 0 0 0 0 120 904 0 0 0 0 0 10 681 333 0 0 0 0 33 653 338 0 
0 0 0 0 0 0 0 1024 0 0 0 0 0 0 791 233 0 0 0 0 0 697 327 0 
0 0 0 0 0 0 0 1024 0 0 0 0 0 0 770 254 0 0 0 0 0 699 325 0 
0 0 0 0 0 0 0 1024 0 0 0 0 0 0 691 333 0 0 0 0 10 614 400 0 
176 13 5 6 7 9 30 778 183 9 5 8 8 29 640 142 186 6 9 8 62 551 202 0 
1024 0 0 0 0 0 0 0 1024 0 0 0 0 0 0 0 1024 0 0 0 0 0 0 0 
841 117 66 0 0 0 0 0 863 112 49 0 0 0 0 0 917 107 0 0 0 0 0 0 
249 242 170 363 0 0 0 0 331 192 419 82 0 0 0 0 412 311 301 0 0 0 0 0 
97 318 128 416 65 0 0 0 179 271 214 360 0 0 0 0 318 233 470 3 0 0 0 0 
59 343 110 282 211 19 0 0 70 377 150 397 23 7 0 0 233 281 476 22 12 0 0 0 
60 332 131 330 139 5 27 0 87 362 152 391 0 28 4 0 252 288 452 0 24 8 0 0 
64 335 141 434 18 0 23 9 122 330 203 337 0 0 32 0 297 285 410 0 9 23 0 0 
248 319 154 278 1 0 11 13 383 239 297 80 1 1 23 0 474 293 232 1 7 17 0 0 
751 200 6 1 10 17 7 32 893 66 15 15 17 14 4 0 949 59 13 3 0 0 0 0 
305 141 313 171 72 18 4 0 655 255 91 21 2 0 0 0 824 161 34 5 0 0 0 0 
139 166 238 235 153 62 17 14 452 323 164 55 24 6 0 0 636 269 74 41 4 0 0 0 
28 222 246 272 146 75 29 6 311 437 154 85 30 7 0 0 577 304 108 35 0 0 0 0 
35 267 316 216 106 37 37 10 385 420 89 57 63 10 0 0 614 275 50 83 2 0 0 0 
42 248 265 203 133 83 46 4 322 416 112 127 47 0 0 0 575 247 153 49 0 0 0 0 
47 223 182 197 171 117 70 17 390 231 211 125 61 6 0 0 486 286 195 56 1 0 0 0 
431 75 129 104 129 98 29 29 596 166 110 103 45 4 0 0 671 194 105 54 0 0 0 0 
65 277 285 172 94 97 27 7 581 234 127 62 19 1 0 0 714 224 70 16 0 0 0 0 
137 354 284 152 79 10 4 4 764 126 113 13 8 0 0 0 817 155 43 9 0 0 0 0 
94 266 221 298 83 31 22 9 553 303 105 36 26 1 0 0 720 227 48 29 0 0 0 0 
101 303 177 298 94 33 18 0 568 293 116 36 11 0 0 0 715 227 69 13 0 0 0 0 
94 349 381 107 73 19 1 0 770 122 105 27 0 0 0 0 831 138 53 2 0 0 0 0 
112 293 308 218 69 23 1 0 649 231 109 35 0 0 0 0 773 194 55 2 0 0 0 0 
102 290 151 315 134 26 4 2 463 416 117 22 5 1 0 0 644 313 62 3 2 0 0 0 
71 318 132 336 143 21 3 0 464 461 87 10 2 0 0 0 640 366 15 3 0 0 0 0 
39 352 230 254 93 38 14 4 643 236 110 25 7 3 0 0 735 230 51 8 0 0 0 0 
59 482 130 176 42 25 34 76 708 144 42 36 35 48 11 0 719 174 39 39 50 3 0 0 
36 495 100 210 44 30 45 64 652 198 38 30 45 35 26 0 702 182 34 54 46 6 0 0 
10 523 121 166 37 37 58 72 659 166 41 36 34 31 37 20 689 168 39 50 34 44 0 0 
2 501 106 215 45 61 27 67 636 181 64 58 18 34 28 5 671 195 68 31 38 21 0 0 
6 523 206 120 45 55 27 42 711 138 59 50 31 31 2 2 759 143 58 51 11 2 0 0 
21 549 225 94 37 51 38 9 759 114 62 49 33 7 0 0 809 114 69 30 2 0 0 0 
27 518 264 86 35 32 44 18 754 140 35 47 48 0 0 0 806 122 61 34 1 0 0 0 
70 547 192 70 51 33 18 43 786 94 45 39 35 25 0 0 804 125 45 48 2 0 0 0 
