0 61 221 264 246 218 14 0 0 69 305 286 256 108 0 0 1 107 340 273 227 76 0 0 
662 143 144 60 15 0 0 0 461 353 164 44 2 0 0 0 650 199 145 30 0 0 0 0 
448 30 140 160 127 119 0 0 373 97 133 160 68 176 17 0 439 33 181 113 74 178 6 0 
0 0 2 353 158 469 42 0 0 0 18 332 105 258 307 4 0 0 74 282 110 306 252 0 
0 0 0 310 197 498 19 0 0 0 6 293 131 271 323 0 0 0 72 232 136 339 245 0 
0 0 43 372 370 239 0 0 0 0 61 315 228 389 31 0 0 0 143 242 242 395 2 0 
0 0 71 455 483 15 0 0 0 0 102 303 382 237 0 0 0 0 122 314 473 115 0 0 
0 0 64 477 483 0 0 0 0 0 47 321 507 149 0 0 0 0 74 394 554 2 0 0 
0 0 242 538 244 0 0 0 0 0 180 338 492 14 0 0 0 0 307 424 293 0 0 0 
239 17 218 393 125 0 0 0 199 57 143 281 312 0 0 0 240 18 245 336 153 0 0 0 
0 0 0 0 32 426 566 0 0 0 0 0 209 723 92 0 0 0 0 1 235 732 56 0 
276 284 40 34 143 244 3 0 14 389 200 67 266 88 0 0 194 338 80 95 271 46 0 0 
275 203 2 1 15 118 257 153 28 324 128 0 3 38 120 383 138 248 94 0 0 44 135 365 
0 0 0 0 0 16 427 581 0 0 0 0 0 0 40 984 0 0 0 0 0 0 70 954 
0 0 0 0 0 56 560 408 0 0 0 0 0 0 106 918 0 0 0 0 0 0 155 869 
0 0 0 0 0 431 575 18 0 0 0 0 0 140 362 522 0 0 0 0 0 191 418 415 
0 0 0 0 179 768 77 0 0 0 0 0 0 439 537 48 0 0 0 0 17 636 371 0 
0 0 0 0 420 604 0 0 0 0 0 0 0 594 430 0 0 0 0 0 124 894 6 0 
0 0 0 0 937 87 0 0 0 0 0 0 121 835 68 0 0 0 0 0 515 509 0 0 
268 11 9 6 692 6 0 0 131 142 12 3 166 536 2 0 262 14 12 3 433 268 0 0 
22 326 68 25 7 40 536 0 0 32 383 26 7 439 137 0 0 100 316 32 0 531 45 0 
342 317 82 20 13 212 38 0 151 299 272 28 50 217 3 4 288 326 122 25 96 166 1 0 
217 333 205 30 15 0 12 212 23 241 394 105 35 2 0 224 103 229 374 67 27 0 0 224 
2 294 248 23 9 0 0 448 0 15 492 45 24 0 0 448 0 59 466 29 22 0 0 448 
10 416 150 0 0 8 20 420 0 97 451 28 0 0 18 430 0 181 389 6 0 0 21 427 
80 492 4 0 5 27 265 151 0 348 228 0 0 20 12 416 11 517 48 0 0 32 0 416 
388 188 0 2 30 97 319 0 0 572 4 0 25 7 115 301 125 451 0 0 32 0 350 66 
573 3 0 0 32 408 8 0 9 567 0 0 14 18 416 0 401 175 0 0 23 163 262 0 
576 0 0 0 235 213 0 0 107 469 0 0 0 191 257 0 554 22 0 0 21 427 0 0 
681 8 9 1 229 64 0 0 212 472 5 9 1 192 101 0 664 23 7 4 20 274 0 0 
388 245 159 81 67 53 26 5 90 458 252 91 57 45 25 6 347 279 184 93 51 44 22 4 
347 344 122 85 53 46 22 5 49 537 222 90 52 35 34 5 346 347 137 78 49 31 33 3 
357 214 166 109 98 47 28 5 53 503 167 104 117 55 22 3 364 239 164 85 111 42 19 0 
274 275 135 107 126 80 23 4 66 461 164 132 93 65 36 7 311 268 144 128 80 63 27 3 
221 325 173 113 111 66 15 0 59 479 192 156 80 30 21 7 328 276 177 133 65 27 18 0 
247 363 163 110 110 29 2 0 67 538 181 154 78 5 1 0 361 344 134 148 34 3 0 0 
225 373 134 91 99 73 28 1 108 489 160 139 60 25 27 16 361 302 131 119 53 25 26 7 
177 384 175 129 79 71 9 0 93 464 203 149 73 31 11 0 359 291 173 140 33 23 5 0 
300 342 128 72 94 71 16 1 147 488 168 115 61 25 14 6 420 306 112 124 24 24 13 1 
341 286 116 66 98 69 13 3 117 493 163 108 59 32 15 5 422 281 110 102 38 28 10 1 
580 142 85 77 84 56 0 0 477 220 82 101 39 46 58 1 554 180 85 80 29 56 40 0 
466 155 110 94 108 63 26 2 361 221 143 114 51 46 75 13 467 193 125 87 43 60 44 5 
636 104 70 66 138 7 3 0 441 291 110 129 39 11 3 0 638 165 74 115 24 7 1 0 
572 144 66 35 91 85 31 0 369 280 91 137 63 34 30 20 549 150 76 135 43 27 30 14 
341 251 119 78 107 72 42 14 101 325 288 124 63 48 39 36 346 226 195 110 62 46 36 3 
389 196 88 37 77 141 89 7 183 282 185 114 116 52 23 69 393 157 142 142 67 38 30 55 
322 279 106 89 114 96 18 0 60 367 243 114 111 99 26 4 272 306 146 133 97 56 11 3 
475 265 46 46 55 98 37 2 116 570 98 65 141 27 6 1 530 229 45 164 47 6 3 0 
239 211 162 80 70 131 110 21 65 355 152 165 68 55 79 85 330 152 161 134 57 55 84 51 
284 167 147 70 62 163 82 17 109 325 146 183 80 48 48 53 347 160 128 183 40 59 41 34 
375 92 203 168 139 46 1 0 184 206 82 186 153 158 54 1 338 76 116 169 153 150 22 0 
373 76 165 196 160 48 4 2 118 281 57 148 175 173 67 5 280 145 92 141 188 136 39 3 
408 116 85 51 92 114 142 16 193 284 56 86 63 109 113 120 328 183 74 90 90 131 122 6 
616 171 167 32 17 14 7 0 327 349 121 133 59 15 16 4 584 190 89 117 24 13 7 0 
602 216 103 62 31 9 1 0 246 509 122 58 53 30 5 1 589 222 95 70 34 13 1 0 
465 98 69 47 247 74 17 7 352 166 99 38 59 254 44 12 428 190 65 45 133 157 6 0 
581 26 22 57 88 124 110 16 275 333 29 53 95 146 82 11 639 128 160 77 18 2 0 0 
936 41 21 14 9 3 0 0 490 474 23 21 10 5 1 0 938 41 19 15 8 3 0 0 
715 164 42 44 42 17 0 0 364 492 45 47 34 26 16 0 729 160 27 51 37 17 3 0 
792 107 15 50 25 3 0 0 505 385 14 31 41 12 4 0 759 140 15 50 23 5 0 0 
766 175 21 16 24 12 10 0 132 648 176 32 6 9 20 1 571 368 21 28 8 9 19 0 
688 90 27 42 129 38 10 0 304 425 72 113 14 53 33 10 683 101 49 83 14 67 24 3 
347 482 85 24 19 19 46 2 172 560 160 34 17 17 19 45 543 322 46 24 15 20 31 23 
585 48 160 197 34 0 0 0 539 79 38 107 230 31 0 0 602 37 46 240 98 1 0 0 
511 21 70 208 76 79 49 10 427 100 8 44 249 87 66 43 505 24 19 230 77 93 50 26 
253 11 41 183 176 230 126 4 215 46 18 105 164 196 233 47 263 73 63 149 144 155 171 6 
166 102 75 102 147 188 152 92 44 213 92 83 123 189 168 112 318 113 162 198 128 83 22 0 
891 21 17 71 15 9 0 0 510 396 11 39 54 13 1 0 889 23 17 71 18 6 0 0 
314 99 64 279 147 121 0 0 84 290 64 87 331 168 0 0 339 71 56 360 124 74 0 0 
341 80 39 235 221 76 0 0 93 312 35 49 334 169 0 0 367 52 41 305 193 34 0 0 
757 174 16 13 17 8 7 0 128 642 175 28 2 3 13 1 563 366 20 24 3 4 12 0 
688 90 27 39 114 25 9 0 304 425 72 113 11 35 23 9 683 101 49 83 11 47 15 3 
347 481 84 20 15 17 26 2 172 560 160 31 13 12 17 27 543 322 44 20 11 18 19 15 
584 46 132 196 34 0 0 0 539 77 37 87 221 31 0 0 600 36 46 211 98 1 0 0 
511 21 61 196 73 72 49 9 427 100 8 43 228 84 60 42 505 24 19 209 75 89 46 25 
253 8 40 181 159 221 126 4 215 45 16 104 161 181 223 47 261 69 63 148 143 138 164 6 
149 100 75 97 142 186 151 92 44 192 90 80 122 184 168 112 297 110 157 195 128 83 22 0 
862 20 16 70 15 9 0 0 509 367 10 38 54 13 1 0 859 23 16 70 18 6 0 0 
314 99 62 251 145 121 0 0 84 290 64 77 310 167 0 0 339 71 55 336 117 74 0 0 
341 80 37 219 213 71 0 0 93 312 35 47 317 157 0 0 367 52 40 293 182 27 0 0 
