597 368 59 0 0 0 0 0 1024 0 0 0 0 0 0 0 1024 0 0 0 0 0 0 0 
1021 2 1 0 0 0 0 0 1019 3 2 0 0 0 0 0 1013 8 2 1 0 0 0 0 
649 42 333 0 0 0 0 0 650 49 169 156 0 0 0 0 652 43 38 282 9 0 0 0 
594 106 137 187 0 0 0 0 592 87 116 175 54 0 0 0 584 56 148 22 178 36 0 0 
581 89 197 155 1 1 0 0 576 57 190 107 90 2 1 1 554 58 128 135 64 84 0 1 
582 68 122 210 36 1 2 3 564 51 143 58 200 2 1 5 534 65 39 134 75 170 2 5 
459 10 10 123 385 17 6 14 451 18 8 8 289 228 8 14 421 37 13 8 11 271 245 18 
109 27 22 60 768 20 9 9 109 25 18 34 83 732 13 10 86 32 18 28 30 53 639 138 
0 0 0 130 868 13 7 6 0 0 0 80 164 762 10 8 0 0 0 6 94 119 465 340 
0 0 0 216 747 29 12 20 0 0 0 116 234 617 32 25 0 0 0 21 126 135 503 239 
0 1 8 569 380 29 18 19 0 0 1 111 437 416 35 24 0 0 0 54 73 350 460 87 
59 66 87 794 12 3 3 0 85 49 50 169 593 76 2 0 83 51 15 129 85 501 160 0 
160 399 98 316 25 24 2 0 498 141 80 63 240 2 0 0 610 72 19 45 27 250 1 0 
498 467 21 22 10 6 0 0 952 23 17 13 6 11 2 0 964 10 10 13 8 9 8 2 
511 110 93 265 38 7 0 0 580 41 21 166 187 29 0 0 566 37 31 20 182 166 21 1 
103 88 417 367 16 1 0 0 183 9 11 636 150 3 0 0 181 9 9 16 635 141 1 0 
7 324 693 0 0 0 0 0 1024 0 0 0 0 0 0 0 1024 0 0 0 0 0 0 0 
746 278 0 0 0 0 0 0 1014 10 0 0 0 0 0 0 1007 14 3 0 0 0 0 0 
300 503 138 83 0 0 0 0 827 197 0 0 0 0 0 0 1009 15 0 0 0 0 0 0 
327 172 351 136 27 0 7 4 480 101 267 159 6 1 6 4 553 27 142 282 9 0 6 5 
177 113 301 408 7 8 6 4 270 25 198 494 19 9 5 4 272 26 113 400 194 11 4 4 
22 16 413 544 19 4 3 3 22 16 336 504 136 4 4 2 22 14 128 388 415 49 4 4 
24 22 98 745 122 7 4 2 37 10 127 528 305 11 4 2 38 9 59 357 332 221 6 2 
7 5 6 642 308 32 10 14 9 5 31 495 404 56 11 13 13 4 38 318 340 261 36 14 
73 76 35 469 341 16 8 6 101 56 37 323 463 30 6 8 119 51 63 89 379 280 34 9 
153 96 54 477 189 45 10 0 206 105 120 200 386 6 1 0 347 94 40 84 282 166 11 0 
186 71 30 306 214 157 59 1 206 220 259 195 136 7 1 0 629 159 31 57 47 101 0 0 
123 47 112 337 225 131 46 3 148 437 305 89 33 11 1 0 857 78 21 19 27 19 3 0 
3 92 205 492 150 76 6 0 117 283 172 151 258 36 7 0 509 33 34 22 160 238 26 2 
25 91 134 727 36 11 0 0 82 50 40 348 473 27 4 0 88 36 24 45 356 438 36 1 
0 7 377 640 0 0 0 0 0 0 143 706 175 0 0 0 0 0 22 377 459 166 0 0 
0 27 483 482 0 0 0 0 0 0 201 782 9 0 0 0 0 0 181 576 234 1 0 0 
0 72 923 29 0 0 0 0 943 81 0 0 0 0 0 0 1024 0 0 0 0 0 0 0 
162 830 29 1 1 1 0 0 993 10 2 5 1 3 4 6 999 4 6 2 1 5 3 4 
23 468 472 61 0 0 0 0 908 116 0 0 0 0 0 0 1024 0 0 0 0 0 0 0 
0 576 387 61 0 0 0 0 958 66 0 0 0 0 0 0 1024 0 0 0 0 0 0 0 
5 1014 5 0 0 0 0 0 1024 0 0 0 0 0 0 0 1024 0 0 0 0 0 0 0 
651 364 7 2 0 0 0 0 1014 8 2 0 0 0 0 0 1022 2 0 0 0 0 0 0 
171 335 140 132 142 85 18 1 577 206 208 31 1 1 0 0 946 14 35 28 1 0 0 0 
163 69 169 279 161 119 58 6 281 412 244 79 7 1 0 0 929 64 26 4 1 0 0 0 
27 35 206 366 253 125 11 1 70 525 297 90 30 8 4 0 814 99 42 42 22 4 1 0 
0 4 173 684 132 28 3 0 19 542 140 278 37 8 0 0 610 72 43 272 25 2 0 0 
0 19 246 629 90 39 1 0 14 295 169 509 34 3 0 0 334 75 78 481 56 0 0 0 
9 11 158 761 68 13 4 0 15 40 191 426 340 12 0 0 53 22 70 235 542 102 0 0 
0 1 509 514 0 0 0 0 0 0 428 518 78 0 0 0 0 0 186 407 406 25 0 0 
0 6 857 161 0 0 0 0 0 0 663 354 7 0 0 0 0 0 384 511 129 0 0 0 
0 0 661 306 51 6 0 0 0 0 801 203 20 0 0 0 0 55 742 227 0 0 0 0 
0 0 112 682 99 69 30 0 0 0 574 287 77 54 0 0 0 33 891 68 0 0 0 0 
0 75 783 164 2 0 0 0 605 404 15 0 0 0 0 0 1010 14 0 0 0 0 0 0 
130 299 123 410 25 33 4 0 355 138 341 142 32 16 0 0 482 342 168 29 3 0 0 0 
14 213 215 460 58 33 31 0 311 70 346 216 42 28 11 0 405 277 289 31 22 0 0 0 
15 288 51 509 85 42 33 1 318 35 325 288 18 26 14 0 359 289 330 30 16 0 0 0 
19 309 85 514 34 21 27 15 327 70 296 253 25 18 32 3 389 197 360 26 36 16 0 0 
110 157 237 400 59 35 23 3 259 170 215 307 28 26 18 1 419 153 378 41 28 5 0 0 
28 65 450 416 52 13 0 0 97 262 500 136 22 7 0 0 371 247 369 31 6 0 0 0 
1 14 70 840 57 27 12 3 19 42 535 371 30 22 5 0 87 451 315 144 24 3 0 0 
0 0 42 938 23 9 10 2 0 4 618 371 19 9 3 0 17 557 142 297 10 1 0 0 
0 0 56 968 0 0 0 0 0 12 801 211 0 0 0 0 65 620 140 199 0 0 0 0 
0 50 371 603 0 0 0 0 50 46 909 19 0 0 0 0 175 653 180 16 0 0 0 0 
0 194 569 261 0 0 0 0 183 181 660 0 0 0 0 0 340 624 57 3 0 0 0 0 
84 434 506 0 0 0 0 0 482 306 236 0 0 0 0 0 659 171 194 0 0 0 0 0 
193 351 338 124 16 2 0 0 633 53 267 45 8 3 4 11 678 226 97 6 6 1 2 8 
215 195 127 133 126 104 74 50 477 135 63 114 80 83 26 46 650 55 175 90 5 3 8 38 
0 176 237 236 75 73 83 112 284 349 70 42 37 81 31 98 687 46 54 89 8 7 16 85 
0 70 758 196 0 0 0 0 536 488 0 0 0 0 0 0 1024 0 0 0 0 0 0 0 
621 390 9 3 1 0 0 0 995 5 10 2 2 0 3 7 995 13 3 1 2 2 1 7 
6 535 213 153 40 27 14 36 626 225 85 17 16 19 6 30 931 20 23 10 4 6 6 24 
54 165 144 155 223 137 80 66 288 220 169 120 85 70 37 35 680 115 117 51 22 8 6 25 
26 171 235 336 136 39 36 45 293 281 261 75 37 28 16 33 679 226 38 35 2 10 11 23 
151 317 374 108 28 23 9 14 515 336 103 29 15 9 4 13 887 76 35 6 4 3 6 7 
50 514 338 88 19 11 4 0 605 297 98 18 4 2 0 0 937 67 15 3 2 0 0 0 
32 260 286 382 48 16 0 0 486 222 278 27 9 2 0 0 840 148 18 12 3 3 0 0 
3 188 324 330 124 35 12 8 399 280 269 45 19 7 4 1 791 170 41 14 3 4 1 0 
19 208 369 252 108 46 17 5 508 267 137 73 27 6 5 1 816 124 55 20 3 5 0 1 
10 206 421 271 83 27 6 0 504 242 152 93 24 8 1 0 754 138 95 24 12 1 0 0 
117 277 395 167 43 17 6 2 552 282 138 33 10 7 2 0 788 136 66 23 5 6 0 0 
209 348 323 95 34 15 0 0 616 256 114 30 8 0 0 0 832 142 44 6 0 0 0 0 
293 358 263 57 29 21 3 0 625 282 62 42 12 1 0 0 860 96 49 19 0 0 0 0 
217 501 226 60 16 4 0 0 654 244 99 19 7 1 0 0 835 125 42 21 1 0 0 0 
174 637 132 37 9 2 1 0 758 169 51 11 1 2 0 0 899 79 12 2 0 0 0 0 
14 157 466 182 111 52 30 12 473 211 151 88 47 25 27 2 744 121 54 54 31 20 0 0 
193 246 187 192 101 71 27 7 421 247 180 92 48 22 12 2 726 177 60 35 17 8 1 0 
26 241 244 272 157 52 24 8 279 326 246 98 38 22 11 4 693 221 64 27 10 6 2 1 
15 113 182 300 220 125 57 12 139 312 308 133 71 46 10 5 589 247 101 50 28 6 3 0 
5 63 170 260 258 159 64 45 92 235 310 201 86 41 29 30 419 321 152 53 32 23 13 11 
9 53 146 195 236 170 111 104 71 213 256 202 123 77 44 38 358 276 194 86 35 39 24 12 
9 36 115 271 272 184 88 49 65 195 352 217 119 38 29 9 392 355 170 61 22 18 3 3 
4 27 183 225 220 169 107 89 99 213 267 155 116 75 53 46 341 268 158 100 66 42 32 17 
12 90 177 225 243 135 90 52 101 213 305 187 93 78 24 23 357 296 200 88 43 16 8 16 
14 74 257 264 181 116 69 49 173 292 237 122 78 37 45 40 350 255 162 78 58 60 37 24 
9 69 231 323 189 107 64 32 66 245 342 187 84 46 39 15 308 340 195 82 42 23 20 14 
39 170 240 242 146 48 65 74 149 298 307 103 42 41 33 51 388 284 187 62 22 17 33 31 
70 104 168 250 197 134 82 19 120 190 306 180 81 70 55 22 261 285 254 109 67 44 4 0 
89 265 317 258 76 19 0 0 120 334 429 116 23 2 0 0 231 412 296 81 4 0 0 0 
227 344 351 90 11 1 0 0 496 373 143 7 4 1 0 0 631 263 119 9 1 1 0 0 
139 365 289 102 65 26 6 0 429 351 112 45 32 19 4 0 585 276 65 26 26 14 0 0 
60 183 272 277 109 74 34 15 186 333 263 84 78 47 21 12 643 164 82 79 25 15 14 2 
112 144 150 202 174 122 70 50 206 188 179 167 125 78 42 39 388 219 110 115 89 45 30 28 
75 138 187 185 171 105 96 67 209 245 159 127 87 66 75 56 440 222 80 74 54 58 69 27 
6 81 184 231 182 150 149 41 108 276 311 163 52 62 47 5 512 278 109 83 38 4 0 0 
97 167 173 192 158 98 69 70 307 158 178 131 115 52 39 44 409 203 155 136 55 31 21 14 
5 23 124 261 216 114 135 146 21 161 274 138 118 84 93 135 178 204 188 97 84 70 72 131 
34 144 185 237 142 101 69 112 165 247 280 120 65 66 45 36 372 229 187 85 59 47 29 16 
76 181 165 117 97 112 142 134 214 204 137 69 84 105 114 97 281 203 99 64 66 85 106 120 
185 57 71 169 199 132 128 83 192 80 171 197 124 91 87 82 214 148 240 125 56 45 76 120 
5 144 166 196 181 153 76 103 102 218 192 185 91 66 61 109 232 168 164 181 88 72 34 85 
43 218 202 199 145 116 75 26 178 262 247 128 136 52 12 9 363 206 223 142 60 27 3 0 
98 205 192 244 144 65 54 22 153 270 301 177 84 37 2 0 161 281 314 187 64 17 0 0 
203 253 229 157 55 73 42 12 342 291 189 80 62 39 13 8 346 310 183 84 54 12 19 16 
270 306 175 127 96 44 6 0 560 231 114 88 30 1 0 0 711 135 119 58 1 0 0 0 
319 294 282 87 35 7 0 0 556 291 122 38 15 2 0 0 653 213 111 43 4 0 0 0 
176 307 206 145 90 60 8 0 422 192 186 107 70 15 0 0 500 187 200 95 10 0 0 0 
41 274 410 274 24 1 0 0 257 426 288 53 0 0 0 0 646 303 75 0 0 0 0 0 
208 335 177 129 66 52 35 22 457 234 156 53 43 41 29 11 652 161 63 53 54 28 13 0 
119 166 214 104 131 135 116 39 239 254 123 113 124 99 56 16 532 106 111 108 105 41 18 3 
231 168 243 138 97 68 33 46 342 307 138 88 84 39 18 8 688 148 142 31 13 2 0 0 
107 149 117 150 212 99 83 107 241 165 250 129 84 78 41 36 615 156 118 59 30 13 9 24 
63 96 92 174 181 211 164 43 122 119 183 200 159 101 118 22 251 140 266 139 49 65 93 21 
25 98 52 114 128 203 258 146 100 53 99 99 127 209 153 184 127 69 87 129 142 144 149 177 
86 81 265 293 145 89 34 31 127 230 294 181 95 46 23 28 124 211 268 229 118 35 13 26 
230 129 138 231 208 60 15 13 304 142 316 204 39 10 6 3 354 316 222 110 15 2 3 2 
48 286 324 191 116 28 18 13 63 161 125 206 179 134 109 47 197 166 113 270 164 90 19 5 
122 638 170 41 30 9 7 7 113 552 185 78 46 40 9 1 165 594 124 85 50 6 0 0 
351 478 91 68 32 3 1 0 389 466 134 26 7 2 0 0 452 451 92 29 0 0 0 0 
102 108 259 296 140 88 29 2 163 149 375 71 90 81 89 6 172 222 337 105 17 23 58 90 
165 189 413 175 51 22 9 0 434 91 182 135 117 44 19 2 466 84 151 44 43 179 46 11 
105 330 329 155 75 17 13 0 689 244 50 20 18 3 0 0 733 129 67 94 1 0 0 0 
323 374 250 42 3 0 0 0 964 22 5 1 0 0 0 0 984 8 0 0 0 0 0 0 
203 193 336 265 25 2 0 0 389 402 208 20 5 0 0 0 985 21 18 0 0 0 0 0 
86 83 102 119 195 257 137 45 162 120 129 197 247 110 33 26 299 210 278 159 41 6 9 22 
60 82 110 121 192 214 168 77 158 154 184 237 173 91 22 5 532 177 150 103 48 10 4 0 
140 61 217 127 168 176 98 37 205 238 198 124 101 94 54 10 538 156 97 87 86 55 5 0 
0 33 209 174 167 188 189 64 51 169 235 194 255 77 14 29 339 193 247 196 11 15 22 1 
283 127 143 80 138 128 88 37 309 157 128 160 120 66 42 42 388 206 171 112 63 33 48 3 
20 70 327 179 122 74 146 86 49 211 251 173 165 114 49 12 91 239 326 265 61 21 16 5 
136 485 319 84 0 0 0 0 417 364 208 22 13 0 0 0 311 437 202 74 0 0 0 0 
23 254 162 327 78 54 55 71 264 389 188 52 31 30 43 27 380 340 131 86 39 28 16 4 
141 462 168 53 51 50 76 23 649 246 28 28 20 14 28 11 832 98 22 24 14 24 2 8 
319 509 72 42 36 22 16 8 697 172 67 26 20 18 15 9 773 155 23 19 18 21 10 5 
396 271 104 73 62 41 59 18 521 261 74 57 48 40 23 0 716 157 61 40 47 3 0 0 
0 43 322 307 171 130 50 1 3 33 222 329 280 134 23 0 23 130 271 191 193 152 55 9 
10 263 361 271 119 0 0 0 0 44 521 325 134 0 0 0 17 242 225 243 185 110 2 0 
584 86 161 159 34 0 0 0 683 168 146 27 0 0 0 0 886 108 30 0 0 0 0 0 
918 70 4 0 0 0 0 0 980 8 4 0 0 0 0 0 982 9 1 0 0 0 0 0 
407 381 163 20 20 1 0 0 712 216 35 19 10 0 0 0 935 31 21 5 0 0 0 0 
1 103 147 172 221 238 107 3 72 108 177 231 229 116 58 1 227 226 291 163 80 5 0 0 
11 52 162 233 199 166 117 52 138 206 210 274 122 40 2 0 567 257 123 39 6 0 0 0 
0 1 93 293 334 198 65 8 5 190 322 287 124 34 26 4 328 324 208 74 43 15 0 0 
40 118 408 318 68 40 0 0 111 414 360 67 40 0 0 0 557 345 65 25 0 0 0 0 
77 223 134 197 170 57 80 54 261 111 228 160 77 51 65 39 407 228 133 116 59 49 0 0 
17 188 148 187 126 109 161 56 166 252 153 157 164 53 31 16 381 261 190 107 33 16 4 0 
130 243 113 186 103 99 106 12 558 248 70 50 46 11 5 4 750 139 81 11 4 5 2 0 
6 13 28 42 80 264 421 138 110 64 48 72 182 161 247 108 171 64 128 183 166 211 67 2 
121 43 19 97 163 261 259 29 592 235 13 12 40 59 38 3 824 17 25 66 28 32 0 0 
866 126 0 0 0 0 0 0 930 62 0 0 0 0 0 0 953 39 0 0 0 0 0 0 
794 122 14 16 25 10 11 0 882 51 23 21 15 0 0 0 932 44 14 2 0 0 0 0 
447 21 103 192 130 40 56 3 459 14 68 109 188 141 13 0 495 44 71 120 137 109 16 0 
79 170 237 245 119 113 29 0 123 101 386 202 169 11 0 0 311 256 206 124 77 18 0 0 
656 142 110 84 0 0 0 0 797 155 40 0 0 0 0 0 992 0 0 0 0 0 0 0 
815 84 62 0 0 0 0 0 855 82 24 0 0 0 0 0 953 8 0 0 0 0 0 0 
