1024 0 0 0 0 0 0 0 1019 5 0 0 0 0 0 0 908 116 0 0 0 0 0 0 
1024 0 0 0 0 0 0 0 910 114 0 0 0 0 0 0 769 255 0 0 0 0 0 0 
1024 0 0 0 0 0 0 0 1024 0 0 0 0 0 0 0 1024 0 0 0 0 0 0 0 
1024 0 0 0 0 0 0 0 1024 0 0 0 0 0 0 0 1024 0 0 0 0 0 0 0 
1024 0 0 0 0 0 0 0 1024 0 0 0 0 0 0 0 1024 0 0 0 0 0 0 0 
1024 0 0 0 0 0 0 0 1024 0 0 0 0 0 0 0 1024 0 0 0 0 0 0 0 
1024 0 0 0 0 0 0 0 1024 0 0 0 0 0 0 0 1024 0 0 0 0 0 0 0 
1024 0 0 0 0 0 0 0 1024 0 0 0 0 0 0 0 1024 0 0 0 0 0 0 0 
1024 0 0 0 0 0 0 0 1024 0 0 0 0 0 0 0 1024 0 0 0 0 0 0 0 
1024 0 0 0 0 0 0 0 1024 0 0 0 0 0 0 0 1024 0 0 0 0 0 0 0 
1024 0 0 0 0 0 0 0 1024 0 0 0 0 0 0 0 1024 0 0 0 0 0 0 0 
1024 0 0 0 0 0 0 0 1024 0 0 0 0 0 0 0 1024 0 0 0 0 0 0 0 
1024 0 0 0 0 0 0 0 1024 0 0 0 0 0 0 0 998 26 0 0 0 0 0 0 
1024 0 0 0 0 0 0 0 1024 0 0 0 0 0 0 0 1024 0 0 0 0 0 0 0 
992 0 0 0 0 0 0 0 992 0 0 0 0 0 0 0 992 0 0 0 0 0 0 0 
1013 11 0 0 0 0 0 0 877 147 0 0 0 0 0 0 630 394 0 0 0 0 0 0 
1019 5 0 0 0 0 0 0 560 464 0 0 0 0 0 0 487 289 248 0 0 0 0 0 
1024 0 0 0 0 0 0 0 1024 0 0 0 0 0 0 0 1024 0 0 0 0 0 0 0 
1024 0 0 0 0 0 0 0 1024 0 0 0 0 0 0 0 1024 0 0 0 0 0 0 0 
1024 0 0 0 0 0 0 0 1024 0 0 0 0 0 0 0 1024 0 0 0 0 0 0 0 
503 521 0 0 0 0 0 0 514 510 0 0 0 0 0 0 510 514 0 0 0 0 0 0 
480 544 0 0 0 0 0 0 480 544 0 0 0 0 0 0 480 544 0 0 0 0 0 0 
509 513 2 0 0 0 0 0 513 511 0 0 0 0 0 0 511 511 2 0 0 0 0 0 
744 280 0 0 0 0 0 0 751 273 0 0 0 0 0 0 751 273 0 0 0 0 0 0 
1024 0 0 0 0 0 0 0 1024 0 0 0 0 0 0 0 1024 0 0 0 0 0 0 0 
1024 0 0 0 0 0 0 0 1024 0 0 0 0 0 0 0 1024 0 0 0 0 0 0 0 
1024 0 0 0 0 0 0 0 1024 0 0 0 0 0 0 0 1024 0 0 0 0 0 0 0 
1015 9 0 0 0 0 0 0 720 304 0 0 0 0 0 0 587 342 95 0 0 0 0 0 
1022 2 0 0 0 0 0 0 748 276 0 0 0 0 0 0 532 417 75 0 0 0 0 0 
992 0 0 0 0 0 0 0 768 224 0 0 0 0 0 0 558 388 46 0 0 0 0 0 
1024 0 0 0 0 0 0 0 850 174 0 0 0 0 0 0 614 396 14 0 0 0 0 0 
987 37 0 0 0 0 0 0 346 678 0 0 0 0 0 0 286 271 467 0 0 0 0 0 
1024 0 0 0 0 0 0 0 1024 0 0 0 0 0 0 0 1024 0 0 0 0 0 0 0 
1024 0 0 0 0 0 0 0 1024 0 0 0 0 0 0 0 1024 0 0 0 0 0 0 0 
1024 0 0 0 0 0 0 0 1024 0 0 0 0 0 0 0 1024 0 0 0 0 0 0 0 
91 551 382 0 0 0 0 0 96 928 0 0 0 0 0 0 96 911 17 0 0 0 0 0 
0 151 873 0 0 0 0 0 0 822 202 0 0 0 0 0 0 961 63 0 0 0 0 0 
0 202 822 0 0 0 0 0 0 817 207 0 0 0 0 0 0 989 35 0 0 0 0 0 
456 429 139 0 0 0 0 0 463 553 8 0 0 0 0 0 456 543 25 0 0 0 0 0 
1024 0 0 0 0 0 0 0 1024 0 0 0 0 0 0 0 1024 0 0 0 0 0 0 0 
1024 0 0 0 0 0 0 0 1024 0 0 0 0 0 0 0 1024 0 0 0 0 0 0 0 
1024 0 0 0 0 0 0 0 1024 0 0 0 0 0 0 0 1024 0 0 0 0 0 0 0 
946 78 0 0 0 0 0 0 386 622 16 0 0 0 0 0 246 356 422 0 0 0 0 0 
1005 19 0 0 0 0 0 0 329 695 0 0 0 0 0 0 175 541 308 0 0 0 0 0 
983 9 0 0 0 0 0 0 361 631 0 0 0 0 0 0 206 542 244 0 0 0 0 0 
926 28 28 19 16 7 0 0 653 284 19 20 14 18 15 1 325 584 29 19 27 20 14 6 
848 143 8 16 4 5 0 0 322 643 28 7 8 10 6 0 293 167 525 9 7 14 3 6 
1024 0 0 0 0 0 0 0 1024 0 0 0 0 0 0 0 1024 0 0 0 0 0 0 0 
1024 0 0 0 0 0 0 0 1024 0 0 0 0 0 0 0 1024 0 0 0 0 0 0 0 
1024 0 0 0 0 0 0 0 1024 0 0 0 0 0 0 0 1024 0 0 0 0 0 0 0 
65 293 666 0 0 0 0 0 78 721 225 0 0 0 0 0 79 614 331 0 0 0 0 0 
11 165 839 3 4 2 0 0 16 295 708 4 1 0 0 0 17 344 659 3 1 0 0 0 
3 127 894 0 0 0 0 0 3 221 800 0 0 0 0 0 3 365 656 0 0 0 0 0 
496 116 412 0 0 0 0 0 498 308 218 0 0 0 0 0 496 373 155 0 0 0 0 0 
1024 0 0 0 0 0 0 0 1024 0 0 0 0 0 0 0 1024 0 0 0 0 0 0 0 
1024 0 0 0 0 0 0 0 1024 0 0 0 0 0 0 0 1024 0 0 0 0 0 0 0 
947 19 6 8 10 4 4 26 1013 11 0 0 0 0 0 0 1018 6 0 0 0 0 0 0 
723 291 1 5 4 0 0 0 300 467 248 1 3 5 0 0 207 269 529 10 3 4 2 0 
899 125 0 0 0 0 0 0 299 712 13 0 0 0 0 0 126 597 298 3 0 0 0 0 
915 77 0 0 0 0 0 0 326 663 3 0 0 0 0 0 141 606 245 0 0 0 0 0 
583 214 141 71 15 0 0 0 178 456 127 148 80 34 1 0 42 481 150 162 114 64 11 0 
577 272 94 67 14 0 0 0 334 474 73 52 76 10 5 0 313 124 410 63 54 50 10 0 
1024 0 0 0 0 0 0 0 1024 0 0 0 0 0 0 0 1024 0 0 0 0 0 0 0 
1024 0 0 0 0 0 0 0 1024 0 0 0 0 0 0 0 1024 0 0 0 0 0 0 0 
1024 0 0 0 0 0 0 0 1024 0 0 0 0 0 0 0 1024 0 0 0 0 0 0 0 
1016 8 0 0 0 0 0 0 1016 8 0 0 0 0 0 0 1012 12 0 0 0 0 0 0 
583 175 151 88 23 4 0 0 667 208 120 27 2 0 0 0 704 246 66 8 0 0 0 0 
750 71 49 43 52 58 1 0 772 75 34 36 49 57 1 0 772 78 30 32 49 56 7 0 
1008 16 0 0 0 0 0 0 1008 16 0 0 0 0 0 0 1004 20 0 0 0 0 0 0 
1024 0 0 0 0 0 0 0 1024 0 0 0 0 0 0 0 1024 0 0 0 0 0 0 0 
1024 0 0 0 0 0 0 0 1024 0 0 0 0 0 0 0 1024 0 0 0 0 0 0 0 
928 47 33 16 0 0 0 0 898 32 27 38 20 9 0 0 888 32 27 42 24 11 0 0 
421 544 38 11 10 0 0 0 31 489 442 37 15 5 5 0 26 129 790 39 23 11 6 0 
797 227 0 0 0 0 0 0 68 862 83 11 0 0 0 0 0 521 457 46 0 0 0 0 
806 186 0 0 0 0 0 0 72 818 72 30 0 0 0 0 0 528 395 69 0 0 0 0 
498 177 87 29 36 34 40 123 572 148 60 42 52 55 53 42 588 134 65 59 66 54 38 20 
676 136 83 54 53 15 7 0 727 135 66 50 32 12 2 0 777 133 60 32 15 7 0 0 
676 122 79 80 54 7 5 1 778 137 65 39 4 1 0 0 816 115 75 17 1 0 0 0 
565 226 74 44 46 21 17 31 721 156 44 26 23 20 19 15 764 135 38 23 33 28 3 0 
451 259 189 81 21 10 6 7 569 239 150 42 10 9 3 2 626 268 102 16 8 4 0 0 
613 224 97 72 9 4 4 1 721 186 66 38 8 4 1 0 754 166 67 29 7 1 0 0 
435 240 83 31 19 17 26 173 506 199 69 26 13 15 19 177 513 200 68 19 13 18 17 176 
408 132 132 121 79 57 42 53 456 158 138 123 66 37 12 34 478 210 147 90 45 17 11 26 
376 214 175 110 85 29 19 16 480 239 139 79 51 17 15 4 558 238 114 63 30 18 3 0 
467 229 197 59 20 22 18 12 575 261 100 33 21 20 12 2 641 267 55 26 27 7 1 0 
309 155 129 105 128 97 81 20 430 171 103 93 118 78 30 1 484 157 89 112 113 59 10 0 
474 85 77 106 84 78 76 44 663 110 53 29 34 35 53 47 707 91 28 39 33 22 53 51 
696 143 71 39 26 15 13 21 703 132 72 27 33 18 13 26 702 133 87 24 20 19 16 23 
505 176 139 89 78 27 8 2 489 214 131 84 74 29 3 0 490 194 180 73 71 15 1 0 
499 161 137 88 73 24 8 2 471 205 135 83 70 25 3 0 469 191 178 75 68 10 1 0 
168 312 239 235 52 7 3 8 381 293 185 123 23 5 3 11 471 250 137 112 24 13 5 12 
195 194 150 177 103 64 105 36 374 302 197 131 16 3 1 0 387 345 221 46 14 10 1 0 
262 336 131 92 71 65 43 24 762 94 58 39 37 19 10 5 751 118 63 48 24 13 6 1 
365 121 89 109 123 84 117 16 810 122 48 13 14 15 2 0 849 122 20 17 14 2 0 0 
676 77 53 45 59 73 40 1 879 107 23 14 1 0 0 0 932 70 19 2 1 0 0 0 
574 112 87 79 61 50 58 3 656 130 83 62 61 32 0 0 669 137 79 80 55 4 0 0 
736 144 51 28 10 6 19 30 778 110 40 31 11 5 13 36 792 99 46 27 6 7 12 35 
166 156 148 248 182 68 43 13 252 209 293 104 55 82 25 4 337 355 114 61 59 43 47 8 
823 102 38 25 33 2 1 0 890 62 25 33 12 2 0 0 900 58 30 32 2 2 0 0 
594 150 40 22 21 20 37 140 732 100 55 100 35 2 0 0 742 92 74 104 11 1 0 0 
66 117 73 74 79 112 115 388 314 145 181 319 62 3 0 0 335 142 261 248 35 3 0 0 
615 262 49 52 39 7 0 0 718 231 30 25 16 4 0 0 614 174 183 48 5 0 0 0 
134 449 249 126 38 18 4 6 119 301 371 141 61 20 5 6 95 183 246 417 46 25 5 7 
172 238 285 257 58 13 1 0 260 324 291 114 31 4 0 0 302 383 221 84 33 1 0 0 
189 227 277 236 49 13 1 0 275 306 277 107 23 4 0 0 319 362 206 81 24 0 0 0 
819 145 30 3 1 7 4 15 789 137 52 19 1 7 4 15 551 308 56 56 26 4 4 19 
736 212 35 19 16 6 0 0 663 265 59 16 14 5 2 0 353 390 193 54 23 10 1 0 
872 83 30 18 20 1 0 0 911 77 17 8 10 1 0 0 836 137 32 8 10 1 0 0 
899 112 8 2 2 1 0 0 950 70 4 0 0 0 0 0 939 83 2 0 0 0 0 0 
973 21 14 14 2 0 0 0 1000 21 3 0 0 0 0 0 999 22 3 0 0 0 0 0 
685 134 69 50 34 22 30 0 749 112 82 37 27 9 8 0 749 137 78 38 13 8 1 0 
464 236 178 114 29 1 2 0 647 253 105 10 6 3 0 0 772 226 14 3 8 1 0 0 
2 246 227 351 198 0 0 0 287 275 375 87 0 0 0 0 522 434 68 0 0 0 0 0 
712 73 114 91 34 0 0 0 737 175 93 19 0 0 0 0 799 194 27 4 0 0 0 0 
843 116 31 21 8 2 3 0 863 107 26 15 11 0 2 0 835 129 33 16 9 0 2 0 
329 206 119 140 128 88 8 6 441 220 135 136 72 19 1 0 392 235 146 134 94 23 0 0 
402 208 87 45 29 20 20 213 457 159 83 46 28 21 19 211 257 326 61 81 37 22 22 218 
614 308 55 25 11 5 5 1 605 298 69 29 14 3 2 4 447 266 199 81 18 6 3 4 
850 140 22 5 6 1 0 0 907 93 12 6 4 2 0 0 820 179 13 6 3 3 0 0 
834 126 20 5 6 1 0 0 889 81 10 6 4 2 0 0 807 162 11 6 3 3 0 0 
953 26 20 12 8 5 0 0 947 32 9 19 9 8 0 0 926 51 12 18 10 7 0 0 
970 28 7 8 8 2 1 0 983 15 6 9 6 4 1 0 911 84 9 9 8 1 2 0 
1011 13 0 0 0 0 0 0 1012 12 0 0 0 0 0 0 1010 14 0 0 0 0 0 0 
943 34 17 17 10 3 0 0 985 28 9 2 0 0 0 0 1021 3 0 0 0 0 0 0 
783 121 43 26 25 19 6 1 869 97 28 17 10 3 0 0 933 74 13 2 2 0 0 0 
772 115 50 64 7 6 9 1 836 89 66 18 7 8 0 0 841 128 36 8 10 1 0 0 
686 114 62 74 68 18 2 0 751 74 88 83 22 6 0 0 762 99 101 44 16 2 0 0 
210 349 207 150 45 22 39 2 542 280 115 21 22 44 0 0 757 175 23 22 46 1 0 0 
756 98 49 34 14 12 28 33 830 62 29 18 17 36 32 0 843 80 13 11 27 48 2 0 
611 47 59 69 57 80 73 28 615 43 33 100 75 65 55 38 613 53 57 88 54 68 51 40 
212 12 19 14 14 20 172 561 207 13 8 13 20 22 131 610 199 16 10 11 11 35 112 630 
113 56 340 103 38 31 38 305 120 63 302 128 36 28 39 308 116 60 205 220 43 28 35 317 
124 34 23 38 29 35 70 671 131 28 22 29 34 39 46 695 114 39 21 31 36 36 44 703 
947 9 4 2 2 8 8 44 954 3 3 3 5 7 4 45 927 23 7 3 2 3 10 49 
950 8 3 1 2 8 5 15 956 3 2 2 5 5 4 15 935 18 6 2 1 3 9 18 
982 22 10 10 0 0 0 0 979 19 10 15 1 0 0 0 927 71 9 16 1 0 0 0 
990 16 9 9 0 0 0 0 985 20 7 9 3 0 0 0 981 23 9 10 1 0 0 0 
1024 0 0 0 0 0 0 0 1024 0 0 0 0 0 0 0 1024 0 0 0 0 0 0 0 
940 40 29 11 2 2 0 0 934 40 31 14 2 3 0 0 929 43 28 18 3 3 0 0 
947 40 34 3 0 0 0 0 937 49 35 3 0 0 0 0 926 54 37 7 0 0 0 0 
487 154 178 98 33 40 33 1 487 279 155 37 48 18 0 0 545 309 95 47 26 2 0 0 
663 86 37 93 69 44 32 0 690 64 119 79 42 30 0 0 680 88 158 50 48 0 0 0 
611 129 78 120 16 30 38 2 699 90 116 34 43 42 0 0 655 176 79 46 64 4 0 0 
448 110 49 59 128 77 80 73 513 62 48 116 130 117 38 0 435 153 82 115 163 76 0 0 
352 146 100 170 128 116 12 0 341 153 106 177 132 99 16 0 304 195 91 172 132 108 22 0 
316 34 102 142 105 94 173 58 273 79 64 158 115 90 157 88 102 243 45 158 128 82 151 115 
244 26 101 81 114 93 132 233 156 112 81 89 107 94 119 266 35 229 57 107 93 113 101 289 
330 33 81 70 69 83 93 265 333 28 62 72 71 81 97 280 213 144 50 74 65 79 100 299 
803 89 40 13 29 31 14 5 820 79 40 9 25 37 7 7 803 84 46 14 22 37 10 8 
807 87 34 10 21 24 8 1 824 77 34 7 20 27 2 1 804 85 41 12 16 28 5 1 
946 23 13 10 0 0 0 0 944 20 12 15 1 0 0 0 940 20 14 17 1 0 0 0 
848 40 32 68 4 0 0 0 849 36 24 67 16 0 0 0 842 41 25 69 15 0 0 0 
885 46 37 22 2 0 0 0 875 47 29 39 2 0 0 0 872 47 35 36 2 0 0 0 
841 79 54 14 2 2 0 0 832 77 61 17 2 3 0 0 817 87 59 23 3 3 0 0 
858 97 34 3 0 0 0 0 830 124 35 3 0 0 0 0 737 211 37 7 0 0 0 0 
789 155 45 3 0 0 0 0 772 193 26 1 0 0 0 0 735 220 33 4 0 0 0 0 
913 46 28 5 0 0 0 0 904 51 31 6 0 0 0 0 883 70 31 8 0 0 0 0 
739 184 25 36 6 2 0 0 682 245 24 26 12 3 0 0 550 374 26 30 9 3 0 0 
758 55 27 50 83 18 1 0 703 118 27 67 65 12 0 0 391 428 57 47 55 14 0 0 
810 70 45 46 21 0 0 0 765 116 43 48 20 0 0 0 603 269 45 54 20 1 0 0 
800 61 45 40 31 15 0 0 605 258 18 60 36 14 1 0 164 692 27 57 37 14 1 0 
701 74 31 39 46 40 16 45 412 368 27 38 44 32 24 47 52 724 24 42 36 42 22 50 
842 30 52 34 15 6 4 9 845 28 52 32 18 5 6 6 610 259 42 39 21 7 5 9 
955 13 8 4 4 4 4 0 962 12 6 4 4 4 0 0 959 14 8 3 6 2 0 0 
926 11 8 4 4 4 4 0 933 10 6 4 4 4 0 0 930 12 8 3 6 2 0 0 
