222 146 273 170 130 56 25 2 126 114 251 220 186 111 16 0 125 145 330 229 179 16 0 0 
594 181 163 86 0 0 0 0 549 194 203 73 5 0 0 0 541 296 129 57 1 0 0 0 
689 69 64 52 58 90 2 0 278 514 90 123 19 0 0 0 255 566 202 1 0 0 0 0 
817 141 22 13 9 14 7 1 37 756 184 23 19 5 0 0 16 137 740 128 3 0 0 0 
782 197 17 14 2 6 6 0 0 716 276 20 7 5 0 0 0 22 777 224 1 0 0 0 
585 331 63 17 7 12 8 1 1 564 339 94 19 7 0 0 0 90 695 237 2 0 0 0 
490 421 80 15 11 4 3 0 0 537 359 112 16 0 0 0 1 109 734 179 1 0 0 0 
172 245 161 248 193 5 0 0 2 224 220 436 141 1 0 0 2 128 681 212 1 0 0 0 
104 32 239 550 99 0 0 0 3 118 231 602 70 0 0 0 8 240 707 69 0 0 0 0 
326 113 506 79 0 0 0 0 224 141 552 107 0 0 0 0 337 444 242 1 0 0 0 0 
947 43 2 0 0 0 0 0 652 335 5 0 0 0 0 0 960 32 0 0 0 0 0 0 
427 403 194 0 0 0 0 0 430 542 52 0 0 0 0 0 984 40 0 0 0 0 0 0 
548 229 203 44 0 0 0 0 463 379 175 7 0 0 0 0 717 289 18 0 0 0 0 0 
371 228 193 195 37 0 0 0 150 375 332 154 13 0 0 0 273 369 351 31 0 0 0 0 
128 273 249 140 116 110 8 0 0 75 328 347 223 50 1 0 0 10 316 663 34 1 0 0 
31 164 251 54 192 328 4 0 0 23 121 334 344 202 0 0 0 1 59 726 238 0 0 0 
0 80 291 350 229 70 4 0 0 0 30 374 560 60 0 0 0 0 32 591 398 3 0 0 
0 4 183 113 201 169 347 7 0 0 1 200 218 321 282 2 0 1 8 220 618 175 2 0 
0 0 80 126 280 221 275 42 0 0 0 98 267 367 285 7 0 2 17 187 575 241 2 0 
0 41 233 232 387 123 7 1 0 0 44 299 406 266 9 0 0 13 90 529 368 24 0 0 
234 415 141 224 10 0 0 0 36 471 188 246 83 0 0 0 396 168 285 175 0 0 0 0 
457 347 112 76 0 0 0 0 62 740 130 60 0 0 0 0 652 252 88 0 0 0 0 0 
115 204 583 121 1 0 0 0 160 256 600 8 0 0 0 0 412 596 16 0 0 0 0 0 
317 312 208 165 13 5 4 0 407 329 204 60 14 4 5 1 664 242 71 17 15 5 3 7 
141 65 150 212 389 67 0 0 141 145 185 453 100 0 0 0 299 387 338 0 0 0 0 0 
32 11 56 286 331 296 12 0 32 67 124 359 430 12 0 0 110 244 499 136 35 0 0 0 
0 10 38 60 151 362 178 225 2 29 66 81 305 338 182 21 39 85 253 301 314 32 0 0 
0 12 84 173 217 175 330 33 0 40 110 122 333 375 44 0 36 115 194 468 210 1 0 0 
0 1 27 73 65 114 266 478 0 9 70 75 107 245 365 153 12 82 83 281 370 187 9 0 
0 15 27 22 72 110 192 586 0 22 56 58 113 137 252 386 32 71 121 165 238 372 25 0 
11 18 34 78 77 90 248 468 0 32 79 102 118 354 300 39 37 129 203 420 189 46 0 0 
18 69 187 258 191 141 159 1 13 130 286 271 225 99 0 0 109 319 503 93 0 0 0 0 
1 172 439 333 47 0 0 0 2 300 480 198 12 0 0 0 195 494 301 2 0 0 0 0 
0 0 952 72 0 0 0 0 0 3 1021 0 0 0 0 0 96 928 0 0 0 0 0 0 
924 42 48 10 0 0 0 0 915 52 51 6 0 0 0 0 957 60 7 0 0 0 0 0 
19 5 7 76 575 342 0 0 19 6 11 570 418 0 0 0 20 238 766 0 0 0 0 0 
0 0 0 37 81 448 422 36 0 23 23 85 493 372 28 0 15 48 574 358 29 0 0 0 
45 133 54 105 167 256 210 54 45 161 67 213 277 205 7 49 111 207 393 249 11 4 12 37 
148 41 31 39 89 159 77 440 151 53 42 69 163 42 227 277 188 76 133 105 11 10 419 82 
121 31 57 44 75 135 94 467 116 58 61 82 133 85 185 304 159 86 122 139 39 4 299 176 
134 30 21 41 51 181 136 430 129 51 40 65 180 142 20 397 187 59 196 152 23 6 32 369 
272 179 54 37 59 168 144 111 259 217 61 57 180 163 22 65 444 107 215 172 6 3 66 11 
137 10 7 22 409 210 206 23 133 16 10 254 350 225 36 0 144 18 398 395 69 0 0 0 
561 21 37 171 201 1 0 0 556 26 40 320 50 0 0 0 578 51 341 22 0 0 0 0 
0 0 1024 0 0 0 0 0 0 71 953 0 0 0 0 0 385 639 0 0 0 0 0 0 
98 43 304 573 6 0 0 0 94 54 737 128 9 2 0 0 158 783 58 11 4 5 3 2 
60 10 35 144 601 174 0 0 58 23 58 643 242 0 0 0 90 338 595 1 0 0 0 0 
40 12 83 134 170 266 240 79 32 82 116 169 280 261 43 41 92 136 392 293 46 14 16 35 
93 242 103 191 196 110 14 75 57 245 181 265 172 15 14 75 64 319 406 128 7 7 6 87 
275 171 14 9 9 113 410 23 215 101 137 16 9 88 434 24 214 78 80 84 15 16 302 235 
143 57 6 5 5 33 553 222 137 22 47 5 8 86 592 127 137 18 29 28 7 23 654 128 
17 2 3 2 2 4 371 623 17 2 3 2 3 3 504 490 17 2 3 2 3 28 561 408 
265 414 50 13 26 54 94 108 209 479 41 20 42 72 104 57 543 180 19 87 20 26 138 11 
68 21 7 182 350 188 200 8 31 60 8 331 345 217 32 0 82 18 365 426 133 0 0 0 
760 27 13 162 30 0 0 0 586 203 15 185 3 0 0 0 775 31 182 4 0 0 0 0 
738 171 115 0 0 0 0 0 739 256 29 0 0 0 0 0 1018 6 0 0 0 0 0 0 
842 140 28 14 0 0 0 0 878 113 32 1 0 0 0 0 987 34 3 0 0 0 0 0 
487 145 40 64 244 44 0 0 593 46 49 181 155 0 0 0 610 78 252 84 0 0 0 0 
327 251 115 85 56 34 30 126 283 313 105 81 52 20 21 149 391 230 120 55 23 19 21 165 
355 342 99 126 12 13 18 59 419 185 200 104 13 7 16 80 424 119 179 74 55 46 15 112 
250 622 90 24 19 7 9 3 126 503 316 29 22 3 9 16 148 256 193 288 68 35 13 23 
55 710 209 22 24 4 0 0 17 429 528 26 17 7 0 0 74 283 259 316 79 12 1 0 
172 733 40 36 16 3 24 0 148 272 530 38 10 11 15 0 159 177 603 53 7 13 12 0 
452 328 18 45 78 87 16 0 323 424 52 56 122 44 3 0 431 232 200 132 15 13 1 0 
0 0 53 540 194 190 47 0 0 0 146 537 218 122 1 0 0 2 678 312 32 0 0 0 
288 17 173 514 0 0 0 0 212 95 395 290 0 0 0 0 298 92 602 0 0 0 0 0 
967 23 2 0 0 0 0 0 992 0 0 0 0 0 0 0 992 0 0 0 0 0 0 0 
953 39 0 0 0 0 0 0 988 4 0 0 0 0 0 0 992 0 0 0 0 0 0 0 
906 85 1 0 0 0 0 0 991 0 1 0 0 0 0 0 990 1 0 1 0 0 0 0 
632 267 34 27 13 5 2 12 767 125 38 31 10 3 6 12 828 70 43 20 5 4 4 18 
643 242 28 9 7 13 17 33 562 255 74 14 14 3 14 56 551 159 72 38 33 38 15 86 
395 556 34 6 0 1 0 0 307 511 162 9 2 0 1 0 329 251 191 124 54 34 8 1 
535 368 87 2 0 0 0 0 353 634 3 2 0 0 0 0 383 519 88 2 0 0 0 0 
458 452 38 33 11 0 0 0 458 419 76 33 6 0 0 0 479 366 100 44 3 0 0 0 
386 284 63 130 70 56 3 0 347 295 99 117 108 26 0 0 383 199 230 154 25 1 0 0 
0 0 338 393 139 122 0 0 0 0 455 330 177 30 0 0 0 28 743 221 0 0 0 0 
35 6 816 104 0 0 0 0 28 14 912 7 0 0 0 0 36 425 500 0 0 0 0 0 
