0 173 485 365 1 0 0 0 0 187 458 378 1 0 0 0 0 191 546 287 0 0 0 0 
0 0 270 741 13 0 0 0 0 0 285 729 10 0 0 0 0 0 388 633 3 0 0 0 
0 0 0 315 570 125 8 6 0 0 0 334 558 119 9 4 0 0 0 399 519 92 7 7 
0 0 0 0 144 492 163 225 0 0 0 0 165 474 161 224 0 0 0 0 168 482 147 227 
0 0 0 0 0 217 354 453 0 0 0 0 0 219 352 453 0 0 0 0 0 217 354 453 
0 0 0 0 0 42 390 592 0 0 0 0 0 47 385 592 0 0 0 0 0 33 399 592 
0 0 0 0 0 0 378 646 0 0 0 0 0 1 377 646 0 0 0 0 0 0 378 646 
0 0 0 0 0 52 339 633 0 0 0 0 0 52 339 633 0 0 0 0 0 46 344 634 
0 0 0 0 0 202 263 559 0 0 0 0 0 203 262 559 0 0 0 0 0 171 293 560 
0 0 0 0 1 355 257 411 0 0 0 0 2 354 258 410 0 0 0 0 0 325 283 416 
0 0 7 27 177 456 219 138 0 0 7 26 171 462 221 137 0 0 3 25 156 460 236 144 
0 2 62 381 564 13 2 0 0 2 61 316 627 16 2 0 0 0 48 172 759 40 5 0 
0 2 29 671 290 0 0 0 0 2 30 572 388 0 0 0 0 0 21 247 722 2 0 0 
0 86 463 475 0 0 0 0 0 112 478 434 0 0 0 0 0 129 655 240 0 0 0 0 
0 25 264 240 272 63 160 0 0 35 269 233 272 68 147 0 0 58 307 227 231 39 162 0 
0 0 0 0 75 25 741 183 0 0 0 0 79 29 771 145 0 0 0 0 80 19 639 286 
4 11 4 2 5 5 12 981 10 5 4 3 5 4 13 980 12 4 4 2 6 5 11 980 
37 23 9 6 2 3 4 940 38 22 9 6 3 3 3 940 55 7 9 5 2 3 3 940 
78 34 3 2 6 6 8 887 82 30 3 2 7 5 9 886 108 5 3 3 6 8 6 885 
105 57 8 6 1 5 4 838 124 39 10 3 1 5 4 838 157 9 7 3 2 4 5 837 
192 26 4 6 9 2 4 781 186 32 3 7 7 4 3 782 215 5 3 9 5 3 4 780 
243 30 5 4 5 5 8 724 256 17 5 4 5 5 8 724 270 4 6 4 5 7 6 722 
318 7 8 3 5 6 5 672 315 12 5 4 5 6 5 672 321 9 5 1 6 7 3 672 
374 11 26 55 70 46 55 387 373 11 26 56 72 44 55 387 378 9 29 54 70 43 54 387 
188 37 11 39 429 49 258 13 182 43 11 41 427 53 254 13 215 11 10 36 416 59 198 79 
0 13 1 3 415 66 488 6 0 13 1 3 415 69 486 5 6 7 1 0 386 90 413 89 
56 22 3 44 255 639 5 0 57 21 3 44 292 605 2 0 73 5 3 47 405 491 0 0 
567 59 8 15 28 184 163 0 564 63 7 15 31 243 101 0 589 40 13 13 38 203 128 0 
981 9 10 5 3 5 11 0 982 8 10 5 4 4 11 0 985 7 8 6 4 5 9 0 
1022 2 0 0 0 0 0 0 1022 2 0 0 0 0 0 0 1024 0 0 0 0 0 0 0 
895 129 0 0 0 0 0 0 956 68 0 0 0 0 0 0 1024 0 0 0 0 0 0 0 
702 322 0 0 0 0 0 0 709 315 0 0 0 0 0 0 814 210 0 0 0 0 0 0 
678 337 4 4 1 0 0 0 680 335 4 4 1 0 0 0 730 286 4 4 0 0 0 0 
770 208 3 7 9 8 19 0 785 193 3 7 9 8 19 0 943 36 3 7 9 8 18 0 
999 3 2 0 4 8 8 0 998 4 2 0 4 7 9 0 1000 3 1 0 5 12 3 0 
1024 0 0 0 0 0 0 0 1024 0 0 0 0 0 0 0 1024 0 0 0 0 0 0 0 
597 7 1 3 4 35 27 350 571 33 1 2 4 35 26 352 601 3 1 2 4 35 6 372 
15 4 6 5 2 1 319 672 15 5 5 5 2 1 323 668 15 4 6 4 3 0 98 894 
0 0 0 0 1 1 684 306 0 0 0 0 1 1 680 310 0 0 0 0 1 0 346 645 
364 18 50 63 52 353 122 2 365 17 53 60 62 371 96 0 375 15 65 45 85 373 66 0 
640 54 4 6 1 31 284 4 639 55 6 4 1 35 284 0 681 15 8 0 1 29 289 1 
1024 0 0 0 0 0 0 0 1024 0 0 0 0 0 0 0 1024 0 0 0 0 0 0 0 
1021 3 0 0 0 0 0 0 1018 6 0 0 0 0 0 0 1024 0 0 0 0 0 0 0 
52 9 28 15 4 72 372 472 51 9 29 15 3 72 402 443 53 10 36 5 6 82 391 441 
19 5 8 6 6 7 123 850 18 6 6 7 7 7 155 818 20 6 6 6 7 7 185 787 
0 0 0 2 7 7 200 808 0 0 0 2 7 7 212 796 0 0 0 3 7 7 212 795 
0 0 0 0 0 14 365 645 0 0 0 0 0 17 399 608 0 0 0 0 0 29 416 579 
653 19 21 11 0 37 175 108 642 30 21 11 0 46 161 113 672 10 14 8 0 45 196 79 
1024 0 0 0 0 0 0 0 1024 0 0 0 0 0 0 0 1024 0 0 0 0 0 0 0 
718 214 7 1 0 5 4 75 723 209 7 1 0 5 4 75 724 211 5 0 0 6 4 74 
241 518 14 7 83 5 6 150 243 516 14 7 84 4 7 149 241 521 12 10 80 4 5 151 
362 343 22 23 108 3 34 97 415 289 23 23 108 2 40 92 319 390 22 16 110 3 15 117 
1024 0 0 0 0 0 0 0 1024 0 0 0 0 0 0 0 1024 0 0 0 0 0 0 0 
1024 0 0 0 0 0 0 0 1024 0 0 0 0 0 0 0 1024 0 0 0 0 0 0 0 
1024 0 0 0 0 0 0 0 1024 0 0 0 0 0 0 0 1024 0 0 0 0 0 0 0 
977 47 0 0 0 0 0 0 910 114 0 0 0 0 0 0 1024 0 0 0 0 0 0 0 
0 0 0 24 8 0 39 953 0 0 0 26 6 0 51 941 0 0 6 23 3 0 51 941 
0 0 0 0 0 0 0 1024 0 0 0 0 0 0 0 1024 0 0 0 0 0 0 0 1024 
0 0 0 0 0 0 0 1024 0 0 0 0 0 0 0 1024 0 0 0 0 0 0 0 1024 
0 0 0 0 0 0 0 1024 0 0 0 0 0 0 0 1024 0 0 0 0 0 0 0 1024 
611 61 0 5 23 4 0 320 603 69 0 5 23 4 0 320 672 0 0 18 14 0 0 320 
1024 0 0 0 0 0 0 0 1024 0 0 0 0 0 0 0 1024 0 0 0 0 0 0 0 
608 416 0 0 0 0 0 0 608 416 0 0 0 0 0 0 608 416 0 0 0 0 0 0 
0 1024 0 0 0 0 0 0 16 1008 0 0 0 0 0 0 0 1024 0 0 0 0 0 0 
337 655 0 0 0 0 0 0 370 622 0 0 0 0 0 0 128 864 0 0 0 0 0 0 
1024 0 0 0 0 0 0 0 1024 0 0 0 0 0 0 0 1024 0 0 0 0 0 0 0 
1024 0 0 0 0 0 0 0 1024 0 0 0 0 0 0 0 1024 0 0 0 0 0 0 0 
1024 0 0 0 0 0 0 0 1024 0 0 0 0 0 0 0 1024 0 0 0 0 0 0 0 
982 42 0 0 0 0 0 0 922 102 0 0 0 0 0 0 1024 0 0 0 0 0 0 0 
32 5 24 3 30 0 0 930 32 14 15 4 29 0 0 930 32 21 11 6 24 0 1 929 
28 16 20 0 0 0 0 960 33 21 10 0 0 0 0 960 38 26 0 0 0 0 0 960 
54 10 0 0 0 12 18 930 62 2 0 0 0 19 12 929 64 0 0 0 0 27 5 928 
43 15 0 20 8 27 24 887 44 14 3 22 35 10 10 886 58 10 32 16 12 10 0 886 
518 47 4 20 31 57 130 217 515 53 23 49 100 62 42 180 576 80 90 39 19 34 15 171 
1024 0 0 0 0 0 0 0 1024 0 0 0 0 0 0 0 1024 0 0 0 0 0 0 0 
615 409 0 0 0 0 0 0 619 405 0 0 0 0 0 0 617 407 0 0 0 0 0 0 
1 1023 0 0 0 0 0 0 1 1023 0 0 0 0 0 0 0 1024 0 0 0 0 0 0 
305 687 0 0 0 0 0 0 348 644 0 0 0 0 0 0 174 818 0 0 0 0 0 0 
1024 0 0 0 0 0 0 0 1024 0 0 0 0 0 0 0 1024 0 0 0 0 0 0 0 
1024 0 0 0 0 0 0 0 1024 0 0 0 0 0 0 0 1024 0 0 0 0 0 0 0 
1023 1 0 0 0 0 0 0 1022 2 0 0 0 0 0 0 1024 0 0 0 0 0 0 0 
1024 0 0 0 0 0 0 0 1024 0 0 0 0 0 0 0 1024 0 0 0 0 0 0 0 
1024 0 0 0 0 0 0 0 1023 1 0 0 0 0 0 0 1024 0 0 0 0 0 0 0 
1023 1 0 0 0 0 0 0 1020 4 0 0 0 0 0 0 1024 0 0 0 0 0 0 0 
1024 0 0 0 0 0 0 0 1024 0 0 0 0 0 0 0 1024 0 0 0 0 0 0 0 
921 9 18 18 27 31 0 0 927 21 20 51 5 0 0 0 937 85 2 0 0 0 0 0 
448 34 24 34 36 125 170 153 455 41 46 93 177 70 46 96 496 170 158 48 19 33 31 69 
1010 11 3 0 0 0 0 0 1012 9 3 0 0 0 0 0 1016 7 1 0 0 0 0 0 
651 373 0 0 0 0 0 0 666 358 0 0 0 0 0 0 664 360 0 0 0 0 0 0 
245 779 0 0 0 0 0 0 379 645 0 0 0 0 0 0 226 798 0 0 0 0 0 0 
623 369 0 0 0 0 0 0 726 266 0 0 0 0 0 0 424 568 0 0 0 0 0 0 
514 136 241 132 1 0 0 0 1016 4 4 0 0 0 0 0 1019 3 2 0 0 0 0 0 
532 71 111 249 61 0 0 0 1010 11 2 1 0 0 0 0 1012 10 2 0 0 0 0 0 
425 129 79 157 215 19 0 0 969 48 5 2 0 0 0 0 1002 18 3 1 0 0 0 0 
130 383 64 86 269 92 0 0 759 213 38 14 0 0 0 0 879 121 22 2 0 0 0 0 
141 354 55 55 255 164 0 0 659 309 27 27 2 0 0 0 762 233 27 2 0 0 0 0 
73 160 213 171 211 192 4 0 531 142 205 132 14 0 0 0 574 162 196 91 1 0 0 0 
56 115 63 294 264 228 3 1 458 128 51 299 85 3 0 0 507 102 84 278 53 0 0 0 
96 247 200 120 228 129 4 0 491 262 177 82 9 3 0 0 545 273 171 32 3 0 0 0 
365 208 48 107 255 40 1 0 809 162 36 13 1 3 0 0 855 141 23 1 3 1 0 0 
548 49 53 199 158 17 0 0 957 31 33 3 0 0 0 0 973 43 7 1 0 0 0 0 
590 59 79 192 102 2 0 0 994 19 9 2 0 0 0 0 1005 15 4 0 0 0 0 0 
598 65 177 158 26 0 0 0 1018 5 1 0 0 0 0 0 1001 23 0 0 0 0 0 0 
621 98 154 119 0 0 0 0 988 4 0 0 0 0 0 0 982 10 0 0 0 0 0 0 
68 77 63 250 427 139 0 0 1008 4 9 3 0 0 0 0 1012 3 8 1 0 0 0 0 
102 160 54 100 372 219 15 2 964 29 15 6 5 3 0 2 980 16 16 5 4 1 1 1 
14 79 43 59 224 512 93 0 995 21 5 1 2 0 0 0 1008 11 3 1 1 0 0 0 
31 106 68 47 47 371 351 3 998 14 3 4 5 0 0 0 1004 11 3 4 2 0 0 0 
38 103 40 38 40 513 235 17 991 18 7 3 1 2 1 1 995 17 6 2 1 2 0 1 
7 42 20 20 28 446 461 0 1005 14 3 1 0 1 0 0 1014 7 1 1 1 0 0 0 
32 146 58 37 46 242 457 6 956 39 17 4 2 2 2 2 972 30 13 2 1 3 3 0 
57 184 53 34 49 490 155 2 961 41 10 5 4 3 0 0 984 25 4 7 2 2 0 0 
30 37 16 23 77 530 311 0 1014 7 1 1 1 0 0 0 1018 4 1 0 1 0 0 0 
71 91 33 39 237 529 24 0 1001 12 6 1 3 1 0 0 1009 7 3 3 2 0 0 0 
39 50 44 106 478 305 1 1 1012 6 3 2 0 1 0 0 1013 5 5 0 1 0 0 0 
110 102 96 249 409 58 0 0 1007 10 4 1 2 0 0 0 1012 6 3 3 0 0 0 0 
33 45 76 342 468 28 0 0 983 8 1 0 0 0 0 0 988 3 1 0 0 0 0 0 
92 148 33 37 200 513 0 1 1007 7 3 4 2 0 1 0 1012 5 4 1 1 0 1 0 
152 266 92 44 105 307 56 2 919 52 20 15 3 10 5 0 944 29 22 12 6 9 2 0 
20 72 22 21 17 187 685 0 1020 3 0 1 0 0 0 0 1021 2 0 1 0 0 0 0 
64 240 125 68 42 126 342 17 883 68 23 16 9 7 10 8 912 51 16 17 8 9 7 4 
0 0 12 13 23 44 929 3 1024 0 0 0 0 0 0 0 1024 0 0 0 0 0 0 0 
58 206 87 61 66 87 416 43 895 71 25 14 6 4 4 5 915 65 18 10 4 5 5 2 
2 12 8 7 4 62 803 126 1007 17 0 0 0 0 0 0 1021 3 0 0 0 0 0 0 
112 203 90 62 58 259 227 13 863 78 35 16 18 5 4 5 904 52 30 15 12 3 4 4 
0 0 4 9 26 184 796 5 1022 2 0 0 0 0 0 0 1024 0 0 0 0 0 0 0 
120 189 74 52 200 382 5 2 973 29 12 2 3 2 3 0 980 25 9 4 2 1 3 0 
6 9 25 33 45 759 147 0 1019 4 0 1 0 0 0 0 1023 0 1 0 0 0 0 0 
80 71 63 285 401 124 0 0 1005 16 2 1 0 0 0 0 1014 8 1 1 0 0 0 0 
179 134 122 369 185 3 0 0 965 19 4 2 1 1 0 0 972 14 3 1 1 1 0 0 
51 37 2 6 0 890 38 0 1024 0 0 0 0 0 0 0 1024 0 0 0 0 0 0 0 
275 244 53 34 33 317 65 3 902 44 20 19 16 16 7 0 914 41 13 22 18 10 6 0 
122 161 26 17 16 23 614 45 974 38 3 2 2 2 1 2 1005 8 2 3 2 2 1 1 
122 56 21 24 8 4 739 50 944 51 7 5 2 4 4 7 986 11 8 3 3 4 2 7 
186 337 112 30 39 31 285 4 956 34 16 9 5 1 1 2 960 38 9 10 4 0 1 2 
82 132 42 28 20 18 554 148 910 73 12 8 6 1 7 7 973 17 11 3 7 5 1 7 
27 118 30 38 28 32 705 46 992 32 0 0 0 0 0 0 1024 0 0 0 0 0 0 0 
333 218 65 43 36 127 194 8 913 50 33 13 6 2 5 2 932 41 31 10 3 3 3 1 
221 155 53 41 39 70 416 29 989 24 3 2 2 2 0 2 1003 12 2 3 0 2 0 2 
113 79 38 37 67 360 317 13 925 52 22 14 6 2 1 2 953 33 18 12 4 1 2 1 
232 99 56 63 377 194 2 1 1009 8 2 2 0 1 2 0 1013 4 2 2 1 0 2 0 
447 119 69 85 77 214 7 6 924 40 25 8 12 5 5 5 935 36 20 5 13 6 4 5 
166 123 83 71 283 247 11 8 860 54 28 10 19 6 8 7 876 45 23 11 16 8 6 7 
156 31 10 58 339 430 0 0 1024 0 0 0 0 0 0 0 1024 0 0 0 0 0 0 0 
328 162 92 90 126 211 9 6 903 40 30 16 16 6 8 5 916 37 20 17 14 8 5 7 
301 144 59 36 52 174 237 21 868 57 31 12 16 13 10 17 878 53 31 12 11 14 8 17 
2 1 6 16 39 511 449 0 1024 0 0 0 0 0 0 0 1024 0 0 0 0 0 0 0 
217 183 123 63 66 255 92 25 809 100 32 22 19 15 4 23 857 65 22 20 21 13 2 24 
144 70 39 35 39 155 503 39 901 47 13 6 4 11 12 30 927 26 12 2 8 8 12 29 
6 34 12 11 62 344 555 0 1021 3 0 0 0 0 0 0 1024 0 0 0 0 0 0 0 
173 170 62 85 94 366 33 41 752 102 39 30 28 19 16 38 776 89 35 32 23 19 14 36 
65 99 54 102 119 196 371 18 886 61 20 14 13 9 6 15 912 42 19 12 13 7 4 15 
0 0 0 10 153 710 151 0 1024 0 0 0 0 0 0 0 1024 0 0 0 0 0 0 0 
85 76 53 289 456 53 7 5 901 60 23 13 12 5 6 4 925 39 24 10 12 5 5 4 
75 193 176 110 389 69 4 8 890 46 35 19 17 7 2 8 907 39 30 22 11 5 4 6 
0 8 64 93 771 56 0 0 992 0 0 0 0 0 0 0 992 0 0 0 0 0 0 0 
992 0 0 0 0 0 0 0 992 0 0 0 0 0 0 0 992 0 0 0 0 0 0 0 
989 2 0 1 0 0 0 0 989 2 1 0 0 0 0 0 990 1 1 0 0 0 0 0 
982 4 2 1 1 2 0 0 992 0 0 0 0 0 0 0 992 0 0 0 0 0 0 0 
864 18 12 19 27 47 5 0 992 0 0 0 0 0 0 0 992 0 0 0 0 0 0 0 
961 9 7 4 6 1 1 3 967 7 4 7 2 1 1 3 968 6 4 6 4 0 1 3 
930 21 12 10 10 6 2 1 984 3 1 1 0 0 2 1 985 3 1 0 0 0 2 1 
792 40 18 21 43 78 0 0 992 0 0 0 0 0 0 0 992 0 0 0 0 0 0 0 
896 40 11 12 18 5 3 7 929 27 8 12 5 1 2 8 935 21 7 13 5 2 3 6 
835 27 12 22 66 21 3 6 963 7 2 8 2 1 3 6 965 5 1 8 3 1 2 7 
598 77 32 65 169 51 0 0 992 0 0 0 0 0 0 0 992 0 0 0 0 0 0 0 
653 91 81 76 67 10 7 7 831 70 38 22 13 5 9 4 846 53 41 21 8 9 7 7 
721 58 83 89 22 8 10 1 884 33 23 22 13 8 8 1 888 29 24 22 12 10 6 1 
564 30 161 173 33 0 0 0 961 0 0 0 0 0 0 0 961 0 0 0 0 0 0 0 
