0 0 90 416 518 0 0 0 0 19 289 400 316 0 0 0 0 0 296 217 511 0 0 0 
0 5 23 916 80 0 0 0 0 6 73 945 0 0 0 0 0 5 46 933 40 0 0 0 
0 7 24 965 18 4 1 5 0 8 424 584 3 0 2 3 0 10 259 750 0 3 0 2 
0 5 48 865 102 1 1 2 4 7 419 575 16 2 0 1 0 5 329 641 47 1 1 0 
0 14 34 583 393 0 0 0 8 35 320 546 115 0 0 0 0 35 243 415 331 0 0 0 
0 0 0 610 414 0 0 0 0 0 275 698 51 0 0 0 0 0 177 572 275 0 0 0 
0 0 0 807 217 0 0 0 0 0 426 595 3 0 0 0 0 0 250 633 141 0 0 0 
0 0 0 983 41 0 0 0 0 17 620 387 0 0 0 0 0 0 501 500 23 0 0 0 
30 154 535 218 31 24 15 17 238 626 121 12 8 6 8 5 244 383 371 11 9 6 0 0 
0 52 696 232 20 10 4 10 66 783 95 65 6 6 3 0 74 652 228 65 5 0 0 0 
0 14 560 438 6 3 1 2 115 494 405 7 2 1 0 0 129 470 390 35 0 0 0 0 
0 22 628 362 3 3 5 1 176 602 236 2 4 1 2 1 159 478 377 4 4 2 0 0 
2 36 608 358 6 7 5 2 41 766 203 6 2 4 1 1 166 583 265 4 4 1 1 0 
0 0 436 582 6 0 0 0 54 771 199 0 0 0 0 0 189 504 331 0 0 0 0 0 
0 1 651 372 0 0 0 0 233 714 77 0 0 0 0 0 255 503 266 0 0 0 0 0 
0 24 716 266 8 4 3 3 128 836 49 4 4 3 0 0 264 623 132 3 2 0 0 0 
41 129 451 184 170 42 7 0 469 540 6 4 2 3 0 0 967 42 5 1 5 4 0 0 
100 437 326 161 0 0 0 0 448 576 0 0 0 0 0 0 1015 9 0 0 0 0 0 0 
168 267 312 101 109 46 10 11 624 340 26 9 12 8 5 0 925 60 15 11 12 1 0 0 
772 32 189 31 0 0 0 0 923 100 1 0 0 0 0 0 944 80 0 0 0 0 0 0 
194 30 233 270 114 145 38 0 277 425 133 149 40 0 0 0 383 465 176 0 0 0 0 0 
0 0 37 504 96 181 206 0 16 468 151 183 206 0 0 0 69 549 406 0 0 0 0 0 
455 40 320 128 33 48 0 0 647 291 37 49 0 0 0 0 710 261 53 0 0 0 0 0 
631 85 189 59 38 17 3 2 811 194 16 2 1 0 0 0 879 127 17 1 0 0 0 0 
2 134 547 285 56 0 0 0 684 340 0 0 0 0 0 0 1004 16 4 0 0 0 0 0 
6 295 417 241 30 33 2 0 711 313 0 0 0 0 0 0 1023 1 0 0 0 0 0 0 
74 274 367 218 63 23 5 0 875 149 0 0 0 0 0 0 1022 1 1 0 0 0 0 0 
845 48 93 36 2 0 0 0 1015 9 0 0 0 0 0 0 1023 1 0 0 0 0 0 0 
141 44 37 100 243 429 30 0 253 135 227 398 11 0 0 0 365 267 392 0 0 0 0 0 
0 0 24 30 64 708 198 0 25 95 105 691 108 0 0 0 130 105 789 0 0 0 0 0 
535 64 93 45 264 23 0 0 700 38 266 20 0 0 0 0 715 289 20 0 0 0 0 0 
799 34 104 63 18 6 0 0 950 74 0 0 0 0 0 0 1024 0 0 0 0 0 0 0 
52 148 323 230 133 99 39 0 1022 2 0 0 0 0 0 0 1023 1 0 0 0 0 0 0 
259 84 257 206 124 72 22 0 1024 0 0 0 0 0 0 0 1024 0 0 0 0 0 0 0 
537 78 203 170 33 3 0 0 1024 0 0 0 0 0 0 0 1024 0 0 0 0 0 0 0 
658 52 131 72 69 42 0 0 998 26 0 0 0 0 0 0 1022 2 0 0 0 0 0 0 
297 83 182 171 223 68 0 0 1015 9 0 0 0 0 0 0 1024 0 0 0 0 0 0 0 
22 45 319 433 191 12 1 1 1009 14 0 0 1 0 0 0 1021 2 0 1 0 0 0 0 
15 44 526 326 113 0 0 0 1024 0 0 0 0 0 0 0 1024 0 0 0 0 0 0 0 
2 10 120 217 316 298 61 0 1016 8 0 0 0 0 0 0 1024 0 0 0 0 0 0 0 
962 36 4 4 15 3 0 0 1015 9 0 0 0 0 0 0 1012 12 0 0 0 0 0 0 
762 75 69 97 12 8 1 0 850 172 2 0 0 0 0 0 850 172 2 0 0 0 0 0 
336 61 109 97 30 169 222 0 867 157 0 0 0 0 0 0 569 454 1 0 0 0 0 0 
62 29 24 100 228 443 138 0 964 60 0 0 0 0 0 0 423 601 0 0 0 0 0 0 
55 21 35 109 234 549 21 0 1021 3 0 0 0 0 0 0 548 476 0 0 0 0 0 0 
16 8 17 173 374 435 1 0 1024 0 0 0 0 0 0 0 627 397 0 0 0 0 0 0 
66 17 71 233 311 326 0 0 1024 0 0 0 0 0 0 0 721 303 0 0 0 0 0 0 
11 17 82 201 314 399 0 0 1024 0 0 0 0 0 0 0 791 233 0 0 0 0 0 0 
212 48 128 365 270 1 0 0 240 568 215 0 1 0 0 0 250 536 237 0 1 0 0 0 
46 28 16 357 574 3 0 0 83 583 358 0 0 0 0 0 94 702 228 0 0 0 0 0 
807 11 7 7 9 181 2 0 1023 1 0 0 0 0 0 0 843 181 0 0 0 0 0 0 
697 33 11 7 14 229 33 0 997 24 3 0 0 0 0 0 751 267 6 0 0 0 0 0 
734 27 16 16 14 197 20 0 991 30 3 0 0 0 0 0 796 220 8 0 0 0 0 0 
642 19 13 1 11 336 2 0 1010 14 0 0 0 0 0 0 698 324 2 0 0 0 0 0 
733 11 24 5 50 200 1 0 1024 0 0 0 0 0 0 0 824 199 1 0 0 0 0 0 
642 2 8 26 76 270 0 0 1022 2 0 0 0 0 0 0 779 245 0 0 0 0 0 0 
0 0 0 70 946 8 0 0 0 127 897 0 0 0 0 0 0 35 989 0 0 0 0 0 
39 5 9 50 886 35 0 0 46 63 914 1 0 0 0 0 48 22 929 25 0 0 0 0 
676 38 227 78 5 0 0 0 687 148 189 0 0 0 0 0 685 36 296 7 0 0 0 0 
612 14 333 65 0 0 0 0 614 181 229 0 0 0 0 0 614 26 370 14 0 0 0 0 
648 23 310 43 0 0 0 0 652 185 187 0 0 0 0 0 651 26 335 12 0 0 0 0 
672 26 316 10 0 0 0 0 676 236 112 0 0 0 0 0 675 38 308 3 0 0 0 0 
680 52 292 0 0 0 0 0 697 298 29 0 0 0 0 0 695 115 214 0 0 0 0 0 
760 151 113 0 0 0 0 0 761 260 3 0 0 0 0 0 760 189 75 0 0 0 0 0 
