1024 0 0 0 0 0 0 0 1024 0 0 0 0 0 0 0 1024 0 0 0 0 0 0 0 
1024 0 0 0 0 0 0 0 1024 0 0 0 0 0 0 0 1024 0 0 0 0 0 0 0 
888 136 0 0 0 0 0 0 1024 0 0 0 0 0 0 0 1024 0 0 0 0 0 0 0 
400 624 0 0 0 0 0 0 1019 5 0 0 0 0 0 0 923 101 0 0 0 0 0 0 
192 832 0 0 0 0 0 0 880 144 0 0 0 0 0 0 674 350 0 0 0 0 0 0 
184 840 0 0 0 0 0 0 768 256 0 0 0 0 0 0 608 416 0 0 0 0 0 0 
192 832 0 0 0 0 0 0 784 240 0 0 0 0 0 0 574 450 0 0 0 0 0 0 
192 832 0 0 0 0 0 0 768 256 0 0 0 0 0 0 568 456 0 0 0 0 0 0 
224 800 0 0 0 0 0 0 840 184 0 0 0 0 0 0 656 368 0 0 0 0 0 0 
322 702 0 0 0 0 0 0 943 81 0 0 0 0 0 0 803 221 0 0 0 0 0 0 
787 237 0 0 0 0 0 0 1024 0 0 0 0 0 0 0 1000 24 0 0 0 0 0 0 
1024 0 0 0 0 0 0 0 1024 0 0 0 0 0 0 0 1024 0 0 0 0 0 0 0 
1024 0 0 0 0 0 0 0 1024 0 0 0 0 0 0 0 1024 0 0 0 0 0 0 0 
1024 0 0 0 0 0 0 0 1024 0 0 0 0 0 0 0 1024 0 0 0 0 0 0 0 
992 0 0 0 0 0 0 0 992 0 0 0 0 0 0 0 992 0 0 0 0 0 0 0 
1024 0 0 0 0 0 0 0 1024 0 0 0 0 0 0 0 1024 0 0 0 0 0 0 0 
1024 0 0 0 0 0 0 0 1024 0 0 0 0 0 0 0 1024 0 0 0 0 0 0 0 
555 431 38 0 0 0 0 0 755 269 0 0 0 0 0 0 676 348 0 0 0 0 0 0 
0 562 462 0 0 0 0 0 91 933 0 0 0 0 0 0 42 982 0 0 0 0 0 0 
0 240 784 0 0 0 0 0 0 951 73 0 0 0 0 0 0 916 108 0 0 0 0 0 
0 112 912 0 0 0 0 0 0 834 190 0 0 0 0 0 0 853 171 0 0 0 0 0 
0 96 928 0 0 0 0 0 0 832 192 0 0 0 0 0 0 832 192 0 0 0 0 0 
0 99 925 0 0 0 0 0 0 824 200 0 0 0 0 0 0 840 184 0 0 0 0 0 
0 200 824 0 0 0 0 0 0 889 135 0 0 0 0 0 0 908 116 0 0 0 0 0 
0 421 603 0 0 0 0 0 15 995 14 0 0 0 0 0 0 1004 20 0 0 0 0 0 
352 540 132 0 0 0 0 0 522 502 0 0 0 0 0 0 449 575 0 0 0 0 0 0 
1024 0 0 0 0 0 0 0 1024 0 0 0 0 0 0 0 1024 0 0 0 0 0 0 0 
1024 0 0 0 0 0 0 0 1024 0 0 0 0 0 0 0 1024 0 0 0 0 0 0 0 
1024 0 0 0 0 0 0 0 1024 0 0 0 0 0 0 0 1024 0 0 0 0 0 0 0 
992 0 0 0 0 0 0 0 992 0 0 0 0 0 0 0 992 0 0 0 0 0 0 0 
966 28 19 5 4 2 0 0 966 28 18 6 4 2 0 0 972 23 20 4 4 1 0 0 
1024 0 0 0 0 0 0 0 1024 0 0 0 0 0 0 0 1024 0 0 0 0 0 0 0 
584 36 358 46 0 0 0 0 586 211 227 0 0 0 0 0 589 273 162 0 0 0 0 0 
0 0 554 470 0 0 0 0 0 168 846 10 0 0 0 0 0 188 836 0 0 0 0 0 
0 0 233 791 0 0 0 0 0 0 804 220 0 0 0 0 0 0 995 29 0 0 0 0 
0 0 112 912 0 0 0 0 0 0 608 416 0 0 0 0 0 0 811 213 0 0 0 0 
0 0 80 944 0 0 0 0 0 0 576 448 0 0 0 0 0 0 768 256 0 0 0 0 
0 0 104 920 0 0 0 0 0 0 608 416 0 0 0 0 0 0 829 195 0 0 0 0 
0 0 181 843 0 0 0 0 0 0 764 260 0 0 0 0 0 0 990 34 0 0 0 0 
0 0 428 596 0 0 0 0 0 49 961 14 0 0 0 0 0 81 943 0 0 0 0 0 
384 32 513 95 0 0 0 0 392 214 418 0 0 0 0 0 392 262 370 0 0 0 0 0 
1024 0 0 0 0 0 0 0 1024 0 0 0 0 0 0 0 1024 0 0 0 0 0 0 0 
960 31 19 11 3 0 0 0 960 31 19 11 3 0 0 0 965 27 20 10 2 0 0 0 
1024 0 0 0 0 0 0 0 1024 0 0 0 0 0 0 0 1024 0 0 0 0 0 0 0 
992 0 0 0 0 0 0 0 992 0 0 0 0 0 0 0 992 0 0 0 0 0 0 0 
956 33 23 6 4 2 0 0 958 34 20 7 3 2 0 0 963 31 20 5 5 0 0 0 
1024 0 0 0 0 0 0 0 1024 0 0 0 0 0 0 0 1024 0 0 0 0 0 0 0 
745 23 44 212 0 0 0 0 745 28 230 21 0 0 0 0 746 27 249 2 0 0 0 0 
320 32 0 645 27 0 0 0 320 32 241 431 0 0 0 0 328 24 516 156 0 0 0 0 
336 16 0 373 299 0 0 0 352 0 8 652 12 0 0 0 352 0 91 581 0 0 0 0 
352 0 0 104 568 0 0 0 352 0 32 608 32 0 0 0 352 0 32 640 0 0 0 0 
352 0 0 32 640 0 0 0 352 0 0 612 60 0 0 0 352 0 10 662 0 0 0 0 
328 24 0 120 552 0 0 0 344 8 0 672 0 0 0 0 352 0 0 672 0 0 0 0 
320 21 11 285 387 0 0 0 320 24 8 672 0 0 0 0 320 24 22 658 0 0 0 0 
320 0 24 610 70 0 0 0 320 0 128 576 0 0 0 0 320 0 418 286 0 0 0 0 
592 29 25 378 0 0 0 0 595 32 347 50 0 0 0 0 603 26 384 11 0 0 0 0 
1000 17 4 2 1 0 0 0 1001 16 4 0 2 1 0 0 1001 16 4 0 2 1 0 0 
986 19 12 7 0 0 0 0 984 21 12 7 0 0 0 0 990 15 13 6 0 0 0 0 
1024 0 0 0 0 0 0 0 1024 0 0 0 0 0 0 0 1024 0 0 0 0 0 0 0 
992 0 0 0 0 0 0 0 992 0 0 0 0 0 0 0 992 0 0 0 0 0 0 0 
1024 0 0 0 0 0 0 0 1024 0 0 0 0 0 0 0 1024 0 0 0 0 0 0 0 
1017 7 0 0 0 0 0 0 1017 7 0 0 0 0 0 0 1024 0 0 0 0 0 0 0 
868 156 0 0 0 0 0 0 884 140 0 0 0 0 0 0 940 84 0 0 0 0 0 0 
672 324 28 0 0 0 0 0 706 318 0 0 0 0 0 0 773 251 0 0 0 0 0 0 
576 344 104 0 0 0 0 0 621 379 24 0 0 0 0 0 678 346 0 0 0 0 0 0 
552 310 162 0 0 0 0 0 584 352 88 0 0 0 0 0 616 391 17 0 0 0 0 0 
536 304 184 0 0 0 0 0 576 344 104 0 0 0 0 0 608 376 40 0 0 0 0 0 
528 339 157 0 0 0 0 0 584 357 83 0 0 0 0 0 616 385 23 0 0 0 0 0 
600 315 109 0 0 0 0 0 618 380 26 0 0 0 0 0 670 354 0 0 0 0 0 0 
672 324 28 0 0 0 0 0 696 328 0 0 0 0 0 0 761 263 0 0 0 0 0 0 
808 216 0 0 0 0 0 0 861 163 0 0 0 0 0 0 898 126 0 0 0 0 0 0 
996 15 4 5 3 1 0 0 971 31 10 1 1 5 1 4 979 24 9 1 3 3 1 4 
1013 11 0 0 0 0 0 0 1013 11 0 0 0 0 0 0 1014 10 0 0 0 0 0 0 
1024 0 0 0 0 0 0 0 1024 0 0 0 0 0 0 0 1024 0 0 0 0 0 0 0 
992 0 0 0 0 0 0 0 992 0 0 0 0 0 0 0 992 0 0 0 0 0 0 0 
556 46 7 20 37 76 112 170 614 88 91 205 26 0 0 0 604 12 47 61 57 144 99 0 
537 10 18 14 32 69 96 248 550 75 145 210 44 0 0 0 542 23 33 92 87 127 120 0 
512 23 10 23 12 104 105 235 545 67 153 198 61 0 0 0 534 13 67 116 61 161 72 0 
513 31 12 48 72 96 109 143 566 123 133 120 80 2 0 0 547 50 95 94 68 101 69 0 
341 187 54 104 109 73 79 77 479 141 167 130 94 13 0 0 468 183 121 94 63 61 34 0 
193 254 98 37 59 82 78 223 361 255 114 126 165 3 0 0 318 218 70 71 69 104 151 23 
194 254 96 84 88 60 65 183 433 130 145 157 148 10 1 0 400 135 138 86 63 120 78 4 
236 224 53 53 80 109 181 88 423 196 132 117 88 43 18 7 396 169 74 186 112 57 25 5 
219 275 50 15 46 89 124 206 428 174 106 99 147 43 25 2 408 157 47 103 94 127 84 4 
429 94 10 8 27 47 158 251 515 24 55 75 127 95 92 41 500 33 26 72 134 181 78 0 
507 31 29 50 39 71 142 155 565 91 137 145 86 0 0 0 542 34 81 102 84 94 76 11 
434 130 153 115 43 31 62 56 536 207 159 94 28 0 0 0 505 231 116 48 60 53 11 0 
541 28 9 14 20 67 87 258 589 52 94 264 25 0 0 0 554 26 30 58 95 247 14 0 
566 61 21 71 91 122 55 37 662 176 118 64 4 0 0 0 628 34 151 115 53 42 1 0 
553 58 21 69 95 124 49 23 646 177 115 52 2 0 0 0 613 33 154 116 46 30 0 0 
0 34 118 94 99 334 134 211 256 321 290 157 0 0 0 0 115 171 288 107 134 177 32 0 
0 6 136 140 156 392 66 128 340 325 242 111 6 0 0 0 104 203 398 143 58 117 1 0 
0 51 177 138 133 288 144 93 378 297 240 73 36 0 0 0 160 249 298 166 38 28 85 0 
0 36 74 304 156 122 126 206 159 451 181 168 65 0 0 0 54 132 396 125 75 33 208 1 
0 0 39 305 104 110 160 306 84 407 123 237 142 25 6 0 2 66 337 179 137 144 159 0 
0 0 8 40 98 219 118 541 40 303 156 345 176 4 0 0 1 15 112 233 123 336 203 1 
0 0 0 12 64 190 142 616 0 223 181 469 151 0 0 0 0 2 88 203 123 462 146 0 
0 0 104 94 111 153 119 443 179 272 162 231 174 6 0 0 23 146 139 195 96 247 178 0 
0 0 438 115 87 225 112 47 526 178 236 62 21 1 0 0 43 525 202 191 24 29 10 0 
0 0 215 98 133 314 110 154 269 219 269 155 111 1 0 0 13 242 298 151 118 56 112 34 
0 0 0 77 158 257 143 389 12 283 271 297 156 5 0 0 0 8 151 236 197 91 314 27 
0 41 23 56 113 171 132 488 62 233 200 410 118 1 0 0 9 53 27 140 203 121 430 41 
0 0 34 126 106 142 174 442 89 255 222 382 76 0 0 0 0 26 110 120 188 175 379 26 
0 0 39 370 261 248 54 52 315 429 218 54 3 0 1 4 10 261 339 295 83 31 1 4 
0 0 39 353 246 245 53 56 308 411 215 52 3 0 1 2 10 265 318 285 79 32 1 2 
0 993 31 0 0 0 0 0 1024 0 0 0 0 0 0 0 1024 0 0 0 0 0 0 0 
0 915 109 0 0 0 0 0 1024 0 0 0 0 0 0 0 1024 0 0 0 0 0 0 0 
0 1008 16 0 0 0 0 0 1024 0 0 0 0 0 0 0 1024 0 0 0 0 0 0 0 
0 333 312 306 73 0 0 0 794 230 0 0 0 0 0 0 469 244 311 0 0 0 0 0 
0 0 162 759 94 9 0 0 727 292 5 0 0 0 0 0 0 573 419 32 0 0 0 0 
0 0 0 824 200 0 0 0 715 309 0 0 0 0 0 0 0 698 326 0 0 0 0 0 
0 0 0 750 274 0 0 0 517 507 0 0 0 0 0 0 0 561 463 0 0 0 0 0 
0 0 0 891 133 0 0 0 758 266 0 0 0 0 0 0 0 797 227 0 0 0 0 0 
0 128 597 112 136 51 0 0 781 195 44 4 0 0 0 0 292 465 209 52 6 0 0 0 
0 33 296 490 114 90 1 0 686 236 86 16 0 0 0 0 90 179 549 122 84 0 0 0 
0 0 5 1019 0 0 0 0 835 189 0 0 0 0 0 0 0 0 1024 0 0 0 0 0 
0 0 314 710 0 0 0 0 810 214 0 0 0 0 0 0 0 16 1008 0 0 0 0 0 
0 0 512 460 32 10 10 0 822 181 14 7 0 0 0 0 0 159 819 29 14 3 0 0 
0 38 297 264 259 128 26 12 563 308 95 28 14 6 5 5 79 463 277 161 26 8 7 3 
0 24 306 264 255 119 17 7 561 302 90 19 9 5 3 3 62 477 272 152 16 7 3 3 
346 631 13 10 7 10 7 0 986 14 11 10 3 0 0 0 975 19 8 8 14 0 0 0 
44 612 19 8 13 12 39 277 678 9 64 261 12 0 0 0 663 17 8 14 75 247 0 0 
0 518 28 14 16 0 24 424 549 27 0 410 38 0 0 0 544 8 24 0 3 445 0 0 
0 323 116 70 52 10 5 448 477 70 30 383 64 0 0 0 347 150 62 14 3 448 0 0 
0 94 48 301 34 103 13 431 417 68 104 377 58 0 0 0 56 359 65 108 7 424 5 0 
0 0 4 572 32 0 0 416 576 32 0 349 67 0 0 0 0 576 32 0 0 416 0 0 
0 0 9 567 6 18 4 420 574 8 18 358 66 0 0 0 0 573 6 15 8 414 8 0 
0 0 0 531 11 13 9 460 532 12 11 411 58 0 0 0 0 529 11 10 11 456 7 0 
8 127 16 96 46 26 34 671 239 59 26 589 110 1 0 0 138 79 70 24 30 621 62 0 
1 58 91 200 72 28 14 560 311 78 48 535 52 0 0 0 51 45 254 73 37 548 16 0 
0 0 235 181 0 16 15 577 401 15 16 542 50 0 0 0 0 99 317 11 7 571 19 0 
0 0 369 45 22 5 18 565 405 31 26 532 30 0 0 0 0 323 110 5 15 571 0 0 
0 77 639 83 19 21 55 130 776 46 147 53 2 0 0 0 4 700 106 25 138 51 0 0 
0 237 273 138 115 106 53 102 631 206 153 34 0 0 0 0 196 409 146 120 118 35 0 0 
0 261 261 136 115 106 49 64 641 206 121 24 0 0 0 0 220 395 146 120 87 24 0 0 
294 107 77 79 51 126 235 55 476 216 266 61 5 0 0 0 394 58 139 144 246 43 0 0 
0 0 0 0 0 131 279 614 0 281 715 28 0 0 0 0 0 0 14 254 545 211 0 0 
0 0 0 0 0 0 272 752 0 91 810 123 0 0 0 0 0 0 0 51 583 390 0 0 
0 0 0 0 0 0 116 908 0 10 891 123 0 0 0 0 0 0 0 0 602 422 0 0 
0 0 0 0 0 0 16 1008 0 0 926 98 0 0 0 0 0 0 0 0 571 453 0 0 
0 0 0 0 0 0 0 1024 0 0 809 215 0 0 0 0 0 0 0 0 538 486 0 0 
0 0 0 0 0 0 0 1024 0 0 779 245 0 0 0 0 0 0 0 0 535 489 0 0 
0 0 0 0 0 0 0 1024 0 0 884 140 0 0 0 0 0 0 0 0 564 460 0 0 
0 0 0 0 0 0 90 934 0 23 837 164 0 0 0 0 0 0 0 0 586 438 0 0 
0 0 0 0 0 0 269 755 0 90 869 65 0 0 0 0 0 0 0 51 612 361 0 0 
0 0 0 0 12 117 248 647 0 240 695 89 0 0 0 0 0 0 26 196 530 272 0 0 
0 0 12 33 107 153 255 464 87 323 539 75 0 0 0 0 0 43 141 225 454 161 0 0 
0 103 73 81 114 263 255 135 227 297 381 53 44 22 0 0 58 151 147 291 296 68 13 0 
554 161 67 78 77 86 1 0 805 125 26 23 35 10 0 0 701 104 88 85 32 14 0 0 
586 157 61 70 67 51 0 0 824 88 17 22 32 9 0 0 729 94 72 55 31 11 0 0 
158 126 155 198 121 116 118 0 549 320 108 15 0 0 0 0 234 287 234 160 77 0 0 0 
0 0 38 152 192 293 273 44 258 545 189 0 0 0 0 0 2 191 279 340 180 0 0 0 
0 0 0 18 201 261 336 176 106 497 389 0 0 0 0 0 0 53 263 279 397 0 0 0 
0 0 0 0 73 284 303 332 51 402 539 0 0 0 0 0 0 0 144 344 504 0 0 0 
0 0 0 0 20 253 256 463 45 373 574 0 0 0 0 0 0 0 111 294 587 0 0 0 
0 0 0 0 31 220 223 518 32 350 610 0 0 0 0 0 0 0 93 287 612 0 0 0 
0 0 0 0 33 188 245 526 32 291 669 0 0 0 0 0 0 0 86 290 616 0 0 0 
0 0 0 0 53 234 224 481 25 333 634 0 0 0 0 0 0 0 122 304 566 0 0 0 
0 0 0 1 122 227 284 358 46 419 527 0 0 0 0 0 0 4 179 335 474 0 0 0 
0 0 0 56 158 239 360 179 106 464 422 0 0 0 0 0 0 42 231 322 397 0 0 0 
0 0 26 155 180 310 246 75 227 518 247 0 0 0 0 0 0 187 255 324 226 0 0 0 
0 0 164 169 185 315 159 0 356 540 96 0 0 0 0 0 17 290 288 354 43 0 0 0 
54 61 106 186 158 242 136 49 260 322 151 47 152 60 0 0 106 182 220 230 76 155 23 0 
628 64 55 72 102 71 0 0 686 48 47 51 126 34 0 0 656 69 51 54 121 41 0 0 
636 59 46 63 90 67 0 0 681 38 43 49 117 33 0 0 660 58 39 52 114 38 0 0 
