0 43 811 95 21 13 10 31 0 267 703 12 10 3 7 22 0 114 858 17 6 3 7 19 
0 0 634 353 14 7 5 11 0 1 976 24 5 4 3 11 0 1 808 198 2 4 1 10 
0 0 74 754 93 30 16 57 0 0 631 295 22 15 13 48 0 3 240 696 19 8 14 44 
0 0 42 781 120 24 11 46 0 0 292 651 21 13 7 40 0 0 104 828 37 12 5 38 
0 0 0 787 223 6 3 5 0 0 62 940 13 1 3 5 0 0 13 784 219 3 2 3 
0 0 0 262 599 76 25 62 0 0 4 635 292 24 12 57 0 0 2 353 583 22 11 53 
0 0 0 299 724 1 0 0 0 0 0 546 478 0 0 0 0 0 0 214 810 0 0 0 
0 0 0 104 699 129 22 70 0 0 0 201 715 30 17 61 0 0 0 27 879 43 23 52 
0 0 0 37 916 71 0 0 0 0 0 73 950 1 0 0 0 0 0 0 850 174 0 0 
0 0 0 3 460 450 34 77 0 0 0 2 747 183 24 68 0 0 0 1 536 398 23 66 
0 0 0 0 554 470 0 0 0 0 0 0 779 245 0 0 0 0 0 0 373 651 0 0 
0 0 0 0 449 510 23 42 0 0 0 0 549 426 11 38 0 0 0 0 185 784 17 38 
0 0 0 0 267 681 28 48 0 0 0 0 392 573 13 46 0 0 0 0 34 934 14 42 
0 0 0 0 39 985 0 0 0 0 0 0 146 878 0 0 0 0 0 0 0 1024 0 0 
0 0 0 0 13 880 40 91 0 0 0 0 87 831 19 87 0 0 0 0 0 929 12 83 
0 0 0 0 2 985 27 10 0 0 0 0 10 995 12 7 0 0 0 0 0 1006 12 6 
0 0 0 0 0 1024 0 0 0 0 0 0 0 1024 0 0 0 0 0 0 0 1023 1 0 
0 0 0 0 0 983 28 13 0 0 0 0 0 1004 7 13 0 0 0 0 0 1009 4 11 
0 0 0 0 0 996 21 7 0 0 0 0 0 1013 5 6 0 0 0 0 0 1002 18 4 
0 0 0 0 0 1024 0 0 0 0 0 0 0 1024 0 0 0 0 0 0 0 1023 1 0 
0 0 0 0 0 1024 0 0 0 0 0 0 0 1024 0 0 0 0 0 0 0 1024 0 0 
0 0 0 0 0 1023 1 0 0 0 0 0 0 1024 0 0 0 0 0 0 0 1024 0 0 
0 0 0 0 0 1024 0 0 0 0 0 0 0 1024 0 0 0 0 0 0 0 1023 1 0 
0 0 0 0 0 1024 0 0 0 0 0 0 3 1021 0 0 0 0 0 0 0 1024 0 0 
0 0 0 0 3 1021 0 0 0 0 0 0 22 1002 0 0 0 0 0 0 2 1022 0 0 
0 0 0 0 81 943 0 0 0 0 0 0 267 757 0 0 0 0 0 0 39 985 0 0 
0 0 0 0 338 686 0 0 0 0 0 0 574 450 0 0 0 0 0 0 137 887 0 0 
0 0 0 0 604 420 0 0 0 0 0 0 877 147 0 0 0 0 0 0 361 663 0 0 
0 0 0 0 850 174 0 0 0 0 0 0 1016 8 0 0 0 0 0 0 693 331 0 0 
0 0 0 4 1014 6 0 0 0 0 0 2 1022 0 0 0 0 0 0 0 982 42 0 0 
0 0 0 79 941 4 0 0 0 0 0 132 892 0 0 0 0 0 0 31 993 0 0 0 
0 0 0 133 859 0 0 0 0 0 0 231 761 0 0 0 0 0 0 50 942 0 0 0 
0 265 656 45 14 14 5 25 2 834 139 11 6 6 9 17 14 762 209 7 4 4 10 14 
0 49 801 96 22 11 11 34 0 557 398 17 9 8 10 25 8 406 559 8 7 10 4 22 
0 23 619 297 24 16 10 35 0 220 733 19 10 6 8 28 7 190 766 16 7 8 9 21 
0 5 470 462 32 17 8 30 0 77 856 38 11 9 8 25 1 58 808 115 7 9 2 24 
0 2 327 582 45 20 12 36 0 11 811 141 10 12 8 31 0 9 587 374 8 11 7 28 
0 0 223 792 9 0 0 0 0 0 681 343 0 0 0 0 0 0 378 641 5 0 0 0 
0 0 36 852 66 19 14 37 0 0 289 664 17 13 7 34 0 2 103 823 49 10 10 27 
0 0 19 539 368 35 20 43 0 0 127 776 54 18 12 37 0 0 31 694 239 16 12 32 
0 0 2 644 376 2 0 0 0 0 18 942 64 0 0 0 0 0 4 605 415 0 0 0 
0 0 2 348 570 48 19 37 0 0 2 530 428 22 11 31 0 0 3 369 598 17 11 26 
0 0 0 291 729 4 0 0 0 0 0 514 510 0 0 0 0 0 0 180 842 2 0 0 
0 0 0 158 707 91 22 46 0 0 0 282 655 29 17 41 0 0 0 65 844 63 18 34 
0 0 0 44 946 34 0 0 0 0 0 170 854 0 0 0 0 0 0 7 893 124 0 0 
0 0 0 5 594 336 30 59 0 0 0 74 800 82 17 51 0 0 0 8 735 220 14 47 
0 0 0 0 807 217 0 0 0 0 0 3 1005 16 0 0 0 0 0 0 690 334 0 0 
0 0 0 0 543 388 33 60 0 0 0 0 761 192 17 54 0 0 0 0 598 363 17 46 
0 0 0 0 577 445 2 0 0 0 0 0 798 225 1 0 0 0 0 0 525 499 0 0 
0 0 0 0 592 432 0 0 0 0 0 0 723 301 0 0 0 0 0 0 482 542 0 0 
0 0 0 0 337 566 52 69 0 0 0 0 568 374 25 57 0 0 0 0 397 546 30 51 
0 0 0 0 501 523 0 0 0 0 0 0 698 326 0 0 0 0 0 0 336 688 0 0 
0 0 0 0 434 587 3 0 0 0 0 0 642 382 0 0 0 0 0 0 351 673 0 0 
0 0 0 0 317 560 62 85 0 0 0 0 574 347 31 72 0 0 0 0 406 521 31 66 
0 0 0 0 638 386 0 0 0 0 0 0 820 204 0 0 0 0 0 0 424 600 0 0 
0 0 0 0 627 397 0 0 0 0 0 0 822 202 0 0 0 0 0 0 520 504 0 0 
0 0 0 0 569 302 66 87 0 0 0 1 691 233 23 76 0 0 0 0 623 312 26 63 
0 0 0 4 912 108 0 0 0 0 0 9 998 17 0 0 0 0 0 0 830 194 0 0 
0 0 0 6 996 22 0 0 0 0 0 23 1001 0 0 0 0 0 0 4 981 39 0 0 
0 0 0 68 838 88 11 19 0 0 0 144 835 21 8 16 0 0 0 56 917 34 9 8 
0 0 0 192 623 108 29 72 0 0 0 481 421 48 14 60 0 0 0 217 692 44 13 58 
0 0 0 532 492 0 0 0 0 0 0 787 237 0 0 0 0 0 0 414 610 0 0 0 
0 0 7 816 201 0 0 0 0 0 0 977 47 0 0 0 0 0 1 798 225 0 0 0 
0 0 7 834 151 0 0 0 0 0 1 971 20 0 0 0 0 0 4 826 162 0 0 0 
0 86 173 385 334 46 0 0 2 249 391 379 3 0 0 0 22 273 713 16 0 0 0 0 
0 37 341 411 195 11 10 19 0 359 370 262 5 7 5 16 6 401 527 62 3 6 7 12 
0 33 396 427 129 11 7 21 0 404 316 268 8 7 4 17 15 396 463 121 6 3 6 14 
0 14 453 261 248 15 5 28 0 363 291 327 9 6 8 20 9 344 485 148 7 4 14 13 
0 1 445 302 192 21 13 50 0 258 463 222 15 11 16 39 6 280 518 151 7 14 15 33 
0 4 437 328 179 19 14 43 0 206 554 192 14 11 10 37 9 216 568 168 13 7 15 28 
0 0 369 430 121 25 25 54 0 94 699 124 26 18 21 42 6 137 646 142 22 17 16 38 
0 1 328 571 49 17 12 46 0 81 805 63 14 12 11 38 8 155 629 165 12 9 16 30 
0 0 342 525 65 27 13 52 0 63 750 115 27 11 18 40 5 90 587 265 16 11 16 34 
0 0 205 665 68 23 21 42 0 27 654 253 27 15 10 38 5 59 455 422 28 10 11 34 
0 0 69 677 143 37 27 71 0 3 436 447 37 16 21 64 1 26 352 517 36 17 19 56 
0 0 137 741 117 7 6 16 0 8 477 501 13 7 4 14 0 18 333 614 37 5 7 10 
0 0 25 575 269 49 30 76 0 0 308 512 92 22 24 66 0 5 231 563 124 24 20 57 
0 0 2 582 367 24 12 37 0 0 244 682 41 13 10 34 1 4 166 580 225 10 8 30 
0 0 1 460 399 65 31 68 0 0 99 656 162 29 20 58 0 1 70 628 229 24 18 54 
0 0 0 429 505 29 17 44 0 0 57 705 197 13 18 34 0 0 60 500 405 14 14 31 
0 0 1 408 460 69 28 58 0 0 59 637 229 23 23 53 0 1 42 547 345 24 23 42 
0 0 0 358 611 21 13 21 0 0 19 700 269 11 10 15 0 0 19 484 490 9 9 13 
0 0 0 289 514 110 32 79 0 0 8 598 291 39 25 63 0 0 19 412 483 34 22 54 
0 0 0 384 616 18 4 2 0 0 15 675 326 4 4 0 0 0 4 442 573 3 2 0 
0 0 0 245 653 69 20 37 0 0 16 523 421 16 17 31 0 0 10 344 615 17 12 26 
0 0 0 266 619 73 24 42 0 0 6 530 408 30 12 38 0 0 0 354 589 34 11 36 
0 0 0 375 646 3 0 0 0 0 1 613 409 1 0 0 0 0 1 357 664 2 0 0 
0 0 0 265 538 107 36 78 0 0 1 511 373 49 23 67 0 0 1 389 507 47 30 50 
0 0 0 488 517 19 0 0 0 0 10 705 309 0 0 0 0 0 1 471 552 0 0 0 
0 0 0 407 539 22 19 37 0 0 7 748 211 12 12 34 0 0 17 520 434 15 8 30 
0 0 8 585 298 56 19 58 0 0 72 649 221 19 17 46 0 0 15 649 283 18 21 38 
0 0 6 788 228 2 0 0 0 0 77 922 24 1 0 0 0 0 62 780 182 0 0 0 
0 0 18 769 156 28 16 37 0 0 114 834 21 12 11 32 0 1 70 848 55 13 9 28 
0 0 123 686 111 24 17 63 0 0 403 510 33 9 15 54 0 0 174 730 48 12 14 46 
0 0 159 796 42 9 7 11 0 0 550 451 7 4 4 8 0 1 306 696 6 6 4 5 
0 0 154 768 26 10 6 28 0 0 534 421 6 6 5 20 0 1 343 613 5 9 4 17 
874 46 50 31 19 4 0 0 887 64 51 22 0 0 0 0 903 82 39 0 0 0 0 0 
770 43 60 102 49 0 0 0 784 57 144 39 0 0 0 0 789 73 153 9 0 0 0 0 
651 53 52 154 114 0 0 0 675 55 150 144 0 0 0 0 680 72 213 59 0 0 0 0 
557 35 73 84 194 81 0 0 570 72 100 258 24 0 0 0 579 102 286 57 0 0 0 0 
475 37 95 189 228 0 0 0 488 63 175 298 0 0 0 0 497 92 370 65 0 0 0 0 
402 29 48 134 403 8 0 0 413 45 111 455 0 0 0 0 424 66 340 194 0 0 0 0 
330 25 84 304 281 0 0 0 338 54 204 428 0 0 0 0 349 75 402 198 0 0 0 0 
279 28 33 118 481 83 2 0 291 37 89 545 62 0 0 0 304 58 361 301 0 0 0 0 
239 27 77 246 402 15 8 10 240 60 210 482 13 2 7 10 243 100 422 239 4 5 1 10 
190 20 71 126 451 144 3 19 203 59 154 533 50 6 4 15 218 134 419 227 3 5 6 12 
189 44 84 263 383 19 9 33 215 79 284 386 14 6 11 29 236 142 522 78 5 9 11 21 
536 201 76 91 47 23 16 34 707 90 135 27 15 12 11 27 781 105 74 10 13 10 7 24 
447 319 39 114 36 14 14 41 754 39 130 26 15 11 14 35 791 54 98 23 6 11 12 29 
576 181 62 133 23 11 10 28 753 63 146 14 5 10 9 24 775 81 108 17 7 10 7 19 
287 376 45 162 78 19 21 36 651 33 194 65 17 13 17 34 677 42 181 60 11 14 13 26 
325 365 38 192 42 14 15 33 685 29 212 30 16 14 11 27 707 51 183 28 8 18 7 22 
586 93 71 178 45 15 9 27 676 36 224 40 12 5 8 23 702 33 181 69 5 6 9 19 
603 43 42 157 81 24 16 58 642 36 168 81 17 13 19 48 657 50 160 72 15 12 18 40 
435 186 39 291 35 9 9 20 619 35 253 77 8 7 9 16 635 38 246 71 9 7 6 12 
415 161 60 208 67 27 22 64 577 29 194 112 20 15 19 58 596 50 159 124 10 20 11 54 
529 34 85 205 51 34 24 62 547 35 232 91 23 25 13 58 569 47 200 109 22 15 16 46 
530 17 139 315 21 2 0 0 539 36 336 111 2 0 0 0 549 50 296 129 0 0 0 0 
424 52 38 238 113 45 31 83 462 32 191 188 35 21 25 70 493 42 179 179 27 24 27 53 
422 26 170 330 31 10 7 28 434 38 359 145 11 7 8 22 444 44 297 200 4 8 9 18 
420 19 74 346 66 26 17 56 430 36 288 172 23 14 15 46 442 56 239 201 18 12 19 37 
355 21 134 432 34 15 10 23 371 33 435 140 11 4 8 22 380 39 344 220 11 6 7 17 
333 21 148 414 34 21 13 40 346 49 471 88 14 11 12 33 354 94 315 194 18 11 14 24 
293 28 272 306 48 20 13 44 313 62 515 65 14 11 8 36 318 81 462 100 12 8 13 30 
148 36 378 338 54 17 16 37 166 83 614 94 13 12 7 35 180 111 585 87 12 10 10 29 
215 49 360 278 38 20 15 49 233 145 533 33 17 12 11 40 249 148 521 34 18 9 12 33 
165 67 538 146 29 15 22 42 187 213 535 18 11 9 15 36 212 226 505 18 10 13 9 31 
181 85 511 116 24 13 19 43 193 273 440 18 10 8 12 38 215 287 412 16 8 12 8 34 
1024 0 0 0 0 0 0 0 1024 0 0 0 0 0 0 0 1024 0 0 0 0 0 0 0 
1024 0 0 0 0 0 0 0 1024 0 0 0 0 0 0 0 1024 0 0 0 0 0 0 0 
1024 0 0 0 0 0 0 0 1024 0 0 0 0 0 0 0 1024 0 0 0 0 0 0 0 
1024 0 0 0 0 0 0 0 1024 0 0 0 0 0 0 0 1024 0 0 0 0 0 0 0 
1024 0 0 0 0 0 0 0 1024 0 0 0 0 0 0 0 1024 0 0 0 0 0 0 0 
1024 0 0 0 0 0 0 0 1024 0 0 0 0 0 0 0 1024 0 0 0 0 0 0 0 
1024 0 0 0 0 0 0 0 1024 0 0 0 0 0 0 0 1024 0 0 0 0 0 0 0 
1024 0 0 0 0 0 0 0 1024 0 0 0 0 0 0 0 1024 0 0 0 0 0 0 0 
1024 0 0 0 0 0 0 0 1024 0 0 0 0 0 0 0 1024 0 0 0 0 0 0 0 
1024 0 0 0 0 0 0 0 1024 0 0 0 0 0 0 0 1024 0 0 0 0 0 0 0 
1024 0 0 0 0 0 0 0 1024 0 0 0 0 0 0 0 1024 0 0 0 0 0 0 0 
795 229 0 0 0 0 0 0 1004 20 0 0 0 0 0 0 1022 2 0 0 0 0 0 0 
290 727 7 0 0 0 0 0 1023 1 0 0 0 0 0 0 1024 0 0 0 0 0 0 0 
275 734 15 0 0 0 0 0 1024 0 0 0 0 0 0 0 1024 0 0 0 0 0 0 0 
164 845 15 0 0 0 0 0 1024 0 0 0 0 0 0 0 1024 0 0 0 0 0 0 0 
296 701 17 4 3 3 0 0 1012 6 3 3 0 0 0 0 1016 7 1 0 0 0 0 0 
633 323 12 13 11 32 0 0 965 7 17 35 0 0 0 0 968 49 7 0 0 0 0 0 
903 121 0 0 0 0 0 0 1024 0 0 0 0 0 0 0 1024 0 0 0 0 0 0 0 
516 508 0 0 0 0 0 0 1024 0 0 0 0 0 0 0 1024 0 0 0 0 0 0 0 
615 408 1 0 0 0 0 0 1024 0 0 0 0 0 0 0 1024 0 0 0 0 0 0 0 
1024 0 0 0 0 0 0 0 1024 0 0 0 0 0 0 0 1024 0 0 0 0 0 0 0 
1024 0 0 0 0 0 0 0 1024 0 0 0 0 0 0 0 1024 0 0 0 0 0 0 0 
1024 0 0 0 0 0 0 0 1024 0 0 0 0 0 0 0 1024 0 0 0 0 0 0 0 
1024 0 0 0 0 0 0 0 1024 0 0 0 0 0 0 0 1024 0 0 0 0 0 0 0 
1024 0 0 0 0 0 0 0 1024 0 0 0 0 0 0 0 1024 0 0 0 0 0 0 0 
1024 0 0 0 0 0 0 0 1024 0 0 0 0 0 0 0 1024 0 0 0 0 0 0 0 
1024 0 0 0 0 0 0 0 1024 0 0 0 0 0 0 0 1024 0 0 0 0 0 0 0 
1024 0 0 0 0 0 0 0 1024 0 0 0 0 0 0 0 1024 0 0 0 0 0 0 0 
1024 0 0 0 0 0 0 0 1024 0 0 0 0 0 0 0 1024 0 0 0 0 0 0 0 
1024 0 0 0 0 0 0 0 1024 0 0 0 0 0 0 0 1024 0 0 0 0 0 0 0 
1024 0 0 0 0 0 0 0 1024 0 0 0 0 0 0 0 1024 0 0 0 0 0 0 0 
992 0 0 0 0 0 0 0 992 0 0 0 0 0 0 0 992 0 0 0 0 0 0 0 
1024 0 0 0 0 0 0 0 1024 0 0 0 0 0 0 0 1024 0 0 0 0 0 0 0 
1024 0 0 0 0 0 0 0 1024 0 0 0 0 0 0 0 1024 0 0 0 0 0 0 0 
1024 0 0 0 0 0 0 0 1024 0 0 0 0 0 0 0 1024 0 0 0 0 0 0 0 
1024 0 0 0 0 0 0 0 1024 0 0 0 0 0 0 0 1024 0 0 0 0 0 0 0 
1024 0 0 0 0 0 0 0 1024 0 0 0 0 0 0 0 1024 0 0 0 0 0 0 0 
1024 0 0 0 0 0 0 0 1024 0 0 0 0 0 0 0 1024 0 0 0 0 0 0 0 
1024 0 0 0 0 0 0 0 1024 0 0 0 0 0 0 0 1024 0 0 0 0 0 0 0 
1024 0 0 0 0 0 0 0 1024 0 0 0 0 0 0 0 1024 0 0 0 0 0 0 0 
1024 0 0 0 0 0 0 0 1024 0 0 0 0 0 0 0 1024 0 0 0 0 0 0 0 
1024 0 0 0 0 0 0 0 1024 0 0 0 0 0 0 0 1024 0 0 0 0 0 0 0 
1024 0 0 0 0 0 0 0 1024 0 0 0 0 0 0 0 1024 0 0 0 0 0 0 0 
602 418 4 0 0 0 0 0 1006 18 0 0 0 0 0 0 1024 0 0 0 0 0 0 0 
578 446 0 0 0 0 0 0 1023 1 0 0 0 0 0 0 1023 1 0 0 0 0 0 0 
426 598 0 0 0 0 0 0 1024 0 0 0 0 0 0 0 1024 0 0 0 0 0 0 0 
302 722 0 0 0 0 0 0 1024 0 0 0 0 0 0 0 1024 0 0 0 0 0 0 0 
336 673 3 8 4 0 0 0 1009 5 8 2 0 0 0 0 1013 8 3 0 0 0 0 0 
820 135 6 22 21 10 6 4 956 18 23 18 2 4 2 1 984 28 3 5 1 2 1 0 
992 32 0 0 0 0 0 0 1024 0 0 0 0 0 0 0 1024 0 0 0 0 0 0 0 
889 135 0 0 0 0 0 0 1024 0 0 0 0 0 0 0 1024 0 0 0 0 0 0 0 
911 113 0 0 0 0 0 0 1024 0 0 0 0 0 0 0 1024 0 0 0 0 0 0 0 
1024 0 0 0 0 0 0 0 1024 0 0 0 0 0 0 0 1024 0 0 0 0 0 0 0 
1024 0 0 0 0 0 0 0 1024 0 0 0 0 0 0 0 1024 0 0 0 0 0 0 0 
1024 0 0 0 0 0 0 0 1024 0 0 0 0 0 0 0 1024 0 0 0 0 0 0 0 
1024 0 0 0 0 0 0 0 1024 0 0 0 0 0 0 0 1024 0 0 0 0 0 0 0 
1024 0 0 0 0 0 0 0 1024 0 0 0 0 0 0 0 1024 0 0 0 0 0 0 0 
1024 0 0 0 0 0 0 0 1024 0 0 0 0 0 0 0 1024 0 0 0 0 0 0 0 
1024 0 0 0 0 0 0 0 1024 0 0 0 0 0 0 0 1024 0 0 0 0 0 0 0 
1024 0 0 0 0 0 0 0 1024 0 0 0 0 0 0 0 1024 0 0 0 0 0 0 0 
1024 0 0 0 0 0 0 0 1024 0 0 0 0 0 0 0 1024 0 0 0 0 0 0 0 
1024 0 0 0 0 0 0 0 1024 0 0 0 0 0 0 0 1024 0 0 0 0 0 0 0 
1024 0 0 0 0 0 0 0 1024 0 0 0 0 0 0 0 1024 0 0 0 0 0 0 0 
992 0 0 0 0 0 0 0 992 0 0 0 0 0 0 0 992 0 0 0 0 0 0 0 
1024 0 0 0 0 0 0 0 1024 0 0 0 0 0 0 0 1024 0 0 0 0 0 0 0 
1024 0 0 0 0 0 0 0 1024 0 0 0 0 0 0 0 1024 0 0 0 0 0 0 0 
1024 0 0 0 0 0 0 0 1024 0 0 0 0 0 0 0 1024 0 0 0 0 0 0 0 
1024 0 0 0 0 0 0 0 1024 0 0 0 0 0 0 0 1024 0 0 0 0 0 0 0 
1024 0 0 0 0 0 0 0 1024 0 0 0 0 0 0 0 1024 0 0 0 0 0 0 0 
1024 0 0 0 0 0 0 0 1024 0 0 0 0 0 0 0 1024 0 0 0 0 0 0 0 
1024 0 0 0 0 0 0 0 1024 0 0 0 0 0 0 0 1024 0 0 0 0 0 0 0 
1024 0 0 0 0 0 0 0 1024 0 0 0 0 0 0 0 1024 0 0 0 0 0 0 0 
1024 0 0 0 0 0 0 0 1024 0 0 0 0 0 0 0 1024 0 0 0 0 0 0 0 
1024 0 0 0 0 0 0 0 1024 0 0 0 0 0 0 0 1024 0 0 0 0 0 0 0 
1024 0 0 0 0 0 0 0 1024 0 0 0 0 0 0 0 1024 0 0 0 0 0 0 0 
584 440 0 0 0 0 0 0 998 26 0 0 0 0 0 0 1024 0 0 0 0 0 0 0 
429 595 0 0 0 0 0 0 1020 4 0 0 0 0 0 0 1024 0 0 0 0 0 0 0 
242 777 5 0 0 0 0 0 1024 0 0 0 0 0 0 0 1024 0 0 0 0 0 0 0 
288 719 17 0 0 0 0 0 1024 0 0 0 0 0 0 0 1024 0 0 0 0 0 0 0 
499 525 0 0 0 0 0 0 1024 0 0 0 0 0 0 0 1024 0 0 0 0 0 0 0 
694 330 0 0 0 0 0 0 1024 0 0 0 0 0 0 0 1024 0 0 0 0 0 0 0 
808 216 0 0 0 0 0 0 1024 0 0 0 0 0 0 0 1024 0 0 0 0 0 0 0 
860 164 0 0 0 0 0 0 1024 0 0 0 0 0 0 0 1024 0 0 0 0 0 0 0 
1002 22 0 0 0 0 0 0 1024 0 0 0 0 0 0 0 1024 0 0 0 0 0 0 0 
1024 0 0 0 0 0 0 0 1024 0 0 0 0 0 0 0 1024 0 0 0 0 0 0 0 
1024 0 0 0 0 0 0 0 1024 0 0 0 0 0 0 0 1024 0 0 0 0 0 0 0 
1024 0 0 0 0 0 0 0 1024 0 0 0 0 0 0 0 1024 0 0 0 0 0 0 0 
1024 0 0 0 0 0 0 0 1024 0 0 0 0 0 0 0 1024 0 0 0 0 0 0 0 
1024 0 0 0 0 0 0 0 1024 0 0 0 0 0 0 0 1024 0 0 0 0 0 0 0 
1024 0 0 0 0 0 0 0 1024 0 0 0 0 0 0 0 1024 0 0 0 0 0 0 0 
1024 0 0 0 0 0 0 0 1024 0 0 0 0 0 0 0 1024 0 0 0 0 0 0 0 
1024 0 0 0 0 0 0 0 1024 0 0 0 0 0 0 0 1024 0 0 0 0 0 0 0 
1024 0 0 0 0 0 0 0 1024 0 0 0 0 0 0 0 1024 0 0 0 0 0 0 0 
1024 0 0 0 0 0 0 0 1024 0 0 0 0 0 0 0 1024 0 0 0 0 0 0 0 
1024 0 0 0 0 0 0 0 1024 0 0 0 0 0 0 0 1024 0 0 0 0 0 0 0 
992 0 0 0 0 0 0 0 992 0 0 0 0 0 0 0 992 0 0 0 0 0 0 0 
1024 0 0 0 0 0 0 0 1024 0 0 0 0 0 0 0 1024 0 0 0 0 0 0 0 
1024 0 0 0 0 0 0 0 1024 0 0 0 0 0 0 0 1024 0 0 0 0 0 0 0 
1024 0 0 0 0 0 0 0 1024 0 0 0 0 0 0 0 1024 0 0 0 0 0 0 0 
1024 0 0 0 0 0 0 0 1024 0 0 0 0 0 0 0 1024 0 0 0 0 0 0 0 
1024 0 0 0 0 0 0 0 1024 0 0 0 0 0 0 0 1024 0 0 0 0 0 0 0 
1024 0 0 0 0 0 0 0 1024 0 0 0 0 0 0 0 1024 0 0 0 0 0 0 0 
1024 0 0 0 0 0 0 0 1024 0 0 0 0 0 0 0 1024 0 0 0 0 0 0 0 
1024 0 0 0 0 0 0 0 1024 0 0 0 0 0 0 0 1024 0 0 0 0 0 0 0 
1023 1 0 0 0 0 0 0 1023 1 0 0 0 0 0 0 1023 1 0 0 0 0 0 0 
1024 0 0 0 0 0 0 0 1024 0 0 0 0 0 0 0 1024 0 0 0 0 0 0 0 
1024 0 0 0 0 0 0 0 1024 0 0 0 0 0 0 0 1024 0 0 0 0 0 0 0 
645 379 0 0 0 0 0 0 1005 19 0 0 0 0 0 0 1018 6 0 0 0 0 0 0 
281 740 3 0 0 0 0 0 1024 0 0 0 0 0 0 0 1024 0 0 0 0 0 0 0 
195 827 2 0 0 0 0 0 1024 0 0 0 0 0 0 0 1024 0 0 0 0 0 0 0 
337 686 1 0 0 0 0 0 1024 0 0 0 0 0 0 0 1024 0 0 0 0 0 0 0 
521 503 0 0 0 0 0 0 1024 0 0 0 0 0 0 0 1024 0 0 0 0 0 0 0 
771 253 0 0 0 0 0 0 1024 0 0 0 0 0 0 0 1024 0 0 0 0 0 0 0 
977 47 0 0 0 0 0 0 1024 0 0 0 0 0 0 0 1024 0 0 0 0 0 0 0 
1001 23 0 0 0 0 0 0 1024 0 0 0 0 0 0 0 1024 0 0 0 0 0 0 0 
1019 5 0 0 0 0 0 0 1024 0 0 0 0 0 0 0 1024 0 0 0 0 0 0 0 
1024 0 0 0 0 0 0 0 1024 0 0 0 0 0 0 0 1024 0 0 0 0 0 0 0 
1024 0 0 0 0 0 0 0 1024 0 0 0 0 0 0 0 1024 0 0 0 0 0 0 0 
1024 0 0 0 0 0 0 0 1024 0 0 0 0 0 0 0 1024 0 0 0 0 0 0 0 
1024 0 0 0 0 0 0 0 1024 0 0 0 0 0 0 0 1024 0 0 0 0 0 0 0 
1024 0 0 0 0 0 0 0 1024 0 0 0 0 0 0 0 1024 0 0 0 0 0 0 0 
1024 0 0 0 0 0 0 0 1024 0 0 0 0 0 0 0 1024 0 0 0 0 0 0 0 
1024 0 0 0 0 0 0 0 1024 0 0 0 0 0 0 0 1024 0 0 0 0 0 0 0 
1024 0 0 0 0 0 0 0 1024 0 0 0 0 0 0 0 1024 0 0 0 0 0 0 0 
1024 0 0 0 0 0 0 0 1024 0 0 0 0 0 0 0 1024 0 0 0 0 0 0 0 
1024 0 0 0 0 0 0 0 1024 0 0 0 0 0 0 0 1024 0 0 0 0 0 0 0 
1024 0 0 0 0 0 0 0 1024 0 0 0 0 0 0 0 1024 0 0 0 0 0 0 0 
992 0 0 0 0 0 0 0 992 0 0 0 0 0 0 0 992 0 0 0 0 0 0 0 
918 106 0 0 0 0 0 0 1024 0 0 0 0 0 0 0 919 105 0 0 0 0 0 0 
897 109 18 0 0 0 0 0 1020 4 0 0 0 0 0 0 850 171 3 0 0 0 0 0 
994 30 0 0 0 0 0 0 1024 0 0 0 0 0 0 0 994 30 0 0 0 0 0 0 
908 115 1 0 0 0 0 0 1019 5 0 0 0 0 0 0 871 153 0 0 0 0 0 0 
915 85 24 0 0 0 0 0 1015 9 0 0 0 0 0 0 898 123 3 0 0 0 0 0 
986 36 2 0 0 0 0 0 1019 5 0 0 0 0 0 0 983 41 0 0 0 0 0 0 
907 109 8 0 0 0 0 0 1022 2 0 0 0 0 0 0 895 125 4 0 0 0 0 0 
1013 10 1 0 0 0 0 0 1023 1 0 0 0 0 0 0 1009 15 0 0 0 0 0 0 
1012 12 0 0 0 0 0 0 1024 0 0 0 0 0 0 0 1012 12 0 0 0 0 0 0 
1023 1 0 0 0 0 0 0 1024 0 0 0 0 0 0 0 1006 18 0 0 0 0 0 0 
1013 11 0 0 0 0 0 0 1024 0 0 0 0 0 0 0 1009 15 0 0 0 0 0 0 
750 274 0 0 0 0 0 0 1019 5 0 0 0 0 0 0 999 25 0 0 0 0 0 0 
418 600 6 0 0 0 0 0 1018 6 0 0 0 0 0 0 1022 2 0 0 0 0 0 0 
484 540 0 0 0 0 0 0 1024 0 0 0 0 0 0 0 1024 0 0 0 0 0 0 0 
617 407 0 0 0 0 0 0 1024 0 0 0 0 0 0 0 1024 0 0 0 0 0 0 0 
510 514 0 0 0 0 0 0 1024 0 0 0 0 0 0 0 1024 0 0 0 0 0 0 0 
799 225 0 0 0 0 0 0 1024 0 0 0 0 0 0 0 1024 0 0 0 0 0 0 0 
952 72 0 0 0 0 0 0 1024 0 0 0 0 0 0 0 1024 0 0 0 0 0 0 0 
951 73 0 0 0 0 0 0 1024 0 0 0 0 0 0 0 1024 0 0 0 0 0 0 0 
1013 11 0 0 0 0 0 0 1024 0 0 0 0 0 0 0 1024 0 0 0 0 0 0 0 
1024 0 0 0 0 0 0 0 1024 0 0 0 0 0 0 0 1024 0 0 0 0 0 0 0 
1024 0 0 0 0 0 0 0 1024 0 0 0 0 0 0 0 1024 0 0 0 0 0 0 0 
1024 0 0 0 0 0 0 0 1024 0 0 0 0 0 0 0 1024 0 0 0 0 0 0 0 
1024 0 0 0 0 0 0 0 1024 0 0 0 0 0 0 0 1024 0 0 0 0 0 0 0 
1024 0 0 0 0 0 0 0 1024 0 0 0 0 0 0 0 1024 0 0 0 0 0 0 0 
1024 0 0 0 0 0 0 0 1024 0 0 0 0 0 0 0 1024 0 0 0 0 0 0 0 
1024 0 0 0 0 0 0 0 1024 0 0 0 0 0 0 0 1024 0 0 0 0 0 0 0 
1024 0 0 0 0 0 0 0 1024 0 0 0 0 0 0 0 1024 0 0 0 0 0 0 0 
1024 0 0 0 0 0 0 0 1024 0 0 0 0 0 0 0 1024 0 0 0 0 0 0 0 
1024 0 0 0 0 0 0 0 1024 0 0 0 0 0 0 0 1024 0 0 0 0 0 0 0 
1024 0 0 0 0 0 0 0 1024 0 0 0 0 0 0 0 1024 0 0 0 0 0 0 0 
992 0 0 0 0 0 0 0 992 0 0 0 0 0 0 0 992 0 0 0 0 0 0 0 
656 300 68 0 0 0 0 0 980 44 0 0 0 0 0 0 443 503 78 0 0 0 0 0 
624 309 91 0 0 0 0 0 982 42 0 0 0 0 0 0 446 477 101 0 0 0 0 0 
548 333 143 0 0 0 0 0 970 54 0 0 0 0 0 0 298 625 101 0 0 0 0 0 
560 339 124 1 0 0 0 0 981 43 0 0 0 0 0 0 303 652 69 0 0 0 0 0 
526 403 94 1 0 0 0 0 977 47 0 0 0 0 0 0 176 738 110 0 0 0 0 0 
473 388 163 0 0 0 0 0 948 76 0 0 0 0 0 0 230 638 156 0 0 0 0 0 
473 430 119 2 0 0 0 0 990 34 0 0 0 0 0 0 194 713 117 0 0 0 0 0 
555 375 94 0 0 0 0 0 963 61 0 0 0 0 0 0 180 745 99 0 0 0 0 0 
413 485 126 0 0 0 0 0 928 96 0 0 0 0 0 0 121 764 139 0 0 0 0 0 
432 456 136 0 0 0 0 0 967 57 0 0 0 0 0 0 174 704 146 0 0 0 0 0 
369 519 136 0 0 0 0 0 955 69 0 0 0 0 0 0 128 750 146 0 0 0 0 0 
400 515 106 3 0 0 0 0 973 51 0 0 0 0 0 0 238 656 130 0 0 0 0 0 
325 601 98 0 0 0 0 0 962 62 0 0 0 0 0 0 210 704 110 0 0 0 0 0 
304 574 146 0 0 0 0 0 943 81 0 0 0 0 0 0 301 630 93 0 0 0 0 0 
252 617 155 0 0 0 0 0 926 98 0 0 0 0 0 0 290 613 121 0 0 0 0 0 
264 626 129 5 0 0 0 0 977 47 0 0 0 0 0 0 478 493 53 0 0 0 0 0 
463 437 116 8 0 0 0 0 983 40 1 0 0 0 0 0 576 425 23 0 0 0 0 0 
618 348 58 0 0 0 0 0 985 39 0 0 0 0 0 0 753 257 14 0 0 0 0 0 
616 279 99 30 0 0 0 0 938 86 0 0 0 0 0 0 883 137 4 0 0 0 0 0 
705 109 101 109 0 0 0 0 816 208 0 0 0 0 0 0 921 97 6 0 0 0 0 0 
930 38 53 3 0 0 0 0 969 55 0 0 0 0 0 0 1023 1 0 0 0 0 0 0 
1024 0 0 0 0 0 0 0 1024 0 0 0 0 0 0 0 1024 0 0 0 0 0 0 0 
1024 0 0 0 0 0 0 0 1024 0 0 0 0 0 0 0 1024 0 0 0 0 0 0 0 
1024 0 0 0 0 0 0 0 1024 0 0 0 0 0 0 0 1024 0 0 0 0 0 0 0 
1024 0 0 0 0 0 0 0 1024 0 0 0 0 0 0 0 1024 0 0 0 0 0 0 0 
1024 0 0 0 0 0 0 0 1024 0 0 0 0 0 0 0 1024 0 0 0 0 0 0 0 
1024 0 0 0 0 0 0 0 1024 0 0 0 0 0 0 0 1024 0 0 0 0 0 0 0 
1024 0 0 0 0 0 0 0 1024 0 0 0 0 0 0 0 1024 0 0 0 0 0 0 0 
1024 0 0 0 0 0 0 0 1024 0 0 0 0 0 0 0 1024 0 0 0 0 0 0 0 
1024 0 0 0 0 0 0 0 1024 0 0 0 0 0 0 0 1024 0 0 0 0 0 0 0 
1024 0 0 0 0 0 0 0 1024 0 0 0 0 0 0 0 1024 0 0 0 0 0 0 0 
992 0 0 0 0 0 0 0 992 0 0 0 0 0 0 0 992 0 0 0 0 0 0 0 
765 207 52 0 0 0 0 0 968 56 0 0 0 0 0 0 226 581 217 0 0 0 0 0 
602 288 134 0 0 0 0 0 928 96 0 0 0 0 0 0 153 579 289 3 0 0 0 0 
677 272 72 3 0 0 0 0 994 30 0 0 0 0 0 0 63 757 204 0 0 0 0 0 
551 329 142 2 0 0 0 0 934 90 0 0 0 0 0 0 60 624 339 1 0 0 0 0 
472 339 205 8 0 0 0 0 850 174 0 0 0 0 0 0 55 405 556 8 0 0 0 0 
542 342 136 4 0 0 0 0 889 135 0 0 0 0 0 0 29 549 417 29 0 0 0 0 
461 343 211 9 0 0 0 0 880 144 0 0 0 0 0 0 5 585 367 67 0 0 0 0 
635 294 95 0 0 0 0 0 938 86 0 0 0 0 0 0 11 606 402 5 0 0 0 0 
435 393 178 18 0 0 0 0 823 201 0 0 0 0 0 0 0 395 612 17 0 0 0 0 
445 403 157 19 0 0 0 0 847 177 0 0 0 0 0 0 2 481 466 75 0 0 0 0 
490 386 132 16 0 0 0 0 879 145 0 0 0 0 0 0 3 491 483 47 0 0 0 0 
462 394 166 2 0 0 0 0 882 142 0 0 0 0 0 0 1 530 486 7 0 0 0 0 
376 443 194 11 0 0 0 0 812 212 0 0 0 0 0 0 7 444 556 17 0 0 0 0 
353 416 233 22 0 0 0 0 821 203 0 0 0 0 0 0 0 526 484 14 0 0 0 0 
290 419 300 15 0 0 0 0 817 207 0 0 0 0 0 0 5 500 469 50 0 0 0 0 
305 462 236 21 0 0 0 0 850 174 0 0 0 0 0 0 6 552 458 8 0 0 0 0 
307 476 234 7 0 0 0 0 859 165 0 0 0 0 0 0 16 615 386 7 0 0 0 0 
244 490 269 21 0 0 0 0 850 174 0 0 0 0 0 0 14 618 391 1 0 0 0 0 
233 546 243 2 0 0 0 0 867 157 0 0 0 0 0 0 43 684 296 1 0 0 0 0 
300 436 268 20 0 0 0 0 827 197 0 0 0 0 0 0 87 676 261 0 0 0 0 0 
155 486 358 25 0 0 0 0 754 270 0 0 0 0 0 0 157 672 195 0 0 0 0 0 
240 389 392 3 0 0 0 0 684 340 0 0 0 0 0 0 385 569 70 0 0 0 0 0 
355 310 359 0 0 0 0 0 733 291 0 0 0 0 0 0 554 419 51 0 0 0 0 0 
474 246 301 3 0 0 0 0 807 217 0 0 0 0 0 0 704 300 20 0 0 0 0 0 
574 123 301 26 0 0 0 0 732 292 0 0 0 0 0 0 882 141 1 0 0 0 0 0 
709 40 274 1 0 0 0 0 788 236 0 0 0 0 0 0 982 41 1 0 0 0 0 0 
878 55 91 0 0 0 0 0 947 77 0 0 0 0 0 0 1021 3 0 0 0 0 0 0 
1016 8 0 0 0 0 0 0 1020 4 0 0 0 0 0 0 1024 0 0 0 0 0 0 0 
1024 0 0 0 0 0 0 0 1024 0 0 0 0 0 0 0 1024 0 0 0 0 0 0 0 
1024 0 0 0 0 0 0 0 1024 0 0 0 0 0 0 0 1024 0 0 0 0 0 0 0 
1024 0 0 0 0 0 0 0 1024 0 0 0 0 0 0 0 1024 0 0 0 0 0 0 0 
992 0 0 0 0 0 0 0 992 0 0 0 0 0 0 0 992 0 0 0 0 0 0 0 
704 260 60 0 0 0 0 0 934 90 0 0 0 0 0 0 2 593 415 14 0 0 0 0 
470 361 193 0 0 0 0 0 800 224 0 0 0 0 0 0 0 320 605 99 0 0 0 0 
448 425 148 3 0 0 0 0 774 250 0 0 0 0 0 0 17 167 713 127 0 0 0 0 
380 380 241 23 0 0 0 0 672 352 0 0 0 0 0 0 0 243 522 259 0 0 0 0 
604 296 113 11 0 0 0 0 745 279 0 0 0 0 0 0 0 561 284 179 0 0 0 0 
511 362 116 35 0 0 0 0 752 272 0 0 0 0 0 0 0 248 637 131 8 0 0 0 
496 380 144 4 0 0 0 0 796 228 0 0 0 0 0 0 0 179 699 146 0 0 0 0 
250 602 167 5 0 0 0 0 553 471 0 0 0 0 0 0 0 41 720 263 0 0 0 0 
266 455 285 18 0 0 0 0 527 497 0 0 0 0 0 0 0 169 422 433 0 0 0 0 
489 417 113 5 0 0 0 0 622 402 0 0 0 0 0 0 0 189 618 217 0 0 0 0 
336 431 200 57 0 0 0 0 582 442 0 0 0 0 0 0 0 74 624 312 14 0 0 0 
274 586 143 21 0 0 0 0 534 490 0 0 0 0 0 0 0 10 849 165 0 0 0 0 
280 557 179 8 0 0 0 0 558 466 0 0 0 0 0 0 0 64 705 255 0 0 0 0 
255 536 213 20 0 0 0 0 627 397 0 0 0 0 0 0 0 51 621 351 1 0 0 0 
286 518 161 59 0 0 0 0 613 411 0 0 0 0 0 0 0 73 701 245 5 0 0 0 
481 343 145 55 0 0 0 0 768 256 0 0 0 0 0 0 0 198 699 125 2 0 0 0 
390 438 182 14 0 0 0 0 683 341 0 0 0 0 0 0 0 148 677 198 1 0 0 0 
395 405 190 34 0 0 0 0 790 234 0 0 0 0 0 0 0 302 576 146 0 0 0 0 
377 427 203 17 0 0 0 0 788 236 0 0 0 0 0 0 1 304 584 135 0 0 0 0 
444 354 200 26 0 0 0 0 819 205 0 0 0 0 0 0 1 464 440 119 0 0 0 0 
431 350 230 13 0 0 0 0 795 229 0 0 0 0 0 0 2 446 535 41 0 0 0 0 
426 351 236 11 0 0 0 0 824 200 0 0 0 0 0 0 13 525 435 51 0 0 0 0 
409 455 160 0 0 0 0 0 895 129 0 0 0 0 0 0 18 661 337 8 0 0 0 0 
416 491 116 1 0 0 0 0 951 73 0 0 0 0 0 0 42 747 230 5 0 0 0 0 
411 498 115 0 0 0 0 0 954 70 0 0 0 0 0 0 84 734 206 0 0 0 0 0 
378 514 129 3 0 0 0 0 945 79 0 0 0 0 0 0 192 755 77 0 0 0 0 0 
401 438 183 2 0 0 0 0 900 124 0 0 0 0 0 0 368 609 47 0 0 0 0 0 
382 376 266 0 0 0 0 0 805 219 0 0 0 0 0 0 618 404 2 0 0 0 0 0 
532 308 184 0 0 0 0 0 892 132 0 0 0 0 0 0 775 249 0 0 0 0 0 0 
515 323 186 0 0 0 0 0 884 140 0 0 0 0 0 0 871 153 0 0 0 0 0 0 
913 108 3 0 0 0 0 0 1023 1 0 0 0 0 0 0 972 52 0 0 0 0 0 0 
913 79 0 0 0 0 0 0 992 0 0 0 0 0 0 0 962 30 0 0 0 0 0 0 
914 91 19 0 0 0 0 0 932 92 0 0 0 0 0 0 66 782 126 50 0 0 0 0 
1007 13 4 0 0 0 0 0 1012 12 0 0 0 0 0 0 0 901 119 4 0 0 0 0 
589 430 5 0 0 0 0 0 601 423 0 0 0 0 0 0 0 171 783 70 0 0 0 0 
460 419 145 0 0 0 0 0 587 437 0 0 0 0 0 0 0 76 664 284 0 0 0 0 
127 750 146 1 0 0 0 0 198 826 0 0 0 0 0 0 0 4 641 369 10 0 0 0 
102 672 215 35 0 0 0 0 123 901 0 0 0 0 0 0 0 1 492 455 76 0 0 0 
169 632 146 76 1 0 0 0 239 784 1 0 0 0 0 0 0 40 306 556 122 0 0 0 
238 565 178 43 0 0 0 0 184 839 1 0 0 0 0 0 0 6 505 290 223 0 0 0 
343 439 136 106 0 0 0 0 316 708 0 0 0 0 0 0 0 6 701 104 213 0 0 0 
78 856 86 4 0 0 0 0 64 960 0 0 0 0 0 0 0 0 515 500 9 0 0 0 
43 881 93 7 0 0 0 0 141 883 0 0 0 0 0 0 0 0 529 470 25 0 0 0 
96 707 174 47 0 0 0 0 108 915 1 0 0 0 0 0 0 2 267 582 173 0 0 0 
76 616 248 84 0 0 0 0 101 923 0 0 0 0 0 0 0 0 253 489 282 0 0 0 
67 744 115 98 0 0 0 0 53 971 0 0 0 0 0 0 0 0 379 459 186 0 0 0 
146 705 123 50 0 0 0 0 298 724 2 0 0 0 0 0 0 0 670 257 97 0 0 0 
108 693 161 62 0 0 0 0 135 885 4 0 0 0 0 0 0 20 432 464 108 0 0 0 
89 738 157 40 0 0 0 0 209 815 0 0 0 0 0 0 0 0 473 537 14 0 0 0 
331 505 142 46 0 0 0 0 421 603 0 0 0 0 0 0 0 30 613 342 39 0 0 0 
225 530 216 53 0 0 0 0 276 748 0 0 0 0 0 0 0 1 584 344 95 0 0 0 
304 465 203 52 0 0 0 0 465 559 0 0 0 0 0 0 0 60 583 310 71 0 0 0 
424 437 143 20 0 0 0 0 605 419 0 0 0 0 0 0 0 133 712 149 30 0 0 0 
403 424 176 21 0 0 0 0 594 430 0 0 0 0 0 0 0 179 599 246 0 0 0 0 
518 372 117 17 0 0 0 0 805 219 0 0 0 0 0 0 0 298 590 135 1 0 0 0 
514 378 132 0 0 0 0 0 822 202 0 0 0 0 0 0 0 334 577 112 1 0 0 0 
660 224 134 6 0 0 0 0 866 158 0 0 0 0 0 0 5 679 235 105 0 0 0 0 
600 323 101 0 0 0 0 0 933 91 0 0 0 0 0 0 42 588 379 15 0 0 0 0 
584 335 101 4 0 0 0 0 906 118 0 0 0 0 0 0 124 540 346 14 0 0 0 0 
668 334 22 0 0 0 0 0 1005 19 0 0 0 0 0 0 98 825 101 0 0 0 0 0 
810 198 16 0 0 0 0 0 1015 9 0 0 0 0 0 0 481 498 45 0 0 0 0 0 
911 111 2 0 0 0 0 0 1023 1 0 0 0 0 0 0 805 218 1 0 0 0 0 0 
928 96 0 0 0 0 0 0 1024 0 0 0 0 0 0 0 895 129 0 0 0 0 0 0 
883 109 0 0 0 0 0 0 992 0 0 0 0 0 0 0 873 119 0 0 0 0 0 0 
238 727 57 2 0 0 0 0 143 881 0 0 0 0 0 0 0 6 747 269 2 0 0 0 
104 615 292 13 0 0 0 0 145 879 0 0 0 0 0 0 0 76 227 654 67 0 0 0 
338 403 251 32 0 0 0 0 304 719 1 0 0 0 0 0 0 144 336 236 308 0 0 0 
855 169 0 0 0 0 0 0 839 185 0 0 0 0 0 0 0 415 587 22 0 0 0 0 
437 587 0 0 0 0 0 0 192 832 0 0 0 0 0 0 0 25 895 104 0 0 0 0 
98 916 10 0 0 0 0 0 93 931 0 0 0 0 0 0 0 0 620 397 7 0 0 0 
30 818 153 23 0 0 0 0 12 1012 0 0 0 0 0 0 0 0 175 604 245 0 0 0 
21 856 125 22 0 0 0 0 13 1011 0 0 0 0 0 0 0 0 110 571 343 0 0 0 
6 682 277 59 0 0 0 0 0 1011 13 0 0 0 0 0 0 0 22 469 533 0 0 0 
63 710 131 120 0 0 0 0 64 934 26 0 0 0 0 0 0 3 240 305 475 1 0 0 
49 687 153 135 0 0 0 0 36 950 38 0 0 0 0 0 0 0 226 240 558 0 0 0 
20 634 179 191 0 0 0 0 1 895 128 0 0 0 0 0 0 0 97 510 417 0 0 0 
17 900 27 76 4 0 0 0 5 970 49 0 0 0 0 0 0 0 70 706 248 0 0 0 
3 896 100 25 0 0 0 0 14 1009 1 0 0 0 0 0 0 0 119 701 204 0 0 0 
10 796 176 42 0 0 0 0 35 977 12 0 0 0 0 0 0 1 62 448 513 0 0 0 
12 702 205 105 0 0 0 0 5 987 32 0 0 0 0 0 0 0 0 322 702 0 0 0 
41 637 211 135 0 0 0 0 52 933 39 0 0 0 0 0 0 0 113 401 506 4 0 0 
43 849 87 45 0 0 0 0 21 989 14 0 0 0 0 0 0 0 443 402 178 1 0 0 
7 676 226 115 0 0 0 0 31 921 72 0 0 0 0 0 0 0 91 576 357 0 0 0 
105 808 61 50 0 0 0 0 71 937 16 0 0 0 0 0 0 0 506 427 91 0 0 0 
117 808 93 6 0 0 0 0 145 879 0 0 0 0 0 0 0 1 508 441 74 0 0 0 
68 724 191 41 0 0 0 0 74 949 1 0 0 0 0 0 0 0 382 472 170 0 0 0 
249 572 171 32 0 0 0 0 253 770 1 0 0 0 0 0 0 44 512 338 130 0 0 0 
455 470 75 24 0 0 0 0 450 574 0 0 0 0 0 0 0 12 832 139 41 0 0 0 
571 405 48 0 0 0 0 0 451 573 0 0 0 0 0 0 0 12 921 91 0 0 0 0 
857 101 61 5 0 0 0 0 916 108 0 0 0 0 0 0 0 682 264 78 0 0 0 0 
1006 14 4 0 0 0 0 0 1009 15 0 0 0 0 0 0 33 902 83 6 0 0 0 0 
746 252 26 0 0 0 0 0 983 41 0 0 0 0 0 0 85 675 262 2 0 0 0 0 
774 238 12 0 0 0 0 0 1016 8 0 0 0 0 0 0 458 448 118 0 0 0 0 0 
957 67 0 0 0 0 0 0 1024 0 0 0 0 0 0 0 875 149 0 0 0 0 0 0 
943 81 0 0 0 0 0 0 1024 0 0 0 0 0 0 0 1017 7 0 0 0 0 0 0 
882 110 0 0 0 0 0 0 992 0 0 0 0 0 0 0 988 4 0 0 0 0 0 0 
118 830 76 0 0 0 0 0 59 965 0 0 0 0 0 0 0 0 333 554 137 0 0 0 
135 768 120 1 0 0 0 0 15 1009 0 0 0 0 0 0 0 0 656 163 205 0 0 0 
4 1018 2 0 0 0 0 0 0 1024 0 0 0 0 0 0 0 0 45 848 131 0 0 0 
44 737 228 15 0 0 0 0 47 974 3 0 0 0 0 0 0 19 45 488 472 0 0 0 
170 411 370 73 0 0 0 0 108 911 5 0 0 0 0 0 0 11 247 70 696 0 0 0 
199 479 236 110 0 0 0 0 66 895 63 0 0 0 0 0 0 2 524 166 332 0 0 0 
118 900 4 2 0 0 0 0 23 998 3 0 0 0 0 0 0 0 725 295 3 1 0 0 
12 1010 2 0 0 0 0 0 1 1022 1 0 0 0 0 0 0 0 24 675 325 0 0 0 
8 990 26 0 0 0 0 0 0 1024 0 0 0 0 0 0 0 0 15 726 283 0 0 0 
53 730 199 42 0 0 0 0 0 990 34 0 0 0 0 0 0 0 0 90 934 0 0 0 
72 690 201 61 0 0 0 0 0 815 209 0 0 0 0 0 0 0 1 136 883 4 0 0 
19 783 189 33 0 0 0 0 0 913 111 0 0 0 0 0 0 0 0 134 888 2 0 0 
47 688 164 124 1 0 0 0 1 801 222 0 0 0 0 0 0 0 32 133 856 3 0 0 
39 775 112 98 0 0 0 0 3 846 175 0 0 0 0 0 0 0 42 372 607 3 0 0 
6 584 194 232 8 0 0 0 0 607 417 0 0 0 0 0 0 0 0 319 690 15 0 0 
37 711 79 189 8 0 0 0 0 786 238 0 0 0 0 0 0 0 0 105 894 25 0 0 
12 991 15 5 1 0 0 0 2 1017 5 0 0 0 0 0 0 0 12 649 362 1 0 0 
13 806 150 55 0 0 0 0 2 977 45 0 0 0 0 0 0 0 0 164 858 2 0 0 
15 780 141 88 0 0 0 0 0 921 103 0 0 0 0 0 0 0 0 183 840 1 0 0 
18 679 225 102 0 0 0 0 2 959 63 0 0 0 0 0 0 0 5 358 660 1 0 0 
36 874 56 58 0 0 0 0 6 987 31 0 0 0 0 0 0 0 244 580 200 0 0 0 
40 984 0 0 0 0 0 0 0 1024 0 0 0 0 0 0 0 0 208 816 0 0 0 0 
181 843 0 0 0 0 0 0 83 941 0 0 0 0 0 0 0 0 519 505 0 0 0 0 
404 504 116 0 0 0 0 0 300 724 0 0 0 0 0 0 0 47 689 252 36 0 0 0 
663 325 34 2 0 0 0 0 300 724 0 0 0 0 0 0 0 16 935 63 10 0 0 0 
617 394 13 0 0 0 0 0 856 168 0 0 0 0 0 0 0 425 508 91 0 0 0 0 
959 63 2 0 0 0 0 0 996 28 0 0 0 0 0 0 60 846 100 18 0 0 0 0 
948 75 1 0 0 0 0 0 1010 14 0 0 0 0 0 0 502 442 80 0 0 0 0 0 
966 57 1 0 0 0 0 0 1024 0 0 0 0 0 0 0 946 78 0 0 0 0 0 0 
954 70 0 0 0 0 0 0 1024 0 0 0 0 0 0 0 1019 5 0 0 0 0 0 0 
535 457 32 0 0 0 0 0 1024 0 0 0 0 0 0 0 1024 0 0 0 0 0 0 0 
496 463 33 0 0 0 0 0 992 0 0 0 0 0 0 0 992 0 0 0 0 0 0 0 
433 591 0 0 0 0 0 0 131 893 0 0 0 0 0 0 0 19 821 184 0 0 0 0 
78 936 10 0 0 0 0 0 6 1018 0 0 0 0 0 0 0 0 343 510 171 0 0 0 
20 841 163 0 0 0 0 0 1 1009 14 0 0 0 0 0 0 0 1 424 599 0 0 0 
9 878 137 0 0 0 0 0 0 962 62 0 0 0 0 0 0 0 29 731 260 4 0 0 
12 928 79 5 0 0 0 0 0 1000 24 0 0 0 0 0 0 0 0 565 459 0 0 0 
115 786 122 1 0 0 0 0 0 867 157 0 0 0 0 0 0 0 0 7 1016 1 0 0 
222 658 141 3 0 0 0 0 51 816 157 0 0 0 0 0 0 24 345 48 606 1 0 0 
18 447 478 81 0 0 0 0 0 508 516 0 0 0 0 0 0 0 63 284 670 7 0 0 
9 698 240 77 0 0 0 0 3 744 277 0 0 0 0 0 0 0 27 504 488 5 0 0 
77 935 5 7 0 0 0 0 0 1017 7 0 0 0 0 0 0 0 0 418 604 2 0 0 
220 802 2 0 0 0 0 0 0 915 109 0 0 0 0 0 0 0 0 0 1024 0 0 0 
97 819 108 0 0 0 0 0 0 845 179 0 0 0 0 0 0 0 0 27 995 2 0 0 
63 621 279 61 0 0 0 0 1 574 449 0 0 0 0 0 0 0 1 11 1011 1 0 0 
57 543 339 85 0 0 0 0 0 306 718 0 0 0 0 0 0 0 0 11 979 34 0 0 
54 688 214 68 0 0 0 0 0 586 438 0 0 0 0 0 0 0 0 0 995 29 0 0 
119 658 154 93 0 0 0 0 0 663 361 0 0 0 0 0 0 0 0 0 1012 12 0 0 
42 769 93 110 10 0 0 0 3 749 272 0 0 0 0 0 0 0 35 337 613 39 0 0 
16 1008 0 0 0 0 0 0 0 1024 0 0 0 0 0 0 0 0 0 296 728 0 0 0 
44 980 0 0 0 0 0 0 0 1024 0 0 0 0 0 0 0 0 0 7 1017 0 0 0 
100 924 0 0 0 0 0 0 0 1024 0 0 0 0 0 0 0 0 6 351 667 0 0 0 
31 798 195 0 0 0 0 0 10 997 17 0 0 0 0 0 0 0 138 564 322 0 0 0 
15 744 249 16 0 0 0 0 4 976 44 0 0 0 0 0 0 0 100 581 343 0 0 0 
76 948 0 0 0 0 0 0 37 987 0 0 0 0 0 0 0 0 475 549 0 0 0 0 
343 601 80 0 0 0 0 0 250 774 0 0 0 0 0 0 73 27 562 306 56 0 0 0 
791 233 0 0 0 0 0 0 611 413 0 0 0 0 0 0 194 72 758 0 0 0 0 0 
973 51 0 0 0 0 0 0 944 80 0 0 0 0 0 0 617 208 199 0 0 0 0 0 
867 157 0 0 0 0 0 0 1024 0 0 0 0 0 0 0 899 123 2 0 0 0 0 0 
710 280 29 5 0 0 0 0 1024 0 0 0 0 0 0 0 1024 0 0 0 0 0 0 0 
595 283 91 55 0 0 0 0 1023 1 0 0 0 0 0 0 1024 0 0 0 0 0 0 0 
251 526 147 57 43 0 0 0 1015 9 0 0 0 0 0 0 1024 0 0 0 0 0 0 0 
190 676 114 44 0 0 0 0 965 59 0 0 0 0 0 0 882 51 90 1 0 0 0 0 
231 625 101 35 0 0 0 0 909 83 0 0 0 0 0 0 760 61 165 6 0 0 0 0 
811 213 0 0 0 0 0 0 602 422 0 0 0 0 0 0 0 357 664 3 0 0 0 0 
470 554 0 0 0 0 0 0 178 846 0 0 0 0 0 0 0 17 923 84 0 0 0 0 
70 954 0 0 0 0 0 0 0 1024 0 0 0 0 0 0 0 0 125 766 133 0 0 0 
115 814 95 0 0 0 0 0 1 890 133 0 0 0 0 0 0 0 0 258 763 3 0 0 
33 637 335 19 0 0 0 0 0 867 157 0 0 0 0 0 0 0 0 111 913 0 0 0 
55 501 447 21 0 0 0 0 0 509 515 0 0 0 0 0 0 0 0 17 1001 6 0 0 
244 567 179 34 0 0 0 0 17 793 214 0 0 0 0 0 0 0 38 41 941 4 0 0 
182 814 28 0 0 0 0 0 0 819 205 0 0 0 0 0 0 0 0 0 1024 0 0 0 
27 594 402 1 0 0 0 0 0 240 784 0 0 0 0 0 0 0 0 0 1005 19 0 0 
4 237 492 289 2 0 0 0 0 155 855 14 0 0 0 0 0 0 0 44 746 234 0 0 
107 768 117 32 0 0 0 0 3 841 178 2 0 0 0 0 0 0 17 47 922 38 0 0 
106 894 24 0 0 0 0 0 0 913 111 0 0 0 0 0 0 0 0 23 1001 0 0 0 
192 831 1 0 0 0 0 0 0 909 115 0 0 0 0 0 0 0 0 0 1022 2 0 0 
0 965 59 0 0 0 0 0 0 135 889 0 0 0 0 0 0 0 0 0 1022 2 0 0 
2 807 215 0 0 0 0 0 0 24 1000 0 0 0 0 0 0 0 0 0 972 52 0 0 
254 711 59 0 0 0 0 0 0 880 144 0 0 0 0 0 0 0 0 0 1018 6 0 0 
97 823 104 0 0 0 0 0 91 782 151 0 0 0 0 0 22 47 55 213 687 0 0 0 
21 558 352 91 2 0 0 0 0 587 437 0 0 0 0 0 0 0 0 206 784 34 0 0 
51 973 0 0 0 0 0 0 0 1024 0 0 0 0 0 0 0 0 0 99 925 0 0 0 
93 930 1 0 0 0 0 0 1 1022 1 0 0 0 0 0 0 0 8 133 883 0 0 0 
12 814 196 2 0 0 0 0 5 985 34 0 0 0 0 0 0 3 11 493 517 0 0 0 
421 602 1 0 0 0 0 0 412 612 0 0 0 0 0 0 365 35 183 431 10 0 0 0 
109 912 3 0 0 0 0 0 282 742 0 0 0 0 0 0 244 32 392 356 0 0 0 0 
988 34 2 0 0 0 0 0 1011 13 0 0 0 0 0 0 951 48 24 1 0 0 0 0 
327 568 95 34 0 0 0 0 1022 2 0 0 0 0 0 0 1024 0 0 0 0 0 0 0 
537 474 12 1 0 0 0 0 1024 0 0 0 0 0 0 0 1024 0 0 0 0 0 0 0 
223 711 57 32 1 0 0 0 1024 0 0 0 0 0 0 0 1024 0 0 0 0 0 0 0 
131 418 276 111 76 12 0 0 952 72 0 0 0 0 0 0 1024 0 0 0 0 0 0 0 
16 409 428 72 82 17 0 0 941 83 0 0 0 0 0 0 1019 3 2 0 0 0 0 0 
25 528 409 30 25 7 0 0 677 347 0 0 0 0 0 0 661 36 133 137 57 0 0 0 
203 685 93 43 0 0 0 0 380 644 0 0 0 0 0 0 189 43 360 386 46 0 0 0 
289 625 56 22 0 0 0 0 278 714 0 0 0 0 0 0 74 38 506 362 12 0 0 0 
924 100 0 0 0 0 0 0 1000 24 0 0 0 0 0 0 245 636 143 0 0 0 0 0 
830 194 0 0 0 0 0 0 534 490 0 0 0 0 0 0 0 171 853 0 0 0 0 0 
317 707 0 0 0 0 0 0 58 966 0 0 0 0 0 0 0 2 777 241 4 0 0 0 
98 925 1 0 0 0 0 0 0 986 38 0 0 0 0 0 0 0 32 515 476 1 0 0 
27 997 0 0 0 0 0 0 0 1024 0 0 0 0 0 0 0 0 3 697 324 0 0 0 
304 677 43 0 0 0 0 0 0 846 178 0 0 0 0 0 0 0 0 7 1017 0 0 0 
15 715 290 4 0 0 0 0 0 106 918 0 0 0 0 0 0 0 0 0 937 87 0 0 
356 369 272 27 0 0 0 0 0 704 307 13 0 0 0 0 0 0 0 0 850 174 0 0 
341 683 0 0 0 0 0 0 0 841 183 0 0 0 0 0 0 0 0 0 1024 0 0 0 
8 632 384 0 0 0 0 0 0 105 919 0 0 0 0 0 0 0 0 0 791 233 0 0 
119 780 125 0 0 0 0 0 83 618 323 0 0 0 0 0 37 36 51 306 574 20 0 0 
171 832 12 9 0 0 0 0 0 968 56 0 0 0 0 0 0 0 0 150 873 1 0 0 
161 861 2 0 0 0 0 0 0 1021 3 0 0 0 0 0 0 0 0 121 903 0 0 0 
107 912 5 0 0 0 0 0 0 721 303 0 0 0 0 0 0 0 0 0 1024 0 0 0 
0 977 47 0 0 0 0 0 0 169 855 0 0 0 0 0 0 0 0 0 1014 10 0 0 
174 604 246 0 0 0 0 0 0 547 477 0 0 0 0 0 0 0 0 0 1013 11 0 0 
53 257 711 3 0 0 0 0 0 307 717 0 0 0 0 0 0 0 0 0 973 51 0 0 
137 767 120 0 0 0 0 0 119 757 148 0 0 0 0 0 90 18 14 36 858 8 0 0 
281 742 1 0 0 0 0 0 342 682 0 0 0 0 0 0 311 24 29 360 300 0 0 0 
29 988 7 0 0 0 0 0 49 975 0 0 0 0 0 0 31 13 12 343 625 0 0 0 
792 232 0 0 0 0 0 0 778 246 0 0 0 0 0 0 712 46 61 166 39 0 0 0 
761 222 22 16 3 0 0 0 1001 23 0 0 0 0 0 0 1023 1 0 0 0 0 0 0 
97 793 112 22 0 0 0 0 1008 16 0 0 0 0 0 0 1024 0 0 0 0 0 0 0 
331 589 96 8 0 0 0 0 1021 3 0 0 0 0 0 0 1024 0 0 0 0 0 0 0 
84 738 182 19 1 0 0 0 1024 0 0 0 0 0 0 0 1024 0 0 0 0 0 0 0 
28 359 433 136 68 0 0 0 965 59 0 0 0 0 0 0 1024 0 0 0 0 0 0 0 
37 291 227 292 114 61 2 0 717 271 36 0 0 0 0 0 1024 0 0 0 0 0 0 0 
0 208 532 105 59 115 5 0 775 167 75 7 0 0 0 0 1024 0 0 0 0 0 0 0 
10 539 404 27 14 24 6 0 434 557 22 11 0 0 0 0 446 44 89 428 17 0 0 0 
52 950 22 0 0 0 0 0 9 1015 0 0 0 0 0 0 0 3 180 777 64 0 0 0 
181 843 0 0 0 0 0 0 23 1001 0 0 0 0 0 0 0 3 572 407 42 0 0 0 
198 794 0 0 0 0 0 0 36 956 0 0 0 0 0 0 0 3 584 378 27 0 0 0 
474 440 109 1 0 0 0 0 962 62 0 0 0 0 0 0 1022 2 0 0 0 0 0 0 
815 184 25 0 0 0 0 0 944 80 0 0 0 0 0 0 751 124 149 0 0 0 0 0 
634 363 27 0 0 0 0 0 497 527 0 0 0 0 0 0 140 88 796 0 0 0 0 0 
192 832 0 0 0 0 0 0 13 1011 0 0 0 0 0 0 0 0 566 373 85 0 0 0 
81 943 0 0 0 0 0 0 0 1023 1 0 0 0 0 0 0 0 46 711 267 0 0 0 
276 748 0 0 0 0 0 0 0 1022 2 0 0 0 0 0 0 0 0 312 712 0 0 0 
261 759 4 0 0 0 0 0 0 635 389 0 0 0 0 0 0 0 0 0 1012 12 0 0 
106 363 554 1 0 0 0 0 0 273 749 2 0 0 0 0 0 0 0 0 698 326 0 0 
404 620 0 0 0 0 0 0 0 988 36 0 0 0 0 0 0 0 0 0 1024 0 0 0 
48 686 290 0 0 0 0 0 0 177 847 0 0 0 0 0 0 0 0 0 897 127 0 0 
200 289 535 0 0 0 0 0 222 74 728 0 0 0 0 0 176 27 27 23 701 70 0 0 
12 300 644 68 0 0 0 0 0 46 978 0 0 0 0 0 0 0 0 1 787 236 0 0 
137 811 76 0 0 0 0 0 309 637 78 0 0 0 0 0 238 43 43 186 507 7 0 0 
171 851 2 0 0 0 0 0 25 975 24 0 0 0 0 0 18 5 7 18 975 1 0 0 
56 962 6 0 0 0 0 0 0 644 380 0 0 0 0 0 0 0 0 0 1023 1 0 0 
93 824 107 0 0 0 0 0 22 393 609 0 0 0 0 0 10 10 8 12 972 12 0 0 
366 608 50 0 0 0 0 0 205 690 129 0 0 0 0 0 174 21 22 30 769 8 0 0 
321 457 202 44 0 0 0 0 850 174 0 0 0 0 0 0 850 22 17 16 119 0 0 0 
710 217 77 20 0 0 0 0 1006 18 0 0 0 0 0 0 1024 0 0 0 0 0 0 0 
86 837 101 0 0 0 0 0 1004 20 0 0 0 0 0 0 981 13 11 7 12 0 0 0 
549 350 125 0 0 0 0 0 1022 2 0 0 0 0 0 0 1015 6 2 1 0 0 0 0 
67 740 209 8 0 0 0 0 1015 9 0 0 0 0 0 0 1024 0 0 0 0 0 0 0 
2 412 542 68 0 0 0 0 1020 4 0 0 0 0 0 0 1024 0 0 0 0 0 0 0 
26 435 345 178 40 0 0 0 991 33 0 0 0 0 0 0 1024 0 0 0 0 0 0 0 
5 369 310 184 115 41 0 0 849 161 14 0 0 0 0 0 1024 0 0 0 0 0 0 0 
0 191 442 160 205 26 0 0 621 342 61 0 0 0 0 0 962 14 6 8 29 5 0 0 
5 119 171 665 64 0 0 0 232 767 25 0 0 0 0 0 778 33 36 92 82 3 0 0 
63 523 338 81 19 0 0 0 31 683 310 0 0 0 0 0 89 25 16 66 816 12 0 0 
41 736 225 14 8 0 0 0 17 779 228 0 0 0 0 0 20 11 15 292 684 2 0 0 
23 876 125 0 0 0 0 0 0 921 103 0 0 0 0 0 0 0 20 555 448 1 0 0 
26 983 15 0 0 0 0 0 0 1020 4 0 0 0 0 0 0 0 62 831 131 0 0 0 
41 949 2 0 0 0 0 0 0 992 0 0 0 0 0 0 0 0 136 792 64 0 0 0 
476 350 198 0 0 0 0 0 1003 21 0 0 0 0 0 0 1023 1 0 0 0 0 0 0 
609 269 146 0 0 0 0 0 997 27 0 0 0 0 0 0 1024 0 0 0 0 0 0 0 
310 591 123 0 0 0 0 0 1002 22 0 0 0 0 0 0 951 36 37 0 0 0 0 0 
380 608 35 1 0 0 0 0 538 486 0 0 0 0 0 0 432 45 534 13 0 0 0 0 
160 864 0 0 0 0 0 0 59 965 0 0 0 0 0 0 35 13 353 434 189 0 0 0 
16 1008 0 0 0 0 0 0 0 1024 0 0 0 0 0 0 0 0 75 855 94 0 0 0 
265 759 0 0 0 0 0 0 0 1014 10 0 0 0 0 0 0 0 0 142 882 0 0 0 
103 658 263 0 0 0 0 0 0 301 722 1 0 0 0 0 0 0 0 0 874 150 0 0 
377 375 272 0 0 0 0 0 0 727 297 0 0 0 0 0 0 0 0 0 969 55 0 0 
47 337 640 0 0 0 0 0 0 110 914 0 0 0 0 0 0 0 0 0 944 80 0 0 
0 545 479 0 0 0 0 0 0 3 1021 0 0 0 0 0 0 0 0 0 883 141 0 0 
63 899 62 0 0 0 0 0 138 102 784 0 0 0 0 0 113 13 16 17 841 24 0 0 
69 553 383 19 0 0 0 0 914 54 56 0 0 0 0 0 899 17 8 15 82 3 0 0 
248 201 484 91 0 0 0 0 885 139 0 0 0 0 0 0 899 18 14 15 78 0 0 0 
394 429 90 111 0 0 0 0 491 500 33 0 0 0 0 0 518 22 20 25 439 0 0 0 
89 713 147 75 0 0 0 0 337 406 281 0 0 0 0 0 295 39 25 39 621 5 0 0 
1004 19 1 0 0 0 0 0 1021 2 1 0 0 0 0 0 1023 0 1 0 0 0 0 0 
449 217 325 33 0 0 0 0 985 39 0 0 0 0 0 0 1023 1 0 0 0 0 0 0 
45 297 558 114 10 0 0 0 958 65 1 0 0 0 0 0 1024 0 0 0 0 0 0 0 
16 203 459 263 83 0 0 0 858 166 0 0 0 0 0 0 1024 0 0 0 0 0 0 0 
2 264 399 177 155 25 2 0 858 150 12 3 1 0 0 0 1019 5 0 0 0 0 0 0 
0 190 726 93 15 0 0 0 975 49 0 0 0 0 0 0 1024 0 0 0 0 0 0 0 
4 278 649 93 0 0 0 0 1001 23 0 0 0 0 0 0 1021 3 0 0 0 0 0 0 
2 269 491 179 59 24 0 0 833 164 26 1 0 0 0 0 1022 2 0 0 0 0 0 0 
0 4 283 659 76 2 0 0 496 514 14 0 0 0 0 0 1021 3 0 0 0 0 0 0 
32 505 141 323 23 0 0 0 206 584 234 0 0 0 0 0 407 21 27 36 533 0 0 0 
95 743 167 19 0 0 0 0 0 622 402 0 0 0 0 0 0 0 0 14 970 40 0 0 
163 674 181 6 0 0 0 0 0 800 224 0 0 0 0 0 0 0 0 130 868 26 0 0 
39 829 155 1 0 0 0 0 0 824 200 0 0 0 0 0 0 0 0 469 543 12 0 0 
36 909 79 0 0 0 0 0 0 929 95 0 0 0 0 0 0 0 12 690 320 2 0 0 
48 962 14 0 0 0 0 0 0 1023 1 0 0 0 0 0 0 0 162 494 368 0 0 0 
55 919 18 0 0 0 0 0 0 991 1 0 0 0 0 0 0 0 205 399 388 0 0 0 
668 354 2 0 0 0 0 0 1007 17 0 0 0 0 0 0 1001 7 6 10 0 0 0 0 
481 461 82 0 0 0 0 0 602 421 1 0 0 0 0 0 563 24 30 52 355 0 0 0 
306 236 226 137 96 23 0 0 529 324 155 16 0 0 0 0 762 52 17 17 169 7 0 0 
145 78 207 409 176 9 0 0 338 595 89 2 0 0 0 0 999 25 0 0 0 0 0 0 
676 298 39 9 2 0 0 0 964 59 1 0 0 0 0 0 942 28 24 19 11 0 0 0 
48 721 252 3 0 0 0 0 554 470 0 0 0 0 0 0 486 46 141 343 8 0 0 0 
38 969 12 5 0 0 0 0 18 1006 0 0 0 0 0 0 6 9 25 752 232 0 0 0 
200 816 8 0 0 0 0 0 0 884 140 0 0 0 0 0 0 0 0 99 920 5 0 0 
84 585 355 0 0 0 0 0 0 222 802 0 0 0 0 0 0 0 0 0 875 149 0 0 
41 895 88 0 0 0 0 0 0 169 855 0 0 0 0 0 0 0 0 0 993 31 0 0 
258 750 16 0 0 0 0 0 230 237 557 0 0 0 0 0 207 17 15 24 758 3 0 0 
475 252 296 1 0 0 0 0 926 60 38 0 0 0 0 0 925 14 10 11 61 3 0 0 
43 493 471 17 0 0 0 0 999 25 0 0 0 0 0 0 1024 0 0 0 0 0 0 0 
93 435 445 45 6 0 0 0 966 58 0 0 0 0 0 0 1024 0 0 0 0 0 0 0 
735 133 119 37 0 0 0 0 1000 24 0 0 0 0 0 0 1024 0 0 0 0 0 0 0 
34 313 632 45 0 0 0 0 989 35 0 0 0 0 0 0 1024 0 0 0 0 0 0 0 
407 134 447 36 0 0 0 0 1019 5 0 0 0 0 0 0 1024 0 0 0 0 0 0 0 
25 126 688 180 5 0 0 0 1002 22 0 0 0 0 0 0 1022 2 0 0 0 0 0 0 
0 41 565 417 1 0 0 0 945 79 0 0 0 0 0 0 1024 0 0 0 0 0 0 0 
0 6 411 538 69 0 0 0 888 136 0 0 0 0 0 0 1024 0 0 0 0 0 0 0 
0 24 346 578 75 1 0 0 822 201 1 0 0 0 0 0 1024 0 0 0 0 0 0 0 
0 1 30 295 569 120 9 0 277 592 119 34 2 0 0 0 1020 4 0 0 0 0 0 0 
0 2 131 381 307 203 0 0 370 546 94 14 0 0 0 0 1024 0 0 0 0 0 0 0 
0 0 13 229 486 295 1 0 64 706 205 49 0 0 0 0 1001 23 0 0 0 0 0 0 
0 2 272 697 45 8 0 0 585 432 2 5 0 0 0 0 1015 6 3 0 0 0 0 0 
19 697 47 236 25 0 0 0 26 610 388 0 0 0 0 0 215 28 33 41 706 1 0 0 
20 983 21 0 0 0 0 0 0 224 800 0 0 0 0 0 0 0 0 0 1020 4 0 0 
159 865 0 0 0 0 0 0 0 678 346 0 0 0 0 0 0 0 0 0 1024 0 0 0 
369 655 0 0 0 0 0 0 0 989 35 0 0 0 0 0 0 0 0 0 1023 1 0 0 
152 855 17 0 0 0 0 0 0 985 39 0 0 0 0 0 0 0 0 92 932 0 0 0 
24 988 12 0 0 0 0 0 0 1000 24 0 0 0 0 0 0 0 47 650 327 0 0 0 
39 950 3 0 0 0 0 0 0 986 6 0 0 0 0 0 0 0 120 657 215 0 0 0 
238 754 0 0 0 0 0 0 328 664 0 0 0 0 0 0 256 33 56 377 270 0 0 0 
75 894 23 0 0 0 0 0 0 957 35 0 0 0 0 0 0 0 0 147 845 0 0 0 
301 631 51 2 2 5 0 0 183 726 82 1 0 0 0 0 151 29 24 105 678 5 0 0 
406 167 46 315 55 3 0 0 611 356 25 0 0 0 0 0 988 4 0 0 0 0 0 0 
688 65 31 64 122 22 0 0 763 122 92 15 0 0 0 0 969 23 0 0 0 0 0 0 
135 452 345 60 0 0 0 0 797 194 1 0 0 0 0 0 988 4 0 0 0 0 0 0 
23 633 280 55 1 0 0 0 724 268 0 0 0 0 0 0 710 39 39 197 7 0 0 0 
239 753 0 0 0 0 0 0 219 773 0 0 0 0 0 0 191 21 30 486 264 0 0 0 
136 790 66 0 0 0 0 0 0 551 441 0 0 0 0 0 0 0 0 108 849 35 0 0 
674 301 17 0 0 0 0 0 594 267 131 0 0 0 0 0 540 37 40 43 318 14 0 0 
971 21 0 0 0 0 0 0 964 28 0 0 0 0 0 0 955 6 7 10 14 0 0 0 
873 86 33 0 0 0 0 0 992 0 0 0 0 0 0 0 992 0 0 0 0 0 0 0 
154 638 200 0 0 0 0 0 989 3 0 0 0 0 0 0 991 1 0 0 0 0 0 0 
77 594 320 1 0 0 0 0 973 19 0 0 0 0 0 0 991 1 0 0 0 0 0 0 
153 216 539 82 2 0 0 0 962 30 0 0 0 0 0 0 992 0 0 0 0 0 0 0 
148 225 478 136 5 0 0 0 973 18 1 0 0 0 0 0 989 3 0 0 0 0 0 0 
0 58 608 311 15 0 0 0 865 127 0 0 0 0 0 0 990 2 0 0 0 0 0 0 
0 122 601 268 1 0 0 0 950 42 0 0 0 0 0 0 992 0 0 0 0 0 0 0 
0 15 448 528 1 0 0 0 946 46 0 0 0 0 0 0 992 0 0 0 0 0 0 0 
0 5 338 643 6 0 0 0 919 72 1 0 0 0 0 0 985 6 1 0 0 0 0 0 
0 0 116 657 219 0 0 0 637 355 0 0 0 0 0 0 992 0 0 0 0 0 0 0 
0 0 0 171 538 270 13 0 56 599 265 64 8 0 0 0 968 24 0 0 0 0 0 0 
0 40 248 332 125 229 18 0 23 114 578 265 12 0 0 0 318 57 29 21 84 483 0 0 
0 0 241 577 138 36 0 0 23 259 337 373 0 0 0 0 242 24 14 13 32 667 0 0 
0 14 200 448 182 148 0 0 126 392 343 131 0 0 0 0 486 47 34 21 54 350 0 0 
51 847 67 27 0 0 0 0 2 712 278 0 0 0 0 0 0 1 6 146 785 54 0 0 
167 811 14 0 0 0 0 0 0 578 414 0 0 0 0 0 0 0 0 0 989 3 0 0 
122 870 0 0 0 0 0 0 0 714 278 0 0 0 0 0 0 0 0 0 992 0 0 0 
350 642 0 0 0 0 0 0 0 958 34 0 0 0 0 0 0 0 0 1 991 0 0 0 
126 866 0 0 0 0 0 0 0 992 0 0 0 0 0 0 0 0 0 257 735 0 0 0 
7 985 0 0 0 0 0 0 0 992 0 0 0 0 0 0 0 0 10 937 45 0 0 0 
10 951 0 0 0 0 0 0 0 961 0 0 0 0 0 0 0 0 27 922 12 0 0 0 
