0 10 797 106 46 38 23 4 0 285 602 49 42 34 11 1 1 714 208 43 39 11 7 1 
0 163 426 163 114 93 65 0 0 477 204 135 114 93 1 0 38 611 134 123 98 20 0 0 
5 112 267 250 150 87 153 0 32 212 298 197 112 171 2 0 114 293 254 158 189 16 0 0 
3 57 308 469 158 26 3 0 17 128 397 419 49 14 0 0 141 209 476 196 2 0 0 0 
1 60 280 400 220 56 7 0 6 120 401 310 162 23 2 0 80 288 495 154 7 0 0 0 
15 204 206 345 209 43 2 0 83 200 298 309 123 10 1 0 82 256 410 240 34 2 0 0 
2 84 59 608 203 45 19 4 4 68 257 552 107 28 7 1 9 96 465 335 96 18 5 0 
0 135 354 342 144 43 6 0 3 77 563 266 86 28 1 0 9 320 386 232 67 10 0 0 
0 0 94 320 294 286 30 0 0 11 164 374 399 75 1 0 1 159 433 346 74 11 0 0 
0 0 1 410 373 231 9 0 0 0 0 466 496 62 0 0 0 9 121 664 229 1 0 0 
0 0 10 743 210 29 0 0 0 0 11 664 305 12 0 0 0 0 31 577 384 0 0 0 
0 6 806 208 4 0 0 0 0 206 780 36 2 0 0 0 0 749 266 9 0 0 0 0 
0 19 982 23 0 0 0 0 0 575 447 2 0 0 0 0 0 933 91 0 0 0 0 0 
32 97 304 426 141 24 0 0 33 182 513 232 61 3 0 0 91 418 401 98 16 0 0 0 
36 69 139 541 180 58 1 0 51 83 376 390 109 15 0 0 153 229 523 117 2 0 0 0 
2 42 146 497 260 76 1 0 20 63 328 455 129 29 0 0 73 240 528 167 16 0 0 0 
0 2 33 230 529 203 27 0 1 11 85 462 380 83 2 0 26 157 434 369 37 1 0 0 
0 0 17 286 434 237 50 0 0 0 60 418 419 125 2 0 4 72 366 447 127 8 0 0 
1 1 38 362 454 146 22 0 2 1 102 565 277 73 4 0 1 5 243 505 234 35 1 0 
0 0 179 403 352 75 15 0 0 0 127 611 246 39 1 0 0 4 370 527 105 17 1 0 
0 0 2 83 238 627 74 0 0 0 11 130 651 232 0 0 0 32 260 522 197 13 0 0 
0 0 12 304 269 381 26 0 0 0 12 281 558 141 0 0 0 12 205 614 159 2 0 0 
0 0 275 436 129 76 102 6 9 119 641 92 21 132 10 0 29 377 433 35 122 28 0 0 
94 220 519 178 12 1 0 0 40 420 550 14 0 0 0 0 202 651 171 0 0 0 0 0 
588 301 35 67 27 6 0 0 230 663 61 51 16 3 0 0 712 220 59 28 5 0 0 0 
888 78 20 29 9 0 0 0 598 369 21 27 9 0 0 0 921 62 27 13 1 0 0 0 
858 27 27 108 4 0 0 0 797 93 66 68 0 0 0 0 871 32 117 4 0 0 0 0 
312 139 108 275 71 97 21 1 297 172 204 187 130 31 3 0 408 156 328 114 16 2 0 0 
34 20 16 270 267 335 82 0 32 26 78 331 361 185 11 0 47 77 417 397 82 4 0 0 
0 0 0 117 306 557 44 0 0 0 4 221 570 227 2 0 0 33 412 451 122 6 0 0 
0 0 21 441 403 155 4 0 0 0 0 588 400 36 0 0 0 0 212 717 95 0 0 0 
0 0 0 288 252 458 26 0 0 0 1 319 487 217 0 0 0 15 202 602 189 16 0 0 
0 0 0 20 192 745 35 0 0 0 1 74 644 273 0 0 0 28 166 523 268 7 0 0 
0 2 54 179 116 385 288 0 1 29 131 151 101 607 4 0 18 52 172 98 636 48 0 0 
114 275 132 143 151 188 21 0 117 405 93 141 228 40 0 0 308 267 183 204 59 3 0 0 
368 565 36 20 22 13 0 0 207 700 66 19 29 3 0 0 648 322 18 32 4 0 0 0 
457 547 20 0 0 0 0 0 161 764 99 0 0 0 0 0 698 325 1 0 0 0 0 0 
578 354 72 20 0 0 0 0 396 494 115 19 0 0 0 0 778 212 31 3 0 0 0 0 
657 217 81 57 12 0 0 0 570 311 85 44 14 0 0 0 760 189 48 24 3 0 0 0 
759 89 34 61 78 3 0 0 663 188 37 113 23 0 0 0 777 93 118 33 3 0 0 0 
140 27 16 31 345 379 85 1 109 62 22 196 348 272 15 0 138 56 194 493 141 2 0 0 
0 0 0 57 52 700 214 1 0 0 0 42 222 759 1 0 0 3 180 451 379 11 0 0 
0 0 0 0 109 853 62 0 0 0 0 8 564 448 4 0 0 0 5 398 608 13 0 0 
0 0 0 0 125 742 125 0 0 0 0 20 430 538 4 0 0 10 124 389 452 17 0 0 
0 0 31 102 127 246 518 0 0 23 64 128 145 641 23 0 23 60 139 263 494 45 0 0 
20 262 60 237 106 248 91 0 13 280 151 194 233 150 3 0 135 288 294 209 89 9 0 0 
409 369 17 6 6 84 133 0 133 633 31 5 11 195 16 0 509 278 9 5 119 94 10 0 
625 361 4 4 4 24 2 0 291 685 14 4 4 24 2 0 803 184 3 4 4 23 3 0 
813 210 1 0 0 0 0 0 561 459 4 0 0 0 0 0 834 189 1 0 0 0 0 0 
857 167 0 0 0 0 0 0 609 414 1 0 0 0 0 0 923 101 0 0 0 0 0 0 
879 132 3 5 3 2 0 0 702 308 6 3 5 0 0 0 889 123 7 4 1 0 0 0 
749 77 36 31 110 21 0 0 707 122 38 53 103 1 0 0 759 91 60 110 4 0 0 0 
5 5 2 17 199 571 225 0 7 3 5 80 356 569 4 0 7 16 240 567 185 9 0 0 
0 0 0 0 55 886 83 0 0 0 0 3 512 503 6 0 0 0 0 237 780 7 0 0 
0 0 0 0 104 818 70 0 0 0 0 20 555 413 4 0 0 24 40 294 612 22 0 0 
3 339 243 103 63 203 70 0 87 475 81 101 115 165 0 0 140 483 103 101 190 7 0 0 
29 247 116 166 199 219 46 2 57 295 124 173 271 96 8 0 164 300 246 239 72 3 0 0 
0 1 2 3 7 196 813 2 1 2 2 8 9 946 56 0 3 2 6 9 366 638 0 0 
7 9 4 4 6 601 392 1 13 4 4 3 162 775 63 0 7 9 4 5 498 499 2 0 
171 18 8 9 244 427 146 1 159 31 7 16 485 292 34 0 139 51 7 71 572 183 1 0 
644 28 18 12 204 113 5 0 612 61 17 46 261 25 2 0 612 58 20 72 243 19 0 0 
920 104 0 0 0 0 0 0 869 153 2 0 0 0 0 0 927 97 0 0 0 0 0 0 
907 90 26 1 0 0 0 0 840 156 27 1 0 0 0 0 919 95 10 0 0 0 0 0 
63 29 4 4 280 528 116 0 52 37 7 68 606 254 0 0 87 42 265 506 120 4 0 0 
223 37 53 39 66 580 26 0 226 47 54 40 425 227 5 0 270 59 61 332 298 4 0 0 
189 31 46 59 141 496 30 0 195 34 63 93 427 180 0 0 238 85 119 347 201 2 0 0 
0 0 50 342 79 454 99 0 0 6 230 201 172 414 1 0 0 174 333 117 361 39 0 0 
0 0 64 185 264 383 128 0 0 36 61 310 365 247 5 0 8 139 302 334 195 46 0 0 
0 0 0 0 0 24 1000 0 0 0 0 0 0 988 36 0 0 0 0 0 267 757 0 0 
0 0 0 0 0 277 746 1 0 0 0 0 6 975 43 0 0 0 0 0 379 644 1 0 
0 0 0 0 0 609 414 1 0 0 0 0 188 809 27 0 0 0 0 0 655 369 0 0 
419 64 24 5 0 431 81 0 358 125 23 6 74 421 17 0 409 74 25 4 410 102 0 0 
687 329 8 0 0 0 0 0 540 445 39 0 0 0 0 0 731 288 5 0 0 0 0 0 
774 224 26 0 0 0 0 0 637 351 36 0 0 0 0 0 808 208 8 0 0 0 0 0 
62 27 7 7 120 725 76 0 56 36 7 65 561 299 0 0 83 40 172 478 247 4 0 0 
426 75 65 74 120 193 71 0 412 129 84 85 166 147 1 0 500 99 110 138 154 23 0 0 
371 49 30 119 150 244 29 0 380 72 74 132 234 100 0 0 414 112 163 179 118 6 0 0 
0 0 1 68 83 824 48 0 0 0 38 86 537 358 5 0 0 5 76 134 795 14 0 0 
0 330 235 92 140 144 81 2 106 329 196 132 161 76 24 0 229 410 104 154 70 57 0 0 
0 60 29 7 3 7 913 5 1 76 15 4 5 811 112 0 64 27 5 4 237 687 0 0 
0 94 26 8 7 269 620 0 4 107 13 6 49 812 33 0 86 36 6 7 478 411 0 0 
12 121 15 4 41 702 129 0 14 125 12 11 397 462 3 0 122 25 5 46 693 133 0 0 
494 93 5 5 69 351 7 0 466 124 4 7 338 85 0 0 502 88 4 16 381 33 0 0 
758 245 21 0 0 0 0 0 619 372 33 0 0 0 0 0 760 252 12 0 0 0 0 0 
831 163 30 0 0 0 0 0 716 271 37 0 0 0 0 0 878 124 22 0 0 0 0 0 
57 19 20 24 243 648 13 0 52 29 15 76 675 177 0 0 59 40 132 570 223 0 0 0 
255 50 70 107 193 327 22 0 249 67 91 166 353 97 1 0 301 102 202 242 170 7 0 0 
225 27 79 116 163 369 13 0 211 52 97 153 322 157 0 0 242 116 185 241 202 6 0 0 
0 0 4 44 43 922 11 0 0 1 25 58 447 493 0 0 1 18 54 99 852 0 0 0 
10 457 189 96 183 86 3 0 142 443 117 182 125 15 0 0 361 362 141 142 16 2 0 0 
4 509 256 29 131 93 2 0 8 680 105 76 136 19 0 0 237 514 62 114 97 0 0 0 
64 559 113 71 104 103 10 0 50 676 83 54 119 41 1 0 329 430 62 97 97 7 2 0 
329 391 54 71 100 73 3 3 274 501 60 43 108 35 2 1 576 226 56 71 83 9 2 1 
572 226 66 56 55 48 1 0 547 286 49 60 56 26 0 0 676 182 70 34 51 11 0 0 
374 439 110 35 21 42 3 0 650 246 41 30 37 19 1 0 682 224 39 36 40 3 0 0 
412 235 156 123 61 33 4 0 449 254 186 56 69 9 1 0 547 247 123 61 44 2 0 0 
110 184 175 164 139 231 21 0 247 196 144 132 254 51 0 0 280 235 179 223 104 3 0 0 
717 95 55 80 22 42 13 0 713 166 44 39 49 11 2 0 756 137 48 63 12 8 0 0 
704 83 47 25 36 93 4 0 717 111 33 36 53 42 0 0 760 75 44 74 37 2 0 0 
0 4 107 295 86 475 25 0 44 157 213 75 420 83 0 0 59 232 184 133 382 2 0 0 
4 196 253 326 156 57 0 0 88 292 316 189 100 7 0 0 144 417 255 145 29 2 0 0 
227 283 170 79 138 93 2 0 417 249 90 81 136 19 0 0 434 278 68 115 97 0 0 0 
48 211 176 159 190 144 50 14 256 228 142 98 152 82 33 1 253 246 142 142 143 42 23 1 
154 196 187 218 130 73 24 10 347 239 175 85 77 48 18 3 347 304 152 79 64 29 15 2 
351 230 194 159 45 9 4 0 562 248 79 77 18 8 0 0 548 294 102 35 11 2 0 0 
162 353 169 145 136 25 2 0 590 97 59 197 43 6 0 0 523 166 157 123 20 3 0 0 
219 222 202 287 49 12 1 0 318 224 221 201 25 2 1 0 368 247 293 71 12 1 0 0 
292 169 245 259 22 5 0 0 404 213 293 72 8 2 0 0 425 233 289 35 9 1 0 0 
621 148 107 108 8 0 0 0 689 145 100 56 2 0 0 0 674 174 122 21 1 0 0 0 
701 181 45 15 15 4 0 0 822 98 18 19 4 0 0 0 809 111 29 11 1 0 0 0 
