0 90 653 275 6 0 0 0 13 764 247 0 0 0 0 0 894 130 0 0 0 0 0 0 
19 133 334 500 38 0 0 0 93 457 474 0 0 0 0 0 775 249 0 0 0 0 0 0 
165 102 704 53 0 0 0 0 194 800 30 0 0 0 0 0 1015 9 0 0 0 0 0 0 
315 62 602 45 0 0 0 0 348 663 13 0 0 0 0 0 1024 0 0 0 0 0 0 0 
455 107 119 217 126 0 0 0 549 175 263 37 0 0 0 0 861 163 0 0 0 0 0 0 
607 181 178 58 0 0 0 0 736 253 35 0 0 0 0 0 1024 0 0 0 0 0 0 0 
888 136 0 0 0 0 0 0 977 47 0 0 0 0 0 0 1024 0 0 0 0 0 0 0 
1024 0 0 0 0 0 0 0 1024 0 0 0 0 0 0 0 1024 0 0 0 0 0 0 0 
1024 0 0 0 0 0 0 0 1024 0 0 0 0 0 0 0 1024 0 0 0 0 0 0 0 
1024 0 0 0 0 0 0 0 1024 0 0 0 0 0 0 0 1024 0 0 0 0 0 0 0 
1024 0 0 0 0 0 0 0 1024 0 0 0 0 0 0 0 1024 0 0 0 0 0 0 0 
1024 0 0 0 0 0 0 0 1024 0 0 0 0 0 0 0 1024 0 0 0 0 0 0 0 
1024 0 0 0 0 0 0 0 1024 0 0 0 0 0 0 0 1024 0 0 0 0 0 0 0 
1024 0 0 0 0 0 0 0 1024 0 0 0 0 0 0 0 1024 0 0 0 0 0 0 0 
992 0 0 0 0 0 0 0 992 0 0 0 0 0 0 0 992 0 0 0 0 0 0 0 
0 0 26 422 544 32 0 0 0 34 632 358 0 0 0 0 76 948 0 0 0 0 0 0 
0 0 0 32 835 157 0 0 0 0 201 823 0 0 0 0 19 1005 0 0 0 0 0 0 
0 0 211 570 243 0 0 0 0 320 624 80 0 0 0 0 585 439 0 0 0 0 0 0 
0 0 211 481 315 17 0 0 0 309 561 154 0 0 0 0 563 461 0 0 0 0 0 0 
0 0 0 4 146 874 0 0 0 0 45 712 267 0 0 0 4 839 181 0 0 0 0 0 
0 13 289 297 286 139 0 0 0 379 388 257 0 0 0 0 560 464 0 0 0 0 0 0 
520 286 218 0 0 0 0 0 592 432 0 0 0 0 0 0 1024 0 0 0 0 0 0 0 
1024 0 0 0 0 0 0 0 1024 0 0 0 0 0 0 0 1024 0 0 0 0 0 0 0 
1024 0 0 0 0 0 0 0 1024 0 0 0 0 0 0 0 1024 0 0 0 0 0 0 0 
1024 0 0 0 0 0 0 0 1024 0 0 0 0 0 0 0 1024 0 0 0 0 0 0 0 
1024 0 0 0 0 0 0 0 1024 0 0 0 0 0 0 0 1024 0 0 0 0 0 0 0 
1024 0 0 0 0 0 0 0 1024 0 0 0 0 0 0 0 1024 0 0 0 0 0 0 0 
1024 0 0 0 0 0 0 0 1024 0 0 0 0 0 0 0 1024 0 0 0 0 0 0 0 
1024 0 0 0 0 0 0 0 1024 0 0 0 0 0 0 0 1024 0 0 0 0 0 0 0 
992 0 0 0 0 0 0 0 992 0 0 0 0 0 0 0 992 0 0 0 0 0 0 0 
0 0 0 63 698 263 0 0 0 0 182 842 0 0 0 0 0 1000 24 0 0 0 0 0 
0 0 0 0 61 963 0 0 0 0 0 1024 0 0 0 0 0 601 423 0 0 0 0 0 
0 0 0 63 956 5 0 0 0 0 368 656 0 0 0 0 0 1024 0 0 0 0 0 0 
0 0 0 36 908 80 0 0 0 0 464 560 0 0 0 0 0 1024 0 0 0 0 0 0 
0 0 0 0 0 1024 0 0 0 0 0 398 626 0 0 0 0 422 602 0 0 0 0 0 
0 0 0 246 398 380 0 0 0 1 414 598 11 0 0 0 134 881 9 0 0 0 0 0 
512 34 298 180 0 0 0 0 544 372 108 0 0 0 0 0 1016 8 0 0 0 0 0 0 
1024 0 0 0 0 0 0 0 1024 0 0 0 0 0 0 0 1024 0 0 0 0 0 0 0 
993 31 0 0 0 0 0 0 989 35 0 0 0 0 0 0 1016 8 0 0 0 0 0 0 
862 144 18 0 0 0 0 0 859 145 20 0 0 0 0 0 937 87 0 0 0 0 0 0 
772 177 66 9 0 0 0 0 784 167 64 9 0 0 0 0 881 112 30 1 0 0 0 0 
726 168 116 14 0 0 0 0 745 159 110 10 0 0 0 0 819 159 46 0 0 0 0 0 
802 165 36 21 0 0 0 0 815 151 37 21 0 0 0 0 891 102 28 3 0 0 0 0 
761 233 30 0 0 0 0 0 765 231 28 0 0 0 0 0 867 156 1 0 0 0 0 0 
725 237 30 0 0 0 0 0 727 237 28 0 0 0 0 0 836 155 1 0 0 0 0 0 
0 0 0 0 695 329 0 0 0 0 18 1006 0 0 0 0 0 896 128 0 0 0 0 0 
0 0 0 0 0 1024 0 0 0 0 0 569 455 0 0 0 0 262 762 0 0 0 0 0 
0 0 0 0 669 355 0 0 0 0 0 1024 0 0 0 0 0 1024 0 0 0 0 0 0 
0 0 0 0 751 273 0 0 0 0 0 1024 0 0 0 0 0 1024 0 0 0 0 0 0 
0 0 0 0 0 997 27 0 0 0 0 286 738 0 0 0 0 212 812 0 0 0 0 0 
0 0 0 123 527 374 0 0 0 0 352 607 65 0 0 0 0 920 104 0 0 0 0 0 
525 19 96 384 0 0 0 0 544 112 368 0 0 0 0 0 807 217 0 0 0 0 0 0 
986 18 2 1 3 14 0 0 985 18 3 1 2 15 0 0 989 16 1 1 16 1 0 0 
299 268 278 145 6 13 4 11 266 240 278 200 11 13 5 11 437 333 209 14 9 11 10 1 
58 195 418 291 62 0 0 0 47 170 367 359 81 0 0 0 174 349 389 112 0 0 0 0 
137 233 227 341 72 10 4 0 130 240 227 338 73 11 4 1 300 236 323 141 19 4 1 0 
284 279 299 156 6 0 0 0 273 289 305 157 0 0 0 0 424 339 239 22 0 0 0 0 
290 494 216 24 0 0 0 0 280 505 214 25 0 0 0 0 562 399 60 3 0 0 0 0 
366 584 74 0 0 0 0 0 569 380 75 0 0 0 0 0 831 184 9 0 0 0 0 0 
356 570 66 0 0 0 0 0 572 352 68 0 0 0 0 0 811 172 9 0 0 0 0 0 
667 21 8 12 209 107 0 0 688 8 29 297 2 0 0 0 696 265 63 0 0 0 0 0 
709 13 14 11 5 272 0 0 720 16 11 215 62 0 0 0 736 149 139 0 0 0 0 0 
756 21 8 2 118 119 0 0 775 11 2 236 0 0 0 0 786 214 24 0 0 0 0 0 
792 24 8 10 122 68 0 0 816 8 17 183 0 0 0 0 824 181 19 0 0 0 0 0 
784 63 9 10 8 126 24 0 848 8 11 53 104 0 0 0 861 40 123 0 0 0 0 0 
875 15 11 29 55 39 0 0 888 13 49 66 8 0 0 0 901 101 22 0 0 0 0 0 
972 13 10 29 0 0 0 0 982 18 24 0 0 0 0 0 1001 23 0 0 0 0 0 0 
959 3 4 2 6 6 36 8 958 3 3 4 2 9 29 16 959 3 4 2 8 4 37 7 
195 247 490 28 17 27 18 2 236 323 381 25 14 17 27 1 330 592 32 20 16 22 11 1 
35 86 884 19 0 0 0 0 70 117 837 0 0 0 0 0 88 689 247 0 0 0 0 0 
103 140 741 26 14 0 0 0 189 218 615 2 0 0 0 0 222 666 136 0 0 0 0 0 
102 489 386 34 13 0 0 0 240 744 40 0 0 0 0 0 299 711 14 0 0 0 0 0 
152 745 70 33 12 12 0 0 325 680 16 3 0 0 0 0 901 108 14 1 0 0 0 0 
225 691 54 26 21 7 0 0 776 231 13 4 0 0 0 0 972 42 8 2 0 0 0 0 
221 665 53 26 20 7 0 0 772 203 13 4 0 0 0 0 944 38 8 2 0 0 0 0 
876 82 50 14 2 0 0 0 1008 16 0 0 0 0 0 0 1007 16 1 0 0 0 0 0 
777 96 83 50 16 2 0 0 954 59 11 0 0 0 0 0 991 26 7 0 0 0 0 0 
675 101 97 78 47 20 6 0 888 94 40 2 0 0 0 0 957 46 21 0 0 0 0 0 
576 122 113 77 94 37 5 0 824 130 59 11 0 0 0 0 912 94 18 0 0 0 0 0 
467 117 172 99 100 62 7 0 767 150 81 26 0 0 0 0 896 109 19 0 0 0 0 0 
314 153 253 144 66 46 44 4 707 186 83 47 1 0 0 0 854 120 49 1 0 0 0 0 
216 289 271 114 57 44 28 5 750 173 73 26 2 0 0 0 886 104 32 2 0 0 0 0 
98 287 307 124 84 63 53 8 612 256 98 30 4 5 18 1 832 132 30 4 4 14 8 0 
16 290 315 177 102 56 49 19 589 252 99 46 20 5 13 0 792 131 63 17 6 5 10 0 
36 361 304 157 80 60 18 8 636 265 85 26 12 0 0 0 855 117 36 16 0 0 0 0 
28 283 419 153 61 30 26 24 522 413 45 35 9 0 0 0 894 80 34 16 0 0 0 0 
29 404 310 168 56 18 35 4 575 342 69 38 0 0 0 0 919 78 27 0 0 0 0 0 
90 501 301 81 22 19 10 0 712 254 52 6 0 0 0 0 972 37 15 0 0 0 0 0 
48 413 305 193 64 1 0 0 544 307 161 12 0 0 0 0 950 73 1 0 0 0 0 0 
44 407 291 181 65 4 0 0 533 287 158 14 0 0 0 0 921 70 1 0 0 0 0 0 
842 120 40 22 0 0 0 0 985 34 4 1 0 0 0 0 1012 8 4 0 0 0 0 0 
694 157 100 61 12 0 0 0 933 90 1 0 0 0 0 0 980 43 1 0 0 0 0 0 
378 406 85 77 75 3 0 0 857 156 11 0 0 0 0 0 934 88 2 0 0 0 0 0 
115 532 138 84 110 44 1 0 753 161 107 3 0 0 0 0 822 189 13 0 0 0 0 0 
5 644 109 65 69 122 10 0 743 116 162 3 0 0 0 0 841 161 22 0 0 0 0 0 
28 537 197 69 57 55 78 3 682 181 121 39 1 0 0 0 829 130 63 2 0 0 0 0 
2 487 325 37 34 37 81 21 525 348 50 95 6 0 0 0 871 67 83 3 0 0 0 0 
6 428 349 58 47 58 50 28 510 364 87 59 4 0 0 0 843 114 58 9 0 0 0 0 
3 234 717 26 12 11 14 7 182 805 15 17 5 0 0 0 988 16 16 4 0 0 0 0 
26 399 468 28 21 41 28 13 470 483 45 25 1 0 0 0 942 64 18 0 0 0 0 0 
19 275 528 37 44 116 4 1 399 479 116 29 1 0 0 0 863 65 95 1 0 0 0 0 
20 431 246 45 42 133 94 13 463 286 210 55 10 0 0 0 734 171 118 1 0 0 0 0 
23 685 73 73 56 57 45 12 722 172 72 57 1 0 0 0 837 121 64 2 0 0 0 0 
108 348 307 101 53 64 42 1 514 395 77 36 2 0 0 0 855 129 37 3 0 0 0 0 
104 344 290 100 54 61 38 1 510 371 75 34 2 0 0 0 831 123 35 3 0 0 0 0 
427 254 107 87 81 68 0 0 640 137 88 107 52 0 0 0 745 140 118 21 0 0 0 0 
832 132 10 8 15 27 0 0 947 22 8 10 37 0 0 0 953 25 37 8 1 0 0 0 
845 166 6 3 3 0 1 0 980 35 3 3 2 1 0 0 1003 13 3 3 1 1 0 0 
814 210 0 0 0 0 0 0 1024 0 0 0 0 0 0 0 1024 0 0 0 0 0 0 0 
10 1013 1 0 0 0 0 0 1010 14 0 0 0 0 0 0 1024 0 0 0 0 0 0 0 
212 697 45 24 28 17 1 0 872 125 22 3 1 1 0 0 948 65 7 2 1 1 0 0 
0 657 283 13 13 57 1 0 698 257 69 0 0 0 0 0 952 69 3 0 0 0 0 0 
79 426 193 39 18 257 12 0 484 241 256 43 0 0 0 0 718 231 66 9 0 0 0 0 
0 227 263 54 71 274 135 0 232 317 288 187 0 0 0 0 521 214 275 14 0 0 0 0 
110 203 78 94 113 164 233 29 357 197 325 145 0 0 0 0 435 458 131 0 0 0 0 0 
7 800 111 36 23 47 0 0 753 195 67 9 0 0 0 0 913 52 59 0 0 0 0 0 
194 471 295 53 11 0 0 0 639 383 2 0 0 0 0 0 982 41 1 0 0 0 0 0 
113 743 166 2 0 0 0 0 758 266 0 0 0 0 0 0 1017 7 0 0 0 0 0 0 
210 721 93 0 0 0 0 0 843 181 0 0 0 0 0 0 1020 4 0 0 0 0 0 0 
216 731 45 0 0 0 0 0 855 137 0 0 0 0 0 0 988 4 0 0 0 0 0 0 
469 171 133 101 138 12 0 0 585 158 122 145 14 0 0 0 720 178 121 5 0 0 0 0 
177 101 140 131 330 145 0 0 310 93 100 349 172 0 0 0 393 235 382 14 0 0 0 0 
579 132 79 18 129 83 4 0 728 69 7 105 106 9 0 0 767 63 155 36 2 1 0 0 
765 256 3 0 0 0 0 0 1014 10 0 0 0 0 0 0 1022 2 0 0 0 0 0 0 
164 704 104 19 23 1 6 3 833 176 4 1 1 7 2 0 974 39 1 1 8 1 0 0 
183 250 40 38 58 368 6 81 438 64 375 51 6 8 82 0 462 148 319 23 68 4 0 0 
209 121 52 63 68 461 50 0 340 65 489 127 3 0 0 0 351 343 247 83 0 0 0 0 
73 616 59 18 18 170 70 0 681 76 67 196 4 0 0 0 697 85 90 152 0 0 0 0 
205 612 191 9 3 4 0 0 688 327 4 5 0 0 0 0 987 29 5 3 0 0 0 0 
480 359 28 57 78 21 1 0 802 180 38 3 0 1 0 0 867 150 5 1 0 1 0 0 
142 868 14 0 0 0 0 0 993 30 1 0 0 0 0 0 1021 2 1 0 0 0 0 0 
320 516 86 42 45 15 0 0 775 225 24 0 0 0 0 0 936 87 1 0 0 0 0 0 
246 454 68 51 40 27 10 128 621 234 22 7 7 6 120 7 825 59 7 14 116 3 0 0 
105 230 255 41 28 29 30 306 492 105 33 32 27 42 287 6 586 53 42 138 196 9 0 0 
99 216 254 41 27 28 27 300 473 101 35 31 26 41 281 4 563 55 41 153 174 6 0 0 
615 208 32 55 75 7 0 0 681 165 50 88 8 0 0 0 831 71 88 2 0 0 0 0 
62 61 57 159 515 138 0 0 93 63 123 505 208 0 0 0 156 238 583 15 0 0 0 0 
427 126 71 62 134 159 13 0 535 127 18 107 187 18 0 0 600 104 211 76 1 0 0 0 
422 206 65 110 180 1 7 1 669 308 3 2 2 7 1 0 773 209 2 5 3 0 0 0 
105 431 177 59 63 9 32 116 496 320 15 4 11 29 117 0 707 124 8 47 104 2 0 0 
118 103 72 59 136 356 15 133 203 113 448 65 14 14 132 3 237 134 455 36 111 17 1 1 
571 161 45 61 44 105 5 0 727 67 154 44 0 0 0 0 738 82 148 24 0 0 0 0 
252 735 3 2 0 0 0 0 985 3 4 0 0 0 0 0 985 4 3 0 0 0 0 0 
540 360 92 0 0 0 0 0 834 158 0 0 0 0 0 0 984 8 0 0 0 0 0 0 
594 378 5 10 5 0 0 0 930 58 4 0 0 0 0 0 975 17 0 0 0 0 0 0 
196 795 1 0 0 0 0 0 954 38 0 0 0 0 0 0 991 1 0 0 0 0 0 0 
227 338 95 104 96 44 15 73 564 261 57 13 8 11 48 30 703 185 12 13 54 25 0 0 
171 171 72 68 68 39 14 389 332 201 31 18 13 7 374 16 485 88 20 21 367 11 0 0 
30 111 244 59 30 32 37 449 148 85 207 34 32 41 438 7 222 174 95 109 368 24 0 0 
29 110 258 59 30 31 33 411 145 88 219 34 31 38 401 5 218 190 95 117 318 23 0 0 
