0 0 0 774 250 0 0 0 0 0 22 1002 0 0 0 0 0 1 1023 0 0 0 0 0 
0 0 0 67 957 0 0 0 0 0 0 1010 14 0 0 0 0 0 940 84 0 0 0 0 
0 0 0 4 1020 0 0 0 0 0 0 673 351 0 0 0 0 0 503 521 0 0 0 0 
0 0 0 0 1024 0 0 0 0 0 0 584 440 0 0 0 0 0 408 616 0 0 0 0 
0 0 0 0 1024 0 0 0 0 0 0 431 593 0 0 0 0 0 215 809 0 0 0 0 
0 0 0 0 1020 4 0 0 0 0 0 464 560 0 0 0 0 0 293 731 0 0 0 0 
0 4 91 38 889 2 0 0 4 99 29 337 555 0 0 0 79 38 246 661 0 0 0 0 
31 53 151 108 674 7 0 0 120 220 31 146 507 0 0 0 311 55 80 578 0 0 0 0 
256 261 49 30 427 1 0 0 426 141 27 79 351 0 0 0 511 74 51 388 0 0 0 0 
371 390 32 14 151 66 0 0 661 126 16 60 161 0 0 0 734 59 24 204 3 0 0 0 
210 725 50 6 33 0 0 0 602 376 11 30 5 0 0 0 865 118 12 29 0 0 0 0 
85 864 71 2 1 1 0 0 675 345 1 2 1 0 0 0 836 185 2 1 0 0 0 0 
126 733 129 33 3 0 0 0 630 318 54 22 0 0 0 0 778 206 39 1 0 0 0 0 
275 657 75 17 0 0 0 0 791 175 57 1 0 0 0 0 887 86 51 0 0 0 0 0 
66 634 324 0 0 0 0 0 165 857 2 0 0 0 0 0 683 341 0 0 0 0 0 0 
0 221 788 14 1 0 0 0 0 989 29 5 1 0 0 0 673 337 12 2 0 0 0 0 
1 172 785 66 0 0 0 0 205 770 49 0 0 0 0 0 868 152 4 0 0 0 0 0 
157 782 85 0 0 0 0 0 943 81 0 0 0 0 0 0 1003 21 0 0 0 0 0 0 
563 460 1 0 0 0 0 0 954 70 0 0 0 0 0 0 1011 13 0 0 0 0 0 0 
0 456 562 6 0 0 0 0 390 600 34 0 0 0 0 0 768 256 0 0 0 0 0 0 
0 44 74 796 95 11 4 0 112 66 41 805 0 0 0 0 179 29 816 0 0 0 0 0 
0 9 7 373 635 0 0 0 7 5 9 998 5 0 0 0 11 9 948 56 0 0 0 0 
0 0 0 3 1021 0 0 0 0 0 0 877 147 0 0 0 0 0 460 564 0 0 0 0 
0 0 0 0 1017 7 0 0 0 0 0 262 762 0 0 0 0 0 60 964 0 0 0 0 
0 0 0 1 769 254 0 0 0 0 0 41 983 0 0 0 0 0 10 1014 0 0 0 0 
0 0 0 0 528 496 0 0 0 0 0 1 1023 0 0 0 0 0 0 1024 0 0 0 0 
0 0 0 0 329 695 0 0 0 0 0 2 1022 0 0 0 0 0 1 1023 0 0 0 0 
0 0 0 0 96 928 0 0 0 0 0 0 1008 16 0 0 0 0 0 1001 23 0 0 0 
0 0 0 0 239 785 0 0 0 0 0 0 1018 6 0 0 0 0 0 999 25 0 0 0 
0 0 0 0 529 495 0 0 0 0 0 0 1024 0 0 0 0 0 0 1024 0 0 0 0 
2 8 7 5 914 88 0 0 8 6 6 55 949 0 0 0 10 7 21 986 0 0 0 0 
38 133 19 49 785 0 0 0 120 62 38 310 494 0 0 0 137 63 143 681 0 0 0 0 
59 213 73 55 624 0 0 0 195 116 63 597 53 0 0 0 228 111 434 251 0 0 0 0 
231 320 24 26 423 0 0 0 526 49 16 433 0 0 0 0 552 29 431 12 0 0 0 0 
151 395 189 38 251 0 0 0 437 295 24 268 0 0 0 0 517 224 283 0 0 0 0 0 
142 194 470 177 41 0 0 0 240 531 122 131 0 0 0 0 391 457 176 0 0 0 0 0 
63 432 306 193 30 0 0 0 340 455 157 72 0 0 0 0 532 355 131 6 0 0 0 0 
23 254 616 128 3 0 0 0 194 576 252 2 0 0 0 0 411 454 159 0 0 0 0 0 
218 342 424 40 0 0 0 0 434 530 60 0 0 0 0 0 710 314 0 0 0 0 0 0 
0 551 390 83 0 0 0 0 568 305 151 0 0 0 0 0 736 288 0 0 0 0 0 0 
29 363 173 436 23 0 0 0 428 137 322 137 0 0 0 0 504 167 353 0 0 0 0 0 
0 769 101 154 0 0 0 0 735 107 85 97 0 0 0 0 793 91 140 0 0 0 0 0 
0 220 514 122 168 0 0 0 148 579 66 231 0 0 0 0 599 178 243 4 0 0 0 0 
0 253 76 263 432 0 0 0 197 131 58 627 11 0 0 0 307 38 578 101 0 0 0 0 
0 0 0 2 1022 0 0 0 0 0 0 851 173 0 0 0 0 0 555 469 0 0 0 0 
0 9 158 56 781 4 8 8 0 186 30 396 399 4 3 6 183 32 305 492 4 6 2 0 
0 29 97 20 878 0 0 0 5 101 32 457 429 0 0 0 70 63 263 628 0 0 0 0 
0 5 8 15 747 249 0 0 2 8 8 417 558 31 0 0 7 10 255 703 49 0 0 0 
0 0 0 0 694 330 0 0 0 0 0 304 694 26 0 0 0 0 172 800 52 0 0 0 
0 0 0 5 634 385 0 0 0 0 0 354 670 0 0 0 0 0 192 832 0 0 0 0 
0 0 0 2 744 278 0 0 0 0 0 432 592 0 0 0 0 0 286 738 0 0 0 0 
0 0 7 57 919 41 0 0 0 0 38 334 652 0 0 0 0 28 267 729 0 0 0 0 
0 0 0 6 1018 0 0 0 0 0 0 489 535 0 0 0 0 0 294 730 0 0 0 0 
0 0 0 8 1001 15 0 0 0 0 0 761 259 4 0 0 0 0 584 436 4 0 0 0 
0 0 0 0 1009 15 0 0 0 0 0 986 38 0 0 0 0 0 970 54 0 0 0 0 
0 0 0 263 741 20 0 0 0 0 0 973 51 0 0 0 0 0 942 71 11 0 0 0 
0 0 0 892 132 0 0 0 0 0 58 966 0 0 0 0 0 3 991 30 0 0 0 0 
0 0 0 1023 1 0 0 0 0 0 563 461 0 0 0 0 0 145 879 0 0 0 0 0 
0 0 24 960 40 0 0 0 0 0 836 188 0 0 0 0 0 619 405 0 0 0 0 0 
0 0 84 934 6 0 0 0 0 0 900 124 0 0 0 0 0 823 201 0 0 0 0 0 
0 0 0 989 35 0 0 0 0 0 289 735 0 0 0 0 0 42 982 0 0 0 0 0 
0 0 0 636 388 0 0 0 0 0 0 1024 0 0 0 0 0 0 1024 0 0 0 0 0 
0 0 0 162 862 0 0 0 0 0 6 1018 0 0 0 0 0 2 1022 0 0 0 0 0 
0 0 2 608 414 0 0 0 0 1 10 1012 1 0 0 0 0 6 1016 2 0 0 0 0 
0 0 10 239 775 0 0 0 0 7 7 1010 0 0 0 0 6 6 1010 2 0 0 0 0 
0 0 209 40 775 0 0 0 0 222 24 778 0 0 0 0 211 28 776 9 0 0 0 0 
0 15 144 120 745 0 0 0 2 149 25 848 0 0 0 0 104 63 851 6 0 0 0 0 
3 100 75 296 550 0 0 0 94 75 33 822 0 0 0 0 152 34 833 5 0 0 0 0 
0 91 66 548 319 0 0 0 68 79 40 825 12 0 0 0 122 46 834 22 0 0 0 0 
1 234 57 513 219 0 0 0 209 74 49 692 0 0 0 0 263 44 717 0 0 0 0 0 
0 353 49 383 239 0 0 0 124 261 65 574 0 0 0 0 360 57 607 0 0 0 0 0 
0 167 51 677 129 0 0 0 112 86 123 703 0 0 0 0 176 60 787 1 0 0 0 0 
0 0 0 765 193 66 0 0 0 0 23 897 75 29 0 0 0 0 912 46 62 4 0 0 
25 118 96 727 51 7 0 0 104 61 128 714 17 0 0 0 137 111 752 16 8 0 0 0 
128 192 44 542 99 19 0 0 302 42 219 421 40 0 0 0 314 83 583 44 0 0 0 0 
115 166 27 417 225 74 0 0 242 49 71 529 133 0 0 0 275 34 523 126 66 0 0 0 
205 53 158 562 45 1 0 0 256 32 350 378 8 0 0 0 256 219 529 19 1 0 0 0 
127 126 363 408 0 0 0 0 164 135 505 220 0 0 0 0 192 514 318 0 0 0 0 0 
196 88 417 320 3 0 0 0 227 172 489 136 0 0 0 0 243 479 302 0 0 0 0 0 
6 317 409 280 12 0 0 0 285 260 333 146 0 0 0 0 315 465 244 0 0 0 0 0 
0 222 723 79 0 0 0 0 250 680 94 0 0 0 0 0 914 106 4 0 0 0 0 0 
0 412 474 138 0 0 0 0 477 395 126 26 0 0 0 0 852 130 42 0 0 0 0 0 
0 102 617 261 44 0 0 0 66 425 426 107 0 0 0 0 389 488 147 0 0 0 0 0 
0 277 478 237 32 0 0 0 235 508 99 182 0 0 0 0 738 63 223 0 0 0 0 0 
189 173 321 166 175 0 0 0 370 320 69 265 0 0 0 0 681 36 307 0 0 0 0 0 
0 104 471 184 265 0 0 0 172 457 63 332 0 0 0 0 623 32 369 0 0 0 0 0 
46 134 287 250 307 0 0 0 189 375 61 394 5 0 0 0 554 47 413 10 0 0 0 0 
60 243 212 191 318 0 0 0 310 194 80 440 0 0 0 0 491 46 487 0 0 0 0 0 
0 69 219 450 286 0 0 0 99 114 248 530 33 0 0 0 167 255 481 121 0 0 0 0 
0 199 191 629 5 0 0 0 253 121 118 532 0 0 0 0 362 80 582 0 0 0 0 0 
0 168 153 632 71 0 0 0 193 114 115 601 1 0 0 0 285 89 649 1 0 0 0 0 
0 197 63 759 5 0 0 0 192 42 497 293 0 0 0 0 217 272 535 0 0 0 0 0 
0 121 100 803 0 0 0 0 110 56 764 94 0 0 0 0 131 665 228 0 0 0 0 0 
0 10 507 507 0 0 0 0 9 44 863 108 0 0 0 0 11 784 225 4 0 0 0 0 
1 158 602 263 0 0 0 0 117 108 799 0 0 0 0 0 159 839 26 0 0 0 0 0 
59 152 518 295 0 0 0 0 157 325 542 0 0 0 0 0 203 787 34 0 0 0 0 0 
205 359 439 21 0 0 0 0 464 425 135 0 0 0 0 0 687 336 1 0 0 0 0 0 
21 805 198 0 0 0 0 0 689 260 75 0 0 0 0 0 815 209 0 0 0 0 0 0 
453 463 108 0 0 0 0 0 850 147 27 0 0 0 0 0 914 110 0 0 0 0 0 0 
52 787 176 9 0 0 0 0 813 94 117 0 0 0 0 0 840 172 12 0 0 0 0 0 
0 1 579 444 0 0 0 0 10 976 38 0 0 0 0 0 1006 18 0 0 0 0 0 0 
0 89 808 127 0 0 0 0 169 855 0 0 0 0 0 0 1024 0 0 0 0 0 0 0 
0 34 634 356 0 0 0 0 57 445 522 0 0 0 0 0 450 574 0 0 0 0 0 0 
0 75 833 116 0 0 0 0 170 795 59 0 0 0 0 0 956 68 0 0 0 0 0 0 
151 73 468 332 0 0 0 0 255 737 26 6 0 0 0 0 971 31 22 0 0 0 0 0 
0 0 204 735 85 0 0 0 73 942 9 0 0 0 0 0 1024 0 0 0 0 0 0 0 
85 60 122 421 336 0 0 0 221 712 91 0 0 0 0 0 1024 0 0 0 0 0 0 0 
121 214 661 28 0 0 0 0 555 468 1 0 0 0 0 0 1007 17 0 0 0 0 0 0 
0 125 468 431 0 0 0 0 202 322 500 0 0 0 0 0 465 559 0 0 0 0 0 0 
0 38 901 85 0 0 0 0 279 744 1 0 0 0 0 0 1018 6 0 0 0 0 0 0 
208 165 456 185 2 1 6 1 479 534 3 2 6 0 0 0 973 46 4 1 0 0 0 0 
95 340 487 101 1 0 0 0 737 262 25 0 0 0 0 0 918 106 0 0 0 0 0 0 
6 526 427 57 8 0 0 0 663 280 41 39 1 0 0 0 877 94 40 13 0 0 0 0 
0 136 875 13 0 0 0 0 55 835 134 0 0 0 0 0 226 763 35 0 0 0 0 0 
656 277 82 9 0 0 0 0 868 103 53 0 0 0 0 0 946 78 0 0 0 0 0 0 
0 0 880 144 0 0 0 0 0 338 686 0 0 0 0 0 0 1008 16 0 0 0 0 0 
0 474 502 48 0 0 0 0 231 564 229 0 0 0 0 0 690 327 7 0 0 0 0 0 
0 781 222 21 0 0 0 0 417 526 81 0 0 0 0 0 907 106 11 0 0 0 0 0 
411 569 44 0 0 0 0 0 852 172 0 0 0 0 0 0 1020 4 0 0 0 0 0 0 
140 697 187 0 0 0 0 0 691 228 105 0 0 0 0 0 879 145 0 0 0 0 0 0 
182 237 281 321 3 0 0 0 479 441 102 2 0 0 0 0 860 159 5 0 0 0 0 0 
174 402 345 98 5 0 0 0 582 409 33 0 0 0 0 0 998 26 0 0 0 0 0 0 
326 276 328 70 24 0 0 0 544 369 81 15 15 0 0 0 852 137 9 25 1 0 0 0 
301 259 402 61 1 0 0 0 564 452 8 0 0 0 0 0 944 79 1 0 0 0 0 0 
170 232 445 173 4 0 0 0 485 510 29 0 0 0 0 0 941 79 4 0 0 0 0 0 
295 249 251 222 7 0 0 0 596 425 3 0 0 0 0 0 983 41 0 0 0 0 0 0 
96 294 229 294 111 0 0 0 390 568 63 3 0 0 0 0 863 157 4 0 0 0 0 0 
249 276 435 64 0 0 0 0 602 416 6 0 0 0 0 0 933 91 0 0 0 0 0 0 
94 232 372 262 44 15 5 0 276 486 207 45 7 3 0 0 607 363 45 9 0 0 0 0 
153 277 431 161 2 0 0 0 415 578 31 0 0 0 0 0 871 150 3 0 0 0 0 0 
412 292 303 17 0 0 0 0 680 320 24 0 0 0 0 0 916 104 4 0 0 0 0 0 
361 277 367 17 2 0 0 0 681 328 15 0 0 0 0 0 923 99 2 0 0 0 0 0 
107 439 457 21 0 0 0 0 720 296 8 0 0 0 0 0 924 100 0 0 0 0 0 0 
90 241 688 5 0 0 0 0 255 691 78 0 0 0 0 0 398 621 5 0 0 0 0 0 
654 285 81 4 0 0 0 0 889 113 22 0 0 0 0 0 962 47 15 0 0 0 0 0 
218 177 601 28 0 0 0 0 315 428 281 0 0 0 0 0 365 656 3 0 0 0 0 0 
202 158 663 1 0 0 0 0 275 261 488 0 0 0 0 0 335 689 0 0 0 0 0 0 
0 16 673 160 123 52 0 0 6 43 764 56 135 20 0 0 11 735 85 87 105 1 0 0 
56 67 885 16 0 0 0 0 76 123 824 1 0 0 0 0 100 913 11 0 0 0 0 0 
38 746 236 4 0 0 0 0 739 162 123 0 0 0 0 0 818 206 0 0 0 0 0 0 
186 202 361 264 10 1 0 0 693 319 9 3 0 0 0 0 927 89 6 2 0 0 0 0 
497 268 96 88 60 15 0 0 733 187 68 36 0 0 0 0 867 107 50 0 0 0 0 0 
312 383 135 117 55 22 0 0 444 397 122 47 14 0 0 0 733 214 57 18 2 0 0 0 
232 300 116 158 135 77 6 0 440 238 205 123 18 0 0 0 582 293 137 11 1 0 0 0 
128 381 154 122 108 131 0 0 453 228 184 146 13 0 0 0 570 216 208 20 10 0 0 0 
266 296 151 147 63 72 29 0 503 280 118 79 44 0 0 0 629 249 88 58 0 0 0 0 
246 423 179 106 42 16 12 0 596 279 94 30 20 4 1 0 757 193 43 24 5 2 0 0 
200 426 125 99 103 70 1 0 537 232 112 117 20 6 0 0 671 199 103 40 10 1 0 0 
82 314 283 146 134 36 28 1 422 356 154 52 35 5 0 0 570 331 79 37 7 0 0 0 
110 323 195 160 65 70 98 3 372 316 135 61 103 37 0 0 493 303 67 116 45 0 0 0 
264 358 159 106 101 31 5 0 528 345 121 30 0 0 0 0 662 325 35 2 0 0 0 0 
170 443 155 106 110 40 0 0 521 319 152 32 0 0 0 0 649 293 74 8 0 0 0 0 
57 374 236 162 102 79 14 0 340 369 178 125 12 0 0 0 519 317 164 24 0 0 0 0 
397 366 196 57 8 0 0 0 709 267 48 0 0 0 0 0 859 163 2 0 0 0 0 0 
212 384 146 137 87 56 2 0 453 306 159 97 9 0 0 0 590 305 116 13 0 0 0 0 
416 419 96 48 30 15 0 0 795 136 55 32 6 0 0 0 863 98 46 17 0 0 0 0 
329 272 175 175 72 1 0 0 595 267 148 14 0 0 0 0 768 232 23 1 0 0 0 0 
254 293 134 144 177 22 0 0 405 277 167 71 92 12 0 0 515 290 78 77 63 1 0 0 
347 297 245 61 69 5 0 0 523 316 172 13 0 0 0 0 695 304 25 0 0 0 0 0 
281 432 190 71 24 25 1 0 696 250 52 26 0 0 0 0 864 142 18 0 0 0 0 0 
1 324 470 226 3 0 0 0 257 597 131 39 0 0 0 0 695 240 77 12 0 0 0 0 
56 135 111 317 262 143 0 0 140 167 175 269 273 0 0 0 191 148 252 196 237 0 0 0 
7 332 102 144 164 138 106 31 112 334 159 203 144 37 15 20 253 216 188 264 58 18 20 7 
36 248 134 83 77 120 171 155 198 238 91 106 191 172 28 0 321 182 124 207 164 19 7 0 
126 284 134 147 123 141 55 14 318 239 214 132 95 11 7 8 416 258 190 114 26 5 7 8 
134 364 132 91 53 60 71 119 307 277 142 68 87 115 28 0 413 225 135 106 116 29 0 0 
0 473 86 61 182 144 70 8 122 430 102 215 132 12 9 2 214 391 196 195 13 12 2 1 
23 248 210 189 156 38 50 110 144 320 204 128 97 129 2 0 286 285 192 143 118 0 0 0 
0 273 124 102 159 167 170 29 122 427 107 123 151 93 1 0 275 356 126 190 74 2 1 0 
18 497 145 43 46 91 110 74 173 489 63 69 129 67 34 0 318 390 91 132 67 25 1 0 
73 329 106 47 86 112 190 81 203 334 60 125 193 102 7 0 266 304 133 214 97 6 4 0 
34 394 243 109 34 55 53 102 283 411 101 34 70 73 50 2 450 322 44 72 77 56 3 0 
1 145 108 84 166 249 174 97 68 369 117 130 175 72 84 9 293 227 145 176 85 57 40 1 
0 196 475 175 45 47 59 27 96 569 209 33 60 55 2 0 281 537 82 70 53 1 0 0 
43 410 165 72 69 95 87 83 317 294 106 114 100 92 1 0 469 229 132 155 36 3 0 0 
46 663 175 55 53 25 7 0 332 561 88 27 8 8 0 0 567 388 47 12 8 2 0 0 
45 360 245 165 148 51 10 0 256 411 199 90 54 14 0 0 420 377 131 76 20 0 0 0 
46 301 121 158 121 136 106 35 229 241 166 187 142 52 7 0 364 211 221 158 58 12 0 0 
56 293 148 179 175 93 78 2 258 312 233 114 104 3 0 0 438 361 127 97 0 1 0 0 
310 197 92 85 204 132 4 0 488 126 170 188 42 10 0 0 560 202 200 22 40 0 0 0 
0 19 392 538 75 0 0 0 22 489 446 67 0 0 0 0 444 490 90 0 0 0 0 0 
21 205 302 229 204 63 0 0 85 422 198 140 175 4 0 0 144 438 219 81 142 0 0 0 
15 715 97 31 28 83 47 8 50 788 110 27 31 9 8 1 91 829 42 29 21 3 8 1 
0 233 339 60 45 47 121 179 0 530 95 75 80 118 60 66 1 520 128 120 125 30 46 54 
0 140 195 78 47 52 121 391 36 289 130 62 81 160 221 45 101 291 105 79 184 217 47 0 
0 256 138 61 60 72 183 254 41 322 149 149 108 176 75 4 78 333 218 122 165 88 20 0 
45 341 174 217 103 71 49 24 194 371 251 109 48 40 11 0 259 451 180 71 47 16 0 0 
0 71 126 108 154 52 90 423 23 166 115 147 83 117 144 229 64 189 149 142 170 127 91 92 
0 270 255 57 60 125 132 125 48 490 121 98 100 80 54 33 91 468 159 118 88 33 60 7 
19 186 326 42 20 69 100 262 105 289 178 35 101 154 150 12 131 301 165 128 163 125 5 6 
41 327 309 161 79 60 40 7 134 425 352 69 35 2 3 4 172 491 221 121 10 2 5 2 
0 129 406 305 12 11 20 141 1 157 655 38 11 48 94 20 7 139 145 564 42 96 31 0 
0 26 486 167 49 115 149 32 2 345 560 27 9 56 25 0 9 393 395 141 18 61 7 0 
2 88 750 117 21 22 24 0 17 429 490 54 27 7 0 0 29 444 490 39 21 1 0 0 
0 85 107 110 88 78 166 390 14 155 137 164 147 264 143 0 45 204 197 291 236 51 0 0 
3 223 148 137 57 97 276 83 62 240 223 184 108 123 80 4 75 364 143 144 163 103 32 0 
22 337 59 42 47 89 126 302 104 292 55 84 130 199 110 50 162 253 79 153 214 35 125 3 
72 502 58 26 33 63 114 156 204 410 38 35 79 178 64 16 375 261 34 74 181 78 15 6 
1 223 41 44 87 121 104 403 29 296 73 66 103 30 94 333 93 272 84 107 24 58 157 229 
90 671 77 38 51 46 6 45 198 593 99 32 29 30 14 29 259 173 386 105 47 10 19 25 
0 2 219 712 91 0 0 0 1 245 749 29 0 0 0 0 218 772 34 0 0 0 0 0 
0 23 356 370 241 34 0 0 8 312 423 193 88 0 0 0 147 493 224 154 6 0 0 0 
6 653 86 95 91 81 11 1 32 681 86 108 104 12 1 0 63 678 128 104 42 8 1 0 
0 195 330 94 34 28 93 250 0 356 313 271 21 44 19 0 0 367 445 140 33 38 1 0 
0 0 536 180 31 20 52 205 0 0 690 91 27 43 87 86 0 13 453 335 48 91 80 4 
1 6 631 216 31 28 43 68 2 13 830 89 20 36 23 11 4 14 476 441 39 40 10 0 
0 34 83 193 203 57 69 385 30 70 114 242 133 47 72 316 33 82 163 254 96 110 166 120 
0 0 5 7 25 11 39 937 0 1 6 26 20 42 125 804 0 3 4 41 46 128 333 469 
0 36 347 123 22 29 19 448 0 127 309 179 83 22 65 239 1 120 279 274 34 39 90 187 
5 80 340 174 46 35 60 284 49 150 410 154 42 59 92 68 63 175 500 60 66 96 52 12 
9 50 124 138 35 28 57 583 45 70 203 37 40 68 134 427 58 90 190 51 77 151 270 137 
0 0 166 280 35 28 70 445 0 6 445 492 31 47 3 0 0 84 679 199 29 33 0 0 
0 0 74 133 36 44 120 617 0 21 276 559 61 78 29 0 0 281 444 158 90 51 0 0 
0 10 340 359 20 22 81 192 0 121 763 120 12 7 1 0 6 514 478 16 8 2 0 0 
0 2 655 99 17 38 84 129 0 144 604 29 78 69 28 72 2 582 205 82 47 23 32 51 
0 49 701 236 10 12 16 0 0 180 372 447 23 1 1 0 0 302 166 70 309 176 0 1 
0 49 602 291 19 16 31 16 0 23 165 721 54 14 46 1 1 10 8 57 611 289 46 2 
41 348 352 44 31 56 117 35 88 261 279 284 51 38 23 0 121 227 122 195 331 25 3 0 
0 257 43 12 12 103 346 251 12 260 324 49 92 40 16 231 25 512 95 64 72 13 68 175 
0 321 350 98 32 64 126 33 84 488 240 59 47 51 43 12 197 473 179 50 50 51 23 1 
0 0 7 543 474 0 0 0 0 8 725 291 0 0 0 0 5 470 549 0 0 0 0 0 
0 0 302 350 255 117 0 0 0 341 346 309 28 0 0 0 283 502 201 38 0 0 0 0 
0 31 68 215 284 289 137 0 1 86 131 410 280 115 1 0 50 115 418 246 189 6 0 0 
0 1 311 123 245 232 73 39 0 41 522 235 126 91 9 0 0 107 363 402 121 31 0 0 
3 40 530 448 3 0 0 0 4 51 634 335 0 0 0 0 2 44 248 730 0 0 0 0 
0 9 165 736 64 9 11 30 0 19 376 561 24 14 12 18 0 18 442 496 27 13 26 2 
0 0 156 680 145 21 5 17 0 8 382 511 100 5 4 14 0 9 452 464 80 4 15 0 
0 0 43 109 389 75 49 359 0 16 61 183 344 96 143 181 0 17 76 285 263 142 137 104 
0 0 136 509 172 35 38 134 0 6 336 502 60 58 36 26 0 12 450 409 46 54 33 20 
0 0 52 830 40 14 22 66 0 4 370 533 21 14 22 60 0 3 678 232 20 13 18 60 
0 0 31 864 31 15 13 70 0 0 411 508 22 21 60 2 0 0 732 198 31 62 0 1 
0 0 54 745 39 18 20 148 0 0 456 377 22 14 14 141 0 3 664 170 19 13 14 141 
0 0 29 87 36 36 87 749 0 0 382 595 30 17 0 0 0 425 539 35 23 2 0 0 
0 0 67 372 31 49 167 338 0 23 554 188 96 66 68 29 0 331 412 91 81 60 49 0 
0 0 483 243 13 10 10 265 0 16 708 13 193 25 38 31 0 471 270 180 23 30 50 0 
0 3 192 235 27 29 49 489 0 13 384 219 246 82 68 12 7 55 543 211 88 84 36 0 
0 0 40 53 13 18 39 861 0 0 20 897 39 63 5 0 0 20 779 50 115 59 1 0 
0 0 19 15 7 10 273 700 0 4 324 477 65 104 50 0 0 303 453 75 106 79 8 0 
0 0 0 0 0 38 806 180 0 0 670 26 38 131 146 13 0 658 40 40 110 151 24 1 
0 0 0 0 0 2 151 871 0 0 0 0 3 103 893 25 0 0 0 2 70 911 38 3 
0 0 0 13 1011 0 0 0 0 0 7 1017 0 0 0 0 0 6 1018 0 0 0 0 0 
0 0 75 307 633 9 0 0 0 220 174 628 2 0 0 0 162 238 624 0 0 0 0 0 
0 0 148 324 249 146 157 0 0 262 182 319 84 177 0 0 149 271 321 75 208 0 0 0 
0 61 64 117 302 451 28 1 3 100 120 216 549 35 1 0 14 126 187 608 84 5 0 0 
0 84 288 243 45 135 128 101 13 172 287 213 147 117 72 3 19 170 292 275 169 73 26 0 
0 14 167 719 124 0 0 0 0 21 259 713 31 0 0 0 0 22 303 694 5 0 0 0 
0 4 148 385 474 13 0 0 0 17 186 509 306 6 0 0 0 34 192 550 246 2 0 0 
0 0 0 135 444 170 101 174 0 0 4 314 492 92 71 51 0 0 16 387 442 72 68 39 
0 0 13 64 358 234 102 253 0 0 31 259 543 76 70 45 0 0 51 437 364 69 64 39 
0 1 157 465 165 38 39 159 0 35 416 251 113 69 34 106 0 33 470 239 116 45 33 88 
0 0 1 499 108 15 25 376 0 0 160 444 22 268 38 92 0 0 393 278 207 39 36 71 
0 0 7 460 26 17 17 497 0 0 309 169 22 367 42 115 0 1 394 121 334 34 65 75 
0 9 26 176 21 8 51 733 0 28 172 97 223 303 90 111 13 28 248 326 186 71 100 52 
0 0 0 0 0 0 4 1020 0 0 0 0 987 11 13 13 0 0 15 969 9 10 21 0 
0 0 0 0 0 0 0 1024 0 0 0 48 976 0 0 0 0 0 339 685 0 0 0 0 
0 0 0 0 0 0 3 1021 0 0 82 524 212 51 107 48 0 94 556 153 53 85 83 0 
0 0 0 0 0 0 31 993 0 0 393 631 0 0 0 0 0 523 501 0 0 0 0 0 
0 0 0 0 0 0 244 780 0 5 393 505 41 51 29 0 7 413 471 44 41 48 0 0 
0 0 0 0 0 37 499 488 0 0 306 25 38 150 211 294 0 302 30 30 110 235 125 192 
0 0 0 0 0 8 271 745 0 0 0 0 0 103 804 117 0 0 0 0 43 855 19 107 
0 0 0 0 1023 1 0 0 0 0 0 1023 1 0 0 0 0 0 947 77 0 0 0 0 
0 0 4 20 983 17 0 0 0 9 14 880 121 0 0 0 3 20 579 422 0 0 0 0 
0 0 11 403 309 201 100 0 0 171 279 370 145 59 0 0 150 393 335 85 45 16 0 0 
1 69 172 143 234 306 53 46 12 234 122 190 365 49 52 0 108 237 96 472 36 75 0 0 
0 99 342 174 47 66 245 51 23 207 357 138 32 202 64 1 37 233 349 132 71 196 6 0 
0 6 250 680 88 0 0 0 0 21 364 622 17 0 0 0 0 13 404 605 2 0 0 0 
0 7 224 642 151 0 0 0 0 30 285 629 80 0 0 0 0 31 322 607 64 0 0 0 
0 0 44 368 470 48 25 69 0 7 91 510 309 25 45 37 0 8 119 547 246 27 44 33 
0 0 3 6 19 47 58 891 0 1 8 11 49 292 416 247 0 5 6 8 495 147 163 200 
0 0 0 0 0 0 1 1023 0 0 0 0 0 978 15 31 0 0 0 55 922 10 12 25 
0 0 0 0 0 0 0 1024 0 0 0 0 0 1024 0 0 0 0 0 279 745 0 0 0 
0 0 0 0 0 0 0 1024 0 0 0 0 59 959 4 2 0 0 0 525 492 4 3 0 
0 0 1 6 4 8 13 992 0 1 5 14 341 410 110 143 0 1 34 472 247 79 109 82 
0 0 0 0 0 0 0 1024 0 0 0 94 930 0 0 0 0 0 448 576 0 0 0 0 
0 0 0 0 0 0 0 1024 0 0 0 431 593 0 0 0 0 11 757 256 0 0 0 0 
0 0 0 0 0 0 3 1021 0 0 10 630 226 40 91 27 0 15 684 155 37 72 61 0 
0 0 0 0 0 0 16 1008 0 0 229 795 0 0 0 0 0 228 796 0 0 0 0 0 
0 0 0 0 0 7 370 647 0 0 761 164 24 36 39 0 0 744 172 28 36 30 14 0 
0 0 0 1 2 84 484 453 0 0 132 28 78 304 482 0 0 118 33 60 183 603 27 0 
0 0 0 0 9 237 736 42 0 2 135 16 122 543 196 10 0 127 16 87 474 307 7 6 
0 0 0 0 1022 2 0 0 0 0 0 978 46 0 0 0 0 0 737 287 0 0 0 0 
0 0 0 0 756 268 0 0 0 0 0 409 615 0 0 0 0 0 91 933 0 0 0 0 
0 0 8 314 519 176 7 0 0 176 202 312 334 0 0 0 267 114 246 397 0 0 0 0 
0 0 60 239 259 235 217 14 0 250 68 219 424 60 3 0 242 168 260 310 30 14 0 0 
0 52 190 101 134 134 283 130 16 151 195 115 192 279 75 1 68 282 257 144 88 182 3 0 
0 19 166 157 18 194 436 34 0 57 174 121 97 475 100 0 0 66 177 131 441 203 6 0 
0 0 106 481 159 15 99 164 0 3 181 517 50 90 80 103 0 1 210 521 65 82 71 74 
0 0 154 668 153 14 19 16 0 44 418 474 46 16 18 8 1 46 467 436 37 12 23 2 
0 0 7 5 5 6 8 993 0 8 5 5 4 509 346 147 0 9 4 48 694 63 91 115 
0 0 0 0 0 0 0 1024 0 0 0 0 176 848 0 0 0 0 25 725 274 0 0 0 
0 0 0 0 0 0 0 1024 0 0 0 0 348 676 0 0 0 0 14 977 33 0 0 0 
0 0 0 0 0 0 0 1024 0 0 0 24 367 633 0 0 0 0 108 831 85 0 0 0 
0 0 0 0 0 0 0 1024 0 0 0 6 403 365 90 160 0 0 18 601 145 42 148 70 
0 0 0 0 0 0 0 1024 0 0 0 55 969 0 0 0 0 0 214 810 0 0 0 0 
0 0 0 0 0 0 0 1024 0 0 0 650 374 0 0 0 0 0 929 95 0 0 0 0 
0 0 0 0 0 0 22 1002 0 0 0 780 100 35 45 64 0 0 799 75 29 47 63 11 
0 0 0 0 0 4 254 766 0 0 260 194 63 56 236 215 0 257 189 43 66 70 399 0 
0 0 0 0 0 35 792 197 0 24 671 96 73 59 101 0 0 686 92 54 70 64 58 0 
0 0 0 0 34 269 543 178 0 1 489 81 272 82 99 0 0 474 56 188 183 113 10 0 
0 3 11 172 323 419 96 0 5 18 134 465 323 79 0 0 12 107 229 547 129 0 0 0 
