99 415 506 4 0 0 0 0 373 546 104 1 0 0 0 0 876 148 0 0 0 0 0 0 
0 175 442 407 0 0 0 0 52 526 432 14 0 0 0 0 841 183 0 0 0 0 0 0 
0 0 72 627 325 0 0 0 0 30 388 606 0 0 0 0 275 420 329 0 0 0 0 0 
0 0 10 58 744 66 65 81 0 1 26 575 268 10 13 131 94 129 370 225 52 9 16 129 
0 0 0 5 651 213 74 81 0 0 2 359 500 13 19 131 86 115 247 352 66 13 15 130 
3 16 2 19 889 95 0 0 12 8 74 491 439 0 0 0 212 161 365 286 0 0 0 0 
15 66 10 129 802 2 0 0 68 16 190 598 152 0 0 0 306 161 472 85 0 0 0 0 
0 0 9 464 491 9 26 25 0 40 231 633 61 6 7 46 225 211 434 67 29 6 5 47 
0 0 104 660 68 31 51 110 0 79 366 387 0 31 9 152 240 207 233 97 55 28 4 160 
0 22 203 769 3 7 5 15 0 134 794 67 2 6 4 17 335 502 138 17 6 3 5 18 
0 47 769 208 0 0 0 0 0 266 727 31 0 0 0 0 156 723 145 0 0 0 0 0 
0 87 849 88 0 0 0 0 0 416 605 3 0 0 0 0 320 675 29 0 0 0 0 0 
66 414 530 14 0 0 0 0 164 732 128 0 0 0 0 0 863 161 0 0 0 0 0 0 
0 91 173 113 198 201 208 40 7 177 124 140 222 172 165 17 161 145 130 220 148 168 52 0 
0 38 26 47 78 320 314 201 0 60 7 73 199 264 315 106 54 11 75 206 221 271 185 1 
0 34 30 55 118 406 358 23 16 48 24 74 276 371 212 3 64 32 89 284 351 201 3 0 
4 43 17 58 173 415 314 0 32 32 31 89 317 375 148 0 63 28 152 296 311 174 0 0 
2 62 0 71 244 300 332 13 53 11 37 131 260 271 261 0 64 5 170 245 228 256 56 0 
97 314 233 145 124 70 41 0 214 318 181 126 106 51 28 0 483 204 138 101 57 41 0 0 
42 689 273 20 0 0 0 0 241 694 88 1 0 0 0 0 874 145 5 0 0 0 0 0 
0 2 250 735 37 0 0 0 0 66 478 480 0 0 0 0 21 243 685 75 0 0 0 0 
0 0 223 793 8 0 0 0 0 10 579 435 0 0 0 0 10 308 698 8 0 0 0 0 
0 0 243 724 57 0 0 0 0 6 722 296 0 0 0 0 26 641 357 0 0 0 0 0 
0 9 100 118 32 53 501 211 0 56 116 68 27 59 134 564 36 117 79 38 54 117 123 460 
0 0 0 0 0 0 790 234 0 0 0 0 0 0 0 1024 0 0 0 0 0 0 98 926 
0 0 0 0 0 0 556 468 0 0 0 0 0 0 183 841 0 0 0 0 2 136 291 595 
0 0 0 0 0 0 525 499 0 0 0 0 0 0 245 779 0 0 0 0 0 198 262 564 
0 0 0 0 0 0 667 357 0 0 0 0 0 0 87 937 0 0 0 0 0 8 238 778 
17 110 102 292 43 94 203 163 59 89 228 153 63 90 158 184 134 148 231 48 101 124 96 142 
98 301 237 301 71 16 0 0 282 195 240 272 33 2 0 0 385 284 280 67 8 0 0 0 
0 1 165 697 161 0 0 0 0 40 237 744 3 0 0 0 1 167 682 174 0 0 0 0 
1 45 112 813 53 0 0 0 31 24 279 686 4 0 0 0 44 151 789 40 0 0 0 0 
3 528 431 55 7 0 0 0 232 703 62 27 0 0 0 0 926 63 35 0 0 0 0 0 
0 49 349 65 16 8 395 142 9 384 52 25 8 13 87 446 378 57 33 3 21 75 24 433 
0 0 0 0 0 0 1024 0 0 0 0 0 0 0 0 1024 0 0 0 0 0 0 0 1024 
0 0 0 0 0 0 964 60 0 0 0 0 0 0 0 1024 0 0 0 0 0 0 2 1022 
0 2 21 33 5 6 875 82 2 15 24 16 4 6 6 951 9 24 21 6 3 5 5 951 
0 0 0 3 3 9 902 107 0 0 0 3 3 0 17 1001 0 0 0 3 3 0 17 1001 
0 261 99 76 107 100 211 170 237 106 64 103 64 140 128 182 328 60 116 61 111 140 58 150 
133 399 141 298 46 7 0 0 487 106 342 63 26 0 0 0 547 292 139 46 0 0 0 0 
0 67 206 579 169 3 0 0 19 91 339 487 87 1 0 0 66 206 521 163 68 0 0 0 
10 124 125 88 92 459 126 0 43 167 102 64 98 531 19 0 191 100 66 69 331 267 0 0 
3 198 121 194 447 61 0 0 114 207 251 421 31 0 0 0 378 530 116 0 0 0 0 0 
0 1 124 101 411 207 104 76 0 137 191 401 141 69 17 68 190 397 251 68 38 10 17 53 
0 0 14 53 292 323 198 144 0 14 114 379 193 100 18 206 17 352 252 153 36 13 11 190 
0 0 13 64 283 393 97 174 0 15 90 450 252 31 37 149 58 452 271 48 34 50 52 59 
0 2 96 194 407 154 58 113 0 56 248 446 110 35 33 96 89 443 231 95 40 35 45 46 
2 102 177 184 246 89 103 121 40 165 318 180 92 27 12 190 218 303 186 94 21 5 36 161 
0 55 94 275 340 174 59 27 49 108 385 231 154 63 17 17 296 317 215 108 46 19 19 4 
14 136 130 415 287 41 1 0 144 163 455 235 26 1 0 0 473 401 136 13 1 0 0 0 
5 267 265 332 155 0 0 0 102 344 333 98 147 0 0 0 418 297 138 61 110 0 0 0 
1 52 222 444 287 17 1 0 26 231 502 248 16 1 0 0 362 538 117 5 2 0 0 0 
4 51 130 371 343 97 22 6 33 139 443 284 97 25 3 0 342 376 244 40 17 5 0 0 
8 8 120 261 344 152 90 41 10 138 331 267 148 79 38 13 227 374 197 114 54 46 9 3 
7 28 89 179 362 199 91 69 23 95 322 261 140 98 58 27 180 440 116 124 79 55 30 0 
0 3 72 198 432 237 75 7 6 76 353 363 185 38 3 0 237 458 262 57 10 0 0 0 
0 51 139 248 390 150 45 1 17 177 399 279 124 28 0 0 298 512 143 71 0 0 0 0 
0 142 240 299 223 95 21 4 5 369 388 167 78 15 2 0 347 496 143 33 5 0 0 0 
3 38 161 476 159 130 51 6 37 187 510 112 125 49 4 0 394 362 123 93 46 4 2 0 
10 64 220 449 166 83 30 2 51 255 468 135 76 31 8 0 396 395 132 57 31 12 1 0 
22 402 331 239 30 0 0 0 342 355 262 61 4 0 0 0 707 257 56 4 0 0 0 0 
0 399 220 192 154 53 6 0 213 393 199 143 63 13 0 0 640 155 161 50 18 0 0 0 
6 209 178 223 205 106 62 35 67 322 282 155 102 63 21 12 423 292 134 81 60 19 12 3 
6 103 377 163 144 85 59 87 46 396 242 96 88 44 70 42 420 261 107 82 46 60 30 18 
3 77 463 66 157 128 53 77 33 435 166 168 85 48 42 47 430 277 140 38 50 41 23 25 
3 82 428 95 183 104 74 55 15 477 148 186 76 65 41 16 446 303 130 75 30 38 2 0 
3 87 341 120 245 151 65 12 33 402 193 201 131 55 9 0 470 263 170 83 37 1 0 0 
0 107 536 99 122 109 41 10 55 586 134 98 104 37 6 4 644 194 92 70 18 6 0 0 
6 302 256 254 98 90 18 0 168 396 258 89 98 15 0 0 631 224 75 83 11 0 0 0 
10 348 260 233 86 83 4 0 307 324 215 83 90 5 0 0 649 211 66 84 14 0 0 0 
29 642 158 98 49 14 2 0 498 286 108 66 25 9 0 0 727 147 71 37 10 0 0 0 
0 407 371 34 86 57 30 7 210 561 30 73 66 40 10 2 754 44 70 60 50 11 3 0 
21 365 314 66 76 64 29 57 158 495 93 93 53 37 20 43 552 196 81 54 45 14 18 32 
15 129 559 40 77 47 47 78 55 585 105 67 43 18 37 82 546 181 77 32 21 30 27 78 
3 70 662 67 11 36 45 98 35 632 131 5 17 39 24 109 629 155 18 5 21 41 24 99 
3 80 631 90 52 58 31 47 13 652 137 71 33 31 21 34 639 185 61 25 22 30 14 16 
8 179 511 108 90 74 9 13 92 540 174 107 57 10 12 0 671 141 131 25 19 5 0 0 
0 122 644 113 30 48 19 16 58 631 182 32 52 19 14 4 711 164 52 39 20 6 0 0 
6 301 467 63 62 72 16 5 178 586 66 61 86 13 2 0 758 79 60 82 12 1 0 0 
10 425 372 101 40 43 1 0 371 430 102 47 42 0 0 0 780 134 41 34 3 0 0 0 
