954 70 0 0 0 0 0 0 1024 0 0 0 0 0 0 0 1024 0 0 0 0 0 0 0 
1011 13 0 0 0 0 0 0 1024 0 0 0 0 0 0 0 1024 0 0 0 0 0 0 0 
993 31 0 0 0 0 0 0 1024 0 0 0 0 0 0 0 1024 0 0 0 0 0 0 0 
1018 6 0 0 0 0 0 0 1024 0 0 0 0 0 0 0 1024 0 0 0 0 0 0 0 
1020 4 0 0 0 0 0 0 1024 0 0 0 0 0 0 0 1024 0 0 0 0 0 0 0 
1019 5 0 0 0 0 0 0 1024 0 0 0 0 0 0 0 1024 0 0 0 0 0 0 0 
1021 3 0 0 0 0 0 0 1024 0 0 0 0 0 0 0 1024 0 0 0 0 0 0 0 
1018 6 0 0 0 0 0 0 1024 0 0 0 0 0 0 0 1024 0 0 0 0 0 0 0 
1024 0 0 0 0 0 0 0 1024 0 0 0 0 0 0 0 1024 0 0 0 0 0 0 0 
1023 1 0 0 0 0 0 0 1024 0 0 0 0 0 0 0 1024 0 0 0 0 0 0 0 
1024 0 0 0 0 0 0 0 1024 0 0 0 0 0 0 0 1024 0 0 0 0 0 0 0 
1024 0 0 0 0 0 0 0 1024 0 0 0 0 0 0 0 1024 0 0 0 0 0 0 0 
1022 2 0 0 0 0 0 0 1024 0 0 0 0 0 0 0 1024 0 0 0 0 0 0 0 
1024 0 0 0 0 0 0 0 1024 0 0 0 0 0 0 0 1024 0 0 0 0 0 0 0 
1021 3 0 0 0 0 0 0 1024 0 0 0 0 0 0 0 1024 0 0 0 0 0 0 0 
1024 0 0 0 0 0 0 0 1024 0 0 0 0 0 0 0 1024 0 0 0 0 0 0 0 
1024 0 0 0 0 0 0 0 1024 0 0 0 0 0 0 0 1024 0 0 0 0 0 0 0 
1024 0 0 0 0 0 0 0 1024 0 0 0 0 0 0 0 1024 0 0 0 0 0 0 0 
1024 0 0 0 0 0 0 0 1024 0 0 0 0 0 0 0 1024 0 0 0 0 0 0 0 
1023 1 0 0 0 0 0 0 1024 0 0 0 0 0 0 0 1024 0 0 0 0 0 0 0 
1024 0 0 0 0 0 0 0 1024 0 0 0 0 0 0 0 1024 0 0 0 0 0 0 0 
1024 0 0 0 0 0 0 0 1024 0 0 0 0 0 0 0 1024 0 0 0 0 0 0 0 
1018 6 0 0 0 0 0 0 1024 0 0 0 0 0 0 0 1024 0 0 0 0 0 0 0 
1024 0 0 0 0 0 0 0 1024 0 0 0 0 0 0 0 1024 0 0 0 0 0 0 0 
1024 0 0 0 0 0 0 0 1024 0 0 0 0 0 0 0 1024 0 0 0 0 0 0 0 
1014 10 0 0 0 0 0 0 1024 0 0 0 0 0 0 0 1024 0 0 0 0 0 0 0 
1011 13 0 0 0 0 0 0 1024 0 0 0 0 0 0 0 1024 0 0 0 0 0 0 0 
1016 8 0 0 0 0 0 0 1024 0 0 0 0 0 0 0 1024 0 0 0 0 0 0 0 
981 43 0 0 0 0 0 0 1024 0 0 0 0 0 0 0 1024 0 0 0 0 0 0 0 
1023 1 0 0 0 0 0 0 1024 0 0 0 0 0 0 0 1024 0 0 0 0 0 0 0 
969 55 0 0 0 0 0 0 1024 0 0 0 0 0 0 0 1024 0 0 0 0 0 0 0 
929 63 0 0 0 0 0 0 992 0 0 0 0 0 0 0 992 0 0 0 0 0 0 0 
1019 5 0 0 0 0 0 0 1024 0 0 0 0 0 0 0 1024 0 0 0 0 0 0 0 
991 33 0 0 0 0 0 0 1023 1 0 0 0 0 0 0 1023 1 0 0 0 0 0 0 
996 28 0 0 0 0 0 0 1024 0 0 0 0 0 0 0 1024 0 0 0 0 0 0 0 
1018 6 0 0 0 0 0 0 1024 0 0 0 0 0 0 0 1024 0 0 0 0 0 0 0 
1024 0 0 0 0 0 0 0 1024 0 0 0 0 0 0 0 1024 0 0 0 0 0 0 0 
1024 0 0 0 0 0 0 0 1024 0 0 0 0 0 0 0 1024 0 0 0 0 0 0 0 
1017 7 0 0 0 0 0 0 1024 0 0 0 0 0 0 0 1024 0 0 0 0 0 0 0 
1023 1 0 0 0 0 0 0 1024 0 0 0 0 0 0 0 1024 0 0 0 0 0 0 0 
1024 0 0 0 0 0 0 0 1024 0 0 0 0 0 0 0 1024 0 0 0 0 0 0 0 
1020 4 0 0 0 0 0 0 1024 0 0 0 0 0 0 0 1024 0 0 0 0 0 0 0 
1024 0 0 0 0 0 0 0 1024 0 0 0 0 0 0 0 1024 0 0 0 0 0 0 0 
1024 0 0 0 0 0 0 0 1024 0 0 0 0 0 0 0 1024 0 0 0 0 0 0 0 
1024 0 0 0 0 0 0 0 1024 0 0 0 0 0 0 0 1024 0 0 0 0 0 0 0 
1015 9 0 0 0 0 0 0 1024 0 0 0 0 0 0 0 1024 0 0 0 0 0 0 0 
1024 0 0 0 0 0 0 0 1024 0 0 0 0 0 0 0 1024 0 0 0 0 0 0 0 
1016 8 0 0 0 0 0 0 1024 0 0 0 0 0 0 0 1024 0 0 0 0 0 0 0 
1024 0 0 0 0 0 0 0 1024 0 0 0 0 0 0 0 1024 0 0 0 0 0 0 0 
1024 0 0 0 0 0 0 0 1024 0 0 0 0 0 0 0 1024 0 0 0 0 0 0 0 
1024 0 0 0 0 0 0 0 1024 0 0 0 0 0 0 0 1024 0 0 0 0 0 0 0 
1024 0 0 0 0 0 0 0 1024 0 0 0 0 0 0 0 1024 0 0 0 0 0 0 0 
1024 0 0 0 0 0 0 0 1024 0 0 0 0 0 0 0 1024 0 0 0 0 0 0 0 
1016 8 0 0 0 0 0 0 1024 0 0 0 0 0 0 0 1024 0 0 0 0 0 0 0 
1004 20 0 0 0 0 0 0 1024 0 0 0 0 0 0 0 1024 0 0 0 0 0 0 0 
1013 11 0 0 0 0 0 0 1024 0 0 0 0 0 0 0 1024 0 0 0 0 0 0 0 
1016 8 0 0 0 0 0 0 1024 0 0 0 0 0 0 0 1024 0 0 0 0 0 0 0 
1006 18 0 0 0 0 0 0 1024 0 0 0 0 0 0 0 1024 0 0 0 0 0 0 0 
1005 19 0 0 0 0 0 0 1024 0 0 0 0 0 0 0 1024 0 0 0 0 0 0 0 
989 35 0 0 0 0 0 0 1024 0 0 0 0 0 0 0 1024 0 0 0 0 0 0 0 
898 98 28 0 0 0 0 0 1024 0 0 0 0 0 0 0 1024 0 0 0 0 0 0 0 
922 93 9 0 0 0 0 0 1024 0 0 0 0 0 0 0 1024 0 0 0 0 0 0 0 
882 142 0 0 0 0 0 0 1022 2 0 0 0 0 0 0 1024 0 0 0 0 0 0 0 
862 130 0 0 0 0 0 0 990 2 0 0 0 0 0 0 991 1 0 0 0 0 0 0 
992 32 0 0 0 0 0 0 1024 0 0 0 0 0 0 0 1024 0 0 0 0 0 0 0 
1000 24 0 0 0 0 0 0 1024 0 0 0 0 0 0 0 1024 0 0 0 0 0 0 0 
990 34 0 0 0 0 0 0 1024 0 0 0 0 0 0 0 1024 0 0 0 0 0 0 0 
1001 23 0 0 0 0 0 0 1024 0 0 0 0 0 0 0 1024 0 0 0 0 0 0 0 
1020 4 0 0 0 0 0 0 1024 0 0 0 0 0 0 0 1024 0 0 0 0 0 0 0 
1021 3 0 0 0 0 0 0 1024 0 0 0 0 0 0 0 1024 0 0 0 0 0 0 0 
1022 2 0 0 0 0 0 0 1024 0 0 0 0 0 0 0 1024 0 0 0 0 0 0 0 
1022 2 0 0 0 0 0 0 1024 0 0 0 0 0 0 0 1024 0 0 0 0 0 0 0 
1024 0 0 0 0 0 0 0 1024 0 0 0 0 0 0 0 1024 0 0 0 0 0 0 0 
1024 0 0 0 0 0 0 0 1024 0 0 0 0 0 0 0 1024 0 0 0 0 0 0 0 
1024 0 0 0 0 0 0 0 1024 0 0 0 0 0 0 0 1024 0 0 0 0 0 0 0 
1024 0 0 0 0 0 0 0 1024 0 0 0 0 0 0 0 1024 0 0 0 0 0 0 0 
1024 0 0 0 0 0 0 0 1024 0 0 0 0 0 0 0 1024 0 0 0 0 0 0 0 
1022 2 0 0 0 0 0 0 1024 0 0 0 0 0 0 0 1024 0 0 0 0 0 0 0 
1024 0 0 0 0 0 0 0 1024 0 0 0 0 0 0 0 1024 0 0 0 0 0 0 0 
1024 0 0 0 0 0 0 0 1024 0 0 0 0 0 0 0 1024 0 0 0 0 0 0 0 
1018 6 0 0 0 0 0 0 1024 0 0 0 0 0 0 0 1024 0 0 0 0 0 0 0 
1024 0 0 0 0 0 0 0 1024 0 0 0 0 0 0 0 1024 0 0 0 0 0 0 0 
1023 1 0 0 0 0 0 0 1024 0 0 0 0 0 0 0 1024 0 0 0 0 0 0 0 
1024 0 0 0 0 0 0 0 1024 0 0 0 0 0 0 0 1024 0 0 0 0 0 0 0 
1024 0 0 0 0 0 0 0 1024 0 0 0 0 0 0 0 1024 0 0 0 0 0 0 0 
1024 0 0 0 0 0 0 0 1024 0 0 0 0 0 0 0 1024 0 0 0 0 0 0 0 
1014 10 0 0 0 0 0 0 1024 0 0 0 0 0 0 0 1024 0 0 0 0 0 0 0 
1022 2 0 0 0 0 0 0 1023 1 0 0 0 0 0 0 1024 0 0 0 0 0 0 0 
1023 1 0 0 0 0 0 0 1024 0 0 0 0 0 0 0 1024 0 0 0 0 0 0 0 
1017 7 0 0 0 0 0 0 1024 0 0 0 0 0 0 0 1024 0 0 0 0 0 0 0 
1022 2 0 0 0 0 0 0 1024 0 0 0 0 0 0 0 1024 0 0 0 0 0 0 0 
1020 4 0 0 0 0 0 0 1024 0 0 0 0 0 0 0 1024 0 0 0 0 0 0 0 
957 67 0 0 0 0 0 0 1024 0 0 0 0 0 0 0 1024 0 0 0 0 0 0 0 
1007 17 0 0 0 0 0 0 1024 0 0 0 0 0 0 0 1024 0 0 0 0 0 0 0 
969 55 0 0 0 0 0 0 1024 0 0 0 0 0 0 0 1024 0 0 0 0 0 0 0 
941 51 0 0 0 0 0 0 992 0 0 0 0 0 0 0 992 0 0 0 0 0 0 0 
722 302 0 0 0 0 0 0 1024 0 0 0 0 0 0 0 1024 0 0 0 0 0 0 0 
903 121 0 0 0 0 0 0 1024 0 0 0 0 0 0 0 1024 0 0 0 0 0 0 0 
926 98 0 0 0 0 0 0 1024 0 0 0 0 0 0 0 1024 0 0 0 0 0 0 0 
971 53 0 0 0 0 0 0 1024 0 0 0 0 0 0 0 1024 0 0 0 0 0 0 0 
1014 10 0 0 0 0 0 0 1024 0 0 0 0 0 0 0 1024 0 0 0 0 0 0 0 
1012 12 0 0 0 0 0 0 1024 0 0 0 0 0 0 0 1024 0 0 0 0 0 0 0 
1023 1 0 0 0 0 0 0 1024 0 0 0 0 0 0 0 1024 0 0 0 0 0 0 0 
1023 1 0 0 0 0 0 0 1024 0 0 0 0 0 0 0 1024 0 0 0 0 0 0 0 
1005 13 4 2 0 0 0 0 1014 5 5 0 0 0 0 0 1022 2 0 0 0 0 0 0 
1019 3 2 0 0 0 0 0 1022 2 0 0 0 0 0 0 1022 2 0 0 0 0 0 0 
1024 0 0 0 0 0 0 0 1024 0 0 0 0 0 0 0 1024 0 0 0 0 0 0 0 
1024 0 0 0 0 0 0 0 1024 0 0 0 0 0 0 0 1024 0 0 0 0 0 0 0 
1024 0 0 0 0 0 0 0 1024 0 0 0 0 0 0 0 1024 0 0 0 0 0 0 0 
1024 0 0 0 0 0 0 0 1024 0 0 0 0 0 0 0 1024 0 0 0 0 0 0 0 
1024 0 0 0 0 0 0 0 1024 0 0 0 0 0 0 0 1024 0 0 0 0 0 0 0 
1016 8 0 0 0 0 0 0 1024 0 0 0 0 0 0 0 1024 0 0 0 0 0 0 0 
1024 0 0 0 0 0 0 0 1024 0 0 0 0 0 0 0 1024 0 0 0 0 0 0 0 
1023 1 0 0 0 0 0 0 1024 0 0 0 0 0 0 0 1024 0 0 0 0 0 0 0 
1024 0 0 0 0 0 0 0 1024 0 0 0 0 0 0 0 1024 0 0 0 0 0 0 0 
1024 0 0 0 0 0 0 0 1024 0 0 0 0 0 0 0 1024 0 0 0 0 0 0 0 
1020 4 0 0 0 0 0 0 1024 0 0 0 0 0 0 0 1024 0 0 0 0 0 0 0 
1024 0 0 0 0 0 0 0 1024 0 0 0 0 0 0 0 1024 0 0 0 0 0 0 0 
1024 0 0 0 0 0 0 0 1024 0 0 0 0 0 0 0 1024 0 0 0 0 0 0 0 
996 28 0 0 0 0 0 0 1024 0 0 0 0 0 0 0 1024 0 0 0 0 0 0 0 
725 109 53 37 23 20 17 40 870 46 22 21 17 14 11 23 898 33 20 22 12 9 8 22 
1013 11 0 0 0 0 0 0 1024 0 0 0 0 0 0 0 1024 0 0 0 0 0 0 0 
1015 9 0 0 0 0 0 0 1024 0 0 0 0 0 0 0 1024 0 0 0 0 0 0 0 
1024 0 0 0 0 0 0 0 1024 0 0 0 0 0 0 0 1024 0 0 0 0 0 0 0 
1016 8 0 0 0 0 0 0 1024 0 0 0 0 0 0 0 1024 0 0 0 0 0 0 0 
1023 1 0 0 0 0 0 0 1024 0 0 0 0 0 0 0 1024 0 0 0 0 0 0 0 
1016 8 0 0 0 0 0 0 1024 0 0 0 0 0 0 0 1024 0 0 0 0 0 0 0 
984 8 0 0 0 0 0 0 992 0 0 0 0 0 0 0 992 0 0 0 0 0 0 0 
571 452 1 0 0 0 0 0 1024 0 0 0 0 0 0 0 1024 0 0 0 0 0 0 0 
668 355 1 0 0 0 0 0 1023 1 0 0 0 0 0 0 1023 1 0 0 0 0 0 0 
631 361 32 0 0 0 0 0 1024 0 0 0 0 0 0 0 1024 0 0 0 0 0 0 0 
725 244 22 6 7 5 1 14 982 11 9 6 2 1 7 6 992 11 5 2 4 8 2 0 
647 377 0 0 0 0 0 0 1024 0 0 0 0 0 0 0 1024 0 0 0 0 0 0 0 
860 164 0 0 0 0 0 0 1024 0 0 0 0 0 0 0 1024 0 0 0 0 0 0 0 
1003 21 0 0 0 0 0 0 1024 0 0 0 0 0 0 0 1024 0 0 0 0 0 0 0 
1022 2 0 0 0 0 0 0 1024 0 0 0 0 0 0 0 1024 0 0 0 0 0 0 0 
986 18 8 7 2 2 1 0 1004 10 6 3 1 0 0 0 1010 5 6 2 1 0 0 0 
913 63 25 7 4 6 1 5 990 15 3 6 5 0 5 0 994 13 3 7 2 1 4 0 
1020 4 0 0 0 0 0 0 1024 0 0 0 0 0 0 0 1024 0 0 0 0 0 0 0 
1024 0 0 0 0 0 0 0 1024 0 0 0 0 0 0 0 1024 0 0 0 0 0 0 0 
1024 0 0 0 0 0 0 0 1024 0 0 0 0 0 0 0 1024 0 0 0 0 0 0 0 
1022 2 0 0 0 0 0 0 1024 0 0 0 0 0 0 0 1024 0 0 0 0 0 0 0 
1024 0 0 0 0 0 0 0 1024 0 0 0 0 0 0 0 1024 0 0 0 0 0 0 0 
890 60 35 12 14 5 2 6 962 21 21 8 6 2 3 1 974 24 13 2 5 3 2 1 
1024 0 0 0 0 0 0 0 1024 0 0 0 0 0 0 0 1024 0 0 0 0 0 0 0 
1024 0 0 0 0 0 0 0 1024 0 0 0 0 0 0 0 1024 0 0 0 0 0 0 0 
1024 0 0 0 0 0 0 0 1024 0 0 0 0 0 0 0 1024 0 0 0 0 0 0 0 
1024 0 0 0 0 0 0 0 1024 0 0 0 0 0 0 0 1024 0 0 0 0 0 0 0 
949 36 11 7 6 5 2 8 984 13 9 6 3 3 6 0 993 11 9 2 3 5 1 0 
1023 1 0 0 0 0 0 0 1023 1 0 0 0 0 0 0 1023 1 0 0 0 0 0 0 
967 44 7 4 2 0 0 0 1015 4 5 0 0 0 0 0 1008 9 4 3 0 0 0 0 
531 207 85 44 26 27 25 79 756 100 35 30 13 19 27 44 842 30 24 15 23 17 24 49 
1023 1 0 0 0 0 0 0 1024 0 0 0 0 0 0 0 1024 0 0 0 0 0 0 0 
1024 0 0 0 0 0 0 0 1024 0 0 0 0 0 0 0 1024 0 0 0 0 0 0 0 
1024 0 0 0 0 0 0 0 1024 0 0 0 0 0 0 0 1024 0 0 0 0 0 0 0 
1024 0 0 0 0 0 0 0 1024 0 0 0 0 0 0 0 1024 0 0 0 0 0 0 0 
1024 0 0 0 0 0 0 0 1024 0 0 0 0 0 0 0 1024 0 0 0 0 0 0 0 
1024 0 0 0 0 0 0 0 1023 1 0 0 0 0 0 0 1024 0 0 0 0 0 0 0 
1024 0 0 0 0 0 0 0 1023 1 0 0 0 0 0 0 1024 0 0 0 0 0 0 0 
992 0 0 0 0 0 0 0 992 0 0 0 0 0 0 0 992 0 0 0 0 0 0 0 
1020 4 0 0 0 0 0 0 1024 0 0 0 0 0 0 0 1024 0 0 0 0 0 0 0 
1024 0 0 0 0 0 0 0 1024 0 0 0 0 0 0 0 1024 0 0 0 0 0 0 0 
1024 0 0 0 0 0 0 0 1024 0 0 0 0 0 0 0 1024 0 0 0 0 0 0 0 
962 32 9 5 3 2 4 7 997 7 6 3 0 4 2 5 1003 6 2 2 3 3 5 0 
1024 0 0 0 0 0 0 0 1024 0 0 0 0 0 0 0 1024 0 0 0 0 0 0 0 
1024 0 0 0 0 0 0 0 1024 0 0 0 0 0 0 0 1024 0 0 0 0 0 0 0 
1024 0 0 0 0 0 0 0 1024 0 0 0 0 0 0 0 1024 0 0 0 0 0 0 0 
878 146 0 0 0 0 0 0 1024 0 0 0 0 0 0 0 1024 0 0 0 0 0 0 0 
681 343 0 0 0 0 0 0 1024 0 0 0 0 0 0 0 1024 0 0 0 0 0 0 0 
651 373 0 0 0 0 0 0 1024 0 0 0 0 0 0 0 1024 0 0 0 0 0 0 0 
644 380 0 0 0 0 0 0 1024 0 0 0 0 0 0 0 1024 0 0 0 0 0 0 0 
556 415 14 12 11 3 5 8 979 8 20 2 6 5 4 0 988 16 5 6 5 4 0 0 
563 461 0 0 0 0 0 0 1024 0 0 0 0 0 0 0 1024 0 0 0 0 0 0 0 
544 480 0 0 0 0 0 0 1024 0 0 0 0 0 0 0 1024 0 0 0 0 0 0 0 
558 466 0 0 0 0 0 0 1024 0 0 0 0 0 0 0 1024 0 0 0 0 0 0 0 
494 530 0 0 0 0 0 0 1024 0 0 0 0 0 0 0 1024 0 0 0 0 0 0 0 
501 523 0 0 0 0 0 0 1024 0 0 0 0 0 0 0 1024 0 0 0 0 0 0 0 
574 450 0 0 0 0 0 0 1024 0 0 0 0 0 0 0 1024 0 0 0 0 0 0 0 
456 567 1 0 0 0 0 0 1024 0 0 0 0 0 0 0 1024 0 0 0 0 0 0 0 
395 629 0 0 0 0 0 0 1024 0 0 0 0 0 0 0 1024 0 0 0 0 0 0 0 
242 704 28 6 6 5 9 24 969 6 12 3 3 12 13 6 965 6 12 6 8 12 9 6 
309 704 11 0 0 0 0 0 1024 0 0 0 0 0 0 0 1024 0 0 0 0 0 0 0 
317 703 4 0 0 0 0 0 1024 0 0 0 0 0 0 0 1024 0 0 0 0 0 0 0 
285 735 4 0 0 0 0 0 1022 2 0 0 0 0 0 0 1022 2 0 0 0 0 0 0 
464 560 0 0 0 0 0 0 1024 0 0 0 0 0 0 0 1024 0 0 0 0 0 0 0 
469 555 0 0 0 0 0 0 1024 0 0 0 0 0 0 0 1024 0 0 0 0 0 0 0 
777 247 0 0 0 0 0 0 1024 0 0 0 0 0 0 0 1024 0 0 0 0 0 0 0 
838 186 0 0 0 0 0 0 1024 0 0 0 0 0 0 0 1024 0 0 0 0 0 0 0 
903 121 0 0 0 0 0 0 1024 0 0 0 0 0 0 0 1024 0 0 0 0 0 0 0 
861 163 0 0 0 0 0 0 1024 0 0 0 0 0 0 0 1024 0 0 0 0 0 0 0 
959 65 0 0 0 0 0 0 1024 0 0 0 0 0 0 0 1024 0 0 0 0 0 0 0 
925 67 0 0 0 0 0 0 992 0 0 0 0 0 0 0 992 0 0 0 0 0 0 0 
1016 8 0 0 0 0 0 0 1024 0 0 0 0 0 0 0 1024 0 0 0 0 0 0 0 
1017 7 0 0 0 0 0 0 1024 0 0 0 0 0 0 0 1024 0 0 0 0 0 0 0 
1023 1 0 0 0 0 0 0 1024 0 0 0 0 0 0 0 1024 0 0 0 0 0 0 0 
1024 0 0 0 0 0 0 0 1024 0 0 0 0 0 0 0 1024 0 0 0 0 0 0 0 
1024 0 0 0 0 0 0 0 1024 0 0 0 0 0 0 0 1024 0 0 0 0 0 0 0 
1024 0 0 0 0 0 0 0 1024 0 0 0 0 0 0 0 1024 0 0 0 0 0 0 0 
1023 1 0 0 0 0 0 0 1024 0 0 0 0 0 0 0 1024 0 0 0 0 0 0 0 
415 609 0 0 0 0 0 0 1024 0 0 0 0 0 0 0 1024 0 0 0 0 0 0 0 
211 813 0 0 0 0 0 0 1024 0 0 0 0 0 0 0 1024 0 0 0 0 0 0 0 
64 956 4 0 0 0 0 0 1024 0 0 0 0 0 0 0 1024 0 0 0 0 0 0 0 
32 960 32 0 0 0 0 0 1024 0 0 0 0 0 0 0 1024 0 0 0 0 0 0 0 
1 723 300 0 0 0 0 0 1024 0 0 0 0 0 0 0 1024 0 0 0 0 0 0 0 
0 602 422 0 0 0 0 0 1024 0 0 0 0 0 0 0 1024 0 0 0 0 0 0 0 
0 743 281 0 0 0 0 0 1024 0 0 0 0 0 0 0 1024 0 0 0 0 0 0 0 
21 988 15 0 0 0 0 0 1024 0 0 0 0 0 0 0 1024 0 0 0 0 0 0 0 
21 1003 0 0 0 0 0 0 1024 0 0 0 0 0 0 0 1024 0 0 0 0 0 0 0 
116 908 0 0 0 0 0 0 1024 0 0 0 0 0 0 0 1024 0 0 0 0 0 0 0 
131 891 2 0 0 0 0 0 1024 0 0 0 0 0 0 0 1024 0 0 0 0 0 0 0 
0 951 73 0 0 0 0 0 1024 0 0 0 0 0 0 0 1024 0 0 0 0 0 0 0 
0 871 153 0 0 0 0 0 1024 0 0 0 0 0 0 0 1024 0 0 0 0 0 0 0 
0 411 613 0 0 0 0 0 1024 0 0 0 0 0 0 0 1024 0 0 0 0 0 0 0 
0 386 638 0 0 0 0 0 1024 0 0 0 0 0 0 0 1024 0 0 0 0 0 0 0 
0 490 520 14 0 0 0 0 1024 0 0 0 0 0 0 0 1024 0 0 0 0 0 0 0 
6 758 260 0 0 0 0 0 1024 0 0 0 0 0 0 0 1024 0 0 0 0 0 0 0 
90 919 15 0 0 0 0 0 1024 0 0 0 0 0 0 0 1024 0 0 0 0 0 0 0 
229 795 0 0 0 0 0 0 1024 0 0 0 0 0 0 0 1024 0 0 0 0 0 0 0 
633 391 0 0 0 0 0 0 1024 0 0 0 0 0 0 0 1024 0 0 0 0 0 0 0 
850 174 0 0 0 0 0 0 1024 0 0 0 0 0 0 0 1024 0 0 0 0 0 0 0 
905 119 0 0 0 0 0 0 1024 0 0 0 0 0 0 0 1024 0 0 0 0 0 0 0 
946 78 0 0 0 0 0 0 1024 0 0 0 0 0 0 0 1024 0 0 0 0 0 0 0 
918 106 0 0 0 0 0 0 1024 0 0 0 0 0 0 0 1024 0 0 0 0 0 0 0 
834 158 0 0 0 0 0 0 992 0 0 0 0 0 0 0 992 0 0 0 0 0 0 0 
1024 0 0 0 0 0 0 0 1024 0 0 0 0 0 0 0 1024 0 0 0 0 0 0 0 
1023 1 0 0 0 0 0 0 1023 1 0 0 0 0 0 0 1024 0 0 0 0 0 0 0 
1024 0 0 0 0 0 0 0 1024 0 0 0 0 0 0 0 1024 0 0 0 0 0 0 0 
1024 0 0 0 0 0 0 0 1024 0 0 0 0 0 0 0 1024 0 0 0 0 0 0 0 
1024 0 0 0 0 0 0 0 1024 0 0 0 0 0 0 0 1024 0 0 0 0 0 0 0 
1024 0 0 0 0 0 0 0 1024 0 0 0 0 0 0 0 1024 0 0 0 0 0 0 0 
1023 1 0 0 0 0 0 0 1024 0 0 0 0 0 0 0 1024 0 0 0 0 0 0 0 
458 566 0 0 0 0 0 0 1024 0 0 0 0 0 0 0 1024 0 0 0 0 0 0 0 
287 737 0 0 0 0 0 0 1024 0 0 0 0 0 0 0 1024 0 0 0 0 0 0 0 
80 935 9 0 0 0 0 0 1024 0 0 0 0 0 0 0 1024 0 0 0 0 0 0 0 
0 489 535 0 0 0 0 0 1024 0 0 0 0 0 0 0 1024 0 0 0 0 0 0 0 
0 41 879 104 0 0 0 0 1024 0 0 0 0 0 0 0 1024 0 0 0 0 0 0 0 
0 126 812 86 0 0 0 0 1024 0 0 0 0 0 0 0 1024 0 0 0 0 0 0 0 
0 213 777 34 0 0 0 0 1024 0 0 0 0 0 0 0 1024 0 0 0 0 0 0 0 
5 815 204 0 0 0 0 0 1024 0 0 0 0 0 0 0 1024 0 0 0 0 0 0 0 
0 845 179 0 0 0 0 0 1024 0 0 0 0 0 0 0 1024 0 0 0 0 0 0 0 
1 894 129 0 0 0 0 0 1024 0 0 0 0 0 0 0 1024 0 0 0 0 0 0 0 
3 891 130 0 0 0 0 0 1024 0 0 0 0 0 0 0 1024 0 0 0 0 0 0 0 
0 336 688 0 0 0 0 0 1024 0 0 0 0 0 0 0 1024 0 0 0 0 0 0 0 
0 206 784 34 0 0 0 0 1024 0 0 0 0 0 0 0 1024 0 0 0 0 0 0 0 
0 28 881 115 0 0 0 0 1024 0 0 0 0 0 0 0 1024 0 0 0 0 0 0 0 
0 83 896 45 0 0 0 0 1024 0 0 0 0 0 0 0 1024 0 0 0 0 0 0 0 
0 252 677 95 0 0 0 0 1024 0 0 0 0 0 0 0 1024 0 0 0 0 0 0 0 
0 373 595 56 0 0 0 0 1024 0 0 0 0 0 0 0 1024 0 0 0 0 0 0 0 
42 792 190 0 0 0 0 0 1024 0 0 0 0 0 0 0 1024 0 0 0 0 0 0 0 
197 822 5 0 0 0 0 0 1024 0 0 0 0 0 0 0 1024 0 0 0 0 0 0 0 
546 478 0 0 0 0 0 0 1024 0 0 0 0 0 0 0 1024 0 0 0 0 0 0 0 
614 410 0 0 0 0 0 0 1024 0 0 0 0 0 0 0 1024 0 0 0 0 0 0 0 
861 163 0 0 0 0 0 0 1024 0 0 0 0 0 0 0 1024 0 0 0 0 0 0 0 
865 159 0 0 0 0 0 0 1024 0 0 0 0 0 0 0 1024 0 0 0 0 0 0 0 
885 139 0 0 0 0 0 0 1024 0 0 0 0 0 0 0 1024 0 0 0 0 0 0 0 
847 145 0 0 0 0 0 0 992 0 0 0 0 0 0 0 992 0 0 0 0 0 0 0 
1015 9 0 0 0 0 0 0 1024 0 0 0 0 0 0 0 1024 0 0 0 0 0 0 0 
997 27 0 0 0 0 0 0 1024 0 0 0 0 0 0 0 1024 0 0 0 0 0 0 0 
1014 10 0 0 0 0 0 0 1024 0 0 0 0 0 0 0 1024 0 0 0 0 0 0 0 
1024 0 0 0 0 0 0 0 1024 0 0 0 0 0 0 0 1024 0 0 0 0 0 0 0 
1024 0 0 0 0 0 0 0 1024 0 0 0 0 0 0 0 1024 0 0 0 0 0 0 0 
1024 0 0 0 0 0 0 0 1024 0 0 0 0 0 0 0 1024 0 0 0 0 0 0 0 
959 65 0 0 0 0 0 0 1024 0 0 0 0 0 0 0 1024 0 0 0 0 0 0 0 
124 898 2 0 0 0 0 0 1024 0 0 0 0 0 0 0 1024 0 0 0 0 0 0 0 
146 816 62 0 0 0 0 0 1024 0 0 0 0 0 0 0 1024 0 0 0 0 0 0 0 
0 599 383 42 0 0 0 0 1024 0 0 0 0 0 0 0 1024 0 0 0 0 0 0 0 
0 23 429 433 139 0 0 0 1024 0 0 0 0 0 0 0 1024 0 0 0 0 0 0 0 
0 0 102 554 330 38 0 0 1024 0 0 0 0 0 0 0 1024 0 0 0 0 0 0 0 
0 2 271 463 243 45 0 0 1024 0 0 0 0 0 0 0 1024 0 0 0 0 0 0 0 
0 87 290 446 197 4 0 0 1024 0 0 0 0 0 0 0 1024 0 0 0 0 0 0 0 
0 324 643 57 0 0 0 0 1024 0 0 0 0 0 0 0 1024 0 0 0 0 0 0 0 
0 338 655 31 0 0 0 0 1024 0 0 0 0 0 0 0 1024 0 0 0 0 0 0 0 
0 334 690 0 0 0 0 0 1024 0 0 0 0 0 0 0 1024 0 0 0 0 0 0 0 
0 450 538 36 0 0 0 0 1024 0 0 0 0 0 0 0 1024 0 0 0 0 0 0 0 
0 65 715 244 0 0 0 0 1024 0 0 0 0 0 0 0 1024 0 0 0 0 0 0 0 
0 9 749 266 0 0 0 0 1024 0 0 0 0 0 0 0 1024 0 0 0 0 0 0 0 
0 0 324 603 97 0 0 0 1024 0 0 0 0 0 0 0 1024 0 0 0 0 0 0 0 
0 2 339 572 111 0 0 0 1024 0 0 0 0 0 0 0 1024 0 0 0 0 0 0 0 
0 243 606 175 0 0 0 0 1024 0 0 0 0 0 0 0 1024 0 0 0 0 0 0 0 
4 537 471 12 0 0 0 0 1024 0 0 0 0 0 0 0 1024 0 0 0 0 0 0 0 
17 860 147 0 0 0 0 0 1024 0 0 0 0 0 0 0 1024 0 0 0 0 0 0 0 
151 873 0 0 0 0 0 0 1024 0 0 0 0 0 0 0 1024 0 0 0 0 0 0 0 
459 564 1 0 0 0 0 0 1024 0 0 0 0 0 0 0 1024 0 0 0 0 0 0 0 
462 562 0 0 0 0 0 0 1024 0 0 0 0 0 0 0 1024 0 0 0 0 0 0 0 
851 173 0 0 0 0 0 0 1024 0 0 0 0 0 0 0 1024 0 0 0 0 0 0 0 
910 114 0 0 0 0 0 0 1024 0 0 0 0 0 0 0 1024 0 0 0 0 0 0 0 
768 256 0 0 0 0 0 0 1024 0 0 0 0 0 0 0 1024 0 0 0 0 0 0 0 
771 221 0 0 0 0 0 0 992 0 0 0 0 0 0 0 992 0 0 0 0 0 0 0 
939 85 0 0 0 0 0 0 1024 0 0 0 0 0 0 0 1024 0 0 0 0 0 0 0 
916 106 2 0 0 0 0 0 1024 0 0 0 0 0 0 0 1024 0 0 0 0 0 0 0 
927 48 20 8 8 4 4 5 1000 12 5 7 0 0 0 0 1013 11 0 0 0 0 0 0 
997 8 7 3 5 1 2 1 1013 7 2 2 0 0 0 0 1022 2 0 0 0 0 0 0 
1024 0 0 0 0 0 0 0 1024 0 0 0 0 0 0 0 1024 0 0 0 0 0 0 0 
1024 0 0 0 0 0 0 0 1024 0 0 0 0 0 0 0 1024 0 0 0 0 0 0 0 
763 253 8 0 0 0 0 0 1024 0 0 0 0 0 0 0 1024 0 0 0 0 0 0 0 
17 962 45 0 0 0 0 0 1024 0 0 0 0 0 0 0 1024 0 0 0 0 0 0 0 
29 602 341 51 1 0 0 0 1024 0 0 0 0 0 0 0 1024 0 0 0 0 0 0 0 
0 18 261 432 293 20 0 0 1024 0 0 0 0 0 0 0 1024 0 0 0 0 0 0 0 
0 0 0 13 387 557 67 0 1024 0 0 0 0 0 0 0 1024 0 0 0 0 0 0 0 
0 0 0 18 245 531 230 0 1024 0 0 0 0 0 0 0 1024 0 0 0 0 0 0 0 
0 0 0 35 249 444 240 56 1024 0 0 0 0 0 0 0 1024 0 0 0 0 0 0 0 
0 2 49 135 282 363 187 6 1024 0 0 0 0 0 0 0 1024 0 0 0 0 0 0 0 
0 18 247 514 204 41 0 0 1024 0 0 0 0 0 0 0 1024 0 0 0 0 0 0 0 
0 41 419 499 65 0 0 0 1024 0 0 0 0 0 0 0 1024 0 0 0 0 0 0 0 
0 10 490 498 26 0 0 0 1024 0 0 0 0 0 0 0 1024 0 0 0 0 0 0 0 
0 31 390 410 185 8 0 0 1024 0 0 0 0 0 0 0 1024 0 0 0 0 0 0 0 
0 0 71 358 439 155 1 0 1024 0 0 0 0 0 0 0 1024 0 0 0 0 0 0 0 
0 0 20 276 466 255 7 0 1024 0 0 0 0 0 0 0 1024 0 0 0 0 0 0 0 
0 0 0 93 333 333 239 26 1024 0 0 0 0 0 0 0 1024 0 0 0 0 0 0 0 
0 0 16 136 301 279 246 46 1024 0 0 0 0 0 0 0 1024 0 0 0 0 0 0 0 
0 81 552 295 91 5 0 0 1024 0 0 0 0 0 0 0 1024 0 0 0 0 0 0 0 
0 491 527 6 0 0 0 0 1024 0 0 0 0 0 0 0 1024 0 0 0 0 0 0 0 
31 833 160 0 0 0 0 0 1024 0 0 0 0 0 0 0 1024 0 0 0 0 0 0 0 
211 806 7 0 0 0 0 0 1024 0 0 0 0 0 0 0 1024 0 0 0 0 0 0 0 
497 527 0 0 0 0 0 0 1024 0 0 0 0 0 0 0 1024 0 0 0 0 0 0 0 
517 507 0 0 0 0 0 0 1024 0 0 0 0 0 0 0 1024 0 0 0 0 0 0 0 
877 147 0 0 0 0 0 0 1024 0 0 0 0 0 0 0 1024 0 0 0 0 0 0 0 
923 101 0 0 0 0 0 0 1024 0 0 0 0 0 0 0 1024 0 0 0 0 0 0 0 
771 253 0 0 0 0 0 0 1024 0 0 0 0 0 0 0 1024 0 0 0 0 0 0 0 
776 216 0 0 0 0 0 0 992 0 0 0 0 0 0 0 992 0 0 0 0 0 0 0 
274 183 90 46 34 42 37 318 610 45 24 29 35 34 31 216 745 41 44 17 30 36 30 81 
331 158 63 53 38 25 42 314 629 35 27 30 27 26 26 224 748 34 29 30 32 23 38 90 
571 71 29 21 29 20 29 254 711 21 21 14 21 30 37 169 780 56 37 33 27 38 39 14 
938 27 9 6 9 6 6 23 976 13 6 6 4 7 3 9 1002 7 6 6 3 0 0 0 
1024 0 0 0 0 0 0 0 1024 0 0 0 0 0 0 0 1024 0 0 0 0 0 0 0 
1024 0 0 0 0 0 0 0 1024 0 0 0 0 0 0 0 1024 0 0 0 0 0 0 0 
650 200 95 73 6 0 0 0 1024 0 0 0 0 0 0 0 1024 0 0 0 0 0 0 0 
20 806 198 0 0 0 0 0 1024 0 0 0 0 0 0 0 1024 0 0 0 0 0 0 0 
0 50 404 363 171 36 0 0 1024 0 0 0 0 0 0 0 1024 0 0 0 0 0 0 0 
0 0 0 76 476 472 0 0 1024 0 0 0 0 0 0 0 1024 0 0 0 0 0 0 0 
0 0 0 0 0 485 539 0 1024 0 0 0 0 0 0 0 1024 0 0 0 0 0 0 0 
0 0 0 0 89 265 577 93 1024 0 0 0 0 0 0 0 1024 0 0 0 0 0 0 0 
0 0 0 0 3 192 437 392 1007 17 0 0 0 0 0 0 1024 0 0 0 0 0 0 0 
0 0 0 11 105 204 355 349 1018 6 0 0 0 0 0 0 1024 0 0 0 0 0 0 0 
0 0 3 66 343 384 192 36 1024 0 0 0 0 0 0 0 1024 0 0 0 0 0 0 0 
0 0 9 118 390 370 133 4 1024 0 0 0 0 0 0 0 1024 0 0 0 0 0 0 0 
0 0 0 101 399 377 147 0 1024 0 0 0 0 0 0 0 1024 0 0 0 0 0 0 0 
0 0 0 47 285 402 264 26 1024 0 0 0 0 0 0 0 1024 0 0 0 0 0 0 0 
0 0 0 0 35 328 493 168 1024 0 0 0 0 0 0 0 1024 0 0 0 0 0 0 0 
0 0 0 0 0 239 629 156 1024 0 0 0 0 0 0 0 1024 0 0 0 0 0 0 0 
0 0 0 0 0 17 202 805 857 167 0 0 0 0 0 0 1024 0 0 0 0 0 0 0 
0 0 0 0 6 104 193 721 791 226 7 0 0 0 0 0 1024 0 0 0 0 0 0 0 
0 3 72 284 378 210 69 8 1024 0 0 0 0 0 0 0 1024 0 0 0 0 0 0 0 
0 205 471 327 21 0 0 0 1024 0 0 0 0 0 0 0 1024 0 0 0 0 0 0 0 
21 675 327 1 0 0 0 0 1024 0 0 0 0 0 0 0 1024 0 0 0 0 0 0 0 
191 812 21 0 0 0 0 0 1024 0 0 0 0 0 0 0 1024 0 0 0 0 0 0 0 
353 671 0 0 0 0 0 0 1024 0 0 0 0 0 0 0 1024 0 0 0 0 0 0 0 
522 501 1 0 0 0 0 0 1024 0 0 0 0 0 0 0 1024 0 0 0 0 0 0 0 
925 99 0 0 0 0 0 0 1024 0 0 0 0 0 0 0 1024 0 0 0 0 0 0 0 
958 66 0 0 0 0 0 0 1024 0 0 0 0 0 0 0 1024 0 0 0 0 0 0 0 
865 159 0 0 0 0 0 0 1024 0 0 0 0 0 0 0 1024 0 0 0 0 0 0 0 
852 140 0 0 0 0 0 0 992 0 0 0 0 0 0 0 992 0 0 0 0 0 0 0 
844 105 32 12 11 4 4 12 1008 5 7 2 2 0 0 0 1024 0 0 0 0 0 0 0 
647 132 27 17 16 14 16 155 861 20 30 25 19 26 17 26 952 29 22 21 0 0 0 0 
513 108 27 23 20 26 40 267 749 40 26 30 29 29 27 94 877 41 36 63 7 0 0 0 
446 174 29 43 25 32 37 238 774 36 30 35 25 28 29 67 886 38 41 53 6 0 0 0 
512 120 43 32 25 42 38 212 787 35 33 29 27 23 25 65 880 45 39 54 6 0 0 0 
507 134 39 33 30 26 44 211 779 46 26 31 27 26 24 65 883 44 48 45 4 0 0 0 
674 170 43 18 15 12 17 75 937 15 16 8 9 9 10 20 977 15 18 14 0 0 0 0 
83 538 352 51 0 0 0 0 1024 0 0 0 0 0 0 0 1024 0 0 0 0 0 0 0 
0 0 0 316 490 216 2 0 1024 0 0 0 0 0 0 0 1024 0 0 0 0 0 0 0 
0 0 0 0 274 735 15 0 1024 0 0 0 0 0 0 0 1024 0 0 0 0 0 0 0 
0 0 0 0 0 396 627 1 1024 0 0 0 0 0 0 0 1024 0 0 0 0 0 0 0 
0 0 0 0 38 212 430 344 1023 1 0 0 0 0 0 0 1024 0 0 0 0 0 0 0 
0 0 0 0 0 0 209 815 794 230 0 0 0 0 0 0 1024 0 0 0 0 0 0 0 
0 0 0 0 5 78 224 717 759 265 0 0 0 0 0 0 1024 0 0 0 0 0 0 0 
0 0 0 0 9 148 393 474 970 54 0 0 0 0 0 0 1024 0 0 0 0 0 0 0 
0 0 0 0 27 83 474 440 1021 3 0 0 0 0 0 0 1024 0 0 0 0 0 0 0 
0 0 0 0 0 64 407 553 1024 0 0 0 0 0 0 0 1024 0 0 0 0 0 0 0 
0 0 0 0 0 47 334 643 1024 0 0 0 0 0 0 0 1024 0 0 0 0 0 0 0 
0 0 0 0 0 0 271 753 1022 2 0 0 0 0 0 0 1024 0 0 0 0 0 0 0 
0 0 0 0 0 0 220 804 1020 4 0 0 0 0 0 0 1024 0 0 0 0 0 0 0 
0 0 0 0 0 0 0 1024 218 672 134 0 0 0 0 0 1017 7 0 0 0 0 0 0 
0 0 0 0 0 0 67 957 218 521 285 0 0 0 0 0 999 25 0 0 0 0 0 0 
0 0 0 46 156 328 288 206 984 40 0 0 0 0 0 0 1024 0 0 0 0 0 0 0 
0 0 164 373 333 148 6 0 1024 0 0 0 0 0 0 0 1024 0 0 0 0 0 0 0 
0 246 492 274 12 0 0 0 1024 0 0 0 0 0 0 0 1024 0 0 0 0 0 0 0 
91 710 223 0 0 0 0 0 1024 0 0 0 0 0 0 0 1024 0 0 0 0 0 0 0 
239 783 2 0 0 0 0 0 1024 0 0 0 0 0 0 0 1024 0 0 0 0 0 0 0 
476 543 5 0 0 0 0 0 1024 0 0 0 0 0 0 0 1024 0 0 0 0 0 0 0 
917 107 0 0 0 0 0 0 1024 0 0 0 0 0 0 0 1024 0 0 0 0 0 0 0 
981 43 0 0 0 0 0 0 1024 0 0 0 0 0 0 0 1024 0 0 0 0 0 0 0 
973 51 0 0 0 0 0 0 1024 0 0 0 0 0 0 0 1024 0 0 0 0 0 0 0 
928 64 0 0 0 0 0 0 992 0 0 0 0 0 0 0 992 0 0 0 0 0 0 0 
553 67 26 24 22 25 49 258 761 44 31 36 26 30 34 62 892 43 47 40 2 0 0 0 
709 81 26 16 20 14 21 137 884 19 12 14 11 9 15 60 931 19 20 41 13 0 0 0 
905 70 22 12 9 6 0 0 1024 0 0 0 0 0 0 0 1024 0 0 0 0 0 0 0 
1022 2 0 0 0 0 0 0 1024 0 0 0 0 0 0 0 1024 0 0 0 0 0 0 0 
1007 12 4 1 0 0 0 0 1020 4 0 0 0 0 0 0 1022 2 0 0 0 0 0 0 
1024 0 0 0 0 0 0 0 1024 0 0 0 0 0 0 0 1024 0 0 0 0 0 0 0 
916 108 0 0 0 0 0 0 1024 0 0 0 0 0 0 0 1024 0 0 0 0 0 0 0 
62 388 309 265 0 0 0 0 1024 0 0 0 0 0 0 0 1024 0 0 0 0 0 0 0 
0 0 0 57 689 278 0 0 1024 0 0 0 0 0 0 0 1024 0 0 0 0 0 0 0 
0 0 0 0 307 710 7 0 1024 0 0 0 0 0 0 0 1024 0 0 0 0 0 0 0 
0 0 0 0 18 493 513 0 1024 0 0 0 0 0 0 0 1024 0 0 0 0 0 0 0 
0 0 0 0 0 175 363 486 1023 1 0 0 0 0 0 0 1024 0 0 0 0 0 0 0 
0 0 0 0 0 0 0 1024 538 440 46 0 0 0 0 0 1024 0 0 0 0 0 0 0 
0 0 0 0 0 0 58 966 500 443 81 0 0 0 0 0 1017 7 0 0 0 0 0 0 
0 0 0 0 0 0 132 892 729 295 0 0 0 0 0 0 1024 0 0 0 0 0 0 0 
0 0 0 0 0 30 69 925 707 317 0 0 0 0 0 0 1024 0 0 0 0 0 0 0 
0 0 0 0 0 0 14 1010 710 314 0 0 0 0 0 0 1024 0 0 0 0 0 0 0 
0 0 0 0 0 0 75 949 809 215 0 0 0 0 0 0 1024 0 0 0 0 0 0 0 
0 0 0 0 0 0 59 965 805 219 0 0 0 0 0 0 1024 0 0 0 0 0 0 0 
0 0 0 0 0 0 12 1012 946 78 0 0 0 0 0 0 1024 0 0 0 0 0 0 0 
0 0 0 0 0 0 0 1024 11 538 475 0 0 0 0 0 974 50 0 0 0 0 0 0 
0 0 0 0 0 0 45 979 178 379 467 0 0 0 0 0 871 153 0 0 0 0 0 0 
0 0 0 0 85 153 310 476 865 159 0 0 0 0 0 0 1024 0 0 0 0 0 0 0 
0 0 0 150 351 306 217 0 1024 0 0 0 0 0 0 0 1024 0 0 0 0 0 0 0 
0 23 174 369 379 79 0 0 1024 0 0 0 0 0 0 0 1024 0 0 0 0 0 0 0 
2 306 520 196 0 0 0 0 1024 0 0 0 0 0 0 0 1024 0 0 0 0 0 0 0 
12 870 142 0 0 0 0 0 1024 0 0 0 0 0 0 0 1024 0 0 0 0 0 0 0 
391 632 1 0 0 0 0 0 1024 0 0 0 0 0 0 0 1024 0 0 0 0 0 0 0 
924 100 0 0 0 0 0 0 1024 0 0 0 0 0 0 0 1024 0 0 0 0 0 0 0 
1018 6 0 0 0 0 0 0 1024 0 0 0 0 0 0 0 1024 0 0 0 0 0 0 0 
1022 2 0 0 0 0 0 0 1024 0 0 0 0 0 0 0 1024 0 0 0 0 0 0 0 
992 0 0 0 0 0 0 0 992 0 0 0 0 0 0 0 992 0 0 0 0 0 0 0 
1023 1 0 0 0 0 0 0 1024 0 0 0 0 0 0 0 1024 0 0 0 0 0 0 0 
1023 1 0 0 0 0 0 0 1024 0 0 0 0 0 0 0 1024 0 0 0 0 0 0 0 
1023 1 0 0 0 0 0 0 1024 0 0 0 0 0 0 0 1024 0 0 0 0 0 0 0 
1024 0 0 0 0 0 0 0 1024 0 0 0 0 0 0 0 1024 0 0 0 0 0 0 0 
939 31 7 6 5 6 3 27 967 9 7 6 0 9 5 21 985 4 4 9 7 12 3 0 
1024 0 0 0 0 0 0 0 1024 0 0 0 0 0 0 0 1024 0 0 0 0 0 0 0 
911 113 0 0 0 0 0 0 1024 0 0 0 0 0 0 0 1024 0 0 0 0 0 0 0 
17 384 360 263 0 0 0 0 1024 0 0 0 0 0 0 0 1024 0 0 0 0 0 0 0 
0 0 0 137 747 140 0 0 1024 0 0 0 0 0 0 0 1024 0 0 0 0 0 0 0 
0 0 0 7 578 439 0 0 1024 0 0 0 0 0 0 0 1024 0 0 0 0 0 0 0 
0 0 0 0 64 740 220 0 1024 0 0 0 0 0 0 0 1024 0 0 0 0 0 0 0 
0 0 0 0 0 124 350 550 977 47 0 0 0 0 0 0 1024 0 0 0 0 0 0 0 
0 0 0 0 0 0 0 1024 438 474 112 0 0 0 0 0 1024 0 0 0 0 0 0 0 
0 0 0 0 0 0 0 1024 440 364 220 0 0 0 0 0 1022 2 0 0 0 0 0 0 
0 0 0 0 0 0 1 1023 526 498 0 0 0 0 0 0 1024 0 0 0 0 0 0 0 
0 0 0 0 0 0 103 921 546 478 0 0 0 0 0 0 1024 0 0 0 0 0 0 0 
0 0 0 0 0 0 0 1024 469 555 0 0 0 0 0 0 1024 0 0 0 0 0 0 0 
0 0 0 0 0 0 73 951 732 292 0 0 0 0 0 0 1024 0 0 0 0 0 0 0 
0 0 0 0 0 0 104 920 707 317 0 0 0 0 0 0 1024 0 0 0 0 0 0 0 
0 0 0 0 0 0 4 1020 757 267 0 0 0 0 0 0 1024 0 0 0 0 0 0 0 
0 0 0 0 0 0 0 1024 11 547 466 0 0 0 0 0 964 60 0 0 0 0 0 0 
0 0 0 0 0 0 63 961 198 390 436 0 0 0 0 0 863 161 0 0 0 0 0 0 
0 0 0 0 26 174 282 542 795 229 0 0 0 0 0 0 1024 0 0 0 0 0 0 0 
0 0 0 27 196 383 364 54 1024 0 0 0 0 0 0 0 1024 0 0 0 0 0 0 0 
0 0 9 170 321 500 24 0 1024 0 0 0 0 0 0 0 1024 0 0 0 0 0 0 0 
0 13 205 456 308 42 0 0 1024 0 0 0 0 0 0 0 1024 0 0 0 0 0 0 0 
7 199 624 189 5 0 0 0 1024 0 0 0 0 0 0 0 1024 0 0 0 0 0 0 0 
259 684 81 0 0 0 0 0 1024 0 0 0 0 0 0 0 1024 0 0 0 0 0 0 0 
939 85 0 0 0 0 0 0 1024 0 0 0 0 0 0 0 1024 0 0 0 0 0 0 0 
944 80 0 0 0 0 0 0 1024 0 0 0 0 0 0 0 1024 0 0 0 0 0 0 0 
1021 3 0 0 0 0 0 0 1024 0 0 0 0 0 0 0 1024 0 0 0 0 0 0 0 
989 3 0 0 0 0 0 0 992 0 0 0 0 0 0 0 992 0 0 0 0 0 0 0 
1021 3 0 0 0 0 0 0 1024 0 0 0 0 0 0 0 1024 0 0 0 0 0 0 0 
1024 0 0 0 0 0 0 0 1024 0 0 0 0 0 0 0 1024 0 0 0 0 0 0 0 
1024 0 0 0 0 0 0 0 1024 0 0 0 0 0 0 0 1024 0 0 0 0 0 0 0 
1024 0 0 0 0 0 0 0 1024 0 0 0 0 0 0 0 1024 0 0 0 0 0 0 0 
1024 0 0 0 0 0 0 0 1024 0 0 0 0 0 0 0 1024 0 0 0 0 0 0 0 
1012 12 0 0 0 0 0 0 1024 0 0 0 0 0 0 0 1024 0 0 0 0 0 0 0 
1017 7 0 0 0 0 0 0 1024 0 0 0 0 0 0 0 1024 0 0 0 0 0 0 0 
885 79 35 25 0 0 0 0 1024 0 0 0 0 0 0 0 1024 0 0 0 0 0 0 0 
697 118 39 77 88 5 0 0 1024 0 0 0 0 0 0 0 1024 0 0 0 0 0 0 0 
392 265 110 44 172 41 0 0 1024 0 0 0 0 0 0 0 1024 0 0 0 0 0 0 0 
68 378 196 97 46 199 40 0 1011 13 0 0 0 0 0 0 1024 0 0 0 0 0 0 0 
0 116 172 78 150 181 153 174 651 250 115 8 0 0 0 0 987 37 0 0 0 0 0 0 
0 0 126 90 31 91 282 404 204 417 158 245 0 0 0 0 744 258 22 0 0 0 0 0 
0 0 39 83 39 114 306 443 265 278 218 263 0 0 0 0 697 311 16 0 0 0 0 0 
0 0 0 58 122 253 72 519 311 368 328 17 0 0 0 0 938 86 0 0 0 0 0 0 
0 0 0 4 351 87 86 496 301 702 21 0 0 0 0 0 1024 0 0 0 0 0 0 0 
0 0 0 1 330 38 36 619 375 649 0 0 0 0 0 0 1024 0 0 0 0 0 0 0 
0 0 0 60 202 46 162 554 614 410 0 0 0 0 0 0 1024 0 0 0 0 0 0 0 
0 0 0 19 133 38 189 645 680 344 0 0 0 0 0 0 1024 0 0 0 0 0 0 0 
0 0 0 0 40 59 91 834 699 317 8 0 0 0 0 0 1019 5 0 0 0 0 0 0 
0 0 0 0 0 0 7 1017 72 806 146 0 0 0 0 0 1003 21 0 0 0 0 0 0 
0 0 0 0 0 35 91 898 326 402 296 0 0 0 0 0 980 44 0 0 0 0 0 0 
0 0 0 0 4 178 259 583 826 198 0 0 0 0 0 0 1024 0 0 0 0 0 0 0 
0 0 0 0 159 409 330 126 1024 0 0 0 0 0 0 0 1024 0 0 0 0 0 0 0 
0 0 0 5 255 403 361 0 1024 0 0 0 0 0 0 0 1024 0 0 0 0 0 0 0 
0 0 0 159 322 508 35 0 1024 0 0 0 0 0 0 0 1024 0 0 0 0 0 0 0 
0 0 163 531 293 37 0 0 1024 0 0 0 0 0 0 0 1024 0 0 0 0 0 0 0 
115 531 354 24 0 0 0 0 1024 0 0 0 0 0 0 0 1024 0 0 0 0 0 0 0 
698 326 0 0 0 0 0 0 1024 0 0 0 0 0 0 0 1024 0 0 0 0 0 0 0 
894 130 0 0 0 0 0 0 1024 0 0 0 0 0 0 0 1024 0 0 0 0 0 0 0 
1022 2 0 0 0 0 0 0 1024 0 0 0 0 0 0 0 1024 0 0 0 0 0 0 0 
990 2 0 0 0 0 0 0 992 0 0 0 0 0 0 0 992 0 0 0 0 0 0 0 
1023 1 0 0 0 0 0 0 1024 0 0 0 0 0 0 0 1024 0 0 0 0 0 0 0 
1024 0 0 0 0 0 0 0 1024 0 0 0 0 0 0 0 1024 0 0 0 0 0 0 0 
1011 13 0 0 0 0 0 0 1024 0 0 0 0 0 0 0 1024 0 0 0 0 0 0 0 
1020 4 0 0 0 0 0 0 1024 0 0 0 0 0 0 0 1024 0 0 0 0 0 0 0 
1023 1 0 0 0 0 0 0 1024 0 0 0 0 0 0 0 1024 0 0 0 0 0 0 0 
1020 4 0 0 0 0 0 0 1024 0 0 0 0 0 0 0 1024 0 0 0 0 0 0 0 
977 47 0 0 0 0 0 0 1024 0 0 0 0 0 0 0 1024 0 0 0 0 0 0 0 
910 114 0 0 0 0 0 0 1024 0 0 0 0 0 0 0 1024 0 0 0 0 0 0 0 
773 251 0 0 0 0 0 0 1024 0 0 0 0 0 0 0 1024 0 0 0 0 0 0 0 
518 261 124 98 23 0 0 0 1024 0 0 0 0 0 0 0 1024 0 0 0 0 0 0 0 
133 258 104 135 110 116 137 31 1019 5 0 0 0 0 0 0 1024 0 0 0 0 0 0 0 
0 129 225 60 127 143 168 172 840 184 0 0 0 0 0 0 1024 0 0 0 0 0 0 0 
0 1 222 206 52 93 145 305 458 566 0 0 0 0 0 0 1024 0 0 0 0 0 0 0 
0 0 40 484 20 23 106 351 197 821 6 0 0 0 0 0 1024 0 0 0 0 0 0 0 
32 13 196 457 41 21 40 224 218 783 23 0 0 0 0 0 1024 0 0 0 0 0 0 0 
0 0 252 449 42 22 27 232 150 832 42 0 0 0 0 0 1024 0 0 0 0 0 0 0 
0 0 404 356 91 15 25 133 210 802 12 0 0 0 0 0 1024 0 0 0 0 0 0 0 
0 2 493 360 94 25 13 37 203 821 0 0 0 0 0 0 1024 0 0 0 0 0 0 0 
0 70 385 347 222 0 0 0 256 768 0 0 0 0 0 0 1024 0 0 0 0 0 0 0 
0 47 565 52 228 132 0 0 227 675 122 0 0 0 0 0 1014 10 0 0 0 0 0 0 
0 137 381 34 86 216 164 6 277 356 264 127 0 0 0 0 802 220 2 0 0 0 0 0 
0 206 237 48 113 209 116 95 419 306 222 77 0 0 0 0 868 156 0 0 0 0 0 0 
0 149 158 81 336 130 70 100 384 512 128 0 0 0 0 0 1024 0 0 0 0 0 0 0 
0 6 171 163 362 173 119 30 492 359 173 0 0 0 0 0 974 50 0 0 0 0 0 0 
0 0 164 328 167 162 203 0 652 350 22 0 0 0 0 0 1024 0 0 0 0 0 0 0 
0 5 134 352 90 189 254 0 733 291 0 0 0 0 0 0 1024 0 0 0 0 0 0 0 
0 69 227 137 350 231 10 0 956 68 0 0 0 0 0 0 1024 0 0 0 0 0 0 0 
167 315 237 276 29 0 0 0 1024 0 0 0 0 0 0 0 1024 0 0 0 0 0 0 0 
505 459 60 0 0 0 0 0 1024 0 0 0 0 0 0 0 1024 0 0 0 0 0 0 0 
821 203 0 0 0 0 0 0 1024 0 0 0 0 0 0 0 1024 0 0 0 0 0 0 0 
1024 0 0 0 0 0 0 0 1024 0 0 0 0 0 0 0 1024 0 0 0 0 0 0 0 
991 1 0 0 0 0 0 0 992 0 0 0 0 0 0 0 992 0 0 0 0 0 0 0 
1023 1 0 0 0 0 0 0 1024 0 0 0 0 0 0 0 1024 0 0 0 0 0 0 0 
1024 0 0 0 0 0 0 0 1024 0 0 0 0 0 0 0 1024 0 0 0 0 0 0 0 
1024 0 0 0 0 0 0 0 1024 0 0 0 0 0 0 0 1024 0 0 0 0 0 0 0 
1023 1 0 0 0 0 0 0 1024 0 0 0 0 0 0 0 1024 0 0 0 0 0 0 0 
1022 2 0 0 0 0 0 0 1024 0 0 0 0 0 0 0 1024 0 0 0 0 0 0 0 
1024 0 0 0 0 0 0 0 1024 0 0 0 0 0 0 0 1024 0 0 0 0 0 0 0 
1024 0 0 0 0 0 0 0 1024 0 0 0 0 0 0 0 1024 0 0 0 0 0 0 0 
1024 0 0 0 0 0 0 0 1024 0 0 0 0 0 0 0 1024 0 0 0 0 0 0 0 
1017 7 0 0 0 0 0 0 1024 0 0 0 0 0 0 0 1024 0 0 0 0 0 0 0 
1018 6 0 0 0 0 0 0 1024 0 0 0 0 0 0 0 1024 0 0 0 0 0 0 0 
952 72 0 0 0 0 0 0 1024 0 0 0 0 0 0 0 1024 0 0 0 0 0 0 0 
948 51 17 8 0 0 0 0 1024 0 0 0 0 0 0 0 1024 0 0 0 0 0 0 0 
838 108 36 23 16 3 0 0 1024 0 0 0 0 0 0 0 1024 0 0 0 0 0 0 0 
627 168 33 32 37 71 56 0 1024 0 0 0 0 0 0 0 1024 0 0 0 0 0 0 0 
583 232 50 31 21 24 33 50 1003 21 0 0 0 0 0 0 1024 0 0 0 0 0 0 0 
336 179 42 31 36 50 127 223 871 153 0 0 0 0 0 0 1024 0 0 0 0 0 0 0 
228 158 50 37 23 43 228 257 869 155 0 0 0 0 0 0 1024 0 0 0 0 0 0 0 
149 150 42 31 32 101 236 283 907 117 0 0 0 0 0 0 1024 0 0 0 0 0 0 0 
70 157 38 48 48 212 267 184 939 85 0 0 0 0 0 0 1024 0 0 0 0 0 0 0 
13 105 124 78 127 312 233 32 910 114 0 0 0 0 0 0 1024 0 0 0 0 0 0 0 
1 44 255 83 219 154 259 9 884 140 0 0 0 0 0 0 1024 0 0 0 0 0 0 0 
0 107 277 140 152 241 107 0 878 146 0 0 0 0 0 0 1024 0 0 0 0 0 0 0 
0 5 255 321 128 192 107 16 556 354 114 0 0 0 0 0 1024 0 0 0 0 0 0 0 
0 0 14 215 436 136 145 78 359 97 494 74 0 0 0 0 931 93 0 0 0 0 0 0 
0 0 78 502 408 21 11 4 0 180 811 33 0 0 0 0 982 42 0 0 0 0 0 0 
0 0 72 237 715 0 0 0 16 92 527 389 0 0 0 0 788 236 0 0 0 0 0 0 
4 98 193 468 261 0 0 0 143 264 549 68 0 0 0 0 947 77 0 0 0 0 0 0 
437 410 163 14 0 0 0 0 825 199 0 0 0 0 0 0 1024 0 0 0 0 0 0 0 
1011 13 0 0 0 0 0 0 1024 0 0 0 0 0 0 0 1024 0 0 0 0 0 0 0 
1024 0 0 0 0 0 0 0 1022 2 0 0 0 0 0 0 1024 0 0 0 0 0 0 0 
1024 0 0 0 0 0 0 0 1024 0 0 0 0 0 0 0 1024 0 0 0 0 0 0 0 
992 0 0 0 0 0 0 0 992 0 0 0 0 0 0 0 992 0 0 0 0 0 0 0 
999 25 0 0 0 0 0 0 1024 0 0 0 0 0 0 0 1024 0 0 0 0 0 0 0 
1018 6 0 0 0 0 0 0 1024 0 0 0 0 0 0 0 1024 0 0 0 0 0 0 0 
971 53 0 0 0 0 0 0 1024 0 0 0 0 0 0 0 1024 0 0 0 0 0 0 0 
1011 13 0 0 0 0 0 0 1024 0 0 0 0 0 0 0 1024 0 0 0 0 0 0 0 
946 78 0 0 0 0 0 0 1024 0 0 0 0 0 0 0 1024 0 0 0 0 0 0 0 
877 147 0 0 0 0 0 0 1024 0 0 0 0 0 0 0 1024 0 0 0 0 0 0 0 
860 164 0 0 0 0 0 0 1024 0 0 0 0 0 0 0 1024 0 0 0 0 0 0 0 
864 160 0 0 0 0 0 0 1024 0 0 0 0 0 0 0 1024 0 0 0 0 0 0 0 
964 60 0 0 0 0 0 0 1024 0 0 0 0 0 0 0 1024 0 0 0 0 0 0 0 
976 48 0 0 0 0 0 0 1024 0 0 0 0 0 0 0 1024 0 0 0 0 0 0 0 
921 103 0 0 0 0 0 0 1024 0 0 0 0 0 0 0 1024 0 0 0 0 0 0 0 
890 131 3 0 0 0 0 0 1024 0 0 0 0 0 0 0 1024 0 0 0 0 0 0 0 
910 114 0 0 0 0 0 0 1024 0 0 0 0 0 0 0 1024 0 0 0 0 0 0 0 
1000 24 0 0 0 0 0 0 1024 0 0 0 0 0 0 0 1024 0 0 0 0 0 0 0 
1024 0 0 0 0 0 0 0 1024 0 0 0 0 0 0 0 1024 0 0 0 0 0 0 0 
1024 0 0 0 0 0 0 0 1024 0 0 0 0 0 0 0 1024 0 0 0 0 0 0 0 
1024 0 0 0 0 0 0 0 1024 0 0 0 0 0 0 0 1024 0 0 0 0 0 0 0 
1024 0 0 0 0 0 0 0 1024 0 0 0 0 0 0 0 1024 0 0 0 0 0 0 0 
1018 6 0 0 0 0 0 0 1024 0 0 0 0 0 0 0 1024 0 0 0 0 0 0 0 
990 34 0 0 0 0 0 0 1024 0 0 0 0 0 0 0 1024 0 0 0 0 0 0 0 
911 113 0 0 0 0 0 0 1024 0 0 0 0 0 0 0 1024 0 0 0 0 0 0 0 
880 120 24 0 0 0 0 0 1024 0 0 0 0 0 0 0 1024 0 0 0 0 0 0 0 
794 128 98 4 0 0 0 0 1024 0 0 0 0 0 0 0 1024 0 0 0 0 0 0 0 
467 297 155 34 28 43 0 0 1024 0 0 0 0 0 0 0 1024 0 0 0 0 0 0 0 
12 120 112 114 491 137 20 18 263 169 547 45 0 0 0 0 807 217 0 0 0 0 0 0 
0 5 71 91 816 41 0 0 78 83 818 45 0 0 0 0 714 309 1 0 0 0 0 0 
0 21 165 566 272 0 0 0 69 614 340 1 0 0 0 0 996 28 0 0 0 0 0 0 
325 436 253 10 0 0 0 0 917 107 0 0 0 0 0 0 1024 0 0 0 0 0 0 0 
1008 16 0 0 0 0 0 0 1024 0 0 0 0 0 0 0 1024 0 0 0 0 0 0 0 
1024 0 0 0 0 0 0 0 1024 0 0 0 0 0 0 0 1024 0 0 0 0 0 0 0 
1024 0 0 0 0 0 0 0 1024 0 0 0 0 0 0 0 1024 0 0 0 0 0 0 0 
992 0 0 0 0 0 0 0 992 0 0 0 0 0 0 0 992 0 0 0 0 0 0 0 
736 68 66 51 34 40 24 5 824 56 35 44 45 20 0 0 929 43 38 14 0 0 0 0 
716 90 66 52 60 28 11 1 817 55 49 74 19 10 0 0 922 73 19 9 1 0 0 0 
788 85 71 63 17 0 0 0 865 66 69 24 0 0 0 0 968 56 0 0 0 0 0 0 
827 119 64 14 0 0 0 0 919 78 27 0 0 0 0 0 1017 7 0 0 0 0 0 0 
973 51 0 0 0 0 0 0 1019 5 0 0 0 0 0 0 1024 0 0 0 0 0 0 0 
1019 5 0 0 0 0 0 0 1024 0 0 0 0 0 0 0 1024 0 0 0 0 0 0 0 
1021 3 0 0 0 0 0 0 1024 0 0 0 0 0 0 0 1024 0 0 0 0 0 0 0 
964 60 0 0 0 0 0 0 1024 0 0 0 0 0 0 0 1024 0 0 0 0 0 0 0 
878 146 0 0 0 0 0 0 1024 0 0 0 0 0 0 0 1024 0 0 0 0 0 0 0 
810 213 1 0 0 0 0 0 1024 0 0 0 0 0 0 0 1024 0 0 0 0 0 0 0 
823 201 0 0 0 0 0 0 1024 0 0 0 0 0 0 0 1024 0 0 0 0 0 0 0 
814 190 20 0 0 0 0 0 1018 6 0 0 0 0 0 0 1024 0 0 0 0 0 0 0 
786 145 93 0 0 0 0 0 1024 0 0 0 0 0 0 0 1024 0 0 0 0 0 0 0 
650 262 112 0 0 0 0 0 1024 0 0 0 0 0 0 0 1024 0 0 0 0 0 0 0 
613 268 137 6 0 0 0 0 1024 0 0 0 0 0 0 0 1024 0 0 0 0 0 0 0 
558 249 184 33 0 0 0 0 1024 0 0 0 0 0 0 0 1024 0 0 0 0 0 0 0 
537 245 173 69 0 0 0 0 1024 0 0 0 0 0 0 0 1024 0 0 0 0 0 0 0 
569 153 148 145 9 0 0 0 1019 5 0 0 0 0 0 0 1024 0 0 0 0 0 0 0 
670 128 118 108 0 0 0 0 1024 0 0 0 0 0 0 0 1024 0 0 0 0 0 0 0 
810 135 78 1 0 0 0 0 1024 0 0 0 0 0 0 0 1024 0 0 0 0 0 0 0 
977 46 1 0 0 0 0 0 1024 0 0 0 0 0 0 0 1024 0 0 0 0 0 0 0 
1024 0 0 0 0 0 0 0 1024 0 0 0 0 0 0 0 1024 0 0 0 0 0 0 0 
1017 7 0 0 0 0 0 0 1024 0 0 0 0 0 0 0 1024 0 0 0 0 0 0 0 
970 54 0 0 0 0 0 0 1024 0 0 0 0 0 0 0 1024 0 0 0 0 0 0 0 
838 151 35 0 0 0 0 0 1016 8 0 0 0 0 0 0 1024 0 0 0 0 0 0 0 
699 301 24 0 0 0 0 0 1017 7 0 0 0 0 0 0 1024 0 0 0 0 0 0 0 
817 185 22 0 0 0 0 0 1014 10 0 0 0 0 0 0 1024 0 0 0 0 0 0 0 
973 43 8 0 0 0 0 0 1020 4 0 0 0 0 0 0 1024 0 0 0 0 0 0 0 
1024 0 0 0 0 0 0 0 1024 0 0 0 0 0 0 0 1024 0 0 0 0 0 0 0 
1024 0 0 0 0 0 0 0 1024 0 0 0 0 0 0 0 1024 0 0 0 0 0 0 0 
1024 0 0 0 0 0 0 0 1024 0 0 0 0 0 0 0 1024 0 0 0 0 0 0 0 
992 0 0 0 0 0 0 0 992 0 0 0 0 0 0 0 992 0 0 0 0 0 0 0 
1012 12 0 0 0 0 0 0 1024 0 0 0 0 0 0 0 1024 0 0 0 0 0 0 0 
1021 3 0 0 0 0 0 0 1024 0 0 0 0 0 0 0 1024 0 0 0 0 0 0 0 
1024 0 0 0 0 0 0 0 1024 0 0 0 0 0 0 0 1024 0 0 0 0 0 0 0 
1017 7 0 0 0 0 0 0 1024 0 0 0 0 0 0 0 1024 0 0 0 0 0 0 0 
1024 0 0 0 0 0 0 0 1024 0 0 0 0 0 0 0 1024 0 0 0 0 0 0 0 
1015 9 0 0 0 0 0 0 1024 0 0 0 0 0 0 0 1024 0 0 0 0 0 0 0 
1024 0 0 0 0 0 0 0 1024 0 0 0 0 0 0 0 1024 0 0 0 0 0 0 0 
1024 0 0 0 0 0 0 0 1024 0 0 0 0 0 0 0 1024 0 0 0 0 0 0 0 
1024 0 0 0 0 0 0 0 1024 0 0 0 0 0 0 0 1024 0 0 0 0 0 0 0 
1024 0 0 0 0 0 0 0 1024 0 0 0 0 0 0 0 1024 0 0 0 0 0 0 0 
924 56 27 14 3 0 0 0 979 29 16 0 0 0 0 0 1010 14 0 0 0 0 0 0 
872 58 32 27 27 8 0 0 932 39 23 25 5 0 0 0 991 26 7 0 0 0 0 0 
1007 17 0 0 0 0 0 0 1024 0 0 0 0 0 0 0 1024 0 0 0 0 0 0 0 
1024 0 0 0 0 0 0 0 1024 0 0 0 0 0 0 0 1024 0 0 0 0 0 0 0 
1024 0 0 0 0 0 0 0 1024 0 0 0 0 0 0 0 1024 0 0 0 0 0 0 0 
1024 0 0 0 0 0 0 0 1024 0 0 0 0 0 0 0 1024 0 0 0 0 0 0 0 
1024 0 0 0 0 0 0 0 1024 0 0 0 0 0 0 0 1024 0 0 0 0 0 0 0 
1010 14 0 0 0 0 0 0 1024 0 0 0 0 0 0 0 1024 0 0 0 0 0 0 0 
915 40 44 25 0 0 0 0 1024 0 0 0 0 0 0 0 1024 0 0 0 0 0 0 0 
828 53 56 87 0 0 0 0 1024 0 0 0 0 0 0 0 1024 0 0 0 0 0 0 0 
748 118 92 66 0 0 0 0 1024 0 0 0 0 0 0 0 1024 0 0 0 0 0 0 0 
741 161 107 15 0 0 0 0 1024 0 0 0 0 0 0 0 1024 0 0 0 0 0 0 0 
792 148 84 0 0 0 0 0 1024 0 0 0 0 0 0 0 1024 0 0 0 0 0 0 0 
867 157 0 0 0 0 0 0 1024 0 0 0 0 0 0 0 1024 0 0 0 0 0 0 0 
973 51 0 0 0 0 0 0 1024 0 0 0 0 0 0 0 1024 0 0 0 0 0 0 0 
1020 4 0 0 0 0 0 0 1024 0 0 0 0 0 0 0 1024 0 0 0 0 0 0 0 
1024 0 0 0 0 0 0 0 1024 0 0 0 0 0 0 0 1024 0 0 0 0 0 0 0 
1024 0 0 0 0 0 0 0 1024 0 0 0 0 0 0 0 1024 0 0 0 0 0 0 0 
1024 0 0 0 0 0 0 0 1024 0 0 0 0 0 0 0 1024 0 0 0 0 0 0 0 
1024 0 0 0 0 0 0 0 1024 0 0 0 0 0 0 0 1024 0 0 0 0 0 0 0 
1022 2 0 0 0 0 0 0 1024 0 0 0 0 0 0 0 1024 0 0 0 0 0 0 0 
992 0 0 0 0 0 0 0 992 0 0 0 0 0 0 0 992 0 0 0 0 0 0 0 
1013 11 0 0 0 0 0 0 1024 0 0 0 0 0 0 0 1024 0 0 0 0 0 0 0 
1021 3 0 0 0 0 0 0 1024 0 0 0 0 0 0 0 1024 0 0 0 0 0 0 0 
1023 1 0 0 0 0 0 0 1024 0 0 0 0 0 0 0 1024 0 0 0 0 0 0 0 
1024 0 0 0 0 0 0 0 1024 0 0 0 0 0 0 0 1024 0 0 0 0 0 0 0 
1024 0 0 0 0 0 0 0 1024 0 0 0 0 0 0 0 1024 0 0 0 0 0 0 0 
1024 0 0 0 0 0 0 0 1024 0 0 0 0 0 0 0 1024 0 0 0 0 0 0 0 
1024 0 0 0 0 0 0 0 1024 0 0 0 0 0 0 0 1024 0 0 0 0 0 0 0 
1024 0 0 0 0 0 0 0 1024 0 0 0 0 0 0 0 1024 0 0 0 0 0 0 0 
1024 0 0 0 0 0 0 0 1024 0 0 0 0 0 0 0 1024 0 0 0 0 0 0 0 
1024 0 0 0 0 0 0 0 1024 0 0 0 0 0 0 0 1024 0 0 0 0 0 0 0 
1024 0 0 0 0 0 0 0 1024 0 0 0 0 0 0 0 1024 0 0 0 0 0 0 0 
1024 0 0 0 0 0 0 0 1024 0 0 0 0 0 0 0 1024 0 0 0 0 0 0 0 
1024 0 0 0 0 0 0 0 1024 0 0 0 0 0 0 0 1024 0 0 0 0 0 0 0 
1024 0 0 0 0 0 0 0 1024 0 0 0 0 0 0 0 1024 0 0 0 0 0 0 0 
1024 0 0 0 0 0 0 0 1024 0 0 0 0 0 0 0 1024 0 0 0 0 0 0 0 
1024 0 0 0 0 0 0 0 1024 0 0 0 0 0 0 0 1024 0 0 0 0 0 0 0 
1024 0 0 0 0 0 0 0 1024 0 0 0 0 0 0 0 1024 0 0 0 0 0 0 0 
1024 0 0 0 0 0 0 0 1024 0 0 0 0 0 0 0 1024 0 0 0 0 0 0 0 
1024 0 0 0 0 0 0 0 1024 0 0 0 0 0 0 0 1024 0 0 0 0 0 0 0 
1024 0 0 0 0 0 0 0 1024 0 0 0 0 0 0 0 1024 0 0 0 0 0 0 0 
1024 0 0 0 0 0 0 0 1024 0 0 0 0 0 0 0 1024 0 0 0 0 0 0 0 
987 37 0 0 0 0 0 0 1024 0 0 0 0 0 0 0 1024 0 0 0 0 0 0 0 
978 46 0 0 0 0 0 0 1024 0 0 0 0 0 0 0 1024 0 0 0 0 0 0 0 
1022 2 0 0 0 0 0 0 1024 0 0 0 0 0 0 0 1024 0 0 0 0 0 0 0 
1008 16 0 0 0 0 0 0 1024 0 0 0 0 0 0 0 1024 0 0 0 0 0 0 0 
1024 0 0 0 0 0 0 0 1024 0 0 0 0 0 0 0 1024 0 0 0 0 0 0 0 
1024 0 0 0 0 0 0 0 1024 0 0 0 0 0 0 0 1024 0 0 0 0 0 0 0 
1024 0 0 0 0 0 0 0 1024 0 0 0 0 0 0 0 1024 0 0 0 0 0 0 0 
1024 0 0 0 0 0 0 0 1024 0 0 0 0 0 0 0 1024 0 0 0 0 0 0 0 
1024 0 0 0 0 0 0 0 1024 0 0 0 0 0 0 0 1024 0 0 0 0 0 0 0 
1024 0 0 0 0 0 0 0 1024 0 0 0 0 0 0 0 1024 0 0 0 0 0 0 0 
992 0 0 0 0 0 0 0 992 0 0 0 0 0 0 0 992 0 0 0 0 0 0 0 
1008 16 0 0 0 0 0 0 1024 0 0 0 0 0 0 0 1024 0 0 0 0 0 0 0 
1017 7 0 0 0 0 0 0 1024 0 0 0 0 0 0 0 1024 0 0 0 0 0 0 0 
1021 3 0 0 0 0 0 0 1024 0 0 0 0 0 0 0 1023 1 0 0 0 0 0 0 
1017 7 0 0 0 0 0 0 1024 0 0 0 0 0 0 0 1024 0 0 0 0 0 0 0 
1024 0 0 0 0 0 0 0 1024 0 0 0 0 0 0 0 1024 0 0 0 0 0 0 0 
1024 0 0 0 0 0 0 0 1024 0 0 0 0 0 0 0 1024 0 0 0 0 0 0 0 
1023 1 0 0 0 0 0 0 1024 0 0 0 0 0 0 0 1024 0 0 0 0 0 0 0 
1024 0 0 0 0 0 0 0 1024 0 0 0 0 0 0 0 1024 0 0 0 0 0 0 0 
1024 0 0 0 0 0 0 0 1024 0 0 0 0 0 0 0 1024 0 0 0 0 0 0 0 
1024 0 0 0 0 0 0 0 1024 0 0 0 0 0 0 0 1024 0 0 0 0 0 0 0 
1024 0 0 0 0 0 0 0 1024 0 0 0 0 0 0 0 1024 0 0 0 0 0 0 0 
1024 0 0 0 0 0 0 0 1024 0 0 0 0 0 0 0 1024 0 0 0 0 0 0 0 
1020 4 0 0 0 0 0 0 1024 0 0 0 0 0 0 0 1024 0 0 0 0 0 0 0 
1009 15 0 0 0 0 0 0 1024 0 0 0 0 0 0 0 1024 0 0 0 0 0 0 0 
980 44 0 0 0 0 0 0 1024 0 0 0 0 0 0 0 1024 0 0 0 0 0 0 0 
978 46 0 0 0 0 0 0 1024 0 0 0 0 0 0 0 1024 0 0 0 0 0 0 0 
785 239 0 0 0 0 0 0 1024 0 0 0 0 0 0 0 1024 0 0 0 0 0 0 0 
736 278 10 0 0 0 0 0 1024 0 0 0 0 0 0 0 1024 0 0 0 0 0 0 0 
746 278 0 0 0 0 0 0 1024 0 0 0 0 0 0 0 1024 0 0 0 0 0 0 0 
987 37 0 0 0 0 0 0 1024 0 0 0 0 0 0 0 1024 0 0 0 0 0 0 0 
612 412 0 0 0 0 0 0 1024 0 0 0 0 0 0 0 1024 0 0 0 0 0 0 0 
823 201 0 0 0 0 0 0 1024 0 0 0 0 0 0 0 1024 0 0 0 0 0 0 0 
969 55 0 0 0 0 0 0 1024 0 0 0 0 0 0 0 1024 0 0 0 0 0 0 0 
1024 0 0 0 0 0 0 0 1024 0 0 0 0 0 0 0 1024 0 0 0 0 0 0 0 
1024 0 0 0 0 0 0 0 1024 0 0 0 0 0 0 0 1024 0 0 0 0 0 0 0 
1024 0 0 0 0 0 0 0 1024 0 0 0 0 0 0 0 1024 0 0 0 0 0 0 0 
1024 0 0 0 0 0 0 0 1024 0 0 0 0 0 0 0 1024 0 0 0 0 0 0 0 
1022 2 0 0 0 0 0 0 1024 0 0 0 0 0 0 0 1024 0 0 0 0 0 0 0 
1024 0 0 0 0 0 0 0 1024 0 0 0 0 0 0 0 1024 0 0 0 0 0 0 0 
1024 0 0 0 0 0 0 0 1024 0 0 0 0 0 0 0 1024 0 0 0 0 0 0 0 
1024 0 0 0 0 0 0 0 1024 0 0 0 0 0 0 0 1024 0 0 0 0 0 0 0 
992 0 0 0 0 0 0 0 992 0 0 0 0 0 0 0 992 0 0 0 0 0 0 0 
1007 17 0 0 0 0 0 0 1024 0 0 0 0 0 0 0 1024 0 0 0 0 0 0 0 
1007 17 0 0 0 0 0 0 1023 1 0 0 0 0 0 0 1023 1 0 0 0 0 0 0 
1005 19 0 0 0 0 0 0 1024 0 0 0 0 0 0 0 1024 0 0 0 0 0 0 0 
1022 2 0 0 0 0 0 0 1024 0 0 0 0 0 0 0 1024 0 0 0 0 0 0 0 
1024 0 0 0 0 0 0 0 1024 0 0 0 0 0 0 0 1024 0 0 0 0 0 0 0 
1024 0 0 0 0 0 0 0 1024 0 0 0 0 0 0 0 1024 0 0 0 0 0 0 0 
1024 0 0 0 0 0 0 0 1024 0 0 0 0 0 0 0 1024 0 0 0 0 0 0 0 
1024 0 0 0 0 0 0 0 1024 0 0 0 0 0 0 0 1024 0 0 0 0 0 0 0 
1024 0 0 0 0 0 0 0 1024 0 0 0 0 0 0 0 1024 0 0 0 0 0 0 0 
1016 8 0 0 0 0 0 0 1024 0 0 0 0 0 0 0 1024 0 0 0 0 0 0 0 
926 92 6 0 0 0 0 0 1024 0 0 0 0 0 0 0 1024 0 0 0 0 0 0 0 
904 120 0 0 0 0 0 0 1024 0 0 0 0 0 0 0 1024 0 0 0 0 0 0 0 
899 125 0 0 0 0 0 0 1024 0 0 0 0 0 0 0 1024 0 0 0 0 0 0 0 
850 174 0 0 0 0 0 0 1024 0 0 0 0 0 0 0 1024 0 0 0 0 0 0 0 
774 250 0 0 0 0 0 0 1024 0 0 0 0 0 0 0 1024 0 0 0 0 0 0 0 
886 138 0 0 0 0 0 0 1024 0 0 0 0 0 0 0 1024 0 0 0 0 0 0 0 
622 402 0 0 0 0 0 0 1024 0 0 0 0 0 0 0 1024 0 0 0 0 0 0 0 
842 182 0 0 0 0 0 0 1024 0 0 0 0 0 0 0 1024 0 0 0 0 0 0 0 
998 26 0 0 0 0 0 0 1024 0 0 0 0 0 0 0 1024 0 0 0 0 0 0 0 
1024 0 0 0 0 0 0 0 1024 0 0 0 0 0 0 0 1024 0 0 0 0 0 0 0 
1024 0 0 0 0 0 0 0 1024 0 0 0 0 0 0 0 1024 0 0 0 0 0 0 0 
1024 0 0 0 0 0 0 0 1024 0 0 0 0 0 0 0 1024 0 0 0 0 0 0 0 
1024 0 0 0 0 0 0 0 1024 0 0 0 0 0 0 0 1024 0 0 0 0 0 0 0 
1024 0 0 0 0 0 0 0 1024 0 0 0 0 0 0 0 1024 0 0 0 0 0 0 0 
1024 0 0 0 0 0 0 0 1024 0 0 0 0 0 0 0 1024 0 0 0 0 0 0 0 
1024 0 0 0 0 0 0 0 1024 0 0 0 0 0 0 0 1024 0 0 0 0 0 0 0 
1023 1 0 0 0 0 0 0 1024 0 0 0 0 0 0 0 1024 0 0 0 0 0 0 0 
1024 0 0 0 0 0 0 0 1024 0 0 0 0 0 0 0 1024 0 0 0 0 0 0 0 
1024 0 0 0 0 0 0 0 1024 0 0 0 0 0 0 0 1024 0 0 0 0 0 0 0 
1024 0 0 0 0 0 0 0 1024 0 0 0 0 0 0 0 1024 0 0 0 0 0 0 0 
1007 17 0 0 0 0 0 0 1024 0 0 0 0 0 0 0 1024 0 0 0 0 0 0 0 
992 0 0 0 0 0 0 0 992 0 0 0 0 0 0 0 992 0 0 0 0 0 0 0 
956 36 0 0 0 0 0 0 991 1 0 0 0 0 0 0 992 0 0 0 0 0 0 0 
966 26 0 0 0 0 0 0 992 0 0 0 0 0 0 0 991 1 0 0 0 0 0 0 
971 21 0 0 0 0 0 0 992 0 0 0 0 0 0 0 992 0 0 0 0 0 0 0 
979 13 0 0 0 0 0 0 992 0 0 0 0 0 0 0 992 0 0 0 0 0 0 0 
985 7 0 0 0 0 0 0 992 0 0 0 0 0 0 0 992 0 0 0 0 0 0 0 
992 0 0 0 0 0 0 0 992 0 0 0 0 0 0 0 992 0 0 0 0 0 0 0 
992 0 0 0 0 0 0 0 992 0 0 0 0 0 0 0 992 0 0 0 0 0 0 0 
992 0 0 0 0 0 0 0 992 0 0 0 0 0 0 0 992 0 0 0 0 0 0 0 
979 13 0 0 0 0 0 0 992 0 0 0 0 0 0 0 992 0 0 0 0 0 0 0 
984 8 0 0 0 0 0 0 992 0 0 0 0 0 0 0 992 0 0 0 0 0 0 0 
906 80 6 0 0 0 0 0 992 0 0 0 0 0 0 0 992 0 0 0 0 0 0 0 
872 120 0 0 0 0 0 0 992 0 0 0 0 0 0 0 992 0 0 0 0 0 0 0 
937 55 0 0 0 0 0 0 992 0 0 0 0 0 0 0 992 0 0 0 0 0 0 0 
904 88 0 0 0 0 0 0 992 0 0 0 0 0 0 0 992 0 0 0 0 0 0 0 
923 69 0 0 0 0 0 0 992 0 0 0 0 0 0 0 992 0 0 0 0 0 0 0 
979 13 0 0 0 0 0 0 992 0 0 0 0 0 0 0 992 0 0 0 0 0 0 0 
845 147 0 0 0 0 0 0 992 0 0 0 0 0 0 0 992 0 0 0 0 0 0 0 
976 16 0 0 0 0 0 0 992 0 0 0 0 0 0 0 992 0 0 0 0 0 0 0 
992 0 0 0 0 0 0 0 992 0 0 0 0 0 0 0 992 0 0 0 0 0 0 0 
992 0 0 0 0 0 0 0 992 0 0 0 0 0 0 0 992 0 0 0 0 0 0 0 
992 0 0 0 0 0 0 0 992 0 0 0 0 0 0 0 992 0 0 0 0 0 0 0 
992 0 0 0 0 0 0 0 992 0 0 0 0 0 0 0 992 0 0 0 0 0 0 0 
992 0 0 0 0 0 0 0 992 0 0 0 0 0 0 0 992 0 0 0 0 0 0 0 
992 0 0 0 0 0 0 0 992 0 0 0 0 0 0 0 992 0 0 0 0 0 0 0 
992 0 0 0 0 0 0 0 992 0 0 0 0 0 0 0 992 0 0 0 0 0 0 0 
991 1 0 0 0 0 0 0 992 0 0 0 0 0 0 0 992 0 0 0 0 0 0 0 
991 1 0 0 0 0 0 0 992 0 0 0 0 0 0 0 992 0 0 0 0 0 0 0 
992 0 0 0 0 0 0 0 992 0 0 0 0 0 0 0 992 0 0 0 0 0 0 0 
992 0 0 0 0 0 0 0 992 0 0 0 0 0 0 0 992 0 0 0 0 0 0 0 
991 1 0 0 0 0 0 0 992 0 0 0 0 0 0 0 992 0 0 0 0 0 0 0 
990 2 0 0 0 0 0 0 992 0 0 0 0 0 0 0 992 0 0 0 0 0 0 0 
961 0 0 0 0 0 0 0 961 0 0 0 0 0 0 0 961 0 0 0 0 0 0 0 
