847 140 17 5 10 5 0 0 913 83 6 2 7 6 7 0 847 146 5 3 4 2 7 10 
874 107 10 15 17 1 0 0 922 51 10 10 10 18 3 0 857 88 29 6 9 8 11 16 
1024 0 0 0 0 0 0 0 1024 0 0 0 0 0 0 0 1013 11 0 0 0 0 0 0 
1024 0 0 0 0 0 0 0 1024 0 0 0 0 0 0 0 1023 1 0 0 0 0 0 0 
967 57 0 0 0 0 0 0 1014 10 0 0 0 0 0 0 937 87 0 0 0 0 0 0 
1024 0 0 0 0 0 0 0 1024 0 0 0 0 0 0 0 970 54 0 0 0 0 0 0 
1015 2 2 2 1 1 0 1 1017 1 1 3 0 1 0 1 952 67 0 3 1 0 1 0 
1024 0 0 0 0 0 0 0 1024 0 0 0 0 0 0 0 1024 0 0 0 0 0 0 0 
77 449 136 114 122 46 14 66 94 459 203 162 33 15 18 40 74 225 575 87 24 17 10 12 
643 259 79 40 3 0 0 0 648 289 80 7 0 0 0 0 314 629 80 1 0 0 0 0 
1024 0 0 0 0 0 0 0 1024 0 0 0 0 0 0 0 564 460 0 0 0 0 0 0 
1024 0 0 0 0 0 0 0 1024 0 0 0 0 0 0 0 702 322 0 0 0 0 0 0 
992 32 0 0 0 0 0 0 1004 20 0 0 0 0 0 0 677 347 0 0 0 0 0 0 
379 110 47 68 188 194 38 0 433 100 234 204 8 9 17 19 171 536 257 7 4 8 15 26 
194 63 59 140 202 316 46 4 224 142 310 214 13 58 55 8 167 370 340 6 4 12 23 102 
759 29 21 99 29 62 25 0 780 105 27 11 19 82 0 0 746 147 14 6 12 31 34 34 
2 1022 0 0 0 0 0 0 0 1024 0 0 0 0 0 0 0 62 962 0 0 0 0 0 
295 729 0 0 0 0 0 0 223 801 0 0 0 0 0 0 0 830 194 0 0 0 0 0 
594 12 219 199 0 0 0 0 601 77 346 0 0 0 0 0 289 326 409 0 0 0 0 0 
760 25 162 77 0 0 0 0 760 98 166 0 0 0 0 0 354 438 232 0 0 0 0 0 
801 23 10 3 15 123 37 12 801 21 8 4 26 98 27 39 641 168 18 7 5 114 33 38 
0 0 0 0 34 522 398 70 0 0 0 0 20 415 280 309 0 0 0 0 7 245 473 299 
0 0 0 0 66 479 416 63 0 0 0 0 113 358 322 231 0 0 0 0 46 458 384 136 
416 0 0 1 172 412 21 2 416 0 0 28 406 144 16 14 354 62 0 5 47 468 66 22 
0 382 215 121 55 83 51 117 0 292 368 186 83 49 28 18 15 93 901 15 0 0 0 0 
36 633 131 150 38 9 7 20 42 682 243 31 5 7 8 6 11 410 597 6 0 0 0 0 
239 41 621 106 16 1 0 0 261 299 442 13 9 0 0 0 186 233 581 5 9 9 1 0 
525 98 392 9 0 0 0 0 532 257 235 0 0 0 0 0 350 315 359 0 0 0 0 0 
919 15 0 2 43 44 1 0 919 14 1 0 13 71 6 0 688 231 15 0 2 11 75 2 
345 181 9 9 29 257 143 51 272 127 110 35 16 271 118 75 151 130 83 83 74 20 189 294 
129 361 6 8 27 184 192 117 46 148 233 66 16 36 213 266 0 60 97 119 141 77 95 435 
677 9 4 10 188 125 11 0 667 15 7 12 107 156 50 10 407 262 17 1 9 51 213 64 
0 0 112 269 347 184 88 24 0 313 487 156 52 5 3 8 36 525 367 62 34 0 0 0 
0 0 64 245 215 281 124 95 0 237 348 288 98 18 17 18 70 485 364 65 38 2 0 0 
0 0 74 194 360 163 144 89 0 224 444 207 122 21 4 2 18 536 313 101 41 11 4 0 
48 28 83 223 384 184 66 8 57 216 573 131 41 4 2 0 63 501 384 47 20 7 0 2 
149 25 60 209 312 180 81 8 158 174 452 202 25 8 5 0 153 420 379 37 15 12 5 3 
116 119 37 227 278 131 75 41 101 144 518 182 29 27 18 5 67 303 394 84 66 57 19 34 
34 244 85 213 269 78 41 60 27 139 505 221 53 41 23 15 0 134 421 87 102 181 44 55 
432 22 61 213 239 39 9 9 441 109 369 71 14 8 6 6 343 199 373 57 30 7 6 9 
0 0 21 145 149 165 240 304 1 87 235 309 252 119 20 1 8 226 412 311 55 11 1 0 
0 0 0 110 326 163 51 374 0 43 466 104 207 182 22 0 2 262 363 310 87 0 0 0 
0 0 0 63 368 388 108 97 0 25 519 360 31 46 35 8 0 185 692 57 71 14 5 0 
0 0 2 41 209 407 238 127 2 12 337 537 126 10 0 0 2 121 765 125 10 1 0 0 
9 11 12 65 248 363 234 82 16 60 333 500 113 2 0 0 22 155 666 164 15 2 0 0 
0 0 1 9 250 290 341 133 0 7 298 509 184 26 0 0 0 89 625 282 26 2 0 0 
12 13 29 359 376 178 56 1 22 121 648 214 15 4 0 0 17 293 634 62 12 6 0 0 
0 0 0 273 576 138 36 1 0 31 805 172 16 0 0 0 0 274 696 49 5 0 0 0 
0 0 37 248 399 241 99 0 0 74 615 325 10 0 0 0 0 274 708 42 0 0 0 0 
0 0 1 92 191 350 342 48 0 8 270 657 89 0 0 0 6 101 822 95 0 0 0 0 
0 21 24 15 42 281 352 289 3 19 109 530 289 70 4 0 7 30 590 347 45 5 0 0 
0 0 0 52 143 41 246 542 0 21 180 201 338 190 94 0 0 121 242 426 227 8 0 0 
2 4 7 63 332 74 25 517 6 12 422 44 236 174 121 9 8 173 300 265 194 73 11 0 
0 0 0 52 550 301 15 106 0 0 680 225 33 78 8 0 0 163 738 49 61 11 2 0 
131 96 94 254 270 177 2 0 168 223 412 219 2 0 0 0 152 319 512 41 0 0 0 0 
12 53 106 720 108 25 0 0 49 566 385 24 0 0 0 0 55 849 117 3 0 0 0 0 
37 104 80 63 136 519 85 0 69 158 198 582 17 0 0 0 62 175 757 27 3 0 0 0 
0 0 1 309 326 351 37 0 0 10 633 381 0 0 0 0 0 299 724 1 0 0 0 0 
0 2 5 117 650 249 1 0 3 13 755 253 0 0 0 0 6 136 881 1 0 0 0 0 
0 0 0 151 304 338 231 0 0 0 431 586 7 0 0 0 0 87 900 37 0 0 0 0 
0 0 0 13 75 463 403 70 0 14 69 808 133 0 0 0 2 23 812 186 1 0 0 0 
0 71 145 50 182 351 172 53 0 84 351 493 94 2 0 0 0 73 741 187 23 0 0 0 
208 86 122 79 325 123 81 0 230 118 414 169 93 0 0 0 206 154 459 176 25 4 0 0 
298 502 64 73 18 56 13 0 308 505 137 59 15 0 0 0 218 222 94 182 308 0 0 0 
