827 192 5 0 0 0 0 0 966 58 0 0 0 0 0 0 948 76 0 0 0 0 0 0 
317 666 41 0 0 0 0 0 807 207 10 0 0 0 0 0 794 219 11 0 0 0 0 0 
9 945 61 6 1 2 0 0 718 288 11 5 2 0 0 0 721 288 9 4 2 0 0 0 
6 950 55 8 5 0 0 0 753 254 7 8 2 0 0 0 732 276 6 8 2 0 0 0 
2 947 75 0 0 0 0 0 684 340 0 0 0 0 0 0 666 358 0 0 0 0 0 0 
3 696 325 0 0 0 0 0 514 493 17 0 0 0 0 0 500 523 1 0 0 0 0 0 
0 719 286 19 0 0 0 0 475 469 80 0 0 0 0 0 453 540 31 0 0 0 0 0 
49 893 76 4 2 0 0 0 877 133 12 2 0 0 0 0 874 141 7 2 0 0 0 0 
188 502 334 0 0 0 0 0 510 513 1 0 0 0 0 0 471 553 0 0 0 0 0 0 
186 359 437 10 0 0 0 0 362 587 43 0 0 0 0 0 340 649 3 0 0 0 0 0 
88 205 180 15 18 17 178 323 225 236 23 13 22 54 451 0 230 242 18 21 23 490 0 0 
0 43 10 10 4 8 9 940 38 12 8 6 6 10 289 655 44 12 8 4 9 269 678 0 
0 73 11 7 5 8 11 909 67 14 8 7 7 7 369 545 76 10 7 8 7 369 547 0 
0 101 14 7 6 8 11 877 95 17 8 8 6 10 871 9 105 11 9 3 13 878 5 0 
0 128 12 9 9 2 9 855 85 53 8 9 5 6 469 389 94 50 8 8 5 333 526 0 
0 78 87 9 10 8 3 829 41 105 26 7 10 3 34 798 65 97 14 12 4 8 824 0 
0 62 135 8 7 6 10 796 35 90 76 7 8 10 18 780 64 118 25 7 7 9 794 0 
240 435 50 2 5 15 33 244 634 85 7 5 7 22 202 62 644 81 3 7 17 204 68 0 
251 506 175 35 18 15 9 15 720 207 38 18 15 11 10 5 643 299 38 13 10 13 8 0 
320 392 182 36 20 17 10 15 672 217 39 20 15 13 11 5 628 276 39 15 10 16 8 0 
6 197 167 155 9 13 61 416 159 152 207 10 14 16 426 40 171 202 153 11 12 412 61 2 
0 0 0 0 0 0 0 1024 0 0 0 0 0 0 13 1011 0 0 0 0 0 0 1024 0 
0 0 0 0 0 0 0 1024 0 0 0 0 0 0 0 1024 0 0 0 0 0 0 1024 0 
0 0 0 0 0 0 0 1024 0 0 0 0 0 0 259 765 0 0 0 0 0 631 393 0 
0 0 0 0 0 0 0 1024 0 0 0 0 0 0 0 1024 0 0 0 0 0 8 1016 0 
0 0 0 0 0 0 0 1024 0 0 0 0 0 0 0 1024 0 0 0 0 0 0 1024 0 
0 0 0 0 0 0 0 1024 0 0 0 0 0 0 0 1024 0 0 0 0 0 0 1024 0 
33 583 39 9 6 2 16 336 445 200 15 7 5 8 158 186 275 382 9 6 6 154 192 0 
0 504 507 3 4 2 2 2 337 673 4 4 2 2 0 2 133 877 4 4 2 2 0 2 
0 525 454 3 4 2 2 2 380 598 4 4 2 2 0 2 182 796 4 4 2 2 0 2 
13 175 244 178 7 11 14 382 148 218 240 8 8 12 291 99 161 267 182 6 13 270 125 0 
0 0 0 0 0 0 0 1024 0 0 0 0 0 0 0 1024 0 0 0 0 0 6 1018 0 
0 0 0 0 0 0 0 1024 0 0 0 0 0 0 58 966 0 0 0 0 0 88 936 0 
0 0 0 0 0 0 0 1024 0 0 0 0 0 0 848 176 0 0 0 0 0 947 77 0 
0 0 0 0 0 0 0 1024 0 0 0 0 0 0 416 608 0 0 0 0 0 526 498 0 
0 0 0 0 0 0 0 1024 0 0 0 0 0 0 0 1024 0 0 0 0 0 0 1024 0 
0 0 0 0 0 0 0 1024 0 0 0 0 0 0 0 1024 0 0 0 0 0 0 1024 0 
3 641 37 10 7 6 12 308 420 257 9 7 8 8 131 184 290 392 10 7 8 210 107 0 
1 741 282 0 0 0 0 0 606 418 0 0 0 0 0 0 460 564 0 0 0 0 0 0 
1 796 195 0 0 0 0 0 664 328 0 0 0 0 0 0 510 482 0 0 0 0 0 0 
143 190 341 13 8 9 115 205 260 362 58 10 11 24 296 3 253 409 25 10 10 317 0 0 
0 6 8 5 7 11 12 975 0 9 7 7 8 12 442 539 4 10 6 9 11 439 545 0 
0 66 11 9 10 7 20 901 34 37 10 8 8 10 572 345 58 15 12 9 8 621 301 0 
51 84 10 11 8 10 160 690 119 19 13 9 8 14 842 0 132 12 12 9 11 848 0 0 
34 154 17 6 8 11 21 773 152 49 7 5 11 12 759 29 187 18 6 9 14 778 12 0 
0 235 12 11 10 6 11 739 160 81 12 11 6 7 165 582 206 42 12 8 8 230 518 0 
18 259 20 7 9 9 11 691 219 71 11 7 8 13 118 577 273 24 9 9 10 137 562 0 
347 458 1 13 11 5 34 155 789 16 10 11 6 6 186 0 805 4 12 10 5 188 0 0 
393 631 0 0 0 0 0 0 1024 0 0 0 0 0 0 0 1024 0 0 0 0 0 0 0 
429 563 0 0 0 0 0 0 992 0 0 0 0 0 0 0 992 0 0 0 0 0 0 0 
475 513 19 8 9 0 0 0 954 52 6 10 2 0 0 0 926 80 7 9 2 0 0 0 
660 356 6 2 0 0 0 0 997 22 5 0 0 0 0 0 998 21 5 0 0 0 0 0 
548 475 1 0 0 0 0 0 994 30 0 0 0 0 0 0 995 29 0 0 0 0 0 0 
637 268 119 0 0 0 0 0 851 173 0 0 0 0 0 0 851 173 0 0 0 0 0 0 
469 293 262 0 0 0 0 0 692 332 0 0 0 0 0 0 637 387 0 0 0 0 0 0 
260 402 362 0 0 0 0 0 581 443 0 0 0 0 0 0 522 502 0 0 0 0 0 0 
280 442 302 0 0 0 0 0 512 512 0 0 0 0 0 0 504 520 0 0 0 0 0 0 
493 427 104 0 0 0 0 0 899 125 0 0 0 0 0 0 870 154 0 0 0 0 0 0 
861 163 0 0 0 0 0 0 1024 0 0 0 0 0 0 0 1024 0 0 0 0 0 0 0 
871 121 0 0 0 0 0 0 992 0 0 0 0 0 0 0 992 0 0 0 0 0 0 0 
516 291 175 38 4 0 0 0 1022 2 0 0 0 0 0 0 1022 2 0 0 0 0 0 0 
183 608 131 87 15 0 0 0 1023 1 0 0 0 0 0 0 1007 17 0 0 0 0 0 0 
184 426 347 66 1 0 0 0 733 291 0 0 0 0 0 0 707 317 0 0 0 0 0 0 
0 0 515 450 59 0 0 0 726 298 0 0 0 0 0 0 726 298 0 0 0 0 0 0 
0 46 368 600 10 0 0 0 793 231 0 0 0 0 0 0 815 209 0 0 0 0 0 0 
0 138 320 566 0 0 0 0 894 126 4 0 0 0 0 0 902 122 0 0 0 0 0 0 
0 248 296 480 0 0 0 0 990 34 0 0 0 0 0 0 1011 13 0 0 0 0 0 0 
18 325 282 399 0 0 0 0 1024 0 0 0 0 0 0 0 1024 0 0 0 0 0 0 0 
73 382 232 337 0 0 0 0 1024 0 0 0 0 0 0 0 1024 0 0 0 0 0 0 0 
93 365 230 304 0 0 0 0 992 0 0 0 0 0 0 0 992 0 0 0 0 0 0 0 
431 188 207 184 14 0 0 0 1024 0 0 0 0 0 0 0 1024 0 0 0 0 0 0 0 
360 326 179 105 54 0 0 0 924 100 0 0 0 0 0 0 932 92 0 0 0 0 0 0 
223 413 351 33 4 0 0 0 664 360 0 0 0 0 0 0 685 339 0 0 0 0 0 0 
287 411 231 91 4 0 0 0 993 31 0 0 0 0 0 0 994 30 0 0 0 0 0 0 
66 436 344 174 4 0 0 0 1024 0 0 0 0 0 0 0 1024 0 0 0 0 0 0 0 
49 341 367 265 2 0 0 0 1024 0 0 0 0 0 0 0 1024 0 0 0 0 0 0 0 
13 307 483 221 0 0 0 0 1024 0 0 0 0 0 0 0 1024 0 0 0 0 0 0 0 
2 277 646 99 0 0 0 0 1024 0 0 0 0 0 0 0 1024 0 0 0 0 0 0 0 
96 302 581 45 0 0 0 0 1024 0 0 0 0 0 0 0 1024 0 0 0 0 0 0 0 
116 288 546 42 0 0 0 0 992 0 0 0 0 0 0 0 992 0 0 0 0 0 0 0 
28 209 288 259 234 6 0 0 1011 13 0 0 0 0 0 0 1022 2 0 0 0 0 0 0 
166 302 425 86 38 7 0 0 758 266 0 0 0 0 0 0 771 253 0 0 0 0 0 0 
339 199 486 0 0 0 0 0 502 522 0 0 0 0 0 0 511 513 0 0 0 0 0 0 
393 287 199 95 50 0 0 0 987 37 0 0 0 0 0 0 1002 22 0 0 0 0 0 0 
342 278 234 170 0 0 0 0 1024 0 0 0 0 0 0 0 1024 0 0 0 0 0 0 0 
393 218 251 162 0 0 0 0 1024 0 0 0 0 0 0 0 1024 0 0 0 0 0 0 0 
347 283 282 112 0 0 0 0 1024 0 0 0 0 0 0 0 1024 0 0 0 0 0 0 0 
489 292 223 20 0 0 0 0 1024 0 0 0 0 0 0 0 1024 0 0 0 0 0 0 0 
468 382 174 0 0 0 0 0 1024 0 0 0 0 0 0 0 1024 0 0 0 0 0 0 0 
469 358 165 0 0 0 0 0 992 0 0 0 0 0 0 0 992 0 0 0 0 0 0 0 
539 222 154 103 6 0 0 0 1024 0 0 0 0 0 0 0 1024 0 0 0 0 0 0 0 
434 305 80 88 117 0 0 0 974 50 0 0 0 0 0 0 983 41 0 0 0 0 0 0 
228 777 19 0 0 0 0 0 896 128 0 0 0 0 0 0 945 79 0 0 0 0 0 0 
293 721 10 0 0 0 0 0 1024 0 0 0 0 0 0 0 1020 4 0 0 0 0 0 0 
523 322 126 52 1 0 0 0 1024 0 0 0 0 0 0 0 1024 0 0 0 0 0 0 0 
533 130 198 159 4 0 0 0 1024 0 0 0 0 0 0 0 1024 0 0 0 0 0 0 0 
894 36 25 69 0 0 0 0 1024 0 0 0 0 0 0 0 1024 0 0 0 0 0 0 0 
594 334 96 0 0 0 0 0 1024 0 0 0 0 0 0 0 1024 0 0 0 0 0 0 0 
986 38 0 0 0 0 0 0 1024 0 0 0 0 0 0 0 1024 0 0 0 0 0 0 0 
978 14 0 0 0 0 0 0 992 0 0 0 0 0 0 0 992 0 0 0 0 0 0 0 
