1024 0 0 0 0 0 0 0 1024 0 0 0 0 0 0 0 1024 0 0 0 0 0 0 0 
1024 0 0 0 0 0 0 0 1024 0 0 0 0 0 0 0 1024 0 0 0 0 0 0 0 
1024 0 0 0 0 0 0 0 1024 0 0 0 0 0 0 0 1024 0 0 0 0 0 0 0 
1024 0 0 0 0 0 0 0 1024 0 0 0 0 0 0 0 1024 0 0 0 0 0 0 0 
1024 0 0 0 0 0 0 0 1024 0 0 0 0 0 0 0 1024 0 0 0 0 0 0 0 
1024 0 0 0 0 0 0 0 1024 0 0 0 0 0 0 0 1024 0 0 0 0 0 0 0 
1024 0 0 0 0 0 0 0 1024 0 0 0 0 0 0 0 1024 0 0 0 0 0 0 0 
1024 0 0 0 0 0 0 0 1024 0 0 0 0 0 0 0 1024 0 0 0 0 0 0 0 
1024 0 0 0 0 0 0 0 1024 0 0 0 0 0 0 0 1024 0 0 0 0 0 0 0 
1024 0 0 0 0 0 0 0 1024 0 0 0 0 0 0 0 1024 0 0 0 0 0 0 0 
1024 0 0 0 0 0 0 0 1024 0 0 0 0 0 0 0 1024 0 0 0 0 0 0 0 
1024 0 0 0 0 0 0 0 1024 0 0 0 0 0 0 0 1024 0 0 0 0 0 0 0 
1024 0 0 0 0 0 0 0 1024 0 0 0 0 0 0 0 1024 0 0 0 0 0 0 0 
1024 0 0 0 0 0 0 0 1024 0 0 0 0 0 0 0 1024 0 0 0 0 0 0 0 
1024 0 0 0 0 0 0 0 1024 0 0 0 0 0 0 0 1024 0 0 0 0 0 0 0 
1024 0 0 0 0 0 0 0 1024 0 0 0 0 0 0 0 1024 0 0 0 0 0 0 0 
1024 0 0 0 0 0 0 0 1024 0 0 0 0 0 0 0 1024 0 0 0 0 0 0 0 
1016 8 0 0 0 0 0 0 1024 0 0 0 0 0 0 0 1023 1 0 0 0 0 0 0 
992 0 0 0 0 0 0 0 992 0 0 0 0 0 0 0 992 0 0 0 0 0 0 0 
1024 0 0 0 0 0 0 0 1024 0 0 0 0 0 0 0 1024 0 0 0 0 0 0 0 
1024 0 0 0 0 0 0 0 1024 0 0 0 0 0 0 0 1024 0 0 0 0 0 0 0 
1024 0 0 0 0 0 0 0 1024 0 0 0 0 0 0 0 1024 0 0 0 0 0 0 0 
1024 0 0 0 0 0 0 0 1024 0 0 0 0 0 0 0 1024 0 0 0 0 0 0 0 
1024 0 0 0 0 0 0 0 1024 0 0 0 0 0 0 0 1024 0 0 0 0 0 0 0 
1024 0 0 0 0 0 0 0 1024 0 0 0 0 0 0 0 1024 0 0 0 0 0 0 0 
1024 0 0 0 0 0 0 0 1024 0 0 0 0 0 0 0 1024 0 0 0 0 0 0 0 
1015 8 1 0 0 0 0 0 1018 6 0 0 0 0 0 0 1021 3 0 0 0 0 0 0 
1016 7 1 0 0 0 0 0 1019 5 0 0 0 0 0 0 1021 3 0 0 0 0 0 0 
1024 0 0 0 0 0 0 0 1024 0 0 0 0 0 0 0 1024 0 0 0 0 0 0 0 
1024 0 0 0 0 0 0 0 1024 0 0 0 0 0 0 0 1024 0 0 0 0 0 0 0 
1024 0 0 0 0 0 0 0 1024 0 0 0 0 0 0 0 1024 0 0 0 0 0 0 0 
1024 0 0 0 0 0 0 0 1024 0 0 0 0 0 0 0 1024 0 0 0 0 0 0 0 
644 80 32 25 20 19 21 183 680 62 31 19 19 20 13 180 722 39 27 17 18 17 24 160 
1024 0 0 0 0 0 0 0 1024 0 0 0 0 0 0 0 1024 0 0 0 0 0 0 0 
1024 0 0 0 0 0 0 0 1024 0 0 0 0 0 0 0 1024 0 0 0 0 0 0 0 
1024 0 0 0 0 0 0 0 1024 0 0 0 0 0 0 0 1024 0 0 0 0 0 0 0 
1024 0 0 0 0 0 0 0 1024 0 0 0 0 0 0 0 1024 0 0 0 0 0 0 0 
992 0 0 0 0 0 0 0 992 0 0 0 0 0 0 0 992 0 0 0 0 0 0 0 
1024 0 0 0 0 0 0 0 1024 0 0 0 0 0 0 0 1024 0 0 0 0 0 0 0 
1024 0 0 0 0 0 0 0 1024 0 0 0 0 0 0 0 1024 0 0 0 0 0 0 0 
1024 0 0 0 0 0 0 0 1024 0 0 0 0 0 0 0 1024 0 0 0 0 0 0 0 
1024 0 0 0 0 0 0 0 1024 0 0 0 0 0 0 0 1024 0 0 0 0 0 0 0 
995 29 0 0 0 0 0 0 1021 3 0 0 0 0 0 0 1024 0 0 0 0 0 0 0 
969 49 6 0 0 0 0 0 996 28 0 0 0 0 0 0 1013 11 0 0 0 0 0 0 
917 107 0 0 0 0 0 0 1012 12 0 0 0 0 0 0 1023 1 0 0 0 0 0 0 
630 360 30 4 0 0 0 0 944 68 12 0 0 0 0 0 988 33 3 0 0 0 0 0 
481 515 25 3 0 0 0 0 963 50 11 0 0 0 0 0 991 30 3 0 0 0 0 0 
441 583 0 0 0 0 0 0 997 27 0 0 0 0 0 0 1024 0 0 0 0 0 0 0 
358 666 0 0 0 0 0 0 880 144 0 0 0 0 0 0 1024 0 0 0 0 0 0 0 
611 413 0 0 0 0 0 0 942 82 0 0 0 0 0 0 1020 4 0 0 0 0 0 0 
974 39 6 1 2 1 1 0 996 20 4 1 2 0 1 0 1006 11 4 2 0 1 0 0 
651 152 41 23 23 22 19 93 731 96 33 21 22 19 15 87 789 67 21 23 21 16 41 46 
1024 0 0 0 0 0 0 0 1024 0 0 0 0 0 0 0 1024 0 0 0 0 0 0 0 
1024 0 0 0 0 0 0 0 1024 0 0 0 0 0 0 0 1024 0 0 0 0 0 0 0 
1024 0 0 0 0 0 0 0 1024 0 0 0 0 0 0 0 1024 0 0 0 0 0 0 0 
1024 0 0 0 0 0 0 0 1024 0 0 0 0 0 0 0 1024 0 0 0 0 0 0 0 
992 0 0 0 0 0 0 0 992 0 0 0 0 0 0 0 992 0 0 0 0 0 0 0 
975 12 10 5 4 8 2 8 976 19 3 6 4 6 2 8 983 14 5 6 7 4 3 2 
998 10 7 1 2 0 5 1 1002 10 4 0 2 3 3 0 1010 5 1 2 4 2 0 0 
993 12 7 2 1 5 0 4 998 8 6 2 1 5 2 2 1001 11 0 2 6 0 4 0 
978 24 6 2 4 4 6 0 986 20 2 3 3 9 1 0 999 8 4 2 9 2 0 0 
662 341 9 3 4 1 4 0 861 147 5 5 1 4 1 0 988 24 5 2 4 1 0 0 
82 388 336 213 0 2 3 0 232 445 339 3 1 3 1 0 434 516 69 0 2 3 0 0 
217 246 133 132 292 4 0 0 352 213 102 352 5 0 0 0 439 181 396 7 1 0 0 0 
849 160 6 4 4 1 0 0 989 23 4 4 4 0 0 0 1002 10 5 4 3 0 0 0 
911 96 8 2 4 3 0 0 966 44 6 3 3 2 0 0 999 16 1 3 4 1 0 0 
963 44 6 4 4 3 0 0 993 16 6 4 4 1 0 0 1005 6 5 5 3 0 0 0 
949 59 4 5 5 2 0 0 984 24 5 8 2 1 0 0 998 14 5 5 2 0 0 0 
933 78 7 1 1 1 3 0 983 31 5 1 1 2 1 0 1007 10 2 2 1 2 0 0 
561 385 37 18 4 8 5 6 871 97 28 8 7 4 5 4 928 62 13 6 6 5 4 0 
534 350 59 19 19 9 11 23 775 148 33 21 7 13 8 19 867 89 18 12 12 13 13 0 
1024 0 0 0 0 0 0 0 1024 0 0 0 0 0 0 0 1024 0 0 0 0 0 0 0 
1024 0 0 0 0 0 0 0 1024 0 0 0 0 0 0 0 1024 0 0 0 0 0 0 0 
1024 0 0 0 0 0 0 0 1024 0 0 0 0 0 0 0 1024 0 0 0 0 0 0 0 
1024 0 0 0 0 0 0 0 1024 0 0 0 0 0 0 0 1024 0 0 0 0 0 0 0 
868 124 0 0 0 0 0 0 992 0 0 0 0 0 0 0 992 0 0 0 0 0 0 0 
1024 0 0 0 0 0 0 0 1024 0 0 0 0 0 0 0 1024 0 0 0 0 0 0 0 
1024 0 0 0 0 0 0 0 1024 0 0 0 0 0 0 0 1024 0 0 0 0 0 0 0 
1024 0 0 0 0 0 0 0 1024 0 0 0 0 0 0 0 1024 0 0 0 0 0 0 0 
1024 0 0 0 0 0 0 0 1024 0 0 0 0 0 0 0 1024 0 0 0 0 0 0 0 
1018 6 0 0 0 0 0 0 1022 2 0 0 0 0 0 0 1024 0 0 0 0 0 0 0 
723 279 22 0 0 0 0 0 871 153 0 0 0 0 0 0 911 113 0 0 0 0 0 0 
472 512 40 0 0 0 0 0 633 384 7 0 0 0 0 0 695 328 1 0 0 0 0 0 
894 129 1 0 0 0 0 0 1024 0 0 0 0 0 0 0 1024 0 0 0 0 0 0 0 
733 166 69 20 18 16 2 0 945 29 28 12 10 0 0 0 970 25 18 11 0 0 0 0 
441 275 78 56 49 40 43 42 713 100 59 49 37 29 22 15 789 84 46 46 25 16 14 4 
698 186 51 31 23 21 12 2 918 33 30 34 8 1 0 0 943 36 40 3 2 0 0 0 
916 67 32 9 0 0 0 0 1024 0 0 0 0 0 0 0 1024 0 0 0 0 0 0 0 
1020 4 0 0 0 0 0 0 1024 0 0 0 0 0 0 0 1024 0 0 0 0 0 0 0 
1024 0 0 0 0 0 0 0 1024 0 0 0 0 0 0 0 1024 0 0 0 0 0 0 0 
1024 0 0 0 0 0 0 0 1024 0 0 0 0 0 0 0 1024 0 0 0 0 0 0 0 
1024 0 0 0 0 0 0 0 1024 0 0 0 0 0 0 0 1024 0 0 0 0 0 0 0 
1024 0 0 0 0 0 0 0 1024 0 0 0 0 0 0 0 1024 0 0 0 0 0 0 0 
1000 24 0 0 0 0 0 0 1024 0 0 0 0 0 0 0 1024 0 0 0 0 0 0 0 
717 275 0 0 0 0 0 0 992 0 0 0 0 0 0 0 992 0 0 0 0 0 0 0 
1024 0 0 0 0 0 0 0 1024 0 0 0 0 0 0 0 1024 0 0 0 0 0 0 0 
1024 0 0 0 0 0 0 0 1024 0 0 0 0 0 0 0 1024 0 0 0 0 0 0 0 
1024 0 0 0 0 0 0 0 1024 0 0 0 0 0 0 0 1024 0 0 0 0 0 0 0 
1024 0 0 0 0 0 0 0 1024 0 0 0 0 0 0 0 1024 0 0 0 0 0 0 0 
1024 0 0 0 0 0 0 0 1024 0 0 0 0 0 0 0 1024 0 0 0 0 0 0 0 
1000 24 0 0 0 0 0 0 1024 0 0 0 0 0 0 0 1024 0 0 0 0 0 0 0 
201 713 105 5 0 0 0 0 589 430 5 0 0 0 0 0 717 307 0 0 0 0 0 0 
937 56 15 7 7 2 0 0 989 20 8 7 0 0 0 0 1001 13 8 2 0 0 0 0 
642 91 53 30 25 28 41 114 711 80 54 61 43 39 16 20 779 108 75 26 16 12 7 1 
42 89 67 97 119 105 148 357 129 180 245 172 107 85 62 44 329 320 186 108 43 28 10 0 
631 79 40 24 19 30 50 151 701 61 33 52 53 48 36 40 758 86 80 45 32 22 1 0 
986 14 6 6 4 4 3 1 991 12 5 7 4 4 1 0 998 7 7 5 5 1 1 0 
1024 0 0 0 0 0 0 0 1024 0 0 0 0 0 0 0 1024 0 0 0 0 0 0 0 
1021 3 0 0 0 0 0 0 1022 2 0 0 0 0 0 0 1023 1 0 0 0 0 0 0 
1024 0 0 0 0 0 0 0 1024 0 0 0 0 0 0 0 1024 0 0 0 0 0 0 0 
1024 0 0 0 0 0 0 0 1024 0 0 0 0 0 0 0 1024 0 0 0 0 0 0 0 
1024 0 0 0 0 0 0 0 1024 0 0 0 0 0 0 0 1024 0 0 0 0 0 0 0 
746 278 0 0 0 0 0 0 1024 0 0 0 0 0 0 0 1024 0 0 0 0 0 0 0 
394 541 57 0 0 0 0 0 972 20 0 0 0 0 0 0 974 18 0 0 0 0 0 0 
1024 0 0 0 0 0 0 0 1024 0 0 0 0 0 0 0 1024 0 0 0 0 0 0 0 
1024 0 0 0 0 0 0 0 1024 0 0 0 0 0 0 0 1024 0 0 0 0 0 0 0 
1024 0 0 0 0 0 0 0 1024 0 0 0 0 0 0 0 1024 0 0 0 0 0 0 0 
1024 0 0 0 0 0 0 0 1024 0 0 0 0 0 0 0 1024 0 0 0 0 0 0 0 
1024 0 0 0 0 0 0 0 1024 0 0 0 0 0 0 0 1024 0 0 0 0 0 0 0 
946 36 8 18 13 3 0 0 1018 6 0 0 0 0 0 0 1022 2 0 0 0 0 0 0 
344 527 49 30 31 21 20 2 912 108 4 0 0 0 0 0 989 35 0 0 0 0 0 0 
680 171 54 12 15 19 22 51 881 48 24 20 19 7 8 17 920 37 25 14 7 9 7 5 
172 112 74 65 81 71 110 339 277 183 141 115 84 97 64 63 449 246 165 57 32 28 18 29 
6 35 65 168 135 130 110 375 87 215 218 136 134 110 63 61 301 327 204 100 46 19 17 10 
180 75 52 43 37 56 101 480 251 92 76 94 82 127 119 183 355 177 186 114 57 37 40 58 
639 59 32 35 39 29 43 148 690 63 66 55 63 46 20 21 748 107 77 42 22 9 13 6 
857 113 54 0 0 0 0 0 943 81 0 0 0 0 0 0 1002 22 0 0 0 0 0 0 
911 109 4 0 0 0 0 0 978 46 0 0 0 0 0 0 1000 24 0 0 0 0 0 0 
1024 0 0 0 0 0 0 0 1024 0 0 0 0 0 0 0 1024 0 0 0 0 0 0 0 
1024 0 0 0 0 0 0 0 1024 0 0 0 0 0 0 0 1024 0 0 0 0 0 0 0 
985 39 0 0 0 0 0 0 1024 0 0 0 0 0 0 0 1024 0 0 0 0 0 0 0 
374 540 94 11 5 0 0 0 967 56 1 0 0 0 0 0 984 40 0 0 0 0 0 0 
66 581 267 65 13 0 0 0 837 154 1 0 0 0 0 0 869 123 0 0 0 0 0 0 
1024 0 0 0 0 0 0 0 1024 0 0 0 0 0 0 0 1024 0 0 0 0 0 0 0 
1024 0 0 0 0 0 0 0 1024 0 0 0 0 0 0 0 1024 0 0 0 0 0 0 0 
1024 0 0 0 0 0 0 0 1024 0 0 0 0 0 0 0 1024 0 0 0 0 0 0 0 
1024 0 0 0 0 0 0 0 1024 0 0 0 0 0 0 0 1024 0 0 0 0 0 0 0 
1024 0 0 0 0 0 0 0 1024 0 0 0 0 0 0 0 1024 0 0 0 0 0 0 0 
1023 1 0 0 0 0 0 0 1024 0 0 0 0 0 0 0 1024 0 0 0 0 0 0 0 
980 44 0 0 0 0 0 0 1004 20 0 0 0 0 0 0 1011 13 0 0 0 0 0 0 
1007 17 0 0 0 0 0 0 1024 0 0 0 0 0 0 0 1024 0 0 0 0 0 0 0 
980 10 11 10 13 0 0 0 987 18 19 0 0 0 0 0 997 23 4 0 0 0 0 0 
760 78 53 44 51 25 9 4 828 88 77 19 10 1 1 0 887 92 35 7 2 1 0 0 
847 57 28 27 40 17 8 0 896 60 48 20 0 0 0 0 940 58 25 1 0 0 0 0 
747 33 20 13 23 24 33 131 782 44 29 35 22 27 24 61 820 66 31 21 16 23 13 34 
963 41 20 0 0 0 0 0 987 36 1 0 0 0 0 0 1010 14 0 0 0 0 0 0 
1003 21 0 0 0 0 0 0 1016 8 0 0 0 0 0 0 1024 0 0 0 0 0 0 0 
1024 0 0 0 0 0 0 0 1024 0 0 0 0 0 0 0 1024 0 0 0 0 0 0 0 
1024 0 0 0 0 0 0 0 1024 0 0 0 0 0 0 0 1024 0 0 0 0 0 0 0 
765 259 0 0 0 0 0 0 1024 0 0 0 0 0 0 0 1024 0 0 0 0 0 0 0 
226 734 64 0 0 0 0 0 1005 19 0 0 0 0 0 0 1001 23 0 0 0 0 0 0 
144 549 214 66 18 1 0 0 843 143 6 0 0 0 0 0 896 96 0 0 0 0 0 0 
1024 0 0 0 0 0 0 0 1024 0 0 0 0 0 0 0 1024 0 0 0 0 0 0 0 
1024 0 0 0 0 0 0 0 1024 0 0 0 0 0 0 0 1024 0 0 0 0 0 0 0 
1024 0 0 0 0 0 0 0 1024 0 0 0 0 0 0 0 1024 0 0 0 0 0 0 0 
1024 0 0 0 0 0 0 0 1024 0 0 0 0 0 0 0 1024 0 0 0 0 0 0 0 
1024 0 0 0 0 0 0 0 1024 0 0 0 0 0 0 0 1024 0 0 0 0 0 0 0 
1020 4 0 0 0 0 0 0 1024 0 0 0 0 0 0 0 1024 0 0 0 0 0 0 0 
1024 0 0 0 0 0 0 0 1024 0 0 0 0 0 0 0 1024 0 0 0 0 0 0 0 
1024 0 0 0 0 0 0 0 1024 0 0 0 0 0 0 0 1024 0 0 0 0 0 0 0 
1024 0 0 0 0 0 0 0 1024 0 0 0 0 0 0 0 1024 0 0 0 0 0 0 0 
1024 0 0 0 0 0 0 0 1024 0 0 0 0 0 0 0 1024 0 0 0 0 0 0 0 
1024 0 0 0 0 0 0 0 1024 0 0 0 0 0 0 0 1024 0 0 0 0 0 0 0 
1024 0 0 0 0 0 0 0 1024 0 0 0 0 0 0 0 1024 0 0 0 0 0 0 0 
979 41 4 0 0 0 0 0 997 27 0 0 0 0 0 0 1006 18 0 0 0 0 0 0 
1019 5 0 0 0 0 0 0 1024 0 0 0 0 0 0 0 1024 0 0 0 0 0 0 0 
1021 3 0 0 0 0 0 0 1021 3 0 0 0 0 0 0 1021 3 0 0 0 0 0 0 
1024 0 0 0 0 0 0 0 1024 0 0 0 0 0 0 0 1024 0 0 0 0 0 0 0 
574 439 11 0 0 0 0 0 1017 7 0 0 0 0 0 0 1020 4 0 0 0 0 0 0 
113 732 179 0 0 0 0 0 991 33 0 0 0 0 0 0 1007 17 0 0 0 0 0 0 
0 473 378 104 34 3 0 0 776 207 9 0 0 0 0 0 868 122 2 0 0 0 0 0 
1024 0 0 0 0 0 0 0 1024 0 0 0 0 0 0 0 1024 0 0 0 0 0 0 0 
1024 0 0 0 0 0 0 0 1024 0 0 0 0 0 0 0 1024 0 0 0 0 0 0 0 
992 32 0 0 0 0 0 0 1023 1 0 0 0 0 0 0 1006 18 0 0 0 0 0 0 
944 80 0 0 0 0 0 0 1024 0 0 0 0 0 0 0 1007 17 0 0 0 0 0 0 
1024 0 0 0 0 0 0 0 1024 0 0 0 0 0 0 0 1024 0 0 0 0 0 0 0 
1024 0 0 0 0 0 0 0 1024 0 0 0 0 0 0 0 1024 0 0 0 0 0 0 0 
893 131 0 0 0 0 0 0 1024 0 0 0 0 0 0 0 1020 4 0 0 0 0 0 0 
1023 1 0 0 0 0 0 0 1024 0 0 0 0 0 0 0 1024 0 0 0 0 0 0 0 
923 101 0 0 0 0 0 0 1024 0 0 0 0 0 0 0 1019 5 0 0 0 0 0 0 
750 274 0 0 0 0 0 0 1024 0 0 0 0 0 0 0 1023 1 0 0 0 0 0 0 
946 78 0 0 0 0 0 0 1024 0 0 0 0 0 0 0 1018 6 0 0 0 0 0 0 
939 85 0 0 0 0 0 0 1009 15 0 0 0 0 0 0 1017 7 0 0 0 0 0 0 
256 494 182 88 4 0 0 0 341 477 159 47 0 0 0 0 407 440 141 36 0 0 0 0 
897 76 25 16 5 1 4 0 912 70 25 11 2 4 0 0 932 56 22 8 4 2 0 0 
1022 2 0 0 0 0 0 0 1024 0 0 0 0 0 0 0 1023 1 0 0 0 0 0 0 
969 55 0 0 0 0 0 0 1012 12 0 0 0 0 0 0 1019 5 0 0 0 0 0 0 
362 544 90 16 11 1 0 0 931 68 17 8 0 0 0 0 945 60 15 4 0 0 0 0 
280 426 231 42 27 15 3 0 785 179 45 12 3 0 0 0 855 127 36 5 1 0 0 0 
261 328 293 44 33 27 6 0 728 197 62 5 0 0 0 0 819 124 49 0 0 0 0 0 
1024 0 0 0 0 0 0 0 1024 0 0 0 0 0 0 0 1024 0 0 0 0 0 0 0 
1024 0 0 0 0 0 0 0 1024 0 0 0 0 0 0 0 1024 0 0 0 0 0 0 0 
1018 6 0 0 0 0 0 0 1023 1 0 0 0 0 0 0 1021 3 0 0 0 0 0 0 
1022 2 0 0 0 0 0 0 1024 0 0 0 0 0 0 0 1024 0 0 0 0 0 0 0 
989 32 3 0 0 0 0 0 1023 1 0 0 0 0 0 0 1010 14 0 0 0 0 0 0 
918 106 0 0 0 0 0 0 1024 0 0 0 0 0 0 0 996 28 0 0 0 0 0 0 
998 26 0 0 0 0 0 0 1024 0 0 0 0 0 0 0 1024 0 0 0 0 0 0 0 
937 87 0 0 0 0 0 0 1024 0 0 0 0 0 0 0 1024 0 0 0 0 0 0 0 
830 194 0 0 0 0 0 0 1024 0 0 0 0 0 0 0 1024 0 0 0 0 0 0 0 
867 157 0 0 0 0 0 0 1024 0 0 0 0 0 0 0 1019 5 0 0 0 0 0 0 
967 50 7 0 0 0 0 0 1024 0 0 0 0 0 0 0 1024 0 0 0 0 0 0 0 
1022 2 0 0 0 0 0 0 1022 2 0 0 0 0 0 0 1023 1 0 0 0 0 0 0 
503 385 117 17 2 0 0 0 605 349 61 9 0 0 0 0 663 301 55 5 0 0 0 0 
643 200 128 43 7 3 0 0 695 228 75 21 5 0 0 0 706 221 76 16 5 0 0 0 
902 47 19 8 13 7 4 24 917 40 14 12 11 3 5 22 927 38 18 12 4 15 10 0 
1024 0 0 0 0 0 0 0 1024 0 0 0 0 0 0 0 1024 0 0 0 0 0 0 0 
287 736 1 0 0 0 0 0 1023 1 0 0 0 0 0 0 1024 0 0 0 0 0 0 0 
94 807 93 17 7 4 2 0 927 78 11 4 4 0 0 0 963 43 10 4 4 0 0 0 
31 476 344 111 22 6 2 0 748 221 15 4 4 0 0 0 866 108 10 4 4 0 0 0 
1024 0 0 0 0 0 0 0 1024 0 0 0 0 0 0 0 1024 0 0 0 0 0 0 0 
1024 0 0 0 0 0 0 0 1024 0 0 0 0 0 0 0 1024 0 0 0 0 0 0 0 
1024 0 0 0 0 0 0 0 1024 0 0 0 0 0 0 0 1024 0 0 0 0 0 0 0 
1024 0 0 0 0 0 0 0 1024 0 0 0 0 0 0 0 1024 0 0 0 0 0 0 0 
1024 0 0 0 0 0 0 0 1024 0 0 0 0 0 0 0 1024 0 0 0 0 0 0 0 
759 239 26 0 0 0 0 0 1006 18 0 0 0 0 0 0 967 57 0 0 0 0 0 0 
969 37 18 0 0 0 0 0 996 28 0 0 0 0 0 0 981 43 0 0 0 0 0 0 
830 179 15 0 0 0 0 0 1006 18 0 0 0 0 0 0 946 78 0 0 0 0 0 0 
682 335 7 0 0 0 0 0 1022 2 0 0 0 0 0 0 982 42 0 0 0 0 0 0 
582 442 0 0 0 0 0 0 1024 0 0 0 0 0 0 0 1023 1 0 0 0 0 0 0 
352 566 104 2 0 0 0 0 1024 0 0 0 0 0 0 0 1024 0 0 0 0 0 0 0 
785 201 38 0 0 0 0 0 961 63 0 0 0 0 0 0 998 26 0 0 0 0 0 0 
801 161 60 2 0 0 0 0 881 140 3 0 0 0 0 0 917 104 3 0 0 0 0 0 
426 321 208 45 13 8 3 0 555 361 59 33 9 5 2 0 559 358 66 27 11 2 1 0 
1002 14 3 4 1 0 0 0 1004 13 2 4 1 0 0 0 1007 11 3 2 1 0 0 0 
707 317 0 0 0 0 0 0 1024 0 0 0 0 0 0 0 1024 0 0 0 0 0 0 0 
0 260 737 24 3 0 0 0 990 24 10 0 0 0 0 0 997 21 6 0 0 0 0 0 
0 161 715 148 0 0 0 0 1024 0 0 0 0 0 0 0 1024 0 0 0 0 0 0 0 
1 287 648 56 0 0 0 0 992 0 0 0 0 0 0 0 992 0 0 0 0 0 0 0 
1024 0 0 0 0 0 0 0 1024 0 0 0 0 0 0 0 1024 0 0 0 0 0 0 0 
1024 0 0 0 0 0 0 0 1024 0 0 0 0 0 0 0 1024 0 0 0 0 0 0 0 
1024 0 0 0 0 0 0 0 1024 0 0 0 0 0 0 0 1024 0 0 0 0 0 0 0 
1024 0 0 0 0 0 0 0 1024 0 0 0 0 0 0 0 1024 0 0 0 0 0 0 0 
1024 0 0 0 0 0 0 0 1024 0 0 0 0 0 0 0 1024 0 0 0 0 0 0 0 
711 310 3 0 0 0 0 0 1017 7 0 0 0 0 0 0 993 31 0 0 0 0 0 0 
530 490 4 0 0 0 0 0 1014 10 0 0 0 0 0 0 969 55 0 0 0 0 0 0 
239 765 20 0 0 0 0 0 1009 15 0 0 0 0 0 0 838 186 0 0 0 0 0 0 
571 453 0 0 0 0 0 0 1024 0 0 0 0 0 0 0 1018 6 0 0 0 0 0 0 
209 729 37 49 0 0 0 0 1022 2 0 0 0 0 0 0 1023 1 0 0 0 0 0 0 
179 377 215 251 2 0 0 0 941 83 0 0 0 0 0 0 962 62 0 0 0 0 0 0 
109 646 142 92 29 6 0 0 845 126 46 7 0 0 0 0 860 139 23 2 0 0 0 0 
29 541 247 62 52 61 32 0 611 242 85 72 14 0 0 0 644 239 95 46 0 0 0 0 
195 239 326 153 46 16 31 18 341 451 133 55 35 9 0 0 378 467 108 50 18 3 0 0 
573 207 190 31 21 2 0 0 738 220 39 26 1 0 0 0 743 222 44 15 0 0 0 0 
840 184 0 0 0 0 0 0 1024 0 0 0 0 0 0 0 1024 0 0 0 0 0 0 0 
0 224 192 87 70 51 46 354 428 75 75 52 36 27 33 298 452 101 67 45 25 29 39 266 
0 0 248 730 21 13 7 5 966 36 14 4 2 2 0 0 988 24 8 2 2 0 0 0 
0 0 384 608 0 0 0 0 992 0 0 0 0 0 0 0 992 0 0 0 0 0 0 0 
1024 0 0 0 0 0 0 0 1024 0 0 0 0 0 0 0 1024 0 0 0 0 0 0 0 
1024 0 0 0 0 0 0 0 1024 0 0 0 0 0 0 0 1024 0 0 0 0 0 0 0 
1024 0 0 0 0 0 0 0 1024 0 0 0 0 0 0 0 1024 0 0 0 0 0 0 0 
1024 0 0 0 0 0 0 0 1024 0 0 0 0 0 0 0 1024 0 0 0 0 0 0 0 
1024 0 0 0 0 0 0 0 1024 0 0 0 0 0 0 0 1024 0 0 0 0 0 0 0 
991 33 0 0 0 0 0 0 1024 0 0 0 0 0 0 0 1024 0 0 0 0 0 0 0 
502 509 13 0 0 0 0 0 1007 17 0 0 0 0 0 0 902 122 0 0 0 0 0 0 
277 736 11 0 0 0 0 0 1021 3 0 0 0 0 0 0 1023 1 0 0 0 0 0 0 
16 908 100 0 0 0 0 0 1012 12 0 0 0 0 0 0 1016 8 0 0 0 0 0 0 
106 638 235 45 0 0 0 0 1023 1 0 0 0 0 0 0 1024 0 0 0 0 0 0 0 
175 661 105 80 3 0 0 0 915 108 1 0 0 0 0 0 934 90 0 0 0 0 0 0 
3 389 405 150 75 2 0 0 706 265 53 0 0 0 0 0 773 244 7 0 0 0 0 0 
0 193 381 247 162 41 0 0 389 464 166 5 0 0 0 0 423 532 69 0 0 0 0 0 
0 1 297 381 233 38 29 45 1 701 232 20 37 28 5 0 17 711 215 40 31 9 1 0 
27 102 78 155 302 177 63 120 123 239 416 91 32 49 42 32 124 247 382 134 51 52 34 0 
528 151 99 66 63 46 25 46 673 144 106 40 13 13 24 11 725 106 85 52 17 23 10 6 
2 233 564 225 0 0 0 0 976 48 0 0 0 0 0 0 1000 24 0 0 0 0 0 0 
0 0 160 844 20 0 0 0 1020 4 0 0 0 0 0 0 1024 0 0 0 0 0 0 0 
0 0 3 980 9 0 0 0 992 0 0 0 0 0 0 0 992 0 0 0 0 0 0 0 
992 0 0 0 0 0 0 0 992 0 0 0 0 0 0 0 992 0 0 0 0 0 0 0 
992 0 0 0 0 0 0 0 992 0 0 0 0 0 0 0 992 0 0 0 0 0 0 0 
992 0 0 0 0 0 0 0 992 0 0 0 0 0 0 0 992 0 0 0 0 0 0 0 
992 0 0 0 0 0 0 0 992 0 0 0 0 0 0 0 992 0 0 0 0 0 0 0 
992 0 0 0 0 0 0 0 992 0 0 0 0 0 0 0 992 0 0 0 0 0 0 0 
975 17 0 0 0 0 0 0 992 0 0 0 0 0 0 0 992 0 0 0 0 0 0 0 
482 497 13 0 0 0 0 0 975 17 0 0 0 0 0 0 869 123 0 0 0 0 0 0 
293 688 11 0 0 0 0 0 989 3 0 0 0 0 0 0 991 1 0 0 0 0 0 0 
8 872 111 1 0 0 0 0 980 12 0 0 0 0 0 0 984 8 0 0 0 0 0 0 
102 612 236 42 0 0 0 0 991 1 0 0 0 0 0 0 992 0 0 0 0 0 0 0 
163 674 96 59 0 0 0 0 912 79 1 0 0 0 0 0 927 65 0 0 0 0 0 0 
0 350 415 150 75 2 0 0 670 269 53 0 0 0 0 0 739 246 7 0 0 0 0 0 
0 154 383 246 166 43 0 0 370 447 170 5 0 0 0 0 408 512 72 0 0 0 0 0 
0 1 283 382 233 43 15 35 1 694 235 14 21 22 5 0 16 707 213 23 23 9 1 0 
17 75 71 141 321 184 63 120 92 211 440 94 32 49 42 32 92 218 409 136 51 52 34 0 
472 159 103 69 67 51 25 46 624 154 112 41 13 13 24 11 676 116 90 54 17 23 10 6 
2 216 556 218 0 0 0 0 961 31 0 0 0 0 0 0 983 9 0 0 0 0 0 0 
0 0 135 837 20 0 0 0 988 4 0 0 0 0 0 0 992 0 0 0 0 0 0 0 
0 0 1 945 15 0 0 0 961 0 0 0 0 0 0 0 961 0 0 0 0 0 0 0 
