1024 0 0 0 0 0 0 0 1024 0 0 0 0 0 0 0 1024 0 0 0 0 0 0 0 
1024 0 0 0 0 0 0 0 1024 0 0 0 0 0 0 0 1024 0 0 0 0 0 0 0 
434 18 12 9 321 230 0 0 454 15 305 250 0 0 0 0 459 311 254 0 0 0 0 0 
0 0 0 0 270 331 283 140 0 0 294 434 208 85 3 0 0 303 457 234 30 0 0 0 
0 0 0 0 0 19 96 909 0 0 0 58 114 208 370 274 0 0 78 221 291 337 97 0 
0 0 0 0 0 0 0 1024 0 0 0 0 0 0 24 1000 0 0 0 0 3 139 567 315 
0 0 0 0 0 0 0 1024 0 0 0 0 0 0 0 1024 0 0 0 0 0 8 119 897 
0 0 0 0 0 0 0 1024 0 0 0 0 0 0 0 1024 0 0 0 0 0 0 32 992 
0 0 0 0 0 0 0 1024 0 0 0 0 0 0 0 1024 0 0 0 0 0 0 160 864 
0 0 0 0 0 0 1 1023 0 0 0 0 1 28 87 908 0 0 0 20 64 114 156 670 
582 351 8 6 6 7 8 56 929 11 6 3 17 14 12 32 940 4 8 22 10 9 24 7 
936 88 0 0 0 0 0 0 1024 0 0 0 0 0 0 0 1024 0 0 0 0 0 0 0 
898 105 16 4 1 0 0 0 980 33 8 3 0 0 0 0 995 24 4 1 0 0 0 0 
866 105 16 4 1 0 0 0 948 33 8 3 0 0 0 0 963 24 4 1 0 0 0 0 
1024 0 0 0 0 0 0 0 1024 0 0 0 0 0 0 0 1024 0 0 0 0 0 0 0 
1024 0 0 0 0 0 0 0 1024 0 0 0 0 0 0 0 1024 0 0 0 0 0 0 0 
504 17 9 4 10 58 296 126 517 17 10 125 266 89 0 0 526 15 134 349 0 0 0 0 
0 0 0 0 0 0 76 948 0 0 0 15 89 345 358 217 0 0 28 239 399 358 0 0 
0 0 0 0 0 0 0 1024 0 0 0 0 0 0 48 976 0 0 0 0 26 160 715 123 
0 0 0 0 0 0 0 1024 0 0 0 0 0 0 0 1024 0 0 0 0 0 0 71 953 
0 0 0 0 0 0 0 1024 0 0 0 0 0 0 0 1024 0 0 0 0 0 0 0 1024 
0 0 0 0 0 0 0 1024 0 0 0 0 0 0 0 1024 0 0 0 0 0 0 0 1024 
0 0 0 0 0 0 0 1024 0 0 0 0 0 0 0 1024 0 0 0 0 0 0 0 1024 
3 3 3 2 2 7 5 999 4 4 2 2 4 4 6 998 8 2 2 3 5 6 81 917 
171 698 143 2 2 3 2 3 728 283 2 3 2 2 2 2 872 141 3 1 2 2 3 0 
550 474 0 0 0 0 0 0 1001 23 0 0 0 0 0 0 1024 0 0 0 0 0 0 0 
1024 0 0 0 0 0 0 0 1024 0 0 0 0 0 0 0 1024 0 0 0 0 0 0 0 
983 9 0 0 0 0 0 0 990 2 0 0 0 0 0 0 990 2 0 0 0 0 0 0 
1024 0 0 0 0 0 0 0 1024 0 0 0 0 0 0 0 1024 0 0 0 0 0 0 0 
1016 8 0 0 0 0 0 0 1022 2 0 0 0 0 0 0 1022 2 0 0 0 0 0 0 
572 54 10 9 9 19 40 311 621 15 10 14 64 299 0 1 628 14 14 317 49 1 0 1 
65 31 0 0 0 32 0 896 96 0 0 0 32 235 553 108 96 0 16 34 551 327 0 0 
59 37 0 0 28 4 0 896 96 0 0 0 32 0 27 869 96 0 0 32 0 419 477 0 
48 48 0 0 8 24 0 896 96 0 0 0 16 16 0 896 96 0 0 16 16 0 697 199 
32 64 0 0 0 8 24 896 72 24 0 0 0 16 16 896 96 0 0 0 16 16 328 568 
45 27 14 10 0 0 0 928 64 11 13 8 0 0 11 917 72 16 8 0 0 11 261 656 
56 8 0 4 14 14 0 928 64 0 0 8 13 11 0 928 64 0 7 14 11 0 476 452 
75 35 24 10 5 5 31 839 95 31 13 7 3 20 22 833 123 15 9 2 22 89 699 65 
512 449 45 14 2 0 1 1 881 118 15 6 2 0 1 1 949 63 8 1 1 0 1 1 
512 512 0 0 0 0 0 0 1024 0 0 0 0 0 0 0 1024 0 0 0 0 0 0 0 
995 29 0 0 0 0 0 0 1024 0 0 0 0 0 0 0 1024 0 0 0 0 0 0 0 
770 128 31 15 6 9 4 29 872 58 9 10 8 5 4 26 910 27 10 8 6 1 8 22 
1024 0 0 0 0 0 0 0 1024 0 0 0 0 0 0 0 1024 0 0 0 0 0 0 0 
785 239 0 0 0 0 0 0 1024 0 0 0 0 0 0 0 1024 0 0 0 0 0 0 0 
458 473 82 1 3 4 3 0 991 25 7 1 0 0 0 0 1010 8 6 0 0 0 0 0 
320 160 536 8 0 0 0 0 602 422 0 0 0 0 0 0 927 97 0 0 0 0 0 0 
288 93 282 361 0 0 0 0 391 590 43 0 0 0 0 0 640 384 0 0 0 0 0 0 
301 43 98 494 88 0 0 0 356 407 261 0 0 0 0 0 422 602 0 0 0 0 0 0 
248 88 48 358 282 0 0 0 352 297 375 0 0 0 0 0 380 568 76 0 0 0 0 0 
288 64 64 320 288 0 0 0 352 334 338 0 0 0 0 0 368 583 73 0 0 0 0 0 
288 78 85 397 176 0 0 0 372 329 323 0 0 0 0 0 388 590 46 0 0 0 0 0 
253 110 296 357 4 0 2 2 346 596 74 6 2 0 0 0 552 459 11 1 1 0 0 0 
70 451 447 55 1 0 0 0 557 396 71 0 0 0 0 0 871 142 11 0 0 0 0 0 
545 477 2 0 0 0 0 0 1014 10 0 0 0 0 0 0 1024 0 0 0 0 0 0 0 
1016 8 0 0 0 0 0 0 1024 0 0 0 0 0 0 0 1024 0 0 0 0 0 0 0 
905 87 0 0 0 0 0 0 992 0 0 0 0 0 0 0 992 0 0 0 0 0 0 0 
35 14 17 13 80 146 337 382 598 383 43 0 0 0 0 0 913 105 6 0 0 0 0 0 
13 28 23 9 31 43 266 611 442 530 52 0 0 0 0 0 871 153 0 0 0 0 0 0 
0 89 90 18 16 44 185 582 367 585 72 0 0 0 0 0 845 179 0 0 0 0 0 0 
0 15 70 20 15 21 104 779 191 799 34 0 0 0 0 0 837 187 0 0 0 0 0 0 
0 0 33 32 23 18 71 847 130 882 12 0 0 0 0 0 864 160 0 0 0 0 0 0 
0 0 8 52 21 25 62 856 126 885 13 0 0 0 0 0 859 165 0 0 0 0 0 0 
0 0 0 47 28 30 146 773 53 934 37 0 0 0 0 0 821 203 0 0 0 0 0 0 
0 0 0 62 25 27 75 835 103 895 26 0 0 0 0 0 865 159 0 0 0 0 0 0 
0 0 4 70 30 24 74 822 132 873 19 0 0 0 0 0 827 197 0 0 0 0 0 0 
0 13 170 79 38 60 130 534 238 756 30 0 0 0 0 0 838 186 0 0 0 0 0 0 
0 7 75 30 69 138 370 335 615 366 43 0 0 0 0 0 931 89 4 0 0 0 0 0 
28 42 34 51 87 188 338 256 790 214 20 0 0 0 0 0 978 46 0 0 0 0 0 0 
158 37 24 22 88 204 270 221 842 181 1 0 0 0 0 0 1001 23 0 0 0 0 0 0 
216 40 22 13 80 184 260 177 830 162 0 0 0 0 0 0 973 19 0 0 0 0 0 0 
0 0 13 140 86 85 205 495 488 427 108 1 0 0 0 0 862 161 1 0 0 0 0 0 
0 0 18 94 84 74 193 561 434 516 74 0 0 0 0 0 885 139 0 0 0 0 0 0 
0 0 0 48 107 100 229 540 599 378 47 0 0 0 0 0 923 100 1 0 0 0 0 0 
0 0 7 61 104 112 232 508 567 414 40 3 0 0 0 0 924 96 4 0 0 0 0 0 
0 0 0 38 91 139 200 556 628 347 48 1 0 0 0 0 919 103 2 0 0 0 0 0 
0 0 0 12 83 128 242 559 605 348 71 0 0 0 0 0 903 118 3 0 0 0 0 0 
0 0 0 8 65 154 219 578 506 402 115 1 0 0 0 0 853 170 1 0 0 0 0 0 
0 0 0 10 58 132 270 554 516 383 116 9 0 0 0 0 866 154 4 0 0 0 0 0 
0 0 0 2 73 98 268 583 457 427 128 12 0 0 0 0 863 147 14 0 0 0 0 0 
0 0 0 12 76 107 198 631 410 483 121 10 0 0 0 0 847 167 9 1 0 0 0 0 
0 0 0 24 86 103 157 654 369 492 151 12 0 0 0 0 816 193 15 0 0 0 0 0 
0 0 0 27 94 118 198 587 408 422 182 12 0 0 0 0 758 254 12 0 0 0 0 0 
0 0 3 68 94 115 243 501 532 333 150 9 0 0 0 0 828 178 18 0 0 0 0 0 
0 0 4 68 86 110 237 487 567 270 136 11 4 4 0 0 795 155 34 3 5 0 0 0 
0 26 142 557 55 80 58 106 308 572 144 0 0 0 0 0 410 608 6 0 0 0 0 0 
0 16 143 566 92 65 61 81 342 598 84 0 0 0 0 0 434 585 5 0 0 0 0 0 
0 0 128 562 88 77 60 109 365 594 65 0 0 0 0 0 471 550 3 0 0 0 0 0 
0 7 154 563 80 54 82 84 328 590 105 1 0 0 0 0 467 555 2 0 0 0 0 0 
0 8 119 554 136 42 78 87 380 559 85 0 0 0 0 0 479 542 3 0 0 0 0 0 
34 37 148 611 77 57 47 13 411 469 144 0 0 0 0 0 497 514 13 0 0 0 0 0 
56 37 133 565 104 81 29 19 442 388 194 0 0 0 0 0 538 475 11 0 0 0 0 0 
64 7 140 426 235 63 62 27 499 293 232 0 0 0 0 0 555 437 32 0 0 0 0 0 
36 69 99 345 324 56 61 34 447 156 417 4 0 0 0 0 495 507 22 0 0 0 0 0 
51 36 73 192 539 95 34 4 514 102 408 0 0 0 0 0 590 337 97 0 0 0 0 0 
36 64 99 118 492 105 57 53 453 125 435 11 0 0 0 0 507 376 141 0 0 0 0 0 
9 79 67 142 428 160 89 50 443 99 439 38 2 3 0 0 493 315 205 7 4 0 0 0 
16 105 116 135 538 80 34 0 539 93 388 4 0 0 0 0 608 234 182 0 0 0 0 0 
5 75 87 88 484 150 75 28 460 100 379 46 3 4 0 0 527 222 236 2 5 0 0 0 
17 226 168 234 95 66 72 146 823 139 62 0 0 0 0 0 938 82 4 0 0 0 0 0 
6 221 253 229 58 41 93 123 873 122 29 0 0 0 0 0 980 44 0 0 0 0 0 0 
12 243 165 371 137 23 6 67 935 70 19 0 0 0 0 0 978 43 3 0 0 0 0 0 
16 171 231 174 172 52 81 127 830 137 40 17 0 0 0 0 918 83 23 0 0 0 0 0 
6 168 281 385 109 13 19 43 954 55 15 0 0 0 0 0 989 29 6 0 0 0 0 0 
23 299 205 248 29 44 18 158 810 140 74 0 0 0 0 0 904 119 1 0 0 0 0 0 
27 164 215 285 113 33 33 154 822 157 45 0 0 0 0 0 915 108 1 0 0 0 0 0 
3 200 229 248 265 24 5 50 953 50 21 0 0 0 0 0 982 42 0 0 0 0 0 0 
21 247 218 167 136 27 51 157 804 148 64 8 0 0 0 0 903 113 8 0 0 0 0 0 
15 82 250 312 228 20 38 79 924 70 30 0 0 0 0 0 978 38 8 0 0 0 0 0 
0 93 221 220 195 39 100 156 842 139 40 3 0 0 0 0 957 63 4 0 0 0 0 0 
17 147 187 174 160 116 65 158 849 126 42 7 0 0 0 0 935 68 21 0 0 0 0 0 
48 75 249 208 188 72 48 136 866 121 37 0 0 0 0 0 941 74 9 0 0 0 0 0 
1 68 207 198 226 80 57 155 792 146 52 2 0 0 0 0 895 84 13 0 0 0 0 0 
56 82 374 208 51 44 51 126 814 128 50 0 0 0 0 0 925 63 4 0 0 0 0 0 
32 109 329 252 77 35 61 97 875 88 29 0 0 0 0 0 952 40 0 0 0 0 0 0 
12 138 76 285 87 96 125 173 794 170 27 1 0 0 0 0 920 66 6 0 0 0 0 0 
4 95 70 560 54 53 92 64 898 87 7 0 0 0 0 0 949 42 1 0 0 0 0 0 
6 124 63 202 72 72 118 335 605 295 89 3 0 0 0 0 846 139 7 0 0 0 0 0 
10 120 30 540 63 57 74 98 885 79 28 0 0 0 0 0 943 49 0 0 0 0 0 0 
13 96 40 264 212 70 106 191 793 169 30 0 0 0 0 0 930 61 1 0 0 0 0 0 
3 142 38 384 78 73 70 204 786 175 31 0 0 0 0 0 922 70 0 0 0 0 0 0 
12 60 37 346 256 71 109 101 854 121 17 0 0 0 0 0 932 57 3 0 0 0 0 0 
15 56 58 251 149 85 139 239 719 149 124 0 0 0 0 0 859 125 8 0 0 0 0 0 
0 16 8 442 295 38 83 110 867 93 32 0 0 0 0 0 938 52 2 0 0 0 0 0 
13 33 117 164 211 149 105 200 788 156 41 7 0 0 0 0 910 61 21 0 0 0 0 0 
0 0 6 607 144 53 46 136 865 97 30 0 0 0 0 0 933 52 7 0 0 0 0 0 
0 0 0 602 153 46 37 123 827 108 26 0 0 0 0 0 907 48 6 0 0 0 0 0 
