110 18 36 219 492 149 0 0 108 17 26 205 459 207 2 0 111 18 34 271 443 147 0 0 
1 9 73 254 439 247 1 0 0 8 28 243 406 299 40 0 0 9 38 261 442 256 18 0 
0 0 51 291 340 342 0 0 0 0 26 261 346 339 52 0 0 0 29 268 345 327 55 0 
0 7 40 256 367 349 5 0 0 6 22 241 345 343 67 0 0 5 17 216 370 269 147 0 
0 6 27 315 338 302 36 0 0 5 17 276 354 269 103 0 0 4 9 205 407 204 195 0 
2 58 92 193 372 282 25 0 6 56 104 190 356 225 87 0 3 49 58 185 383 246 100 0 
0 10 117 341 379 177 0 0 0 9 98 293 348 276 0 0 0 5 49 250 415 298 7 0 
0 18 199 328 411 68 0 0 0 5 172 309 330 208 0 0 0 5 151 292 375 201 0 0 
2 110 225 318 369 0 0 0 0 40 202 363 368 51 0 0 0 61 202 354 388 19 0 0 
84 150 284 323 183 0 0 0 70 45 251 363 295 0 0 0 72 79 252 345 276 0 0 0 
121 155 253 335 128 0 0 0 107 40 249 343 253 0 0 0 109 69 245 322 247 0 0 0 
756 69 17 33 112 37 0 0 799 35 19 41 95 35 0 0 809 34 37 84 60 0 0 0 
516 285 113 32 78 0 0 0 803 31 79 49 61 1 0 0 814 36 82 60 32 0 0 0 
492 255 218 59 0 0 0 0 613 139 195 73 4 0 0 0 666 107 230 21 0 0 0 0 
396 488 124 16 0 0 0 0 845 32 128 19 0 0 0 0 845 32 117 30 0 0 0 0 
121 791 112 0 0 0 0 0 883 29 71 41 0 0 0 0 441 462 30 91 0 0 0 0 
88 670 196 38 14 9 3 6 545 257 154 32 11 10 8 7 41 719 154 68 13 9 11 9 
87 753 113 34 24 13 0 0 727 128 108 22 22 17 0 0 354 467 107 51 21 16 8 0 
541 454 19 7 3 0 0 0 950 39 27 5 3 0 0 0 951 40 25 5 3 0 0 0 
456 144 46 19 114 42 34 169 444 154 55 54 107 28 42 140 465 162 168 41 39 68 79 2 
554 390 34 46 0 0 0 0 887 57 39 37 4 0 0 0 910 70 37 7 0 0 0 0 
517 350 42 58 25 0 0 0 829 38 47 49 29 0 0 0 846 57 50 39 0 0 0 0 
672 244 82 26 0 0 0 0 894 119 11 0 0 0 0 0 956 63 5 0 0 0 0 0 
619 329 76 0 0 0 0 0 989 35 0 0 0 0 0 0 1011 13 0 0 0 0 0 0 
514 491 16 3 0 0 0 0 918 88 10 8 0 0 0 0 963 48 9 4 0 0 0 0 
433 591 0 0 0 0 0 0 1024 0 0 0 0 0 0 0 1024 0 0 0 0 0 0 0 
9 799 193 23 0 0 0 0 1016 6 2 0 0 0 0 0 916 107 1 0 0 0 0 0 
56 637 216 79 18 10 5 3 873 91 19 9 9 8 9 6 275 674 29 13 5 12 7 9 
33 719 239 33 0 0 0 0 969 38 17 0 0 0 0 0 674 331 17 2 0 0 0 0 
159 736 122 7 0 0 0 0 1024 0 0 0 0 0 0 0 1024 0 0 0 0 0 0 0 
350 219 53 76 121 106 32 67 372 196 87 129 133 35 9 63 480 202 186 75 16 50 15 0 
450 572 2 0 0 0 0 0 1017 7 0 0 0 0 0 0 1022 2 0 0 0 0 0 0 
477 513 2 0 0 0 0 0 985 7 0 0 0 0 0 0 990 2 0 0 0 0 0 0 
765 92 69 82 16 0 0 0 891 128 5 0 0 0 0 0 975 47 2 0 0 0 0 0 
785 203 36 0 0 0 0 0 1013 11 0 0 0 0 0 0 1020 4 0 0 0 0 0 0 
460 317 28 46 173 0 0 0 995 29 0 0 0 0 0 0 1006 18 0 0 0 0 0 0 
75 41 139 386 317 66 0 0 967 57 0 0 0 0 0 0 885 139 0 0 0 0 0 0 
0 0 20 439 447 117 1 0 923 98 3 0 0 0 0 0 587 428 9 0 0 0 0 0 
0 0 56 339 488 141 0 0 804 220 0 0 0 0 0 0 264 751 9 0 0 0 0 0 
0 0 74 390 488 72 0 0 824 200 0 0 0 0 0 0 508 514 2 0 0 0 0 0 
0 9 166 473 363 13 0 0 963 61 0 0 0 0 0 0 786 238 0 0 0 0 0 0 
271 152 137 201 253 10 0 0 818 165 23 4 11 3 0 0 903 100 8 10 3 0 0 0 
746 278 0 0 0 0 0 0 1024 0 0 0 0 0 0 0 1024 0 0 0 0 0 0 0 
717 275 0 0 0 0 0 0 992 0 0 0 0 0 0 0 992 0 0 0 0 0 0 0 
705 71 102 142 4 0 0 0 815 209 0 0 0 0 0 0 1002 22 0 0 0 0 0 0 
582 16 13 40 69 231 73 0 957 53 14 0 0 0 0 0 952 60 12 0 0 0 0 0 
101 38 57 96 292 164 253 23 799 206 19 0 0 0 0 0 847 145 32 0 0 0 0 0 
0 0 0 1 122 523 365 13 471 528 25 0 0 0 0 0 339 620 63 2 0 0 0 0 
0 0 0 2 63 375 380 204 276 534 194 20 0 0 0 0 41 661 258 64 0 0 0 0 
0 0 0 15 72 288 447 202 213 522 214 73 2 0 0 0 28 509 329 158 0 0 0 0 
0 0 3 35 68 340 471 107 247 497 210 69 1 0 0 0 54 534 288 145 3 0 0 0 
0 0 0 24 122 482 382 14 323 497 173 30 1 0 0 0 160 592 217 54 1 0 0 0 
14 22 34 88 394 247 225 0 644 361 19 0 0 0 0 0 630 378 16 0 0 0 0 0 
529 46 23 18 114 258 36 0 816 195 12 1 0 0 0 0 839 170 13 2 0 0 0 0 
631 28 8 14 99 206 6 0 859 133 0 0 0 0 0 0 886 106 0 0 0 0 0 0 
240 69 36 62 56 158 376 27 872 141 11 0 0 0 0 0 942 66 16 0 0 0 0 0 
3 4 4 17 117 284 363 232 516 423 44 33 8 0 0 0 600 336 46 42 0 0 0 0 
0 0 7 19 46 169 295 488 307 579 81 39 18 0 0 0 366 494 99 46 19 0 0 0 
0 0 0 2 38 111 332 541 162 544 213 66 31 8 0 0 119 441 352 67 37 8 0 0 
0 0 0 2 33 53 231 705 85 364 185 318 53 19 0 0 27 320 210 346 85 27 9 0 
0 0 0 0 34 121 239 630 75 468 116 122 200 43 0 0 17 393 203 134 199 78 0 0 
0 0 0 4 43 140 255 582 62 519 128 150 162 3 0 0 9 429 222 167 183 14 0 0 
0 0 0 13 53 140 314 504 115 424 158 260 67 0 0 0 104 374 175 259 112 0 0 0 
0 16 17 28 38 129 322 474 180 515 254 60 15 0 0 0 226 434 288 66 10 0 0 0 
3 6 14 28 121 337 470 45 291 562 129 42 0 0 0 0 395 456 131 42 0 0 0 0 
22 15 28 41 130 303 413 40 298 561 108 25 0 0 0 0 406 461 104 21 0 0 0 0 
0 0 0 1 220 476 307 20 750 249 25 0 0 0 0 0 863 153 8 0 0 0 0 0 
0 0 0 6 103 299 466 150 523 444 47 7 3 0 0 0 639 350 25 8 2 0 0 0 
0 0 0 8 123 184 376 333 355 586 60 18 5 0 0 0 411 547 43 15 8 0 0 0 
0 0 0 33 72 133 299 487 226 628 135 24 11 0 0 0 203 623 163 25 10 0 0 0 
0 0 0 8 11 19 168 818 26 600 278 92 24 4 0 0 17 408 415 138 33 13 0 0 
0 0 0 0 34 112 181 697 38 592 220 84 72 18 0 0 12 381 377 138 81 34 1 0 
0 0 0 10 49 134 284 547 82 595 191 87 51 18 0 0 36 416 377 99 56 40 0 0 
0 0 9 55 48 86 262 564 126 574 180 69 73 2 0 0 121 468 262 87 76 10 0 0 
0 4 11 15 40 130 448 376 135 617 222 37 13 0 0 0 164 520 283 46 11 0 0 0 
0 0 19 121 116 293 435 40 376 526 95 27 0 0 0 0 499 421 87 17 0 0 0 0 
0 0 19 121 128 320 381 23 377 500 88 27 0 0 0 0 505 392 78 17 0 0 0 0 
37 353 86 68 249 193 6 0 632 358 2 0 0 0 0 0 899 93 0 0 0 0 0 0 
1 103 257 90 159 282 100 0 449 542 1 0 0 0 0 0 814 177 1 0 0 0 0 0 
0 26 276 93 169 190 223 15 341 637 14 0 0 0 0 0 605 376 11 0 0 0 0 0 
0 13 196 149 121 181 255 77 206 754 32 0 0 0 0 0 376 597 19 0 0 0 0 0 
0 0 161 136 90 140 258 207 109 803 80 0 0 0 0 0 64 816 110 2 0 0 0 0 
0 1 71 164 53 174 313 216 36 757 166 16 7 8 2 0 3 656 255 59 5 11 3 0 
0 0 115 158 83 218 291 127 77 763 117 18 12 5 0 0 61 701 184 21 18 6 1 0 
0 2 164 105 144 154 302 121 123 785 70 13 1 0 0 0 151 743 80 17 1 0 0 0 
0 4 202 76 201 221 274 14 246 691 55 0 0 0 0 0 395 574 23 0 0 0 0 0 
0 77 134 223 211 269 76 2 413 512 60 7 0 0 0 0 646 331 15 0 0 0 0 0 
0 107 103 212 223 265 51 0 450 468 39 4 0 0 0 0 696 256 9 0 0 0 0 0 
