965 44 7 1 3 2 1 1 904 88 24 2 2 2 1 1 891 84 41 1 3 3 1 0 
1012 5 3 1 0 1 1 1 1007 11 3 0 0 1 1 1 995 25 1 0 1 1 1 0 
1024 0 0 0 0 0 0 0 1024 0 0 0 0 0 0 0 1024 0 0 0 0 0 0 0 
1024 0 0 0 0 0 0 0 573 451 0 0 0 0 0 0 312 712 0 0 0 0 0 0 
1001 23 0 0 0 0 0 0 136 888 0 0 0 0 0 0 128 745 151 0 0 0 0 0 
819 205 0 0 0 0 0 0 128 896 0 0 0 0 0 0 128 403 493 0 0 0 0 0 
672 352 0 0 0 0 0 0 128 896 0 0 0 0 0 0 112 384 528 0 0 0 0 0 
680 344 0 0 0 0 0 0 128 896 0 0 0 0 0 0 104 424 496 0 0 0 0 0 
977 47 0 0 0 0 0 0 136 888 0 0 0 0 0 0 128 703 193 0 0 0 0 0 
1024 0 0 0 0 0 0 0 636 388 0 0 0 0 0 0 383 641 0 0 0 0 0 0 
1024 0 0 0 0 0 0 0 1024 0 0 0 0 0 0 0 1024 0 0 0 0 0 0 0 
1021 1 1 1 0 0 0 0 1019 3 1 1 0 0 0 0 1007 15 1 1 0 0 0 0 
973 7 5 1 1 2 1 2 964 16 5 1 2 2 0 2 945 36 4 1 2 2 0 2 
507 258 88 22 35 28 30 56 246 438 164 36 44 31 25 40 221 364 283 59 35 25 20 17 
519 257 123 57 26 14 9 19 191 437 250 85 26 10 12 13 130 434 325 100 11 8 12 4 
916 58 12 11 6 4 8 9 612 325 45 7 10 5 7 13 410 521 50 7 10 5 7 14 
725 100 36 71 65 24 3 0 340 428 70 58 82 36 10 0 249 444 137 68 86 33 7 0 
306 343 15 12 8 12 17 311 2 464 190 16 9 10 17 316 0 200 453 19 10 8 17 317 
152 472 16 13 19 0 0 352 0 214 426 10 21 1 0 352 0 132 508 0 28 4 0 352 
88 482 70 0 0 32 0 352 0 173 467 0 0 32 0 352 0 112 528 0 0 32 0 352 
64 483 93 0 8 24 0 352 0 136 504 0 6 26 0 352 0 80 552 8 8 24 0 352 
243 397 12 10 10 0 23 329 1 395 246 15 15 0 17 335 0 175 477 8 12 15 41 296 
763 101 17 4 10 27 53 49 424 391 60 9 9 16 56 59 266 490 118 12 11 51 45 31 
677 151 148 12 11 7 11 7 505 210 203 66 10 6 13 11 357 340 153 133 10 8 12 11 
457 428 121 5 3 3 4 3 214 367 370 59 4 3 5 2 162 270 479 101 5 4 1 2 
554 382 27 10 2 6 3 8 241 449 269 9 7 5 6 6 206 311 441 13 7 6 4 4 
615 234 113 43 17 2 0 0 224 552 179 61 8 0 0 0 192 501 277 54 0 0 0 0 
276 445 115 69 23 24 19 53 0 538 279 94 23 31 14 45 0 369 496 75 27 12 15 30 
623 161 55 42 32 36 22 53 299 446 113 49 40 19 33 25 131 586 205 52 38 12 0 0 
364 115 1 3 23 45 45 428 140 310 30 0 12 39 58 435 72 347 61 0 19 43 52 430 
0 0 0 0 0 0 0 1024 0 0 0 0 0 0 0 1024 0 0 0 0 0 0 0 1024 
0 0 0 0 0 0 0 1024 0 0 0 0 0 0 0 1024 0 0 0 0 0 0 0 1024 
0 0 0 0 0 0 0 1024 0 0 0 0 0 0 0 1024 0 0 0 0 0 0 0 1024 
0 0 0 0 0 0 0 1024 0 0 0 0 0 0 0 1024 0 0 0 0 0 0 0 1024 
0 0 0 0 0 0 0 1024 0 0 0 0 0 0 0 1024 0 0 0 0 0 0 0 1024 
322 241 50 13 14 0 2 382 54 411 148 11 16 0 3 381 2 380 232 10 16 0 4 380 
374 46 118 230 114 60 69 13 84 318 26 225 186 80 80 25 0 396 29 281 187 89 42 0 
27 142 583 36 92 96 42 6 0 36 448 291 53 139 47 10 0 32 218 543 152 63 16 0 
192 462 338 0 0 0 0 0 168 35 763 26 0 0 0 0 166 31 372 423 0 0 0 0 
806 218 0 0 0 0 0 0 523 419 82 0 0 0 0 0 266 585 173 0 0 0 0 0 
769 206 43 3 1 2 0 0 80 827 113 2 2 0 0 0 1 809 212 2 0 0 0 0 
233 642 65 52 20 7 2 3 23 646 279 53 17 3 3 0 0 482 513 29 0 0 0 0 
38 394 72 9 7 5 6 493 0 243 255 15 7 5 6 493 0 84 409 19 8 5 7 492 
0 0 0 0 0 0 0 1024 0 0 0 0 0 0 0 1024 0 0 0 0 0 0 0 1024 
0 0 0 0 0 0 0 1024 0 0 0 0 0 0 0 1024 0 0 0 0 0 0 0 1024 
0 0 0 0 0 0 0 1024 0 0 0 0 0 0 0 1024 0 0 0 0 0 0 0 1024 
0 0 0 0 0 0 0 1024 0 0 0 0 0 0 0 1024 0 0 0 0 0 0 0 1024 
0 0 0 0 0 0 0 1024 0 0 0 0 0 0 0 1024 0 0 0 0 0 0 0 1024 
169 451 39 8 5 9 8 335 8 450 200 7 7 8 8 336 0 285 365 15 7 9 7 336 
71 259 89 357 150 68 25 5 1 287 50 256 300 86 39 5 0 161 179 347 255 76 5 1 
24 125 525 203 91 39 17 0 0 49 305 472 117 56 25 0 0 31 160 695 99 39 0 0 
226 412 354 0 0 0 0 0 168 90 654 80 0 0 0 0 167 70 558 197 0 0 0 0 
980 44 0 0 0 0 0 0 800 224 0 0 0 0 0 0 770 227 27 0 0 0 0 0 
938 86 0 0 0 0 0 0 514 487 23 0 0 0 0 0 335 634 55 0 0 0 0 0 
613 295 61 55 0 0 0 0 248 577 141 58 0 0 0 0 73 694 233 24 0 0 0 0 
614 238 37 1 3 3 12 116 141 568 178 3 2 2 3 127 45 605 220 20 2 3 2 127 
336 325 75 0 0 0 32 256 0 436 300 0 0 0 16 272 0 318 413 5 0 0 18 270 
266 403 67 0 0 14 18 256 0 421 313 2 0 13 19 256 0 264 472 0 0 16 23 249 
144 188 314 65 17 40 0 256 0 249 273 197 14 35 0 256 0 145 535 56 0 32 35 221 
89 159 237 100 44 38 28 329 0 185 181 227 36 60 21 314 0 68 471 133 28 39 13 272 
221 344 98 38 16 14 11 282 0 316 337 47 26 9 12 277 0 244 451 38 20 7 88 176 
832 112 0 3 2 3 1 71 152 734 58 2 3 3 1 71 19 848 78 2 2 4 35 36 
429 410 176 6 2 1 0 0 146 382 402 91 2 1 0 0 25 466 408 122 2 1 0 0 
0 801 212 11 0 0 0 0 0 51 902 71 0 0 0 0 0 0 950 74 0 0 0 0 
223 769 0 0 0 0 0 0 160 261 571 0 0 0 0 0 160 41 791 0 0 0 0 0 
1024 0 0 0 0 0 0 0 981 43 0 0 0 0 0 0 946 78 0 0 0 0 0 0 
1003 21 0 0 0 0 0 0 937 83 4 0 0 0 0 0 834 186 4 0 0 0 0 0 
996 27 1 0 0 0 0 0 921 101 2 0 0 0 0 0 827 190 7 0 0 0 0 0 
763 54 28 22 14 29 14 100 598 210 40 20 21 23 17 95 508 302 63 28 30 15 21 57 
898 85 18 9 7 5 2 0 834 119 46 10 11 2 2 0 680 229 104 9 2 0 0 0 
905 119 0 0 0 0 0 0 809 163 52 0 0 0 0 0 500 415 109 0 0 0 0 0 
886 38 37 27 18 10 8 0 752 144 63 41 13 11 0 0 382 514 101 27 0 0 0 0 
873 23 2 7 10 10 6 93 513 383 0 9 8 11 14 86 254 639 10 21 15 16 14 55 
897 19 13 17 13 9 9 47 723 192 11 21 15 7 14 41 509 408 30 22 3 11 14 27 
889 109 24 2 0 0 0 0 792 167 62 3 0 0 0 0 678 249 95 2 0 0 0 0 
960 62 2 0 0 0 0 0 819 201 4 0 0 0 0 0 698 317 9 0 0 0 0 0 
885 135 4 0 0 0 0 0 767 185 71 1 0 0 0 0 629 300 94 1 0 0 0 0 
871 121 0 0 0 0 0 0 736 234 22 0 0 0 0 0 664 232 96 0 0 0 0 0 
931 93 0 0 0 0 0 0 879 137 8 0 0 0 0 0 833 178 13 0 0 0 0 0 
1024 0 0 0 0 0 0 0 961 63 0 0 0 0 0 0 943 81 0 0 0 0 0 0 
1024 0 0 0 0 0 0 0 1000 24 0 0 0 0 0 0 974 50 0 0 0 0 0 0 
974 50 0 0 0 0 0 0 906 118 0 0 0 0 0 0 866 157 1 0 0 0 0 0 
1020 4 0 0 0 0 0 0 970 54 0 0 0 0 0 0 941 83 0 0 0 0 0 0 
1022 2 0 0 0 0 0 0 961 63 0 0 0 0 0 0 933 91 0 0 0 0 0 0 
1016 8 0 0 0 0 0 0 960 64 0 0 0 0 0 0 899 125 0 0 0 0 0 0 
1024 0 0 0 0 0 0 0 1008 16 0 0 0 0 0 0 984 40 0 0 0 0 0 0 
1024 0 0 0 0 0 0 0 1016 8 0 0 0 0 0 0 998 26 0 0 0 0 0 0 
1024 0 0 0 0 0 0 0 1024 0 0 0 0 0 0 0 1016 8 0 0 0 0 0 0 
1024 0 0 0 0 0 0 0 1024 0 0 0 0 0 0 0 1024 0 0 0 0 0 0 0 
1024 0 0 0 0 0 0 0 1024 0 0 0 0 0 0 0 1024 0 0 0 0 0 0 0 
992 0 0 0 0 0 0 0 992 0 0 0 0 0 0 0 992 0 0 0 0 0 0 0 
1023 1 0 0 0 0 0 0 945 79 0 0 0 0 0 0 910 114 0 0 0 0 0 0 
1010 14 0 0 0 0 0 0 953 71 0 0 0 0 0 0 935 89 0 0 0 0 0 0 
976 48 0 0 0 0 0 0 897 127 0 0 0 0 0 0 848 176 0 0 0 0 0 0 
1008 16 0 0 0 0 0 0 911 113 0 0 0 0 0 0 869 155 0 0 0 0 0 0 
1024 0 0 0 0 0 0 0 936 88 0 0 0 0 0 0 888 136 0 0 0 0 0 0 
1024 0 0 0 0 0 0 0 992 32 0 0 0 0 0 0 961 63 0 0 0 0 0 0 
1024 0 0 0 0 0 0 0 1019 5 0 0 0 0 0 0 970 54 0 0 0 0 0 0 
1024 0 0 0 0 0 0 0 1024 0 0 0 0 0 0 0 976 48 0 0 0 0 0 0 
1024 0 0 0 0 0 0 0 1024 0 0 0 0 0 0 0 1000 24 0 0 0 0 0 0 
1024 0 0 0 0 0 0 0 1024 0 0 0 0 0 0 0 1024 0 0 0 0 0 0 0 
1024 0 0 0 0 0 0 0 1024 0 0 0 0 0 0 0 1024 0 0 0 0 0 0 0 
1024 0 0 0 0 0 0 0 1024 0 0 0 0 0 0 0 1024 0 0 0 0 0 0 0 
992 0 0 0 0 0 0 0 992 0 0 0 0 0 0 0 992 0 0 0 0 0 0 0 
992 0 0 0 0 0 0 0 992 0 0 0 0 0 0 0 992 0 0 0 0 0 0 0 
992 0 0 0 0 0 0 0 992 0 0 0 0 0 0 0 992 0 0 0 0 0 0 0 
992 0 0 0 0 0 0 0 992 0 0 0 0 0 0 0 992 0 0 0 0 0 0 0 
992 0 0 0 0 0 0 0 976 16 0 0 0 0 0 0 944 48 0 0 0 0 0 0 
992 0 0 0 0 0 0 0 912 80 0 0 0 0 0 0 888 104 0 0 0 0 0 0 
992 0 0 0 0 0 0 0 960 32 0 0 0 0 0 0 929 63 0 0 0 0 0 0 
992 0 0 0 0 0 0 0 987 5 0 0 0 0 0 0 972 20 0 0 0 0 0 0 
992 0 0 0 0 0 0 0 992 0 0 0 0 0 0 0 992 0 0 0 0 0 0 0 
992 0 0 0 0 0 0 0 992 0 0 0 0 0 0 0 992 0 0 0 0 0 0 0 
992 0 0 0 0 0 0 0 992 0 0 0 0 0 0 0 992 0 0 0 0 0 0 0 
992 0 0 0 0 0 0 0 992 0 0 0 0 0 0 0 992 0 0 0 0 0 0 0 
992 0 0 0 0 0 0 0 992 0 0 0 0 0 0 0 992 0 0 0 0 0 0 0 
961 0 0 0 0 0 0 0 961 0 0 0 0 0 0 0 961 0 0 0 0 0 0 0 
