0 442 412 170 0 0 0 0 822 202 0 0 0 0 0 0 1024 0 0 0 0 0 0 0 
1 230 340 242 111 89 11 0 558 346 119 1 0 0 0 0 933 91 0 0 0 0 0 0 
0 273 285 154 122 132 58 0 567 239 181 37 0 0 0 0 889 122 13 0 0 0 0 0 
0 169 360 248 108 82 57 0 497 361 135 29 2 0 0 0 890 123 9 2 0 0 0 0 
0 3 294 230 189 105 138 65 306 362 168 134 24 10 7 13 742 168 85 8 7 8 6 0 
0 0 33 341 343 145 139 23 65 565 240 131 17 4 2 0 759 204 56 4 1 0 0 0 
0 0 31 367 330 137 104 55 72 617 227 96 12 0 0 0 851 123 50 0 0 0 0 0 
0 0 29 335 249 176 178 57 92 495 304 127 6 0 0 0 796 170 58 0 0 0 0 0 
0 3 183 138 169 130 157 244 143 288 216 165 118 31 25 38 540 262 133 29 18 16 15 11 
0 83 318 215 112 113 111 72 401 314 189 96 24 0 0 0 836 134 53 1 0 0 0 0 
0 0 124 412 185 111 107 85 101 585 185 116 37 0 0 0 821 166 34 3 0 0 0 0 
0 0 252 153 184 140 123 172 112 419 226 161 97 9 0 0 713 227 62 22 0 0 0 0 
0 17 535 205 39 51 63 114 335 448 80 87 67 7 0 0 825 127 51 21 0 0 0 0 
0 90 320 413 75 36 59 31 386 490 64 66 17 1 0 0 869 144 11 0 0 0 0 0 
0 170 171 135 113 115 130 190 293 278 166 150 108 29 0 0 684 238 70 32 0 0 0 0 
67 499 119 21 44 53 67 122 630 105 93 73 55 32 4 0 780 126 56 29 1 0 0 0 
0 359 665 0 0 0 0 0 1024 0 0 0 0 0 0 0 1024 0 0 0 0 0 0 0 
12 53 444 486 15 8 6 0 567 435 16 6 0 0 0 0 1001 20 3 0 0 0 0 0 
158 240 268 140 132 77 9 0 484 421 111 8 0 0 0 0 950 74 0 0 0 0 0 0 
63 337 235 254 121 14 0 0 329 634 60 1 0 0 0 0 906 118 0 0 0 0 0 0 
66 228 116 221 279 54 23 37 222 601 132 20 10 13 8 18 862 107 14 13 8 8 9 3 
0 83 114 120 350 216 126 15 27 598 286 97 8 4 4 0 818 182 15 4 5 0 0 0 
0 5 36 232 347 202 136 66 61 490 303 112 19 16 11 12 717 198 66 17 8 14 4 0 
0 0 38 231 454 213 84 4 87 627 240 70 0 0 0 0 840 147 37 0 0 0 0 0 
0 0 1 284 291 220 157 71 55 489 295 143 17 7 9 9 734 202 59 11 6 10 2 0 
0 5 88 507 214 116 84 10 172 602 163 87 0 0 0 0 845 135 44 0 0 0 0 0 
0 0 113 319 217 159 125 91 134 432 250 137 35 11 12 13 721 193 73 10 9 9 9 0 
0 2 285 313 161 101 91 71 217 503 163 98 40 3 0 0 820 134 58 12 0 0 0 0 
0 101 347 235 116 62 62 101 344 434 105 66 53 22 0 0 866 99 35 24 0 0 0 0 
2 522 93 54 68 58 65 162 609 108 86 89 74 55 3 0 777 108 96 41 2 0 0 0 
0 808 110 52 15 36 3 0 908 73 26 17 0 0 0 0 992 32 0 0 0 0 0 0 
109 480 55 56 21 48 20 203 642 70 31 43 100 87 19 0 723 101 115 53 0 0 0 0 
0 117 907 0 0 0 0 0 1023 1 0 0 0 0 0 0 1024 0 0 0 0 0 0 0 
0 134 653 237 0 0 0 0 729 295 0 0 0 0 0 0 1024 0 0 0 0 0 0 0 
442 268 4 270 40 0 0 0 629 80 5 283 27 0 0 0 706 3 5 188 122 0 0 0 
219 574 17 121 92 1 0 0 457 337 18 143 68 1 0 0 630 166 12 73 142 1 0 0 
107 665 133 39 19 19 25 17 188 675 45 39 22 15 24 16 660 174 62 27 20 19 27 35 
78 407 274 177 39 23 14 12 179 539 67 155 40 27 8 9 692 36 23 146 68 41 8 10 
35 300 317 328 33 2 5 4 120 594 108 158 35 5 2 2 762 55 9 143 51 2 2 0 
30 430 413 75 63 8 2 3 200 696 85 34 5 2 2 0 898 14 49 58 3 2 0 0 
45 356 169 262 149 38 5 0 235 690 90 9 0 0 0 0 912 104 7 1 0 0 0 0 
0 0 108 536 148 104 53 75 197 586 110 61 54 16 0 0 842 101 63 18 0 0 0 0 
0 0 443 356 80 49 37 59 437 427 55 45 27 33 0 0 903 54 28 39 0 0 0 0 
0 100 451 228 108 65 47 25 545 307 102 10 58 2 0 0 943 19 40 22 0 0 0 0 
0 730 47 8 6 11 80 142 778 9 29 89 75 44 0 0 807 136 59 22 0 0 0 0 
0 680 65 36 30 22 41 150 740 47 43 44 101 49 0 0 800 101 89 34 0 0 0 0 
0 909 22 23 17 16 21 16 925 32 20 33 14 0 0 0 975 41 8 0 0 0 0 0 
119 532 37 34 26 24 24 196 681 41 31 42 76 102 19 0 740 57 147 47 1 0 0 0 
0 233 739 52 0 0 0 0 1008 16 0 0 0 0 0 0 1024 0 0 0 0 0 0 0 
63 94 741 126 0 0 0 0 933 91 0 0 0 0 0 0 1024 0 0 0 0 0 0 0 
397 23 60 272 239 26 7 0 417 4 97 354 110 28 13 1 416 2 6 196 314 21 26 43 
50 291 218 387 74 3 1 0 56 312 242 379 29 4 1 1 76 272 188 289 163 18 13 5 
21 277 298 142 93 80 75 38 27 353 247 125 88 94 63 27 22 312 214 109 96 74 92 105 
72 380 263 141 87 41 21 19 113 464 193 97 89 42 15 11 141 422 183 80 93 51 35 19 
3 120 217 179 299 78 73 55 8 179 205 210 262 93 48 19 8 162 177 114 351 126 54 32 
0 186 178 149 158 233 100 20 0 206 174 156 323 142 21 2 6 222 106 175 312 174 23 6 
302 426 192 102 2 0 0 0 811 185 22 6 0 0 0 0 991 19 14 0 0 0 0 0 
0 0 583 225 18 87 37 74 710 110 64 75 44 21 0 0 831 94 57 42 0 0 0 0 
0 0 866 79 2 24 28 25 929 16 12 36 7 24 0 0 945 26 27 25 1 0 0 0 
0 18 747 66 63 62 32 36 780 87 72 48 9 28 0 0 888 83 22 31 0 0 0 0 
0 581 237 21 8 3 18 156 819 20 12 42 101 30 0 0 839 92 74 19 0 0 0 0 
0 669 76 48 22 27 36 146 728 75 35 37 84 65 0 0 814 80 86 44 0 0 0 0 
3 799 44 18 24 33 28 75 823 49 45 49 58 0 0 0 894 90 40 0 0 0 0 0 
146 432 68 26 32 49 42 197 615 65 60 65 91 66 30 0 700 114 135 43 0 0 0 0 
9 141 856 18 0 0 0 0 1015 9 0 0 0 0 0 0 1024 0 0 0 0 0 0 0 
90 71 787 62 6 1 1 6 931 66 16 3 0 1 2 5 983 26 4 3 1 0 3 4 
395 29 64 160 234 100 24 18 410 11 63 142 188 147 33 30 407 6 12 44 72 104 140 239 
38 143 162 249 222 129 67 14 69 156 235 245 157 92 43 27 58 144 202 191 163 79 63 124 
176 306 323 165 40 10 2 2 242 433 288 51 6 2 2 0 260 447 267 40 6 2 2 0 
183 331 225 129 70 32 15 39 267 405 180 93 43 28 7 1 295 374 202 86 43 16 8 0 
55 302 170 115 79 52 55 196 110 333 175 106 59 47 51 143 135 321 169 103 68 62 36 130 
11 319 240 132 78 75 57 112 30 399 207 123 89 64 41 71 61 379 188 138 84 58 48 68 
513 191 140 113 52 6 7 2 834 140 15 9 4 9 4 9 944 33 14 9 2 8 5 9 
100 253 337 228 59 13 16 18 822 129 36 12 19 6 0 0 941 49 11 22 1 0 0 0 
155 314 387 84 29 20 12 23 910 58 20 15 18 3 0 0 966 34 18 6 0 0 0 0 
521 67 284 48 40 31 10 23 879 74 32 16 23 0 0 0 961 30 32 1 0 0 0 0 
813 127 16 11 6 8 24 19 961 8 14 23 15 3 0 0 971 32 21 0 0 0 0 0 
890 90 10 13 11 6 3 1 984 20 16 4 0 0 0 0 1004 17 3 0 0 0 0 0 
1005 19 0 0 0 0 0 0 1024 0 0 0 0 0 0 0 1024 0 0 0 0 0 0 0 
992 0 0 0 0 0 0 0 992 0 0 0 0 0 0 0 992 0 0 0 0 0 0 0 
587 338 87 7 5 0 0 0 911 104 6 3 0 0 0 0 1004 12 6 2 0 0 0 0 
538 291 170 15 10 0 0 0 911 83 20 10 0 0 0 0 969 41 12 2 0 0 0 0 
776 114 35 61 16 17 5 0 841 80 28 42 13 18 2 0 844 67 20 32 25 15 19 2 
622 118 63 99 61 41 17 3 728 59 124 54 44 13 2 0 730 91 94 62 34 11 2 0 
98 734 90 52 26 20 4 0 795 88 68 50 21 2 0 0 814 72 75 44 16 3 0 0 
44 700 113 83 16 21 20 27 760 155 39 22 17 17 7 7 827 107 32 24 15 12 7 0 
24 618 138 66 46 41 36 55 734 118 52 48 23 10 7 32 781 102 57 34 10 6 6 28 
193 464 84 162 56 48 11 6 806 128 69 8 9 1 1 2 845 119 39 9 7 2 0 3 
115 155 211 319 131 68 17 8 709 222 73 10 9 1 0 0 846 129 35 10 4 0 0 0 
243 362 205 142 36 30 6 0 880 100 39 5 0 0 0 0 917 77 28 1 1 0 0 0 
448 338 132 53 22 23 8 0 921 63 29 11 0 0 0 0 938 58 19 7 1 1 0 0 
677 182 73 47 20 24 1 0 932 61 29 2 0 0 0 0 930 57 27 5 3 2 0 0 
807 134 61 19 3 0 0 0 987 32 2 2 1 0 0 0 974 37 4 4 2 2 1 0 
891 67 24 15 17 10 0 0 981 31 12 0 0 0 0 0 992 25 7 0 0 0 0 0 
871 82 68 1 2 0 0 0 1009 9 3 2 1 0 0 0 989 19 7 2 4 1 2 0 
989 3 0 0 0 0 0 0 992 0 0 0 0 0 0 0 992 0 0 0 0 0 0 0 
990 34 0 0 0 0 0 0 1023 1 0 0 0 0 0 0 1006 18 0 0 0 0 0 0 
577 372 75 0 0 0 0 0 996 28 0 0 0 0 0 0 1014 10 0 0 0 0 0 0 
200 503 221 60 18 11 4 7 911 90 13 9 1 0 0 0 946 70 8 0 0 0 0 0 
65 143 58 40 42 54 126 496 246 98 123 414 143 0 0 0 369 568 87 0 0 0 0 0 
3 190 184 66 89 66 69 357 371 99 123 159 262 5 5 0 488 279 221 34 2 0 0 0 
0 179 467 150 41 46 69 72 782 49 45 66 55 27 0 0 815 55 67 83 4 0 0 0 
0 52 546 174 78 59 59 56 757 93 63 64 36 11 0 0 814 76 79 50 5 0 0 0 
0 47 617 161 69 56 54 20 808 89 68 54 5 0 0 0 856 72 62 34 0 0 0 0 
0 21 693 154 52 38 38 28 838 85 47 50 4 0 0 0 890 60 59 15 0 0 0 0 
0 17 506 242 95 55 64 45 767 122 60 73 2 0 0 0 832 99 77 16 0 0 0 0 
0 65 537 217 73 47 50 35 811 99 57 45 12 0 0 0 869 77 62 16 0 0 0 0 
0 173 550 170 45 32 27 27 892 64 29 31 8 0 0 0 926 47 33 18 0 0 0 0 
86 385 350 97 34 31 25 16 905 69 34 16 0 0 0 0 938 60 23 3 0 0 0 0 
133 320 372 57 33 40 36 33 807 95 92 26 2 0 2 0 879 112 29 0 2 2 0 0 
410 128 171 124 36 59 41 55 829 80 85 30 0 0 0 0 893 102 29 0 0 0 0 0 
312 85 328 95 40 51 48 33 814 85 74 19 0 0 0 0 887 78 27 0 0 0 0 0 
791 186 46 1 0 0 0 0 1019 5 0 0 0 0 0 0 1020 4 0 0 0 0 0 0 
583 292 121 28 0 0 0 0 975 49 0 0 0 0 0 0 1013 11 0 0 0 0 0 0 
140 428 226 142 45 32 9 2 813 169 39 3 0 0 0 0 929 93 2 0 0 0 0 0 
10 34 117 38 38 131 458 198 93 160 484 235 50 2 0 0 447 514 58 5 0 0 0 0 
19 100 68 88 44 66 118 521 146 141 146 492 82 16 1 0 357 522 123 17 5 0 0 0 
47 540 177 82 36 26 45 71 713 149 61 66 35 0 0 0 832 94 78 20 0 0 0 0 
54 640 278 19 10 13 5 5 977 19 13 10 5 0 0 0 987 17 15 4 1 0 0 0 
0 147 628 86 39 34 44 46 873 55 49 46 1 0 0 0 913 60 48 3 0 0 0 0 
0 299 490 102 44 30 31 28 884 69 40 29 2 0 0 0 937 46 36 4 1 0 0 0 
0 469 516 23 7 6 2 1 1014 8 2 0 0 0 0 0 1022 2 0 0 0 0 0 0 
245 509 261 9 0 0 0 0 1020 4 0 0 0 0 0 0 1023 1 0 0 0 0 0 0 
395 407 21 14 14 17 26 130 823 25 52 110 14 0 0 0 842 99 72 11 0 0 0 0 
325 89 25 256 86 56 55 132 762 78 96 84 4 0 0 0 824 143 53 4 0 0 0 0 
30 95 350 327 50 37 47 88 831 61 100 30 2 0 0 0 871 122 28 3 0 0 0 0 
308 324 340 44 6 2 0 0 1018 6 0 0 0 0 0 0 1023 1 0 0 0 0 0 0 
530 373 86 3 0 0 0 0 984 8 0 0 0 0 0 0 990 2 0 0 0 0 0 0 
583 241 183 17 0 0 0 0 1022 2 0 0 0 0 0 0 1024 0 0 0 0 0 0 0 
625 198 133 60 8 0 0 0 988 36 0 0 0 0 0 0 1024 0 0 0 0 0 0 0 
432 195 183 125 51 28 10 0 824 173 26 1 0 0 0 0 971 48 5 0 0 0 0 0 
0 10 105 83 85 118 472 151 54 234 528 178 17 7 6 0 423 539 47 9 6 0 0 0 
0 0 2 41 64 77 180 660 25 87 133 620 139 20 0 0 157 630 232 5 0 0 0 0 
99 209 102 103 110 33 107 261 357 196 233 189 36 4 7 2 567 362 81 6 6 2 0 0 
167 438 133 47 26 33 59 121 727 108 113 74 2 0 0 0 810 153 58 3 0 0 0 0 
188 736 100 0 0 0 0 0 1024 0 0 0 0 0 0 0 1024 0 0 0 0 0 0 0 
543 448 9 4 4 3 3 10 993 15 8 8 0 0 0 0 1006 13 5 0 0 0 0 0 
463 191 61 90 33 31 32 123 805 57 52 84 26 0 0 0 848 96 77 3 0 0 0 0 
124 46 20 419 65 42 44 264 652 72 106 179 15 0 0 0 697 187 133 7 0 0 0 0 
0 16 284 571 65 39 27 22 935 48 33 8 0 0 0 0 979 36 9 0 0 0 0 0 
68 386 261 309 0 0 0 0 1024 0 0 0 0 0 0 0 1024 0 0 0 0 0 0 0 
471 457 95 1 0 0 0 0 998 26 0 0 0 0 0 0 1019 5 0 0 0 0 0 0 
338 672 14 0 0 0 0 0 976 48 0 0 0 0 0 0 1013 11 0 0 0 0 0 0 
373 606 13 0 0 0 0 0 919 73 0 0 0 0 0 0 987 5 0 0 0 0 0 0 
583 209 183 17 0 0 0 0 990 2 0 0 0 0 0 0 992 0 0 0 0 0 0 0 
532 237 152 63 8 0 0 0 955 37 0 0 0 0 0 0 992 0 0 0 0 0 0 0 
409 185 199 126 50 23 0 0 793 184 15 0 0 0 0 0 957 33 2 0 0 0 0 0 
0 4 103 84 79 89 431 202 62 212 482 175 33 16 12 0 382 516 62 27 5 0 0 0 
0 0 2 41 60 51 254 584 25 77 203 527 138 22 0 0 140 647 199 6 0 0 0 0 
94 121 89 92 88 32 164 312 256 163 338 192 30 4 7 2 454 450 74 6 6 2 0 0 
196 440 161 48 15 22 42 68 738 145 82 27 0 0 0 0 855 112 24 1 0 0 0 0 
310 679 3 0 0 0 0 0 987 5 0 0 0 0 0 0 990 2 0 0 0 0 0 0 
564 299 24 10 10 6 9 70 886 22 47 37 0 0 0 0 904 76 12 0 0 0 0 0 
341 170 92 140 34 35 33 147 743 59 70 94 26 0 0 0 788 118 83 3 0 0 0 0 
23 19 31 551 57 37 36 238 677 55 98 147 15 0 0 0 715 162 108 7 0 0 0 0 
0 138 322 515 9 2 3 3 979 8 4 1 0 0 0 0 986 3 3 0 0 0 0 0 
168 446 217 161 0 0 0 0 992 0 0 0 0 0 0 0 992 0 0 0 0 0 0 0 
508 451 33 0 0 0 0 0 961 31 0 0 0 0 0 0 987 5 0 0 0 0 0 0 
220 726 46 0 0 0 0 0 924 68 0 0 0 0 0 0 987 5 0 0 0 0 0 0 
321 562 68 5 2 3 0 0 869 90 2 0 0 0 0 0 958 3 0 0 0 0 0 0 
