991 16 3 5 3 0 3 3 927 78 5 5 3 0 3 3 754 247 9 5 3 0 3 3 
517 188 113 81 37 25 18 45 460 193 132 69 41 52 26 51 451 194 135 73 41 56 23 51 
554 331 74 27 15 8 7 8 554 331 73 27 12 11 6 10 554 331 72 28 13 11 6 9 
928 81 4 3 3 0 1 4 928 81 4 3 3 0 1 4 928 81 4 3 3 0 1 4 
1023 1 0 0 0 0 0 0 1023 1 0 0 0 0 0 0 1023 1 0 0 0 0 0 0 
1002 9 4 4 2 1 0 2 1002 9 4 4 2 1 0 2 1002 9 4 4 2 1 0 2 
866 140 4 5 3 0 1 5 866 140 4 5 3 0 1 5 866 140 4 5 3 0 1 5 
493 480 40 3 3 1 2 2 493 480 40 3 3 1 2 2 493 480 40 3 3 1 2 2 
202 785 37 0 0 0 0 0 202 785 37 0 0 0 0 0 202 785 37 0 0 0 0 0 
8 643 347 8 6 3 3 6 8 643 347 8 6 3 3 6 8 643 347 8 6 3 3 6 
0 579 389 22 2 0 0 0 0 579 389 22 2 0 0 0 0 579 389 22 2 0 0 0 
810 214 0 0 0 0 0 0 126 391 448 59 0 0 0 0 29 359 490 146 0 0 0 0 
273 297 285 163 6 0 0 0 0 173 181 258 242 165 5 0 0 86 217 194 297 217 13 0 
544 325 101 54 0 0 0 0 43 393 249 189 110 40 0 0 30 303 259 262 109 61 0 0 
354 238 163 132 70 21 17 29 27 353 215 121 97 131 43 37 25 287 269 115 96 133 63 36 
495 210 197 103 12 4 1 2 264 326 227 141 46 16 2 2 195 381 234 149 40 21 2 2 
594 208 129 38 22 9 8 16 526 249 133 37 23 27 9 20 525 250 139 33 23 26 9 19 
505 471 39 3 0 4 2 0 509 467 39 3 0 4 2 0 513 463 39 3 0 4 2 0 
213 705 106 0 0 0 0 0 209 709 106 0 0 0 0 0 208 710 106 0 0 0 0 0 
335 582 100 2 1 3 1 0 326 591 100 2 1 3 1 0 305 612 100 2 1 3 1 0 
464 382 177 1 0 0 0 0 310 492 212 10 0 0 0 0 275 518 217 14 0 0 0 0 
452 425 102 11 2 0 0 0 214 392 189 126 65 6 0 0 194 386 179 119 97 17 0 0 
881 124 6 5 1 1 6 0 69 186 717 40 5 2 5 0 69 41 655 246 6 1 5 1 
524 495 4 0 1 0 0 0 13 111 642 256 2 0 0 0 9 7 356 538 113 1 0 0 
721 288 5 7 3 0 0 0 30 71 679 221 22 1 0 0 30 5 357 566 65 1 0 0 
676 341 7 0 0 0 0 0 0 107 801 109 7 0 0 0 0 10 379 608 26 1 0 0 
647 360 16 1 0 0 0 0 4 242 548 213 16 1 0 0 0 145 345 466 58 10 0 0 
729 241 45 9 0 0 0 0 4 250 594 123 38 15 0 0 1 167 465 325 47 19 0 0 
556 159 10 4 13 13 3 266 138 212 156 139 95 14 4 266 106 197 185 106 146 11 7 266 
324 14 7 5 4 6 25 639 238 94 11 5 6 5 19 646 191 140 12 5 6 5 19 646 
242 10 5 7 7 13 109 631 178 73 6 6 7 13 104 637 115 134 6 8 6 12 110 633 
89 47 20 7 6 7 5 843 48 84 24 7 6 7 6 842 29 100 27 6 6 8 5 843 
79 108 45 6 8 13 24 709 0 66 38 98 50 15 17 708 0 46 58 52 91 15 21 709 
920 38 41 25 0 0 0 0 81 109 819 15 0 0 0 0 65 19 754 144 39 3 0 0 
1007 7 5 5 0 0 0 0 4 106 893 21 0 0 0 0 2 4 474 533 10 1 0 0 
1014 9 1 0 0 0 0 0 16 43 796 169 0 0 0 0 12 16 405 591 0 0 0 0 
759 249 5 7 1 3 0 0 49 28 612 327 4 4 0 0 35 30 114 835 5 5 0 0 
371 482 72 29 28 22 10 10 0 41 334 518 47 30 33 21 0 29 40 616 191 46 43 59 
422 528 38 13 5 5 9 4 1 8 451 502 37 6 4 15 0 8 33 815 134 13 8 13 
478 66 14 16 2 0 0 448 32 38 315 184 7 0 0 448 22 42 151 274 87 0 0 448 
0 0 0 0 0 0 0 1024 0 0 0 0 0 0 0 1024 0 0 0 0 0 0 0 1024 
0 0 0 0 0 0 0 1024 0 0 0 0 0 0 0 1024 0 0 0 0 0 0 0 1024 
0 0 0 0 0 0 0 1024 0 0 0 0 0 0 0 1024 0 0 0 0 0 0 0 1024 
147 13 12 9 11 0 0 800 0 36 95 61 0 0 3 797 0 32 67 84 9 0 0 800 
273 356 154 108 35 33 46 19 233 381 126 119 53 39 48 25 273 329 80 73 77 100 63 29 
362 337 121 85 63 37 18 1 288 341 183 76 65 42 24 5 288 308 108 109 89 59 43 20 
432 252 115 82 55 46 38 4 89 311 336 126 62 44 48 8 54 277 196 262 96 52 58 29 
495 210 109 67 58 57 27 1 19 181 421 254 51 58 37 3 6 143 109 549 89 55 50 23 
441 301 87 79 44 55 17 0 13 306 237 362 42 36 25 3 2 223 123 484 87 57 30 18 
318 521 138 32 8 3 4 0 84 507 239 183 2 4 5 0 83 308 279 297 38 13 2 4 
301 319 233 54 15 3 2 97 104 273 365 167 13 3 2 97 41 262 319 240 58 5 2 97 
236 138 229 64 62 18 7 270 0 66 316 261 78 25 7 271 0 45 264 292 117 28 7 271 
262 131 142 33 73 21 7 355 0 82 243 218 91 28 6 356 0 64 195 232 147 23 6 357 
310 144 45 29 24 5 6 461 0 122 199 188 43 5 6 461 0 113 131 237 70 6 6 461 
436 75 7 5 7 20 6 436 21 151 279 71 25 2 7 436 26 116 243 126 28 11 6 436 
875 60 23 23 15 9 14 5 861 67 28 24 14 11 15 4 858 70 23 24 19 11 11 8 
574 96 132 73 27 36 67 19 527 123 92 116 40 39 62 25 547 90 52 48 85 103 78 21 
624 190 77 42 17 21 46 7 560 227 70 63 27 23 43 11 582 168 60 47 53 54 51 9 
489 192 225 39 21 17 39 2 362 306 101 169 21 22 39 4 446 205 34 26 162 99 45 7 
578 198 111 62 31 33 10 1 498 258 72 90 52 39 13 2 564 167 54 41 79 66 49 4 
485 235 67 62 80 81 14 0 414 288 75 51 77 94 25 0 446 248 66 45 55 74 67 23 
242 325 154 100 118 69 12 4 170 353 174 89 127 94 14 3 220 266 155 104 95 92 80 12 
112 309 319 122 114 38 7 3 65 329 283 152 125 59 8 3 118 239 268 124 108 99 60 8 
120 386 300 102 71 34 11 0 109 381 312 102 70 43 7 0 139 327 301 105 72 40 29 11 
278 436 171 54 37 35 13 0 253 448 183 57 41 34 8 0 224 444 183 57 48 32 28 8 
343 123 99 146 109 107 36 29 292 156 141 205 98 52 27 21 202 168 130 208 125 57 60 42 
986 35 3 0 0 0 0 0 957 64 3 0 0 0 0 0 1009 14 1 0 0 0 0 0 
946 14 7 2 11 19 8 17 946 15 6 2 12 18 8 17 945 13 8 5 11 16 9 17 
1008 7 1 0 1 2 2 3 1007 8 0 1 1 2 1 4 1009 6 1 0 2 2 1 3 
803 33 58 25 21 38 46 0 795 32 63 27 20 40 47 0 787 34 27 33 54 54 35 0 
343 240 288 36 22 62 31 2 262 210 364 58 35 54 39 2 220 115 133 243 198 87 26 2 
975 27 22 0 0 0 0 0 949 37 33 5 0 0 0 0 935 20 30 22 16 1 0 0 
935 57 25 6 0 1 0 0 914 40 42 19 8 1 0 0 894 25 27 33 21 17 6 1 
953 17 17 9 8 12 8 0 948 18 8 16 14 10 10 0 945 18 10 5 8 12 25 1 
846 82 41 18 10 11 14 2 775 127 42 29 18 16 14 3 793 80 30 42 14 28 34 3 
668 130 38 20 28 97 37 6 611 173 48 25 21 94 46 6 591 171 63 29 30 102 30 8 
518 71 93 56 92 102 50 10 529 110 71 155 48 36 32 11 478 120 83 116 104 48 34 9 
911 17 12 35 17 0 0 0 899 29 11 33 20 0 0 0 916 14 13 45 4 0 0 0 
986 1 3 1 1 0 0 0 986 1 3 1 1 0 0 0 984 3 2 2 1 0 0 0 
991 1 0 0 0 0 0 0 991 1 0 0 0 0 0 0 991 1 0 0 0 0 0 0 
950 11 9 7 3 5 7 0 945 13 11 7 4 5 7 0 943 13 10 9 5 7 5 0 
530 207 115 26 21 60 31 2 456 180 203 32 28 53 38 2 367 141 123 202 63 73 21 2 
939 33 20 0 0 0 0 0 902 54 31 5 0 0 0 0 864 45 45 21 16 1 0 0 
929 33 23 6 0 1 0 0 909 36 19 19 8 1 0 0 881 33 27 16 11 17 6 1 
992 0 0 0 0 0 0 0 992 0 0 0 0 0 0 0 992 0 0 0 0 0 0 0 
835 64 34 18 11 28 2 0 794 70 44 27 22 33 2 0 772 50 28 50 25 47 16 4 
561 126 43 14 38 126 61 23 535 150 44 16 30 124 71 22 499 157 61 27 38 139 45 26 
294 54 112 100 153 158 74 16 300 99 112 214 92 77 54 13 289 96 92 175 157 89 53 10 
