896 81 6 29 4 8 0 0 879 98 6 28 5 8 0 0 612 366 5 31 5 5 0 0 
794 38 32 104 56 0 0 0 687 145 32 95 65 0 0 0 378 454 32 120 40 0 0 0 
771 76 17 6 154 0 0 0 418 429 17 6 154 0 0 0 227 612 25 0 160 0 0 0 
407 427 21 32 128 1 5 3 242 591 22 32 128 1 5 3 92 740 23 20 141 1 6 1 
410 440 34 6 127 0 2 5 237 614 34 5 127 0 2 5 69 771 44 5 128 0 2 5 
687 224 10 15 88 0 0 0 354 557 10 15 88 0 0 0 225 685 9 16 89 0 0 0 
853 95 15 24 37 0 0 0 480 469 16 22 37 0 0 0 274 672 13 24 41 0 0 0 
592 255 50 20 7 6 9 85 351 499 51 17 7 7 7 85 249 601 50 18 6 8 7 85 
845 19 3 82 75 0 0 0 371 493 6 93 61 0 0 0 198 666 6 135 19 0 0 0 
0 0 0 62 962 0 0 0 0 0 0 110 914 0 0 0 0 0 0 382 642 0 0 0 
0 0 0 0 1024 0 0 0 0 0 0 0 1024 0 0 0 0 0 0 0 1024 0 0 0 
0 0 0 0 833 191 0 0 0 0 0 0 978 46 0 0 0 0 0 0 1024 0 0 0 
0 0 0 0 850 174 0 0 0 0 0 0 760 264 0 0 0 0 0 0 1010 14 0 0 
0 0 0 0 1022 2 0 0 0 0 0 0 986 38 0 0 0 0 0 0 1024 0 0 0 
0 0 0 32 992 0 0 0 0 0 0 32 992 0 0 0 0 0 0 32 992 0 0 0 
344 46 7 403 224 0 0 0 198 192 7 447 180 0 0 0 143 247 7 546 81 0 0 0 
689 199 8 11 117 0 0 0 178 709 12 15 110 0 0 0 108 739 52 65 60 0 0 0 
0 0 0 0 1024 0 0 0 0 0 0 0 1024 0 0 0 0 0 0 398 626 0 0 0 
0 0 0 0 1024 0 0 0 0 0 0 0 1024 0 0 0 0 0 0 0 1024 0 0 0 
0 0 0 0 694 330 0 0 0 0 0 0 1024 0 0 0 0 0 0 0 1024 0 0 0 
0 0 0 0 221 803 0 0 0 0 0 0 930 94 0 0 0 0 0 0 1024 0 0 0 
0 0 0 0 947 77 0 0 0 0 0 0 981 43 0 0 0 0 0 0 1024 0 0 0 
0 0 0 0 1024 0 0 0 0 0 0 0 1024 0 0 0 0 0 0 23 1001 0 0 0 
406 45 7 157 409 0 0 0 179 273 11 152 409 0 0 0 136 310 15 386 177 0 0 0 
828 89 11 18 78 0 0 0 447 473 9 52 43 0 0 0 175 743 11 73 22 0 0 0 
0 0 0 7 1017 0 0 0 0 0 0 66 958 0 0 0 0 0 0 672 352 0 0 0 
0 0 0 0 1024 0 0 0 0 0 0 0 1024 0 0 0 0 0 0 18 1006 0 0 0 
0 0 0 0 1024 0 0 0 0 0 0 0 1024 0 0 0 0 0 0 0 1024 0 0 0 
0 0 0 0 1004 20 0 0 0 0 0 0 1024 0 0 0 0 0 0 0 1024 0 0 0 
0 0 0 0 1024 0 0 0 0 0 0 0 1024 0 0 0 0 0 0 1 1023 0 0 0 
0 0 0 33 991 0 0 0 0 0 0 71 953 0 0 0 0 0 0 476 548 0 0 0 
521 15 9 305 174 0 0 0 345 192 8 404 75 0 0 0 182 356 10 474 2 0 0 0 
909 36 49 12 18 0 0 0 530 414 49 20 11 0 0 0 154 789 48 30 3 0 0 0 
556 24 11 46 387 0 0 0 322 258 11 86 347 0 0 0 280 300 11 411 22 0 0 0 
529 14 11 14 456 0 0 0 317 228 9 20 450 0 0 0 301 245 9 177 292 0 0 0 
482 30 13 19 480 0 0 0 329 184 16 15 480 0 0 0 284 229 15 34 462 0 0 0 
466 22 23 1 512 0 0 0 327 165 20 0 512 0 0 0 295 193 24 0 512 0 0 0 
452 28 0 25 519 0 0 0 346 134 3 37 504 0 0 0 328 152 6 176 362 0 0 0 
448 5 27 95 449 0 0 0 412 43 25 257 287 0 0 0 322 135 23 519 25 0 0 0 
785 8 6 214 11 0 0 0 613 181 10 219 1 0 0 0 388 406 14 216 0 0 0 0 
303 90 218 413 0 0 0 0 102 289 306 327 0 0 0 0 11 391 553 69 0 0 0 0 
445 145 129 297 8 0 0 0 101 507 138 274 4 0 0 0 24 596 248 156 0 0 0 0 
370 173 192 289 0 0 0 0 101 456 201 266 0 0 0 0 16 556 253 199 0 0 0 0 
405 186 184 242 4 3 0 0 112 486 185 234 4 3 0 0 30 567 214 201 9 3 0 0 
500 132 194 186 5 4 3 0 233 409 203 168 4 4 3 0 39 619 244 109 6 4 1 2 
611 160 126 127 0 0 0 0 384 399 123 118 0 0 0 0 61 738 150 75 0 0 0 0 
647 149 106 122 0 0 0 0 567 231 121 105 0 0 0 0 208 608 166 42 0 0 0 0 
633 77 119 195 0 0 0 0 522 187 172 143 0 0 0 0 182 534 300 8 0 0 0 0 
138 395 426 65 0 0 0 0 138 392 478 16 0 0 0 0 121 463 434 6 0 0 0 0 
83 663 217 58 3 0 0 0 83 662 221 57 1 0 0 0 75 696 213 38 2 0 0 0 
149 638 176 55 6 0 0 0 133 645 192 52 2 0 0 0 125 692 169 37 1 0 0 0 
324 439 140 113 6 1 1 0 321 454 139 107 1 2 0 0 313 484 150 74 1 2 0 0 
453 336 106 121 8 0 0 0 470 320 112 117 5 0 0 0 468 335 131 88 2 0 0 0 
434 341 119 127 3 0 0 0 441 338 124 119 2 0 0 0 442 339 158 83 2 0 0 0 
356 316 39 108 163 42 0 0 352 321 47 100 170 34 0 0 352 325 102 53 173 19 0 0 
526 327 64 107 0 0 0 0 475 378 83 88 0 0 0 0 474 387 153 10 0 0 0 0 
191 406 237 153 34 3 0 0 187 410 275 137 12 3 0 0 209 401 302 98 11 3 0 0 
309 382 254 74 5 0 0 0 280 407 278 53 6 0 0 0 253 429 284 51 7 0 0 0 
165 479 267 96 8 6 0 3 169 479 272 88 8 5 0 3 110 541 293 65 7 5 0 3 
125 466 301 119 11 1 1 0 135 481 278 120 8 1 1 0 61 539 293 119 10 1 1 0 
384 352 177 94 10 6 1 0 353 386 171 100 7 7 0 0 305 425 180 98 9 7 0 0 
464 276 202 72 8 2 0 0 480 259 211 64 9 1 0 0 407 328 208 71 9 1 0 0 
430 289 258 44 3 0 0 0 408 303 269 41 3 0 0 0 352 380 244 45 2 1 0 0 
437 326 209 40 8 4 0 0 418 353 211 31 8 3 0 0 411 383 195 26 6 3 0 0 
