185 780 8 10 11 8 7 15 890 78 8 5 10 7 6 20 374 588 12 6 8 8 7 21 
24 814 62 33 22 20 20 29 511 358 33 31 16 20 20 35 89 759 48 30 20 16 26 36 
25 969 13 7 4 2 4 0 931 74 6 5 4 3 1 0 179 821 11 5 2 4 2 0 
28 922 39 11 6 5 7 6 621 361 12 9 6 6 5 4 183 797 13 10 6 6 5 4 
32 551 348 37 16 13 9 18 364 507 80 22 15 13 7 16 179 631 136 25 16 13 8 16 
56 593 317 26 6 9 3 14 415 405 157 14 8 9 3 13 99 651 226 18 5 9 4 12 
0 377 260 74 53 56 70 134 204 221 200 77 54 53 74 141 3 345 273 103 55 60 81 104 
0 306 361 90 37 38 50 110 39 314 264 126 42 36 52 119 0 176 333 243 45 46 55 94 
139 533 57 106 123 53 12 1 853 123 25 11 7 5 0 0 476 520 13 11 4 0 0 0 
13 445 58 62 179 160 90 17 482 356 65 43 38 25 7 8 498 458 44 5 3 4 2 10 
26 475 81 52 188 142 50 10 667 290 59 7 1 0 0 0 502 495 27 0 0 0 0 0 
129 644 33 57 73 61 25 2 793 90 52 42 31 16 0 0 340 616 32 21 12 3 0 0 
57 274 187 254 77 61 33 81 238 151 165 236 80 49 27 78 126 258 199 258 66 28 21 68 
8 408 273 159 40 35 29 72 193 335 168 152 41 36 29 70 24 424 241 170 43 34 29 59 
0 433 231 49 35 33 38 205 153 362 142 45 41 32 38 211 0 358 273 66 46 38 39 204 
43 216 386 76 40 37 31 163 94 211 294 106 45 39 36 167 58 57 346 243 47 40 37 164 
332 305 53 122 105 90 17 0 653 78 80 145 47 11 10 0 573 263 36 107 22 15 8 0 
3 7 12 116 330 289 237 30 571 104 59 87 139 62 2 0 972 52 0 0 0 0 0 0 
0 0 2 111 398 203 176 134 572 96 13 39 133 139 32 0 972 44 8 0 0 0 0 0 
0 27 19 68 182 198 337 193 190 114 54 95 240 276 55 0 911 104 9 0 0 0 0 0 
56 277 80 58 109 246 164 34 594 257 108 26 18 19 2 0 584 337 41 21 14 22 5 0 
132 558 154 58 25 45 46 6 478 354 95 34 17 32 12 2 87 605 222 41 17 28 19 5 
45 211 204 148 157 112 76 71 109 250 119 138 146 118 78 66 3 217 231 193 164 101 78 37 
5 99 175 138 252 191 76 56 4 144 117 164 251 195 65 52 0 18 222 209 299 155 63 26 
413 145 142 262 40 10 12 0 525 51 197 208 22 13 8 0 244 308 61 318 70 12 11 0 
315 280 46 108 221 45 9 0 959 40 20 5 0 0 0 0 801 221 2 0 0 0 0 0 
83 210 45 374 266 44 2 0 927 78 14 4 1 0 0 0 876 148 0 0 0 0 0 0 
53 206 40 426 266 33 0 0 935 67 21 1 0 0 0 0 906 116 2 0 0 0 0 0 
130 240 35 135 367 102 15 0 904 80 32 8 0 0 0 0 823 197 4 0 0 0 0 0 
60 211 41 57 194 275 164 22 453 187 76 98 117 81 12 0 672 299 50 3 0 0 0 0 
19 84 53 102 145 291 237 93 279 324 266 85 12 18 30 10 622 254 71 9 13 8 20 27 
191 128 83 85 100 141 180 84 196 310 211 195 44 23 11 2 266 261 226 147 58 16 11 7 
702 51 132 104 2 1 0 0 723 53 166 48 1 1 0 0 642 97 55 188 9 1 0 0 
170 99 76 346 253 39 9 0 933 34 20 5 0 0 0 0 921 67 4 0 0 0 0 0 
0 1 129 577 241 43 1 0 940 47 5 0 0 0 0 0 981 11 0 0 0 0 0 0 
5 26 191 582 165 23 0 0 951 38 1 1 1 0 0 0 980 9 2 1 0 0 0 0 
233 329 128 160 129 13 0 0 813 107 27 31 14 0 0 0 612 291 41 32 16 0 0 0 
44 185 136 161 194 164 80 28 212 144 125 170 197 84 57 3 330 296 139 84 49 48 46 0 
9 60 96 143 120 201 319 44 122 148 161 120 47 70 304 20 187 198 86 72 54 189 182 24 
19 39 66 70 84 265 400 18 37 75 98 127 55 335 222 12 59 103 108 60 81 486 50 14 
