536 488 0 0 0 0 0 0 1024 0 0 0 0 0 0 0 1024 0 0 0 0 0 0 0 
0 679 345 0 0 0 0 0 1024 0 0 0 0 0 0 0 1024 0 0 0 0 0 0 0 
0 773 249 2 0 0 0 0 1012 12 0 0 0 0 0 0 1022 2 0 0 0 0 0 0 
3 700 197 95 19 10 0 0 854 158 11 1 0 0 0 0 1010 9 5 0 0 0 0 0 
0 131 273 227 200 124 60 9 357 464 176 27 0 0 0 0 965 59 0 0 0 0 0 0 
0 79 31 206 235 196 171 106 104 408 344 155 13 0 0 0 756 221 47 0 0 0 0 0 
4 405 69 57 80 163 175 71 460 108 330 122 2 2 0 0 771 197 53 1 0 2 0 0 
0 243 488 42 13 53 133 52 651 131 119 116 7 0 0 0 849 131 43 1 0 0 0 0 
0 10 439 547 21 2 2 3 173 842 3 3 3 0 0 0 1015 3 4 2 0 0 0 0 
0 0 58 660 269 37 0 0 20 930 74 0 0 0 0 0 1023 1 0 0 0 0 0 0 
0 0 4 305 352 208 129 26 6 619 325 73 1 0 0 0 866 149 9 0 0 0 0 0 
0 80 213 18 140 228 204 141 290 130 372 199 33 0 0 0 695 261 65 3 0 0 0 0 
0 25 717 14 10 19 89 150 741 21 52 158 52 0 0 0 769 171 73 11 0 0 0 0 
0 2 634 387 1 0 0 0 395 628 1 0 0 0 0 0 1022 1 1 0 0 0 0 0 
0 0 3 309 350 219 99 44 0 556 335 76 41 16 0 0 794 167 48 15 0 0 0 0 
0 0 0 0 0 27 174 823 0 0 67 381 210 84 82 200 12 438 222 108 71 56 61 56 
5 110 16 8 7 34 235 609 131 9 114 347 281 142 0 0 179 490 308 46 1 0 0 0 
344 412 25 10 8 9 9 207 782 11 8 36 103 84 0 0 794 48 137 43 2 0 0 0 
133 891 0 0 0 0 0 0 1024 0 0 0 0 0 0 0 1024 0 0 0 0 0 0 0 
0 526 391 107 0 0 0 0 710 314 0 0 0 0 0 0 1024 0 0 0 0 0 0 0 
0 6 101 241 286 194 107 89 22 456 347 108 31 19 15 26 736 199 33 17 14 11 13 1 
569 103 24 13 16 33 251 15 699 22 100 202 1 0 0 0 742 259 22 1 0 0 0 0 
904 45 9 6 3 4 8 13 959 6 5 21 1 0 0 0 965 13 13 1 0 0 0 0 
120 904 0 0 0 0 0 0 1024 0 0 0 0 0 0 0 1024 0 0 0 0 0 0 0 
0 1024 0 0 0 0 0 0 1024 0 0 0 0 0 0 0 1024 0 0 0 0 0 0 0 
0 258 544 148 71 3 0 0 732 268 24 0 0 0 0 0 1007 17 0 0 0 0 0 0 
2 572 171 96 76 87 20 0 722 187 112 3 0 0 0 0 954 70 0 0 0 0 0 0 
0 411 239 99 89 93 90 3 637 187 153 47 0 0 0 0 928 74 22 0 0 0 0 0 
0 26 464 194 104 82 131 23 414 342 182 85 1 0 0 0 887 108 29 0 0 0 0 0 
25 70 356 408 53 23 72 17 301 597 35 82 8 1 0 0 866 84 70 3 0 1 0 0 
0 0 72 440 302 152 52 6 77 709 211 27 0 0 0 0 970 50 4 0 0 0 0 0 
0 0 2 71 152 156 166 477 7 173 216 241 125 82 53 127 327 272 186 78 46 29 43 43 
0 0 202 165 84 109 200 264 97 312 227 192 97 45 24 30 539 284 128 28 20 22 3 0 
0 0 535 201 12 57 124 95 338 407 127 141 11 0 0 0 822 157 44 1 0 0 0 0 
0 0 321 508 160 17 4 14 280 700 27 14 3 0 0 0 1003 10 11 0 0 0 0 0 
0 2 93 476 199 125 94 35 197 548 205 70 4 0 0 0 873 148 3 0 0 0 0 0 
0 7 167 315 122 188 133 92 218 389 266 134 17 0 0 0 758 212 54 0 0 0 0 0 
0 0 186 371 126 114 134 93 111 521 219 134 39 0 0 0 744 209 67 4 0 0 0 0 
0 0 124 361 262 175 60 42 40 603 252 75 39 15 0 0 834 130 43 17 0 0 0 0 
0 0 0 362 363 232 67 0 0 613 393 18 0 0 0 0 933 91 0 0 0 0 0 0 
0 5 7 48 211 225 234 294 13 195 363 266 143 44 0 0 523 358 132 11 0 0 0 0 
0 446 43 24 20 31 103 357 490 33 54 168 200 79 0 0 555 221 205 42 1 0 0 0 
0 132 708 164 3 1 4 12 535 469 3 2 3 12 0 0 1005 3 8 8 0 0 0 0 
0 0 219 279 201 137 76 112 30 535 238 86 33 21 20 61 717 170 36 17 15 18 23 28 
24 17 80 260 283 234 111 15 49 469 409 97 0 0 0 0 826 193 5 0 0 0 0 0 
276 54 67 167 240 114 59 15 348 335 248 61 0 0 0 0 880 107 5 0 0 0 0 0 
0 1024 0 0 0 0 0 0 1024 0 0 0 0 0 0 0 1024 0 0 0 0 0 0 0 
0 1024 0 0 0 0 0 0 1024 0 0 0 0 0 0 0 1024 0 0 0 0 0 0 0 
0 705 244 75 0 0 0 0 923 101 0 0 0 0 0 0 1024 0 0 0 0 0 0 0 
11 106 443 344 60 45 15 0 510 440 66 8 0 0 0 0 980 44 0 0 0 0 0 0 
0 380 290 120 81 114 39 0 691 180 133 20 0 0 0 0 922 91 11 0 0 0 0 0 
0 322 224 182 123 91 82 0 533 299 137 55 0 0 0 0 930 73 21 0 0 0 0 0 
0 166 446 152 89 101 69 1 595 223 161 40 5 0 0 0 874 131 16 3 0 0 0 0 
0 4 390 268 128 78 124 32 370 391 112 145 6 0 0 0 797 151 76 0 0 0 0 0 
0 0 65 381 325 115 113 25 87 595 197 135 10 0 0 0 778 202 42 2 0 0 0 0 
0 0 7 291 347 185 141 53 36 538 315 125 10 0 0 0 796 180 48 0 0 0 0 0 
0 0 40 431 256 124 105 68 97 614 199 99 15 0 0 0 836 138 49 1 0 0 0 0 
0 0 65 279 285 170 175 50 88 482 330 120 4 0 0 0 793 192 38 1 0 0 0 0 
0 9 258 87 49 95 168 358 202 179 150 189 166 46 36 56 452 277 162 48 24 21 25 15 
0 129 350 238 20 78 108 101 512 225 137 122 28 0 0 0 822 150 50 2 0 0 0 0 
0 5 237 464 176 70 48 24 197 654 117 53 3 0 0 0 923 91 9 1 0 0 0 0 
0 0 107 126 232 181 163 215 56 350 294 189 120 15 0 0 656 284 65 19 0 0 0 0 
0 1 495 96 29 97 114 192 206 395 155 170 96 2 0 0 708 235 64 17 0 0 0 0 
0 9 624 309 48 8 3 23 411 570 15 11 17 0 0 0 970 36 13 5 0 0 0 0 
0 14 257 503 81 59 69 41 279 550 90 86 19 0 0 0 826 189 9 0 0 0 0 0 
0 157 89 144 122 143 139 230 257 233 200 156 143 35 0 0 640 254 99 30 1 0 0 0 
29 664 159 9 10 15 28 110 820 41 32 59 52 20 0 0 875 90 42 17 0 0 0 0 
273 466 285 0 0 0 0 0 932 92 0 0 0 0 0 0 1024 0 0 0 0 0 0 0 
223 349 325 81 14 0 0 0 764 228 0 0 0 0 0 0 992 0 0 0 0 0 0 0 
0 1024 0 0 0 0 0 0 1024 0 0 0 0 0 0 0 1024 0 0 0 0 0 0 0 
0 1024 0 0 0 0 0 0 1024 0 0 0 0 0 0 0 1024 0 0 0 0 0 0 0 
0 580 444 0 0 0 0 0 1024 0 0 0 0 0 0 0 1024 0 0 0 0 0 0 0 
0 48 557 419 0 0 0 0 661 363 0 0 0 0 0 0 1023 1 0 0 0 0 0 0 
0 80 462 251 147 78 6 0 503 401 112 8 0 0 0 0 936 84 4 0 0 0 0 0 
0 15 406 216 219 149 19 0 335 455 205 29 0 0 0 0 903 115 6 0 0 0 0 0 
2 80 320 426 184 12 0 0 313 634 77 0 0 0 0 0 896 125 3 0 0 0 0 0 
0 9 81 292 371 138 59 74 66 611 218 56 34 17 11 11 772 168 41 19 13 11 0 0 
0 0 0 127 397 259 152 89 12 434 358 125 23 19 18 35 703 226 27 16 14 13 16 9 
0 0 1 286 379 160 186 12 41 609 247 127 0 0 0 0 807 182 35 0 0 0 0 0 
0 0 40 283 454 187 58 2 112 636 227 42 7 0 0 0 874 112 29 9 0 0 0 0 
0 0 43 278 296 208 162 37 116 486 282 127 13 0 0 0 779 176 66 3 0 0 0 0 
0 0 1 345 359 149 129 41 40 607 260 110 7 0 0 0 810 171 43 0 0 0 0 0 
0 8 91 434 283 154 54 0 138 637 205 44 0 0 0 0 914 97 13 0 0 0 0 0 
0 2 64 293 195 165 172 133 93 393 242 201 45 16 12 22 654 238 81 13 13 9 15 1 
0 2 175 414 153 94 107 79 125 567 179 128 25 0 0 0 813 156 52 3 0 0 0 0 
0 26 245 266 239 113 68 67 230 495 189 62 43 5 0 0 870 99 42 13 0 0 0 0 
0 20 265 242 156 103 109 129 192 470 164 116 74 8 0 0 786 169 54 15 0 0 0 0 
0 569 149 27 24 55 50 150 723 34 82 69 65 48 3 0 822 84 84 33 1 0 0 0 
0 666 241 91 26 0 0 0 827 197 0 0 0 0 0 0 1024 0 0 0 0 0 0 0 
193 327 62 32 55 53 44 258 568 71 80 74 103 98 30 0 698 133 148 45 0 0 0 0 
1024 0 0 0 0 0 0 0 1024 0 0 0 0 0 0 0 1024 0 0 0 0 0 0 0 
992 0 0 0 0 0 0 0 992 0 0 0 0 0 0 0 992 0 0 0 0 0 0 0 
0 692 332 0 0 0 0 0 1019 5 0 0 0 0 0 0 1024 0 0 0 0 0 0 0 
0 863 161 0 0 0 0 0 1024 0 0 0 0 0 0 0 1024 0 0 0 0 0 0 0 
0 359 665 0 0 0 0 0 1024 0 0 0 0 0 0 0 1024 0 0 0 0 0 0 0 
0 2 885 137 0 0 0 0 927 97 0 0 0 0 0 0 1024 0 0 0 0 0 0 0 
274 355 39 351 0 1 0 4 507 506 5 1 0 1 3 1 1014 5 0 1 2 2 0 0 
405 470 35 12 8 9 12 73 617 294 10 6 10 10 11 66 915 11 10 11 39 38 0 0 
131 868 18 2 2 2 1 0 550 466 4 2 2 0 0 0 1014 6 3 1 0 0 0 0 
118 795 98 5 3 2 0 3 312 695 9 3 2 0 2 1 1012 4 3 2 0 3 0 0 
11 526 319 79 67 5 5 12 157 810 29 7 6 4 6 5 961 37 6 6 6 7 1 0 
42 571 110 44 128 88 29 12 215 643 143 10 4 3 5 1 959 48 5 5 3 4 0 0 
11 189 260 135 136 102 103 88 105 580 174 78 32 18 17 20 779 149 34 19 16 17 10 0 
27 252 117 115 315 121 67 10 174 629 161 47 6 3 3 1 913 89 12 5 1 4 0 0 
0 38 97 294 306 166 76 47 76 569 257 70 17 12 7 16 733 217 35 13 10 13 3 0 
0 0 89 464 176 146 119 30 184 519 197 105 18 1 0 0 810 167 42 5 0 0 0 0 
0 1 257 400 163 77 67 59 241 555 110 70 35 13 0 0 859 91 60 14 0 0 0 0 
0 0 305 399 132 62 57 69 297 515 101 49 46 16 0 0 883 73 44 24 0 0 0 0 
0 14 156 282 172 109 79 212 180 398 175 120 88 63 0 0 733 182 81 28 0 0 0 0 
0 751 243 30 0 0 0 0 905 119 0 0 0 0 0 0 1024 0 0 0 0 0 0 0 
0 597 100 35 22 41 42 187 667 78 41 55 95 87 1 0 769 82 141 32 0 0 0 0 
0 1024 0 0 0 0 0 0 1024 0 0 0 0 0 0 0 1024 0 0 0 0 0 0 0 
213 425 54 14 40 23 22 233 684 22 38 40 83 126 31 0 739 80 157 45 3 0 0 0 
1024 0 0 0 0 0 0 0 1024 0 0 0 0 0 0 0 1024 0 0 0 0 0 0 0 
976 16 0 0 0 0 0 0 992 0 0 0 0 0 0 0 992 0 0 0 0 0 0 0 
0 448 576 0 0 0 0 0 1024 0 0 0 0 0 0 0 1024 0 0 0 0 0 0 0 
0 1020 4 0 0 0 0 0 1024 0 0 0 0 0 0 0 1024 0 0 0 0 0 0 0 
0 365 659 0 0 0 0 0 1024 0 0 0 0 0 0 0 1024 0 0 0 0 0 0 0 
0 0 999 25 0 0 0 0 1024 0 0 0 0 0 0 0 1024 0 0 0 0 0 0 0 
273 303 153 263 0 0 11 21 810 170 12 5 7 7 13 0 990 2 8 12 12 0 0 0 
0 0 0 0 0 0 1 1023 0 0 0 0 10 166 214 634 0 1 110 362 427 124 0 0 
0 3 23 10 6 6 8 968 0 27 8 6 7 4 138 834 32 7 10 176 477 322 0 0 
0 50 92 11 9 9 9 844 6 136 9 8 11 5 11 838 149 11 7 9 309 539 0 0 
0 2 160 94 10 6 7 745 0 239 17 9 6 7 9 737 254 11 6 5 13 735 0 0 
0 42 244 65 10 8 9 646 8 315 28 7 11 7 9 639 349 6 12 8 8 641 0 0 
0 51 205 181 12 6 11 558 9 305 128 6 5 11 13 547 403 44 5 12 39 508 13 0 
3 244 335 10 8 11 16 397 66 513 15 7 6 13 14 390 588 10 10 21 246 149 0 0 
113 586 112 213 0 0 0 0 447 577 0 0 0 0 0 0 1024 0 0 0 0 0 0 0 
0 0 155 492 116 69 53 139 236 526 69 53 124 16 0 0 820 72 113 19 0 0 0 0 
0 0 579 271 46 44 17 67 623 273 30 24 44 30 0 0 896 46 58 24 0 0 0 0 
0 100 808 23 15 15 21 42 915 17 18 22 16 36 0 0 941 18 35 30 0 0 0 0 
0 88 507 77 53 50 59 190 592 121 83 67 108 53 0 0 769 138 85 32 0 0 0 0 
0 884 140 0 0 0 0 0 1024 0 0 0 0 0 0 0 1024 0 0 0 0 0 0 0 
0 613 72 44 23 25 40 207 683 53 39 60 121 68 0 0 752 138 89 45 0 0 0 0 
0 1024 0 0 0 0 0 0 1024 0 0 0 0 0 0 0 1024 0 0 0 0 0 0 0 
63 497 54 41 36 31 31 271 608 64 45 54 102 96 55 0 700 96 164 59 5 0 0 0 
486 538 0 0 0 0 0 0 1024 0 0 0 0 0 0 0 1024 0 0 0 0 0 0 0 
857 135 0 0 0 0 0 0 992 0 0 0 0 0 0 0 992 0 0 0 0 0 0 0 
152 718 154 0 0 0 0 0 1024 0 0 0 0 0 0 0 1024 0 0 0 0 0 0 0 
79 945 0 0 0 0 0 0 1024 0 0 0 0 0 0 0 1024 0 0 0 0 0 0 0 
0 387 571 66 0 0 0 0 1006 18 0 0 0 0 0 0 1024 0 0 0 0 0 0 0 
0 12 953 59 0 0 0 0 989 35 0 0 0 0 0 0 1024 0 0 0 0 0 0 0 
511 56 343 82 6 26 0 0 910 82 24 8 0 0 0 0 992 28 4 0 0 0 0 0 
0 0 0 0 0 0 60 964 0 0 0 49 702 273 0 0 0 58 966 0 0 0 0 0 
0 0 0 0 0 0 0 1024 0 0 0 0 67 767 187 3 0 0 622 402 0 0 0 0 
0 0 0 0 0 0 0 1024 0 0 0 0 0 209 550 265 0 0 17 735 272 0 0 0 
0 0 0 0 0 0 0 1024 0 0 0 0 0 0 15 1009 0 0 0 0 871 153 0 0 
0 0 0 0 0 0 0 1024 0 0 0 0 0 0 58 966 0 0 0 0 868 156 0 0 
0 0 0 0 0 0 0 1024 0 0 0 0 0 0 222 802 0 0 0 222 646 156 0 0 
43 88 29 0 2 27 17 818 148 12 3 23 31 336 326 145 160 23 209 522 110 0 0 0 
462 285 204 73 0 0 0 0 989 35 0 0 0 0 0 0 1024 0 0 0 0 0 0 0 
0 0 488 324 39 32 41 100 691 163 23 39 87 21 0 0 867 36 58 63 0 0 0 0 
0 0 790 148 41 7 0 38 891 58 37 0 24 14 0 0 959 27 16 21 1 0 0 0 
0 0 835 68 31 28 16 46 853 65 26 32 24 24 0 0 932 40 28 24 0 0 0 0 
0 56 555 87 40 43 79 164 638 94 68 96 100 28 0 0 760 180 73 11 0 0 0 0 
96 807 121 0 0 0 0 0 1024 0 0 0 0 0 0 0 1024 0 0 0 0 0 0 0 
21 576 104 61 40 41 39 142 677 107 51 44 79 66 0 0 802 85 99 38 0 0 0 0 
146 851 27 0 0 0 0 0 1008 16 0 0 0 0 0 0 1024 0 0 0 0 0 0 0 
398 232 39 45 37 50 49 174 659 60 61 77 87 56 24 0 744 125 115 38 2 0 0 0 
931 93 0 0 0 0 0 0 1024 0 0 0 0 0 0 0 1024 0 0 0 0 0 0 0 
888 63 25 16 0 0 0 0 960 32 0 0 0 0 0 0 992 0 0 0 0 0 0 0 
755 151 86 25 3 2 0 2 895 121 1 4 1 1 1 0 1016 1 3 2 1 1 0 0 
320 557 114 8 4 9 5 7 968 28 6 7 5 7 3 0 987 13 7 8 8 1 0 0 
16 63 932 13 0 0 0 0 1024 0 0 0 0 0 0 0 1024 0 0 0 0 0 0 0 
0 155 837 32 0 0 0 0 1017 7 0 0 0 0 0 0 1024 0 0 0 0 0 0 0 
503 91 332 46 35 5 1 11 888 57 53 8 2 4 1 11 926 68 8 4 2 4 3 9 
0 0 0 0 0 0 142 882 0 0 0 120 904 0 0 0 0 85 939 0 0 0 0 0 
0 0 0 0 0 0 0 1024 0 0 0 0 784 240 0 0 0 0 1024 0 0 0 0 0 
0 0 0 0 0 0 0 1024 0 0 0 0 58 816 150 0 0 0 620 404 0 0 0 0 
0 0 0 0 0 0 0 1024 0 0 0 0 0 298 622 104 0 0 100 740 184 0 0 0 
0 0 0 0 0 0 0 1024 0 0 0 0 0 244 645 135 0 0 80 747 197 0 0 0 
0 0 0 0 0 0 0 1024 0 0 0 0 11 435 469 109 0 0 174 712 138 0 0 0 
87 73 0 16 16 6 34 792 160 20 12 37 366 429 0 0 176 49 731 68 0 0 0 0 
492 186 106 152 68 7 12 1 819 151 10 6 7 12 6 13 951 21 9 5 9 11 7 11 
123 289 304 200 50 16 24 18 811 140 18 34 6 15 0 0 946 45 12 17 4 0 0 0 
103 285 319 212 23 28 25 29 880 61 25 31 21 6 0 0 947 42 31 4 0 0 0 0 
466 201 262 32 14 11 17 21 935 28 23 26 12 0 0 0 968 25 31 0 0 0 0 0 
691 52 175 33 20 25 17 11 911 53 33 18 8 1 0 0 979 33 11 1 0 0 0 0 
943 81 0 0 0 0 0 0 1024 0 0 0 0 0 0 0 1024 0 0 0 0 0 0 0 
998 15 11 0 0 0 0 0 1014 10 0 0 0 0 0 0 1023 1 0 0 0 0 0 0 
1024 0 0 0 0 0 0 0 1024 0 0 0 0 0 0 0 1024 0 0 0 0 0 0 0 
1024 0 0 0 0 0 0 0 1024 0 0 0 0 0 0 0 1024 0 0 0 0 0 0 0 
1024 0 0 0 0 0 0 0 1024 0 0 0 0 0 0 0 1024 0 0 0 0 0 0 0 
992 0 0 0 0 0 0 0 992 0 0 0 0 0 0 0 992 0 0 0 0 0 0 0 
413 458 153 0 0 0 0 0 887 137 0 0 0 0 0 0 1024 0 0 0 0 0 0 0 
483 487 54 0 0 0 0 0 921 103 0 0 0 0 0 0 1024 0 0 0 0 0 0 0 
502 378 129 6 6 3 0 0 886 123 10 2 3 0 0 0 1003 10 7 3 1 0 0 0 
428 340 256 0 0 0 0 0 985 39 0 0 0 0 0 0 1022 2 0 0 0 0 0 0 
643 268 55 32 24 2 0 0 864 118 17 21 4 0 0 0 958 31 28 7 0 0 0 0 
495 81 19 24 9 70 183 143 583 24 25 299 93 0 0 0 598 334 92 0 0 0 0 0 
586 70 12 8 12 21 62 253 660 14 14 113 223 0 0 0 673 88 263 0 0 0 0 0 
46 670 13 9 10 9 43 224 720 16 11 13 233 31 0 0 736 21 267 0 0 0 0 0 
1 748 31 8 11 13 13 199 752 37 10 16 114 95 0 0 789 15 217 3 0 0 0 0 
1 756 62 19 9 6 23 148 788 43 15 10 74 94 0 0 828 19 151 26 0 0 0 0 
23 773 60 24 7 8 17 112 845 31 12 13 91 32 0 0 871 19 113 21 0 0 0 0 
288 420 43 105 35 50 43 40 815 69 45 29 66 0 0 0 854 57 111 2 0 0 0 0 
86 170 248 316 132 30 30 12 721 230 43 17 11 2 0 0 912 69 25 14 4 0 0 0 
287 479 111 99 28 18 2 0 930 63 25 6 0 0 0 0 953 45 20 5 1 0 0 0 
599 310 71 32 10 2 0 0 979 38 4 2 1 0 0 0 984 29 5 2 2 1 1 0 
693 260 49 19 3 0 0 0 989 32 3 0 0 0 0 0 987 22 8 4 3 0 0 0 
829 133 41 21 0 0 0 0 987 28 6 3 0 0 0 0 985 23 2 3 5 6 0 0 
863 106 40 14 1 0 0 0 996 21 4 2 1 0 0 0 986 19 6 4 3 4 1 1 
1024 0 0 0 0 0 0 0 1024 0 0 0 0 0 0 0 1024 0 0 0 0 0 0 0 
903 70 45 3 3 0 0 0 1004 11 4 4 1 0 0 0 976 24 10 4 5 0 4 1 
1024 0 0 0 0 0 0 0 1024 0 0 0 0 0 0 0 1024 0 0 0 0 0 0 0 
992 10 13 5 4 0 0 0 993 12 10 7 2 0 0 0 951 28 10 4 12 12 4 3 
861 52 67 10 2 0 0 0 970 9 10 1 2 0 0 0 943 16 6 2 12 8 2 3 
1022 2 0 0 0 0 0 0 1024 0 0 0 0 0 0 0 1024 0 0 0 0 0 0 0 
949 66 8 1 0 0 0 0 1012 10 2 0 0 0 0 0 972 17 13 13 8 1 0 0 
992 30 2 0 0 0 0 0 1022 2 0 0 0 0 0 0 1000 20 2 2 0 0 0 0 
890 122 12 0 0 0 0 0 1009 15 0 0 0 0 0 0 1010 13 1 0 0 0 0 0 
432 444 134 14 0 0 0 0 960 53 11 0 0 0 0 0 1005 17 2 0 0 0 0 0 
355 278 177 95 29 27 36 27 823 111 29 50 11 0 0 0 892 115 16 1 0 0 0 0 
195 278 16 10 10 8 19 488 486 16 11 329 182 0 0 0 506 485 33 0 0 0 0 0 
16 331 164 39 43 48 37 346 505 74 49 72 317 4 3 0 593 169 229 33 0 0 0 0 
0 146 417 205 56 43 53 104 705 106 58 53 74 28 0 0 797 63 70 87 7 0 0 0 
0 25 455 243 59 55 69 118 655 122 65 64 84 34 0 0 752 87 90 88 7 0 0 0 
0 10 422 313 73 72 87 47 711 109 76 86 27 15 0 0 792 87 89 52 4 0 0 0 
0 21 527 285 74 43 40 34 820 96 47 54 7 0 0 0 884 57 65 18 0 0 0 0 
0 17 486 284 76 69 51 41 768 116 78 58 4 0 0 0 852 82 74 16 0 0 0 0 
0 6 486 302 89 48 57 36 787 122 57 58 0 0 0 0 871 66 64 23 0 0 0 0 
20 79 536 206 66 41 54 22 816 98 67 41 2 0 0 0 875 73 63 13 0 0 0 0 
115 129 343 194 93 51 53 46 773 124 55 62 10 0 0 0 850 85 76 13 0 0 0 0 
74 173 423 157 67 44 39 47 814 94 56 58 2 0 0 0 880 67 68 9 0 0 0 0 
106 242 420 139 41 39 25 12 883 101 38 2 0 0 0 0 953 60 11 0 0 0 0 0 
172 266 449 83 26 22 6 0 896 100 28 0 0 0 0 0 964 47 13 0 0 0 0 0 
610 225 148 7 11 18 5 0 966 35 21 2 0 0 0 0 998 22 4 0 0 0 0 0 
602 41 121 59 43 52 54 52 824 82 105 13 0 0 0 0 900 99 25 0 0 0 0 0 
186 237 391 48 37 40 32 53 853 73 67 31 0 0 0 0 902 88 34 0 0 0 0 0 
247 271 383 19 14 18 17 23 923 23 29 17 0 0 0 0 938 36 18 0 0 0 0 0 
986 14 15 6 3 0 0 0 996 9 14 5 0 0 0 0 943 29 17 7 14 8 5 1 
1024 0 0 0 0 0 0 0 1024 0 0 0 0 0 0 0 1024 0 0 0 0 0 0 0 
916 100 8 0 0 0 0 0 1024 0 0 0 0 0 0 0 1024 0 0 0 0 0 0 0 
679 264 81 0 0 0 0 0 1015 9 0 0 0 0 0 0 1020 4 0 0 0 0 0 0 
490 416 75 40 3 0 0 0 981 43 0 0 0 0 0 0 1014 10 0 0 0 0 0 0 
63 395 320 146 60 36 4 0 721 267 36 0 0 0 0 0 938 86 0 0 0 0 0 0 
0 0 0 1 16 130 457 420 0 55 442 448 77 2 0 0 216 712 93 3 0 0 0 0 
22 137 90 127 97 39 88 424 195 183 161 400 65 14 6 0 429 466 107 17 5 0 0 0 
24 607 243 41 19 25 25 40 876 48 39 42 19 0 0 0 913 47 51 12 1 0 0 0 
0 383 510 35 21 19 16 40 929 25 19 23 28 0 0 0 950 22 30 22 0 0 0 0 
0 265 462 103 50 45 47 52 816 79 59 51 19 0 0 0 880 63 55 26 0 0 0 0 
0 194 455 148 50 44 53 80 802 79 78 55 10 0 0 0 879 78 59 8 0 0 0 0 
0 105 626 138 58 27 29 41 854 90 44 36 0 0 0 0 930 66 27 1 0 0 0 0 
0 68 703 127 37 26 25 38 898 58 35 31 2 0 0 0 943 42 37 2 0 0 0 0 
0 184 617 96 35 25 21 46 904 45 34 39 2 0 0 0 936 44 39 5 0 0 0 0 
16 462 469 58 7 6 3 3 1009 10 5 0 0 0 0 0 1018 6 0 0 0 0 0 0 
326 466 221 11 0 0 0 0 1021 3 0 0 0 0 0 0 1023 1 0 0 0 0 0 0 
462 355 32 12 15 10 23 115 841 29 78 68 6 2 0 0 869 99 50 5 1 0 0 0 
127 111 163 219 76 86 104 138 613 128 213 61 5 2 1 1 718 246 53 3 2 1 1 0 
41 68 467 226 52 40 43 87 824 74 99 27 0 0 0 0 890 112 22 0 0 0 0 0 
181 378 426 38 1 0 0 0 1011 12 1 0 0 0 0 0 1016 8 0 0 0 0 0 0 
196 240 182 127 95 73 100 11 569 232 180 34 7 2 0 0 837 156 25 5 1 0 0 0 
316 160 94 65 60 66 112 119 536 122 130 178 24 2 0 0 689 238 50 14 1 0 0 0 
994 30 0 0 0 0 0 0 1024 0 0 0 0 0 0 0 1024 0 0 0 0 0 0 0 
850 163 11 0 0 0 0 0 1024 0 0 0 0 0 0 0 1024 0 0 0 0 0 0 0 
767 204 51 2 0 0 0 0 1015 9 0 0 0 0 0 0 1020 4 0 0 0 0 0 0 
835 113 62 14 0 0 0 0 1008 16 0 0 0 0 0 0 1023 1 0 0 0 0 0 0 
545 304 97 73 5 0 0 0 966 56 2 0 0 0 0 0 1015 9 0 0 0 0 0 0 
134 198 294 234 77 47 37 3 587 376 57 4 0 0 0 0 934 85 5 0 0 0 0 0 
0 0 0 29 86 162 542 205 17 101 577 268 49 11 1 0 333 591 86 9 5 0 0 0 
0 5 8 22 55 86 118 730 9 92 102 711 87 19 4 0 162 657 184 17 4 0 0 0 
71 256 192 163 103 34 31 174 430 286 107 155 42 2 2 0 698 232 83 7 3 1 0 0 
57 714 64 37 21 18 40 73 835 63 54 65 7 0 0 0 901 85 32 6 0 0 0 0 
57 476 330 48 12 10 9 82 900 21 51 51 1 0 0 0 925 64 32 3 0 0 0 0 
1 296 690 17 3 5 6 6 1003 4 11 5 1 0 0 0 1005 9 7 3 0 0 0 0 
9 628 358 16 2 4 4 3 1011 5 4 4 0 0 0 0 1013 5 3 3 0 0 0 0 
240 630 154 0 0 0 0 0 1024 0 0 0 0 0 0 0 1024 0 0 0 0 0 0 0 
426 532 11 8 5 7 6 29 962 16 10 35 1 0 0 0 973 16 34 1 0 0 0 0 
459 166 42 73 45 48 40 151 758 69 86 102 9 0 0 0 823 120 78 3 0 0 0 0 
177 58 26 308 91 54 53 257 641 78 112 185 8 0 0 0 703 224 88 9 0 0 0 0 
0 1 192 598 103 46 36 48 885 68 56 15 0 0 0 0 940 78 6 0 0 0 0 0 
60 347 435 182 0 0 0 0 1024 0 0 0 0 0 0 0 1024 0 0 0 0 0 0 0 
566 385 73 0 0 0 0 0 995 28 1 0 0 0 0 0 1011 13 0 0 0 0 0 0 
738 286 0 0 0 0 0 0 1009 15 0 0 0 0 0 0 1020 4 0 0 0 0 0 0 
385 471 156 6 3 3 0 0 854 166 4 0 0 0 0 0 1011 10 3 0 0 0 0 0 
262 401 232 45 18 18 14 2 685 261 44 2 0 0 0 0 927 43 22 0 0 0 0 0 
819 172 33 0 0 0 0 0 1023 1 0 0 0 0 0 0 1024 0 0 0 0 0 0 0 
925 86 13 0 0 0 0 0 1024 0 0 0 0 0 0 0 1024 0 0 0 0 0 0 0 
629 216 170 9 0 0 0 0 1020 4 0 0 0 0 0 0 1024 0 0 0 0 0 0 0 
555 219 189 61 0 0 0 0 1002 22 0 0 0 0 0 0 1024 0 0 0 0 0 0 0 
632 187 140 52 13 0 0 0 983 41 0 0 0 0 0 0 1017 7 0 0 0 0 0 0 
124 212 324 180 99 55 11 19 563 395 47 13 6 0 0 0 938 70 16 0 0 0 0 0 
0 0 30 46 40 48 567 293 42 67 637 206 22 34 16 0 269 670 35 42 8 0 0 0 
0 0 6 75 50 44 246 603 48 70 209 513 144 40 0 0 183 612 226 3 0 0 0 0 
15 64 47 61 59 44 184 550 103 110 405 346 39 7 10 4 282 617 99 12 10 4 0 0 
288 288 237 104 37 18 32 20 723 203 75 23 0 0 0 0 907 101 16 0 0 0 0 0 
164 709 31 21 15 16 33 35 901 55 60 8 0 0 0 0 951 64 8 1 0 0 0 0 
529 495 0 0 0 0 0 0 1024 0 0 0 0 0 0 0 1024 0 0 0 0 0 0 0 
647 246 25 11 7 7 13 68 916 20 46 42 0 0 0 0 934 77 13 0 0 0 0 0 
342 217 111 98 40 36 36 144 767 68 78 92 19 0 0 0 821 108 93 2 0 0 0 0 
21 24 9 517 53 35 45 320 618 65 115 215 11 0 0 0 667 198 157 2 0 0 0 0 
0 33 362 521 46 18 17 27 960 33 27 4 0 0 0 0 984 37 3 0 0 0 0 0 
7 252 186 579 0 0 0 0 1023 1 0 0 0 0 0 0 1024 0 0 0 0 0 0 0 
274 572 148 30 0 0 0 0 1023 1 0 0 0 0 0 0 1024 0 0 0 0 0 0 0 
573 424 25 2 0 0 0 0 983 41 0 0 0 0 0 0 1020 4 0 0 0 0 0 0 
225 767 32 0 0 0 0 0 979 45 0 0 0 0 0 0 1022 2 0 0 0 0 0 0 
346 601 77 0 0 0 0 0 923 101 0 0 0 0 0 0 1024 0 0 0 0 0 0 0 
383 214 118 71 38 26 61 113 649 182 190 3 0 0 0 0 816 194 14 0 0 0 0 0 
401 88 64 79 41 36 91 192 540 162 280 10 0 0 0 0 739 240 13 0 0 0 0 0 
666 358 0 0 0 0 0 0 1024 0 0 0 0 0 0 0 1024 0 0 0 0 0 0 0 
875 141 8 0 0 0 0 0 1024 0 0 0 0 0 0 0 1024 0 0 0 0 0 0 0 
1024 0 0 0 0 0 0 0 1024 0 0 0 0 0 0 0 1024 0 0 0 0 0 0 0 
1024 0 0 0 0 0 0 0 1024 0 0 0 0 0 0 0 1024 0 0 0 0 0 0 0 
340 222 309 146 7 0 0 0 988 36 0 0 0 0 0 0 1024 0 0 0 0 0 0 0 
96 317 315 186 85 16 4 5 639 345 35 5 0 0 0 0 952 62 10 0 0 0 0 0 
0 0 0 4 4 690 285 41 2 61 925 26 10 0 0 0 882 119 18 5 0 0 0 0 
0 12 16 11 11 119 674 181 20 23 760 101 104 16 0 0 479 437 107 1 0 0 0 0 
0 32 40 35 32 82 648 155 59 43 767 101 44 10 0 0 267 697 60 0 0 0 0 0 
127 123 165 98 80 255 130 46 269 282 404 31 7 8 9 14 733 240 16 8 10 9 8 0 
337 291 193 191 4 4 4 0 898 109 17 0 0 0 0 0 997 26 1 0 0 0 0 0 
268 316 59 32 37 30 41 241 648 83 140 138 15 0 0 0 735 247 42 0 0 0 0 0 
0 2 13 5 5 6 19 974 21 23 568 403 9 0 0 0 58 941 25 0 0 0 0 0 
2 396 351 106 17 11 16 125 859 23 118 24 0 0 0 0 875 139 10 0 0 0 0 0 
0 102 344 578 0 0 0 0 1022 2 0 0 0 0 0 0 1024 0 0 0 0 0 0 0 
137 692 125 70 0 0 0 0 1024 0 0 0 0 0 0 0 1024 0 0 0 0 0 0 0 
618 406 0 0 0 0 0 0 1024 0 0 0 0 0 0 0 1024 0 0 0 0 0 0 0 
312 685 27 0 0 0 0 0 990 34 0 0 0 0 0 0 1024 0 0 0 0 0 0 0 
41 947 36 0 0 0 0 0 946 78 0 0 0 0 0 0 1024 0 0 0 0 0 0 0 
205 443 348 28 0 0 0 0 719 305 0 0 0 0 0 0 1023 1 0 0 0 0 0 0 
236 81 127 90 68 52 66 304 396 202 392 33 1 0 0 0 635 373 16 0 0 0 0 0 
298 70 40 33 50 53 111 369 429 152 407 36 0 0 0 0 598 419 7 0 0 0 0 0 
332 114 71 67 66 85 149 108 540 223 228 1 0 0 0 0 758 232 2 0 0 0 0 0 
908 84 0 0 0 0 0 0 992 0 0 0 0 0 0 0 992 0 0 0 0 0 0 0 
724 267 1 0 0 0 0 0 992 0 0 0 0 0 0 0 992 0 0 0 0 0 0 0 
992 0 0 0 0 0 0 0 992 0 0 0 0 0 0 0 992 0 0 0 0 0 0 0 
992 0 0 0 0 0 0 0 992 0 0 0 0 0 0 0 992 0 0 0 0 0 0 0 
604 224 164 0 0 0 0 0 992 0 0 0 0 0 0 0 992 0 0 0 0 0 0 0 
128 565 195 76 27 1 0 0 708 257 26 1 0 0 0 0 928 56 8 0 0 0 0 0 
0 49 32 59 213 611 13 15 61 452 435 10 7 10 11 6 864 89 8 6 17 5 3 0 
0 111 82 59 84 562 87 7 138 194 638 20 2 0 0 0 741 245 5 1 0 0 0 0 
0 61 56 45 47 557 226 0 78 88 772 54 0 0 0 0 709 270 13 0 0 0 0 0 
0 26 59 42 41 658 166 0 59 113 818 2 0 0 0 0 787 203 2 0 0 0 0 0 
0 180 220 170 113 97 128 84 308 369 303 12 0 0 0 0 752 237 3 0 0 0 0 0 
240 579 110 21 10 8 7 17 901 67 9 6 9 0 0 0 957 18 13 2 2 0 0 0 
61 202 64 58 52 46 88 421 347 162 308 161 14 0 0 0 546 402 44 0 0 0 0 0 
0 862 113 5 6 2 3 1 983 5 3 1 0 0 0 0 986 5 1 0 0 0 0 0 
234 495 263 0 0 0 0 0 992 0 0 0 0 0 0 0 992 0 0 0 0 0 0 0 
680 306 6 0 0 0 0 0 954 38 0 0 0 0 0 0 991 1 0 0 0 0 0 0 
262 698 32 0 0 0 0 0 941 51 0 0 0 0 0 0 988 4 0 0 0 0 0 0 
5 789 192 6 0 0 0 0 818 174 0 0 0 0 0 0 992 0 0 0 0 0 0 0 
0 396 440 67 12 12 13 52 411 510 71 0 0 0 0 0 918 74 0 0 0 0 0 0 
134 42 162 36 17 23 29 549 230 179 575 8 0 0 0 0 424 564 4 0 0 0 0 0 
554 151 46 44 35 28 31 103 753 108 118 13 0 0 0 0 855 130 7 0 0 0 0 0 
162 124 54 64 91 63 109 325 327 254 281 130 0 0 0 0 602 353 37 0 0 0 0 0 
108 75 30 34 84 41 120 469 214 191 393 163 0 0 0 0 463 479 19 0 0 0 0 0 
