64 49 321 155 87 50 23 275 64 265 247 97 47 20 20 264 163 453 80 29 16 18 23 242 
64 638 313 9 0 0 0 0 266 717 41 0 0 0 0 0 774 250 0 0 0 0 0 0 
676 348 0 0 0 0 0 0 1023 1 0 0 0 0 0 0 985 39 0 0 0 0 0 0 
996 28 0 0 0 0 0 0 1024 0 0 0 0 0 0 0 415 609 0 0 0 0 0 0 
1024 0 0 0 0 0 0 0 1024 0 0 0 0 0 0 0 224 800 0 0 0 0 0 0 
814 129 11 10 11 7 5 37 889 60 7 9 11 6 5 37 284 657 11 12 11 7 5 37 
1024 0 0 0 0 0 0 0 1024 0 0 0 0 0 0 0 440 584 0 0 0 0 0 0 
1024 0 0 0 0 0 0 0 1024 0 0 0 0 0 0 0 640 384 0 0 0 0 0 0 
632 197 195 0 0 0 0 0 701 275 48 0 0 0 0 0 768 249 7 0 0 0 0 0 
475 204 306 35 4 0 0 0 616 308 93 4 3 0 0 0 697 301 22 4 0 0 0 0 
789 110 114 11 0 0 0 0 825 139 60 0 0 0 0 0 884 140 0 0 0 0 0 0 
1022 2 0 0 0 0 0 0 1024 0 0 0 0 0 0 0 1024 0 0 0 0 0 0 0 
462 562 0 0 0 0 0 0 711 313 0 0 0 0 0 0 1021 3 0 0 0 0 0 0 
251 438 276 9 9 3 7 31 268 668 30 11 6 3 9 29 720 244 7 9 4 5 9 26 
552 148 324 0 0 0 0 0 564 362 98 0 0 0 0 0 724 300 0 0 0 0 0 0 
861 90 73 0 0 0 0 0 870 137 17 0 0 0 0 0 908 116 0 0 0 0 0 0 
1024 0 0 0 0 0 0 0 1024 0 0 0 0 0 0 0 1024 0 0 0 0 0 0 0 
1024 0 0 0 0 0 0 0 1024 0 0 0 0 0 0 0 1024 0 0 0 0 0 0 0 
1024 0 0 0 0 0 0 0 1024 0 0 0 0 0 0 0 1024 0 0 0 0 0 0 0 
1024 0 0 0 0 0 0 0 1024 0 0 0 0 0 0 0 1024 0 0 0 0 0 0 0 
992 0 0 0 0 0 0 0 992 0 0 0 0 0 0 0 992 0 0 0 0 0 0 0 
0 4 180 254 109 65 50 362 0 51 336 143 65 43 54 332 25 98 173 186 167 53 41 281 
0 200 627 182 14 1 0 0 0 688 318 16 2 0 0 0 89 787 106 36 6 0 0 0 
432 384 189 19 0 0 0 0 550 426 48 0 0 0 0 0 233 777 14 0 0 0 0 0 
499 522 3 0 0 0 0 0 726 298 0 0 0 0 0 0 96 559 369 0 0 0 0 0 
690 290 9 7 9 6 3 10 901 85 6 4 11 4 3 10 2 508 475 9 9 5 4 12 
1024 0 0 0 0 0 0 0 1024 0 0 0 0 0 0 0 0 506 518 0 0 0 0 0 
1024 0 0 0 0 0 0 0 1024 0 0 0 0 0 0 0 0 631 393 0 0 0 0 0 
900 124 0 0 0 0 0 0 1019 5 0 0 0 0 0 0 22 902 100 0 0 0 0 0 
360 626 38 0 0 0 0 0 975 49 0 0 0 0 0 0 376 648 0 0 0 0 0 0 
168 595 129 66 22 19 10 15 692 167 97 20 19 13 1 15 716 180 74 17 16 5 3 13 
955 56 11 0 0 2 0 0 998 20 4 0 0 2 0 0 1000 20 2 0 0 2 0 0 
1022 2 0 0 0 0 0 0 1024 0 0 0 0 0 0 0 1024 0 0 0 0 0 0 0 
960 64 0 0 0 0 0 0 1007 17 0 0 0 0 0 0 1024 0 0 0 0 0 0 0 
1024 0 0 0 0 0 0 0 1024 0 0 0 0 0 0 0 1024 0 0 0 0 0 0 0 
900 16 11 10 14 33 40 0 910 11 12 11 31 49 0 0 920 11 11 59 23 0 0 0 
712 20 15 23 33 73 148 0 726 14 26 29 79 150 0 0 735 27 54 145 63 0 0 0 
547 132 242 67 26 8 2 0 563 319 103 33 5 1 0 0 907 95 20 2 0 0 0 0 
521 478 25 0 0 0 0 0 789 235 0 0 0 0 0 0 1024 0 0 0 0 0 0 0 
606 418 0 0 0 0 0 0 1024 0 0 0 0 0 0 0 1024 0 0 0 0 0 0 0 
548 476 0 0 0 0 0 0 1024 0 0 0 0 0 0 0 1024 0 0 0 0 0 0 0 
632 360 0 0 0 0 0 0 992 0 0 0 0 0 0 0 992 0 0 0 0 0 0 0 
28 205 450 229 78 34 0 0 73 370 408 109 55 9 0 0 140 191 228 151 137 131 45 1 
0 132 194 248 129 114 117 90 31 244 290 139 114 115 44 47 97 262 199 245 123 44 21 33 
227 394 104 108 84 64 19 24 451 233 131 72 73 38 6 20 703 139 45 99 13 6 7 12 
224 20 14 16 232 380 138 0 222 18 15 15 19 368 367 0 33 164 27 19 13 13 19 736 
217 9 9 6 208 484 91 0 213 10 8 9 6 214 564 0 70 108 33 10 7 9 5 782 
345 8 8 27 473 163 0 0 342 9 6 9 9 501 148 0 70 130 136 10 8 7 8 655 
473 12 10 49 480 0 0 0 471 8 8 9 22 506 0 0 68 137 250 20 8 7 8 526 
406 199 25 16 244 123 5 6 519 92 16 15 30 338 12 2 66 201 340 11 17 13 24 352 
654 287 48 12 11 11 1 0 797 181 18 13 12 3 0 0 421 508 73 17 5 0 0 0 
733 101 77 39 11 26 37 0 785 111 53 11 30 34 0 0 691 215 64 46 8 0 0 0 
736 263 25 0 0 0 0 0 938 86 0 0 0 0 0 0 785 92 147 0 0 0 0 0 
681 343 0 0 0 0 0 0 1024 0 0 0 0 0 0 0 673 288 63 0 0 0 0 0 
512 512 0 0 0 0 0 0 1000 24 0 0 0 0 0 0 577 447 0 0 0 0 0 0 
129 690 176 28 1 0 0 0 523 451 45 5 0 0 0 0 699 301 24 0 0 0 0 0 
0 6 237 231 193 176 133 48 0 262 240 225 211 76 7 3 399 328 234 54 5 4 0 0 
0 0 0 6 18 108 302 590 0 1 15 73 204 423 282 26 29 166 386 298 125 12 8 0 
0 43 400 336 197 48 0 0 8 450 430 133 3 0 0 0 884 132 8 0 0 0 0 0 
54 652 318 0 0 0 0 0 195 829 0 0 0 0 0 0 1015 9 0 0 0 0 0 0 
0 1024 0 0 0 0 0 0 385 639 0 0 0 0 0 0 1024 0 0 0 0 0 0 0 
357 667 0 0 0 0 0 0 906 118 0 0 0 0 0 0 1024 0 0 0 0 0 0 0 
493 499 0 0 0 0 0 0 990 2 0 0 0 0 0 0 992 0 0 0 0 0 0 0 
13 602 405 3 1 0 0 0 228 657 137 2 0 0 0 0 382 230 364 48 0 0 0 0 
23 230 292 269 86 50 32 42 98 356 353 100 42 34 14 27 75 409 297 174 32 14 9 14 
0 628 56 260 45 10 5 20 464 212 272 35 12 8 5 16 787 195 12 8 3 5 6 8 
164 50 7 6 6 12 544 235 197 20 5 7 5 13 430 347 91 109 12 8 6 6 9 783 
0 0 0 0 0 3 592 429 0 0 0 0 0 0 272 752 0 0 0 0 0 0 0 1024 
0 0 0 0 33 290 626 75 0 0 0 0 0 47 692 285 0 0 0 0 0 0 0 1024 
0 0 0 0 167 322 525 10 0 0 0 0 0 250 700 74 0 0 0 0 0 0 0 1024 
69 27 0 0 25 287 537 79 68 28 0 0 0 176 605 147 0 64 32 0 0 0 5 923 
128 320 205 301 64 6 0 0 417 257 318 28 4 0 0 0 732 277 13 2 0 0 0 0 
35 39 90 143 157 132 142 286 61 94 211 153 129 131 112 133 62 135 191 254 175 94 72 41 
49 472 398 79 24 2 0 0 191 676 127 26 4 0 0 0 1 42 453 458 65 5 0 0 
31 756 226 8 2 1 0 0 358 651 9 3 2 1 0 0 23 519 423 56 2 1 0 0 
36 722 266 0 0 0 0 0 328 696 0 0 0 0 0 0 229 794 1 0 0 0 0 0 
0 680 344 0 0 0 0 0 98 926 0 0 0 0 0 0 294 730 0 0 0 0 0 0 
0 14 263 230 147 122 97 151 0 180 318 183 126 79 50 88 89 522 195 81 36 25 23 53 
0 23 44 80 112 163 145 457 15 56 86 147 161 133 66 360 121 140 184 160 60 65 94 200 
0 2 486 318 142 76 0 0 0 347 445 177 55 0 0 0 177 721 126 0 0 0 0 0 
143 725 144 12 0 0 0 0 232 765 19 8 0 0 0 0 976 30 18 0 0 0 0 0 
0 393 631 0 0 0 0 0 6 1018 0 0 0 0 0 0 1024 0 0 0 0 0 0 0 
747 277 0 0 0 0 0 0 887 137 0 0 0 0 0 0 1024 0 0 0 0 0 0 0 
844 148 0 0 0 0 0 0 980 12 0 0 0 0 0 0 992 0 0 0 0 0 0 0 
54 533 437 0 0 0 0 0 295 689 40 0 0 0 0 0 345 175 478 26 0 0 0 0 
51 419 459 95 0 0 0 0 241 561 222 0 0 0 0 0 218 405 373 28 0 0 0 0 
55 491 299 179 0 0 0 0 439 394 191 0 0 0 0 0 848 176 0 0 0 0 0 0 
175 164 23 6 8 7 76 565 276 63 24 8 7 7 50 589 146 181 12 24 8 7 7 639 
64 0 19 13 0 0 14 914 64 0 19 13 0 0 9 919 0 64 0 27 5 0 0 928 
64 0 0 8 24 0 23 905 64 0 0 8 24 0 0 928 0 64 0 0 20 12 0 928 
49 15 0 0 13 19 61 867 52 12 0 0 16 16 0 928 0 64 0 0 0 32 0 928 
93 31 30 0 0 29 52 789 93 34 27 0 1 28 51 790 13 87 45 9 0 5 24 841 
45 450 227 302 0 0 0 0 458 251 315 0 0 0 0 0 699 325 0 0 0 0 0 0 
140 94 349 314 94 10 19 4 190 401 347 50 11 19 6 0 245 403 234 114 18 8 2 0 
30 348 646 0 0 0 0 0 73 941 10 0 0 0 0 0 33 618 362 11 0 0 0 0 
0 291 630 103 0 0 0 0 23 854 147 0 0 0 0 0 2 714 308 0 0 0 0 0 
0 205 789 30 0 0 0 0 27 949 48 0 0 0 0 0 119 905 0 0 0 0 0 0 
0 598 426 0 0 0 0 0 24 993 7 0 0 0 0 0 168 856 0 0 0 0 0 0 
0 114 681 169 54 6 0 0 1 783 210 30 0 0 0 0 326 698 0 0 0 0 0 0 
0 57 637 274 56 0 0 0 13 653 332 26 0 0 0 0 543 478 3 0 0 0 0 0 
0 243 752 29 0 0 0 0 0 938 86 0 0 0 0 0 458 566 0 0 0 0 0 0 
93 608 323 0 0 0 0 0 210 814 0 0 0 0 0 0 1011 13 0 0 0 0 0 0 
0 40 984 0 0 0 0 0 0 1024 0 0 0 0 0 0 1024 0 0 0 0 0 0 0 
0 352 672 0 0 0 0 0 72 952 0 0 0 0 0 0 1024 0 0 0 0 0 0 0 
0 407 585 0 0 0 0 0 131 861 0 0 0 0 0 0 992 0 0 0 0 0 0 0 
55 900 69 0 0 0 0 0 228 796 0 0 0 0 0 0 316 666 42 0 0 0 0 0 
53 698 273 0 0 0 0 0 418 606 0 0 0 0 0 0 629 331 64 0 0 0 0 0 
395 579 50 0 0 0 0 0 913 111 0 0 0 0 0 0 1024 0 0 0 0 0 0 0 
1000 24 0 0 0 0 0 0 1024 0 0 0 0 0 0 0 1024 0 0 0 0 0 0 0 
830 194 0 0 0 0 0 0 1024 0 0 0 0 0 0 0 992 32 0 0 0 0 0 0 
610 353 61 0 0 0 0 0 825 199 0 0 0 0 0 0 767 257 0 0 0 0 0 0 
731 191 102 0 0 0 0 0 802 206 16 0 0 0 0 0 795 221 8 0 0 0 0 0 
1021 3 0 0 0 0 0 0 1021 3 0 0 0 0 0 0 1002 22 0 0 0 0 0 0 
484 450 90 0 0 0 0 0 821 192 11 0 0 0 0 0 978 46 0 0 0 0 0 0 
79 283 633 25 3 1 0 0 187 807 26 3 1 0 0 0 784 235 2 3 0 0 0 0 
1 190 766 24 27 16 0 0 45 903 30 30 16 0 0 0 149 800 60 15 0 0 0 0 
0 125 887 12 0 0 0 0 10 966 48 0 0 0 0 0 163 848 13 0 0 0 0 0 
0 64 775 185 0 0 0 0 10 801 213 0 0 0 0 0 167 857 0 0 0 0 0 0 
0 239 641 144 0 0 0 0 0 878 146 0 0 0 0 0 118 906 0 0 0 0 0 0 
0 535 460 29 0 0 0 0 13 974 37 0 0 0 0 0 578 446 0 0 0 0 0 0 
0 272 747 5 0 0 0 0 32 992 0 0 0 0 0 0 667 357 0 0 0 0 0 0 
0 449 575 0 0 0 0 0 0 1024 0 0 0 0 0 0 792 232 0 0 0 0 0 0 
12 448 564 0 0 0 0 0 189 835 0 0 0 0 0 0 1018 6 0 0 0 0 0 0 
0 0 1024 0 0 0 0 0 0 1024 0 0 0 0 0 0 1024 0 0 0 0 0 0 0 
0 0 1024 0 0 0 0 0 0 1024 0 0 0 0 0 0 1024 0 0 0 0 0 0 0 
0 0 992 0 0 0 0 0 0 992 0 0 0 0 0 0 992 0 0 0 0 0 0 0 
8 978 38 0 0 0 0 0 125 899 0 0 0 0 0 0 298 726 0 0 0 0 0 0 
171 751 102 0 0 0 0 0 444 580 0 0 0 0 0 0 753 271 0 0 0 0 0 0 
600 290 117 17 0 0 0 0 795 161 68 0 0 0 0 0 907 117 0 0 0 0 0 0 
488 168 122 246 0 0 0 0 586 111 315 12 0 0 0 0 657 278 89 0 0 0 0 0 
290 214 117 377 26 0 0 0 441 114 313 156 0 0 0 0 520 230 274 0 0 0 0 0 
202 316 110 233 160 3 0 0 451 116 167 287 3 0 0 0 536 167 318 3 0 0 0 0 
123 529 107 92 132 41 0 0 570 186 129 127 12 0 0 0 760 168 94 2 0 0 0 0 
18 446 152 203 143 62 0 0 369 201 237 196 21 0 0 0 584 242 198 0 0 0 0 0 
12 561 181 86 95 89 0 0 434 310 129 112 39 0 0 0 754 158 110 2 0 0 0 0 
34 495 290 80 58 67 0 0 367 442 115 63 37 0 0 0 780 176 67 1 0 0 0 0 
1 623 221 40 79 60 0 0 167 688 68 77 24 0 0 0 881 93 50 0 0 0 0 0 
0 162 848 14 0 0 0 0 61 903 60 0 0 0 0 0 506 518 0 0 0 0 0 0 
0 94 743 85 60 42 0 0 20 812 110 63 19 0 0 0 799 179 45 1 0 0 0 0 
0 87 490 194 122 128 3 0 20 584 200 162 58 0 0 0 348 561 115 0 0 0 0 0 
15 400 339 95 93 82 0 0 100 659 106 130 29 0 0 0 621 304 99 0 0 0 0 0 
0 220 354 129 268 53 0 0 32 558 184 239 11 0 0 0 616 334 74 0 0 0 0 0 
0 802 152 32 31 7 0 0 15 939 31 34 5 0 0 0 938 64 22 0 0 0 0 0 
0 280 744 0 0 0 0 0 149 875 0 0 0 0 0 0 1024 0 0 0 0 0 0 0 
0 0 1024 0 0 0 0 0 0 1024 0 0 0 0 0 0 1024 0 0 0 0 0 0 0 
0 0 1024 0 0 0 0 0 0 1024 0 0 0 0 0 0 1024 0 0 0 0 0 0 0 
0 0 992 0 0 0 0 0 0 992 0 0 0 0 0 0 992 0 0 0 0 0 0 0 
44 925 55 0 0 0 0 0 203 820 1 0 0 0 0 0 456 567 1 0 0 0 0 0 
167 388 461 8 0 0 0 0 325 559 140 0 0 0 0 0 506 518 0 0 0 0 0 0 
0 0 402 622 0 0 0 0 0 57 967 0 0 0 0 0 13 1011 0 0 0 0 0 0 
0 0 17 1007 0 0 0 0 0 11 1008 5 0 0 0 0 10 870 144 0 0 0 0 0 
0 0 0 907 117 0 0 0 0 0 695 329 0 0 0 0 0 212 812 0 0 0 0 0 
12 394 105 187 236 90 0 0 335 173 150 353 13 0 0 0 519 181 318 6 0 0 0 0 
103 917 4 0 0 0 0 0 997 27 0 0 0 0 0 0 1020 4 0 0 0 0 0 0 
47 615 251 60 51 0 0 0 620 292 69 43 0 0 0 0 926 70 28 0 0 0 0 0 
29 675 318 2 0 0 0 0 659 362 3 0 0 0 0 0 1022 2 0 0 0 0 0 0 
68 377 172 140 163 104 0 0 389 233 172 217 13 0 0 0 658 289 76 1 0 0 0 0 
0 145 138 152 332 257 0 0 96 198 275 437 18 0 0 0 403 509 112 0 0 0 0 0 
0 117 247 117 324 219 0 0 64 326 201 400 33 0 0 0 441 496 87 0 0 0 0 0 
35 387 366 115 71 50 0 0 252 538 139 91 4 0 0 0 806 181 37 0 0 0 0 0 
0 636 216 46 39 87 0 0 15 852 40 107 10 0 0 0 897 103 24 0 0 0 0 0 
37 817 146 21 3 0 0 0 270 736 16 2 0 0 0 0 1013 11 0 0 0 0 0 0 
0 948 74 2 0 0 0 0 623 396 5 0 0 0 0 0 1020 4 0 0 0 0 0 0 
57 558 409 0 0 0 0 0 297 725 2 0 0 0 0 0 960 64 0 0 0 0 0 0 
0 109 892 23 0 0 0 0 61 932 31 0 0 0 0 0 994 29 1 0 0 0 0 0 
0 0 1024 0 0 0 0 0 0 1024 0 0 0 0 0 0 1024 0 0 0 0 0 0 0 
0 0 1024 0 0 0 0 0 0 1024 0 0 0 0 0 0 1024 0 0 0 0 0 0 0 
0 0 992 0 0 0 0 0 0 992 0 0 0 0 0 0 992 0 0 0 0 0 0 0 
77 453 437 57 0 0 0 0 213 716 95 0 0 0 0 0 580 307 96 41 0 0 0 0 
28 459 483 54 0 0 0 0 279 337 408 0 0 0 0 0 419 605 0 0 0 0 0 0 
0 0 180 844 0 0 0 0 0 5 1019 0 0 0 0 0 0 1024 0 0 0 0 0 0 
0 0 0 1024 0 0 0 0 0 0 1024 0 0 0 0 0 0 1007 17 0 0 0 0 0 
0 0 0 976 48 0 0 0 0 0 902 122 0 0 0 0 0 776 248 0 0 0 0 0 
22 523 127 339 13 0 0 0 418 224 352 30 0 0 0 0 636 343 45 0 0 0 0 0 
9 130 749 114 13 9 0 0 101 656 247 19 1 0 0 0 788 217 18 1 0 0 0 0 
0 106 381 113 110 302 9 3 38 415 160 334 68 9 0 0 503 284 209 23 5 0 0 0 
67 107 347 300 31 162 10 0 160 285 378 90 111 0 0 0 538 330 156 0 0 0 0 0 
242 753 29 0 0 0 0 0 968 56 0 0 0 0 0 0 1023 1 0 0 0 0 0 0 
0 986 38 0 0 0 0 0 923 101 0 0 0 0 0 0 1024 0 0 0 0 0 0 0 
3 987 32 2 0 0 0 0 978 41 5 0 0 0 0 0 1020 4 0 0 0 0 0 0 
27 719 278 0 0 0 0 0 560 464 0 0 0 0 0 0 1009 15 0 0 0 0 0 0 
0 988 33 3 0 0 0 0 441 576 7 0 0 0 0 0 1016 8 0 0 0 0 0 0 
55 833 126 10 0 0 0 0 705 308 11 0 0 0 0 0 1007 17 0 0 0 0 0 0 
73 636 291 24 0 0 0 0 587 333 104 0 0 0 0 0 907 117 0 0 0 0 0 0 
0 376 604 44 0 0 0 0 101 664 259 0 0 0 0 0 728 296 0 0 0 0 0 0 
0 493 456 75 0 0 0 0 151 613 258 2 0 0 0 0 706 312 6 0 0 0 0 0 
0 409 570 45 0 0 0 0 170 651 203 0 0 0 0 0 757 265 2 0 0 0 0 0 
0 480 542 2 0 0 0 0 277 728 19 0 0 0 0 0 959 65 0 0 0 0 0 0 
0 361 631 0 0 0 0 0 174 812 6 0 0 0 0 0 948 44 0 0 0 0 0 0 
9 37 880 89 9 0 0 0 25 804 170 25 0 0 0 0 710 229 84 1 0 0 0 0 
1 68 834 121 0 0 0 0 44 319 661 0 0 0 0 0 186 838 0 0 0 0 0 0 
0 0 298 726 0 0 0 0 0 38 986 0 0 0 0 0 25 997 2 0 0 0 0 0 
0 0 53 967 4 0 0 0 0 1 1011 12 0 0 0 0 4 1006 14 0 0 0 0 0 
0 0 5 1013 6 0 0 0 0 0 1001 23 0 0 0 0 5 1017 2 0 0 0 0 0 
0 0 0 965 59 0 0 0 0 0 891 133 0 0 0 0 3 1007 14 0 0 0 0 0 
0 256 44 607 117 0 0 0 256 35 543 190 0 0 0 0 323 672 29 0 0 0 0 0 
0 690 124 52 74 84 0 0 651 171 59 143 0 0 0 0 857 157 10 0 0 0 0 0 
213 140 76 72 339 184 0 0 345 87 223 318 51 0 0 0 451 484 89 0 0 0 0 0 
563 461 0 0 0 0 0 0 1024 0 0 0 0 0 0 0 1024 0 0 0 0 0 0 0 
544 480 0 0 0 0 0 0 1024 0 0 0 0 0 0 0 1024 0 0 0 0 0 0 0 
577 269 150 28 0 0 0 0 711 289 24 0 0 0 0 0 1006 18 0 0 0 0 0 0 
79 606 339 0 0 0 0 0 608 414 2 0 0 0 0 0 1015 9 0 0 0 0 0 0 
61 530 433 0 0 0 0 0 405 619 0 0 0 0 0 0 1020 4 0 0 0 0 0 0 
14 241 769 0 0 0 0 0 52 966 6 0 0 0 0 0 1004 20 0 0 0 0 0 0 
0 267 643 114 0 0 0 0 44 821 157 2 0 0 0 0 853 171 0 0 0 0 0 0 
0 0 328 695 1 0 0 0 0 142 878 4 0 0 0 0 220 802 2 0 0 0 0 0 
0 0 363 661 0 0 0 0 0 29 995 0 0 0 0 0 111 913 0 0 0 0 0 0 
0 0 756 268 0 0 0 0 0 185 839 0 0 0 0 0 234 790 0 0 0 0 0 0 
0 86 876 62 0 0 0 0 63 502 459 0 0 0 0 0 560 464 0 0 0 0 0 0 
0 255 730 7 0 0 0 0 211 569 212 0 0 0 0 0 707 285 0 0 0 0 0 0 
0 2 935 87 0 0 0 0 0 757 267 0 0 0 0 0 536 425 63 0 0 0 0 0 
0 0 831 193 0 0 0 0 0 263 761 0 0 0 0 0 198 826 0 0 0 0 0 0 
0 0 374 650 0 0 0 0 0 104 918 2 0 0 0 0 77 943 4 0 0 0 0 0 
0 0 107 917 0 0 0 0 0 25 977 22 0 0 0 0 35 982 7 0 0 0 0 0 
0 0 21 980 23 0 0 0 0 4 939 81 0 0 0 0 32 981 11 0 0 0 0 0 
0 0 5 941 78 0 0 0 0 1 881 142 0 0 0 0 26 981 17 0 0 0 0 0 
2 261 56 675 30 0 0 0 251 39 663 71 0 0 0 0 306 708 10 0 0 0 0 0 
0 1024 0 0 0 0 0 0 1024 0 0 0 0 0 0 0 1024 0 0 0 0 0 0 0 
31 737 181 62 13 0 0 0 499 451 74 0 0 0 0 0 972 52 0 0 0 0 0 0 
807 144 73 0 0 0 0 0 865 159 0 0 0 0 0 0 1024 0 0 0 0 0 0 0 
471 247 306 0 0 0 0 0 521 503 0 0 0 0 0 0 1024 0 0 0 0 0 0 0 
121 602 301 0 0 0 0 0 347 677 0 0 0 0 0 0 1024 0 0 0 0 0 0 0 
26 172 825 1 0 0 0 0 64 909 51 0 0 0 0 0 929 95 0 0 0 0 0 0 
0 143 878 3 0 0 0 0 40 853 131 0 0 0 0 0 852 172 0 0 0 0 0 0 
0 34 837 153 0 0 0 0 5 636 382 1 0 0 0 0 626 398 0 0 0 0 0 0 
0 1 1009 14 0 0 0 0 0 726 298 0 0 0 0 0 706 318 0 0 0 0 0 0 
0 0 927 97 0 0 0 0 0 518 506 0 0 0 0 0 474 550 0 0 0 0 0 0 
0 0 585 439 0 0 0 0 0 125 896 3 0 0 0 0 275 749 0 0 0 0 0 0 
0 0 182 842 0 0 0 0 0 19 1000 5 0 0 0 0 132 892 0 0 0 0 0 0 
0 0 459 565 0 0 0 0 0 56 968 0 0 0 0 0 158 866 0 0 0 0 0 0 
0 0 721 271 0 0 0 0 0 172 820 0 0 0 0 0 243 749 0 0 0 0 0 0 
0 80 896 48 0 0 0 0 0 772 252 0 0 0 0 0 496 510 18 0 0 0 0 0 
0 0 855 169 0 0 0 0 0 414 610 0 0 0 0 0 279 745 0 0 0 0 0 0 
0 0 562 462 0 0 0 0 0 194 830 0 0 0 0 0 144 879 1 0 0 0 0 0 
0 0 304 719 1 0 0 0 0 53 964 7 0 0 0 0 98 921 5 0 0 0 0 0 
0 0 296 726 2 0 0 0 0 61 951 12 0 0 0 0 108 911 5 0 0 0 0 0 
0 0 272 734 18 0 0 0 0 74 912 38 0 0 0 0 109 903 12 0 0 0 0 0 
68 86 341 528 1 0 0 0 107 155 756 6 0 0 0 0 320 703 1 0 0 0 0 0 
182 829 12 1 0 0 0 0 976 43 5 0 0 0 0 0 1019 5 0 0 0 0 0 0 
0 968 56 0 0 0 0 0 558 466 0 0 0 0 0 0 1024 0 0 0 0 0 0 0 
0 870 154 0 0 0 0 0 24 992 8 0 0 0 0 0 1011 13 0 0 0 0 0 0 
0 529 494 1 0 0 0 0 25 925 74 0 0 0 0 0 906 118 0 0 0 0 0 0 
0 199 822 3 0 0 0 0 52 815 157 0 0 0 0 0 746 278 0 0 0 0 0 0 
0 5 950 69 0 0 0 0 0 691 333 0 0 0 0 0 649 375 0 0 0 0 0 0 
0 4 613 407 0 0 0 0 0 352 668 4 0 0 0 0 361 663 0 0 0 0 0 0 
0 3 637 384 0 0 0 0 0 326 695 3 0 0 0 0 353 667 4 0 0 0 0 0 
0 0 653 371 0 0 0 0 0 285 734 5 0 0 0 0 322 700 2 0 0 0 0 0 
0 1 688 333 2 0 0 0 0 326 683 15 0 0 0 0 383 638 3 0 0 0 0 0 
0 0 152 865 7 0 0 0 0 41 928 55 0 0 0 0 109 910 5 0 0 0 0 0 
0 0 116 907 1 0 0 0 0 16 976 32 0 0 0 0 71 951 2 0 0 0 0 0 
0 0 230 794 0 0 0 0 0 25 995 4 0 0 0 0 92 932 0 0 0 0 0 0 
0 0 299 693 0 0 0 0 0 36 953 3 0 0 0 0 103 889 0 0 0 0 0 0 
0 197 787 8 0 0 0 0 0 801 191 0 0 0 0 0 619 373 0 0 0 0 0 0 
0 7 928 57 0 0 0 0 0 553 439 0 0 0 0 0 484 508 0 0 0 0 0 0 
0 0 776 216 0 0 0 0 0 322 670 0 0 0 0 0 304 688 0 0 0 0 0 0 
0 0 616 375 1 0 0 0 0 209 780 3 0 0 0 0 206 783 3 0 0 0 0 0 
0 0 678 314 0 0 0 0 0 203 789 0 0 0 0 0 268 724 0 0 0 0 0 0 
0 0 540 452 0 0 0 0 0 179 812 1 0 0 0 0 217 774 1 0 0 0 0 0 
0 0 556 436 0 0 0 0 0 206 786 0 0 0 0 0 220 772 0 0 0 0 0 0 
202 367 269 152 2 0 0 0 432 272 279 9 0 0 0 0 737 242 13 0 0 0 0 0 
5 551 327 107 2 0 0 0 356 427 203 6 0 0 0 0 794 194 4 0 0 0 0 0 
0 177 792 23 0 0 0 0 18 821 153 0 0 0 0 0 774 218 0 0 0 0 0 0 
0 61 930 1 0 0 0 0 0 808 184 0 0 0 0 0 753 239 0 0 0 0 0 0 
0 9 972 11 0 0 0 0 0 705 287 0 0 0 0 0 702 290 0 0 0 0 0 0 
0 7 969 16 0 0 0 0 0 648 344 0 0 0 0 0 639 353 0 0 0 0 0 0 
0 11 929 52 0 0 0 0 0 583 409 0 0 0 0 0 565 427 0 0 0 0 0 0 
0 1 613 378 0 0 0 0 0 312 678 2 0 0 0 0 350 641 1 0 0 0 0 0 
0 0 217 774 1 0 0 0 0 40 919 33 0 0 0 0 161 828 3 0 0 0 0 0 
0 0 144 843 5 0 0 0 0 38 902 52 0 0 0 0 147 840 5 0 0 0 0 0 
0 0 187 798 7 0 0 0 0 14 930 48 0 0 0 0 183 803 6 0 0 0 0 0 
0 0 171 820 1 0 0 0 0 31 934 27 0 0 0 0 122 869 1 0 0 0 0 0 
0 0 283 709 0 0 0 0 0 29 956 7 0 0 0 0 187 805 0 0 0 0 0 0 
0 0 376 585 0 0 0 0 0 54 902 5 0 0 0 0 212 749 0 0 0 0 0 0 
