250 581 193 0 0 0 0 0 424 420 180 0 0 0 0 0 308 512 204 0 0 0 0 0 
221 605 118 10 5 8 7 50 245 637 64 8 4 8 8 50 195 685 65 8 4 7 11 49 
39 524 378 27 5 4 6 41 67 517 330 54 5 6 3 42 61 532 338 36 6 4 4 43 
69 691 254 10 0 0 0 0 212 597 197 18 0 0 0 0 140 667 208 9 0 0 0 0 
107 776 133 8 0 0 0 0 257 656 111 0 0 0 0 0 171 769 84 0 0 0 0 0 
60 682 222 60 0 0 0 0 135 647 242 0 0 0 0 0 89 699 236 0 0 0 0 0 
6 237 392 389 0 0 0 0 19 300 400 303 2 0 0 0 13 295 433 283 0 0 0 0 
13 449 309 244 9 0 0 0 118 405 271 206 24 0 0 0 71 448 284 204 17 0 0 0 
173 815 36 0 0 0 0 0 444 557 23 0 0 0 0 0 373 624 27 0 0 0 0 0 
241 747 4 0 0 0 0 0 614 376 2 0 0 0 0 0 514 476 2 0 0 0 0 0 
64 631 285 44 0 0 0 0 245 503 248 28 0 0 0 0 180 560 250 34 0 0 0 0 
18 220 332 365 89 0 0 0 66 244 347 349 18 0 0 0 72 244 358 336 14 0 0 0 
4 214 287 418 70 31 0 0 18 323 441 212 30 0 0 0 13 352 485 148 26 0 0 0 
201 238 317 82 39 137 10 0 219 388 254 92 71 0 0 0 224 389 256 99 56 0 0 0 
172 77 225 103 326 41 55 25 200 150 181 204 206 45 38 0 203 137 204 373 19 29 57 2 
201 66 110 105 420 100 20 2 211 160 123 143 363 22 2 0 217 157 126 465 27 26 6 0 
211 25 69 125 461 133 0 0 228 45 149 401 201 0 0 0 224 58 150 561 31 0 0 0 
291 199 225 111 141 57 0 0 337 309 124 178 70 6 0 0 319 326 146 157 67 9 0 0 
9 343 390 260 22 0 0 0 62 480 410 72 0 0 0 0 46 494 426 58 0 0 0 0 
38 418 308 206 22 0 0 0 136 478 317 61 0 0 0 0 115 492 342 43 0 0 0 0 
0 25 359 640 0 0 0 0 0 72 859 93 0 0 0 0 0 58 822 144 0 0 0 0 
0 0 16 684 324 0 0 0 0 0 34 990 0 0 0 0 0 0 66 958 0 0 0 0 
0 0 3 364 657 0 0 0 0 0 49 975 0 0 0 0 0 1 90 933 0 0 0 0 
420 70 74 213 247 0 0 0 431 96 126 371 0 0 0 0 434 95 173 322 0 0 0 0 
59 13 6 15 447 484 0 0 65 12 11 149 787 0 0 0 66 12 10 542 394 0 0 0 
0 0 0 0 400 345 244 35 0 0 0 0 894 130 0 0 0 0 0 440 541 43 0 0 
0 0 0 0 422 213 225 164 0 0 0 138 644 242 0 0 0 0 0 491 365 168 0 0 
556 106 60 73 129 52 43 5 620 68 75 155 98 8 0 0 607 76 89 175 76 1 0 0 
24 183 128 429 239 6 6 9 93 251 145 535 0 0 0 0 72 235 280 437 0 0 0 0 
35 230 157 487 62 6 6 9 117 291 289 295 0 0 0 0 95 276 393 228 0 0 0 0 
0 129 422 473 0 0 0 0 0 201 739 84 0 0 0 0 0 232 749 43 0 0 0 0 
0 39 277 651 57 0 0 0 0 118 280 626 0 0 0 0 1 193 240 590 0 0 0 0 
0 11 260 516 227 10 0 0 0 58 319 645 2 0 0 0 0 155 286 582 1 0 0 0 
112 13 208 182 283 193 33 0 126 102 467 313 16 0 0 0 133 278 325 279 9 0 0 0 
195 34 179 237 265 88 26 0 231 96 499 170 1 27 0 0 208 313 287 188 1 27 0 0 
128 96 167 231 243 85 57 17 224 109 486 161 8 36 0 0 199 268 389 125 7 36 0 0 
22 177 202 159 283 76 42 63 213 188 461 98 0 40 24 0 178 343 288 151 2 48 14 0 
198 178 464 139 31 2 5 7 374 447 169 20 3 6 5 0 353 433 208 16 7 4 3 0 
0 202 539 259 22 0 0 2 41 607 315 59 0 1 1 0 77 543 362 40 0 1 1 0 
1 239 513 228 9 0 0 2 33 639 304 14 0 1 1 0 64 572 335 19 0 1 1 0 
0 240 733 51 0 0 0 0 0 409 599 16 0 0 0 0 1 674 349 0 0 0 0 0 
0 195 726 103 0 0 0 0 0 300 649 75 0 0 0 0 2 642 362 18 0 0 0 0 
0 178 732 114 0 0 0 0 0 310 649 65 0 0 0 0 5 668 327 24 0 0 0 0 
0 225 653 144 2 0 0 0 0 401 534 89 0 0 0 0 4 706 292 22 0 0 0 0 
0 281 602 134 7 0 0 0 0 458 493 69 4 0 0 0 9 699 288 28 0 0 0 0 
1 408 525 90 0 0 0 0 5 558 419 42 0 0 0 0 30 705 284 5 0 0 0 0 
10 671 327 16 0 0 0 0 36 782 206 0 0 0 0 0 81 799 144 0 0 0 0 0 
76 838 105 5 0 0 0 0 381 631 12 0 0 0 0 0 138 879 7 0 0 0 0 0 
5 548 377 85 9 0 0 0 60 686 253 24 1 0 0 0 104 719 185 15 1 0 0 0 
21 788 182 1 0 0 0 0 108 827 57 0 0 0 0 0 164 805 23 0 0 0 0 0 
16 760 228 20 0 0 0 0 23 876 119 6 0 0 0 0 48 883 91 2 0 0 0 0 
9 621 343 51 0 0 0 0 12 820 146 46 0 0 0 0 34 884 88 18 0 0 0 0 
1 611 335 76 1 0 0 0 9 794 155 66 0 0 0 0 36 857 96 35 0 0 0 0 
4 655 269 78 15 0 3 0 8 799 131 72 11 1 2 0 37 838 73 68 5 1 2 0 
0 716 250 37 21 0 0 0 11 867 99 28 19 0 0 0 38 893 60 27 6 0 0 0 
7 786 219 12 0 0 0 0 65 877 79 3 0 0 0 0 154 836 34 0 0 0 0 0 
376 562 86 0 0 0 0 0 518 502 4 0 0 0 0 0 522 500 2 0 0 0 0 0 
187 837 0 0 0 0 0 0 438 586 0 0 0 0 0 0 69 955 0 0 0 0 0 0 
95 460 457 12 0 0 0 0 198 465 361 0 0 0 0 0 110 614 299 1 0 0 0 0 
57 615 314 6 0 0 0 0 207 545 240 0 0 0 0 0 208 570 213 1 0 0 0 0 
219 749 51 5 0 0 0 0 501 475 40 8 0 0 0 0 602 381 41 0 0 0 0 0 
111 826 71 16 0 0 0 0 215 764 31 14 0 0 0 0 415 578 19 12 0 0 0 0 
46 895 46 27 10 0 0 0 87 865 35 33 4 0 0 0 217 746 32 29 0 0 0 0 
105 761 158 0 0 0 0 0 140 847 37 0 0 0 0 0 205 806 13 0 0 0 0 0 
42 921 61 0 0 0 0 0 189 832 3 0 0 0 0 0 336 688 0 0 0 0 0 0 
385 443 196 0 0 0 0 0 477 544 3 0 0 0 0 0 694 330 0 0 0 0 0 0 
922 101 1 0 0 0 0 0 994 30 0 0 0 0 0 0 597 427 0 0 0 0 0 0 
824 200 0 0 0 0 0 0 988 36 0 0 0 0 0 0 408 616 0 0 0 0 0 0 
389 260 375 0 0 0 0 0 445 324 255 0 0 0 0 0 396 428 200 0 0 0 0 0 
85 530 377 0 0 0 0 0 229 505 258 0 0 0 0 0 270 521 201 0 0 0 0 0 
219 718 50 5 0 0 0 0 500 444 40 8 0 0 0 0 601 350 41 0 0 0 0 0 
109 806 61 16 0 0 0 0 213 734 31 14 0 0 0 0 413 548 19 12 0 0 0 0 
44 866 45 27 10 0 0 0 83 838 34 33 4 0 0 0 214 718 31 29 0 0 0 0 
105 730 157 0 0 0 0 0 140 815 37 0 0 0 0 0 205 774 13 0 0 0 0 0 
42 890 60 0 0 0 0 0 188 801 3 0 0 0 0 0 329 663 0 0 0 0 0 0 
385 427 180 0 0 0 0 0 476 515 1 0 0 0 0 0 685 307 0 0 0 0 0 0 
898 94 0 0 0 0 0 0 966 26 0 0 0 0 0 0 588 404 0 0 0 0 0 0 
816 176 0 0 0 0 0 0 962 30 0 0 0 0 0 0 408 584 0 0 0 0 0 0 
380 252 360 0 0 0 0 0 435 314 243 0 0 0 0 0 392 409 191 0 0 0 0 0 
85 512 364 0 0 0 0 0 226 488 247 0 0 0 0 0 265 504 192 0 0 0 0 0 
