0 692 196 107 29 0 0 0 42 809 164 9 0 0 0 0 334 590 99 1 0 0 0 0 
0 666 247 81 27 3 0 0 3 871 105 45 0 0 0 0 57 858 89 20 0 0 0 0 
0 460 397 139 27 1 0 0 3 807 185 29 0 0 0 0 42 838 136 8 0 0 0 0 
342 387 74 38 7 10 11 155 372 414 46 13 5 11 10 153 524 270 36 13 6 11 11 153 
0 0 0 0 0 0 0 1024 0 0 0 0 0 0 0 1024 0 0 0 0 0 0 0 1024 
0 0 0 0 0 0 0 1024 0 0 0 0 0 0 0 1024 0 0 0 0 0 0 0 1024 
0 0 0 0 0 0 0 1024 0 0 0 0 0 0 0 1024 0 0 0 0 0 0 0 1024 
0 0 0 0 0 0 0 1024 0 0 0 0 0 0 0 1024 0 0 0 0 0 0 0 1024 
0 0 0 0 0 0 0 1024 0 0 0 0 0 0 0 1024 0 0 0 0 0 0 0 1024 
0 0 0 0 0 0 0 1024 0 0 0 0 0 0 0 1024 0 0 0 0 0 0 0 1024 
0 0 0 0 0 0 0 1024 0 0 0 0 0 0 0 1024 0 0 0 0 0 0 0 1024 
0 0 0 0 0 0 0 1024 0 0 0 0 0 0 0 1024 0 0 0 0 0 0 0 1024 
0 0 0 0 0 0 0 1024 0 0 0 0 0 0 0 1024 0 0 0 0 0 0 0 1024 
0 0 0 0 0 0 0 1024 0 0 0 0 0 0 0 1024 0 0 0 0 0 0 0 1024 
257 72 12 9 6 11 11 646 300 31 13 8 5 11 11 645 306 29 14 6 7 14 111 537 
164 641 201 18 0 0 0 0 285 667 70 2 0 0 0 0 535 457 30 2 0 0 0 0 
2 731 208 78 5 0 0 0 43 817 149 15 0 0 0 0 349 588 84 3 0 0 0 0 
44 734 164 70 12 0 0 0 220 678 107 19 0 0 0 0 560 372 85 7 0 0 0 0 
268 605 101 49 1 0 0 0 480 489 53 2 0 0 0 0 777 216 30 1 0 0 0 0 
655 284 64 21 0 0 0 0 830 169 25 0 0 0 0 0 857 154 13 0 0 0 0 0 
689 218 64 21 0 0 0 0 812 155 25 0 0 0 0 0 845 134 13 0 0 0 0 0 
0 518 362 79 51 14 0 0 0 823 108 88 5 0 0 0 41 850 96 37 0 0 0 0 
0 61 717 103 89 52 2 0 0 574 306 111 32 1 0 0 6 806 107 95 10 0 0 0 
0 28 767 121 91 17 0 0 0 256 635 111 22 0 0 0 0 693 240 82 9 0 0 0 
2 602 270 76 24 9 7 34 18 744 179 28 7 11 6 31 73 720 151 21 10 9 7 33 
0 0 0 0 0 1 3 1020 0 0 0 0 0 2 3 1019 0 0 0 0 0 1 3 1020 
0 0 0 0 0 0 0 1024 0 0 0 0 0 0 0 1024 0 0 0 0 0 0 0 1024 
0 0 0 0 0 0 0 1024 0 0 0 0 0 0 0 1024 0 0 0 0 0 0 0 1024 
0 0 0 0 0 0 0 1024 0 0 0 0 0 0 0 1024 0 0 0 0 0 0 0 1024 
0 0 0 0 0 0 0 1024 0 0 0 0 0 0 0 1024 0 0 0 0 0 0 0 1024 
0 0 0 0 0 0 0 1024 0 0 0 0 0 0 0 1024 0 0 0 0 0 0 0 1024 
0 0 0 0 0 0 0 1024 0 0 0 0 0 0 0 1024 0 0 0 0 0 0 0 1024 
0 0 0 0 0 0 0 1024 0 0 0 0 0 0 0 1024 0 0 0 0 0 0 0 1024 
0 0 0 0 0 0 0 1024 0 0 0 0 0 0 0 1024 0 0 0 0 0 0 0 1024 
0 0 0 0 0 0 0 1024 0 0 0 0 0 0 0 1024 0 0 0 0 0 0 0 1024 
139 247 32 8 12 7 7 572 176 230 15 10 9 5 8 571 227 180 14 8 12 7 8 568 
0 301 580 124 17 2 0 0 26 668 294 34 2 0 0 0 63 816 138 7 0 0 0 0 
0 389 378 161 61 13 7 15 0 595 286 96 18 7 8 14 16 695 194 62 23 8 6 20 
0 666 206 89 62 1 0 0 10 815 119 70 10 0 0 0 171 696 105 52 0 0 0 0 
4 799 122 78 17 4 0 0 31 852 108 33 0 0 0 0 102 801 96 25 0 0 0 0 
323 538 102 40 21 0 0 0 499 424 82 19 0 0 0 0 675 277 62 10 0 0 0 0 
521 319 91 40 21 0 0 0 647 251 75 19 0 0 0 0 769 163 50 10 0 0 0 0 
0 32 794 87 65 37 9 0 0 190 693 67 74 0 0 0 0 545 363 75 41 0 0 0 
0 4 704 133 75 79 28 1 0 74 744 76 96 30 4 0 0 604 235 82 86 16 1 0 
0 0 468 328 122 90 16 0 0 3 729 151 110 31 0 0 0 161 641 118 93 11 0 0 
0 196 579 193 51 5 0 0 0 399 548 69 8 0 0 0 0 496 487 39 2 0 0 0 
0 0 32 22 12 14 9 935 0 10 33 16 11 10 13 931 0 0 29 24 13 13 9 936 
0 0 0 0 0 0 0 1024 0 0 0 0 0 0 0 1024 0 0 0 0 0 0 0 1024 
0 0 0 0 0 0 0 1024 0 0 0 0 0 0 0 1024 0 0 0 0 0 0 0 1024 
0 0 0 0 0 0 0 1024 0 0 0 0 0 0 0 1024 0 0 0 0 0 0 0 1024 
0 0 0 0 0 0 0 1024 0 0 0 0 0 0 0 1024 0 0 0 0 0 0 0 1024 
0 0 0 0 0 0 0 1024 0 0 0 0 0 0 0 1024 0 0 0 0 0 0 0 1024 
0 0 0 0 0 0 0 1024 0 0 0 0 0 0 0 1024 0 0 0 0 0 0 0 1024 
0 0 0 0 0 0 0 1024 0 0 0 0 0 0 0 1024 0 0 0 0 0 0 0 1024 
0 0 0 0 0 0 0 1024 0 0 0 0 0 0 0 1024 0 0 0 0 0 0 0 1024 
0 0 0 0 0 0 0 1024 0 0 0 0 0 0 0 1024 0 0 0 0 0 0 0 1024 
3 221 253 26 7 8 12 494 20 388 84 12 7 9 12 492 30 400 58 15 7 8 11 495 
0 0 703 237 81 3 0 0 0 29 859 118 18 0 0 0 0 661 297 65 1 0 0 0 
0 8 153 225 208 162 122 146 0 79 141 224 177 156 124 123 0 136 258 217 158 110 98 47 
0 166 602 127 97 31 1 0 0 529 314 114 66 1 0 0 4 731 153 110 26 0 0 0 
0 436 436 77 45 30 0 0 0 720 193 63 48 0 0 0 3 829 101 67 24 0 0 0 
61 748 100 64 41 10 0 0 327 552 69 65 11 0 0 0 546 348 82 45 3 0 0 0 
207 608 94 52 26 5 0 0 541 333 66 48 4 0 0 0 721 167 76 27 1 0 0 0 
0 0 744 121 70 53 35 1 0 49 797 74 75 29 0 0 0 698 181 72 66 7 0 0 
1 7 694 160 54 70 36 2 5 46 779 68 63 55 8 0 8 436 414 57 71 35 3 0 
0 0 240 552 85 100 45 2 0 2 707 141 87 82 5 0 0 61 724 95 96 47 1 0 
0 0 564 320 96 40 4 0 0 63 739 161 50 11 0 0 0 194 710 89 28 3 0 0 
0 0 122 48 15 12 11 816 0 3 153 19 14 10 10 815 0 0 137 29 17 11 14 816 
0 0 0 0 0 0 0 1024 0 0 0 0 0 0 0 1024 0 0 0 0 0 0 0 1024 
0 0 0 0 0 0 0 1024 0 0 0 0 0 0 0 1024 0 0 0 0 0 0 0 1024 
0 0 0 0 0 0 0 1024 0 0 0 0 0 0 0 1024 0 0 0 0 0 0 0 1024 
0 0 0 0 0 0 0 1024 0 0 0 0 0 0 0 1024 0 0 0 0 0 0 0 1024 
0 0 0 0 0 0 0 1024 0 0 0 0 0 0 0 1024 0 0 0 0 0 0 0 1024 
0 0 0 0 0 0 0 1024 0 0 0 0 0 0 0 1024 0 0 0 0 0 0 0 1024 
0 0 0 0 0 0 0 1024 0 0 0 0 0 0 0 1024 0 0 0 0 0 0 0 1024 
0 0 0 0 0 0 0 1024 0 0 0 0 0 0 0 1024 0 0 0 0 0 0 0 1024 
0 0 0 0 0 0 0 1024 0 0 0 0 0 0 0 1024 0 0 0 0 0 0 0 1024 
1 206 336 38 11 8 8 416 11 376 185 10 10 8 10 414 58 421 89 11 9 12 6 418 
0 0 422 424 144 32 2 0 0 3 753 218 48 2 0 0 0 409 505 102 8 0 0 0 
0 1 48 253 483 194 42 3 0 2 109 390 401 119 3 0 1 65 474 388 94 2 0 0 
18 38 697 122 84 58 7 0 19 154 658 83 84 26 0 0 28 685 160 83 60 8 0 0 
16 271 508 96 73 50 9 1 30 563 258 75 77 18 2 1 38 714 130 85 52 3 1 1 
52 778 91 57 31 15 0 0 434 457 55 55 23 0 0 0 647 257 60 51 9 0 0 0 
47 784 61 61 38 1 0 0 456 407 64 61 4 0 0 0 678 199 74 41 0 0 0 0 
0 1 742 128 63 76 14 0 0 516 367 75 52 14 0 0 3 784 121 72 42 2 0 0 
22 48 682 139 71 47 15 0 37 308 544 69 45 19 2 0 51 650 214 59 38 12 0 0 
0 0 552 279 110 60 11 12 1 92 707 112 76 22 7 7 1 377 464 90 65 15 6 6 
0 0 198 325 137 53 76 235 0 21 551 230 73 57 40 52 0 133 607 158 73 38 14 1 
0 24 267 241 32 29 46 385 0 78 305 234 18 8 13 368 6 91 399 120 15 10 13 370 
0 0 0 105 387 47 11 474 0 0 0 132 374 33 11 474 0 0 9 281 234 17 9 474 
0 0 0 0 141 441 26 416 0 0 0 0 175 396 37 416 0 0 0 0 398 194 20 412 
0 0 0 0 0 449 199 376 0 0 0 0 0 460 188 376 0 0 0 0 69 549 33 373 
0 0 0 0 0 306 149 569 0 0 0 0 0 320 135 569 0 0 0 0 48 330 78 568 
0 0 0 0 70 314 28 612 0 0 0 0 46 337 29 612 0 0 0 0 242 149 23 610 
0 0 4 97 388 72 17 446 0 0 3 91 378 89 18 445 0 0 33 145 353 30 16 447 
0 0 0 407 262 9 8 338 0 0 9 410 256 6 11 332 0 0 56 598 22 7 38 303 
0 0 251 421 26 6 0 320 0 0 296 375 22 11 0 320 0 0 496 178 30 0 0 320 
0 21 560 52 8 15 19 349 0 58 552 30 7 16 25 336 2 220 417 6 10 28 17 324 
0 246 368 97 60 43 36 174 32 440 277 65 24 21 19 146 86 546 160 38 18 22 21 133 
0 0 264 284 119 49 85 223 0 87 598 156 75 49 41 18 3 477 375 100 44 11 6 8 
0 14 252 560 166 32 0 0 39 119 464 348 49 5 0 0 39 416 484 80 5 0 0 0 
1 400 474 84 59 6 0 0 101 731 111 60 20 1 0 0 135 754 76 50 9 0 0 0 
6 491 284 121 96 18 5 3 129 638 143 87 26 1 0 0 201 613 134 63 13 0 0 0 
16 630 174 93 60 32 7 12 282 536 82 75 37 12 0 0 569 283 74 75 23 0 0 0 
33 568 177 105 63 22 10 14 350 452 99 60 25 6 0 0 578 254 94 52 14 0 0 0 
0 15 161 107 68 147 151 375 42 363 238 133 75 61 46 66 138 447 230 109 67 32 1 0 
0 16 175 96 53 73 113 498 77 274 246 199 110 64 32 22 111 426 345 113 29 0 0 0 
0 4 124 103 72 102 132 487 72 256 253 176 103 72 44 48 113 411 283 123 75 19 0 0 
0 0 0 0 19 132 210 663 0 7 409 450 115 27 12 4 0 290 618 102 14 0 0 0 
0 0 218 269 107 314 29 87 0 48 310 304 279 83 0 0 4 82 516 216 206 0 0 0 
0 0 0 266 213 235 168 142 0 0 2 325 182 278 139 98 0 0 17 396 216 247 76 72 
0 0 1 24 133 259 77 530 0 0 12 38 180 234 122 438 0 0 28 32 329 94 142 399 
0 0 26 78 64 327 59 470 0 3 61 66 59 321 60 454 0 5 82 50 164 231 52 440 
0 0 0 0 116 330 267 311 0 0 0 0 109 356 250 309 0 0 0 0 238 351 146 289 
0 0 0 20 351 331 262 60 0 0 0 13 339 326 253 93 0 0 0 104 349 334 227 10 
0 0 0 90 358 160 373 43 0 0 0 77 370 133 392 52 0 0 0 251 202 309 262 0 
0 0 41 371 148 296 168 0 0 0 26 379 145 337 137 0 0 0 108 329 281 279 27 0 
0 11 290 128 266 175 76 78 3 20 323 173 253 152 53 47 9 24 379 208 251 89 51 13 
0 124 438 157 77 40 41 147 10 320 574 94 21 5 0 0 17 452 477 61 14 3 0 0 
50 413 148 124 166 67 42 14 199 437 168 130 55 22 4 9 247 467 211 57 25 8 5 4 
0 0 2 22 41 137 368 454 9 203 533 211 50 14 4 0 21 667 302 28 6 0 0 0 
0 0 0 11 31 132 191 659 23 225 274 213 99 68 56 66 42 470 298 100 76 38 0 0 
0 0 2 50 105 122 239 506 132 285 293 156 80 37 25 16 190 516 234 65 19 0 0 0 
0 0 0 33 93 65 143 690 89 155 214 207 121 90 77 71 132 323 340 135 92 2 0 0 
0 0 0 73 165 209 158 419 176 251 251 118 72 41 36 79 220 454 196 63 42 36 13 0 
0 0 0 55 117 142 127 551 125 183 208 162 112 65 50 87 180 323 281 95 58 42 13 0 
0 0 0 0 3 38 606 377 0 180 692 118 34 0 0 0 1 861 162 0 0 0 0 0 
0 0 0 1 47 158 445 373 6 299 653 66 0 0 0 0 24 893 107 0 0 0 0 0 
0 0 9 10 48 220 489 248 13 321 592 45 26 24 3 0 52 816 108 31 13 2 2 0 
0 0 2 13 251 367 290 101 102 260 168 304 117 17 37 19 72 332 303 236 28 21 32 0 
0 0 0 8 154 516 248 98 427 176 74 29 177 120 15 6 296 283 91 165 117 67 5 0 
0 1 15 53 80 128 525 222 9 43 116 119 86 175 359 117 12 75 126 156 128 308 145 74 
0 0 0 0 17 34 81 892 3 94 145 73 55 45 53 556 3 115 206 112 46 52 109 381 
0 0 0 2 34 40 57 891 0 80 161 110 76 53 53 491 3 82 275 147 68 77 148 224 
0 0 6 43 47 48 191 689 1 101 192 162 63 36 131 338 12 125 239 176 119 74 147 132 
0 0 10 27 29 43 129 786 4 178 262 172 60 75 78 195 14 184 376 179 40 47 111 73 
0 0 0 1 4 4 140 875 1 263 389 130 34 24 101 82 1 239 415 142 30 42 148 7 
0 0 14 21 30 49 339 571 18 378 315 116 31 65 100 1 22 400 321 90 49 123 19 0 
0 0 0 12 72 343 259 338 19 148 171 108 183 349 14 32 11 174 186 184 395 35 13 26 
0 1 10 34 146 456 237 140 233 132 212 193 190 64 0 0 164 199 313 259 89 0 0 0 
0 0 4 17 95 384 332 192 414 181 125 116 63 80 44 1 307 301 154 125 115 19 3 0 
0 0 0 7 138 566 249 64 169 427 204 111 73 36 4 0 162 546 193 95 26 2 0 0 
13 15 24 23 110 312 372 155 60 399 440 81 31 8 3 2 88 735 145 40 9 2 4 1 
0 0 0 13 117 410 409 75 3 647 344 30 0 0 0 0 34 927 63 0 0 0 0 0 
0 0 1 19 106 305 496 97 0 207 737 80 0 0 0 0 0 759 265 0 0 0 0 0 
0 0 57 59 66 525 276 41 11 85 768 134 26 0 0 0 4 596 391 33 0 0 0 0 
0 0 59 74 38 338 402 81 11 109 682 131 59 0 0 0 4 517 409 62 0 0 0 0 
0 2 30 18 94 401 238 241 147 525 171 102 35 38 6 0 149 616 152 57 41 8 1 0 
0 13 35 45 81 259 225 366 72 341 143 137 143 71 52 65 161 323 152 175 80 48 39 46 
14 69 79 90 107 151 214 300 176 330 221 95 78 52 45 27 193 352 226 86 75 43 42 7 
5 25 63 62 98 247 341 183 383 299 132 89 69 28 20 4 235 466 164 90 54 13 2 0 
0 3 51 81 162 151 220 356 245 267 168 170 112 38 20 4 226 324 221 167 60 17 8 1 
7 44 33 79 127 97 215 422 172 267 263 224 64 18 12 4 196 312 304 167 21 16 7 1 
0 40 105 120 119 114 146 380 122 333 300 158 63 28 20 0 172 381 268 136 46 21 0 0 
0 0 32 112 149 129 185 417 206 207 257 206 76 34 20 18 178 292 280 179 49 20 24 2 
0 0 37 77 82 112 226 490 131 179 208 234 129 122 21 0 125 242 274 266 99 18 0 0 
0 0 10 90 110 145 184 485 167 236 307 236 54 9 10 5 160 264 365 190 25 12 3 5 
0 4 59 106 111 123 238 383 271 273 294 166 16 4 0 0 222 335 314 137 12 4 0 0 
0 0 68 162 156 136 213 289 293 240 249 204 27 6 4 1 242 354 272 130 16 6 4 0 
26 50 118 148 151 111 145 275 269 171 223 187 65 29 31 49 264 309 229 113 24 31 26 28 
13 60 161 124 117 122 156 271 323 226 243 170 48 12 2 0 359 273 254 116 19 3 0 0 
0 0 27 128 156 279 213 221 321 214 214 110 91 32 20 22 302 301 213 125 43 16 8 16 
2 32 97 99 188 207 232 167 265 218 239 97 69 64 39 33 242 288 255 91 61 45 39 3 
16 41 133 173 218 210 133 100 184 248 177 162 125 52 54 22 158 245 251 179 99 51 38 3 
0 83 126 136 131 155 152 241 290 196 191 109 77 37 44 80 235 342 176 97 52 39 62 21 
0 0 2 99 340 295 128 160 34 331 266 128 101 109 48 7 10 421 263 113 119 60 32 6 
0 1 15 344 256 120 114 174 32 500 127 139 120 76 30 0 10 538 167 151 119 35 4 0 
0 1 18 443 172 97 86 175 63 533 94 137 94 52 16 3 10 610 119 135 91 22 4 1 
43 123 109 100 157 173 145 174 225 202 212 94 83 84 90 34 254 282 241 101 84 33 29 0 
8 85 118 135 307 123 117 131 283 278 157 96 76 68 28 38 208 362 208 97 90 16 15 28 
34 105 71 127 277 211 106 93 393 231 145 92 87 58 18 0 368 328 156 101 55 14 2 0 
0 2 19 150 320 138 117 278 355 181 124 97 62 42 56 107 304 315 145 140 86 33 1 0 
0 0 4 244 241 88 152 295 308 220 107 101 128 82 60 18 252 285 262 107 74 35 9 0 
0 48 156 345 145 101 86 143 425 197 142 104 102 42 10 2 322 272 189 140 76 25 0 0 
0 6 145 292 217 73 119 172 222 118 251 228 113 52 33 7 183 191 367 202 62 18 1 0 
6 307 253 121 56 74 95 112 545 212 114 60 49 20 20 4 539 254 101 69 52 3 6 0 
0 173 304 110 86 96 134 121 440 168 116 99 95 55 36 15 417 191 140 133 85 36 22 0 
4 109 382 185 80 62 88 114 606 131 94 72 72 22 9 18 532 218 91 89 55 22 15 2 
0 22 217 317 204 60 116 88 574 228 95 92 31 4 0 0 489 321 92 102 17 3 0 0 
0 37 102 275 258 113 125 114 582 176 97 73 69 14 5 8 398 372 103 95 35 8 6 7 
0 7 114 296 277 96 89 145 519 213 106 67 69 19 9 22 410 320 139 62 56 13 21 3 
0 16 163 381 144 77 116 127 632 137 110 81 59 5 0 0 538 247 121 90 27 1 0 0 
0 0 25 239 346 101 129 184 502 210 95 76 91 32 5 13 396 338 105 120 41 11 3 10 
0 0 9 61 369 287 111 187 492 205 88 96 115 7 8 13 253 465 131 103 46 6 9 11 
0 8 101 141 321 186 123 144 344 227 129 91 87 105 20 21 256 366 143 107 103 30 19 0 
12 78 116 274 155 195 86 108 157 409 220 73 63 47 33 22 104 525 205 78 60 34 18 0 
0 1 66 130 173 239 210 205 0 68 390 145 88 89 122 122 0 110 369 155 100 137 78 75 
0 0 9 26 88 440 295 166 213 348 257 54 44 51 53 4 7 397 336 139 51 78 16 0 
0 0 3 5 94 463 268 159 237 439 206 47 32 19 6 6 0 451 336 134 36 22 4 9 
0 14 91 547 151 81 49 91 424 245 144 80 69 52 10 0 222 468 180 67 71 15 1 0 
40 72 86 352 186 87 84 117 339 331 119 83 53 54 31 14 229 462 129 84 76 30 13 1 
75 197 272 172 73 82 76 77 335 427 153 44 55 7 3 0 325 435 164 52 41 7 0 0 
23 302 412 99 53 44 26 65 610 217 86 52 40 17 2 0 517 324 99 60 16 8 0 0 
8 351 283 160 55 53 63 51 479 327 97 51 39 25 6 0 436 360 125 42 46 11 4 0 
0 149 333 284 71 84 69 34 236 577 88 59 39 16 7 2 134 641 132 70 28 14 5 0 
65 195 170 236 143 101 64 50 304 255 190 133 90 37 12 3 314 324 194 113 51 21 7 0 
43 388 256 85 69 77 83 23 655 88 71 56 71 75 8 0 644 109 88 86 89 8 0 0 
61 238 375 130 71 58 53 38 499 262 165 40 35 11 10 2 509 295 136 48 16 11 9 0 
19 387 270 79 43 66 116 44 667 95 78 51 82 39 3 9 649 113 92 95 54 9 6 6 
0 22 448 347 95 47 42 23 473 395 84 38 34 0 0 0 359 545 59 55 6 0 0 0 
60 391 245 128 60 64 45 31 636 148 114 46 44 31 2 3 603 190 129 63 29 6 4 0 
79 216 287 156 109 71 56 50 415 263 154 90 56 15 19 12 435 288 149 94 30 18 9 1 
120 259 225 169 99 61 39 52 504 109 119 160 93 27 11 1 485 132 136 175 72 15 9 0 
10 78 372 285 140 82 36 21 400 218 177 118 95 16 0 0 361 259 200 133 63 8 0 0 
0 83 182 208 200 151 141 59 347 210 87 75 123 170 11 1 268 328 110 152 149 15 2 0 
0 0 76 254 345 205 104 40 52 178 388 134 167 79 23 3 31 207 486 187 85 22 6 0 
0 2 107 290 281 170 115 59 8 259 346 127 116 126 28 14 3 290 405 147 147 17 11 4 
0 23 236 255 150 205 90 65 4 528 230 70 83 36 25 48 5 411 371 104 59 25 46 3 
0 94 287 195 90 134 168 56 21 416 357 126 40 35 11 18 24 383 401 126 47 14 14 15 
0 35 153 178 90 184 301 51 12 226 512 149 31 25 14 23 12 197 461 231 37 16 16 22 
0 410 262 202 55 29 47 19 171 357 292 104 65 28 7 0 183 319 248 178 69 27 0 0 
0 303 320 112 120 60 45 64 158 533 152 69 47 45 18 2 168 478 192 102 50 20 6 8 
2 202 362 170 103 55 86 44 243 473 158 58 41 32 19 0 257 414 241 78 30 4 0 0 
14 87 110 127 145 179 219 143 125 199 197 208 138 108 42 7 151 237 322 157 95 41 18 3 
1 230 463 89 70 88 50 33 484 370 62 33 39 22 13 1 390 411 126 34 37 18 8 0 
1 177 445 117 64 64 84 72 513 242 78 55 61 44 31 0 458 300 96 69 66 32 3 0 
0 318 306 115 92 91 65 37 652 117 82 72 52 27 22 0 623 165 107 79 36 14 0 0 
0 0 0 82 313 227 238 164 0 150 236 133 220 148 107 30 0 265 269 290 124 75 1 0 
0 38 509 177 151 68 37 44 563 175 111 76 41 22 29 7 567 177 161 72 31 16 0 0 
1 439 374 67 40 32 32 39 760 146 43 25 24 14 10 2 787 123 47 33 18 11 5 0 
0 39 226 210 424 115 10 0 386 357 107 143 31 0 0 0 304 464 213 43 0 0 0 0 
0 3 83 194 512 182 37 13 87 435 336 116 35 9 6 0 72 612 286 30 14 8 2 0 
0 35 827 113 28 16 4 1 901 120 3 0 0 0 0 0 755 261 8 0 0 0 0 0 
0 70 501 302 93 29 14 15 445 216 231 85 25 13 9 0 355 346 210 74 22 12 5 0 
0 0 830 86 46 55 7 0 626 244 70 44 39 1 0 0 538 353 81 51 1 0 0 0 
2 253 640 75 14 17 9 14 638 322 15 16 13 6 10 4 586 363 32 16 11 5 10 1 
0 124 202 664 34 0 0 0 1 690 333 0 0 0 0 0 0 472 552 0 0 0 0 0 
6 122 287 453 137 15 4 0 27 584 394 14 4 1 0 0 16 507 479 17 4 1 0 0 
0 27 730 250 17 0 0 0 1 733 263 15 12 0 0 0 0 558 439 16 11 0 0 0 
9 145 384 330 81 20 14 41 0 481 316 94 51 35 14 33 4 484 320 97 62 14 14 29 
9 145 134 488 116 27 16 57 0 232 361 231 66 40 17 45 4 221 377 239 76 18 18 39 
0 291 197 224 192 68 33 19 0 378 325 206 71 28 16 0 17 397 382 170 48 10 0 0 
0 543 198 56 71 56 47 53 0 690 135 77 58 62 2 0 0 708 140 74 81 20 1 0 
0 60 272 228 137 104 125 98 4 440 178 123 116 107 48 8 3 517 189 144 103 60 8 0 
0 1 29 127 175 241 266 185 8 152 199 178 164 166 118 39 20 201 281 188 191 124 19 0 
140 198 73 99 90 160 149 115 273 183 114 83 74 211 86 0 356 138 125 68 127 210 0 0 
1 51 242 170 134 138 93 195 78 307 168 123 120 102 56 70 173 265 204 129 96 83 34 40 
16 393 132 44 30 97 117 195 340 221 60 58 128 91 32 94 413 155 80 106 115 39 29 87 
0 30 134 268 254 168 85 85 107 233 412 174 57 23 18 0 76 302 448 130 35 33 0 0 
0 1 88 315 282 242 39 57 65 256 346 283 29 36 9 0 26 312 381 245 24 36 0 0 
45 397 166 204 52 31 43 86 400 288 143 62 52 27 27 25 438 283 134 63 44 47 12 3 
0 44 72 278 312 148 74 96 51 280 434 129 53 14 13 50 41 406 412 70 30 21 44 0 
0 0 0 0 234 461 199 130 0 0 444 359 98 72 49 2 0 57 728 121 74 44 0 0 
0 191 116 112 182 187 102 134 190 224 199 162 70 52 61 66 218 240 295 75 64 51 80 1 
23 253 161 271 162 89 46 19 213 549 141 67 32 20 2 0 336 449 148 55 31 4 1 0 
0 210 290 231 115 76 41 61 98 668 118 64 33 43 0 0 171 605 137 52 47 12 0 0 
79 420 241 102 59 45 30 48 279 560 56 54 39 33 3 0 274 540 75 68 44 22 1 0 
0 417 359 110 64 26 47 1 193 671 75 44 39 2 0 0 70 756 127 36 35 0 0 0 
38 184 427 123 69 78 52 53 78 640 143 64 66 31 2 0 53 606 221 66 63 15 0 0 
41 94 403 137 83 113 90 63 83 555 199 102 66 15 4 0 50 540 237 123 66 4 3 1 
0 22 458 361 71 51 53 8 0 530 324 106 52 12 0 0 2 479 381 125 37 0 0 0 
0 6 354 508 50 34 38 2 0 285 513 152 33 9 0 0 2 251 527 185 27 0 0 0 
0 5 602 320 63 20 14 0 0 884 128 11 1 0 0 0 0 816 190 18 0 0 0 0 
0 5 387 517 82 19 11 3 9 949 44 10 7 5 0 0 6 925 70 13 10 0 0 0 
0 0 303 569 121 30 1 0 320 677 27 0 0 0 0 0 187 790 47 0 0 0 0 0 
0 116 364 400 55 43 19 27 573 340 36 28 19 14 11 3 557 355 50 26 22 14 0 0 
0 0 419 468 103 25 4 5 875 136 5 4 2 2 0 0 733 271 12 3 3 1 1 0 
0 2 489 396 106 28 2 1 871 141 11 1 0 0 0 0 741 266 15 2 0 0 0 0 
12 111 424 256 74 76 40 31 624 225 69 53 43 5 3 2 614 224 81 66 28 6 2 3 
0 37 555 391 41 0 0 0 639 385 0 0 0 0 0 0 672 352 0 0 0 0 0 0 
0 21 662 325 11 5 0 0 426 588 9 1 0 0 0 0 575 438 9 2 0 0 0 0 
2 156 548 211 35 24 20 28 312 552 61 31 20 22 24 2 458 411 70 23 25 29 4 4 
0 12 338 294 233 130 15 2 110 612 164 64 53 19 1 1 187 577 163 66 25 5 1 0 
0 0 0 12 563 414 35 0 0 4 924 89 7 0 0 0 0 286 715 23 0 0 0 0 
0 0 0 36 755 189 20 24 0 11 891 73 13 18 18 0 0 89 870 26 21 18 0 0 
0 0 453 383 188 0 0 0 58 782 184 0 0 0 0 0 50 843 131 0 0 0 0 0 
17 182 738 87 0 0 0 0 160 864 0 0 0 0 0 0 348 676 0 0 0 0 0 0 
118 225 579 76 16 9 1 0 181 783 48 9 3 0 0 0 144 686 176 14 4 0 0 0 
11 592 421 0 0 0 0 0 65 931 28 0 0 0 0 0 9 916 99 0 0 0 0 0 
62 562 303 33 22 16 24 2 128 781 40 26 13 12 23 1 105 771 76 25 15 15 17 0 
0 378 600 46 0 0 0 0 39 803 181 1 0 0 0 0 27 840 156 1 0 0 0 0 
0 144 391 441 48 0 0 0 20 359 369 276 0 0 0 0 26 343 496 159 0 0 0 0 
0 7 382 572 31 0 0 0 0 100 577 315 0 0 0 0 0 95 704 193 0 0 0 0 
0 868 156 0 0 0 0 0 7 1016 1 0 0 0 0 0 222 802 0 0 0 0 0 0 
0 789 235 0 0 0 0 0 60 964 0 0 0 0 0 0 633 391 0 0 0 0 0 0 
0 638 386 0 0 0 0 0 390 634 0 0 0 0 0 0 985 39 0 0 0 0 0 0 
13 571 275 21 27 69 42 6 693 162 23 25 75 41 4 1 812 57 25 67 58 4 1 0 
418 477 118 2 3 2 1 3 928 79 7 1 4 1 2 2 1005 8 2 3 2 1 3 0 
502 390 92 7 18 9 6 0 953 22 14 15 13 5 2 0 969 16 11 21 7 0 0 0 
688 306 28 2 0 0 0 0 964 57 3 0 0 0 0 0 1010 12 2 0 0 0 0 0 
133 377 95 79 138 150 37 15 416 182 74 166 156 21 9 0 569 49 135 216 42 12 1 0 
133 594 125 33 66 70 3 0 396 436 43 70 78 1 0 0 810 48 42 108 16 0 0 0 
143 429 19 30 55 83 89 176 390 199 32 87 76 134 86 20 566 37 77 98 141 82 23 0 
0 9 375 277 122 66 45 130 1 323 330 149 64 49 67 41 21 495 230 108 58 67 44 1 
0 0 8 304 311 121 172 108 0 56 512 115 143 152 46 0 4 266 378 198 148 30 0 0 
0 1 170 682 83 13 14 61 0 164 762 9 14 13 35 27 7 709 218 18 24 35 13 0 
85 233 460 200 37 1 2 6 98 613 300 4 0 2 2 5 274 717 24 1 2 3 3 0 
709 256 59 0 0 0 0 0 820 204 0 0 0 0 0 0 984 40 0 0 0 0 0 0 
1015 9 0 0 0 0 0 0 1022 2 0 0 0 0 0 0 1024 0 0 0 0 0 0 0 
753 263 8 0 0 0 0 0 719 297 8 0 0 0 0 0 719 279 26 0 0 0 0 0 
123 175 118 214 223 152 19 0 105 182 109 213 220 173 22 0 96 198 106 238 284 99 3 0 
221 226 217 283 73 4 0 0 159 313 373 99 76 4 0 0 169 319 373 90 63 10 0 0 
0 0 195 765 64 0 0 0 0 0 182 824 18 0 0 0 0 0 182 824 18 0 0 0 
0 0 58 892 42 0 0 0 0 0 6 986 0 0 0 0 0 0 16 973 3 0 0 0 
43 884 47 41 9 0 0 0 100 849 47 28 0 0 0 0 780 190 43 11 0 0 0 0 
12 891 36 37 44 4 0 0 45 881 35 55 8 0 0 0 705 231 39 44 5 0 0 0 
20 654 139 100 86 22 2 1 149 618 125 90 37 4 0 1 498 319 100 88 16 2 0 1 
8 298 239 141 198 116 14 10 114 413 146 201 128 14 8 0 253 326 211 170 54 9 1 0 
79 51 37 59 94 167 164 373 94 64 89 104 199 214 189 71 128 80 117 207 306 132 53 1 
113 95 112 120 212 152 186 34 144 137 133 212 183 179 33 3 190 150 144 281 234 25 0 0 
504 132 52 100 126 92 18 0 486 163 128 103 90 48 6 0 577 114 135 95 82 21 0 0 
1 262 334 164 166 88 9 0 1 437 307 130 108 41 0 0 43 488 288 110 90 5 0 0 
41 119 222 187 260 125 66 4 48 245 244 222 154 93 18 0 89 281 297 156 153 48 0 0 
114 222 83 29 117 126 215 118 145 235 58 32 155 258 131 10 290 123 47 112 245 198 8 1 
0 0 56 339 315 186 66 62 0 32 340 174 309 108 36 25 1 158 318 197 286 55 9 0 
0 0 101 191 351 277 104 0 0 8 319 222 345 130 0 0 0 41 426 294 251 12 0 0 
1 54 133 219 324 143 95 55 17 73 255 164 286 193 28 8 17 94 287 205 348 67 6 0 
242 84 28 221 174 78 139 58 229 103 29 84 413 115 45 6 316 38 27 231 371 40 1 0 
514 12 18 286 169 25 0 0 515 14 24 108 363 0 0 0 521 20 15 291 177 0 0 0 
472 23 10 335 138 46 0 0 474 26 14 78 432 0 0 0 480 23 21 365 135 0 0 0 
328 41 34 439 148 32 2 0 326 44 33 116 493 10 2 0 341 46 28 468 138 1 2 0 
65 55 139 629 134 2 0 0 65 54 127 449 327 2 0 0 68 52 124 659 121 0 0 0 
130 190 309 385 10 0 0 0 134 122 266 460 42 0 0 0 130 92 333 433 36 0 0 0 
0 0 886 138 0 0 0 0 0 0 577 370 77 0 0 0 0 0 133 798 93 0 0 0 
0 0 973 19 0 0 0 0 0 0 830 162 0 0 0 0 0 0 363 629 0 0 0 0 
43 635 185 110 19 0 0 0 96 609 207 80 0 0 0 0 543 214 209 26 0 0 0 0 
9 638 70 214 57 4 0 0 34 636 88 221 13 0 0 0 456 224 110 192 10 0 0 0 
20 421 132 283 120 13 2 1 85 446 123 279 55 3 0 1 274 302 98 298 17 2 0 1 
8 296 235 161 248 38 6 0 113 409 102 184 181 3 0 0 251 317 104 279 41 0 0 0 
8 12 18 59 277 151 141 326 16 22 69 137 351 190 180 27 27 55 98 315 369 107 21 0 
83 89 104 160 368 116 42 30 113 130 123 233 323 38 29 3 156 140 127 368 187 14 0 0 
320 100 42 132 302 78 18 0 309 118 119 108 276 56 6 0 368 99 125 108 271 21 0 0 
1 259 244 98 252 129 9 0 1 402 191 40 233 125 0 0 43 419 151 61 313 5 0 0 
5 81 180 115 397 145 65 4 14 186 166 146 339 123 18 0 23 232 194 131 364 48 0 0 
61 125 75 23 249 181 186 92 80 146 50 23 265 307 111 10 157 99 34 74 426 193 8 1 
0 0 22 240 429 211 46 44 0 10 232 117 417 171 20 25 0 93 218 148 474 50 9 0 
0 0 100 164 526 178 24 0 0 6 274 157 281 274 0 0 0 26 328 166 442 30 0 0 
1 54 114 193 497 93 37 3 17 62 215 105 356 236 1 0 17 68 229 127 500 51 0 0 
120 26 18 282 327 74 116 29 130 21 18 77 624 100 21 1 139 24 19 253 540 17 0 0 
258 12 18 510 169 25 0 0 261 12 24 146 549 0 0 0 265 20 15 499 193 0 0 0 
216 23 10 556 141 46 0 0 218 26 14 114 620 0 0 0 224 23 21 577 147 0 0 0 
117 25 22 654 144 30 0 0 119 25 22 125 693 8 0 0 128 28 21 673 141 1 0 0 
27 28 67 759 111 0 0 0 28 28 52 423 461 0 0 0 29 29 50 775 109 0 0 0 
1 316 279 394 2 0 0 0 4 218 261 462 47 0 0 0 2 138 377 451 24 0 0 0 
0 7 872 113 0 0 0 0 0 0 625 318 49 0 0 0 0 0 222 696 74 0 0 0 
0 0 928 33 0 0 0 0 0 0 863 98 0 0 0 0 0 0 442 510 9 0 0 0 
