407 617 0 0 0 0 0 0 23 1001 0 0 0 0 0 0 56 397 571 0 0 0 0 0 
61 963 0 0 0 0 0 0 4 1020 0 0 0 0 0 0 3 717 304 0 0 0 0 0 
64 929 14 15 2 0 0 0 25 967 13 17 2 0 0 0 5 983 17 17 2 0 0 0 
49 903 18 23 19 9 2 1 49 903 17 25 17 10 2 1 16 934 17 22 18 14 1 2 
7 951 24 14 21 7 0 0 9 952 21 14 21 7 0 0 0 951 27 16 21 9 0 0 
0 934 52 19 13 6 0 0 0 940 46 19 14 5 0 0 0 873 113 17 14 7 0 0 
0 317 659 19 18 10 1 0 0 326 650 19 18 10 1 0 0 227 721 43 21 11 1 0 
0 35 510 434 21 21 3 0 0 35 519 425 22 20 3 0 0 29 467 477 23 23 5 0 
0 29 470 443 37 31 14 0 0 29 496 417 37 31 14 0 0 25 380 534 36 33 16 0 
0 236 681 39 31 30 7 0 0 268 650 39 32 30 5 0 0 141 753 57 33 28 12 0 
35 821 78 43 32 15 0 0 41 820 74 45 30 14 0 0 13 792 124 43 31 21 0 0 
202 818 1 2 1 0 0 0 158 861 2 2 1 0 0 0 119 898 4 2 1 0 0 0 
293 699 0 0 0 0 0 0 221 771 0 0 0 0 0 0 147 845 0 0 0 0 0 0 
9 753 262 0 0 0 0 0 0 623 401 0 0 0 0 0 0 229 779 16 0 0 0 0 
14 984 26 0 0 0 0 0 3 719 302 0 0 0 0 0 0 82 924 18 0 0 0 0 
8 703 263 50 0 0 0 0 0 597 322 97 8 0 0 0 0 392 438 102 76 16 0 0 
0 529 237 258 0 0 0 0 0 369 358 297 0 0 0 0 0 210 169 498 147 0 0 0 
0 632 313 70 4 2 2 1 0 565 333 117 4 2 2 1 0 479 214 307 19 2 2 1 
0 574 331 90 16 12 1 0 0 593 313 90 15 12 1 0 0 492 387 115 17 11 2 0 
0 429 403 47 18 28 98 1 0 451 382 46 19 27 98 1 0 401 426 50 19 28 99 1 
16 453 216 75 25 51 137 51 16 475 195 74 25 55 139 45 10 453 215 79 28 50 141 48 
213 350 130 48 15 70 183 15 212 363 119 49 13 79 179 10 170 389 125 57 15 72 183 13 
546 168 18 3 2 13 273 1 547 161 24 3 3 13 272 1 529 174 28 4 2 12 274 1 
1016 8 0 0 0 0 0 0 1015 9 0 0 0 0 0 0 1009 15 0 0 0 0 0 0 
1024 0 0 0 0 0 0 0 1024 0 0 0 0 0 0 0 1024 0 0 0 0 0 0 0 
992 0 0 0 0 0 0 0 860 132 0 0 0 0 0 0 835 148 9 0 0 0 0 0 
133 797 94 0 0 0 0 0 0 825 154 45 0 0 0 0 0 353 517 80 74 0 0 0 
52 563 293 116 0 0 0 0 0 332 459 233 0 0 0 0 0 30 453 282 194 65 0 0 
23 117 466 418 0 0 0 0 1 69 420 480 54 0 0 0 0 25 119 425 386 69 0 0 
8 161 488 367 0 0 0 0 0 78 524 416 6 0 0 0 0 2 278 359 370 15 0 0 
0 31 682 292 19 0 0 0 0 0 497 485 42 0 0 0 0 0 20 774 188 42 0 0 
0 0 300 724 0 0 0 0 0 0 322 702 0 0 0 0 0 0 120 904 0 0 0 0 
0 0 0 234 22 11 637 120 0 0 1 234 21 12 693 63 0 0 0 234 22 12 686 70 
0 0 3 14 36 135 498 338 0 0 4 13 45 138 535 289 0 0 4 13 43 133 518 313 
0 0 0 6 17 85 661 255 0 0 0 6 19 96 709 194 0 0 0 6 18 92 687 221 
163 7 4 8 10 12 247 573 163 7 4 8 10 12 363 457 154 16 3 9 10 12 274 546 
1024 0 0 0 0 0 0 0 1024 0 0 0 0 0 0 0 1024 0 0 0 0 0 0 0 
1024 0 0 0 0 0 0 0 1024 0 0 0 0 0 0 0 1024 0 0 0 0 0 0 0 
959 28 5 0 0 0 0 0 768 203 17 4 0 0 0 0 741 117 112 18 4 0 0 0 
344 592 88 0 0 0 0 0 33 697 249 45 0 0 0 0 4 162 586 172 100 0 0 0 
275 336 412 1 0 0 0 0 0 358 644 22 0 0 0 0 0 235 252 504 31 2 0 0 
553 266 162 43 0 0 0 0 16 630 250 128 0 0 0 0 0 302 346 174 147 55 0 0 
201 314 232 277 0 0 0 0 0 368 217 419 20 0 0 0 0 1 369 180 420 54 0 0 
312 316 249 147 0 0 0 0 0 459 323 242 0 0 0 0 0 114 369 212 317 12 0 0 
419 471 131 3 0 0 0 0 182 658 175 9 0 0 0 0 109 632 266 17 0 0 0 0 
33 99 193 128 60 215 186 110 2 101 220 128 69 228 189 87 0 81 238 126 69 230 183 97 
0 22 194 64 111 119 166 348 0 22 194 65 114 123 176 330 0 22 194 64 114 118 177 335 
0 6 136 41 60 206 324 251 0 7 136 41 67 218 321 234 0 6 137 40 66 211 321 243 
202 6 18 50 46 64 454 184 202 6 18 50 47 71 481 149 197 11 18 50 46 72 453 177 
1024 0 0 0 0 0 0 0 1024 0 0 0 0 0 0 0 1024 0 0 0 0 0 0 0 
1024 0 0 0 0 0 0 0 1024 0 0 0 0 0 0 0 1024 0 0 0 0 0 0 0 
918 74 0 0 0 0 0 0 676 276 40 0 0 0 0 0 644 100 183 65 0 0 0 0 
160 864 0 0 0 0 0 0 76 948 0 0 0 0 0 0 0 184 840 0 0 0 0 0 
759 163 79 23 0 0 0 0 6 820 136 62 0 0 0 0 0 573 249 97 78 27 0 0 
590 100 334 0 0 0 0 0 0 633 391 0 0 0 0 0 0 105 536 383 0 0 0 0 
450 68 434 72 0 0 0 0 0 480 369 175 0 0 0 0 0 0 476 175 373 0 0 0 
910 90 19 5 0 0 0 0 0 961 45 18 0 0 0 0 0 101 839 60 15 9 0 0 
957 63 4 0 0 0 0 0 307 712 5 0 0 0 0 0 252 765 4 3 0 0 0 0 
702 36 174 112 0 0 0 0 84 652 177 111 0 0 0 0 71 486 356 111 0 0 0 0 
572 20 197 180 16 26 13 0 26 566 181 196 17 24 14 0 7 67 701 187 24 22 16 0 
513 19 270 170 11 30 10 1 23 509 270 170 11 30 10 1 9 80 713 170 11 30 10 1 
575 24 91 200 113 21 0 0 158 441 90 206 109 20 0 0 134 283 272 202 109 24 0 0 
1013 11 0 0 0 0 0 0 646 378 0 0 0 0 0 0 622 402 0 0 0 0 0 0 
1019 5 0 0 0 0 0 0 706 318 0 0 0 0 0 0 671 353 0 0 0 0 0 0 
796 180 16 0 0 0 0 0 434 436 115 7 0 0 0 0 396 250 180 158 8 0 0 0 
1009 15 0 0 0 0 0 0 0 1024 0 0 0 0 0 0 0 1018 6 0 0 0 0 0 
996 28 0 0 0 0 0 0 21 1003 0 0 0 0 0 0 18 872 134 0 0 0 0 0 
1019 5 0 0 0 0 0 0 29 995 0 0 0 0 0 0 22 83 919 0 0 0 0 0 
921 43 5 7 7 13 7 21 64 897 8 5 7 14 8 21 50 90 827 5 6 11 13 22 
745 168 17 22 7 7 7 51 284 628 17 18 11 8 6 52 217 287 421 16 17 6 7 53 
616 89 37 78 128 17 26 33 275 455 22 70 124 18 27 33 189 534 26 90 101 21 26 37 
723 179 58 37 18 5 2 2 409 550 35 14 6 7 1 2 399 543 52 16 6 5 1 2 
775 117 45 37 16 7 6 21 90 812 57 22 6 9 4 24 83 236 615 37 13 7 9 24 
763 133 72 36 14 6 0 0 242 768 14 0 0 0 0 0 264 266 490 4 0 0 0 0 
1024 0 0 0 0 0 0 0 0 1024 0 0 0 0 0 0 0 775 249 0 0 0 0 0 
884 123 17 0 0 0 0 0 138 886 0 0 0 0 0 0 111 913 0 0 0 0 0 0 
1016 8 0 0 0 0 0 0 36 988 0 0 0 0 0 0 0 1024 0 0 0 0 0 0 
929 63 0 0 0 0 0 0 36 952 4 0 0 0 0 0 0 543 396 53 0 0 0 0 
907 50 22 13 11 19 2 0 110 844 23 16 8 22 1 0 83 866 22 17 12 19 5 0 
546 146 221 98 13 0 0 0 467 455 84 18 0 0 0 0 700 269 53 2 0 0 0 0 
336 303 170 61 44 50 44 16 63 580 185 64 54 21 42 15 142 318 396 46 49 15 43 15 
190 266 324 94 88 40 18 4 111 346 358 111 63 26 7 2 166 297 349 114 64 25 7 2 
353 186 300 51 59 24 35 16 361 180 305 45 59 24 36 14 342 160 273 111 58 26 33 21 
171 120 391 202 26 36 63 15 137 148 410 190 25 37 66 11 102 132 351 293 29 34 67 16 
337 160 316 66 71 13 16 45 360 135 324 64 68 12 16 45 362 102 321 99 63 14 17 46 
118 102 298 262 133 19 31 61 128 75 277 299 135 18 30 62 127 57 107 356 260 23 31 63 
538 302 96 50 12 4 6 16 552 258 128 47 12 5 6 16 468 255 154 90 29 5 7 16 
547 354 16 13 11 14 7 62 59 666 189 15 9 15 7 64 26 137 325 415 32 12 10 67 
904 110 10 0 0 0 0 0 821 196 7 0 0 0 0 0 771 179 72 2 0 0 0 0 
962 59 3 0 0 0 0 0 124 891 9 0 0 0 0 0 52 710 252 10 0 0 0 0 
991 1 0 0 0 0 0 0 47 945 0 0 0 0 0 0 0 399 593 0 0 0 0 0 
180 574 113 43 30 72 12 0 192 584 96 44 27 79 2 0 190 397 264 63 30 76 4 0 
320 363 320 21 0 0 0 0 346 416 241 21 0 0 0 0 437 203 331 52 1 0 0 0 
376 276 173 102 57 40 0 0 429 257 152 94 55 37 0 0 403 215 172 127 58 49 0 0 
400 432 130 43 16 3 0 0 429 443 110 26 14 2 0 0 429 390 159 28 14 4 0 0 
130 450 353 26 30 30 5 0 91 490 355 24 30 27 7 0 54 340 534 25 28 27 16 0 
407 214 150 75 81 92 5 0 417 216 158 70 87 73 3 0 395 228 164 68 88 77 4 0 
241 299 231 64 47 61 47 34 254 299 229 59 47 62 45 29 252 256 271 53 51 61 46 34 
434 175 280 17 9 16 36 57 431 176 282 17 9 17 36 56 409 154 301 40 9 18 35 58 
389 123 296 32 16 21 20 127 379 120 317 26 21 16 18 127 364 92 318 66 20 16 16 132 
241 333 318 55 26 23 11 17 198 398 339 18 18 23 13 17 156 306 436 51 17 30 9 19 
708 222 34 34 11 6 7 2 370 583 69 2 0 0 0 0 299 310 331 81 3 0 0 0 
755 219 42 8 0 0 0 0 40 805 148 28 3 0 0 0 21 295 457 184 63 4 0 0 
852 89 41 10 0 0 0 0 7 893 57 31 4 0 0 0 0 264 621 61 41 5 0 0 
295 553 110 38 24 4 0 0 268 444 247 32 21 12 0 0 245 551 151 41 23 13 0 0 
467 437 82 16 13 9 0 0 301 615 63 22 12 10 1 0 186 677 119 19 11 11 1 0 
206 817 1 0 0 0 0 0 130 893 1 0 0 0 0 0 42 780 202 0 0 0 0 0 
150 832 42 0 0 0 0 0 142 837 45 0 0 0 0 0 121 688 214 1 0 0 0 0 
301 281 188 133 101 16 4 0 292 290 186 139 100 15 2 0 272 180 278 159 104 26 5 0 
193 243 468 67 31 22 0 0 268 511 150 49 43 3 0 0 285 487 151 51 43 7 0 0 
948 40 15 10 6 5 0 0 928 57 24 5 5 5 0 0 913 71 24 6 5 5 0 0 
366 453 158 14 11 12 2 8 340 458 168 20 9 19 2 8 312 304 343 23 9 16 9 8 
209 630 54 4 5 9 10 103 45 781 64 7 5 6 12 104 0 481 407 8 6 4 9 109 
527 475 22 0 0 0 0 0 326 674 23 1 0 0 0 0 96 702 219 7 0 0 0 0 
653 341 20 8 2 0 0 0 54 869 95 5 1 0 0 0 27 437 419 127 13 1 0 0 
772 209 35 6 2 0 0 0 1 883 125 11 3 1 0 0 0 583 225 150 62 3 1 0 
798 130 40 19 5 0 0 0 20 870 67 21 12 2 0 0 0 661 210 65 46 9 1 0 
29 781 129 30 19 4 0 0 29 635 267 28 21 12 0 0 32 717 167 40 23 13 0 0 
698 183 73 16 13 9 0 0 547 351 49 22 12 10 1 0 433 474 43 19 11 11 1 0 
526 466 0 0 0 0 0 0 448 544 0 0 0 0 0 0 338 650 4 0 0 0 0 0 
182 806 4 0 0 0 0 0 69 919 4 0 0 0 0 0 49 822 121 0 0 0 0 0 
25 595 144 120 89 15 4 0 24 596 142 126 87 15 2 0 19 338 374 139 95 22 5 0 
103 435 350 61 28 15 0 0 123 614 165 53 34 3 0 0 129 389 374 59 36 5 0 0 
947 45 0 0 0 0 0 0 947 45 0 0 0 0 0 0 940 52 0 0 0 0 0 0 
561 228 41 38 16 16 17 75 535 239 48 41 15 25 24 65 509 243 61 45 14 20 25 75 
405 409 15 5 7 10 19 122 186 627 12 8 8 8 19 124 13 675 135 9 8 6 15 131 
628 364 0 0 0 0 0 0 422 570 0 0 0 0 0 0 41 789 162 0 0 0 0 0 
647 315 20 8 2 0 0 0 71 823 92 5 1 0 0 0 16 593 243 126 13 1 0 0 
727 222 35 6 2 0 0 0 1 851 125 11 3 1 0 0 0 557 219 150 62 3 1 0 
733 164 40 19 5 0 0 0 22 837 67 21 12 2 0 0 0 695 145 65 46 9 1 0 
