1 1 16 15 15 15 15 15 15 15 15 15 15 15 15 15 15 15 16 16 
16 5 5 5 5 5 5 5 5 5 5 
3 3 3 3 16 16 14 14 14 15 15 15 15 15 15 11 11 11 15 11 15 15 15 15 
13 13 13 13 13 13 14 14 14 2 2 16 15 15 15 11 11 11 11 11 11 11 15 15 12 
1 2 2 3 3 14 16 16 4 4 6 6 6 6 6 6 6 8 6 8 8 6 6 6 6 6 6 6 4 6 
2 1 1 1 1 1 1 1 1 1 3 3 4 4 4 4 4 4 4 4 4 4 4 4 4 4 4 4 4 4 4 4 
2 1 1 3 3 14 14 14 14 16 16 12 12 12 12 12 12 12 11 12 12 12 12 12 12 12 
2 16 16 2 2 14 16 16 16 5 5 5 5 5 5 5 5 5 5 16 
1 2 2 2 14 14 16 4 4 4 6 6 6 8 8 8 8 8 8 8 8 8 8 8 8 8 8 5 5 
2 2 13 13 2 2 2 14 14 16 14 7 8 8 8 8 8 8 8 8 8 8 8 10 10 8 8 8 8 8 8 8 8 8 8 8 8 8 8 8 7 8 8 8 16 16 
2 2 2 2 2 2 14 14 14 14 14 1 7 7 10 10 10 10 10 10 10 10 10 10 10 10 10 
2 2 2 2 2 2 2 2 2 1 1 1 1 4 4 6 6 6 6 6 6 6 6 6 6 6 6 6 
3 3 3 2 2 2 2 2 2 2 2 2 1 16 16 7 7 7 7 7 7 7 7 7 7 8 7 8 5 5 5 
3 1 1 1 1 1 1 2 2 2 14 14 14 16 16 16 7 7 8 7 8 8 8 8 8 8 10 10 10 10 10 10 10 9 9 6 7 
1 1 1 7 4 4 4 4 4 4 4 9 9 9 9 9 9 4 4 4 4 4 4 4 4 
3 3 3 1 13 13 13 13 13 1 12 12 12 12 12 9 9 9 
2 3 3 2 3 3 2 2 2 2 2 2 2 2 2 2 2 2 2 2 2 2 2 2 2 2 2 2 2 13 13 13 13 13 14 13 13 11 11 11 11 11 11 11 11 11 11 11 11 11 11 11 11 11 11 11 11 11 
3 3 3 14 14 14 14 16 16 16 6 6 6 6 7 7 7 7 7 7 7 7 7 6 
1 1 2 2 2 2 2 2 2 2 2 1 16 16 7 7 7 7 7 7 7 7 7 7 
2 2 3 2 2 2 2 2 1 1 1 4 4 6 6 6 6 6 6 6 6 6 6 4 
2 2 1 2 2 2 14 16 16 16 1 4 6 6 6 6 6 6 6 6 6 6 6 6 6 6 6 6 4 4 
2 2 2 2 2 2 2 2 2 14 14 14 16 16 14 7 7 8 8 8 10 10 10 10 10 10 10 10 10 10 10 8 8 8 8 8 8 5 5 
1 1 1 1 1 1 1 1 1 1 1 1 1 1 1 2 1 14 14 14 13 13 16 15 12 12 12 11 11 11 11 11 12 12 12 12 12 
2 2 2 2 2 2 2 2 2 2 2 2 2 1 16 7 7 7 7 7 7 7 7 7 16 
1 1 1 2 2 2 2 1 1 1 14 14 14 16 16 7 8 8 8 8 10 8 8 8 10 8 8 14 
7 5 5 5 5 7 6 6 6 8 8 8 8 8 8 8 8 8 8 8 8 8 8 
14 16 4 6 6 6 6 10 10 10 10 10 10 10 10 10 7 7 7 7 7 
1 1 1 1 1 14 14 16 16 16 15 15 15 11 11 11 11 8 8 8 8 8 8 8 8 8 8 8 8 8 7 8 
2 3 2 2 2 2 3 3 4 4 4 4 4 4 4 4 4 4 4 4 4 4 
2 2 2 2 2 2 2 2 2 13 7 7 6 7 8 8 8 8 8 8 8 8 8 8 8 8 8 3 3 
1 1 3 1 2 1 1 1 2 13 13 14 14 14 12 12 12 12 12 12 11 11 11 11 15 
3 3 3 3 2 3 3 14 16 16 16 4 4 4 6 6 8 8 7 8 7 8 6 8 6 6 6 4 4 6 9 
2 3 3 3 3 2 2 16 16 5 5 5 8 8 8 8 8 8 8 8 8 8 
3 3 3 3 14 14 14 16 16 16 16 15 15 15 15 15 15 15 15 15 15 15 15 15 15 15 
1 1 1 2 1 1 1 1 14 16 1 4 4 6 6 6 6 6 6 6 6 6 6 6 6 
3 3 3 3 3 3 3 3 4 4 4 4 4 9 9 9 9 9 9 9 
1 1 3 3 3 3 1 3 3 2 2 2 1 16 16 4 3 4 4 6 6 6 6 6 6 6 6 6 6 4 4 4 4 
13 13 13 13 13 16 13 12 15 15 5 5 5 5 11 11 11 11 11 11 11 11 12 12 12 12 12 
2 2 3 3 2 2 2 2 2 16 16 7 7 8 8 8 8 8 8 8 8 8 8 8 8 8 8 
3 2 2 2 3 3 3 3 2 14 14 16 16 16 15 15 15 15 15 12 12 12 12 12 12 12 12 12 12 11 11 11 11 11 5 5 5 4 
2 2 2 3 3 1 1 4 4 4 4 4 9 9 9 9 9 9 9 9 
3 3 3 14 14 14 15 15 15 15 15 15 15 15 15 12 12 12 12 15 12 12 12 12 3 3 
2 2 2 2 2 2 2 2 2 2 2 2 2 2 2 2 2 2 2 2 2 2 1 1 1 1 4 6 6 6 6 6 6 6 6 6 6 6 4 1 1 1 
3 6 16 3 3 16 8 8 8 8 8 8 8 8 8 8 8 
1 1 1 2 2 2 2 2 1 1 4 4 4 9 9 9 9 9 9 9 4 4 4 4 
3 3 3 3 3 2 2 2 2 2 2 2 2 1 1 7 7 7 7 7 7 7 7 7 10 7 7 7 10 7 7 7 7 13 
2 2 2 2 2 2 2 2 2 14 14 14 14 14 14 14 16 15 15 15 11 11 11 11 11 11 11 11 11 11 11 11 11 15 15 15 15 15 
16 3 3 14 14 14 14 14 14 16 15 15 15 15 15 12 15 15 
3 3 3 3 3 4 4 4 4 4 4 9 9 9 9 9 9 9 9 9 9 9 9 9 9 9 9 9 9 9 9 9 9 9 9 9 9 
2 2 2 2 2 2 2 2 14 14 14 14 14 14 16 15 15 15 15 15 15 11 11 11 11 11 11 15 15 15 15 
2 3 3 3 3 3 1 1 1 1 12 4 4 4 4 9 9 9 9 9 9 9 9 9 9 9 9 9 9 9 9 9 9 9 9 9 11 4 4 4 4 
3 2 2 3 2 2 2 2 2 2 2 2 14 2 1 7 7 7 7 7 7 7 7 7 7 7 7 7 7 7 7 7 
14 14 1 1 1 2 14 14 16 16 7 10 10 10 10 10 10 10 10 10 10 10 10 10 10 10 10 10 10 10 10 10 12 13 13 
1 1 1 1 1 1 13 13 1 13 15 15 12 12 12 12 12 12 12 12 12 12 
3 3 3 3 1 14 16 15 16 16 6 6 6 6 8 8 8 8 8 8 10 10 10 10 10 10 6 6 6 
3 3 3 3 3 14 14 16 14 16 16 15 15 15 15 15 15 15 15 
1 1 1 1 1 1 1 1 1 1 3 2 2 14 14 7 7 7 7 10 10 10 10 10 10 10 10 10 10 10 10 10 10 10 10 10 10 10 10 10 10 10 10 8 
2 2 1 2 2 2 2 2 13 13 4 4 9 6 6 6 6 6 6 6 6 6 6 6 6 
1 1 1 1 3 2 1 1 1 2 1 2 2 2 1 2 2 2 2 1 1 1 4 4 4 9 9 9 9 9 9 9 9 9 9 9 9 9 9 4 4 4 4 4 
15 15 3 16 15 15 15 15 15 11 11 11 11 11 11 11 11 11 11 11 
2 2 2 2 14 14 14 14 16 15 11 11 11 11 11 11 11 11 11 10 10 10 11 11 11 11 11 12 12 
1 1 2 2 2 2 2 2 16 14 13 13 14 13 3 12 12 12 12 12 12 12 12 12 
2 2 2 2 2 2 2 13 13 1 4 4 4 4 4 4 12 12 12 12 12 12 12 12 12 12 4 4 4 4 4 4 4 
3 3 3 3 3 14 14 14 16 16 15 15 15 15 15 12 12 12 15 15 12 15 15 15 15 15 15 
4 4 4 4 4 4 4 4 4 4 4 4 4 
10 10 6 6 1 1 1 1 1 14 14 16 16 16 7 6 6 6 7 10 10 10 10 10 10 10 10 10 10 10 10 10 10 10 12 12 12 10 6 6 6 6 4 
14 14 16 16 16 16 6 6 8 8 8 8 8 8 8 8 8 5 5 5 5 5 
3 3 3 3 3 3 1 4 4 4 4 9 9 9 9 9 9 9 9 9 9 
4 4 4 4 4 4 4 4 4 4 4 3 3 3 3 3 3 3 
1 2 2 2 2 2 2 2 13 14 14 1 7 7 7 7 7 7 7 7 7 7 9 
3 3 3 3 2 2 2 3 3 14 14 14 7 16 15 15 15 5 5 5 5 5 5 5 11 11 11 15 15 15 15 15 15 15 15 
2 2 3 2 14 14 14 14 16 15 15 15 15 11 11 11 11 11 11 11 11 11 11 11 11 11 11 12 12 
16 16 16 16 2 14 14 14 16 16 16 16 15 15 15 15 12 15 15 12 12 12 12 12 12 12 3 3 
13 13 13 13 14 3 1 1 1 2 14 14 16 16 16 14 16 4 6 6 6 6 6 6 6 6 6 6 6 6 6 6 6 4 
1 1 14 14 14 14 5 5 8 8 10 10 8 8 8 8 8 8 8 8 8 8 11 15 
2 2 2 2 2 2 2 2 2 2 2 2 2 14 14 14 14 16 16 16 7 6 6 7 7 7 7 7 7 10 7 7 10 7 7 7 10 7 8 7 7 6 
3 3 3 3 3 1 16 16 7 7 4 4 6 6 6 6 6 8 8 10 10 10 10 10 10 8 8 8 8 6 6 6 
1 1 1 1 16 16 16 16 16 1 6 6 6 10 10 10 10 10 10 10 10 10 10 10 10 10 10 10 10 10 10 9 10 10 9 10 9 
3 3 3 2 2 2 14 16 1 4 6 6 6 6 6 6 6 8 6 8 8 8 8 8 8 
4 4 4 4 1 1 1 1 3 3 3 3 3 3 4 4 6 6 6 6 6 6 6 6 11 9 9 6 6 6 4 4 4 4 
16 1 3 3 3 3 13 13 12 12 4 4 9 9 9 9 9 9 10 
1 2 1 3 2 14 14 14 14 13 13 16 11 11 11 11 11 11 11 11 11 11 11 15 15 
14 14 14 14 14 15 15 15 15 15 15 11 11 11 11 11 11 11 11 11 11 11 11 11 11 11 11 11 11 11 11 11 11 11 15 15 12 1 1 1 1 1 1 1 1 1 1 
14 14 14 14 16 16 5 5 5 5 7 7 11 11 11 11 11 11 11 11 11 11 11 11 11 11 11 11 11 11 11 11 11 11 11 11 11 11 11 11 7 11 11 7 7 7 7 7 7 5 16 
3 3 3 3 3 3 4 4 4 4 4 4 4 4 4 4 9 9 9 9 9 9 9 9 9 4 4 4 4 
2 2 2 2 2 2 2 1 1 1 4 4 4 6 6 6 6 6 6 6 6 6 6 6 6 4 4 4 
13 2 1 2 2 2 1 1 1 1 1 2 2 2 2 2 2 2 2 2 2 1 6 6 6 6 6 6 6 6 6 6 6 6 6 6 6 6 6 6 6 6 6 
2 2 2 2 2 2 2 14 14 16 16 5 5 5 5 5 5 5 5 5 5 5 5 5 5 5 5 5 5 5 5 5 5 5 5 
1 1 2 2 2 2 2 14 14 16 16 16 4 4 6 6 6 6 6 6 6 6 6 6 6 6 6 6 6 6 6 
1 3 3 3 3 3 1 3 3 3 1 2 2 2 13 13 1 4 4 9 9 9 9 9 9 9 9 9 9 9 9 9 9 9 9 
1 3 3 3 2 2 2 14 14 16 16 16 16 4 6 6 6 6 6 6 6 6 6 6 6 6 6 6 6 
1 3 1 3 3 3 2 1 3 3 4 6 6 6 6 6 6 8 8 8 10 10 10 10 10 10 10 10 10 10 6 9 9 
13 13 1 1 1 1 16 14 1 14 14 16 16 16 5 5 11 11 11 11 8 8 8 8 10 8 8 10 10 10 10 10 10 10 10 11 12 12 12 12 12 12 12 12 12 12 12 
14 14 2 14 14 14 14 14 16 3 15 15 15 15 11 11 11 11 11 11 11 11 15 15 15 15 
2 2 2 2 2 2 2 2 2 14 14 14 2 2 14 16 5 5 5 5 7 7 7 5 5 7 11 11 7 7 7 7 7 7 7 16 16 
3 3 3 1 1 3 4 4 4 4 4 9 9 9 9 9 9 9 9 9 9 4 4 4 4 
2 2 2 3 2 2 2 2 2 14 14 14 14 16 7 7 8 8 8 8 10 10 10 10 8 8 8 8 8 8 8 8 8 
3 3 3 3 3 3 14 14 16 16 16 4 6 6 6 6 10 10 10 10 10 10 10 10 10 10 8 8 6 6 6 
16 4 4 4 6 9 9 9 9 9 11 8 8 8 8 8 10 10 10 10 10 10 6 6 6 10 6 
4 1 1 1 1 1 1 1 1 14 16 16 16 16 4 6 6 6 6 6 6 6 6 6 6 6 6 6 6 6 6 6 4 4 
1 3 3 3 3 3 13 13 1 13 13 12 15 12 12 12 12 12 12 12 12 12 12 
2 2 2 2 2 14 14 14 14 16 5 5 5 5 5 5 5 5 5 5 5 5 5 5 5 5 5 5 5 5 5 5 5 5 5 
7 7 7 7 10 10 10 10 10 12 12 12 12 12 1 
1 1 1 1 1 1 1 16 14 16 16 16 16 16 7 6 6 7 8 7 7 7 7 7 7 7 7 7 7 7 7 7 7 7 7 5 
3 3 3 3 3 2 2 3 2 2 2 2 2 2 2 2 2 2 2 2 2 2 2 2 2 2 2 14 14 14 16 16 7 7 7 10 10 10 10 10 10 10 10 10 10 10 13 10 13 13 13 
3 3 3 3 3 3 3 3 3 4 4 4 4 4 9 9 9 9 9 9 9 9 9 9 9 9 9 9 9 9 9 
14 10 2 2 14 13 13 2 2 14 14 2 2 2 1 2 1 14 14 16 7 7 11 10 
2 2 2 2 2 2 2 2 14 14 14 14 16 7 7 7 8 8 8 8 10 10 10 10 10 10 10 10 10 10 10 10 10 10 10 10 10 10 10 10 10 7 8 10 7 13 13 
2 13 2 2 2 2 14 14 14 16 7 7 7 8 8 8 10 8 10 10 10 10 10 10 10 10 10 
3 3 3 3 3 3 1 1 3 2 14 14 6 6 6 10 10 10 10 10 10 10 10 10 10 10 10 10 10 10 10 10 10 10 10 8 8 10 10 8 7 6 6 6 6 
2 2 2 2 2 2 3 14 14 14 14 14 13 13 12 12 12 12 11 12 11 11 11 11 11 11 11 11 11 11 11 15 15 
1 1 1 1 1 14 14 16 1 1 4 4 6 6 6 6 6 6 6 6 6 
1 1 1 1 1 1 1 1 1 1 1 4 4 4 4 9 9 9 9 9 9 9 4 4 4 4 4 4 
2 2 2 2 2 2 2 2 2 2 2 14 2 1 7 7 8 8 8 8 8 8 8 8 8 8 8 8 5 5 5 5 5 5 
1 1 2 2 3 3 13 13 13 13 4 4 9 9 6 6 6 6 6 6 6 9 9 6 4 4 4 
2 2 2 2 1 2 2 2 2 2 2 14 13 1 1 4 4 6 6 6 6 6 6 6 6 6 6 6 6 6 6 6 6 6 6 6 6 6 4 4 
1 1 2 2 2 2 2 2 1 2 2 2 2 14 14 14 14 14 7 7 11 11 8 7 10 10 10 10 10 11 12 12 12 
2 2 2 2 2 2 14 13 13 13 13 13 11 11 11 11 11 11 11 11 11 11 11 11 11 15 15 15 
4 4 4 4 9 9 9 9 9 9 9 9 9 9 9 9 9 9 9 9 4 
16 16 1 16 14 14 14 16 7 8 8 8 8 8 8 8 8 8 8 8 8 8 8 
3 3 1 3 3 3 3 13 13 13 12 13 12 15 15 15 15 15 11 
2 2 2 2 3 3 3 2 2 1 1 1 4 9 9 9 9 9 9 10 10 10 10 9 9 9 9 9 9 
3 3 3 3 3 14 16 16 16 16 16 6 6 6 6 6 10 10 10 10 10 10 10 10 10 10 10 10 6 6 6 6 6 6 6 
3 2 2 2 2 2 2 13 13 13 13 13 12 12 15 12 11 11 12 11 11 11 11 11 12 
2 2 2 2 2 2 2 2 2 2 2 2 1 1 4 16 7 7 7 1 16 16 16 
14 2 14 14 13 13 5 5 5 5 5 5 5 11 5 5 5 5 5 5 5 5 5 
3 3 3 3 16 6 6 6 8 8 8 8 8 8 8 8 8 6 6 6 6 6 
2 2 2 2 2 3 1 1 1 1 4 4 4 4 4 9 9 9 9 9 9 9 9 9 9 9 9 9 9 4 
1 1 1 2 2 2 2 2 14 14 14 14 14 16 16 5 5 5 5 5 5 5 5 5 5 
16 14 14 14 16 16 5 5 5 5 5 5 5 5 5 5 5 7 7 6 6 12 
3 3 3 3 14 14 14 15 15 16 16 6 6 6 6 10 10 10 8 10 10 10 10 10 10 10 10 10 10 
14 14 14 14 14 13 15 15 15 15 15 15 15 4 4 12 15 15 15 15 15 15 12 
3 3 3 3 2 14 14 1 4 4 6 6 6 9 6 10 6 6 6 6 6 6 6 6 4 4 
1 4 1 1 4 4 4 4 4 9 9 9 9 9 4 4 4 4 4 4 1 
16 16 16 6 6 6 8 8 10 8 10 10 10 10 10 10 10 10 10 8 8 8 8 8 8 
1 1 1 3 3 1 1 1 1 2 1 1 14 14 16 16 1 4 6 6 6 6 6 6 6 6 6 6 6 6 6 6 6 6 6 4 4 
1 3 3 2 2 14 14 16 16 16 16 5 5 11 11 11 11 11 8 8 8 8 8 10 7 8 15 15 15 15 5 
1 1 1 1 1 1 13 4 4 4 4 4 4 9 9 9 9 9 9 9 9 9 9 9 9 9 9 9 9 9 9 9 9 9 9 9 9 9 9 9 9 9 9 9 9 9 4 
2 2 1 14 14 16 16 16 16 15 11 11 11 11 5 11 11 12 12 12 12 12 1 
3 1 1 14 14 14 16 7 7 8 8 10 10 10 10 10 10 10 10 10 10 10 8 8 8 8 
16 1 1 1 1 1 1 1 1 1 14 14 14 14 16 6 6 6 6 6 6 6 6 6 6 6 6 6 
3 2 3 2 2 2 2 13 13 13 13 13 12 12 12 12 12 12 12 10 12 12 12 12 12 12 12 
3 16 15 15 15 15 15 15 15 15 15 15 15 15 15 15 15 16 
3 3 3 3 3 3 3 3 3 14 14 16 16 16 16 6 6 6 6 6 6 6 6 6 8 8 8 8 8 8 10 8 10 10 8 10 10 
2 2 2 14 14 14 16 16 7 7 8 8 8 8 8 8 8 8 8 8 8 8 8 8 8 8 8 
3 3 3 2 2 3 2 2 14 16 14 14 16 16 7 7 7 7 7 7 7 7 7 10 10 10 10 10 10 10 10 10 10 10 10 
2 2 2 2 2 2 2 2 2 2 2 2 2 2 2 14 14 16 16 2 1 7 7 7 7 7 7 10 10 10 10 10 7 10 7 7 7 10 8 10 10 10 10 10 10 12 
2 2 2 2 2 2 2 14 14 14 16 14 7 7 7 10 10 10 10 10 10 10 10 10 10 10 10 10 10 10 10 10 7 
3 3 2 2 2 2 2 2 2 14 1 4 4 6 6 6 6 6 6 6 6 6 6 6 6 6 
3 16 15 15 15 15 15 15 15 15 15 15 15 15 15 15 15 15 15 15 3 
3 3 3 2 2 2 2 2 2 1 2 2 2 2 2 2 2 2 2 2 14 14 14 14 14 14 14 16 16 7 7 7 7 7 7 7 7 7 7 7 5 16 16 16 16 16 
9 4 4 6 12 15 4 4 4 6 6 6 6 6 6 6 6 6 6 4 4 4 4 
16 1 4 6 6 6 6 6 6 6 10 10 10 10 6 6 
2 2 3 3 3 2 2 3 14 14 16 16 16 16 16 4 6 6 6 6 6 6 6 6 6 6 6 6 6 6 
3 3 4 1 1 3 4 4 4 4 4 4 4 4 9 9 9 9 9 9 9 9 9 9 9 9 9 9 9 9 9 9 9 9 9 9 9 9 
1 2 3 3 3 13 13 13 13 12 15 15 15 15 15 11 11 11 11 11 11 
1 1 1 1 1 1 14 14 16 16 16 16 7 7 7 8 8 8 7 10 10 10 10 10 8 10 8 8 6 
1 1 1 1 1 6 6 6 4 1 1 1 1 1 1 13 7 7 7 7 6 6 6 10 10 10 10 10 10 10 10 10 10 10 10 10 10 10 10 10 10 
2 2 2 2 2 2 2 2 16 16 7 7 7 7 8 8 8 7 6 
16 5 15 5 5 5 5 5 5 5 5 5 5 8 8 8 8 8 8 8 8 8 5 5 8 5 8 8 8 8 8 
2 1 1 1 1 4 4 6 9 9 9 9 9 9 9 9 9 
14 16 6 6 6 6 6 8 8 8 8 8 8 10 8 8 8 6 8 6 6 6 
7 7 16 14 14 16 16 7 6 6 6 8 8 10 10 10 10 10 10 6 6 12 6 6 
3 3 16 16 15 15 15 15 15 15 15 15 15 15 12 12 12 15 15 15 15 3 
3 3 3 3 3 3 16 16 16 4 6 7 7 7 8 8 10 10 10 10 10 10 10 10 10 10 10 10 10 10 10 10 10 10 12 10 1 2 
1 1 1 2 2 14 14 14 14 16 16 16 12 11 12 11 11 11 11 11 11 12 12 12 12 12 12 
2 2 2 2 2 2 2 2 2 2 14 16 16 1 1 4 4 6 6 6 6 6 6 6 6 6 6 6 
2 2 2 2 2 14 16 1 4 4 6 6 6 6 6 6 6 10 10 10 
1 2 2 2 2 2 14 14 14 14 16 7 7 7 7 7 7 7 10 10 10 10 10 7 7 7 
4 4 4 4 1 16 16 16 4 1 1 1 7 10 10 10 10 10 10 10 10 10 10 10 10 10 10 10 10 10 10 10 10 10 10 10 10 10 10 10 10 9 12 9 
2 2 2 2 2 2 14 16 1 1 4 6 6 6 6 6 6 6 6 6 6 6 6 6 6 6 
3 3 12 3 3 15 1 1 14 16 16 16 5 5 5 5 5 5 5 5 5 8 5 5 5 
1 1 3 1 14 14 14 16 16 4 4 4 6 6 6 6 6 6 6 6 4 4 4 4 4 
1 4 4 1 3 3 1 1 2 1 3 3 2 14 14 16 16 4 6 6 6 6 6 9 9 9 9 10 6 9 9 9 4 4 6 
14 2 2 2 2 14 14 14 14 14 13 13 14 15 15 15 15 15 15 12 11 11 12 12 12 12 12 12 3 
3 3 3 3 3 3 3 2 14 14 3 3 3 16 7 7 7 7 7 7 7 5 5 7 5 5 5 5 5 
1 1 1 1 1 14 16 16 16 16 4 6 6 6 6 6 6 6 6 6 6 6 6 6 6 6 6 4 4 6 4 6 4 4 
3 6 6 6 6 8 8 8 8 8 8 8 8 8 8 8 
3 3 3 2 1 4 4 4 4 4 9 9 9 9 9 9 9 9 9 9 9 9 9 9 9 9 9 4 4 4 4 4 
3 3 3 2 3 14 16 16 16 6 6 6 6 6 8 8 8 8 8 8 8 8 6 6 6 6 6 6 6 
2 2 2 2 2 2 2 2 14 14 16 16 16 16 7 7 7 11 11 8 8 8 8 8 8 8 10 10 10 10 10 8 8 8 8 8 10 10 7 7 7 7 
3 1 1 1 4 4 4 9 9 9 9 9 9 9 4 
3 3 3 3 2 2 3 3 2 3 2 13 13 13 13 13 12 12 12 12 12 12 12 12 12 12 12 12 12 12 12 
13 13 1 1 13 1 13 12 13 13 13 11 11 11 11 11 11 11 11 11 11 11 11 11 
1 7 13 7 16 13 12 6 6 6 6 6 6 6 8 10 10 10 10 10 6 6 6 6 
1 1 1 1 1 2 2 2 2 2 2 2 2 2 2 2 2 2 2 2 2 1 12 12 12 6 6 7 7 7 6 6 7 
3 3 2 2 2 2 2 2 14 2 1 16 7 7 7 7 12 12 12 12 12 
4 1 1 1 1 1 1 1 14 14 16 7 16 1 1 7 10 10 10 10 10 10 10 10 10 10 10 10 10 10 10 6 6 6 6 6 
2 2 2 2 1 1 13 1 1 6 6 6 6 6 6 10 10 6 9 9 9 9 
1 4 4 1 1 1 1 1 1 14 7 16 6 6 6 6 6 6 10 10 10 10 10 10 10 6 6 6 
4 3 3 4 4 4 4 4 4 4 3 3 3 3 
2 1 4 1 4 4 4 4 4 9 9 9 9 9 9 4 4 4 4 4 
15 15 1 1 1 16 16 11 16 16 16 15 5 11 11 11 11 11 11 11 11 11 11 11 11 11 11 11 11 15 15 15 15 12 1 
1 1 1 1 4 4 4 4 9 9 9 9 9 9 9 9 9 9 9 9 9 9 9 9 9 9 
1 1 1 13 1 1 13 13 14 16 7 7 7 7 10 10 10 10 10 10 10 10 10 8 8 8 8 8 5 
2 13 13 13 2 13 13 14 13 14 14 16 5 5 5 11 11 11 11 11 11 5 5 5 5 5 5 5 5 16 
3 3 3 3 3 3 4 4 4 4 4 4 4 4 4 4 4 9 4 4 4 4 4 1 1 1 
3 1 1 3 3 3 3 2 1 3 3 3 16 16 15 15 15 11 11 11 11 11 15 5 15 15 15 
3 2 3 3 1 4 4 4 4 4 4 9 9 9 9 9 9 9 9 9 9 
13 13 1 3 14 16 16 16 15 15 15 15 15 15 11 15 15 11 15 15 15 15 15 15 
3 3 3 3 2 2 14 14 14 16 16 16 7 7 8 8 8 8 10 10 10 10 10 10 10 10 10 10 8 8 
2 2 2 2 2 2 3 2 2 2 14 14 16 16 14 16 16 6 6 6 6 7 7 7 7 7 7 7 7 
4 4 1 1 3 14 16 15 16 7 7 6 6 10 10 10 10 10 6 6 10 6 6 6 
3 16 16 16 3 3 3 14 13 13 14 15 15 15 15 15 15 15 15 15 11 11 15 15 15 15 15 15 
14 16 1 1 3 3 3 3 3 3 3 14 16 16 16 4 4 6 6 6 6 6 6 6 6 6 9 6 6 6 
3 3 3 3 6 6 4 1 4 4 4 4 4 9 9 9 9 9 9 9 9 9 9 9 9 9 9 4 
1 1 13 16 14 1 14 16 16 15 15 11 11 11 11 11 11 11 11 11 11 
2 2 2 2 2 14 14 14 13 11 15 15 15 15 15 11 11 11 12 12 12 12 12 12 
3 3 3 14 3 3 1 3 14 14 14 16 16 15 15 5 5 8 11 11 8 8 11 11 11 11 11 11 12 12 12 12 12 13 
1 1 1 1 1 1 4 4 9 9 6 6 10 10 10 10 10 10 10 10 10 10 10 10 10 10 10 10 10 10 6 
3 3 3 3 3 3 2 2 1 1 4 4 4 4 4 4 4 4 4 4 9 9 9 9 9 9 9 9 9 9 9 9 9 9 9 9 9 9 9 
3 1 2 2 1 1 1 14 14 16 7 7 10 10 10 10 10 10 10 10 
1 1 1 1 1 1 1 1 1 13 14 15 15 11 11 11 11 11 11 11 11 11 
3 3 2 2 2 3 3 3 2 2 2 2 2 2 2 14 14 14 16 16 16 16 6 7 7 7 7 8 8 8 8 8 8 8 8 8 8 8 8 8 8 7 7 7 
3 3 3 3 3 2 2 2 2 14 14 14 16 16 7 7 7 7 7 10 12 10 10 10 12 10 12 12 12 12 12 12 
4 4 4 4 4 3 3 3 3 3 3 3 3 3 3 3 3 4 4 4 4 9 4 9 4 4 4 4 4 
3 3 3 14 3 14 16 16 1 16 6 6 6 6 6 6 6 6 6 6 6 6 6 
1 1 1 1 1 14 14 14 14 14 14 14 16 6 6 8 8 6 8 8 8 8 8 
4 4 1 1 13 4 4 4 4 4 4 4 4 4 4 4 4 4 4 4 
3 16 16 2 2 2 2 2 16 16 16 14 16 16 15 15 11 11 11 11 11 11 11 11 11 11 11 11 15 15 15 
3 3 3 16 16 16 16 16 5 5 15 5 5 5 5 5 5 5 5 8 8 8 5 5 5 5 5 5 
14 14 1 1 14 14 14 14 16 15 15 12 12 12 12 12 11 12 11 11 11 11 11 11 11 11 11 11 11 11 11 11 11 11 11 11 11 12 12 12 4 4 12 16 12 
1 1 1 1 13 13 13 1 1 1 12 12 12 12 12 12 12 12 12 12 
1 1 13 13 1 1 1 13 14 14 13 7 7 7 7 7 7 7 10 10 10 10 10 10 10 10 10 10 
1 1 1 1 1 1 1 4 4 4 4 4 9 9 9 9 4 4 4 1 4 1 
1 1 1 1 1 1 13 13 13 13 13 13 15 15 12 12 12 11 11 11 11 11 11 11 11 11 11 11 11 11 11 11 11 11 11 11 11 12 12 
1 3 3 3 2 2 2 3 13 13 13 10 10 10 10 6 10 10 10 10 10 6 6 6 6 6 6 6 
8 8 10 10 7 10 7 10 10 10 7 10 10 7 13 10 13 10 10 10 7 7 7 8 5 5 5 5 5 5 5 
3 3 3 3 3 3 3 3 3 3 4 4 4 4 4 4 4 4 4 4 4 4 4 4 4 4 4 4 1 3 1 1 1 
13 13 2 2 2 2 2 2 14 16 16 14 16 16 5 5 5 5 5 5 5 5 5 5 5 7 5 5 
3 3 3 3 3 14 14 14 14 16 15 15 15 15 15 11 11 11 11 11 11 11 15 
3 3 3 3 3 6 15 6 15 15 8 8 8 8 8 8 8 8 8 8 8 8 8 8 8 8 8 8 6 6 6 6 6 6 
1 1 2 2 2 2 14 13 13 14 1 16 16 11 11 11 11 12 12 12 12 
3 3 2 2 2 14 16 4 4 6 6 6 6 11 11 7 8 8 8 8 8 8 8 6 6 6 6 
2 2 2 2 2 14 14 14 14 2 14 5 5 5 5 5 5 5 5 5 16 16 
2 1 1 2 2 2 2 2 2 2 2 2 2 1 16 16 7 7 7 7 7 7 7 7 7 7 7 7 7 7 7 9 12 4 1 1 
13 13 13 13 1 2 13 2 2 2 13 13 13 12 13 13 12 6 10 8 7 8 8 7 8 7 7 5 8 8 8 5 5 5 5 5 5 
2 1 1 1 1 1 1 1 1 14 14 13 13 14 16 15 15 15 15 15 15 15 15 15 15 15 15 
4 1 1 1 3 3 14 16 16 7 16 16 7 10 10 10 10 10 10 10 10 10 10 10 10 10 10 8 8 10 10 10 10 10 6 
10 13 6 7 16 16 16 7 6 6 6 6 10 10 10 10 10 10 10 10 10 10 10 
3 3 3 3 3 3 3 3 3 3 4 4 4 4 4 4 9 9 9 9 9 9 9 9 9 9 9 9 9 1 1 
2 2 2 2 2 2 2 2 2 2 2 2 2 3 2 2 2 2 3 3 3 3 3 3 3 3 3 3 3 3 3 3 3 3 3 3 
1 1 1 1 1 1 1 4 4 9 9 9 9 9 9 9 9 9 4 4 4 4 1 1 1 
2 2 2 2 2 2 2 2 2 2 2 2 2 3 5 5 5 5 
2 2 2 2 2 2 2 13 13 13 13 12 12 12 15 15 11 15 11 11 11 11 11 11 11 11 11 11 12 12 12 12 12 12 12 12 12 12 12 1 12 1 
3 3 2 2 2 2 2 14 14 16 16 15 15 15 15 15 15 15 15 15 15 15 15 15 15 
3 3 3 3 3 1 3 16 14 1 4 4 4 6 6 6 6 6 6 6 
3 2 2 2 2 2 2 14 14 14 2 1 7 7 7 7 6 6 6 12 12 12 12 3 
2 2 2 2 2 2 14 14 16 1 1 7 7 7 10 10 7 10 10 10 10 10 7 10 7 7 7 7 
2 13 14 7 7 16 16 4 4 6 6 6 6 6 6 6 6 6 6 4 4 
3 2 2 3 3 2 14 14 14 14 14 16 7 7 7 7 7 7 7 7 7 8 8 8 8 7 7 1 3 4 
3 3 2 2 2 2 14 14 14 16 16 16 16 4 6 7 6 7 7 7 7 7 7 7 7 7 7 7 
1 1 1 3 3 1 1 1 1 1 1 1 14 14 16 16 16 16 4 4 4 4 6 6 6 6 6 6 6 6 6 6 6 6 6 6 4 
1 1 1 3 14 15 16 5 5 5 5 5 5 5 5 5 5 5 5 5 5 5 11 5 5 
2 2 2 2 2 2 13 13 13 2 2 1 7 7 7 7 7 5 5 5 4 4 4 
2 2 2 2 2 2 2 2 2 2 2 2 2 2 2 2 2 2 1 4 6 6 8 8 10 10 10 10 10 10 8 10 10 
2 2 2 2 2 2 2 2 2 2 2 2 2 14 16 4 4 4 4 4 6 6 6 6 6 6 6 10 10 10 10 10 10 10 10 10 10 10 10 10 6 6 6 6 6 
1 3 3 1 3 3 1 3 1 16 1 1 1 1 1 3 1 1 2 3 3 2 13 13 13 7 12 6 6 6 10 10 10 10 10 10 10 10 10 10 8 10 10 10 8 8 8 
3 3 3 2 2 2 14 2 2 3 1 16 16 7 7 7 7 7 7 7 7 7 7 7 7 
2 1 3 16 3 1 2 2 1 2 2 1 1 1 1 1 1 4 4 6 6 6 6 9 9 9 9 
1 1 3 3 3 3 3 3 3 3 3 1 1 13 13 16 16 16 1 4 6 6 6 6 10 10 10 10 10 10 10 10 10 10 10 6 6 6 6 6 6 6 4 4 4 4 
3 3 3 3 3 3 14 14 14 13 13 14 16 15 15 15 15 12 12 12 11 11 11 11 11 11 11 11 5 
3 3 3 1 2 2 3 1 3 3 2 1 16 16 6 6 6 6 6 10 10 10 10 10 10 10 10 10 10 10 10 10 10 8 8 8 8 8 
1 1 2 2 2 2 2 2 14 14 14 14 16 16 6 6 6 6 6 6 6 6 6 6 6 6 8 8 8 5 5 5 5 5 5 4 4 4 12 
14 14 13 1 14 14 14 16 16 16 5 5 5 5 5 8 8 
4 4 3 3 3 3 3 3 14 14 16 16 16 4 4 4 11 6 11 8 11 11 11 11 11 11 8 8 8 8 8 5 5 
3 3 3 3 3 1 3 4 4 4 4 4 9 9 9 9 9 9 9 9 9 9 9 9 
12 12 12 12 12 12 16 13 13 12 12 15 15 7 11 11 11 11 11 11 11 11 11 11 11 11 11 12 12 15 12 12 12 
2 2 2 2 2 2 2 13 13 2 7 5 5 8 8 8 8 8 8 8 8 8 6 4 
10 7 7 7 7 7 10 8 7 8 7 16 7 12 4 4 6 6 6 6 6 6 6 6 6 6 6 6 6 
12 12 1 13 12 12 12 15 15 15 11 11 11 11 11 11 11 15 12 12 12 12 
3 3 3 3 2 2 2 2 2 2 2 2 1 1 2 1 6 6 6 6 6 6 6 6 6 10 6 6 6 6 6 6 
2 2 2 14 14 14 2 1 4 15 15 11 11 11 5 11 11 11 15 12 
3 3 3 3 3 3 3 3 14 14 14 16 16 15 15 15 15 15 11 15 15 15 15 15 15 15 15 15 15 15 
1 1 1 1 1 1 1 13 13 13 13 13 1 11 11 11 11 11 11 
3 3 2 2 2 2 2 2 13 13 13 13 13 13 15 15 12 15 12 12 12 12 12 12 12 12 12 12 12 12 12 12 12 12 12 12 12 12 12 4 
8 15 12 4 5 6 8 8 6 5 5 8 8 8 8 11 6 6 11 15 15 8 6 
3 3 3 3 3 14 16 16 16 3 16 4 6 6 6 6 6 6 6 6 6 
2 2 2 2 2 2 2 2 13 13 13 13 13 15 12 12 11 11 11 11 11 11 11 11 11 11 11 11 11 11 13 13 11 9 
1 1 16 16 16 16 16 3 2 1 4 6 6 6 6 6 6 6 6 6 6 6 6 4 4 4 
3 3 3 3 14 14 14 16 15 15 15 15 5 5 11 11 11 11 15 15 11 11 12 
1 1 12 1 13 13 12 13 15 15 15 15 11 12 12 12 12 12 12 12 12 4 1 
2 2 14 14 14 14 16 16 15 15 15 15 15 15 11 11 11 11 11 11 11 11 11 15 15 15 15 15 15 15 
3 3 3 3 3 3 3 14 14 14 16 16 12 12 12 12 12 12 12 12 12 12 
3 3 3 3 3 2 2 13 13 13 13 13 13 12 12 12 12 12 12 12 12 12 12 12 12 
3 2 2 2 2 3 2 1 1 4 4 4 4 4 9 9 9 9 9 9 9 9 9 9 9 9 9 9 9 9 4 4 
12 1 1 1 1 1 1 1 14 14 14 16 7 7 7 5 8 8 8 8 8 8 8 8 8 8 8 8 8 5 5 5 5 5 5 5 5 
1 1 1 1 1 3 1 1 1 1 1 1 1 14 16 16 16 16 4 6 6 6 6 6 6 6 6 6 10 10 7 10 6 6 6 6 6 6 4 4 4 
14 16 7 7 8 8 10 10 10 10 10 10 8 8 10 10 10 10 8 8 8 8 8 8 8 
2 2 2 3 2 14 14 14 14 14 14 16 15 15 15 15 11 11 11 11 11 11 11 11 11 11 11 11 11 11 15 15 
14 14 1 2 2 2 2 2 2 2 2 2 14 14 14 14 16 16 16 16 7 7 7 7 7 7 7 7 7 5 5 7 5 
5 4 4 4 4 3 15 15 15 15 16 16 7 6 10 10 10 10 10 8 8 10 10 10 10 10 10 10 10 10 10 10 8 8 8 10 10 10 10 10 
3 3 3 3 2 2 14 14 14 16 16 16 16 4 6 6 6 10 10 10 10 10 10 10 10 10 10 10 8 8 8 8 6 6 
3 3 3 3 2 3 4 4 4 4 4 4 9 9 9 9 9 9 9 9 4 4 4 4 4 1 1 
1 1 1 1 1 1 1 1 1 4 4 4 6 6 6 6 6 6 6 6 6 6 6 
2 1 2 1 2 2 2 14 16 16 16 7 7 7 7 7 7 8 8 8 8 8 10 10 10 10 10 10 10 10 10 10 10 10 8 8 8 8 8 7 7 6 6 6 7 
2 2 2 2 1 4 4 4 4 4 9 9 9 9 9 9 9 9 9 9 9 9 9 9 9 
3 3 3 3 3 2 1 4 4 4 4 4 4 9 9 9 9 9 9 9 9 9 9 9 9 9 9 9 9 9 9 9 9 9 9 9 9 9 9 9 
13 13 12 12 4 4 6 6 9 9 5 12 9 9 9 5 5 5 4 6 9 4 4 4 1 
3 2 2 2 2 2 2 2 2 2 2 2 2 14 14 16 7 7 7 7 8 8 8 8 8 8 8 8 8 8 8 8 8 8 8 8 5 
2 2 2 2 2 2 2 2 2 14 14 14 14 16 7 7 8 10 10 10 10 10 10 10 10 10 10 10 10 10 7 7 12 12 
3 3 3 2 2 13 13 13 13 13 3 3 15 15 15 15 15 15 15 15 15 15 15 15 15 3 3 3 3 
4 4 4 3 3 4 4 15 16 16 16 16 16 6 6 6 6 10 10 10 10 10 10 10 10 10 6 6 6 6 6 6 6 
3 2 2 3 3 2 2 3 2 14 14 16 16 7 7 7 7 7 10 10 10 10 10 10 10 10 10 10 10 10 10 8 8 8 8 
4 3 15 16 16 6 7 7 4 6 6 6 6 6 6 6 8 10 10 10 10 10 10 6 6 8 6 6 6 
2 2 2 2 13 13 13 13 15 15 15 12 12 12 12 12 11 11 11 15 15 15 15 15 15 
10 10 10 3 14 14 14 14 7 7 10 10 10 10 10 10 10 10 10 10 10 10 10 10 8 8 8 8 8 8 5 5 7 7 7 
2 14 14 14 16 16 16 15 15 15 15 15 15 15 15 15 15 15 15 15 15 15 15 15 
3 3 3 3 3 3 3 3 14 14 16 16 16 16 4 6 6 6 6 6 6 6 6 6 6 6 6 6 6 6 4 
1 1 3 1 14 14 16 16 16 4 4 4 6 9 9 9 9 9 8 8 8 8 8 8 8 8 6 6 6 6 4 4 
3 3 3 3 3 3 3 3 3 14 14 16 16 16 16 4 6 6 6 6 10 10 10 10 10 10 10 10 
3 2 2 2 2 2 2 1 2 2 2 14 1 7 7 7 7 7 7 7 10 10 10 10 10 10 10 7 10 
2 2 2 14 14 14 14 16 5 5 5 5 5 5 5 5 5 5 5 5 5 5 5 5 5 5 5 5 
2 2 2 2 2 2 2 2 2 13 13 13 13 13 13 13 1 1 7 7 7 7 7 11 7 7 11 12 11 12 12 12 12 12 12 
2 1 2 2 2 2 2 2 2 2 14 14 14 14 1 7 7 10 10 10 10 10 10 10 10 10 10 10 10 10 10 10 10 10 10 10 10 
1 1 1 1 1 13 13 14 2 2 2 1 1 1 14 14 14 16 16 16 16 16 5 5 11 11 11 5 5 5 5 5 5 5 5 
2 2 2 1 4 4 4 4 4 4 9 9 9 9 9 9 9 9 9 9 9 9 4 4 4 
3 3 3 3 3 1 14 14 16 16 16 4 4 6 6 6 6 6 6 6 6 10 10 10 10 10 6 6 6 6 6 
3 3 3 3 16 16 16 16 16 16 15 15 15 15 15 15 15 
3 1 1 2 2 2 14 14 14 14 7 7 8 8 8 10 10 10 10 10 10 10 10 10 10 10 13 
1 1 3 3 3 3 12 15 15 15 12 12 12 15 12 12 
2 2 2 2 2 2 2 2 14 14 13 13 13 15 11 11 11 11 11 11 11 11 11 11 11 8 8 8 8 11 7 11 11 11 7 
1 4 3 3 1 1 16 16 16 16 16 4 4 6 6 6 6 6 6 6 6 6 6 6 6 6 6 4 4 4 4 4 4 4 4 4 4 4 
3 3 1 6 9 4 4 4 4 4 4 4 4 9 4 4 4 4 4 4 1 
3 2 2 2 2 2 2 3 2 2 14 14 14 16 14 12 12 11 12 12 12 12 12 12 12 
1 1 1 1 1 1 1 1 1 4 4 4 4 4 9 9 9 9 9 9 9 9 9 6 6 6 6 6 6 6 6 6 6 6 6 
2 2 2 2 2 2 2 2 2 7 7 7 11 11 8 8 8 8 8 8 8 8 8 11 11 11 6 7 
1 1 1 1 1 1 1 4 4 6 4 9 9 9 9 12 9 9 4 4 4 4 4 4 4 4 4 
3 3 3 3 3 3 3 4 4 4 4 4 9 9 9 9 9 9 9 9 9 
1 1 14 14 16 4 4 6 6 6 5 5 5 5 5 5 5 5 15 
1 1 1 2 14 14 10 10 1 1 4 4 6 9 9 9 9 9 9 9 9 9 9 
16 16 16 16 16 2 1 3 3 2 14 14 16 14 16 5 5 5 5 5 11 8 8 8 8 8 8 8 8 8 8 8 5 5 5 5 5 
1 1 1 1 1 1 14 16 16 16 16 16 7 6 6 6 10 10 10 10 10 10 10 10 10 10 10 10 10 10 8 8 8 
3 3 3 3 3 3 3 4 4 4 4 4 4 9 9 9 9 9 9 9 9 9 9 9 9 9 9 9 9 9 9 9 9 9 9 9 9 9 9 
3 3 3 3 3 3 3 3 3 4 4 4 4 4 4 9 9 9 9 9 9 
1 1 14 16 16 16 7 7 6 6 6 6 6 8 8 8 8 8 8 8 8 8 8 8 6 6 6 6 6 6 6 6 6 4 4 4 9 9 9 
4 4 4 4 16 16 16 16 16 16 4 6 6 6 8 8 7 8 8 8 8 8 8 8 5 5 5 
14 16 16 15 15 15 15 11 11 11 11 11 11 11 11 11 11 
2 2 2 2 2 2 2 2 14 14 14 14 2 1 16 16 5 7 7 7 7 7 7 7 7 5 5 5 5 16 16 16 
3 2 2 2 2 2 2 2 2 14 14 14 16 16 16 16 5 5 5 5 5 5 5 7 7 7 7 16 16 16 
3 3 4 3 3 3 3 3 3 3 3 3 3 3 3 3 3 3 1 3 3 14 14 16 16 16 16 7 6 6 6 10 10 10 10 10 10 10 10 10 10 10 8 6 6 6 6 
1 1 1 14 13 13 13 13 16 15 15 11 11 11 11 11 12 12 12 12 12 12 12 1 1 
2 2 2 2 2 2 2 2 2 2 2 2 2 2 2 2 2 2 2 14 16 4 4 6 6 6 6 6 9 9 9 9 9 
14 14 14 7 5 8 8 8 8 8 8 8 8 8 15 
1 1 1 1 1 1 1 1 1 1 1 1 13 10 10 13 12 12 12 12 11 11 11 11 11 11 11 11 
3 3 3 3 3 3 3 3 3 3 2 14 14 14 14 14 15 15 15 15 15 11 11 11 11 11 11 11 11 11 11 11 11 15 15 15 
14 14 2 2 2 2 2 2 2 2 2 2 1 1 1 6 6 6 10 10 10 10 10 10 10 10 10 10 10 9 
2 2 3 2 2 1 1 2 2 14 16 16 16 16 4 6 6 6 6 6 8 8 8 8 8 8 8 8 8 8 8 8 8 6 6 6 4 
3 1 3 1 1 1 1 4 9 6 6 6 6 6 6 6 6 6 6 6 6 6 6 6 6 
2 2 2 2 4 4 4 4 9 9 9 9 9 9 9 9 9 9 9 9 9 9 
3 2 2 3 2 2 2 14 14 13 16 15 15 12 15 15 15 15 15 12 12 15 12 12 12 12 12 4 
2 2 2 2 3 2 2 2 3 14 5 5 16 16 16 6 6 6 8 8 8 8 8 10 8 8 8 8 10 8 8 8 10 10 
3 3 3 2 14 14 16 16 4 4 6 6 9 9 9 8 10 10 10 10 10 10 10 10 9 
3 16 16 14 13 16 12 15 12 12 12 12 12 12 12 12 12 12 12 12 12 12 13 
2 2 2 2 2 2 2 2 14 16 16 16 4 4 6 6 6 6 6 6 6 6 6 6 6 6 6 10 6 6 6 6 10 10 10 7 6 7 7 7 
3 3 3 3 3 14 14 14 16 16 4 6 6 6 6 10 10 10 10 10 10 10 10 10 10 8 8 8 8 6 6 6 6 
3 3 3 3 2 3 2 2 2 2 2 2 2 2 2 2 2 2 1 1 4 4 4 4 4 4 9 9 9 9 9 9 9 9 9 9 4 4 4 
3 3 3 3 6 15 6 6 3 6 6 6 6 10 10 10 10 10 10 10 8 10 10 10 10 8 8 8 10 10 10 8 
16 16 5 16 5 5 5 5 5 5 5 8 8 8 8 8 8 8 8 8 8 5 5 5 
13 13 13 2 13 13 2 2 2 2 2 2 2 14 13 13 13 13 7 7 7 7 7 7 7 7 8 8 8 8 8 
1 2 2 2 2 14 14 14 14 14 16 5 5 5 16 7 7 7 7 11 11 11 11 11 11 12 12 12 12 12 
2 2 2 2 2 2 2 14 14 14 16 16 7 7 8 8 8 8 8 8 8 8 8 8 8 8 8 8 8 5 5 5 5 
1 1 1 13 13 13 1 1 1 1 15 15 11 11 11 11 11 12 12 12 12 12 12 12 1 1 
1 1 1 1 1 1 1 3 2 2 2 2 2 2 2 2 2 2 2 1 6 6 6 8 8 7 7 7 10 10 10 
14 6 6 6 6 6 6 6 6 10 10 10 10 10 10 8 8 11 6 6 
13 13 3 1 13 13 1 12 12 12 12 12 12 12 12 12 11 11 11 11 11 11 11 16 16 16 15 15 1 
1 1 1 1 1 14 14 7 7 16 16 6 6 6 7 8 8 8 8 8 6 8 6 
15 15 15 15 15 15 15 15 15 15 15 15 15 15 15 12 12 
2 2 2 3 2 3 2 14 14 14 14 14 16 15 12 11 11 11 11 11 11 11 11 11 11 11 11 11 11 11 11 11 11 
1 1 1 2 13 1 1 1 13 14 13 11 11 11 11 
2 2 2 2 2 2 2 3 14 14 14 14 15 15 15 15 15 15 15 15 15 11 11 11 11 11 11 11 11 11 11 11 11 15 15 12 12 
2 2 2 2 2 2 2 2 2 2 2 2 2 2 2 2 2 2 2 13 13 13 13 13 13 13 13 13 7 7 11 7 7 7 16 16 16 16 16 
2 2 2 2 2 2 2 2 2 2 2 2 2 2 2 2 2 2 2 2 2 14 14 16 2 2 16 16 16 5 5 5 5 5 5 5 5 5 5 5 5 5 5 5 
3 3 3 3 3 3 3 3 3 13 13 13 13 13 6 6 6 10 10 10 6 6 6 6 6 6 6 6 6 6 6 6 6 
3 3 2 2 2 2 2 14 14 2 14 16 5 5 5 5 5 5 5 5 7 7 7 7 7 16 16 
4 4 12 3 3 3 3 16 15 16 16 6 6 6 6 6 10 10 10 10 10 10 10 10 10 8 8 8 6 6 
2 2 2 1 1 2 2 1 4 4 9 6 6 6 10 10 10 10 10 10 10 10 10 10 10 10 10 10 10 10 10 10 10 10 10 
2 3 3 2 2 13 13 1 1 4 4 9 9 9 9 9 9 9 9 9 9 9 
3 3 3 3 2 2 14 14 14 16 16 12 12 12 12 12 12 12 12 12 12 12 12 
3 2 2 2 2 2 2 14 14 14 16 16 2 16 7 7 7 7 10 10 10 10 10 10 10 7 7 7 7 7 8 8 8 8 
2 2 2 1 2 2 1 1 4 4 4 6 6 6 6 6 6 6 6 6 6 6 6 6 6 
3 3 3 3 16 16 16 4 4 6 6 6 6 6 6 8 8 6 6 6 6 6 6 6 4 
3 3 3 3 3 1 4 4 4 9 9 9 9 9 9 9 9 9 9 9 9 9 9 9 1 1 
1 3 3 2 2 2 3 3 16 16 16 4 4 6 6 6 6 6 6 6 6 6 6 6 
13 13 13 13 13 14 14 14 14 14 16 5 5 5 11 11 11 11 11 11 11 11 10 10 11 11 11 11 11 12 12 13 
3 3 4 4 4 4 4 4 4 4 4 9 9 9 4 4 4 1 1 1 
6 4 4 4 4 4 1 1 1 13 12 12 12 12 9 10 10 10 10 10 10 10 10 10 10 10 10 10 10 10 10 10 10 10 10 10 10 10 10 10 10 10 10 
3 3 3 3 3 14 16 16 3 3 4 6 6 6 6 6 6 6 6 6 6 6 
13 13 13 13 13 13 16 7 7 7 10 10 10 10 10 10 10 10 10 10 10 8 8 10 10 10 10 10 10 
3 3 3 1 16 14 16 7 7 7 4 6 6 6 6 8 8 8 10 10 10 10 
13 13 13 14 14 14 16 5 5 5 8 8 8 5 5 5 5 5 5 5 5 5 5 5 5 5 5 7 12 9 9 9 1 
1 1 1 1 2 1 13 13 13 13 1 12 12 12 12 12 12 12 12 12 11 12 11 12 12 12 12 12 12 15 15 15 
13 13 13 13 13 13 11 11 11 11 11 11 11 11 11 11 11 11 11 11 11 12 12 12 
7 6 10 10 10 1 1 1 14 14 10 13 13 10 6 6 10 10 10 10 10 10 10 10 10 10 10 10 10 10 10 10 10 10 10 10 10 10 10 10 10 10 10 10 12 9 9 
3 3 3 3 3 3 14 16 16 16 4 6 6 6 6 10 10 10 10 10 10 10 10 10 10 10 10 8 10 10 
3 3 4 1 4 16 16 16 16 4 4 6 6 6 6 10 10 10 10 10 10 10 10 10 10 10 10 10 10 10 6 6 6 6 
1 2 1 1 1 1 1 1 2 2 14 14 14 16 16 16 15 15 15 15 15 15 15 15 15 15 15 15 15 15 15 15 15 15 
2 2 2 2 2 2 14 14 2 14 14 16 15 11 11 11 11 11 11 11 11 11 11 11 15 15 15 15 15 
2 2 2 2 2 2 2 2 2 2 2 2 1 4 7 7 7 7 7 7 7 7 7 7 7 7 7 7 7 7 10 13 9 9 
3 2 3 2 2 2 14 14 13 14 14 14 14 14 16 15 15 11 11 11 11 11 11 11 11 11 12 
1 1 1 1 1 1 3 4 4 4 4 4 4 4 4 6 6 6 6 
1 1 2 13 12 12 12 12 12 12 10 10 10 10 6 10 6 6 
3 1 1 1 3 3 3 2 14 14 16 7 7 8 8 10 10 10 10 10 10 10 10 10 10 10 10 10 10 8 
3 3 3 2 14 14 16 16 16 16 4 4 6 6 6 6 8 8 8 10 10 10 10 8 8 8 8 8 8 6 6 
2 2 2 2 2 3 3 3 2 3 2 2 2 2 2 2 2 2 2 2 2 2 14 14 14 7 7 10 10 10 10 8 8 10 8 10 10 
3 3 3 3 3 1 1 1 4 4 4 4 9 9 9 9 9 9 9 9 9 9 9 9 9 9 9 9 9 9 9 9 9 9 9 
3 3 3 3 3 3 2 1 1 1 1 4 4 4 4 9 9 9 9 9 9 9 9 9 9 9 9 9 9 9 4 4 4 4 1 9 
2 2 2 2 2 14 14 14 14 7 8 8 8 8 8 10 8 8 8 8 8 8 8 8 8 8 8 8 
1 1 3 3 14 14 16 16 16 1 7 6 6 10 10 10 10 10 10 10 10 8 8 8 8 8 8 8 10 6 6 6 6 10 7 7 9 9 9 9 
2 2 2 2 2 2 2 2 2 2 2 14 14 14 16 14 16 5 5 5 5 5 11 11 11 11 11 11 11 11 11 11 11 8 7 8 8 5 5 5 5 5 5 5 5 5 5 5 5 5 5 5 3 3 1 3 
1 1 1 1 1 14 14 16 16 16 4 6 6 6 6 6 6 6 6 6 6 6 6 6 6 6 6 4 4 4 4 4 4 4 4 4 4 1 
2 2 2 2 2 2 2 13 13 13 13 13 15 5 5 5 5 11 8 8 8 8 11 11 11 8 8 15 15 12 
14 14 2 2 2 2 2 2 2 14 14 14 2 1 16 7 7 7 8 7 8 7 
3 3 13 13 13 13 1 12 15 11 11 11 11 11 11 11 11 11 11 11 11 11 12 12 
1 3 3 1 1 1 3 3 3 16 16 16 4 4 6 6 6 6 9 8 8 8 8 8 8 8 8 8 8 8 6 7 6 6 6 4 
2 2 2 2 2 2 2 16 7 7 7 5 5 8 8 8 8 8 8 7 7 7 7 
16 4 6 6 6 6 6 6 6 6 6 6 6 6 6 9 6 6 4 4 4 
3 3 3 3 3 3 3 3 14 14 14 16 16 16 5 5 5 5 5 5 5 5 5 5 5 5 5 5 
2 2 2 2 2 2 2 2 14 14 16 16 16 16 14 16 6 6 6 6 6 8 8 8 8 5 5 5 5 5 4 15 3 3 3 3 
1 2 2 2 2 2 2 2 2 2 13 13 13 13 1 13 13 11 11 11 11 11 11 11 12 12 12 12 1 
7 11 12 7 13 13 12 12 12 12 12 11 8 8 8 8 5 5 5 5 5 5 6 6 6 6 
3 3 3 3 3 3 3 3 3 14 14 16 16 16 4 6 6 6 6 6 6 6 6 6 6 6 6 6 6 4 
3 3 2 3 1 2 2 1 4 4 6 6 6 6 6 9 9 4 1 1 1 
5 5 5 5 5 5 5 8 5 8 8 8 8 8 
2 2 2 2 2 2 14 14 2 2 16 15 15 15 5 5 5 5 11 11 11 11 11 11 11 5 5 5 5 5 5 
2 2 2 2 2 2 2 2 2 2 2 2 2 2 2 2 14 14 14 14 14 14 16 16 16 16 7 7 5 16 16 16 16 1 
3 3 3 3 3 3 3 3 14 16 16 16 16 4 4 6 6 6 6 6 6 6 6 6 6 6 6 6 6 6 6 
2 2 2 3 3 2 2 2 2 2 14 14 14 14 14 7 7 7 7 7 7 7 7 7 7 7 7 7 7 7 7 7 7 
2 2 2 2 2 2 2 14 14 14 1 7 7 7 7 7 10 10 10 10 10 10 7 10 10 10 10 10 7 7 7 
1 1 1 1 1 1 1 1 4 4 4 4 4 4 9 9 9 9 4 12 12 12 12 12 4 4 
14 14 14 5 5 5 5 11 11 11 11 11 11 11 11 11 11 11 11 11 11 11 11 11 8 5 5 5 5 5 
3 3 3 3 3 3 3 3 3 3 13 13 13 12 12 1 4 4 6 6 6 6 6 6 6 6 6 6 6 6 6 
3 1 1 3 1 1 3 3 4 3 4 4 4 4 3 3 3 
2 2 2 2 2 2 2 2 2 2 2 3 4 4 4 4 4 9 9 9 9 9 9 9 9 9 9 4 4 4 4 4 4 
3 2 3 3 3 3 2 14 14 14 14 16 16 7 7 7 7 7 7 7 7 7 10 10 10 10 10 10 10 10 10 
3 3 3 3 2 2 2 14 14 14 14 14 14 12 12 12 11 11 11 11 11 11 11 12 12 12 12 12 12 12 12 12 9 
1 2 14 16 14 14 16 16 5 5 5 5 5 5 5 5 5 5 5 5 5 5 5 5 5 
1 2 2 2 2 2 2 2 2 2 13 13 13 13 13 15 15 15 15 11 11 11 11 11 11 11 11 
2 3 2 14 14 14 16 1 4 6 6 6 6 6 6 6 6 9 6 6 4 4 4 
13 3 10 10 1 1 1 1 1 1 7 7 7 16 6 6 6 6 8 8 8 8 10 10 10 10 10 10 10 10 10 10 10 10 10 10 10 10 10 10 7 7 12 
1 2 3 3 14 14 14 16 16 15 15 15 11 11 11 11 11 11 11 11 11 11 11 11 11 11 11 15 15 15 15 
1 1 1 1 1 13 13 14 14 1 7 7 7 7 7 7 10 10 10 10 10 10 10 10 10 10 10 10 10 10 10 10 7 7 7 7 7 7 7 7 7 7 
14 1 2 13 1 14 14 16 14 16 5 5 5 5 5 5 5 5 5 5 8 5 8 8 8 8 8 7 7 7 7 7 7 
1 1 1 1 1 3 2 14 14 14 14 7 7 8 8 8 8 8 10 8 8 8 8 8 8 8 5 15 3 6 6 
14 14 16 16 16 5 5 5 7 7 11 7 11 7 7 7 11 7 7 11 7 7 7 7 7 7 7 7 7 7 11 11 
2 2 2 2 2 2 2 2 13 13 13 13 11 11 11 11 11 11 11 11 11 11 11 11 11 11 11 11 11 11 11 11 11 11 11 11 11 7 7 7 13 
13 6 6 6 6 4 1 1 1 16 16 16 16 7 6 6 6 6 10 10 10 10 10 10 10 10 10 10 10 8 8 8 
2 2 2 2 2 14 14 14 1 7 7 10 10 10 10 10 10 10 10 10 10 10 10 10 10 10 10 10 
1 1 1 1 13 13 13 13 12 12 12 12 12 12 12 12 11 10 10 11 11 11 11 11 11 11 11 15 
1 1 1 1 1 2 14 14 16 16 6 6 6 6 6 6 6 10 10 8 6 6 6 6 6 6 6 6 6 4 
3 3 2 2 2 3 3 3 3 3 1 7 4 6 6 6 10 10 10 10 10 10 10 10 10 10 10 10 10 10 10 6 6 6 1 
3 3 1 1 1 2 1 3 14 14 14 16 14 16 11 11 11 11 11 12 12 12 12 12 12 12 12 
1 1 2 1 1 1 2 2 1 12 12 12 12 12 12 12 
2 2 2 2 2 14 14 14 14 14 16 16 5 5 5 5 5 11 11 11 11 11 11 11 11 8 11 5 5 5 5 5 5 5 5 5 5 
14 13 14 14 14 14 14 14 16 12 11 11 12 
3 3 3 3 2 2 14 2 3 3 16 16 7 7 7 7 7 8 8 8 7 8 7 8 8 8 8 8 8 8 8 8 8 8 8 8 8 5 
2 2 2 2 14 14 14 14 16 16 5 5 5 5 5 5 5 5 5 5 5 5 5 5 5 7 7 7 1 
14 14 14 14 7 7 8 8 8 8 10 8 10 10 8 8 8 8 8 8 8 8 7 7 8 5 5 5 6 6 6 6 6 6 1 
2 2 2 14 14 14 14 14 16 11 11 11 11 11 11 11 12 12 
13 13 1 1 13 13 13 13 13 13 11 11 11 11 11 11 11 11 11 11 11 11 11 11 11 11 11 15 12 
1 1 12 1 1 13 1 12 13 13 13 13 13 13 13 13 13 12 11 11 8 8 8 8 8 5 5 5 5 5 5 15 5 
3 2 2 2 2 2 2 2 2 2 2 2 2 1 2 1 1 4 4 6 6 6 6 6 6 6 6 6 6 
1 1 1 16 16 16 6 6 6 8 10 10 10 10 10 10 10 10 8 10 8 6 6 6 4 
3 3 3 3 3 3 3 3 7 16 16 16 14 16 6 6 6 6 6 6 6 6 6 
3 3 3 3 3 2 14 14 14 14 16 16 16 7 7 8 8 10 10 10 10 10 10 10 10 10 10 10 10 10 
5 2 14 14 14 5 5 5 5 5 5 11 11 11 11 5 5 5 5 5 5 5 5 
3 3 3 3 1 4 4 4 3 4 4 4 9 9 9 9 9 9 9 9 9 9 9 4 4 4 4 4 4 
2 2 2 2 2 14 14 13 13 1 7 7 7 10 10 10 10 10 10 12 1 
1 4 9 6 6 6 10 10 10 10 10 10 10 10 10 10 10 10 10 10 10 10 10 10 10 10 10 6 6 6 6 6 6 6 6 6 
2 2 2 2 2 14 16 16 16 7 8 8 8 10 10 10 10 10 10 10 10 10 10 10 10 10 8 8 8 8 8 8 
1 2 2 2 2 2 2 2 2 2 2 14 14 14 16 7 7 7 10 10 10 10 10 10 10 13 13 13 13 13 7 7 7 7 14 14 16 16 
2 3 2 2 2 2 3 3 2 2 2 2 1 4 4 6 6 6 6 6 10 10 10 10 10 10 10 6 6 6 6 6 
3 3 3 3 2 14 4 4 4 4 6 6 6 11 8 8 8 8 8 7 8 8 8 11 
16 16 16 6 6 6 6 8 8 10 10 10 10 10 10 10 10 10 10 10 10 10 
1 1 1 1 1 1 1 14 6 6 6 6 6 10 10 10 10 10 10 10 10 10 10 10 10 10 10 
2 2 2 2 2 2 2 2 2 14 14 16 15 15 15 15 15 15 11 15 15 15 15 15 15 15 
14 3 14 14 14 14 14 16 15 15 12 12 12 12 12 12 12 12 12 11 11 11 11 15 15 15 
2 1 1 1 2 2 1 1 2 2 2 2 1 4 4 4 4 4 9 9 9 9 9 9 9 9 9 9 9 9 4 4 4 
13 1 2 2 2 2 1 2 2 2 2 2 14 16 16 7 7 7 7 7 7 7 7 7 10 10 10 10 10 7 7 7 7 7 8 7 7 7 
2 2 2 2 2 2 2 2 2 2 14 14 14 16 7 7 7 8 8 10 10 8 8 8 8 8 8 8 8 8 8 8 5 
13 13 13 13 7 7 10 10 10 10 10 10 10 10 10 10 10 10 14 
3 3 3 3 3 3 14 16 16 16 16 4 6 6 6 6 9 6 6 6 6 6 6 6 
2 1 1 1 2 1 1 4 4 4 4 4 4 9 9 9 9 9 9 9 9 9 9 9 9 9 9 9 9 9 9 9 9 9 9 9 9 9 9 9 9 9 9 4 1 1 
2 2 2 2 2 2 2 13 13 13 13 12 12 12 12 11 11 11 11 12 12 12 
1 3 3 3 3 3 3 3 16 16 16 4 6 6 6 6 6 6 8 10 10 10 10 10 10 10 10 10 10 10 10 10 10 10 
1 1 1 1 13 13 13 13 4 4 4 9 9 9 9 9 9 9 9 9 9 9 9 9 4 4 4 
1 1 3 3 3 3 2 3 13 13 13 13 14 15 15 11 11 11 11 11 11 11 11 10 11 12 12 12 
3 3 3 3 3 3 2 2 2 14 14 14 1 16 16 7 7 7 7 7 8 8 8 8 8 8 8 8 8 7 7 7 7 8 
3 3 3 2 2 2 2 2 13 13 13 13 13 1 4 6 6 6 6 6 6 6 6 6 6 4 4 3 3 3 3 
3 3 3 3 3 3 3 4 4 4 6 6 6 6 6 6 6 6 6 6 6 10 8 8 8 8 6 6 6 6 6 6 
13 13 13 13 1 1 1 1 1 1 14 14 14 13 7 12 12 12 12 11 11 11 11 11 11 11 11 11 11 11 11 10 11 7 10 
3 3 4 4 4 4 4 9 9 9 9 9 9 9 9 9 
1 1 1 1 4 4 4 4 4 9 9 9 9 9 9 4 4 4 1 
2 2 3 3 3 3 3 2 2 14 14 14 14 14 7 7 8 10 8 10 10 10 10 10 10 10 10 10 10 8 8 8 8 
14 13 13 13 16 5 5 5 5 5 11 11 11 11 11 11 11 11 5 5 5 5 5 5 13 
3 2 2 2 13 13 13 13 12 12 12 12 12 11 11 11 11 15 15 15 15 15 
7 12 7 12 10 10 10 10 10 10 12 12 12 10 10 10 10 10 10 10 10 8 6 6 6 
1 1 1 1 1 1 13 13 13 13 13 14 16 15 15 15 11 11 15 11 11 11 11 11 11 11 11 11 11 11 11 11 11 
3 3 3 3 14 14 14 16 16 16 14 16 15 15 15 11 12 12 12 12 12 12 12 12 
3 3 3 16 14 14 16 3 16 13 13 3 15 15 15 15 11 11 11 11 11 11 11 11 11 11 11 11 11 11 11 11 11 11 11 11 11 12 12 12 12 12 
1 2 2 2 2 13 13 13 13 13 13 12 15 12 12 11 11 11 11 11 11 11 11 11 11 11 11 11 11 15 15 
3 3 3 1 1 3 16 16 16 16 16 6 6 10 10 10 10 10 10 10 10 10 10 10 10 10 10 10 10 10 6 6 
2 2 2 2 2 2 2 2 14 14 14 14 2 16 5 5 5 5 5 5 5 5 5 5 5 5 5 5 5 16 16 16 1 
1 1 3 2 1 3 3 13 13 13 13 13 10 10 10 10 10 10 10 10 10 10 10 10 10 10 10 10 10 10 10 10 10 10 10 10 10 10 10 10 7 7 7 7 
3 3 3 3 13 10 10 10 13 3 12 15 12 12 12 12 12 12 11 11 11 11 11 11 11 11 
2 3 1 1 2 3 3 2 2 2 2 13 13 16 16 7 7 12 12 12 12 12 12 12 12 12 10 10 12 12 12 
3 3 16 16 15 16 5 8 8 6 8 10 10 10 10 10 10 10 10 10 10 10 10 8 8 8 8 
2 2 2 1 1 4 4 4 9 9 9 9 9 9 9 9 9 9 9 
3 3 3 2 3 2 3 3 14 14 16 4 6 6 6 8 8 10 10 10 10 10 10 10 10 10 10 10 10 9 6 
3 3 3 3 3 3 2 2 2 1 2 2 13 13 13 13 13 12 12 12 12 12 12 11 11 11 11 11 11 11 11 11 11 11 11 12 12 12 12 
