14 14 7 7 6 6 6 6 6 6 6 
2 2 2 2 2 2 2 2 2 13 13 13 13 13 13 13 13 13 13 13 13 13 1 7 7 7 7 7 5 16 16 
3 14 14 14 14 14 14 13 13 13 13 13 13 13 13 13 13 13 13 13 13 13 12 10 10 10 12 12 12 9 12 
3 3 3 3 3 3 3 3 2 1 3 3 3 3 3 3 3 3 3 3 3 3 3 3 3 
3 3 3 14 14 14 14 14 14 14 14 14 14 11 11 11 11 11 11 11 11 11 11 11 11 15 15 15 
3 3 3 3 3 3 3 2 3 16 15 15 15 15 15 15 15 15 15 15 15 15 15 15 15 15 3 3 3 3 3 3 3 3 
14 14 13 14 14 3 13 14 13 13 13 13 13 13 13 13 13 13 13 13 13 13 13 13 13 13 12 12 10 12 12 12 12 12 12 12 
4 4 4 4 4 6 6 6 6 12 12 15 11 11 15 15 15 13 10 10 10 8 8 10 10 10 8 8 8 8 6 6 
7 7 10 10 14 7 7 7 7 7 14 7 7 7 7 7 7 7 8 8 8 8 
3 3 14 14 14 16 16 14 16 7 7 12 12 12 12 12 12 15 15 15 12 12 1 
1 1 1 1 1 1 3 2 2 2 2 2 2 2 2 2 1 1 2 2 2 2 1 4 4 6 9 9 9 9 9 9 
1 1 1 1 2 14 16 5 5 5 5 5 5 5 5 5 5 5 5 5 5 5 5 3 3 3 
3 3 3 3 3 3 2 3 3 14 14 14 16 16 16 16 14 14 14 14 14 14 14 7 7 7 7 8 8 8 5 5 16 
14 13 13 13 13 13 13 13 13 13 2 2 2 13 13 13 13 13 16 16 7 7 11 11 5 5 15 15 
13 11 13 13 13 13 13 13 13 13 13 14 14 14 14 14 5 16 14 16 5 5 
2 6 6 10 10 10 10 10 10 10 10 10 10 8 11 11 12 12 12 6 
1 2 2 1 1 1 2 14 14 14 14 14 16 16 14 2 14 14 14 14 16 16 16 5 5 5 5 5 16 16 
3 3 3 3 13 13 13 13 12 13 
1 3 3 3 3 1 3 3 3 13 13 12 12 12 13 13 12 13 13 12 12 12 12 12 12 12 12 12 15 15 12 12 
13 13 13 13 13 13 13 13 10 10 10 10 10 8 8 11 8 8 8 8 8 8 8 8 
3 3 5 5 5 15 15 5 15 15 15 3 3 4 
1 1 3 1 3 3 3 3 2 2 13 13 13 13 13 13 13 1 13 13 13 13 1 12 12 12 12 12 12 12 12 12 3 
14 13 13 13 14 14 14 14 14 14 14 14 14 14 14 16 5 16 16 16 16 16 16 
3 1 1 1 1 1 1 1 1 13 13 13 1 1 1 2 1 1 1 2 1 1 4 9 9 9 9 9 9 9 4 4 4 4 
1 1 1 1 2 2 2 2 2 13 13 13 13 13 13 13 2 1 1 1 2 2 16 16 16 5 5 16 
13 14 14 13 14 14 10 5 5 5 5 5 5 5 5 5 5 5 15 6 6 
3 3 3 3 2 3 3 1 1 1 1 1 1 1 1 1 9 9 9 9 9 9 9 
3 1 1 3 3 3 3 3 14 14 15 15 16 5 16 16 7 7 7 7 8 10 6 6 6 6 6 6 6 6 6 4 4 
3 3 2 3 3 3 3 3 2 2 13 13 13 13 13 13 13 13 13 13 13 13 13 13 12 12 15 15 15 15 15 15 15 15 3 3 
3 3 3 3 3 3 1 1 3 3 3 3 1 1 2 2 1 1 1 9 9 9 9 9 9 9 4 4 4 
2 3 2 2 2 2 14 14 14 14 2 2 13 13 13 14 14 14 14 13 13 7 7 7 7 6 6 12 1 
1 1 1 1 1 2 1 2 2 2 2 2 2 2 2 2 14 14 16 14 14 14 13 13 13 13 13 13 13 14 14 10 7 7 7 8 8 8 5 5 5 5 16 3 
1 1 1 2 2 2 2 2 1 2 2 3 2 2 2 2 2 2 2 2 2 1 4 4 4 6 6 6 6 6 
1 1 1 1 1 1 2 1 9 9 9 9 9 9 9 9 
2 13 13 13 1 3 3 1 4 9 9 9 9 9 9 9 9 4 
3 3 3 3 2 2 1 16 16 14 16 5 5 16 16 7 7 14 14 5 5 5 5 5 5 5 5 5 
2 2 2 2 2 1 2 2 2 2 2 2 2 1 9 9 9 9 9 9 9 9 9 9 
2 3 3 2 3 1 1 1 1 1 1 4 9 9 9 9 9 9 9 4 3 
2 2 2 2 2 2 1 2 2 2 2 2 2 2 2 2 2 2 2 2 2 14 16 5 5 5 5 5 5 5 5 5 5 5 
13 13 13 13 13 13 13 13 13 13 13 13 13 13 13 13 13 11 12 12 12 12 15 12 
2 2 2 2 2 2 2 2 2 2 2 2 2 2 2 13 13 13 13 13 13 13 13 13 2 2 14 13 13 13 14 14 14 14 14 16 16 16 16 16 16 
1 1 1 1 3 3 3 1 1 1 1 3 2 2 14 16 16 16 16 16 16 16 16 7 7 7 7 8 7 7 6 6 6 6 4 
16 4 1 1 1 1 1 1 1 1 3 16 16 3 4 4 
2 2 2 2 2 2 2 2 2 13 13 13 13 13 13 13 13 13 13 13 13 13 13 13 14 7 7 7 8 8 8 5 5 16 
3 3 3 3 3 1 1 1 1 3 4 9 9 9 9 9 9 9 4 
2 2 2 2 2 2 2 2 2 2 3 2 2 2 2 1 1 9 9 9 9 4 3 3 3 2 2 3 2 
14 14 14 13 13 13 13 14 13 13 13 13 13 13 13 2 2 1 7 11 11 5 5 5 5 15 15 
16 16 3 3 3 3 1 13 13 12 12 13 3 3 3 2 13 13 13 10 13 13 13 13 13 13 13 13 13 13 12 12 12 12 12 12 12 12 12 12 
13 2 2 2 2 2 2 2 2 2 2 2 2 2 2 13 13 13 13 13 13 13 13 13 13 13 13 10 10 10 10 10 10 10 7 7 7 7 6 
3 3 3 3 3 3 3 3 3 2 3 3 3 4 4 4 4 
4 3 3 1 1 1 1 1 1 1 1 1 16 16 16 15 15 15 7 7 7 8 8 8 8 6 6 8 8 5 5 5 6 6 6 
1 1 1 1 1 1 1 16 7 7 10 10 8 12 12 7 12 7 7 12 12 12 12 12 12 12 12 3 
16 16 14 14 14 14 13 13 13 13 13 13 13 13 13 13 13 13 13 13 13 13 13 13 13 13 13 13 13 13 13 13 12 12 5 4 15 4 4 
1 2 1 1 2 2 2 2 2 1 1 6 6 9 6 10 9 9 9 9 
13 13 13 13 13 13 13 13 13 13 13 13 13 13 13 13 13 12 12 12 12 
16 16 14 14 14 14 14 14 13 13 13 13 13 13 13 13 2 2 14 2 2 2 2 13 7 7 11 11 11 11 11 
2 2 2 1 1 1 2 2 2 2 2 2 3 2 2 2 2 2 2 2 2 13 13 13 13 13 13 13 13 13 13 13 13 13 13 13 13 12 11 15 15 15 15 15 
14 14 14 13 14 13 13 13 13 13 7 13 10 10 10 7 7 12 12 
1 1 1 2 13 13 3 3 3 3 2 2 2 2 2 2 1 4 4 9 9 9 9 4 4 4 4 4 4 4 
3 3 3 2 3 2 2 2 2 2 3 2 1 1 1 1 1 1 1 1 1 1 4 4 4 4 4 4 4 4 
3 3 3 3 3 3 2 3 3 2 1 13 13 1 1 1 1 1 1 1 6 6 6 4 6 4 4 4 4 
