3 3 3 3 3 3 3 2 2 14 16 16 16 16 16 16 14 14 7 8 14 14 7 10 10 10 10 7 8 10 10 10 10 10 10 10 
1 1 1 1 3 3 2 2 2 2 13 13 16 16 16 13 13 13 14 7 13 7 10 10 10 10 10 10 10 10 10 10 10 10 10 10 10 10 8 8 8 8 
14 14 14 14 14 14 14 14 14 11 11 11 11 11 11 11 11 11 11 11 11 11 11 11 15 15 15 15 
2 3 3 3 3 3 3 14 14 14 14 16 16 16 16 16 14 14 8 7 7 8 10 10 7 8 10 8 8 7 8 7 6 6 6 7 
3 3 3 3 3 14 16 16 16 16 16 16 7 7 6 6 6 6 6 6 6 6 6 6 6 6 6 6 4 4 
3 3 3 3 3 3 14 16 16 16 16 16 16 16 7 10 10 8 10 10 10 10 10 10 10 10 10 10 8 8 8 6 6 6 6 
2 2 2 14 14 14 14 14 14 14 14 14 14 16 5 5 11 11 11 15 15 15 15 15 15 3 
3 3 3 3 3 13 13 15 15 14 15 11 12 12 11 11 11 11 11 11 11 11 11 11 15 15 15 15 15 
3 3 2 2 14 14 14 14 14 13 11 13 11 16 11 11 11 11 11 11 11 11 11 11 11 15 15 
3 16 14 14 3 3 14 14 14 14 14 16 14 13 11 11 11 11 11 11 11 11 5 7 11 5 5 16 16 16 
3 3 3 3 3 3 14 16 16 16 16 4 4 6 6 6 6 6 6 6 8 8 8 6 6 8 8 6 6 6 
3 3 3 3 3 2 2 2 2 2 2 16 1 1 4 4 4 6 6 6 6 6 8 10 10 10 10 10 10 10 10 6 6 6 6 6 
14 14 13 14 13 13 13 13 13 13 13 13 13 13 13 13 13 13 13 13 13 10 13 13 13 13 13 10 12 9 7 10 11 11 11 11 11 11 11 11 11 11 12 
3 3 3 3 3 14 14 16 16 16 15 16 7 8 8 10 10 10 6 10 6 8 10 10 8 6 6 6 6 6 6 
16 15 15 15 16 3 15 15 7 12 12 12 12 12 12 11 11 11 11 11 11 15 15 15 15 12 
3 3 3 3 16 14 16 16 5 16 14 8 7 8 14 8 8 8 8 8 8 8 8 8 8 8 8 8 11 8 8 8 
2 2 2 2 14 14 14 14 14 16 14 14 14 14 14 14 14 14 14 14 7 7 5 5 5 5 5 5 5 
3 3 3 16 16 4 4 4 4 4 9 9 9 9 9 9 6 6 4 4 4 4 4 4 
14 14 14 14 14 14 14 13 13 13 13 13 13 13 13 13 13 13 13 13 13 13 13 13 13 13 12 11 11 11 11 11 11 11 11 11 11 15 15 
1 1 1 1 1 1 1 16 16 16 16 16 14 16 14 14 14 16 14 10 10 10 6 6 6 6 6 6 6 6 6 4 
10 10 10 11 11 11 11 11 8 8 8 8 8 8 5 5 
3 3 3 3 3 3 3 3 16 16 16 14 14 7 6 6 8 8 8 10 10 10 10 10 10 10 10 10 8 8 8 7 5 6 7 6 3 
1 1 16 16 16 16 16 16 14 14 14 14 14 14 14 10 10 6 6 10 10 10 6 6 6 6 6 6 4 4 
3 3 14 14 15 15 15 15 15 14 11 11 11 11 11 11 11 11 11 11 11 15 15 15 15 15 
2 2 2 2 2 2 2 2 14 14 14 16 1 2 2 2 13 1 1 1 10 10 10 10 10 10 6 6 6 6 6 6 
3 3 14 16 16 13 14 14 12 12 12 12 12 12 12 12 12 12 12 12 12 15 15 15 15 15 15 
3 3 3 14 14 14 14 15 15 15 15 15 11 12 12 11 11 11 11 11 12 12 12 15 15 15 15 15 15 
7 13 11 11 11 13 13 13 13 10 10 10 13 10 10 10 10 10 10 10 10 10 10 10 10 10 10 10 10 10 8 8 8 8 8 8 6 6 6 6 
2 2 2 2 1 2 2 2 2 2 2 2 2 2 2 2 2 2 2 2 13 16 1 1 1 13 13 14 14 13 14 13 13 10 13 13 10 10 10 10 10 10 10 10 10 10 10 10 
3 3 2 2 3 3 3 3 14 14 14 13 14 14 13 14 14 10 10 13 10 13 13 10 10 10 10 10 10 10 12 12 12 12 
3 3 3 3 3 1 1 4 4 4 4 9 9 9 9 9 9 9 9 9 9 9 4 4 4 3 
1 1 1 1 1 1 1 1 13 2 2 2 1 1 1 1 1 4 4 9 9 9 9 9 9 9 9 9 9 4 4 4 
14 14 14 14 16 16 16 14 7 7 7 7 14 7 7 7 7 11 11 5 5 8 5 5 5 5 5 5 5 15 12 12 13 
1 3 1 3 2 2 2 2 2 14 14 7 7 14 14 7 7 7 7 10 10 10 7 7 7 10 10 10 10 10 10 6 6 10 10 10 10 
3 3 1 1 1 1 14 16 16 16 16 16 16 7 7 14 7 7 6 6 6 10 10 10 10 10 10 6 10 10 10 10 10 10 10 
3 3 3 3 3 3 3 14 14 14 14 14 14 14 14 14 14 14 14 14 14 7 10 10 10 10 10 8 8 8 8 8 8 8 8 8 6 
1 1 1 1 1 1 1 1 1 1 1 7 1 1 1 9 9 9 9 10 10 9 9 9 9 9 9 9 9 9 9 9 9 9 9 9 9 9 9 
2 2 2 2 2 2 2 2 2 2 2 2 2 2 2 14 14 14 7 13 13 13 13 14 13 13 13 13 10 10 10 13 10 10 10 10 10 10 10 8 8 8 8 8 8 8 5 
3 3 3 3 16 14 16 16 16 16 16 14 10 10 6 6 6 10 10 10 10 10 10 10 10 6 6 
1 1 3 3 1 1 1 4 4 4 9 9 9 9 9 9 9 6 4 4 4 4 4 4 4 1 1 
2 3 3 3 3 2 2 2 3 2 3 1 4 4 4 4 9 9 9 9 9 9 9 4 4 4 4 4 
2 2 2 2 2 2 2 2 2 2 2 2 2 2 2 2 2 2 2 2 13 13 13 13 13 13 13 13 13 13 13 13 13 13 13 13 13 8 10 10 10 8 8 8 8 8 5 5 5 15 15 
2 2 2 2 2 2 2 2 2 2 2 2 2 2 2 2 2 14 16 16 16 14 14 14 14 14 13 13 13 13 13 13 13 13 13 13 13 13 13 13 13 13 13 13 13 10 10 10 10 10 10 10 10 8 8 8 8 8 8 6 
3 3 3 2 3 2 2 14 16 16 16 1 1 2 2 2 6 6 6 6 10 6 6 6 6 6 6 6 6 6 6 4 4 4 
14 14 13 16 12 12 12 7 7 12 11 11 11 11 15 15 
2 2 2 2 2 14 14 16 16 16 16 16 14 14 14 14 14 14 13 14 14 14 13 7 5 5 5 5 5 5 5 5 5 5 5 16 16 
13 7 13 13 13 13 13 13 13 7 13 13 13 13 13 13 13 13 13 12 12 12 10 10 12 11 11 11 11 11 15 
4 4 4 4 4 4 6 16 16 15 16 16 16 8 15 7 7 10 10 7 10 10 10 10 8 8 8 6 8 8 6 6 6 6 4 
3 16 16 16 16 16 16 2 14 14 13 13 13 13 13 13 14 13 13 10 10 11 7 7 8 8 8 5 5 5 5 
2 2 2 2 2 2 2 2 2 2 2 2 14 14 14 14 14 14 14 14 14 13 13 14 14 14 13 13 13 7 7 7 7 7 10 8 8 8 8 7 5 5 5 15 5 
7 7 5 5 5 5 5 5 8 8 6 6 8 8 8 8 8 8 8 8 
3 3 3 3 3 3 3 3 3 3 16 16 16 16 14 14 14 14 16 16 16 14 14 14 10 10 6 6 6 6 6 6 6 4 4 
2 2 2 2 2 2 13 13 13 13 16 7 7 7 8 8 8 8 8 8 10 10 8 8 6 6 6 6 
3 3 3 2 3 3 14 14 16 16 16 16 14 14 14 14 14 14 14 7 7 14 13 13 7 10 10 10 10 10 10 10 10 10 10 10 
14 14 1 1 14 14 14 7 7 16 14 14 14 14 14 7 14 7 5 5 5 5 5 5 5 5 5 5 
4 4 4 9 4 15 15 15 15 15 5 15 5 8 8 8 8 8 8 8 8 8 8 10 10 10 10 8 8 8 8 8 8 8 8 
3 3 3 3 3 3 16 16 16 16 16 16 12 7 7 13 10 10 6 6 10 10 10 10 6 6 6 9 6 6 
3 3 3 3 3 3 14 14 16 16 12 16 7 7 7 7 10 10 10 6 6 6 6 10 6 6 6 6 4 
3 3 3 3 14 14 7 7 7 16 13 13 15 7 13 7 7 7 8 8 8 8 8 8 8 8 8 8 8 8 8 8 8 
16 16 16 14 14 16 16 16 16 16 16 16 16 7 7 7 7 7 10 10 10 10 10 10 10 10 10 10 10 6 6 6 9 6 
2 2 2 2 3 2 2 2 2 2 2 2 2 2 2 2 14 2 2 2 2 14 14 1 1 2 2 2 1 6 6 6 10 6 6 6 6 6 6 6 
3 3 3 3 3 3 3 2 14 14 16 14 14 14 14 14 14 14 14 14 14 14 7 10 10 10 10 10 10 10 10 10 10 7 7 
15 15 16 15 15 15 15 16 14 14 13 11 11 11 15 15 11 11 11 11 11 11 11 11 5 5 15 16 15 
3 3 3 3 3 3 2 1 14 16 16 16 16 16 14 7 14 14 7 7 8 8 8 8 8 8 8 8 8 8 5 
1 1 1 1 3 3 3 3 3 3 3 1 4 4 4 4 9 9 9 9 4 
3 3 3 3 16 14 14 14 16 16 13 13 13 13 13 13 13 13 7 13 12 12 12 12 12 12 12 12 12 
16 16 16 3 3 1 16 16 16 16 16 7 6 6 8 8 8 8 8 8 8 8 10 10 10 10 10 10 10 10 10 10 10 13 7 
3 3 3 3 3 3 16 14 16 16 16 16 16 16 16 7 10 10 10 10 10 10 10 10 10 10 10 10 10 10 10 6 6 10 
3 3 3 3 3 1 1 14 14 16 16 16 16 16 16 14 14 7 7 7 7 7 7 7 8 8 8 7 7 6 6 6 6 
3 3 3 3 16 16 16 16 16 16 16 16 6 6 6 6 8 10 10 10 10 8 8 6 
3 3 3 3 3 3 2 2 2 1 2 2 14 14 2 1 6 10 2 1 1 6 6 6 6 6 6 4 4 3 
1 1 1 1 1 1 1 4 4 4 9 9 9 9 9 9 9 9 10 10 10 10 10 7 9 
1 1 1 1 2 1 1 1 2 1 1 2 1 1 1 1 1 9 9 9 9 9 9 9 9 9 9 9 9 9 9 9 9 9 9 9 9 9 9 9 9 
3 3 14 16 16 16 14 14 7 11 13 13 13 7 11 11 11 11 11 11 11 11 11 11 11 11 15 11 15 15 15 
3 3 14 16 16 16 3 7 8 7 12 9 9 12 10 10 10 10 12 12 12 15 15 15 15 15 1 
3 3 3 3 1 1 1 3 1 1 4 4 4 9 9 9 9 9 9 9 9 9 9 9 9 4 4 4 4 1 
13 13 13 13 13 13 13 13 13 13 13 13 13 13 13 13 13 13 13 13 13 13 10 13 13 13 13 13 12 12 11 11 11 11 11 11 11 11 11 11 12 
3 3 3 2 2 2 2 3 3 14 14 16 16 16 16 16 16 7 7 7 7 10 7 7 6 10 6 6 6 6 6 6 6 6 6 6 6 10 
3 3 15 15 16 16 16 16 6 6 6 8 8 8 8 8 8 8 8 10 10 10 7 10 10 10 
