0 5 1 6 2 0 26 0 42 0 0 0 0 0 21 0 0 6 21 11 0 0 0 193 187 1 37 90 7 0 6 42 
0 0 0 0 0 0 0 0 5 0 0 0 0 0 0 0 4 0 0 4 0 0 0 11 0 0 10 37 0 0 2 15 
0 0 26 3 0 0 0 0 10 0 0 0 0 0 0 4 0 1 0 9 0 6 0 7 0 2 0 13 0 0 19 0 
0 0 24 3 0 0 6 0 3 0 0 2 0 4 0 11 45 14 19 97 8 3 0 4 0 3 10 20 6 0 24 30 
10 0 0 0 0 0 0 0 0 18 0 0 5 0 0 5 22 1 2 0 0 0 0 47 0 0 4 21 26 0 1 7 
0 0 2 0 6 0 9 0 29 0 0 0 0 0 0 0 0 0 0 6 1 0 0 207 0 0 0 19 1 0 5 0 
0 0 252 0 0 110 0 0 0 0 25 2 6 0 0 729 66 110 913 82 60 13 25 0 18 0 998 0 0 6 0 473 
0 0 0 9 0 0 0 0 0 0 0 0 1 0 0 0 2 1 1 10 0 0 0 2 1 0 4 19 0 1 15 14 
0 0 2 0 0 0 0 0 1 0 0 0 9 0 0 0 0 13 1 25 0 2 0 0 0 12 0 1 0 0 8 6 
34 23 0 0 3 0 12 0 3 12 0 4 0 2 0 0 0 0 4 1 51 0 2 0 0 0 0 0 41 0 0 0 
0 0 0 12 0 0 0 2 3 0 0 0 0 0 10 32 0 0 6 10 0 0 0 136 14 0 10 49 0 2 14 0 
0 0 3 7 0 0 0 0 0 0 0 0 0 0 0 0 0 7 1 18 0 1 0 8 0 0 6 22 0 0 3 34 
0 0 11 0 0 0 0 0 0 0 0 0 0 0 0 9 0 5 1 22 14 14 0 0 0 0 0 0 0 0 0 4 
531 191 122 1 503 0 230 0 392 263 0 14 0 0 0 45 0 3 40 8 1 60 0 2040 27 67 0 84 270 0 49 0 
0 1 19 7 0 0 0 0 28 0 3 0 4 0 7 7 5 0 0 14 2 46 0 28 1 53 0 21 0 2 24 1 
0 0 10 0 1 0 8 0 2 0 0 0 0 0 0 7 0 2 8 1 0 3 0 0 0 21 2 20 43 0 12 0 
0 0 3 6 0 0 0 0 0 0 0 0 0 0 11 1 2 0 2 10 0 0 0 81 1 0 0 46 0 0 2 0 
0 5 0 0 0 0 3 0 78 0 0 0 2 0 0 0 0 3 0 0 3 0 0 17 0 1 5 14 5 0 0 18 
0 0 1 19 0 0 0 0 0 0 0 0 0 0 0 2 31 28 0 15 0 16 0 21 0 3 0 40 0 0 7 9 
3 11 6 0 0 0 0 0 11 1 0 0 0 0 0 0 0 0 0 10 6 0 0 11 0 0 4 8 9 0 1 7 
0 0 7 0 0 0 4 0 0 2 0 0 0 0 0 0 0 3 0 5 0 1 0 13 0 2 8 11 8 0 0 0 
0 51 0 3 3 0 51 0 69 0 0 10 0 3 0 0 4 0 0 6 18 0 1 64 0 10 0 34 17 0 1 0 
0 0 0 5 0 0 0 0 5 0 0 2 0 0 1 2 10 0 1 14 1 8 0 46 0 8 0 34 0 0 12 1 
0 2 0 0 0 0 0 0 15 0 0 1 0 4 0 0 0 0 0 8 20 0 0 16 0 1 0 13 0 0 0 0 
0 2 1 0 0 0 1 0 0 0 0 3 0 13 0 0 7 44 0 52 47 12 0 3 0 1 5 39 0 0 1 69 
0 0 0 1 0 0 3 0 23 0 0 2 0 11 0 1 0 4 1 9 0 2 0 40 0 7 0 37 3 0 6 0 
0 0 6 0 0 0 1 0 12 0 0 2 0 0 0 1 0 9 5 30 10 3 1 35 0 0 5 32 1 0 1 11 
0 1 8 0 0 0 6 0 14 0 0 0 0 3 0 2 1 53 7 47 28 9 3 2 1 18 28 30 0 0 23 16 
0 0 0 2 0 0 0 0 0 0 0 0 0 0 17 0 10 0 3 8 0 0 0 52 14 0 2 7 0 0 2 0 
0 0 1 0 0 0 9 0 16 0 0 0 0 0 0 1 10 0 0 3 14 0 0 13 0 0 0 10 13 0 10 0 
0 0 6 3 0 0 0 0 0 0 0 0 0 0 0 24 0 0 4 14 0 0 0 2 0 0 7 6 0 0 11 3 
0 2 0 0 1 0 0 0 2 0 0 0 0 0 0 2 0 0 0 10 0 0 0 0 0 0 0 9 8 0 4 2 
0 19 0 0 1 0 27 0 31 0 0 3 0 1 0 0 0 0 0 9 0 0 3 23 0 7 0 17 13 0 5 1 
0 0 0 0 0 0 0 0 0 0 0 0 0 0 0 1 0 18 2 12 2 1 0 14 3 0 0 6 0 0 1 4 
0 0 0 5 0 0 0 0 0 0 0 0 2 0 1 0 0 9 3 9 3 2 0 7 6 0 4 14 0 0 2 10 
0 0 2 4 0 0 0 0 8 0 0 0 1 1 0 0 0 2 0 4 4 2 0 14 0 7 0 9 0 0 3 9 
16 15 0 0 3 0 2 0 6 0 0 4 0 0 0 0 17 1 0 5 3 0 0 18 0 1 0 4 25 0 6 0 
0 0 0 1 0 0 0 0 0 0 0 0 0 0 1 4 10 0 4 18 0 0 0 22 6 0 3 13 0 0 6 0 
0 0 6 0 0 0 1 0 10 0 0 1 0 0 0 0 0 0 1 6 2 0 0 42 0 0 0 42 0 0 7 2 
0 0 0 0 0 0 1 0 6 0 0 0 0 0 0 0 12 0 0 6 6 0 0 9 0 0 0 12 1 0 11 0 
0 26 38 38 1 0 4 0 8 0 0 22 13 13 0 33 8 28 5 41 19 27 0 119 0 81 9 77 1 0 38 119 
0 58 154 6 19 0 87 0 727 0 0 66 5 66 0 46 40 151 34 59 45 125 33 1424 0 104 28 321 61 0 72 157 
0 0 50 0 0 0 0 0 4 0 0 0 0 0 13 10 2 14 19 49 1 22 0 25 37 0 7 10 0 0 6 16 
0 33 8 7 0 0 2 0 4 0 0 9 0 0 0 0 0 4 2 3 0 7 6 30 0 7 0 11 4 0 3 0 
0 1 0 7 0 0 0 0 4 0 0 0 0 0 0 1 0 0 0 7 0 0 0 15 0 1 0 44 0 0 10 6 
0 0 0 9 0 0 0 0 0 0 0 0 4 0 21 19 1 0 9 11 0 0 0 13 14 0 4 14 0 0 8 3 
10 7 2 3 8 0 34 0 28 17 0 1 0 1 0 5 0 1 4 9 0 1 0 131 0 1 17 47 92 0 2 4 
39 27 0 0 2 0 30 0 68 28 0 4 0 0 0 0 0 0 0 0 0 0 0 526 0 4 0 9 31 0 0 0 
0 0 0 0 0 0 0 0 0 0 0 0 0 0 10 4 0 0 0 8 0 0 0 1 0 0 4 15 0 0 5 17 
1 9 0 0 0 3 7 0 9 0 0 0 0 0 0 1 0 2 2 48 0 4 0 10 0 0 11 34 2 3 12 2 
