0 0 0 0 0 2 0 13 0 0 0 0 0 0 0 0 0 14 35 6 0 3 0 0 0 0 4 2 0 0 1 0 
0 0 192 0 0 0 0 0 0 0 0 0 49 0 0 37 216 39 51 60 139 55 0 0 0 25 111 0 0 1 0 127 
0 18 83 0 0 0 0 0 0 0 0 106 61 48 0 0 2 53 62 95 18 147 0 0 0 31 0 1 0 0 15 28 
0 78 4 0 0 177 1 146 71 0 0 492 0 14 0 0 0 0 31 45 0 50 6 156 0 67 21 125 0 21 91 21 
0 0 86 19 0 0 0 0 0 0 41 0 0 0 0 81 0 49 45 180 0 16 0 23 0 1 49 44 0 192 60 164 
0 0 70 67 0 310 13 81 159 0 50 26 76 96 0 0 0 898 0 675 179 396 0 21 0 462 6 114 0 325 291 530 
0 0 13 2 0 117 0 100 0 0 1 0 0 0 62 84 0 10 32 74 0 0 0 30 89 0 11 21 0 40 17 65 
0 0 0 19 0 0 0 0 0 0 0 0 34 0 58 31 66 0 22 33 0 0 0 371 21 0 62 73 0 0 9 401 
0 0 19 15 0 1896 0 307 59 0 1 0 22 0 0 81 0 648 0 89 0 25 0 26 0 0 1 31 0 149 67 1505 
0 19 52 26 0 43 140 21 161 0 10 50 0 94 0 0 11 224 4 236 28 140 0 92 0 147 7 93 2 122 131 47 
0 0 11 0 0 0 0 8 5 0 0 0 0 0 0 3 0 2 0 18 0 0 0 0 2 0 0 15 0 1 9 14 
0 2 283 182 0 0 9 0 76 0 64 0 108 0 0 14 776 1142 45 390 0 787 0 32 0 90 103 92 0 0 508 97 
0 0 0 0 0 0 0 7 0 0 0 0 1 0 0 0 0 8 0 19 0 0 0 0 0 0 4 2 0 14 3 30 
0 0 72 0 0 0 9 0 66 0 0 1 152 0 0 0 261 141 0 263 5 128 0 396 0 10 54 260 0 0 92 199 
0 0 77 63 0 15 0 75 0 0 86 33 1 0 3 1 52 21 0 33 72 126 0 0 97 8 0 0 0 40 5 154 
0 9 0 10 0 0 6 0 5 0 0 0 0 0 0 0 0 0 0 15 8 0 0 3 0 1 0 33 4 0 0 2 
0 1 486 16 0 0 0 0 12 0 0 0 1505 8 0 0 66 867 11 151 0 1321 0 0 0 250 69 3 0 0 35 59 
0 0 15 29 0 1 10 0 292 0 17 0 55 0 10 59 82 80 1 212 1 25 0 387 1 80 70 150 0 23 169 321 
0 0 149 30 0 0 1 0 83 0 0 2 0 0 1929 150 4 35 69 151 1 274 0 203 283 55 7 188 0 0 61 75 
0 1 4 5 0 0 0 4 32 0 0 1 4 0 0 0 8 107 0 477 69 9 0 6 0 72 9 84 0 1158 86 936 
0 0 9 42 0 136 0 0 0 0 13 0 106 0 0 11 138 31 24 84 0 0 0 8 0 0 57 70 0 86 124 163 
0 0 0 0 0 0 0 0 0 0 0 0 0 0 0 0 0 11 0 48 0 0 0 0 0 0 5 5 0 0 1 20 
0 0 68 0 0 2 0 0 0 0 53 0 30 0 1 2 10 119 71 18 2 156 0 0 4 1 130 0 0 50 2 269 
0 0 3 0 0 3 0 1 1 0 0 0 0 0 0 0 0 10 0 29 0 0 0 0 0 3 0 4 0 18 6 2 
0 0 28 0 0 0 0 0 0 0 424 0 28 0 0 0 10 78 56 80 40 14 0 0 0 0 205 6 0 0 4 877 
0 0 506 0 0 0 0 0 0 0 0 0 0 0 0 45 0 134 23 150 2 25 0 0 0 0 38 0 0 1820 7 2191 
0 0 3 13 0 50 0 0 3 0 102 0 3 0 0 33 0 3 9 143 0 0 0 12 1 0 2 28 0 57 74 232 
0 18 0 95 4 13 66 59 13 0 0 65 0 16 0 7 0 34 1 82 35 0 0 0 112 37 19 28 24 23 17 32 
0 88 836 1 0 104 0 0 100 0 526 468 1224 1123 0 236 18 356 168 345 302 1210 105 7 4 35 66 10 0 409 88 201 
6 175 4 0 3 119 41 4 38 0 277 79 53 75 0 15 7 0 21 17 1159 1 619 146 0 15 32 116 48 546 23 87 
0 0 19 15 0 134 1 0 222 0 74 0 164 0 1 20 101 331 111 177 4 45 0 377 0 155 69 71 0 352 127 502 
0 0 181 9 0 325 30 417 6 0 113 17 25 862 31 255 1 1 20 81 391 291 36 1 124 296 45 12 0 245 37 24 
0 0 425 13 0 24 0 0 6 0 113 0 281 0 0 24 146 215 143 43 0 229 0 0 0 52 7 2 0 133 33 11 
0 0 3 0 0 0 2 0 5 0 0 0 0 0 0 0 0 9 2 6 0 0 0 6 0 1 0 12 0 0 8 26 
0 2 4 0 0 0 1 17 0 0 0 0 0 0 0 0 0 6 0 14 8 0 0 0 0 5 1 1 1 6 1 13 
0 0 0 0 0 0 0 13 0 0 0 0 0 0 0 0 2 2 0 18 13 0 0 0 0 0 1 4 0 3 3 5 
0 0 0 0 0 0 1 2 9 0 1 0 0 0 0 0 5 3 1 7 0 1 0 10 1 0 5 24 1 3 2 4 
0 58 8 1 0 103 66 0 130 0 0 443 2 598 0 10 7 0 8 16 40 30 29 24 0 54 22 13 1 88 21 128 
0 0 2 0 0 0 0 0 1 0 0 0 7 0 0 0 7 3 0 30 0 1 0 12 0 0 2 22 0 0 8 4 
0 0 0 0 0 0 0 0 5 0 2 0 7 0 0 0 3 15 0 21 2 0 0 0 0 0 0 12 0 0 7 6 
0 0 1 1 0 0 0 4 1 0 0 0 0 0 0 0 0 12 3 25 0 1 0 1 9 0 0 7 0 0 25 0 
0 0 10 689 0 406 0 0 0 0 25 1 413 0 0 394 163 30 184 917 0 1 0 685 24 3 562 445 0 301 885 966 
0 0 59 61 0 6 0 67 4 0 91 34 1 0 5 0 61 20 0 25 57 107 0 0 76 12 0 1 0 39 8 166 
0 0 8 38 0 43 0 0 0 0 12 0 173 0 0 19 347 2 0 81 0 4 0 10 0 2 46 16 0 40 55 104 
0 0 4 6 0 0 0 0 9 0 0 0 2 0 0 0 1 0 0 7 0 0 0 11 0 25 3 8 0 0 5 15 
0 176 45 10 0 15 1 83 14 0 180 434 3 63 2 79 0 0 6 57 34 10 79 33 5 105 41 43 0 289 56 37 
0 1 0 0 0 0 0 0 0 0 0 18 4 32 0 0 0 0 5 11 18 0 0 0 0 0 0 5 0 2 2 2 
0 4 12 0 0 0 6 0 1 0 3 0 0 0 0 0 0 10 1 17 3 3 0 0 0 11 0 0 0 0 1 16 
0 0 60 0 0 181 0 142 94 0 78 0 49 0 0 15 75 246 0 297 156 3 0 0 7 9 1 0 0 150 136 429 
0 0 2 0 0 8 5 18 60 0 4 21 1 287 0 0 0 100 6 244 118 63 0 10 90 31 0 19 0 7 74 10 
