0 0 2 0 0 0 0 0 0 0 0 0 7 0 0 0 305 9 13 12 0 0 0 0 0 0 302 1 0 3 2 880 
0 0 0 3 0 3 0 11 0 0 11 0 11 0 68 62 113 20 24 216 0 0 0 17 20 0 13 38 0 42 56 40 
0 0 0 0 0 2 0 2 0 0 4 0 5 0 0 0 2 5 13 25 0 1 0 0 0 0 13 0 0 0 9 7 
0 2 0 8 0 9 0 0 0 0 37 0 37 0 0 2 127 45 44 278 0 0 0 0 5 0 79 24 0 43 96 14 
0 0 9 0 0 529 0 645 0 0 236 0 23 0 17 63 14 608 567 285 0 1 0 4 311 0 825 15 0 668 12 109 
0 0 266 742 0 135 0 57 0 0 2459 0 1177 0 12 1497 1463 75 476 467 5 5 0 295 195 0 209 360 0 710 1094 227 
0 0 2 0 0 1 0 4 0 0 4 0 3 0 0 16 3 10 0 24 0 0 0 0 4 0 1 0 0 3 3 10 
0 0 0 1 0 4 0 0 0 0 0 0 1 0 0 0 0 1 2 14 0 1 0 0 0 0 2 0 0 0 17 21 
0 0 8 4 0 37 0 0 5 0 30 0 63 0 50 49 179 38 49 125 2 18 0 2 42 0 51 21 0 6 50 11 
0 0 1 0 0 26 0 0 0 0 2 0 47 0 0 7 98 116 175 1 0 5 0 0 0 0 189 0 0 4 0 97 
0 0 0 0 0 6 0 0 0 0 15 0 32 0 2 26 49 9 46 26 0 0 0 7 9 0 315 8 0 0 7 211 
0 0 46 8 0 0 0 0 0 0 0 0 0 0 0 9 71 18 33 11 1 5 0 0 0 0 17 3 0 0 25 0 
0 0 2 180 0 2 0 0 0 0 154 1 0 2 0 157 0 26 13 80 0 0 0 221 55 0 5 22 0 68 108 4 
0 0 11 0 0 0 0 0 0 0 1 0 5 0 0 20 8 41 72 64 0 0 0 0 7 0 54 1 0 28 16 56 
0 0 2 0 0 3 0 5 0 0 0 0 1 0 0 4 2 0 2 3 0 1 0 2 0 0 2 0 0 3 10 24 
0 0 1 137 0 2 0 2 0 0 312 0 146 0 5 236 93 62 200 30 0 0 0 41 52 0 113 33 0 0 59 176 
0 0 0 29 0 6 0 38 0 0 166 0 12 0 0 33 68 31 78 264 0 0 0 10 121 0 69 22 0 76 91 86 
0 0 0 3 0 0 0 0 0 0 5 0 2 0 0 0 0 12 0 11 0 0 0 9 0 0 0 13 0 1 8 0 
0 0 47 0 0 2 0 15 0 0 42 0 51 0 0 34 119 30 201 15 0 0 0 0 37 0 81 0 0 46 16 32 
0 0 0 49 0 83 0 12 0 0 330 0 302 0 0 8 202 43 13 370 1 0 0 52 4 0 358 232 0 127 208 342 
0 1 0 8 0 9 0 0 0 0 0 0 3 0 0 0 11 1 0 3 1 0 0 2 0 1 5 2 0 6 8 3 
0 0 0 5 0 0 0 0 0 0 27 0 3 0 0 3 0 0 0 5 0 0 0 2 3 0 4 3 0 2 7 0 
0 0 0 0 0 0 0 0 0 0 0 0 77 0 0 60 20 146 104 153 0 0 0 0 109 0 118 0 0 0 0 263 
0 0 0 1 0 20 0 8 0 0 205 0 308 0 0 3 29 11 6 114 0 0 0 3 16 0 17 23 0 79 16 194 
0 0 0 0 0 0 0 0 0 0 0 0 0 0 0 5 0 9 6 11 0 0 0 0 9 0 24 0 0 0 0 0 
0 0 0 53 0 1 0 1 1 0 136 0 38 0 83 20 76 85 16 204 1 0 0 16 61 0 47 56 0 34 95 78 
0 0 0 0 0 0 0 0 0 0 0 0 1 0 0 0 3 0 0 29 0 0 0 1 0 0 0 6 0 16 2 6 
0 0 0 9 0 15 0 31 0 0 55 0 35 0 0 22 24 9 28 25 0 0 0 0 11 0 41 7 0 0 17 23 
0 0 16 53 0 2 3 12 48 0 0 0 153 2 34 61 129 35 46 44 0 4 0 53 97 32 65 75 0 12 87 44 
0 0 5 1 0 4 0 3 0 0 0 0 4 0 1 3 4 13 0 3 0 3 0 0 11 0 2 1 0 2 3 1 
0 0 0 1 0 0 0 0 0 0 12 0 2 0 1 0 4 0 0 12 0 0 0 1 0 0 0 16 0 8 0 7 
0 1 0 498 0 20 0 0 0 0 179 0 93 212 0 8 356 2546 197 926 0 42 0 372 29 0 834 160 0 79 217 1085 
0 0 6 1 0 15 0 1 0 0 0 0 0 0 0 7 0 9 4 26 0 1 0 0 0 0 2 6 0 4 13 4 
0 0 0 0 0 0 0 55 0 0 0 0 0 0 1 91 0 15 26 110 0 0 0 0 46 0 93 3 0 0 18 64 
0 0 8 960 0 4 0 0 0 0 481 0 36 0 65 312 139 69 229 340 0 1 0 428 34 0 140 60 0 51 347 96 
0 0 0 6 0 103 0 95 0 0 8 0 41 0 103 62 164 236 96 317 0 0 0 20 98 0 215 30 0 37 28 241 
0 0 0 1 0 33 0 13 0 0 77 0 101 0 0 7 191 178 28 146 0 0 0 0 0 0 145 0 0 23 19 37 
0 0 24 0 0 0 0 0 1 0 20 0 71 0 0 2 401 407 71 89 0 31 0 0 0 0 210 0 0 24 4 427 
0 0 0 19 0 116 0 73 1 0 10 1 32 0 0 1 117 21 33 83 0 0 0 30 2 0 60 44 0 60 59 6 
0 0 0 36 0 79 0 0 0 0 2 0 145 0 19 146 283 8 74 80 10 1 0 54 42 0 74 24 0 16 53 54 
0 0 1 8 0 0 0 0 0 0 0 0 2 0 0 7 8 0 5 9 0 0 0 10 2 0 2 2 0 0 13 1 
0 0 0 5 0 0 0 3 0 0 0 0 0 0 0 0 16 3 5 20 0 0 0 0 0 0 1 4 0 0 7 0 
0 0 18 84 0 208 0 45 1 0 400 0 153 0 90 133 1 0 129 12 0 0 0 1006 121 0 42 137 0 419 32 41 
0 0 7 14 0 104 0 720 2 0 13 0 22 0 0 25 28 27 59 634 0 2 0 65 614 0 497 89 0 48 207 711 
0 0 0 1 0 5 0 0 0 0 6 0 5 0 0 0 3 0 8 3 0 0 0 0 1 0 13 2 0 6 6 5 
0 0 1 0 0 4 0 0 0 0 0 0 0 0 0 2 0 19 6 14 0 0 0 0 0 0 7 0 0 7 0 4 
0 1 40 68 0 137 0 13 0 0 0 68 611 27 2 2285 963 57 315 1760 0 87 0 0 117 50 72 0 0 143 1109 109 
0 0 0 3 0 0 0 1 0 0 0 0 3 0 0 3 27 0 2 2 0 0 0 7 12 0 9 5 0 0 12 2 
0 0 1 246 0 1598 0 132 0 0 0 0 6 0 0 52 649 401 106 677 0 0 0 333 26 0 1430 175 0 132 325 1565 
0 0 0 1 0 0 0 0 0 0 0 0 0 0 0 1 24 0 0 29 2 0 0 0 0 0 0 0 0 0 5 2 
