0 0 358 90 77 286 202 11 0 0 0 366 114 278 258 8 0 0 0 0 389 195 427 13 
0 0 760 97 20 38 109 0 0 0 0 734 133 39 118 0 0 0 0 0 765 114 145 0 
0 0 979 45 0 0 0 0 0 0 0 899 125 0 0 0 0 0 0 0 916 108 0 0 
0 0 897 127 0 0 0 0 0 0 0 811 213 0 0 0 0 0 0 0 882 142 0 0 
0 0 851 164 4 2 3 0 0 0 0 772 244 4 4 0 0 0 0 0 805 213 3 3 
0 0 862 162 0 0 0 0 0 0 0 784 240 0 0 0 0 0 0 0 795 229 0 0 
0 0 521 487 7 8 1 0 0 0 0 488 522 8 6 0 0 0 0 0 663 350 11 0 
0 0 320 686 10 4 4 0 0 0 1 330 680 6 7 0 0 0 0 1 612 401 9 1 
0 0 0 10 171 557 253 33 0 0 0 8 90 635 267 24 0 0 0 8 19 662 299 36 
0 0 0 121 546 276 81 0 0 0 0 0 385 555 84 0 0 0 0 0 0 881 143 0 
0 0 31 793 195 5 0 0 0 0 0 2 934 88 0 0 0 0 0 0 15 1007 2 0 
0 0 33 709 156 126 0 0 0 0 0 0 835 189 0 0 0 0 0 0 13 1000 11 0 
0 0 2 32 92 238 445 215 0 0 0 3 94 253 466 208 0 0 0 0 19 283 481 241 
0 0 0 134 27 24 255 584 0 0 0 2 143 30 266 583 0 0 0 0 8 150 253 613 
0 0 2 72 9 30 321 590 0 0 0 5 71 22 316 610 0 0 0 0 11 71 254 688 
0 0 3 80 20 36 639 246 0 0 0 2 88 30 653 251 0 0 0 0 10 87 636 291 
0 0 22 261 351 175 183 32 0 0 4 153 273 374 198 22 0 0 0 42 262 344 354 22 
0 0 0 209 550 252 13 0 0 0 0 0 305 696 23 0 0 0 0 0 8 773 243 0 
0 0 0 221 664 136 3 0 0 0 0 0 276 731 17 0 0 0 0 0 0 625 399 0 
0 0 0 137 477 332 78 0 0 0 0 0 410 517 97 0 0 0 0 0 78 696 250 0 
0 0 0 418 476 94 30 6 0 0 0 93 772 118 40 1 0 0 0 0 735 236 51 2 
0 0 2 465 204 176 130 47 0 0 0 317 323 204 138 42 0 0 0 126 485 206 171 36 
0 0 74 277 137 181 285 70 0 0 0 297 173 198 294 62 0 0 0 263 183 199 316 63 
0 0 1 273 167 181 304 98 0 0 0 206 203 211 309 95 0 0 0 131 249 225 325 94 
0 0 0 26 419 449 130 0 0 0 0 5 87 729 203 0 0 0 0 1 40 361 608 14 
0 0 0 2 536 483 3 0 0 0 0 0 23 934 67 0 0 0 0 0 0 191 833 0 
0 0 0 112 406 338 117 51 0 0 0 0 237 570 167 50 0 0 0 0 150 290 514 70 
0 0 0 31 477 242 240 34 0 0 0 0 207 525 257 35 0 0 0 0 70 441 464 49 
0 0 2 397 557 68 0 0 0 0 0 113 735 176 0 0 0 0 0 17 592 403 12 0 
0 0 16 604 177 166 58 3 0 0 0 472 294 192 66 0 0 0 0 197 515 219 91 2 
0 0 4 253 336 323 97 11 0 0 0 146 357 402 112 7 0 0 0 39 326 490 159 10 
0 0 0 222 603 194 5 0 0 0 0 29 658 326 11 0 0 0 0 0 345 639 40 0 
0 29 210 123 160 402 100 0 0 26 188 139 59 318 292 2 0 34 186 134 31 172 457 10 
4 97 157 96 103 416 123 28 1 92 154 99 26 315 299 38 5 107 159 72 17 107 491 66 
26 147 79 72 145 423 113 19 18 149 86 43 79 269 354 26 45 164 60 34 35 142 504 40 
48 151 30 75 284 416 20 0 30 159 34 29 96 583 93 0 71 130 29 23 55 319 395 2 
71 131 70 308 172 200 65 7 53 144 46 216 200 278 78 9 82 133 41 60 305 196 201 6 
304 68 23 262 245 95 27 0 243 123 20 164 255 178 41 0 303 66 17 42 312 224 60 0 
265 70 17 164 422 78 8 0 220 108 19 37 482 143 15 0 284 44 22 9 329 307 29 0 
69 29 41 62 432 277 90 24 60 23 56 50 227 484 104 20 66 17 62 40 71 605 140 23 
0 36 730 257 1 0 0 0 0 0 749 274 1 0 0 0 0 525 493 6 0 0 0 0 
0 48 718 220 24 14 0 0 0 7 774 207 22 14 0 0 1 528 440 35 19 1 0 0 
3 232 494 192 94 9 0 0 4 217 528 202 71 2 0 0 22 616 288 84 14 0 0 0 
0 112 897 15 0 0 0 0 0 39 963 22 0 0 0 0 8 982 34 0 0 0 0 0 
20 200 782 18 2 2 0 0 1 133 863 23 2 2 0 0 72 904 42 3 3 0 0 0 
388 224 405 5 2 0 0 0 363 111 537 11 2 0 0 0 415 577 28 2 2 0 0 0 
949 72 3 0 0 0 0 0 922 86 16 0 0 0 0 0 954 70 0 0 0 0 0 0 
828 96 54 10 33 3 0 0 791 112 75 23 23 0 0 0 866 88 32 37 1 0 0 0 
8 614 244 133 24 1 0 0 14 331 573 92 14 0 0 0 131 686 172 34 1 0 0 0 
5 410 404 63 58 38 22 24 14 305 513 76 50 38 17 11 111 678 95 72 39 19 10 0 
48 501 307 82 66 20 0 0 61 560 253 82 62 6 0 0 141 685 119 68 11 0 0 0 
77 479 405 50 5 2 3 3 89 411 481 30 6 3 3 1 236 686 81 13 3 2 3 0 
43 471 322 155 33 0 0 0 49 391 460 106 18 0 0 0 180 591 191 57 5 0 0 0 
37 505 214 145 83 38 2 0 42 324 434 136 72 15 1 0 133 553 186 105 42 4 1 0 
289 392 238 56 7 11 21 10 222 443 258 55 6 21 19 0 357 470 139 16 11 24 7 0 
347 518 126 13 17 3 0 0 256 529 201 22 16 0 0 0 489 463 50 11 11 0 0 0 
3 485 449 85 2 0 0 0 4 458 520 42 0 0 0 0 151 776 97 0 0 0 0 0 
0 547 447 30 0 0 0 0 7 735 277 5 0 0 0 0 55 910 59 0 0 0 0 0 
0 867 156 1 0 0 0 0 5 1012 7 0 0 0 0 0 18 1002 4 0 0 0 0 0 
18 940 66 0 0 0 0 0 98 895 31 0 0 0 0 0 356 667 1 0 0 0 0 0 
24 831 152 17 0 0 0 0 155 721 147 1 0 0 0 0 517 488 19 0 0 0 0 0 
76 784 135 18 8 3 0 0 195 694 117 9 8 1 0 0 607 386 20 6 5 0 0 0 
84 582 231 83 24 10 9 1 121 561 238 68 24 8 4 0 450 411 116 29 8 9 1 0 
116 405 337 124 39 3 0 0 98 381 405 112 27 1 0 0 303 488 187 39 7 0 0 0 
