0 0 0 0 0 0 0 1024 0 0 0 0 0 0 0 1024 0 0 0 0 0 0 0 1024 
0 0 0 0 0 0 0 1024 0 0 0 0 0 0 0 1024 0 0 0 0 0 0 0 1024 
0 0 0 0 0 0 1 1023 0 0 0 0 0 0 0 1024 0 0 0 0 0 0 0 1024 
0 0 0 0 0 0 2 1022 0 0 0 0 0 0 0 1024 0 0 0 0 0 0 0 1024 
0 0 0 0 0 0 0 1024 0 0 0 0 0 0 0 1024 0 0 0 0 0 0 0 1024 
0 0 0 0 0 0 0 1024 0 0 0 0 0 0 0 1024 0 0 0 0 0 0 0 1024 
0 0 0 0 0 0 0 1024 0 0 0 0 0 0 0 1024 0 0 0 0 0 0 0 1024 
0 0 0 0 0 0 114 910 0 0 0 0 0 0 0 1024 0 0 0 0 0 0 0 1024 
0 0 0 0 0 0 309 715 0 0 0 0 0 0 0 1024 0 0 0 0 0 0 0 1024 
0 0 0 0 0 0 506 518 0 0 0 0 0 0 0 1024 0 0 0 0 0 0 0 1024 
0 0 0 0 0 0 658 366 0 0 0 0 0 0 0 1024 0 0 0 0 0 0 0 1024 
0 0 0 0 0 0 923 101 0 0 0 0 0 0 0 1024 0 0 0 0 0 0 0 1024 
0 0 0 0 0 0 903 121 0 0 0 0 0 0 0 1024 0 0 0 0 0 0 0 1024 
0 0 0 0 0 0 940 84 0 0 0 0 0 0 0 1024 0 0 0 0 0 0 0 1024 
0 0 0 0 0 0 997 27 0 0 0 0 0 0 0 1024 0 0 0 0 0 0 0 1024 
0 0 0 0 0 0 1024 0 0 0 0 0 0 0 0 1024 0 0 0 0 0 0 0 1024 
0 0 0 0 0 0 1024 0 0 0 0 0 0 0 0 1024 0 0 0 0 0 0 0 1024 
0 0 0 0 0 0 1024 0 0 0 0 0 0 0 0 1024 0 0 0 0 0 0 0 1024 
0 0 0 0 0 0 1024 0 0 0 0 0 0 0 0 1024 0 0 0 0 0 0 0 1024 
0 0 0 0 0 0 1024 0 0 0 0 0 0 0 0 1024 0 0 0 0 0 0 0 1024 
0 0 0 0 0 0 1024 0 0 0 0 0 0 0 0 1024 0 0 0 0 0 0 0 1024 
0 0 0 0 0 0 1024 0 0 0 0 0 0 0 0 1024 0 0 0 0 0 0 0 1024 
0 0 0 0 0 0 1024 0 0 0 0 0 0 0 0 1024 0 0 0 0 0 0 0 1024 
0 0 0 0 0 14 1010 0 0 0 0 0 0 0 0 1024 0 0 0 0 0 0 0 1024 
0 0 0 0 0 338 686 0 0 0 0 0 0 0 0 1024 0 0 0 0 0 0 0 1024 
0 0 0 0 0 616 408 0 0 0 0 0 0 0 0 1024 0 0 0 0 0 0 0 1024 
0 0 0 0 0 823 201 0 0 0 0 0 0 0 37 987 0 0 0 0 0 0 0 1024 
0 0 0 0 0 984 40 0 0 0 0 0 0 0 152 872 0 0 0 0 0 0 0 1024 
0 0 0 0 0 954 56 14 0 0 0 0 0 0 530 494 0 0 0 0 0 0 0 1024 
0 0 0 0 0 1024 0 0 0 0 0 0 0 0 848 176 0 0 0 0 0 0 0 1024 
0 0 0 0 0 1024 0 0 0 0 0 0 0 0 1007 17 0 0 0 0 0 0 0 1024 
0 0 0 0 0 1024 0 0 0 0 0 0 0 0 1022 2 0 0 0 0 0 0 0 1024 
0 0 0 0 0 0 0 1024 0 0 0 0 0 0 0 1024 0 0 0 0 0 0 0 1024 
0 0 0 0 0 0 5 1019 0 0 0 0 0 0 0 1024 0 0 0 0 0 0 0 1024 
0 0 0 0 0 0 63 961 0 0 0 0 0 0 0 1024 0 0 0 0 0 0 0 1024 
0 0 0 0 0 0 4 1020 0 0 0 0 0 0 0 1024 0 0 0 0 0 0 0 1024 
0 0 0 0 0 0 0 1024 0 0 0 0 0 0 0 1024 0 0 0 0 0 0 0 1024 
0 0 0 0 0 0 0 1024 0 0 0 0 0 0 0 1024 0 0 0 0 0 0 0 1024 
0 0 0 0 0 0 0 1024 0 0 0 0 0 0 0 1024 0 0 0 0 0 0 0 1024 
0 0 0 0 0 0 0 1024 0 0 0 0 0 0 0 1024 0 0 0 0 0 0 0 1024 
0 0 0 0 0 0 0 1024 0 0 0 0 0 0 0 1024 0 0 0 0 0 0 0 1024 
0 0 0 0 0 0 0 1024 0 0 0 0 0 0 0 1024 0 0 0 0 0 0 0 1024 
0 0 0 0 0 0 0 1024 0 0 0 0 0 0 0 1024 0 0 0 0 0 0 0 1024 
0 0 0 0 0 0 22 1002 0 0 0 0 0 0 0 1024 0 0 0 0 0 0 0 1024 
0 0 0 0 0 0 0 1024 0 0 0 0 0 0 0 1024 0 0 0 0 0 0 0 1024 
0 0 0 0 0 0 0 1024 0 0 0 0 0 0 0 1024 0 0 0 0 0 0 0 1024 
0 0 0 0 0 0 234 790 0 0 0 0 0 0 0 1024 0 0 0 0 0 0 0 1024 
0 0 0 0 0 0 267 757 0 0 0 0 0 0 0 1024 0 0 0 0 0 0 0 1024 
0 0 0 0 0 0 483 541 0 0 0 0 0 0 0 1024 0 0 0 0 0 0 0 1024 
0 0 0 0 0 0 661 363 0 0 0 0 0 0 0 1024 0 0 0 0 0 0 0 1024 
0 0 0 0 0 0 731 293 0 0 0 0 0 0 0 1024 0 0 0 0 0 0 0 1024 
0 0 0 0 0 0 542 482 0 0 0 0 0 0 0 1024 0 0 0 0 0 0 0 1024 
0 0 0 0 0 0 331 693 0 0 0 0 0 0 0 1024 0 0 0 0 0 0 0 1024 
0 0 0 0 0 0 742 282 0 0 0 0 0 0 0 1024 0 0 0 0 0 0 0 1024 
0 0 0 0 0 0 814 210 0 0 0 0 0 0 0 1024 0 0 0 0 0 0 0 1024 
0 0 0 0 0 0 840 184 0 0 0 0 0 0 0 1024 0 0 0 0 0 0 0 1024 
0 0 0 0 0 0 613 411 0 0 0 0 0 0 0 1024 0 0 0 0 0 0 0 1024 
0 0 0 0 0 0 316 708 0 0 0 0 0 0 0 1024 0 0 0 0 0 0 0 1024 
0 0 0 0 0 2 466 556 0 0 0 0 0 0 0 1024 0 0 0 0 0 0 0 1024 
0 0 0 0 0 16 765 243 0 0 0 0 0 0 0 1024 0 0 0 0 0 0 0 1024 
0 0 0 0 0 28 810 186 0 0 0 0 0 0 3 1021 0 0 0 0 0 0 0 1024 
0 0 0 0 0 650 361 13 0 0 0 0 0 0 78 946 0 0 0 0 0 0 0 1024 
0 0 0 0 0 935 89 0 0 0 0 0 0 0 351 673 0 0 0 0 0 0 0 1024 
0 0 0 0 0 995 29 0 0 0 0 0 0 0 601 423 0 0 0 0 0 0 0 1024 
0 0 0 0 0 0 24 1000 0 0 0 0 0 0 0 1024 0 0 0 0 0 0 0 1024 
0 0 0 0 0 0 276 748 0 0 0 0 0 0 0 1024 0 0 0 0 0 0 0 1024 
0 0 0 0 0 0 246 778 0 0 0 0 0 0 0 1024 0 0 0 0 0 0 0 1024 
0 0 0 0 0 0 119 905 0 0 0 0 0 0 0 1024 0 0 0 0 0 0 0 1024 
0 0 0 0 0 0 4 1020 0 0 0 0 0 0 0 1024 0 0 0 0 0 0 0 1024 
0 0 0 0 0 0 151 873 0 0 0 0 0 0 0 1024 0 0 0 0 0 0 0 1024 
0 0 0 0 0 0 68 956 0 0 0 0 0 0 0 1024 0 0 0 0 0 0 0 1024 
0 0 0 0 0 0 0 1024 0 0 0 0 0 0 0 1024 0 0 0 0 0 0 0 1024 
0 0 0 0 0 0 0 1024 0 0 0 0 0 0 0 1024 0 0 0 0 0 0 0 1024 
0 0 0 0 0 0 0 1024 0 0 0 0 0 0 0 1024 0 0 0 0 0 0 0 1024 
0 0 0 0 0 0 0 1024 0 0 0 0 0 0 0 1024 0 0 0 0 0 0 0 1024 
0 0 0 0 0 0 0 1024 0 0 0 0 0 0 0 1024 0 0 0 0 0 0 0 1024 
0 0 0 0 0 0 0 1024 0 0 0 0 0 0 0 1024 0 0 0 0 0 0 0 1024 
0 0 0 0 0 0 7 1017 0 0 0 0 0 0 0 1024 0 0 0 0 0 0 0 1024 
0 0 0 0 0 0 2 1022 0 0 0 0 0 0 0 1024 0 0 0 0 0 0 0 1024 
0 0 0 0 0 0 44 980 0 0 0 0 0 0 0 1024 0 0 0 0 0 0 0 1024 
0 0 0 0 0 0 130 894 0 0 0 0 0 0 0 1024 0 0 0 0 0 0 0 1024 
0 0 0 0 0 0 229 795 0 0 0 0 0 0 0 1024 0 0 0 0 0 0 0 1024 
0 0 0 0 0 0 320 704 0 0 0 0 0 0 0 1024 0 0 0 0 0 0 0 1024 
0 0 0 0 0 0 162 862 0 0 0 0 0 0 0 1024 0 0 0 0 0 0 0 1024 
0 0 0 0 0 0 188 836 0 0 0 0 0 0 3 1021 0 0 0 0 0 0 0 1024 
0 0 0 0 0 0 385 639 0 0 0 0 0 0 4 1020 0 0 0 0 0 0 0 1024 
0 0 0 0 0 0 139 885 0 0 0 0 0 0 0 1024 0 0 0 0 0 0 0 1024 
0 0 0 0 0 0 47 977 0 0 0 0 0 0 0 1024 0 0 0 0 0 0 0 1024 
0 0 0 0 0 0 78 946 0 0 0 0 0 0 0 1024 0 0 0 0 0 0 0 1024 
0 0 0 0 0 0 322 702 0 0 0 0 0 0 0 1024 0 0 0 0 0 0 0 1024 
0 0 0 0 0 0 359 665 0 0 0 0 0 0 41 983 0 0 0 0 0 0 0 1024 
0 0 0 0 0 1 611 412 0 0 0 0 0 0 19 1005 0 0 0 0 0 0 0 1024 
0 0 0 0 0 0 729 295 0 0 0 0 0 0 0 1024 0 0 0 0 0 0 0 1024 
0 0 0 0 0 0 675 349 0 0 0 0 0 0 0 1024 0 0 0 0 0 0 0 1024 
0 0 0 0 0 68 918 38 0 0 0 0 0 0 0 1024 0 0 0 0 0 0 0 1024 
0 0 0 0 0 126 898 0 0 0 0 0 0 0 5 1019 0 0 0 0 0 0 0 1024 
0 0 0 0 0 0 5 1019 0 0 0 0 0 0 0 1024 0 0 0 0 0 0 0 1024 
0 0 0 0 0 0 46 978 0 0 0 0 0 0 0 1024 0 0 0 0 0 0 0 1024 
0 0 0 0 0 0 0 1024 0 0 0 0 0 0 0 1024 0 0 0 0 0 0 0 1024 
0 0 0 0 0 0 0 1024 0 0 0 0 0 0 0 1024 0 0 0 0 0 0 0 1024 
0 0 0 0 0 0 0 1024 0 0 0 0 0 0 0 1024 0 0 0 0 0 0 0 1024 
0 0 0 0 0 0 0 1024 0 0 0 0 0 0 0 1024 0 0 0 0 0 0 0 1024 
0 0 0 0 0 0 0 1024 0 0 0 0 0 0 0 1024 0 0 0 0 0 0 0 1024 
0 0 0 0 0 0 0 1024 0 0 0 0 0 0 0 1024 0 0 0 0 0 0 0 1024 
0 0 0 0 0 0 0 1024 0 0 0 0 0 0 0 1024 0 0 0 0 0 0 0 1024 
0 0 0 0 0 0 0 1024 0 0 0 0 0 0 0 1024 0 0 0 0 0 0 0 1024 
0 0 0 0 0 0 0 1024 0 0 0 0 0 0 0 1024 0 0 0 0 0 0 0 1024 
0 0 0 0 0 0 0 1024 0 0 0 0 0 0 0 1024 0 0 0 0 0 0 0 1024 
0 0 0 0 0 0 0 1024 0 0 0 0 0 0 0 1024 0 0 0 0 0 0 0 1024 
0 0 0 0 0 0 260 764 0 0 0 0 0 0 0 1024 0 0 0 0 0 0 0 1024 
0 0 0 0 0 0 402 622 0 0 0 0 0 0 0 1024 0 0 0 0 0 0 0 1024 
0 0 0 0 0 0 471 553 0 0 0 0 0 0 0 1024 0 0 0 0 0 0 0 1024 
0 0 0 0 0 0 677 347 0 0 0 0 0 0 0 1024 0 0 0 0 0 0 0 1024 
0 0 0 0 0 0 212 812 0 0 0 0 0 0 0 1024 0 0 0 0 0 0 0 1024 
0 0 0 0 0 0 138 886 0 0 0 0 0 0 0 1024 0 0 0 0 0 0 0 1024 
0 0 0 0 0 0 99 925 0 0 0 0 0 0 0 1024 0 0 0 0 0 0 0 1024 
0 0 0 0 0 0 155 869 0 0 0 0 0 0 0 1024 0 0 0 0 0 0 0 1024 
0 0 0 0 0 0 142 882 0 0 0 0 0 0 0 1024 0 0 0 0 0 0 0 1024 
0 0 0 0 0 0 729 295 0 0 0 0 0 0 53 971 0 0 0 0 0 0 0 1024 
0 0 0 0 0 20 614 390 0 0 0 0 0 0 133 891 0 0 0 0 0 0 0 1024 
0 0 0 0 0 125 413 486 0 0 0 0 0 0 239 785 0 0 0 0 0 0 0 1024 
0 0 0 0 0 140 431 453 0 0 0 0 0 0 276 748 0 0 0 0 0 0 0 1024 
0 0 0 0 0 62 456 506 0 0 0 0 0 0 78 946 0 0 0 0 0 0 0 1024 
0 0 0 0 0 0 412 612 0 0 0 0 0 0 0 1024 0 0 0 0 0 0 0 1024 
0 0 0 0 0 0 670 354 0 0 0 0 0 0 0 1024 0 0 0 0 0 0 0 1024 
0 0 0 0 0 0 710 314 0 0 0 0 0 0 15 1009 0 0 0 0 0 0 0 1024 
0 0 0 0 0 0 793 231 0 0 0 0 0 0 4 1020 0 0 0 0 0 0 0 1024 
0 0 0 0 0 0 775 249 0 0 0 0 0 0 0 1024 0 0 0 0 0 0 0 1024 
0 0 0 0 0 102 38 884 0 0 0 0 0 0 92 932 0 0 0 0 0 0 0 1024 
0 0 0 0 0 0 0 1024 0 0 0 0 0 0 0 1024 0 0 0 0 0 0 0 1024 
0 0 0 0 0 8 51 965 0 0 0 0 0 0 27 997 0 0 0 0 0 0 0 1024 
0 0 0 0 0 133 153 738 0 0 0 0 0 0 166 858 0 0 0 0 0 0 0 1024 
0 0 0 0 0 193 68 763 0 0 0 0 0 0 198 826 0 0 0 0 0 0 0 1024 
0 0 0 0 0 252 33 739 0 0 0 0 0 0 241 783 0 0 0 0 0 0 0 1024 
0 0 0 0 0 149 34 841 0 0 0 0 0 0 165 859 0 0 0 0 0 0 0 1024 
0 0 0 0 4 23 15 982 0 0 0 0 0 1 32 991 0 0 0 0 0 0 0 1024 
0 0 0 0 168 27 18 811 0 0 0 0 0 66 135 823 0 0 0 0 0 0 5 1019 
0 0 0 0 343 17 13 651 0 0 0 0 0 253 114 657 0 0 0 0 0 0 0 1024 
0 0 0 0 493 15 15 501 0 0 0 0 0 381 136 507 0 0 0 0 0 0 0 1024 
0 0 0 8 626 15 17 358 0 0 0 0 0 581 73 370 0 0 0 0 0 0 0 1024 
0 0 0 0 656 44 15 309 0 0 0 0 0 581 126 317 0 0 0 0 0 0 0 1024 
0 0 0 0 773 15 25 211 0 0 0 0 0 727 67 230 0 0 0 0 0 0 0 1024 
0 0 0 2 607 17 20 378 0 0 0 0 0 541 86 397 0 0 0 0 0 0 2 1022 
0 0 0 1 632 19 13 359 0 0 0 0 0 537 117 370 0 0 0 0 0 0 0 1024 
0 0 0 1 565 23 9 426 0 0 0 0 0 549 42 433 0 0 0 0 0 0 0 1024 
0 0 0 8 568 16 16 416 0 0 0 0 0 541 60 423 0 0 0 0 0 0 2 1022 
0 0 0 1 555 17 9 442 0 0 0 0 0 520 55 449 0 0 0 0 0 0 2 1022 
0 0 0 43 461 19 11 490 0 0 0 0 0 495 32 497 0 0 0 0 0 0 0 1024 
0 0 0 39 382 10 17 576 0 0 0 0 0 393 42 589 0 0 0 0 0 0 2 1022 
0 0 0 46 396 12 36 534 0 0 0 0 0 384 76 564 0 0 0 0 0 0 1 1023 
0 0 0 201 272 21 274 256 0 0 0 0 0 471 25 528 0 0 0 0 0 0 5 1019 
0 0 0 228 146 40 463 147 0 0 0 0 0 371 126 527 0 0 0 0 0 0 6 1018 
0 0 0 200 102 19 534 169 0 0 0 0 0 299 43 682 0 0 0 0 0 0 5 1019 
0 0 0 126 73 11 548 266 0 0 0 0 0 197 17 810 0 0 0 0 0 0 6 1018 
0 0 0 79 45 12 854 34 0 0 0 0 0 122 14 888 0 0 0 0 0 0 7 1017 
0 0 0 0 0 0 722 302 0 0 0 0 0 0 0 1024 0 0 0 0 0 0 0 1024 
0 0 0 0 0 0 591 433 0 0 0 0 0 0 0 1024 0 0 0 0 0 0 0 1024 
0 0 0 0 0 0 851 173 0 0 0 0 0 0 6 1018 0 0 0 0 0 0 0 1024 
0 0 0 0 0 0 839 185 0 0 0 0 0 0 20 1004 0 0 0 0 0 0 0 1024 
0 0 0 0 0 0 938 86 0 0 0 0 0 0 38 986 0 0 0 0 0 0 0 1024 
0 0 116 841 46 21 0 0 0 0 0 0 786 191 43 4 0 0 0 0 0 0 693 331 
0 0 10 877 79 21 18 19 0 0 0 0 647 319 24 34 0 0 0 0 0 0 592 432 
0 0 0 856 40 113 15 0 0 0 0 0 683 201 107 33 0 0 0 0 0 0 491 533 
0 0 0 742 36 245 1 0 0 0 0 0 555 210 255 4 0 0 0 0 0 0 448 576 
0 0 0 641 64 319 0 0 0 0 0 0 426 260 338 0 0 0 0 0 0 0 253 771 
0 0 0 496 172 356 0 0 0 0 0 0 412 235 376 1 0 0 0 0 0 0 164 860 
0 0 0 274 409 341 0 0 0 0 0 0 134 468 422 0 0 0 0 0 0 0 56 968 
0 0 0 174 738 100 6 6 0 0 0 0 0 691 323 10 0 0 0 0 0 0 0 1024 
0 0 0 23 955 46 0 0 0 0 0 0 0 816 208 0 0 0 0 0 0 0 0 1024 
0 0 0 46 962 16 0 0 0 0 0 0 0 963 61 0 0 0 0 0 0 0 0 1024 
0 0 0 74 939 11 0 0 0 0 0 0 0 954 70 0 0 0 0 0 0 0 0 1024 
0 0 0 125 882 17 0 0 0 0 0 0 0 986 38 0 0 0 0 0 0 0 0 1024 
0 0 0 654 370 0 0 0 0 0 0 0 0 1024 0 0 0 0 0 0 0 0 0 1024 
0 0 0 553 471 0 0 0 0 0 0 0 0 1024 0 0 0 0 0 0 0 0 0 1024 
0 0 0 277 747 0 0 0 0 0 0 0 0 1024 0 0 0 0 0 0 0 0 0 1024 
0 0 0 321 701 2 0 0 0 0 0 0 0 1013 11 0 0 0 0 0 0 0 0 1024 
0 0 0 423 601 0 0 0 0 0 0 0 0 1024 0 0 0 0 0 0 0 0 0 1024 
0 0 0 237 786 1 0 0 0 0 0 0 0 1023 1 0 0 0 0 0 0 0 0 1024 
0 0 0 33 885 106 0 0 0 0 0 0 0 886 138 0 0 0 0 0 0 0 1 1023 
0 0 0 20 829 175 0 0 0 0 0 0 0 886 138 0 0 0 0 0 0 0 5 1019 
0 0 0 658 362 4 0 0 0 0 0 0 0 1016 8 0 0 0 0 0 0 0 0 1024 
0 0 0 762 262 0 0 0 0 0 0 0 1 1023 0 0 0 0 0 0 0 0 1 1023 
0 0 0 803 221 0 0 0 0 0 0 0 0 1024 0 0 0 0 0 0 0 0 0 1024 
0 0 0 1007 17 0 0 0 0 0 0 0 0 1024 0 0 0 0 0 0 0 0 0 1024 
0 0 0 822 202 0 0 0 0 0 0 0 0 1024 0 0 0 0 0 0 0 0 1 1023 
0 0 0 985 39 0 0 0 0 0 0 0 0 1024 0 0 0 0 0 0 0 0 0 1024 
0 0 0 916 108 0 0 0 0 0 0 0 0 1024 0 0 0 0 0 0 0 0 4 1020 
0 0 0 667 173 18 164 2 0 0 0 0 1 836 19 168 0 0 0 0 0 0 27 997 
0 0 0 531 126 19 289 59 0 0 0 0 11 645 22 346 0 0 0 0 0 0 9 1015 
0 0 0 273 238 13 233 267 0 0 0 0 1 507 25 491 0 0 0 0 0 0 13 1011 
0 0 0 246 34 16 662 66 0 0 0 0 0 278 26 720 0 0 0 0 0 0 9 1015 
0 0 0 244 80 23 653 24 0 0 0 0 0 324 28 672 0 0 0 0 0 0 18 1006 
0 0 772 252 0 0 0 0 0 0 0 4 1020 0 0 0 0 0 0 0 0 39 985 0 
0 0 610 414 0 0 0 0 0 0 0 0 1024 0 0 0 0 0 0 0 0 5 1019 0 
0 0 326 698 0 0 0 0 0 0 0 0 1023 1 0 0 0 0 0 0 0 0 1024 0 
0 0 213 810 1 0 0 0 0 0 0 0 1023 1 0 0 0 0 0 0 0 0 1024 0 
0 0 68 956 0 0 0 0 0 0 0 0 1024 0 0 0 0 0 0 0 0 0 1024 0 
0 0 185 832 7 0 0 0 0 0 0 0 1006 18 0 0 0 0 0 0 0 0 1010 14 
0 0 288 736 0 0 0 0 0 0 0 0 1018 6 0 0 0 0 0 0 0 0 979 45 
0 0 181 814 29 0 0 0 0 0 0 0 868 156 0 0 0 0 0 0 0 0 847 177 
0 0 87 639 277 21 0 0 0 0 0 0 642 338 44 0 0 0 0 0 0 0 648 376 
0 0 5 484 486 49 0 0 0 0 0 0 395 548 81 0 0 0 0 0 0 0 390 634 
0 0 1 308 655 60 0 0 0 0 0 0 145 802 77 0 0 0 0 0 0 0 147 877 
0 0 0 278 573 173 0 0 0 0 0 0 58 782 184 0 0 0 0 0 0 0 83 941 
0 0 0 425 583 16 0 0 0 0 0 0 32 980 12 0 0 0 0 0 0 0 40 984 
0 0 0 447 575 2 0 0 0 0 0 0 14 1001 9 0 0 0 0 0 0 0 40 984 
0 0 0 538 447 39 0 0 0 0 0 0 3 1006 15 0 0 0 0 0 0 0 14 1010 
0 0 0 588 376 60 0 0 0 0 0 0 3 985 36 0 0 0 0 0 0 0 20 1004 
0 0 0 855 149 20 0 0 0 0 0 0 12 995 17 0 0 0 0 0 0 0 33 991 
0 0 0 808 167 49 0 0 0 0 0 0 20 968 36 0 0 0 0 0 0 0 10 1014 
0 0 0 585 255 179 5 0 0 0 0 0 18 851 155 0 0 0 0 0 0 0 20 1004 
0 0 0 455 492 77 0 0 0 0 0 0 11 955 58 0 0 0 0 0 0 0 13 1011 
0 0 0 548 474 2 0 0 0 0 0 0 7 1012 5 0 0 0 0 0 0 0 31 993 
0 0 0 914 110 0 0 0 0 0 0 0 10 1014 0 0 0 0 0 0 0 0 7 1017 
0 0 0 778 224 22 0 0 0 0 0 0 23 997 4 0 0 0 0 0 0 0 42 982 
0 0 0 812 212 0 0 0 0 0 0 0 45 979 0 0 0 0 0 0 0 0 45 979 
0 0 0 532 489 3 0 0 0 0 0 0 22 1002 0 0 0 0 0 0 0 0 63 961 
0 0 0 589 423 12 0 0 0 0 0 0 46 973 5 0 0 0 0 0 0 0 85 939 
0 0 0 772 252 0 0 0 0 0 0 0 169 855 0 0 0 0 0 0 0 0 93 931 
0 0 0 760 264 0 0 0 0 0 0 0 281 743 0 0 0 0 0 0 0 0 113 911 
0 0 0 1012 12 0 0 0 0 0 0 0 620 404 0 0 0 0 0 0 0 0 179 845 
0 0 0 1002 22 0 0 0 0 0 0 0 710 314 0 0 0 0 0 0 0 0 137 887 
0 0 0 1022 2 0 0 0 0 0 0 0 455 569 0 0 0 0 0 0 0 0 133 891 
0 0 0 830 194 0 0 0 0 0 0 0 126 898 0 0 0 0 0 0 0 0 147 877 
0 0 934 90 0 0 0 0 0 0 0 164 860 0 0 0 0 0 0 0 0 636 388 0 
0 0 903 121 0 0 0 0 0 0 0 78 946 0 0 0 0 0 0 0 0 361 663 0 
0 0 715 309 0 0 0 0 0 0 0 34 990 0 0 0 0 0 0 0 0 284 740 0 
0 0 608 416 0 0 0 0 0 0 0 10 1014 0 0 0 0 0 0 0 0 188 836 0 
0 0 402 621 1 0 0 0 0 0 0 19 1005 0 0 0 0 0 0 0 0 153 871 0 
0 0 395 610 19 0 0 0 0 0 0 35 985 4 0 0 0 0 0 0 0 167 857 0 
0 0 810 213 1 0 0 0 0 0 0 32 991 1 0 0 0 0 0 0 0 112 912 0 
0 0 664 360 0 0 0 0 0 0 0 4 1020 0 0 0 0 0 0 0 0 45 979 0 
0 0 724 300 0 0 0 0 0 0 0 2 1022 0 0 0 0 0 0 0 0 13 1011 0 
0 0 720 302 2 0 0 0 0 0 0 0 1022 2 0 0 0 0 0 0 0 0 1021 3 
0 0 84 895 45 0 0 0 0 0 0 0 944 80 0 0 0 0 0 0 0 1 1008 15 
0 0 20 893 111 0 0 0 0 0 0 0 880 144 0 0 0 0 0 0 0 0 964 60 
0 0 25 688 300 11 0 0 0 0 0 0 700 320 4 0 0 0 0 0 0 1 860 163 
0 0 25 758 224 17 0 0 0 0 0 0 730 292 2 0 0 0 0 0 0 4 951 69 
0 0 119 721 177 7 0 0 0 0 0 0 710 310 4 0 0 0 0 0 0 0 801 223 
0 0 41 278 491 202 12 0 0 0 0 0 295 602 127 0 0 0 0 0 0 0 674 350 
0 0 0 224 651 148 1 0 0 0 0 0 194 787 43 0 0 0 0 0 0 4 680 340 
0 0 66 570 354 34 0 0 0 0 0 0 540 472 12 0 0 0 0 0 0 0 701 323 
0 0 59 823 137 5 0 0 0 0 0 0 715 304 5 0 0 0 0 0 0 0 764 260 
0 0 11 794 215 4 0 0 0 0 0 0 674 349 1 0 0 0 0 0 0 0 757 267 
0 0 39 929 56 0 0 0 0 0 0 0 898 125 1 0 0 0 0 0 0 0 907 117 
0 0 19 882 110 13 0 0 0 0 0 0 804 220 0 0 0 0 0 0 0 0 810 214 
0 0 59 532 362 71 0 0 0 0 0 0 474 535 15 0 0 0 0 0 0 0 610 414 
0 0 0 759 251 14 0 0 0 0 0 0 512 504 8 0 0 0 0 0 0 0 440 584 
0 0 0 407 582 35 0 0 0 0 0 0 247 764 13 0 0 0 0 0 0 0 434 590 
0 0 0 856 163 5 0 0 0 0 0 0 675 348 1 0 0 0 0 0 0 0 566 458 
0 0 1 643 361 19 0 0 0 0 0 0 449 566 9 0 0 0 0 0 0 0 567 457 
0 0 0 837 153 28 6 0 0 0 0 0 607 404 13 0 0 0 0 0 0 0 580 444 
0 0 0 628 348 47 1 0 0 0 0 0 414 600 10 0 0 0 0 0 0 0 675 349 
0 0 0 811 207 6 0 0 0 0 0 0 727 297 0 0 0 0 0 0 0 0 845 179 
0 0 5 921 96 2 0 0 0 0 0 21 883 119 1 0 0 0 0 0 0 94 908 22 
0 0 420 555 49 0 0 0 0 0 0 401 504 119 0 0 0 0 0 0 0 479 468 77 
0 0 778 236 10 0 0 0 0 0 0 723 299 2 0 0 0 0 0 0 0 972 52 0 
0 0 661 357 6 0 0 0 0 0 0 559 465 0 0 0 0 0 0 0 0 922 102 0 
0 0 733 277 14 0 0 0 0 0 0 486 538 0 0 0 0 0 0 0 0 903 121 0 
0 0 799 220 5 0 0 0 0 0 0 384 638 2 0 0 0 0 0 0 0 796 228 0 
0 0 289 544 187 4 0 0 0 0 0 110 866 48 0 0 0 0 0 0 0 497 527 0 
0 0 401 566 57 0 0 0 0 0 0 260 752 12 0 0 0 0 0 0 0 552 472 0 
0 0 658 363 3 0 0 0 0 0 0 376 648 0 0 0 0 0 0 0 0 624 400 0 
0 0 811 213 0 0 0 0 0 0 0 357 667 0 0 0 0 0 0 0 0 482 542 0 
0 0 863 161 0 0 0 0 0 0 0 341 683 0 0 0 0 0 0 0 0 358 666 0 
0 0 628 331 64 1 0 0 0 0 0 132 839 53 0 0 0 0 0 0 0 178 841 5 
0 0 281 669 71 3 0 0 0 0 0 11 967 46 0 0 0 0 0 0 0 103 915 6 
0 0 70 677 239 38 0 0 0 0 0 2 836 182 4 0 0 0 0 0 0 43 953 28 
0 0 90 516 312 91 15 0 0 0 0 0 694 310 20 0 0 0 0 0 0 29 975 20 
0 0 356 269 237 151 11 0 0 0 0 0 687 310 27 0 0 0 0 0 0 58 953 13 
0 0 426 334 242 22 0 0 0 0 0 1 841 182 0 0 0 0 0 0 0 49 971 4 
0 0 303 554 142 25 0 0 0 0 0 1 888 132 3 0 0 0 0 0 0 72 944 8 
0 0 28 495 484 17 0 0 0 0 0 0 607 410 7 0 0 0 0 0 0 35 972 17 
0 0 436 373 167 48 0 0 0 0 0 5 844 165 10 0 0 0 0 0 0 58 933 33 
0 0 766 251 7 0 0 0 0 0 0 10 993 21 0 0 0 0 0 0 0 24 990 10 
0 0 524 465 33 2 0 0 0 0 0 1 989 34 0 0 0 0 0 0 0 3 1009 12 
0 0 154 741 129 0 0 0 0 0 0 0 880 144 0 0 0 0 0 0 0 19 986 19 
0 0 191 594 217 22 0 0 0 0 0 0 785 238 1 0 0 0 0 0 0 7 1012 5 
0 0 120 608 250 46 0 0 0 0 0 1 708 308 7 0 0 0 0 0 0 37 968 19 
0 0 83 754 170 17 0 0 0 0 0 0 800 220 4 0 0 0 0 0 0 45 960 19 
0 0 4 837 177 6 0 0 0 0 0 0 658 366 0 0 0 0 0 0 0 50 893 81 
0 0 1 838 185 0 0 0 0 0 0 0 590 434 0 0 0 0 0 0 0 64 913 47 
0 0 1 594 357 72 0 0 0 0 0 0 539 485 0 0 0 0 0 0 0 61 925 38 
0 0 1 820 163 40 0 0 0 0 0 0 729 295 0 0 0 0 0 0 0 177 833 14 
0 0 0 559 325 126 14 0 0 0 0 1 529 488 6 0 0 0 0 0 0 229 781 14 
0 0 134 453 362 47 28 0 0 0 0 154 543 298 29 0 0 0 0 0 0 474 538 12 
0 0 422 416 182 4 0 0 0 0 0 451 522 51 0 0 0 0 0 0 1 807 214 2 
0 8 708 257 50 1 0 0 0 0 0 757 263 4 0 0 0 0 0 0 1 963 60 0 
0 8 820 183 13 0 0 0 0 0 0 828 193 3 0 0 0 0 0 0 19 1002 3 0 
0 1 772 191 58 2 0 0 0 0 0 819 183 22 0 0 0 0 0 0 9 1009 6 0 
0 0 364 491 152 17 0 0 0 0 0 431 544 49 0 0 0 0 0 0 1 934 89 0 
0 0 387 545 81 11 0 0 0 0 0 435 560 23 6 0 0 0 0 0 5 907 104 8 
0 0 179 545 249 51 0 0 0 0 0 178 699 140 7 0 0 0 0 0 16 690 307 11 
0 0 383 317 179 136 9 0 0 0 0 355 444 202 23 0 0 0 0 0 14 689 302 19 
0 0 379 191 290 140 24 0 0 0 0 325 429 250 20 0 0 0 0 0 5 679 330 10 
0 0 293 419 190 99 23 0 0 0 0 294 538 168 24 0 0 0 0 0 14 733 263 14 
0 0 318 482 202 22 0 0 0 0 0 318 585 119 2 0 0 0 0 0 13 906 104 1 
0 3 330 587 104 0 0 0 0 0 0 214 725 85 0 0 0 0 0 0 3 868 153 0 
0 0 242 544 219 18 1 0 0 0 0 179 682 156 7 0 0 0 0 0 8 822 186 8 
0 0 253 421 302 40 2 6 0 0 0 203 599 209 5 8 0 0 0 0 17 768 228 11 
0 0 181 504 301 33 1 4 0 0 0 138 722 151 8 5 0 0 0 0 15 725 276 8 
0 0 124 598 229 71 2 0 0 0 0 94 730 188 12 0 0 0 0 0 9 757 251 7 
0 0 255 668 95 6 0 0 0 0 0 137 799 86 2 0 0 0 0 0 13 731 275 5 
0 0 188 774 58 3 1 0 0 0 0 102 876 45 0 1 0 0 0 0 9 763 249 3 
0 1 123 814 80 5 1 0 0 0 1 79 878 61 4 1 0 0 0 0 17 731 270 6 
0 0 109 784 117 13 1 0 0 0 1 83 774 164 1 1 0 0 0 0 10 621 382 11 
0 3 258 702 50 11 0 0 0 0 1 163 757 99 4 0 0 0 0 0 4 533 454 33 
0 0 159 805 56 4 0 0 0 0 0 80 749 192 3 0 0 0 0 0 0 134 807 83 
0 0 18 965 41 0 0 0 0 0 0 0 860 164 0 0 0 0 0 0 0 29 925 70 
0 0 20 928 74 2 0 0 0 0 0 0 839 184 1 0 0 0 0 0 0 34 949 41 
0 0 134 851 39 0 0 0 0 0 0 2 853 169 0 0 0 0 0 0 0 58 929 37 
0 0 291 658 75 0 0 0 0 0 0 23 851 150 0 0 0 0 0 0 0 174 816 34 
0 0 252 613 158 1 0 0 0 0 0 8 893 123 0 0 0 0 0 0 2 295 718 9 
0 0 252 359 362 50 1 0 0 0 0 19 757 247 1 0 0 0 0 0 16 461 546 1 
0 0 266 275 430 53 0 0 0 0 0 78 699 247 0 0 0 0 0 0 22 773 229 0 
0 0 271 389 248 99 17 0 0 0 0 152 709 163 0 0 0 0 0 0 19 906 99 0 
0 0 301 271 343 108 1 0 0 0 0 192 690 142 0 0 0 0 0 0 19 936 69 0 
0 0 299 401 228 96 0 0 0 0 3 303 623 95 0 0 0 0 0 0 60 944 20 0 
0 0 133 379 419 91 2 0 0 0 0 199 728 95 2 0 0 0 0 0 100 898 26 0 
0 0 112 513 337 60 2 0 0 0 0 255 711 57 1 0 0 0 0 0 314 702 8 0 
0 13 552 385 63 4 4 3 0 0 1 619 362 35 4 3 0 0 0 0 204 780 33 7 
0 2 303 461 165 21 14 58 0 0 7 461 411 70 15 60 0 0 0 1 111 808 35 69 
0 1 274 453 197 80 16 3 0 0 3 404 421 170 22 4 0 0 0 0 171 795 38 20 
0 0 109 595 210 100 10 0 0 0 1 226 605 179 12 1 0 0 0 1 148 790 74 11 
0 2 268 433 223 98 0 0 0 0 5 324 545 148 2 0 0 0 0 0 170 769 83 2 
0 22 450 381 132 39 0 0 0 0 21 525 413 63 2 0 0 0 0 0 254 736 32 2 
0 14 381 519 103 6 1 0 0 0 24 472 501 25 2 0 0 0 0 2 234 756 30 2 
0 5 241 544 200 28 6 0 0 0 13 323 588 97 3 0 0 0 0 0 206 729 86 3 
0 1 117 470 258 155 22 1 0 0 13 203 566 228 13 1 0 0 0 5 183 677 154 5 
0 5 211 603 168 34 3 0 0 0 9 326 588 98 3 0 0 0 0 2 180 748 89 5 
0 29 229 467 174 121 3 1 0 0 31 361 498 128 5 1 0 0 0 9 238 673 94 10 
0 14 355 525 101 27 2 0 0 0 22 419 515 63 4 1 0 0 0 4 252 702 62 4 
0 10 395 560 45 13 1 0 0 0 12 464 512 27 9 0 0 0 0 2 249 722 43 8 
0 20 606 367 29 2 0 0 0 0 24 585 399 14 2 0 0 0 0 4 201 788 29 2 
0 43 463 422 84 12 0 0 0 0 46 504 427 44 3 0 0 0 0 1 325 642 53 3 
0 37 478 414 85 9 1 0 0 0 46 501 433 36 7 1 0 0 0 4 331 648 36 5 
0 64 519 392 46 3 0 0 0 0 60 561 382 21 0 0 0 0 0 5 373 576 70 0 
0 61 427 486 36 13 1 0 0 0 64 347 586 23 4 0 0 0 0 6 250 403 363 2 
0 30 558 430 6 0 0 0 0 0 30 268 723 3 0 0 0 0 0 0 200 295 529 0 
0 0 778 243 2 1 0 0 0 0 0 2 1019 2 1 0 0 0 0 0 0 516 507 1 
0 0 906 118 0 0 0 0 0 0 0 14 1010 0 0 0 0 0 0 0 0 602 422 0 
0 0 974 50 0 0 0 0 0 0 0 94 930 0 0 0 0 0 0 0 0 688 336 0 
0 0 1024 0 0 0 0 0 0 0 0 129 895 0 0 0 0 0 0 0 0 777 247 0 
0 0 1024 0 0 0 0 0 0 0 0 263 761 0 0 0 0 0 0 0 0 933 91 0 
0 0 1024 0 0 0 0 0 0 0 0 392 632 0 0 0 0 0 0 0 0 954 70 0 
0 0 1008 16 0 0 0 0 0 0 0 537 487 0 0 0 0 0 0 0 0 1018 6 0 
0 0 924 87 13 0 0 0 0 0 0 806 218 0 0 0 0 0 0 0 1 1023 0 0 
0 0 782 136 102 4 0 0 0 0 0 714 296 14 0 0 0 0 0 0 52 968 4 0 
0 0 583 122 279 40 0 0 0 0 0 578 416 30 0 0 0 0 0 0 226 796 2 0 
0 3 380 202 341 92 5 1 0 0 4 412 570 33 4 1 0 0 0 3 282 734 4 1 
0 0 162 227 561 72 2 0 0 0 7 269 708 40 0 0 0 0 0 7 460 550 7 0 
0 0 2 215 772 35 0 0 0 0 2 310 703 9 0 0 0 0 0 7 716 301 0 0 
0 59 374 528 54 9 0 0 0 0 28 424 255 314 3 0 0 0 0 0 293 344 376 11 
0 11 406 356 236 15 0 0 0 0 39 460 235 288 2 0 0 0 0 1 327 398 293 5 
0 49 411 350 200 10 4 0 0 0 78 478 256 203 8 1 0 0 0 11 407 381 218 7 
0 29 403 346 227 19 0 0 0 0 53 496 267 208 0 0 0 0 0 9 416 421 178 0 
0 66 461 327 143 21 4 2 0 0 110 543 243 115 9 4 0 0 0 19 507 352 134 12 
0 112 483 273 112 37 6 1 0 0 134 589 213 77 9 2 0 0 0 14 512 406 79 13 
0 50 380 343 173 55 19 4 0 0 114 467 300 111 28 4 0 0 0 31 442 426 109 16 
0 46 352 370 162 69 18 7 0 0 91 413 332 150 29 9 0 0 0 28 388 410 171 27 
0 12 292 482 132 59 36 11 0 0 34 415 385 132 43 15 0 0 0 10 323 389 263 39 
0 23 283 452 154 74 32 6 0 0 45 352 449 120 48 10 0 0 0 7 307 345 329 36 
0 25 209 500 173 75 32 10 0 1 51 262 508 143 46 13 0 0 0 16 241 390 341 36 
0 58 300 492 117 43 11 3 0 0 78 361 474 95 9 7 0 0 0 31 326 388 267 12 
0 84 280 543 88 17 11 1 0 0 92 326 541 48 15 2 0 0 0 18 250 524 217 15 
0 39 302 619 50 12 1 1 0 0 66 273 639 42 3 1 0 0 0 7 214 457 342 4 
0 34 308 602 75 5 0 0 0 0 50 181 744 49 0 0 0 0 0 22 159 566 276 1 
0 19 468 498 36 3 0 0 0 0 24 176 803 20 1 0 0 0 0 8 149 653 212 2 
0 17 578 406 21 2 0 0 0 0 16 116 870 20 2 0 0 0 0 2 99 600 320 3 
0 32 727 263 2 0 0 0 0 0 34 76 911 3 0 0 0 0 0 3 63 734 224 0 
0 18 925 81 0 0 0 0 0 0 18 141 861 4 0 0 0 0 0 1 96 867 60 0 
0 0 1006 16 2 0 0 0 0 0 0 101 921 2 0 0 0 0 0 0 0 1007 16 1 
0 0 1017 7 0 0 0 0 0 0 0 274 750 0 0 0 0 0 0 0 0 1021 3 0 
0 0 1024 0 0 0 0 0 0 0 0 547 477 0 0 0 0 0 0 0 0 1024 0 0 
0 0 1024 0 0 0 0 0 0 0 0 590 434 0 0 0 0 0 0 0 0 1024 0 0 
0 0 1024 0 0 0 0 0 0 0 0 801 223 0 0 0 0 0 0 0 0 1024 0 0 
0 0 1024 0 0 0 0 0 0 0 0 877 147 0 0 0 0 0 0 0 2 1022 0 0 
0 0 1024 0 0 0 0 0 0 0 0 941 83 0 0 0 0 0 0 0 8 1016 0 0 
0 0 1024 0 0 0 0 0 0 0 0 981 43 0 0 0 0 0 0 0 12 1012 0 0 
0 1 1021 2 0 0 0 0 0 0 0 886 138 0 0 0 0 0 0 0 30 994 0 0 
0 2 963 26 30 3 0 0 0 0 0 915 107 2 0 0 0 0 0 0 57 967 0 0 
0 4 857 58 56 28 18 3 0 0 0 753 219 33 19 0 0 0 0 3 158 840 22 1 
0 0 434 175 339 76 0 0 0 0 0 424 573 27 0 0 0 0 0 7 412 605 0 0 
0 1 121 189 673 34 6 0 0 0 15 409 583 12 4 1 0 0 1 76 842 99 4 2 
0 17 26 978 3 0 0 0 0 2 20 26 890 86 0 0 0 0 5 19 21 170 809 0 
0 0 0 999 25 0 0 0 0 0 0 0 829 195 0 0 0 0 0 0 0 90 934 0 
0 0 1 960 63 0 0 0 0 0 0 0 825 199 0 0 0 0 0 0 0 141 883 0 
0 0 0 919 105 0 0 0 0 0 0 0 824 200 0 0 0 0 0 0 0 221 802 1 
0 3 6 928 87 0 0 0 0 0 3 6 807 208 0 0 0 0 0 0 6 163 853 2 
0 3 28 885 101 7 0 0 0 0 5 16 836 167 0 0 0 0 0 2 18 227 775 2 
0 2 66 761 132 52 10 1 0 0 15 98 749 149 10 3 0 0 0 18 112 254 634 6 
0 46 174 504 271 27 2 0 0 0 90 227 475 230 2 0 0 0 0 68 287 333 334 2 
0 95 272 417 183 46 9 2 0 3 190 327 328 154 20 2 0 0 1 149 389 198 276 11 
0 51 219 413 262 69 9 1 0 5 134 262 400 213 8 2 0 0 7 123 308 281 297 8 
0 18 179 478 283 48 15 3 0 0 89 258 437 222 14 4 0 0 2 84 300 348 284 6 
0 23 100 408 335 117 30 11 0 2 67 143 458 321 23 10 0 0 5 61 191 569 184 14 
0 43 251 459 189 47 25 10 0 0 118 232 492 146 27 9 0 0 2 83 278 547 93 21 
1 36 261 504 168 37 12 5 0 7 78 137 662 117 18 5 0 0 9 72 161 618 156 8 
2 43 357 457 106 35 19 5 0 10 95 137 699 62 18 3 0 0 9 91 153 688 80 3 
1 53 535 299 114 10 10 2 0 6 105 162 683 54 11 3 0 0 5 115 165 714 17 8 
6 106 604 202 94 9 3 0 0 13 158 200 605 44 3 1 0 0 4 146 200 638 33 3 
2 123 693 158 39 7 2 0 0 14 235 352 409 12 1 1 0 0 16 233 199 567 7 2 
0 65 613 189 107 39 10 1 0 6 146 378 453 34 7 0 0 0 7 145 243 611 17 1 
0 38 622 228 114 15 7 0 0 7 112 620 266 15 4 0 0 0 16 137 271 589 10 1 
1 59 600 166 111 56 22 9 0 16 125 641 161 59 18 4 0 2 29 157 272 529 29 6 
1 75 694 150 54 28 17 5 0 15 190 695 75 29 18 2 0 0 15 203 212 564 22 8 
1 51 689 216 56 11 0 0 0 9 171 760 73 10 1 0 0 0 16 215 310 476 7 0 
3 157 779 74 10 1 0 0 0 14 270 706 32 2 0 0 0 0 31 377 365 250 1 0 
4 127 751 108 34 0 0 0 0 20 238 722 44 0 0 0 0 0 47 366 408 203 0 0 
13 217 529 97 158 10 0 0 1 63 207 649 103 1 0 0 0 1 24 383 423 193 0 0 
19 231 583 43 135 13 0 0 0 59 332 531 99 3 0 0 0 0 59 435 376 153 1 0 
22 227 632 59 80 4 0 0 0 64 339 543 75 3 0 0 0 0 66 452 441 63 2 0 
12 265 572 88 69 15 2 1 0 64 391 486 71 9 0 3 0 0 84 479 417 37 4 3 
6 60 415 312 188 39 4 0 0 38 116 724 122 24 0 0 0 0 45 391 554 34 0 0 
6 173 235 337 269 4 0 0 0 91 190 575 164 4 0 0 0 0 101 402 445 76 0 0 
15 236 138 310 298 22 4 1 0 128 248 518 118 8 3 1 0 0 135 530 338 16 4 1 
38 130 193 663 0 0 0 0 10 60 143 152 659 0 0 0 0 19 96 136 130 566 77 0 
0 0 13 1011 0 0 0 0 0 0 0 0 1024 0 0 0 0 0 0 0 0 826 198 0 
0 0 5 1019 0 0 0 0 0 0 0 0 1024 0 0 0 0 0 0 0 0 769 255 0 
0 0 1 1023 0 0 0 0 0 0 0 0 1024 0 0 0 0 0 0 0 0 574 450 0 
0 0 15 1008 1 0 0 0 0 0 0 0 1020 4 0 0 0 0 0 0 0 499 525 0 
0 1 35 977 11 0 0 0 0 0 3 23 942 56 0 0 0 0 0 7 16 256 745 0 
3 97 259 477 146 30 7 5 0 10 201 266 403 124 13 7 0 0 12 207 304 163 327 11 
2 159 300 399 138 23 2 1 0 5 281 313 351 70 2 2 0 0 6 275 347 254 139 3 
2 159 302 421 107 22 7 4 0 13 276 302 378 41 10 4 0 0 14 256 327 333 86 8 
1 255 347 307 87 20 5 2 0 8 383 322 214 86 9 2 0 0 10 376 338 190 107 3 
3 136 293 249 185 122 35 1 0 29 238 321 249 145 41 1 0 0 33 275 396 231 82 7 
0 101 252 184 185 147 122 33 0 11 208 273 208 165 124 35 0 0 11 256 335 199 160 63 
1 88 226 211 212 210 68 8 0 18 175 278 229 231 85 8 0 0 24 237 295 317 131 20 
1 71 230 251 248 152 48 23 0 14 179 334 273 155 50 19 0 1 21 314 348 234 79 27 
12 185 303 239 157 90 27 11 1 50 326 299 202 100 32 14 0 1 75 398 296 180 51 23 
7 164 246 247 239 103 14 4 0 39 269 248 260 174 29 5 16 69 133 386 247 131 37 5 
14 223 289 248 134 62 36 18 0 54 348 305 169 83 46 19 11 46 129 435 242 78 64 19 
10 192 397 190 115 80 27 13 0 61 346 344 134 93 30 16 0 2 113 479 236 112 62 20 
19 194 432 227 98 38 16 0 0 75 351 360 167 49 19 3 0 2 96 588 224 76 29 9 
8 117 336 386 158 19 0 0 0 46 189 458 298 26 7 0 0 0 95 648 226 42 12 1 
9 70 404 313 204 19 4 1 1 20 184 503 295 15 5 1 0 1 62 798 139 16 6 2 
0 56 583 182 188 12 2 1 0 8 255 541 205 12 2 1 0 0 64 803 144 9 4 0 
1 54 499 329 87 34 15 5 1 10 266 597 103 24 16 7 0 2 77 759 126 33 17 10 
0 109 624 258 23 8 2 0 0 7 511 433 61 9 3 0 0 0 175 779 54 8 6 2 
13 203 741 50 12 3 1 1 0 31 684 289 14 4 1 1 0 1 205 774 34 8 1 1 
2 165 778 22 39 17 1 0 0 12 757 207 43 4 0 1 0 2 243 730 48 0 0 1 
58 168 655 83 44 15 1 0 2 108 554 304 50 4 2 0 0 8 338 611 59 6 2 0 
13 164 441 191 205 9 0 1 3 82 397 331 204 6 0 1 1 16 269 529 197 10 1 1 
18 150 521 159 173 3 0 0 0 97 371 382 173 1 0 0 0 2 394 449 177 2 0 0 
7 73 756 152 36 0 0 0 0 29 602 360 33 0 0 0 0 4 444 540 35 1 0 0 
40 297 451 177 39 10 7 3 2 180 515 272 34 11 8 2 0 20 468 485 29 12 8 2 
21 276 461 179 59 17 7 4 1 145 557 232 60 18 7 4 0 20 534 367 69 22 6 6 
235 181 156 452 0 0 0 0 159 162 130 81 492 0 0 0 119 147 122 78 64 483 11 0 
1 16 82 924 1 0 0 0 0 8 34 68 914 0 0 0 0 0 23 43 70 843 45 0 
0 0 58 966 0 0 0 0 0 0 0 4 1020 0 0 0 0 0 0 0 0 935 89 0 
0 0 129 895 0 0 0 0 0 0 0 7 1017 0 0 0 0 0 0 0 0 887 137 0 
0 0 233 791 0 0 0 0 0 0 0 24 1000 0 0 0 0 0 0 0 0 829 195 0 
0 0 70 949 4 1 0 0 0 0 0 32 978 13 1 0 0 0 0 1 13 602 408 0 
2 43 109 745 86 36 3 0 0 11 87 145 711 60 10 0 0 0 23 139 146 535 178 3 
64 167 430 219 75 66 3 0 0 112 341 396 103 69 3 0 0 1 77 669 175 90 11 1 
94 324 280 146 106 59 13 2 0 227 359 248 109 64 14 3 0 0 113 594 192 81 39 5 
2 142 384 178 306 10 2 0 0 25 305 504 178 9 3 0 0 1 120 708 171 20 3 1 
8 64 385 224 245 60 19 19 0 21 156 573 186 55 14 19 0 0 109 669 137 67 21 21 
0 29 528 288 128 45 4 2 0 3 165 656 170 26 3 1 0 0 66 768 137 46 6 1 
0 54 641 186 138 5 0 0 0 3 354 521 140 5 1 0 0 0 103 851 61 7 2 0 
0 75 627 189 131 2 0 0 0 2 396 497 128 1 0 0 0 0 162 805 57 0 0 0 
3 118 565 221 112 5 0 0 0 37 368 412 172 35 0 0 40 44 321 555 63 1 0 0 
0 74 402 372 125 49 2 0 0 22 253 448 215 83 3 0 139 242 299 271 49 23 1 0 
1 76 301 317 152 81 26 70 0 32 220 375 188 112 27 70 126 240 160 204 116 76 32 70 
20 175 303 138 93 55 77 163 0 59 311 226 122 64 84 158 0 3 92 391 214 70 88 166 
20 108 383 252 93 59 42 67 0 61 275 354 160 65 44 65 0 7 189 492 166 55 39 76 
9 151 507 273 83 1 0 0 0 59 359 446 153 7 0 0 0 7 273 647 90 7 0 0 
16 152 502 312 37 4 1 0 1 67 362 445 142 5 2 0 0 13 309 654 42 4 2 0 
0 107 551 241 89 18 15 3 0 33 425 404 127 11 15 9 0 4 314 622 45 17 11 11 
175 247 451 126 15 7 2 1 17 295 362 318 17 11 2 2 0 31 542 400 32 15 2 2 
100 345 463 74 29 6 5 2 3 248 549 172 36 9 2 5 0 18 624 321 41 13 3 4 
9 312 638 47 14 4 0 0 1 58 786 162 15 2 0 0 0 25 708 270 18 3 0 0 
4 358 601 29 11 12 4 5 0 32 905 50 16 8 7 6 0 3 835 148 14 10 8 6 
48 232 619 68 41 14 2 0 8 82 693 203 28 8 2 0 0 15 810 153 36 6 3 1 
1 324 563 64 62 10 0 0 0 16 734 235 39 0 0 0 0 4 839 149 32 0 0 0 
0 484 397 98 42 3 0 0 0 22 821 147 34 0 0 0 0 14 873 107 30 0 0 0 
19 712 130 70 83 10 0 0 0 83 793 100 48 0 0 0 0 39 837 119 29 0 0 0 
0 514 229 147 107 24 1 2 0 45 718 191 61 6 1 2 0 23 756 194 47 1 1 2 
1 460 297 180 53 29 4 0 1 61 719 183 44 13 2 1 0 42 715 227 28 9 2 1 
6 270 480 268 0 0 0 0 0 203 470 167 184 0 0 0 244 308 118 93 106 155 0 0 
26 114 275 582 27 0 0 0 22 92 224 438 248 0 0 0 7 214 351 193 172 87 0 0 
0 41 184 724 72 2 1 0 0 35 159 139 673 16 2 0 18 79 89 126 116 593 3 0 
0 31 362 581 50 0 0 0 0 9 267 176 569 3 0 0 0 1 216 225 80 499 3 0 
0 42 437 480 64 1 0 0 0 8 270 456 287 2 1 0 0 6 386 318 174 138 2 0 
15 198 437 291 69 13 1 0 0 83 388 280 254 18 1 0 0 6 327 350 130 193 18 0 
4 147 388 244 159 75 7 0 0 49 356 297 247 68 6 1 0 3 226 429 182 174 9 1 
27 312 318 157 148 57 4 1 2 170 400 290 139 21 1 1 0 19 320 482 185 16 1 1 
25 235 292 103 134 184 47 4 1 80 351 235 208 142 2 5 0 6 214 426 322 50 1 5 
7 113 406 127 131 235 4 1 6 66 344 244 248 114 1 1 16 97 316 338 247 8 1 1 
19 123 257 185 155 280 5 0 1 83 167 250 331 190 2 0 27 159 397 232 206 3 0 0 
0 48 360 88 127 359 37 5 0 14 231 271 224 272 8 4 0 12 219 375 384 22 10 2 
1 93 449 177 113 175 16 0 0 28 310 339 185 154 8 0 3 35 448 355 163 15 4 1 
12 212 628 90 57 16 7 2 0 82 533 311 73 15 7 3 0 54 658 259 38 7 7 1 
2 337 663 22 0 0 0 0 0 65 765 193 1 0 0 0 0 38 814 172 0 0 0 0 
11 152 467 277 99 16 1 1 0 44 374 343 213 46 3 1 228 280 439 68 6 1 1 1 
37 133 399 379 68 8 0 0 9 76 327 439 149 24 0 0 624 315 75 10 0 0 0 0 
145 263 383 115 83 20 13 2 6 229 505 116 111 37 17 3 9 121 646 172 48 20 7 1 
55 219 641 62 36 8 3 0 9 84 720 143 53 11 4 0 0 13 795 180 29 6 1 0 
120 356 453 72 17 3 2 1 9 230 598 158 17 9 2 1 0 45 786 161 23 4 4 1 
205 405 224 115 51 22 2 0 12 443 347 135 67 18 2 0 0 25 715 197 70 15 2 0 
65 218 497 188 56 0 0 0 9 117 470 356 71 1 0 0 1 86 652 264 19 2 0 0 
362 356 269 34 3 0 0 0 197 393 290 139 5 0 0 0 215 306 461 40 2 0 0 0 
195 314 416 66 19 11 3 0 115 233 462 173 24 13 4 0 74 206 594 114 19 12 4 1 
69 291 569 61 19 9 4 2 16 143 670 154 26 9 4 2 1 103 787 91 26 10 4 2 
30 349 528 81 32 4 0 0 21 154 617 200 31 1 0 0 48 160 727 77 12 0 0 0 
23 60 138 378 395 30 0 0 16 57 118 436 384 13 0 0 21 51 311 571 69 1 0 0 
4 26 77 612 247 43 8 7 6 29 73 517 357 31 4 7 8 49 286 579 71 20 5 6 
14 142 197 522 121 25 1 2 17 107 209 499 167 22 2 1 3 132 291 525 56 13 2 2 
46 280 249 303 136 7 1 2 18 154 344 331 164 8 3 2 3 251 323 407 30 7 2 1 
36 298 299 270 118 3 0 0 15 175 362 340 129 3 0 0 14 320 350 318 20 2 0 0 
3 57 173 486 204 83 14 4 0 53 206 495 207 49 12 2 1 77 228 545 130 34 8 1 
0 285 699 40 0 0 0 0 0 170 794 60 0 0 0 0 622 398 4 0 0 0 0 0 
79 239 601 105 0 0 0 0 41 256 577 150 0 0 0 0 361 509 153 1 0 0 0 0 
17 402 530 71 4 0 0 0 2 322 595 102 3 0 0 0 181 697 130 14 2 0 0 0 
0 30 347 521 120 6 0 0 0 17 302 618 83 4 0 0 0 106 587 278 48 5 0 0 
0 0 44 705 227 48 0 0 0 0 64 732 220 8 0 0 0 32 597 316 77 2 0 0 
0 0 1 326 221 439 37 0 0 0 5 442 371 205 1 0 0 0 10 421 519 74 0 0 
0 2 51 372 199 373 27 0 0 1 36 482 348 156 1 0 1 41 48 435 461 38 0 0 
0 10 109 293 299 282 22 9 0 4 66 433 377 125 10 9 1 69 50 413 423 48 11 9 
12 43 133 384 247 184 20 1 5 39 117 478 266 117 1 1 27 107 132 454 253 50 1 0 
100 202 279 273 103 60 7 0 82 194 262 285 157 42 2 0 354 271 202 127 63 7 0 0 
17 116 246 383 178 80 4 0 13 101 205 425 221 59 0 0 307 397 209 90 21 0 0 0 
2 89 354 370 144 61 4 0 0 77 348 406 152 41 0 0 186 404 185 217 25 7 0 0 
250 284 164 127 139 56 4 0 236 283 175 123 167 38 2 0 424 293 143 110 49 5 0 0 
0 104 282 286 247 89 12 4 0 62 275 325 273 76 9 4 139 215 368 170 93 29 6 4 
39 143 504 151 132 54 1 0 31 108 450 279 144 12 0 0 44 163 516 188 108 5 0 0 
0 36 433 361 167 27 0 0 0 20 330 407 227 31 9 0 412 279 322 11 0 0 0 0 
5 133 323 347 211 5 0 0 6 127 327 370 186 8 0 0 372 458 172 20 2 0 0 0 
64 186 339 265 167 3 0 0 38 154 294 342 193 3 0 0 271 345 286 117 5 0 0 0 
0 9 241 197 551 26 0 0 0 3 217 304 495 5 0 0 0 53 494 467 10 0 0 0 
0 7 47 184 708 76 2 0 0 6 44 242 708 24 0 0 0 5 281 696 38 4 0 0 
0 10 355 349 268 41 1 0 0 0 230 553 220 21 0 0 0 4 572 381 64 3 0 0 
143 103 564 120 62 31 1 0 129 82 419 307 62 25 0 0 142 99 618 127 30 8 0 0 
501 312 194 16 1 0 0 0 450 322 195 55 2 0 0 0 521 338 154 11 0 0 0 0 
557 306 139 15 6 1 0 0 511 318 152 38 4 1 0 0 605 298 103 16 1 1 0 0 
193 169 397 49 71 143 2 0 168 132 326 196 184 17 1 0 190 307 310 201 15 1 0 0 
72 350 386 109 53 54 0 0 66 331 387 144 93 3 0 0 297 406 207 102 12 0 0 0 
266 425 182 52 24 74 1 0 241 372 268 52 81 10 0 0 387 409 122 93 12 1 0 0 
271 504 196 26 16 11 0 0 226 399 334 44 20 1 0 0 383 496 107 32 6 0 0 0 
1 270 405 225 97 25 1 0 0 64 642 225 76 16 1 0 9 570 269 143 28 5 0 0 
1 114 344 288 187 77 13 0 2 75 437 320 143 45 2 0 25 316 353 262 51 17 0 0 
87 325 376 144 60 21 5 6 131 425 304 103 39 12 5 5 284 463 182 69 16 5 5 0 
149 177 160 217 248 61 10 2 208 163 164 291 168 22 6 2 227 184 237 293 65 16 2 0 
21 631 368 4 0 0 0 0 1 543 467 13 0 0 0 0 885 139 0 0 0 0 0 0 
173 658 190 3 0 0 0 0 112 714 196 2 0 0 0 0 806 218 0 0 0 0 0 0 
47 685 288 4 0 0 0 0 34 652 333 5 0 0 0 0 705 307 12 0 0 0 0 0 
5 267 557 165 30 0 0 0 5 248 571 176 24 0 0 0 102 664 230 28 0 0 0 0 
0 19 386 595 24 0 0 0 0 13 457 533 21 0 0 0 11 540 452 21 0 0 0 0 
0 8 355 490 163 8 0 0 0 10 259 614 134 7 0 0 145 566 236 46 31 0 0 0 
0 5 362 403 253 1 0 0 0 0 62 670 284 8 0 0 67 863 94 0 0 0 0 0 
13 64 232 417 283 15 0 0 3 43 134 588 254 2 0 0 111 643 250 20 0 0 0 0 
0 18 323 462 160 54 7 0 0 11 194 632 153 34 0 0 168 762 90 4 0 0 0 0 
17 193 330 283 162 38 1 0 18 181 336 323 145 21 0 0 520 469 35 0 0 0 0 0 
14 430 399 158 23 0 0 0 10 368 415 205 26 0 0 0 766 252 6 0 0 0 0 0 
16 149 596 227 33 3 0 0 17 131 633 214 26 3 0 0 603 400 18 3 0 0 0 0 
87 448 376 97 16 0 0 0 32 407 445 123 17 0 0 0 767 234 21 2 0 0 0 0 
321 395 190 65 37 13 3 0 222 449 237 85 26 5 0 0 663 236 80 37 8 0 0 0 
118 355 287 175 52 36 1 0 102 335 270 216 91 10 0 0 554 305 84 65 15 1 0 0 
0 26 189 377 284 146 2 0 0 30 168 370 375 81 0 0 376 357 135 140 16 0 0 0 
26 133 396 366 102 1 0 0 24 154 414 282 150 0 0 0 502 440 82 0 0 0 0 0 
161 312 316 174 50 7 4 0 111 305 308 222 65 8 5 0 719 254 39 11 1 0 0 0 
161 445 288 80 39 11 0 0 162 401 322 99 38 2 0 0 321 500 152 44 7 0 0 0 
296 204 232 155 124 13 0 0 277 181 225 250 89 2 0 0 323 187 299 183 32 0 0 0 
121 88 175 309 252 59 10 10 122 91 188 381 187 39 7 9 29 171 269 377 135 23 9 11 
556 273 109 59 25 2 0 0 539 293 103 68 20 1 0 0 573 296 88 56 11 0 0 0 
604 290 104 25 1 0 0 0 602 291 106 25 0 0 0 0 663 295 59 7 0 0 0 0 
677 245 68 29 5 0 0 0 679 255 65 23 2 0 0 0 715 245 51 13 0 0 0 0 
231 174 165 165 207 82 0 0 234 165 196 225 193 11 0 0 269 263 232 234 26 0 0 0 
183 441 329 66 5 0 0 0 181 455 311 71 6 0 0 0 487 433 96 8 0 0 0 0 
248 530 184 39 18 5 0 0 306 489 176 37 14 2 0 0 587 353 60 20 4 0 0 0 
632 316 64 11 1 0 0 0 649 298 66 11 0 0 0 0 785 202 32 5 0 0 0 0 
44 59 131 270 353 165 2 0 51 77 210 364 306 16 0 0 60 170 383 389 22 0 0 0 
0 11 79 275 346 301 12 0 1 32 178 370 415 28 0 0 4 73 409 523 15 0 0 0 
194 298 203 127 152 49 1 0 232 314 209 173 95 1 0 0 351 321 204 143 5 0 0 0 
263 308 245 185 23 0 0 0 310 327 250 130 7 0 0 0 398 335 239 51 1 0 0 0 
7 512 452 53 0 0 0 0 2 403 555 64 0 0 0 0 705 295 24 0 0 0 0 0 
214 505 261 44 0 0 0 0 168 528 292 36 0 0 0 0 766 248 10 0 0 0 0 0 
433 573 17 1 0 0 0 0 384 607 31 2 0 0 0 0 943 79 2 0 0 0 0 0 
250 448 261 62 3 0 0 0 264 501 218 40 1 0 0 0 667 294 62 1 0 0 0 0 
46 209 535 212 22 0 0 0 33 299 550 132 10 0 0 0 406 496 120 2 0 0 0 0 
183 478 319 44 0 0 0 0 118 526 345 35 0 0 0 0 687 335 2 0 0 0 0 0 
461 337 179 47 0 0 0 0 393 396 182 53 0 0 0 0 831 192 1 0 0 0 0 0 
18 376 394 226 10 0 0 0 16 378 420 208 2 0 0 0 471 469 82 2 0 0 0 0 
0 25 276 511 181 31 0 0 0 33 350 543 98 0 0 0 107 798 119 0 0 0 0 0 
0 87 495 389 48 5 0 0 0 94 526 364 36 4 0 0 167 705 152 0 0 0 0 0 
40 335 311 265 73 0 0 0 40 353 316 232 73 10 0 0 527 476 21 0 0 0 0 0 
12 100 314 359 230 9 0 0 12 118 295 331 251 17 0 0 620 359 35 9 1 0 0 0 
1 100 348 400 164 11 0 0 0 72 305 401 227 19 0 0 636 355 33 0 0 0 0 0 
25 139 333 388 131 8 0 0 15 141 403 368 94 3 0 0 315 458 231 18 2 0 0 0 
10 119 322 450 123 0 0 0 9 123 342 376 172 2 0 0 239 635 145 5 0 0 0 0 
11 105 261 386 220 41 0 0 21 116 295 376 191 25 0 0 450 425 139 10 0 0 0 0 
56 203 281 372 99 13 0 0 50 228 302 338 91 15 0 0 536 456 30 2 0 0 0 0 
23 172 345 358 108 16 2 0 15 140 319 336 193 20 1 0 727 270 22 5 0 0 0 0 
351 434 167 65 7 0 0 0 319 422 185 72 26 0 0 0 860 158 6 0 0 0 0 0 
302 389 254 69 9 1 0 0 274 363 271 102 13 1 0 0 562 381 75 5 1 0 0 0 
266 335 209 136 36 24 14 4 305 364 174 117 30 26 8 0 302 365 210 98 27 20 2 0 
607 273 119 17 8 0 0 0 593 275 133 14 9 0 0 0 703 277 33 6 5 0 0 0 
795 191 32 4 2 0 0 0 808 178 33 3 2 0 0 0 839 166 16 2 1 0 0 0 
696 198 92 24 14 0 0 0 700 211 82 28 3 0 0 0 758 191 57 16 2 0 0 0 
379 206 163 207 63 6 0 0 409 205 181 196 33 0 0 0 433 281 237 71 2 0 0 0 
168 371 401 81 2 1 0 0 185 381 374 82 1 1 0 0 483 469 70 1 1 0 0 0 
402 528 88 6 0 0 0 0 530 409 82 3 0 0 0 0 779 223 22 0 0 0 0 0 
799 194 28 1 2 0 0 0 806 191 24 1 2 0 0 0 880 134 7 3 0 0 0 0 
130 318 251 218 94 13 0 0 163 346 272 203 36 4 0 0 271 382 273 91 7 0 0 0 
19 79 251 392 252 31 0 0 26 159 363 383 93 0 0 0 54 289 487 191 3 0 0 0 
365 417 205 33 4 0 0 0 447 430 131 14 2 0 0 0 620 364 38 0 2 0 0 0 
525 273 145 75 6 0 0 0 592 261 139 32 0 0 0 0 615 281 117 11 0 0 0 0 
0 215 569 223 17 0 0 0 0 166 624 213 21 0 0 0 387 538 91 8 0 0 0 0 
94 590 318 22 0 0 0 0 40 539 421 24 0 0 0 0 678 332 14 0 0 0 0 0 
447 529 48 0 0 0 0 0 392 570 62 0 0 0 0 0 910 114 0 0 0 0 0 0 
465 447 101 11 0 0 0 0 506 462 50 6 0 0 0 0 910 112 2 0 0 0 0 0 
738 271 15 0 0 0 0 0 727 285 12 0 0 0 0 0 997 27 0 0 0 0 0 0 
985 39 0 0 0 0 0 0 962 62 0 0 0 0 0 0 1013 11 0 0 0 0 0 0 
1013 11 0 0 0 0 0 0 1012 12 0 0 0 0 0 0 1020 4 0 0 0 0 0 0 
335 618 69 2 0 0 0 0 308 665 51 0 0 0 0 0 927 97 0 0 0 0 0 0 
0 181 481 264 94 4 0 0 0 238 511 261 14 0 0 0 473 531 20 0 0 0 0 0 
0 0 46 599 378 1 0 0 0 0 71 640 313 0 0 0 3 154 818 49 0 0 0 0 
18 84 378 372 172 0 0 0 24 84 403 398 115 0 0 0 405 399 218 2 0 0 0 0 
0 41 239 611 121 12 0 0 0 53 404 456 102 9 0 0 396 549 79 0 0 0 0 0 
0 12 188 510 289 20 5 0 0 16 242 560 191 12 3 0 211 608 184 20 1 0 0 0 
0 13 305 578 126 2 0 0 0 36 400 495 92 1 0 0 222 682 116 4 0 0 0 0 
0 112 226 448 217 21 0 0 0 181 252 444 137 10 0 0 145 721 148 10 0 0 0 0 
0 65 368 393 182 16 0 0 1 116 343 368 186 10 0 0 382 484 157 1 0 0 0 0 
40 150 381 352 97 4 0 0 68 200 369 272 106 9 0 0 483 480 60 1 0 0 0 0 
3 85 370 409 148 9 0 0 5 80 317 430 177 15 0 0 568 344 94 16 2 0 0 0 
274 545 173 26 6 0 0 0 264 534 190 30 6 0 0 0 678 319 22 5 0 0 0 0 
508 422 87 7 0 0 0 0 454 442 118 10 0 0 0 0 666 331 27 0 0 0 0 0 
468 421 112 20 2 1 0 0 452 443 114 13 2 0 0 0 543 409 65 6 0 1 0 0 
607 308 93 16 0 0 0 0 615 301 93 15 0 0 0 0 726 256 41 1 0 0 0 0 
324 390 224 63 23 0 0 0 341 401 215 55 12 0 0 0 533 377 89 23 2 0 0 0 
528 319 112 55 9 1 0 0 525 320 129 46 4 0 0 0 666 267 80 10 1 0 0 0 
273 328 286 109 27 1 0 0 313 390 242 66 13 0 0 0 420 456 119 23 6 0 0 0 
160 379 397 86 2 0 0 0 193 367 375 87 2 0 0 0 541 430 51 2 0 0 0 0 
719 251 47 5 2 0 0 0 806 176 37 5 0 0 0 0 889 112 19 4 0 0 0 0 
689 246 65 21 3 0 0 0 713 237 64 10 0 0 0 0 841 150 33 0 0 0 0 0 
434 330 170 77 12 1 0 0 502 332 142 45 3 0 0 0 595 346 72 11 0 0 0 0 
84 405 348 130 55 2 0 0 161 488 272 101 2 0 0 0 306 546 166 6 0 0 0 0 
248 449 294 33 0 0 0 0 348 493 178 5 0 0 0 0 597 404 23 0 0 0 0 0 
551 241 137 81 14 0 0 0 624 219 125 52 4 0 0 0 653 237 112 19 3 0 0 0 
31 686 306 1 0 0 0 0 104 631 285 4 0 0 0 0 760 264 0 0 0 0 0 0 
9 847 161 7 0 0 0 0 15 845 157 7 0 0 0 0 869 148 7 0 0 0 0 0 
33 749 239 3 0 0 0 0 24 807 193 0 0 0 0 0 436 586 2 0 0 0 0 0 
306 541 166 11 0 0 0 0 363 544 109 8 0 0 0 0 822 190 12 0 0 0 0 0 
969 53 2 0 0 0 0 0 969 54 1 0 0 0 0 0 1013 11 0 0 0 0 0 0 
785 239 0 0 0 0 0 0 749 275 0 0 0 0 0 0 931 93 0 0 0 0 0 0 
1014 10 0 0 0 0 0 0 1011 13 0 0 0 0 0 0 1024 0 0 0 0 0 0 0 
612 412 0 0 0 0 0 0 563 461 0 0 0 0 0 0 1013 11 0 0 0 0 0 0 
304 635 85 0 0 0 0 0 327 613 84 0 0 0 0 0 711 313 0 0 0 0 0 0 
0 93 501 404 26 0 0 0 0 110 565 333 16 0 0 0 48 538 421 17 0 0 0 0 
1 544 372 100 7 0 0 0 0 599 349 70 6 0 0 0 518 449 54 3 0 0 0 0 
0 82 558 368 16 0 0 0 0 182 657 180 5 0 0 0 374 646 4 0 0 0 0 0 
0 83 272 512 156 1 0 0 1 107 296 477 134 9 0 0 493 464 62 5 0 0 0 0 
0 15 374 504 126 5 0 0 0 34 461 440 87 2 0 0 282 615 119 8 0 0 0 0 
0 0 45 681 288 10 0 0 0 0 148 737 136 3 0 0 106 669 236 13 0 0 0 0 
14 84 236 539 146 5 0 0 15 103 265 547 90 4 0 0 581 404 39 0 0 0 0 0 
0 9 186 446 376 7 0 0 0 17 191 451 349 16 0 0 306 570 140 8 0 0 0 0 
8 69 267 538 133 9 0 0 12 76 301 539 90 6 0 0 535 378 99 12 0 0 0 0 
182 304 353 152 27 6 0 0 158 229 341 241 51 4 0 0 948 67 9 0 0 0 0 0 
491 318 165 49 1 0 0 0 405 330 162 105 22 0 0 0 927 94 3 0 0 0 0 0 
426 334 214 50 0 0 0 0 397 328 224 73 2 0 0 0 766 243 15 0 0 0 0 0 
841 151 28 4 0 0 0 0 836 154 30 4 0 0 0 0 874 133 14 3 0 0 0 0 
570 346 100 8 0 0 0 0 549 354 110 11 0 0 0 0 730 265 28 1 0 0 0 0 
730 253 40 1 0 0 0 0 723 247 53 1 0 0 0 0 833 179 11 1 0 0 0 0 
547 290 157 30 0 0 0 0 554 308 150 12 0 0 0 0 720 278 24 2 0 0 0 0 
331 328 304 58 3 0 0 0 363 361 254 43 3 0 0 0 655 317 49 3 0 0 0 0 
746 251 26 1 0 0 0 0 837 170 16 1 0 0 0 0 908 111 5 0 0 0 0 0 
508 414 95 7 0 0 0 0 552 391 79 2 0 0 0 0 788 221 15 0 0 0 0 0 
757 188 59 17 3 0 0 0 776 191 48 7 2 0 0 0 848 143 31 2 0 0 0 0 
241 575 185 23 0 0 0 0 322 559 137 6 0 0 0 0 629 363 31 1 0 0 0 0 
119 601 286 18 0 0 0 0 233 636 148 7 0 0 0 0 544 464 16 0 0 0 0 0 
687 279 44 14 0 0 0 0 810 171 41 2 0 0 0 0 822 176 25 1 0 0 0 0 
521 487 16 0 0 0 0 0 750 266 8 0 0 0 0 0 1008 16 0 0 0 0 0 0 
194 773 57 0 0 0 0 0 470 546 8 0 0 0 0 0 999 25 0 0 0 0 0 0 
310 655 59 0 0 0 0 0 420 584 20 0 0 0 0 0 915 109 0 0 0 0 0 0 
165 774 79 6 0 0 0 0 282 697 41 4 0 0 0 0 671 346 5 2 0 0 0 0 
722 296 6 0 0 0 0 0 716 302 6 0 0 0 0 0 764 260 0 0 0 0 0 0 
983 41 0 0 0 0 0 0 973 51 0 0 0 0 0 0 1014 10 0 0 0 0 0 0 
1022 2 0 0 0 0 0 0 1018 6 0 0 0 0 0 0 1023 1 0 0 0 0 0 0 
1024 0 0 0 0 0 0 0 1022 2 0 0 0 0 0 0 1024 0 0 0 0 0 0 0 
614 354 54 2 0 0 0 0 686 281 55 2 0 0 0 0 943 81 0 0 0 0 0 0 
5 828 189 2 0 0 0 0 21 826 174 3 0 0 0 0 612 412 0 0 0 0 0 0 
6 604 402 12 0 0 0 0 7 689 327 1 0 0 0 0 399 625 0 0 0 0 0 0 
42 384 584 14 0 0 0 0 33 615 375 1 0 0 0 0 549 475 0 0 0 0 0 0 
126 446 290 144 18 0 0 0 153 482 286 100 3 0 0 0 658 322 44 0 0 0 0 0 
39 257 442 277 9 0 0 0 67 325 435 193 4 0 0 0 594 398 32 0 0 0 0 0 
0 86 333 492 113 0 0 0 0 68 362 525 69 0 0 0 87 831 106 0 0 0 0 0 
0 133 465 330 95 1 0 0 0 115 497 354 58 0 0 0 262 697 65 0 0 0 0 0 
0 0 140 661 219 4 0 0 0 0 138 684 199 3 0 0 45 626 349 4 0 0 0 0 
6 95 407 435 80 1 0 0 2 98 411 435 77 1 0 0 103 733 187 1 0 0 0 0 
251 321 200 211 41 0 0 0 260 289 226 206 43 0 0 0 692 296 36 0 0 0 0 0 
144 357 366 126 31 0 0 0 134 343 364 155 26 2 0 0 779 210 35 0 0 0 0 0 
192 411 368 45 8 0 0 0 221 452 293 44 14 0 0 0 775 244 5 0 0 0 0 0 
537 214 65 41 88 60 19 0 579 197 62 80 90 16 0 0 876 129 14 5 0 0 0 0 
389 257 120 96 101 54 7 0 402 263 137 141 79 2 0 0 785 205 29 3 2 0 0 0 
558 266 167 21 7 2 1 2 592 271 135 17 4 2 2 1 711 261 33 12 4 1 2 0 
493 293 188 42 7 1 0 0 509 295 184 29 6 1 0 0 592 322 94 13 3 0 0 0 
297 369 293 63 2 0 0 0 381 382 235 26 0 0 0 0 692 301 31 0 0 0 0 0 
309 575 119 17 4 0 0 0 563 397 55 7 2 0 0 0 767 228 24 4 1 0 0 0 
302 375 185 88 69 5 0 0 344 379 184 68 48 1 0 0 571 407 41 5 0 0 0 0 
585 389 49 1 0 0 0 0 659 320 43 2 0 0 0 0 861 157 6 0 0 0 0 0 
346 540 131 7 0 0 0 0 450 463 109 2 0 0 0 0 846 174 4 0 0 0 0 0 
306 546 163 9 0 0 0 0 458 482 84 0 0 0 0 0 686 329 9 0 0 0 0 0 
879 145 0 0 0 0 0 0 963 61 0 0 0 0 0 0 944 80 0 0 0 0 0 0 
440 134 90 271 81 8 0 0 496 97 209 208 14 0 0 0 561 213 238 12 0 0 0 0 
360 277 61 126 173 24 3 0 576 82 104 210 41 11 0 0 621 133 224 39 7 0 0 0 
559 382 73 10 0 0 0 0 808 156 57 3 0 0 0 0 845 157 22 0 0 0 0 0 
883 141 0 0 0 0 0 0 896 128 0 0 0 0 0 0 877 147 0 0 0 0 0 0 
801 216 7 0 0 0 0 0 839 183 2 0 0 0 0 0 761 259 4 0 0 0 0 0 
770 254 0 0 0 0 0 0 945 79 0 0 0 0 0 0 898 126 0 0 0 0 0 0 
902 122 0 0 0 0 0 0 1012 12 0 0 0 0 0 0 1021 3 0 0 0 0 0 0 
1024 0 0 0 0 0 0 0 1024 0 0 0 0 0 0 0 1024 0 0 0 0 0 0 0 
697 311 16 0 0 0 0 0 761 247 16 0 0 0 0 0 990 34 0 0 0 0 0 0 
270 743 11 0 0 0 0 0 476 539 9 0 0 0 0 0 963 61 0 0 0 0 0 0 
17 742 230 35 0 0 0 0 43 783 192 6 0 0 0 0 565 459 0 0 0 0 0 0 
538 383 102 1 0 0 0 0 602 359 63 0 0 0 0 0 913 111 0 0 0 0 0 0 
856 167 1 0 0 0 0 0 871 153 0 0 0 0 0 0 1003 21 0 0 0 0 0 0 
109 715 180 20 0 0 0 0 85 715 203 20 1 0 0 0 862 162 0 0 0 0 0 0 
182 685 151 6 0 0 0 0 128 737 153 6 0 0 0 0 660 363 1 0 0 0 0 0 
65 707 242 10 0 0 0 0 18 759 237 10 0 0 0 0 634 387 3 0 0 0 0 0 
23 306 460 194 37 4 0 0 9 351 487 166 11 0 0 0 484 478 62 0 0 0 0 0 
13 144 524 285 58 0 0 0 13 169 612 219 11 0 0 0 367 585 67 5 0 0 0 0 
105 254 458 198 9 0 0 0 144 263 476 141 0 0 0 0 438 535 50 1 0 0 0 0 
22 147 319 425 111 0 0 0 27 138 320 446 93 0 0 0 387 416 221 0 0 0 0 0 
0 132 398 382 77 35 0 0 0 116 452 364 85 7 0 0 735 273 16 0 0 0 0 0 
2 33 70 351 422 113 33 0 2 50 110 496 330 36 0 0 563 297 163 1 0 0 0 0 
1 98 313 266 173 132 40 1 1 132 308 323 196 64 0 0 487 457 80 0 0 0 0 0 
3 36 345 347 129 133 31 0 4 65 425 320 171 39 0 0 860 161 3 0 0 0 0 0 
44 226 289 257 139 52 15 2 54 280 308 260 104 10 6 2 763 216 26 8 3 7 0 1 
48 126 281 266 247 51 5 0 97 228 291 272 128 8 0 0 324 563 131 5 1 0 0 0 
88 211 308 288 120 8 1 0 172 266 309 223 49 5 0 0 370 530 108 11 5 0 0 0 
0 9 123 415 383 92 2 0 0 25 137 442 399 21 0 0 232 618 173 1 0 0 0 0 
114 467 313 105 24 1 0 0 126 469 314 100 15 0 0 0 768 243 13 0 0 0 0 0 
225 529 98 76 92 4 0 0 361 436 96 85 45 1 0 0 902 122 0 0 0 0 0 0 
407 535 80 2 0 0 0 0 588 416 20 0 0 0 0 0 817 205 2 0 0 0 0 0 
926 95 3 0 0 0 0 0 971 53 0 0 0 0 0 0 995 29 0 0 0 0 0 0 
0 0 26 313 452 230 3 0 0 1 217 438 346 22 0 0 0 69 504 435 16 0 0 0 
0 2 70 354 516 82 0 0 0 52 218 541 213 0 0 0 2 113 522 377 10 0 0 0 
0 4 65 363 531 61 0 0 1 18 153 646 194 12 0 0 0 27 439 544 14 0 0 0 
213 94 153 202 317 45 0 0 226 101 198 319 165 15 0 0 174 171 293 357 29 0 0 0 
382 238 120 160 124 0 0 0 462 193 133 197 39 0 0 0 236 412 251 125 0 0 0 0 
413 403 151 57 0 0 0 0 552 331 112 29 0 0 0 0 361 553 107 3 0 0 0 0 
796 198 29 1 0 0 0 0 889 119 16 0 0 0 0 0 765 245 14 0 0 0 0 0 
1008 16 0 0 0 0 0 0 1017 7 0 0 0 0 0 0 932 92 0 0 0 0 0 0 
940 84 0 0 0 0 0 0 961 63 0 0 0 0 0 0 1005 19 0 0 0 0 0 0 
967 57 0 0 0 0 0 0 999 25 0 0 0 0 0 0 995 27 2 0 0 0 0 0 
340 551 132 1 0 0 0 0 506 490 28 0 0 0 0 0 863 161 0 0 0 0 0 0 
753 271 0 0 0 0 0 0 926 98 0 0 0 0 0 0 1023 1 0 0 0 0 0 0 
1024 0 0 0 0 0 0 0 1024 0 0 0 0 0 0 0 1024 0 0 0 0 0 0 0 
454 524 46 0 0 0 0 0 482 505 37 0 0 0 0 0 955 69 0 0 0 0 0 0 
457 549 18 0 0 0 0 0 384 617 23 0 0 0 0 0 892 131 1 0 0 0 0 0 
392 595 37 0 0 0 0 0 400 605 19 0 0 0 0 0 923 101 0 0 0 0 0 0 
82 626 298 18 0 0 0 0 89 688 235 12 0 0 0 0 452 563 9 0 0 0 0 0 
0 344 566 114 0 0 0 0 14 494 485 31 0 0 0 0 543 471 10 0 0 0 0 0 
0 116 410 395 100 3 0 0 0 170 434 369 51 0 0 0 540 373 109 2 0 0 0 0 
0 27 193 589 211 4 0 0 1 46 208 601 163 5 0 0 341 299 323 61 0 0 0 0 
0 18 108 423 445 30 0 0 0 29 112 488 375 20 0 0 224 366 311 100 19 4 0 0 
0 0 231 631 162 0 0 0 0 0 276 601 147 0 0 0 17 243 633 130 1 0 0 0 
0 6 188 595 235 0 0 0 0 5 190 674 155 0 0 0 15 230 763 16 0 0 0 0 
0 10 148 417 449 0 0 0 0 7 160 524 333 0 0 0 83 352 581 8 0 0 0 0 
0 60 104 651 193 16 0 0 0 59 174 662 125 4 0 0 199 491 329 5 0 0 0 0 
0 6 196 500 242 80 0 0 0 9 245 567 200 3 0 0 87 749 184 4 0 0 0 0 
0 28 222 395 354 24 1 0 0 70 252 462 231 9 0 0 290 640 92 2 0 0 0 0 
0 14 136 346 475 53 0 0 0 13 140 363 475 33 0 0 34 388 550 52 0 0 0 0 
0 140 242 328 312 2 0 0 0 150 251 370 253 0 0 0 391 394 237 2 0 0 0 0 
4 67 209 423 319 2 0 0 16 59 261 447 241 0 0 0 132 645 247 0 0 0 0 0 
126 286 194 279 126 13 0 0 222 252 173 319 58 0 0 0 433 533 58 0 0 0 0 0 
634 288 67 15 20 0 0 0 713 246 40 25 0 0 0 0 909 115 0 0 0 0 0 0 
