0 63 471 490 0 0 0 0 0 0 60 166 798 0 0 0 0 0 0 64 31 929 0 0 
0 64 364 596 0 0 0 0 0 0 63 45 916 0 0 0 0 0 0 64 32 927 1 0 
0 48 260 716 0 0 0 0 0 0 39 36 949 0 0 0 0 0 0 53 13 948 10 0 
0 33 109 882 0 0 0 0 0 0 32 32 949 11 0 0 0 0 0 41 23 916 44 0 
0 33 111 880 0 0 0 0 0 0 32 32 922 38 0 0 0 0 0 35 29 885 75 0 
0 37 115 872 0 0 0 0 0 0 32 32 917 43 0 0 0 0 0 39 25 834 126 0 
0 32 50 942 0 0 0 0 0 0 32 32 822 138 0 0 0 0 0 41 23 773 187 0 
0 18 45 885 76 0 0 0 0 0 22 42 650 310 0 0 0 0 0 36 28 685 275 0 
0 0 0 493 119 22 20 370 0 0 0 0 282 332 26 384 0 0 0 0 0 423 595 6 
0 0 0 524 343 27 16 114 0 0 0 0 230 621 50 123 0 0 0 0 0 274 742 8 
0 0 0 493 530 1 0 0 0 0 0 0 129 861 34 0 0 0 0 0 0 131 893 0 
0 0 0 435 571 6 4 8 0 0 0 0 39 901 74 10 0 0 0 0 0 64 954 6 
0 0 0 390 600 18 6 10 0 0 0 0 27 877 104 16 0 0 0 0 0 35 978 11 
0 0 0 389 621 14 0 0 0 0 0 0 19 913 92 0 0 0 0 0 0 14 1010 0 
0 0 0 218 292 227 238 49 0 0 0 0 2 417 374 231 0 0 0 0 0 20 1004 0 
0 0 0 53 227 112 255 377 0 0 0 0 0 273 227 524 0 0 0 0 0 17 1007 0 
0 0 0 0 0 21 183 820 0 0 0 0 0 5 188 831 0 0 0 0 1 538 485 0 
0 0 0 0 6 37 42 939 0 0 0 0 0 0 55 969 0 0 0 0 0 81 763 180 
0 1 0 1 154 182 75 611 0 0 1 0 1 5 342 675 0 0 0 1 0 4 834 185 
0 0 0 0 71 121 38 794 0 0 0 0 0 2 192 830 0 0 0 0 0 5 825 194 
0 0 0 0 16 135 91 782 0 0 0 0 0 0 186 838 0 0 0 0 0 150 802 72 
0 0 0 0 145 182 232 465 0 0 0 0 0 2 341 681 0 0 0 0 0 0 996 28 
0 0 0 0 26 398 95 505 0 0 0 0 0 0 429 595 0 0 0 0 0 2 953 69 
0 0 0 0 0 202 347 475 0 0 0 0 0 0 135 889 0 0 0 0 0 0 951 73 
15 57 67 62 36 381 266 140 1 68 70 62 8 337 340 138 61 76 67 7 220 572 21 0 
0 0 88 63 14 7 74 778 0 0 77 77 11 8 84 767 0 34 123 9 9 401 432 16 
0 0 2 0 2 13 166 841 0 0 2 0 2 0 199 821 0 1 1 2 3 640 377 0 
0 0 0 0 0 16 156 852 0 0 0 0 0 3 190 831 0 0 0 0 7 666 351 0 
0 0 0 0 0 0 160 864 0 0 0 0 0 0 163 861 0 0 0 0 0 466 558 0 
0 0 0 0 0 0 78 946 0 0 0 0 0 0 37 987 0 0 0 0 0 135 863 26 
0 0 0 0 0 0 94 930 0 0 0 0 0 0 14 1010 0 0 0 0 0 93 858 73 
0 0 0 0 0 0 39 985 0 0 0 0 0 0 0 1024 0 0 0 0 0 29 914 81 
93 500 349 82 0 0 0 0 43 374 558 49 0 0 0 0 869 151 4 0 0 0 0 0 
186 446 289 95 8 0 0 0 64 445 391 117 7 0 0 0 620 322 82 0 0 0 0 0 
25 192 515 140 31 25 63 33 7 111 552 211 22 23 77 21 99 637 152 19 44 73 0 0 
0 13 378 399 50 114 67 3 0 1 260 490 82 117 71 3 1 324 330 167 146 56 0 0 
0 1 315 434 72 134 47 21 0 0 83 578 130 161 54 18 0 44 486 240 147 107 0 0 
0 1 266 395 108 150 76 28 0 1 113 432 199 135 116 28 1 42 329 358 64 210 19 1 
0 0 173 466 89 114 128 54 0 0 20 444 260 61 185 54 2 185 140 331 91 258 17 0 
0 4 66 276 129 116 178 255 0 3 33 277 147 103 181 280 8 159 157 182 55 278 185 0 
972 51 1 0 0 0 0 0 900 123 1 0 0 0 0 0 1024 0 0 0 0 0 0 0 
861 144 19 0 0 0 0 0 759 221 44 0 0 0 0 0 1014 10 0 0 0 0 0 0 
663 195 163 3 0 0 0 0 581 232 206 5 0 0 0 0 896 124 3 1 0 0 0 0 
386 322 243 67 5 1 0 0 302 318 283 104 16 1 0 0 631 303 55 34 1 0 0 0 
232 333 258 151 42 7 1 0 154 336 258 217 44 14 1 0 505 255 180 70 13 1 0 0 
63 162 336 373 83 7 0 0 18 143 288 432 123 20 0 0 185 301 175 281 81 1 0 0 
22 96 298 531 77 0 0 0 2 93 153 611 165 0 0 0 105 323 52 443 101 0 0 0 
88 287 108 490 51 0 0 0 3 361 34 407 213 6 0 0 260 209 5 414 136 0 0 0 
692 319 13 0 0 0 0 0 473 484 67 0 0 0 0 0 1024 0 0 0 0 0 0 0 
421 517 74 12 0 0 0 0 277 557 172 17 1 0 0 0 993 14 13 4 0 0 0 0 
496 487 41 0 0 0 0 0 345 484 193 2 0 0 0 0 1004 20 0 0 0 0 0 0 
442 527 53 2 0 0 0 0 311 533 177 3 0 0 0 0 1005 17 2 0 0 0 0 0 
438 465 117 4 0 0 0 0 335 479 192 18 0 0 0 0 1018 5 1 0 0 0 0 0 
351 634 37 2 0 0 0 0 255 714 51 4 0 0 0 0 1017 6 1 0 0 0 0 0 
430 488 57 49 0 0 0 0 270 620 63 71 0 0 0 0 908 35 18 63 0 0 0 0 
135 179 171 418 112 9 0 0 70 204 61 442 218 28 1 0 310 16 32 575 89 2 0 0 
136 639 225 23 1 0 0 0 98 679 233 14 0 0 0 0 1024 0 0 0 0 0 0 0 
92 467 251 195 19 0 0 0 45 512 354 113 0 0 0 0 1024 0 0 0 0 0 0 0 
152 452 182 222 16 0 0 0 59 512 293 159 1 0 0 0 1023 1 0 0 0 0 0 0 
58 369 419 177 1 0 0 0 4 326 630 64 0 0 0 0 1022 2 0 0 0 0 0 0 
16 447 493 68 0 0 0 0 1 243 683 97 0 0 0 0 1019 5 0 0 0 0 0 0 
104 367 498 55 0 0 0 0 49 269 547 157 2 0 0 0 1019 5 0 0 0 0 0 0 
114 275 543 90 2 0 0 0 70 172 533 242 7 0 0 0 1016 8 0 0 0 0 0 0 
23 175 675 142 9 0 0 0 13 99 578 313 21 0 0 0 996 12 4 12 0 0 0 0 
