0 0 0 250 774 0 0 0 0 0 0 0 0 365 659 0 0 0 0 0 0 0 0 1024 
0 0 0 0 862 162 0 0 0 0 0 0 0 0 1024 0 0 0 0 0 0 0 0 1024 
0 0 0 0 569 284 144 27 0 0 0 0 0 0 874 150 0 0 0 0 0 0 0 1024 
0 0 0 0 84 161 435 344 0 0 0 0 0 0 245 779 0 0 0 0 0 0 0 1024 
0 0 0 0 0 31 644 349 0 0 0 0 0 0 34 990 0 0 0 0 0 0 0 1024 
0 0 0 0 0 48 891 85 0 0 0 0 0 0 55 969 0 0 0 0 0 0 0 1024 
0 0 0 0 231 358 435 0 0 0 0 0 0 0 569 455 0 0 0 0 0 0 0 1024 
0 0 0 0 776 248 0 0 0 0 0 0 0 0 1024 0 0 0 0 0 0 0 0 1024 
0 0 0 0 1024 0 0 0 0 0 0 0 0 0 1024 0 0 0 0 0 0 0 0 1024 
0 0 0 0 1024 0 0 0 0 0 0 0 0 0 1024 0 0 0 0 0 0 0 0 1024 
0 0 0 0 1024 0 0 0 0 0 0 0 0 0 1024 0 0 0 0 0 0 0 0 1024 
0 0 0 0 1024 0 0 0 0 0 0 0 0 0 1024 0 0 0 0 0 0 0 0 1024 
0 0 0 0 1024 0 0 0 0 0 0 0 0 0 1024 0 0 0 0 0 0 0 0 1024 
0 0 0 0 773 209 42 0 0 0 0 0 0 0 959 65 0 0 0 0 0 0 0 1024 
0 0 0 0 362 356 277 29 0 0 0 0 0 0 636 388 0 0 0 0 0 0 0 1024 
0 0 0 0 30 862 132 0 0 0 0 0 0 0 570 454 0 0 0 0 0 0 0 1024 
0 0 0 0 371 650 3 0 0 0 0 0 0 0 975 49 0 0 0 0 0 0 0 1024 
0 0 0 0 788 236 0 0 0 0 0 0 0 0 1024 0 0 0 0 0 0 0 0 1024 
0 0 0 0 740 284 0 0 0 0 0 0 0 0 1023 1 0 0 0 0 0 0 0 1024 
0 0 0 0 567 457 0 0 0 0 0 0 0 0 1024 0 0 0 0 0 0 0 0 1024 
0 0 0 0 448 576 0 0 0 0 0 0 0 0 1024 0 0 0 0 0 0 0 0 1024 
0 0 0 0 406 586 0 0 0 0 0 0 0 0 992 0 0 0 0 0 0 0 0 992 
0 0 0 416 608 0 0 0 0 0 0 0 0 72 952 0 0 0 0 0 0 0 0 1024 
0 0 0 0 1024 0 0 0 0 0 0 0 0 0 1024 0 0 0 0 0 0 0 0 1024 
0 0 0 0 1024 0 0 0 0 0 0 0 0 0 1024 0 0 0 0 0 0 0 0 1024 
0 0 0 0 959 65 0 0 0 0 0 0 0 0 1024 0 0 0 0 0 0 0 0 1024 
0 0 0 0 653 289 82 0 0 0 0 0 0 0 924 100 0 0 0 0 0 0 0 1024 
0 0 0 0 56 458 510 0 0 0 0 0 0 0 446 578 0 0 0 0 0 0 0 1024 
0 0 0 0 4 287 733 0 0 0 0 0 0 0 175 849 0 0 0 0 0 0 0 1024 
0 0 0 0 245 617 162 0 0 0 0 0 0 0 777 247 0 0 0 0 0 0 0 1024 
0 0 0 0 955 69 0 0 0 0 0 0 0 0 1024 0 0 0 0 0 0 0 0 1024 
0 0 0 0 792 232 0 0 0 0 0 0 0 0 1010 14 0 0 0 0 0 0 0 1024 
0 0 0 0 684 340 0 0 0 0 0 0 0 0 1024 0 0 0 0 0 0 0 0 1024 
0 0 0 0 742 282 0 0 0 0 0 0 0 0 942 82 0 0 0 0 0 0 0 1024 
0 0 0 0 808 216 0 0 0 0 0 0 0 0 1008 16 0 0 0 0 0 0 0 1024 
0 0 0 0 33 832 159 0 0 0 0 0 0 0 628 396 0 0 0 0 0 0 0 1024 
0 0 0 0 0 93 511 420 0 0 0 0 0 0 3 1021 0 0 0 0 0 0 0 1024 
0 0 0 0 0 18 879 127 0 0 0 0 0 0 0 1024 0 0 0 0 0 0 0 1024 
0 0 0 0 0 701 323 0 0 0 0 0 0 0 103 921 0 0 0 0 0 0 0 1024 
0 0 0 0 0 1020 4 0 0 0 0 0 0 0 300 724 0 0 0 0 0 0 0 1024 
0 0 0 0 0 1024 0 0 0 0 0 0 0 0 450 574 0 0 0 0 0 0 0 1024 
0 0 0 0 0 1024 0 0 0 0 0 0 0 0 512 512 0 0 0 0 0 0 0 1024 
0 0 0 0 0 1024 0 0 0 0 0 0 0 0 474 550 0 0 0 0 0 0 0 1024 
0 0 0 0 0 992 0 0 0 0 0 0 0 0 454 538 0 0 0 0 0 0 0 992 
0 0 0 13 1011 0 0 0 0 0 0 0 0 0 1024 0 0 0 0 0 0 0 0 1024 
0 0 0 0 1024 0 0 0 0 0 0 0 0 0 1024 0 0 0 0 0 0 0 0 1024 
0 0 0 0 1024 0 0 0 0 0 0 0 0 0 1024 0 0 0 0 0 0 0 0 1024 
0 0 0 0 1024 0 0 0 0 0 0 0 0 0 1024 0 0 0 0 0 0 0 0 1024 
0 0 0 0 1024 0 0 0 0 0 0 0 0 0 1024 0 0 0 0 0 0 0 0 1024 
0 0 0 0 735 289 0 0 0 0 0 0 0 0 1024 0 0 0 0 0 0 0 0 1024 
0 0 0 0 82 942 0 0 0 0 0 0 0 0 1005 19 0 0 0 0 0 0 0 1024 
0 0 0 2 5 643 374 0 0 0 0 0 0 2 506 516 0 0 0 0 0 0 2 1022 
0 0 0 2 29 182 804 7 0 0 0 0 3 1 149 871 0 0 0 0 0 2 2 1020 
0 0 0 0 4 187 779 54 0 0 0 0 0 0 88 936 0 0 0 0 0 0 0 1024 
0 0 0 0 0 758 266 0 0 0 0 0 0 0 512 512 0 0 0 0 0 0 0 1024 
0 0 0 0 0 773 251 0 0 0 0 0 0 0 321 703 0 0 0 0 0 0 0 1024 
0 0 0 0 0 262 762 0 0 0 0 0 0 0 101 923 0 0 0 0 0 0 0 1024 
0 0 0 0 0 630 391 3 0 0 0 0 0 0 245 779 0 0 0 0 0 0 0 1024 
0 0 0 0 0 156 784 84 0 0 0 0 0 0 0 1024 0 0 0 0 0 0 0 1024 
0 0 0 0 0 0 597 427 0 0 0 0 0 0 0 1024 0 0 0 0 0 0 0 1024 
0 0 0 0 0 36 600 388 0 0 0 0 0 0 0 1024 0 0 0 0 0 0 0 1024 
0 0 0 0 0 208 484 332 0 0 0 0 0 0 0 1024 0 0 0 0 0 0 0 1024 
0 0 0 0 0 355 522 147 0 0 0 0 0 0 0 1024 0 0 0 0 0 0 0 1024 
0 0 0 0 0 611 364 49 0 0 0 0 0 0 0 1024 0 0 0 0 0 0 0 1024 
0 0 0 0 0 801 223 0 0 0 0 0 0 0 0 1024 0 0 0 0 0 0 0 1024 
0 0 0 0 0 855 137 0 0 0 0 0 0 0 0 992 0 0 0 0 0 0 0 992 
0 0 0 0 1024 0 0 0 0 0 0 0 0 0 1024 0 0 0 0 0 0 0 0 1024 
0 0 0 0 1024 0 0 0 0 0 0 0 0 0 1024 0 0 0 0 0 0 0 0 1024 
0 0 0 0 1024 0 0 0 0 0 0 0 0 0 1024 0 0 0 0 0 0 0 0 1024 
0 0 0 0 904 120 0 0 0 0 0 0 0 0 1024 0 0 0 0 0 0 0 0 1024 
0 0 0 0 768 256 0 0 0 0 0 0 0 0 1024 0 0 0 0 0 0 0 0 1024 
0 0 0 0 429 595 0 0 0 0 0 0 0 0 1024 0 0 0 0 0 0 0 0 1024 
0 0 116 31 58 819 0 0 0 0 0 49 89 13 834 39 0 0 0 0 11 123 15 875 
0 1 554 195 26 248 0 0 0 0 0 191 548 16 235 34 0 0 0 0 27 690 36 271 
0 0 355 374 79 113 73 30 0 0 0 294 448 91 71 120 0 0 0 0 126 624 94 180 
0 0 30 221 128 434 190 21 0 0 0 19 228 136 179 462 0 0 0 0 13 195 189 627 
0 0 4 39 43 418 499 21 0 0 0 4 23 52 62 883 0 0 0 0 1 24 56 943 
0 0 0 0 0 287 737 0 0 0 0 0 0 0 0 1024 0 0 0 0 0 0 0 1024 
0 0 0 0 0 16 1005 3 0 0 0 0 0 0 0 1024 0 0 0 0 0 0 0 1024 
0 0 0 0 0 32 918 74 0 0 0 0 0 0 0 1024 0 0 0 0 0 0 0 1024 
0 0 0 0 0 21 747 256 0 0 0 0 0 0 0 1024 0 0 0 0 0 0 0 1024 
0 0 0 0 0 0 533 491 0 0 0 0 0 0 0 1024 0 0 0 0 0 0 0 1024 
0 0 0 0 0 0 293 731 0 0 0 0 0 0 0 1024 0 0 0 0 0 0 0 1024 
0 0 0 0 0 0 18 1006 0 0 0 0 0 0 0 1024 0 0 0 0 0 0 0 1024 
0 0 0 0 0 0 14 1010 0 0 0 0 0 0 0 1024 0 0 0 0 0 0 0 1024 
0 0 0 0 0 0 479 545 0 0 0 0 0 0 0 1024 0 0 0 0 0 0 0 1024 
0 0 0 0 0 80 944 0 0 0 0 0 0 0 0 1024 0 0 0 0 0 0 0 1024 
0 0 0 0 0 113 879 0 0 0 0 0 0 0 0 992 0 0 0 0 0 0 0 992 
0 0 0 0 584 326 114 0 0 0 0 0 0 0 876 148 0 0 0 0 0 0 0 1024 
0 0 0 0 512 494 18 0 0 0 0 0 0 0 963 61 0 0 0 0 0 0 0 1024 
0 2 167 25 433 397 0 0 0 0 0 63 125 15 786 35 0 0 0 0 9 175 17 823 
0 0 335 234 54 401 0 0 0 0 0 77 467 34 412 34 0 0 0 0 2 455 118 449 
0 0 276 340 19 385 4 0 0 0 0 44 556 23 267 134 0 0 0 0 0 489 133 402 
0 0 287 496 73 154 11 3 0 0 0 86 630 132 97 79 0 0 0 0 15 459 371 179 
0 1 589 405 18 11 0 0 0 0 0 357 583 70 9 5 0 0 0 0 125 678 204 17 
0 0 864 160 0 0 0 0 0 0 0 694 328 2 0 0 0 0 0 0 372 635 17 0 
0 0 932 31 21 10 16 14 0 0 0 897 73 21 9 24 0 0 0 0 661 319 15 29 
0 0 270 161 154 143 163 133 0 0 0 260 226 173 177 188 0 0 0 1 233 296 219 275 
0 0 123 354 208 170 114 55 0 0 0 63 444 254 160 103 0 0 0 0 55 423 349 197 
0 0 25 129 87 446 121 216 0 0 0 8 144 102 110 660 0 0 0 0 7 135 152 730 
0 0 0 0 1 322 618 83 0 0 0 0 0 4 11 1009 0 0 0 0 0 3 7 1014 
0 0 0 0 0 0 1024 0 0 0 0 0 0 0 0 1024 0 0 0 0 0 0 0 1024 
0 0 0 0 0 0 1024 0 0 0 0 0 0 0 0 1024 0 0 0 0 0 0 0 1024 
0 0 0 0 0 0 1024 0 0 0 0 0 0 0 0 1024 0 0 0 0 0 0 0 1024 
0 0 0 0 0 0 1024 0 0 0 0 0 0 0 0 1024 0 0 0 0 0 0 0 1024 
0 0 0 0 0 0 984 40 0 0 0 0 0 0 0 1024 0 0 0 0 0 0 0 1024 
0 0 0 0 0 0 794 230 0 0 0 0 0 0 0 1024 0 0 0 0 0 0 0 1024 
0 0 0 0 0 0 881 143 0 0 0 0 0 0 0 1024 0 0 0 0 0 0 0 1024 
0 0 0 0 0 0 776 248 0 0 0 0 0 0 0 1024 0 0 0 0 0 0 0 1024 
0 0 0 0 0 0 731 261 0 0 0 0 0 0 0 992 0 0 0 0 0 0 0 992 
0 0 0 0 0 323 542 159 0 0 0 0 0 0 30 994 0 0 0 0 0 0 0 1024 
0 0 48 20 7 130 690 129 0 0 0 31 37 6 13 937 0 0 0 0 29 42 6 947 
0 0 821 145 14 23 21 0 0 0 0 581 378 21 16 28 0 0 0 0 210 722 51 41 
0 0 468 543 11 2 0 0 0 0 0 194 770 58 2 0 0 0 0 0 27 744 251 2 
0 0 622 398 4 0 0 0 0 0 0 375 595 54 0 0 0 0 0 0 121 686 216 1 
0 2 826 195 1 0 0 0 0 0 0 642 362 20 0 0 0 0 0 0 305 629 90 0 
0 4 606 407 7 0 0 0 0 0 0 451 499 74 0 0 0 0 0 0 234 569 221 0 
0 0 785 238 1 0 0 0 0 0 0 727 293 4 0 0 0 0 0 0 597 418 9 0 
0 0 715 300 2 5 1 1 0 0 0 647 350 24 1 2 0 0 0 0 470 467 85 2 
0 0 805 207 10 2 0 0 0 0 0 807 211 5 1 0 0 0 0 0 698 311 14 1 
0 0 429 310 116 81 61 27 0 0 0 502 286 113 79 44 0 0 0 0 522 307 121 74 
0 0 194 385 200 163 67 15 0 0 0 164 459 245 119 37 0 0 0 0 140 544 258 82 
0 0 59 174 209 210 213 159 0 0 0 46 238 249 242 249 0 0 0 0 62 307 293 362 
0 0 12 65 114 150 327 356 0 0 0 16 97 148 217 546 0 0 0 0 23 146 199 656 
0 0 0 8 73 100 214 629 0 0 0 0 22 97 138 767 0 0 0 0 4 42 115 863 
0 0 0 64 154 85 290 431 0 0 0 0 25 183 155 661 0 0 0 0 0 8 168 848 
0 0 0 162 152 51 432 227 0 0 0 0 74 234 70 646 0 0 0 0 0 17 214 793 
0 0 1 48 24 27 649 275 0 0 0 0 45 33 35 911 0 0 0 0 2 32 53 937 
0 0 0 0 0 24 615 385 0 0 0 0 0 0 56 968 0 0 0 0 0 0 0 1024 
0 0 0 0 2 8 405 609 0 0 0 0 0 2 11 1011 0 0 0 0 0 0 1 1023 
0 0 0 1 265 109 414 235 0 0 0 0 0 75 318 631 0 0 0 0 0 0 10 1014 
0 0 0 1 432 102 317 140 0 0 0 0 0 112 439 441 0 0 0 0 0 0 12 980 
0 0 7 67 9 9 14 918 0 0 0 7 70 14 10 923 0 0 0 0 2 65 26 931 
0 0 88 425 19 21 24 447 0 0 0 80 437 28 25 454 0 0 0 0 69 340 157 458 
0 0 385 639 0 0 0 0 0 0 0 311 698 15 0 0 0 0 0 0 137 682 205 0 
0 0 364 660 0 0 0 0 0 0 0 117 886 21 0 0 0 0 0 0 21 808 195 0 
0 0 339 683 2 0 0 0 0 0 0 190 805 29 0 0 0 0 0 0 113 730 181 0 
0 0 611 408 5 0 0 0 0 0 0 426 559 39 0 0 0 0 0 0 219 638 167 0 
0 0 815 206 3 0 0 0 0 0 0 696 320 8 0 0 0 0 0 0 509 485 30 0 
0 0 754 268 2 0 0 0 0 0 0 664 336 24 0 0 0 0 0 0 550 389 85 0 
0 0 858 166 0 0 0 0 0 0 0 713 311 0 0 0 0 0 0 0 522 490 12 0 
0 1 870 113 31 9 0 0 0 0 0 790 199 31 4 0 0 0 0 0 668 335 20 1 
0 0 573 215 150 59 23 4 0 0 0 524 327 120 42 11 0 0 0 0 432 484 82 26 
0 0 167 363 220 199 71 4 0 0 0 253 394 255 109 13 0 0 0 2 337 439 204 42 
0 0 199 524 220 77 4 0 0 0 1 226 599 172 26 0 0 0 0 3 341 569 103 8 
0 0 170 460 246 113 35 0 0 0 0 200 514 221 80 9 0 0 0 0 267 526 182 49 
0 0 107 380 308 152 68 9 0 0 0 113 493 258 127 33 0 0 0 0 150 553 226 95 
0 0 10 265 332 252 112 53 0 0 0 21 321 327 244 111 0 0 0 0 44 369 286 325 
0 0 13 126 228 208 212 237 0 0 0 15 80 278 305 346 0 0 0 0 6 94 188 736 
0 0 3 232 156 181 224 228 0 0 0 0 244 195 242 343 0 0 0 0 0 220 295 509 
0 0 0 87 99 250 219 369 0 0 0 0 103 111 340 470 0 0 0 0 3 110 171 740 
0 0 9 217 190 230 202 176 0 0 0 0 197 246 275 306 0 0 0 0 2 120 335 567 
0 145 277 371 110 42 39 40 0 0 23 314 414 137 81 55 0 0 0 2 331 296 226 169 
0 210 359 234 111 32 29 17 0 0 48 475 258 115 67 29 0 0 0 4 515 210 123 140 
0 43 228 137 188 283 128 17 0 0 31 295 182 292 195 29 0 0 0 162 240 238 305 79 
0 31 238 316 184 130 88 37 0 0 27 253 374 198 123 49 0 0 0 117 194 312 290 111 
0 219 225 371 105 61 37 6 0 0 194 159 490 124 46 11 0 0 0 137 194 501 163 29 
0 102 734 173 11 4 0 0 0 0 52 540 426 6 0 0 0 0 0 48 272 657 47 0 
0 233 636 155 0 0 0 0 0 0 155 345 522 2 0 0 0 0 0 65 254 684 21 0 
0 223 555 246 0 0 0 0 0 0 185 328 510 1 0 0 0 0 0 49 273 606 96 0 
0 0 462 561 1 0 0 0 0 0 0 120 898 6 0 0 0 0 0 0 71 811 142 0 
0 0 535 489 0 0 0 0 0 0 0 410 610 4 0 0 0 0 0 0 318 589 117 0 
0 0 845 179 0 0 0 0 0 0 0 696 328 0 0 0 0 0 0 0 602 410 12 0 
0 0 984 40 0 0 0 0 0 0 0 969 55 0 0 0 0 0 0 0 949 73 2 0 
0 0 948 76 0 0 0 0 0 0 0 871 153 0 0 0 0 0 0 0 764 259 1 0 
0 0 438 297 169 89 29 2 0 0 1 485 306 168 59 5 0 0 0 3 528 350 114 29 
0 0 215 264 345 186 14 0 0 0 0 278 370 338 37 1 0 0 0 3 395 475 144 7 
0 0 92 529 330 57 15 1 0 0 0 206 613 178 22 5 0 0 0 0 467 516 33 8 
0 0 227 588 198 11 0 0 0 0 0 270 691 63 0 0 0 0 0 1 684 336 3 0 
0 0 394 475 137 18 0 0 0 0 0 440 495 86 3 0 0 0 0 0 592 398 32 2 
0 0 70 261 355 216 74 48 0 0 0 86 354 389 121 74 0 0 0 1 170 436 287 130 
0 0 12 330 172 87 63 360 0 0 0 18 351 184 93 378 0 0 0 0 58 312 227 427 
0 0 42 152 100 32 52 646 0 0 0 22 160 131 54 657 0 0 0 0 15 131 140 738 
0 110 338 367 39 46 75 49 0 0 28 384 382 78 74 78 0 0 0 59 351 274 211 129 
0 716 245 16 18 11 12 6 0 0 523 445 18 14 12 12 0 0 0 407 562 21 15 19 
0 855 134 1 1 0 1 0 0 0 707 283 0 1 1 0 0 0 0 512 478 0 1 1 
0 174 793 30 26 1 0 0 0 0 259 724 37 3 1 0 0 0 0 897 117 9 1 0 
0 291 691 39 3 0 0 0 0 0 388 622 14 0 0 0 0 0 0 860 161 3 0 0 
0 324 665 18 10 6 1 0 0 0 387 615 13 6 3 0 0 0 0 895 116 8 5 0 
0 239 750 26 8 1 0 0 0 0 221 782 20 1 0 0 0 0 0 933 85 6 0 0 
0 408 616 0 0 0 0 0 0 0 370 654 0 0 0 0 0 0 0 885 139 0 0 0 
0 756 268 0 0 0 0 0 0 0 730 289 5 0 0 0 0 0 0 862 152 10 0 0 
0 288 714 22 0 0 0 0 0 0 217 696 111 0 0 0 0 0 0 444 278 302 0 0 
0 144 759 121 0 0 0 0 0 0 60 706 257 1 0 0 0 0 0 348 319 352 5 0 
0 91 798 135 0 0 0 0 0 0 42 724 258 0 0 0 0 0 0 220 399 402 3 0 
0 158 753 112 1 0 0 0 0 0 92 675 256 1 0 0 0 0 0 233 458 332 1 0 
0 270 416 300 38 0 0 0 0 0 153 575 293 3 0 0 0 0 0 133 676 214 1 0 
0 308 536 152 27 1 0 0 0 0 180 649 188 6 1 0 0 0 0 122 727 169 6 0 
0 132 548 202 140 2 0 0 0 0 42 692 227 63 0 0 0 0 0 65 733 219 7 0 
0 7 693 187 120 16 1 0 0 0 0 739 210 73 2 0 0 0 0 17 820 162 24 1 
0 0 683 163 118 39 16 5 0 0 1 728 189 79 19 8 0 0 0 7 857 123 23 14 
0 6 789 178 49 2 0 0 0 0 0 808 206 9 1 0 0 0 0 47 946 25 6 0 
0 45 741 220 18 0 0 0 0 0 12 811 200 1 0 0 0 0 0 220 739 65 0 0 
0 61 684 189 58 27 5 0 0 0 37 726 195 51 15 0 0 0 0 383 474 125 36 6 
0 282 679 58 3 2 0 0 0 0 141 826 50 5 2 0 0 0 0 522 452 45 3 2 
0 621 401 2 0 0 0 0 0 0 485 537 2 0 0 0 0 0 0 763 261 0 0 0 
3 994 27 0 0 0 0 0 0 25 961 38 0 0 0 0 0 27 31 959 7 0 0 0 
11 972 9 0 0 0 0 0 1 77 913 1 0 0 0 0 1 81 50 859 1 0 0 0 
0 426 598 0 0 0 0 0 0 0 642 382 0 0 0 0 0 0 39 985 0 0 0 0 
0 241 783 0 0 0 0 0 0 0 487 537 0 0 0 0 0 0 44 980 0 0 0 0 
0 245 779 0 0 0 0 0 0 0 498 526 0 0 0 0 0 0 18 1006 0 0 0 0 
0 385 639 0 0 0 0 0 0 0 657 367 0 0 0 0 0 0 15 1009 0 0 0 0 
0 369 655 0 0 0 0 0 0 0 604 420 0 0 0 0 0 0 1 1023 0 0 0 0 
0 248 776 0 0 0 0 0 0 0 353 671 0 0 0 0 0 0 1 1023 0 0 0 0 
0 31 993 0 0 0 0 0 0 0 187 837 0 0 0 0 0 0 0 1024 0 0 0 0 
0 140 883 1 0 0 0 0 0 0 211 813 0 0 0 0 0 0 4 1017 3 0 0 0 
0 192 832 0 0 0 0 0 0 0 190 834 0 0 0 0 0 0 0 983 41 0 0 0 
0 106 918 0 0 0 0 0 0 0 195 829 0 0 0 0 0 0 0 972 52 0 0 0 
0 155 869 0 0 0 0 0 0 0 204 820 0 0 0 0 0 0 0 858 166 0 0 0 
0 155 869 0 0 0 0 0 0 0 159 865 0 0 0 0 0 0 0 772 252 0 0 0 
0 196 828 0 0 0 0 0 0 0 198 826 0 0 0 0 0 0 0 704 320 0 0 0 
0 155 863 6 0 0 0 0 0 0 188 835 1 0 0 0 0 0 1 776 247 0 0 0 
0 241 783 0 0 0 0 0 0 0 320 704 0 0 0 0 0 0 0 891 133 0 0 0 
0 302 722 0 0 0 0 0 0 0 383 641 0 0 0 0 0 0 0 971 53 0 0 0 
0 701 323 0 0 0 0 0 0 0 712 312 0 0 0 0 0 0 0 1017 7 0 0 0 
0 867 157 0 0 0 0 0 0 0 863 161 0 0 0 0 0 0 0 1022 2 0 0 0 
0 592 432 0 0 0 0 0 0 0 636 388 0 0 0 0 0 0 0 1021 3 0 0 0 
0 799 204 17 4 0 0 0 0 12 816 187 9 0 0 0 1 10 23 980 10 0 0 0 
71 741 170 34 7 1 0 0 17 465 492 42 7 1 0 0 31 512 198 276 6 1 0 0 
97 639 170 69 16 1 0 0 20 554 346 61 10 1 0 0 40 606 210 129 6 1 0 0 
0 513 511 0 0 0 0 0 0 2 998 24 0 0 0 0 0 0 477 547 0 0 0 0 
0 569 455 0 0 0 0 0 0 5 985 34 0 0 0 0 0 2 373 649 0 0 0 0 
0 814 210 0 0 0 0 0 0 6 1005 13 0 0 0 0 0 0 408 616 0 0 0 0 
0 646 372 3 3 0 0 0 0 8 933 78 5 0 0 0 0 0 304 716 4 0 0 0 
0 665 327 30 2 0 0 0 0 1 904 108 11 0 0 0 0 0 156 859 9 0 0 0 
0 532 466 22 4 0 0 0 0 0 822 192 10 0 0 0 0 0 119 900 5 0 0 0 
0 200 719 92 13 0 0 0 0 0 497 485 41 1 0 0 0 0 64 930 30 0 0 0 
0 239 516 188 72 9 0 0 0 1 433 455 120 15 0 0 0 1 70 842 105 6 0 0 
0 599 369 41 15 0 0 0 0 0 774 226 21 3 0 0 0 0 52 960 12 0 0 0 
0 439 559 26 0 0 0 0 0 1 652 362 9 0 0 0 0 0 61 951 12 0 0 0 
0 447 575 2 0 0 0 0 0 0 713 310 1 0 0 0 0 0 10 1013 1 0 0 0 
0 297 727 0 0 0 0 0 0 0 645 379 0 0 0 0 0 0 1 1023 0 0 0 0 
0 346 678 0 0 0 0 0 0 0 654 370 0 0 0 0 0 0 0 1024 0 0 0 0 
0 351 670 3 0 0 0 0 0 0 568 455 1 0 0 0 0 0 20 1000 4 0 0 0 
0 194 824 6 0 0 0 0 0 0 454 569 1 0 0 0 0 0 11 1009 4 0 0 0 
0 211 811 2 0 0 0 0 0 0 535 489 0 0 0 0 0 0 8 1014 2 0 0 0 
0 166 847 11 0 0 0 0 0 0 433 591 0 0 0 0 0 0 10 1011 3 0 0 0 
0 237 783 4 0 0 0 0 0 0 452 572 0 0 0 0 0 0 22 994 8 0 0 0 
0 300 662 61 1 0 0 0 0 0 541 462 21 0 0 0 0 0 48 967 9 0 0 0 
19 554 345 77 27 2 0 0 11 233 477 247 52 4 0 0 7 252 183 565 17 0 0 0 
82 830 68 25 18 1 0 0 60 850 71 26 17 0 0 0 60 877 57 22 8 0 0 0 
63 714 101 79 30 4 1 0 47 732 112 75 24 2 0 0 58 761 116 43 12 2 0 0 
58 770 196 0 0 0 0 0 2 485 532 5 0 0 0 0 25 919 78 2 0 0 0 0 
10 765 246 3 0 0 0 0 1 492 520 11 0 0 0 0 17 848 154 5 0 0 0 0 
28 684 308 4 0 0 0 0 4 353 650 16 1 0 0 0 32 824 153 15 0 0 0 0 
12 636 323 39 14 0 0 0 1 264 682 52 25 0 0 0 19 814 145 40 6 0 0 0 
6 599 291 67 49 12 0 0 0 274 582 96 59 13 0 0 9 712 180 93 29 1 0 0 
9 559 288 65 66 37 0 0 2 249 577 87 88 21 0 0 8 683 167 100 62 4 0 0 
9 564 325 54 55 17 0 0 0 255 597 96 62 14 0 0 14 691 160 111 48 0 0 0 
2 507 368 83 61 3 0 0 0 153 684 98 74 15 0 0 4 632 225 158 5 0 0 0 
0 494 481 23 24 2 0 0 0 93 795 105 26 5 0 0 1 601 254 163 5 0 0 0 
0 495 512 15 1 1 0 0 0 85 781 154 3 1 0 0 0 539 283 199 2 1 0 0 
1 229 676 75 41 2 0 0 0 31 611 322 48 12 0 0 4 321 366 322 11 0 0 0 
1 362 661 0 0 0 0 0 0 94 556 374 0 0 0 0 1 405 307 311 0 0 0 0 
0 316 684 23 1 0 0 0 0 60 579 376 9 0 0 0 1 339 346 338 0 0 0 0 
0 182 715 100 15 8 4 0 0 37 505 424 43 11 4 0 2 209 345 452 11 5 0 0 
0 91 638 148 36 111 0 0 0 7 384 448 91 92 2 0 3 23 251 627 98 22 0 0 
0 42 649 102 53 178 0 0 0 1 320 442 137 124 0 0 0 1 185 619 195 24 0 0 
0 86 554 132 81 170 1 0 0 3 375 340 150 155 1 0 0 1 166 624 188 45 0 0 
0 28 510 199 46 218 23 0 0 0 205 468 126 205 20 0 0 0 124 621 170 91 18 0 
0 142 356 159 98 214 55 0 0 0 293 304 174 201 52 0 0 1 128 567 173 113 42 0 
50 514 189 94 49 98 29 1 34 347 333 118 69 98 25 0 16 378 240 231 78 58 23 0 
72 892 41 17 2 0 0 0 41 916 48 17 2 0 0 0 55 937 28 4 0 0 0 0 
78 873 27 12 2 0 0 0 37 910 32 11 2 0 0 0 45 930 16 1 0 0 0 0 
267 737 20 0 0 0 0 0 103 800 121 0 0 0 0 0 242 777 5 0 0 0 0 0 
452 551 21 0 0 0 0 0 261 694 69 0 0 0 0 0 455 564 5 0 0 0 0 0 
284 687 53 0 0 0 0 0 140 715 169 0 0 0 0 0 300 705 19 0 0 0 0 0 
312 668 44 0 0 0 0 0 129 752 143 0 0 0 0 0 252 743 29 0 0 0 0 0 
263 698 63 0 0 0 0 0 95 762 162 5 0 0 0 0 223 778 23 0 0 0 0 0 
307 689 28 0 0 0 0 0 96 851 76 1 0 0 0 0 217 788 19 0 0 0 0 0 
195 762 67 0 0 0 0 0 55 732 237 0 0 0 0 0 116 870 38 0 0 0 0 0 
102 778 124 20 0 0 0 0 1 672 317 27 7 0 0 0 77 868 73 6 0 0 0 0 
217 698 92 9 8 0 0 0 46 661 297 10 9 1 0 0 113 856 43 8 4 0 0 0 
157 750 114 3 0 0 0 0 20 675 316 11 2 0 0 0 66 891 65 2 0 0 0 0 
467 528 29 0 0 0 0 0 139 751 133 1 0 0 0 0 35 972 17 0 0 0 0 0 
90 662 184 57 28 3 0 0 9 559 351 73 30 2 0 0 77 856 86 5 0 0 0 0 
0 191 252 216 288 76 1 0 0 113 318 283 278 32 0 0 68 525 316 86 29 0 0 0 
6 144 217 200 378 77 2 0 0 110 245 215 406 47 1 0 97 403 233 151 140 0 0 0 
0 36 191 384 335 74 4 0 0 14 191 337 394 88 0 0 56 415 424 68 23 38 0 0 
0 90 214 215 355 137 13 0 0 32 162 292 422 107 9 0 17 257 255 239 187 59 10 0 
1 12 24 131 640 197 19 0 0 8 22 97 734 147 16 0 8 24 92 508 309 65 18 0 
8 120 83 129 460 197 27 0 0 84 109 103 528 196 4 0 36 149 93 360 264 119 3 0 
31 148 166 169 270 210 30 0 17 124 180 191 321 188 3 0 128 290 137 102 236 131 0 0 
16 277 193 222 208 107 1 0 10 300 215 238 200 60 1 0 108 521 206 48 120 20 1 0 
22 238 306 255 179 24 0 0 12 237 325 285 155 10 0 0 335 502 170 17 0 0 0 0 
18 189 268 265 219 33 0 0 13 195 291 301 177 15 0 0 320 480 178 14 0 0 0 0 
332 362 229 89 12 0 0 0 230 432 250 103 9 0 0 0 344 451 223 6 0 0 0 0 
416 493 73 42 0 0 0 0 242 602 129 49 2 0 0 0 505 491 28 0 0 0 0 0 
775 242 7 0 0 0 0 0 632 373 19 0 0 0 0 0 743 280 1 0 0 0 0 0 
372 563 87 2 0 0 0 0 201 609 210 4 0 0 0 0 398 600 24 2 0 0 0 0 
283 491 111 70 51 18 0 0 168 542 172 77 60 5 0 0 344 523 130 26 1 0 0 0 
501 204 73 65 128 53 0 0 354 334 93 103 126 14 0 0 405 387 194 38 0 0 0 0 
303 370 92 92 139 28 0 0 137 489 145 105 139 9 0 0 271 490 180 83 0 0 0 0 
199 308 77 100 322 18 0 0 87 363 123 135 313 3 0 0 148 429 344 103 0 0 0 0 
45 196 112 216 391 64 0 0 10 174 142 251 434 13 0 0 62 293 450 218 1 0 0 0 
27 137 178 368 308 6 0 0 0 119 181 357 365 2 0 0 25 280 559 160 0 0 0 0 
107 261 199 239 193 24 1 0 53 246 235 241 216 32 1 0 60 433 311 190 29 1 0 0 
73 233 192 218 188 106 14 0 13 274 191 232 181 122 11 0 63 401 246 203 95 16 0 0 
2 101 243 303 335 37 3 0 2 114 237 360 281 30 0 0 32 262 311 326 87 6 0 0 
1 78 138 209 511 87 0 0 1 82 149 227 541 24 0 0 13 164 192 347 304 4 0 0 
36 235 156 130 402 65 0 0 14 190 221 158 420 21 0 0 75 329 184 314 120 2 0 0 
74 450 108 48 282 61 1 0 6 386 237 63 314 18 0 0 172 432 112 260 46 2 0 0 
122 638 131 50 75 8 0 0 21 546 308 73 73 3 0 0 258 596 75 79 15 1 0 0 
153 651 173 34 10 3 0 0 28 601 332 48 12 3 0 0 276 668 63 13 3 1 0 0 
79 464 285 139 46 10 1 0 21 361 409 165 56 12 0 0 325 579 107 13 0 0 0 0 
108 485 255 120 55 1 0 0 16 409 368 156 70 5 0 0 397 562 65 0 0 0 0 0 
165 563 214 66 16 0 0 0 38 569 299 97 21 0 0 0 466 500 57 1 0 0 0 0 
152 580 192 54 14 0 0 0 34 572 291 80 15 0 0 0 454 487 50 1 0 0 0 0 
4 32 95 336 492 65 0 0 0 37 127 491 360 9 0 0 33 313 569 109 0 0 0 0 
196 232 192 209 185 10 0 0 142 254 213 266 148 1 0 0 307 390 303 24 0 0 0 0 
328 466 166 49 15 0 0 0 219 502 214 69 19 1 0 0 533 423 64 4 0 0 0 0 
114 637 180 65 25 3 0 0 44 613 270 65 28 4 0 0 371 564 74 14 1 0 0 0 
52 395 252 154 138 33 0 0 21 327 340 169 142 25 0 0 226 512 208 60 16 2 0 0 
36 289 301 203 187 8 0 0 20 247 332 218 205 2 0 0 193 478 297 56 0 0 0 0 
8 148 165 334 359 10 0 0 3 129 177 369 342 4 0 0 80 310 512 121 1 0 0 0 
2 26 93 325 460 115 3 0 2 28 107 374 411 102 0 0 18 117 565 270 54 0 0 0 
1 27 94 262 456 182 2 0 2 33 107 313 463 106 0 0 19 158 403 281 159 4 0 0 
3 30 117 465 261 146 2 0 3 34 117 465 318 86 1 0 11 122 205 217 458 11 0 0 
0 7 475 283 165 94 0 0 0 10 31 733 200 50 0 0 6 18 61 124 805 10 0 0 
0 0 160 628 131 103 2 0 0 2 7 669 273 72 1 0 0 3 6 124 861 30 0 0 
0 0 11 337 264 410 2 0 0 0 0 193 647 184 0 0 0 0 0 134 810 80 0 0 
80 110 31 177 316 310 0 0 62 125 36 87 548 166 0 0 59 139 46 131 554 95 0 0 
578 354 53 14 19 6 0 0 455 452 75 16 19 7 0 0 511 437 38 16 16 6 0 0 
476 442 75 27 4 0 0 0 286 591 105 38 4 0 0 0 525 475 21 3 0 0 0 0 
586 383 45 7 2 1 0 0 382 547 86 6 2 1 0 0 639 369 15 1 0 0 0 0 
361 558 68 13 13 10 1 0 188 671 126 23 13 3 0 0 530 476 14 4 0 0 0 0 
503 378 99 24 17 3 0 0 387 439 130 49 12 7 0 0 671 322 29 2 0 0 0 0 
442 434 107 39 2 0 0 0 312 499 156 47 10 0 0 0 615 368 39 2 0 0 0 0 
692 309 22 1 0 0 0 0 477 492 53 1 1 0 0 0 738 281 5 0 0 0 0 0 
582 350 55 4 0 1 0 0 404 475 105 5 2 1 0 0 665 315 10 1 1 0 0 0 
6 265 260 213 208 40 0 0 2 247 303 275 164 1 0 0 200 445 250 95 2 0 0 0 
67 311 236 128 201 49 0 0 36 287 292 184 190 3 0 0 302 357 218 106 9 0 0 0 
72 445 307 78 71 18 1 0 30 434 343 112 63 10 0 0 301 498 131 53 9 0 0 0 
155 402 225 102 68 40 0 0 89 427 265 126 63 22 0 0 297 445 171 61 18 0 0 0 
90 706 173 16 6 1 0 0 53 673 241 18 6 1 0 0 309 618 49 13 3 0 0 0 
65 345 259 118 161 44 0 0 43 343 280 165 151 10 0 0 207 457 227 99 2 0 0 0 
208 467 223 59 34 1 0 0 139 474 281 70 28 0 0 0 435 465 74 18 0 0 0 0 
44 313 247 104 96 181 7 0 16 297 280 122 129 147 1 0 190 385 125 211 73 8 0 0 
0 0 41 143 178 615 15 0 0 0 0 189 468 333 2 0 0 0 3 236 639 114 0 0 
0 0 54 432 67 336 97 6 0 0 0 485 87 376 40 4 0 0 0 101 533 333 25 0 
0 2 129 499 127 216 19 0 0 2 5 603 200 162 19 1 2 1 13 69 803 83 20 1 
0 0 6 537 207 205 37 0 0 0 6 442 339 197 8 0 0 2 5 39 789 154 3 0 
0 11 25 122 432 350 41 11 0 16 22 127 519 278 25 5 0 11 27 174 552 207 18 3 
23 402 130 222 140 64 10 1 10 393 114 239 184 45 7 0 3 390 122 208 235 32 2 0 
182 638 52 44 44 26 5 1 150 661 60 45 45 27 3 1 85 720 67 51 45 20 4 0 
356 548 9 8 13 2 12 44 282 616 16 7 13 3 11 44 301 561 56 16 4 11 41 2 
203 498 72 34 30 19 22 114 187 518 67 35 30 18 23 114 230 492 74 37 23 29 107 0 
330 350 57 32 28 23 34 138 323 363 53 34 30 15 35 139 386 355 42 20 21 38 123 7 
156 432 119 64 43 14 26 138 139 442 127 65 38 18 23 140 235 424 106 44 18 36 126 3 
403 317 48 32 28 17 29 118 373 344 56 30 26 17 25 121 430 322 44 31 22 28 112 3 
647 140 34 14 16 13 23 105 621 164 34 16 15 14 23 105 687 123 25 15 14 33 94 1 
596 202 35 11 15 12 15 75 572 225 34 12 15 13 15 75 672 152 24 11 11 22 68 1 
