0 0 444 580 0 0 0 0 0 0 23 1001 0 0 0 0 0 0 2 914 108 0 0 0 
0 0 31 992 1 0 0 0 0 0 0 1021 3 0 0 0 0 0 0 881 143 0 0 0 
0 0 12 1012 0 0 0 0 0 0 0 990 34 0 0 0 0 0 0 578 446 0 0 0 
0 0 0 868 156 0 0 0 0 0 0 375 649 0 0 0 0 0 0 51 973 0 0 0 
0 0 0 677 347 0 0 0 0 0 0 13 993 18 0 0 0 0 0 0 952 72 0 0 
0 0 0 0 669 355 0 0 0 0 0 0 485 539 0 0 0 0 0 0 248 776 0 0 
0 0 0 20 923 81 0 0 0 0 0 0 644 380 0 0 0 0 0 0 98 926 0 0 
0 0 0 97 475 452 0 0 0 0 0 0 511 513 0 0 0 0 0 0 260 693 71 0 
0 0 0 0 15 862 147 0 0 0 0 0 4 769 251 0 0 0 0 0 0 393 631 0 
0 0 0 0 0 317 707 0 0 0 0 0 0 190 834 0 0 0 0 0 0 10 1014 0 
0 0 0 0 0 0 1024 0 0 0 0 0 0 0 1024 0 0 0 0 0 0 0 1024 0 
0 0 0 0 0 0 1024 0 0 0 0 0 0 0 1024 0 0 0 0 0 0 0 993 31 
0 0 0 0 0 0 324 700 0 0 0 0 0 0 431 593 0 0 0 0 0 0 163 861 
0 0 0 0 0 0 190 834 0 0 0 0 0 0 332 692 0 0 0 0 0 0 53 971 
0 0 0 0 0 0 678 346 0 0 0 0 0 0 854 170 0 0 0 0 0 0 215 809 
0 0 0 0 0 0 1024 0 0 0 0 0 0 0 1024 0 0 0 0 0 0 0 651 373 
0 0 0 0 0 0 1024 0 0 0 0 0 0 0 1024 0 0 0 0 0 0 0 946 78 
0 0 0 0 0 0 1024 0 0 0 0 0 0 0 1024 0 0 0 0 0 0 0 997 27 
0 0 0 0 0 0 1024 0 0 0 0 0 0 0 1024 0 0 0 0 0 0 0 1024 0 
0 0 0 0 0 0 1024 0 0 0 0 0 0 0 1024 0 0 0 0 0 0 0 1024 0 
0 0 0 0 0 0 1024 0 0 0 0 0 0 0 1024 0 0 0 0 0 0 0 1019 5 
0 0 0 0 0 0 1024 0 0 0 0 0 0 0 1024 0 0 0 0 0 0 0 650 374 
0 0 0 0 0 0 750 274 0 0 0 0 0 0 817 207 0 0 0 0 0 0 56 968 
0 0 0 0 0 0 2 1022 0 0 0 0 0 0 2 1022 0 0 0 0 0 0 0 1024 
0 0 0 0 0 0 0 1024 0 0 0 0 0 0 0 1024 0 0 0 0 0 0 0 1024 
0 0 0 0 0 0 0 1024 0 0 0 0 0 0 0 1024 0 0 0 0 0 0 0 1024 
0 0 0 0 0 0 0 1024 0 0 0 0 0 0 0 1024 0 0 0 0 0 0 0 1024 
0 0 0 0 0 0 0 1024 0 0 0 0 0 0 0 1024 0 0 0 0 0 0 0 1024 
0 0 0 0 0 0 0 1024 0 0 0 0 0 0 0 1024 0 0 0 0 0 0 0 1024 
0 0 0 0 0 0 0 1024 0 0 0 0 0 0 0 1024 0 0 0 0 0 0 0 1024 
0 0 0 0 0 0 0 1024 0 0 0 0 0 0 0 1024 0 0 0 0 0 0 0 1024 
0 0 0 0 0 0 0 1024 0 0 0 0 0 0 0 1024 0 0 0 0 0 0 0 1024 
0 0 781 240 3 0 0 0 0 0 259 765 0 0 0 0 0 0 96 928 0 0 0 0 
0 0 545 478 1 0 0 0 0 0 19 1004 1 0 0 0 0 0 10 991 23 0 0 0 
0 0 264 760 0 0 0 0 0 0 0 1023 1 0 0 0 0 0 0 988 36 0 0 0 
0 0 0 1024 0 0 0 0 0 0 0 971 53 0 0 0 0 0 0 325 699 0 0 0 
0 0 0 993 31 0 0 0 0 0 0 767 257 0 0 0 0 0 0 95 929 0 0 0 
0 0 0 583 441 0 0 0 0 0 0 197 827 0 0 0 0 0 0 0 1017 7 0 0 
0 0 0 648 376 0 0 0 0 0 0 48 960 16 0 0 0 0 0 0 939 85 0 0 
0 0 0 834 190 0 0 0 0 0 0 17 1003 4 0 0 0 0 0 1 973 50 0 0 
0 0 0 307 275 442 0 0 0 0 0 0 543 481 0 0 0 0 0 0 506 518 0 0 
0 0 0 0 0 754 270 0 0 0 0 0 0 692 332 0 0 0 0 0 0 378 646 0 
0 0 0 0 0 93 931 0 0 0 0 0 0 13 1011 0 0 0 0 0 0 0 1024 0 
0 0 0 0 0 0 1009 15 0 0 0 0 0 0 1018 6 0 0 0 0 0 0 1006 18 
0 0 0 0 0 100 823 101 0 0 0 0 0 69 902 53 0 0 0 0 0 13 894 117 
0 0 0 0 0 83 929 12 0 0 0 0 0 55 969 0 0 0 0 0 0 7 979 38 
0 0 0 0 0 0 1024 0 0 0 0 0 0 0 1024 0 0 0 0 0 0 0 1024 0 
0 0 0 0 0 0 1024 0 0 0 0 0 0 0 1024 0 0 0 0 0 0 0 1024 0 
0 0 0 0 0 0 1024 0 0 0 0 0 0 0 1024 0 0 0 0 0 0 0 1024 0 
0 0 0 0 0 0 1024 0 0 0 0 0 0 0 1024 0 0 0 0 0 0 0 1024 0 
0 0 0 0 0 0 1024 0 0 0 0 0 0 0 1024 0 0 0 0 0 0 0 1024 0 
0 0 0 0 0 0 1024 0 0 0 0 0 0 0 1024 0 0 0 0 0 0 0 1024 0 
0 0 0 0 0 0 1024 0 0 0 0 0 0 0 1024 0 0 0 0 0 0 0 1024 0 
0 0 0 0 0 0 1024 0 0 0 0 0 0 0 1024 0 0 0 0 0 0 0 1024 0 
0 0 0 0 0 0 918 106 0 0 0 0 0 0 934 90 0 0 0 0 0 0 493 531 
0 0 0 0 0 0 30 994 0 0 0 0 0 0 21 1003 0 0 0 0 0 0 0 1024 
0 0 0 0 0 0 0 1024 0 0 0 0 0 0 0 1024 0 0 0 0 0 0 0 1024 
0 0 0 0 0 0 0 1024 0 0 0 0 0 0 0 1024 0 0 0 0 0 0 0 1024 
0 0 0 0 0 0 0 1024 0 0 0 0 0 0 0 1024 0 0 0 0 0 0 0 1024 
0 0 0 0 0 0 0 1024 0 0 0 0 0 0 0 1024 0 0 0 0 0 0 0 1024 
0 0 0 0 0 0 0 1024 0 0 0 0 0 0 0 1024 0 0 0 0 0 0 0 1024 
0 0 0 0 0 0 0 1024 0 0 0 0 0 0 0 1024 0 0 0 0 0 0 0 1024 
0 0 0 0 0 0 0 1024 0 0 0 0 0 0 0 1024 0 0 0 0 0 0 0 1024 
0 0 0 0 0 0 0 1024 0 0 0 0 0 0 0 1024 0 0 0 0 0 0 0 1024 
0 0 988 27 5 4 0 0 0 0 632 384 5 3 0 0 0 0 814 203 6 1 0 0 
0 0 588 413 23 0 0 0 0 0 185 816 23 0 0 0 0 0 260 755 9 0 0 0 
0 0 501 522 1 0 0 0 0 0 33 989 2 0 0 0 0 0 25 982 17 0 0 0 
0 0 38 986 0 0 0 0 0 0 0 1017 7 0 0 0 0 0 0 857 167 0 0 0 
0 0 6 897 121 0 0 0 0 0 0 782 242 0 0 0 0 0 0 465 559 0 0 0 
0 0 0 1017 7 0 0 0 0 0 0 953 71 0 0 0 0 0 0 353 671 0 0 0 
0 0 0 1014 10 0 0 0 0 0 0 849 175 0 0 0 0 0 0 217 807 0 0 0 
0 0 0 801 161 62 0 0 0 0 0 509 464 51 0 0 0 0 0 57 927 40 0 0 
0 0 0 869 148 7 0 0 0 0 0 260 754 10 0 0 0 0 0 10 999 15 0 0 
0 0 0 474 70 113 367 0 0 0 0 5 536 106 377 0 0 0 0 0 531 88 405 0 
0 0 0 0 0 52 972 0 0 0 0 0 0 64 960 0 0 0 0 0 0 21 1003 0 
0 0 0 0 0 32 992 0 0 0 0 0 0 28 996 0 0 0 0 0 0 10 1014 0 
0 0 0 0 0 0 1024 0 0 0 0 0 0 0 1024 0 0 0 0 0 0 0 1024 0 
0 0 0 0 0 64 960 0 0 0 0 0 0 87 937 0 0 0 0 0 0 21 1003 0 
0 0 0 0 0 99 925 0 0 0 0 0 0 95 929 0 0 0 0 0 0 31 993 0 
0 0 0 0 0 346 678 0 0 0 0 0 0 353 671 0 0 0 0 0 0 124 900 0 
0 0 0 0 0 404 620 0 0 0 0 0 0 357 667 0 0 0 0 0 0 116 908 0 
0 0 0 0 11 359 654 0 0 0 0 0 0 325 699 0 0 0 0 0 0 214 810 0 
0 0 0 0 0 0 1024 0 0 0 0 0 0 0 1024 0 0 0 0 0 0 0 1024 0 
0 0 0 0 0 0 1024 0 0 0 0 0 0 0 1024 0 0 0 0 0 0 0 1024 0 
0 0 0 0 0 0 1022 2 0 0 0 0 0 0 1024 0 0 0 0 0 0 0 983 41 
0 0 0 0 0 0 855 169 0 0 0 0 0 0 876 148 0 0 0 0 0 0 653 371 
0 0 0 0 0 0 182 842 0 0 0 0 0 0 210 814 0 0 0 0 0 0 19 1005 
0 0 0 0 0 0 0 1024 0 0 0 0 0 0 0 1024 0 0 0 0 0 0 0 1024 
0 0 0 0 0 0 0 1024 0 0 0 0 0 0 0 1024 0 0 0 0 0 0 0 1024 
0 0 0 0 0 0 0 1024 0 0 0 0 0 0 0 1024 0 0 0 0 0 0 0 1024 
0 0 0 0 0 0 0 1024 0 0 0 0 0 0 0 1024 0 0 0 0 0 0 0 1024 
0 0 0 0 0 0 0 1024 0 0 0 0 0 0 0 1024 0 0 0 0 0 0 0 1024 
0 0 0 0 0 0 0 1024 0 0 0 0 0 0 0 1024 0 0 0 0 0 0 0 1024 
0 0 0 0 0 0 0 1024 0 0 0 0 0 0 0 1024 0 0 0 0 0 0 0 1024 
0 0 0 0 0 0 0 1024 0 0 0 0 0 0 0 1024 0 0 0 0 0 0 0 1024 
0 0 0 0 0 0 0 1024 0 0 0 0 0 0 0 1024 0 0 0 0 0 0 0 1024 
0 0 1010 14 0 0 0 0 0 0 642 382 0 0 0 0 0 0 960 64 0 0 0 0 
0 0 848 148 28 0 0 0 0 0 344 652 28 0 0 0 0 0 493 523 8 0 0 0 
0 0 801 219 4 0 0 0 0 0 70 952 2 0 0 0 0 0 196 828 0 0 0 0 
0 0 352 672 0 0 0 0 0 0 2 1021 1 0 0 0 0 0 8 1006 10 0 0 0 
0 0 106 899 19 0 0 0 0 0 0 1000 24 0 0 0 0 0 1 984 39 0 0 0 
0 0 98 926 0 0 0 0 0 0 0 1022 2 0 0 0 0 0 0 1016 8 0 0 0 
0 0 13 1009 2 0 0 0 0 0 0 1012 12 0 0 0 0 0 0 870 154 0 0 0 
0 0 2 996 18 8 0 0 0 0 0 987 32 5 0 0 0 0 0 819 205 0 0 0 
0 0 0 1013 11 0 0 0 0 0 0 946 78 0 0 0 0 0 0 605 419 0 0 0 
0 0 0 974 21 29 0 0 0 0 0 551 443 30 0 0 0 0 0 153 839 31 1 0 
0 0 0 141 105 744 34 0 0 0 0 38 159 797 30 0 0 0 0 13 151 780 80 0 
0 0 0 0 418 586 20 0 0 0 0 0 277 734 13 0 0 0 0 0 84 849 91 0 
0 0 0 0 191 618 215 0 0 0 0 0 63 748 213 0 0 0 0 0 0 790 234 0 
0 0 0 0 111 863 50 0 0 0 0 0 42 939 43 0 0 0 0 0 0 911 113 0 
0 0 0 0 354 669 1 0 0 0 0 0 272 751 1 0 0 0 0 0 26 930 68 0 
0 0 0 0 0 1024 0 0 0 0 0 0 0 1024 0 0 0 0 0 0 0 978 46 0 
0 0 0 0 5 1019 0 0 0 0 0 0 0 1024 0 0 0 0 0 0 0 1009 15 0 
0 0 0 0 705 309 10 0 0 0 0 0 248 765 11 0 0 0 0 0 1 992 31 0 
0 0 0 0 263 38 671 52 0 0 0 0 24 276 722 2 0 0 0 0 0 304 680 40 
0 0 0 0 0 0 533 491 0 0 0 0 0 0 616 408 0 0 0 0 0 0 485 539 
0 0 0 0 0 0 80 944 0 0 0 0 0 0 97 927 0 0 0 0 0 0 41 983 
0 0 0 0 0 0 2 1022 0 0 0 0 0 0 6 1018 0 0 0 0 0 0 0 1024 
0 0 0 0 0 0 0 1024 0 0 0 0 0 0 0 1024 0 0 0 0 0 0 0 1024 
0 0 0 0 0 0 0 1024 0 0 0 0 0 0 0 1024 0 0 0 0 0 0 0 1024 
0 0 0 0 0 0 0 1024 0 0 0 0 0 0 0 1024 0 0 0 0 0 0 0 1024 
0 0 0 0 0 0 0 1024 0 0 0 0 0 0 0 1024 0 0 0 0 0 0 0 1024 
0 0 0 0 0 0 0 1024 0 0 0 0 0 0 0 1024 0 0 0 0 0 0 0 1024 
0 0 0 0 0 0 0 1024 0 0 0 0 0 0 0 1024 0 0 0 0 0 0 0 1024 
0 0 0 0 0 0 0 1024 0 0 0 0 0 0 0 1024 0 0 0 0 0 0 0 1024 
0 0 0 0 0 0 0 1024 0 0 0 0 0 0 0 1024 0 0 0 0 0 0 0 1024 
0 0 0 0 0 0 0 1024 0 0 0 0 0 0 0 1024 0 0 0 0 0 0 0 1024 
0 0 0 0 0 0 0 1024 0 0 0 0 0 0 0 1024 0 0 0 0 0 0 0 1024 
0 0 1022 2 0 0 0 0 0 0 579 445 0 0 0 0 0 0 973 51 0 0 0 0 
0 0 976 47 1 0 0 0 0 0 471 551 2 0 0 0 0 0 818 206 0 0 0 0 
0 0 872 152 0 0 0 0 0 0 121 903 0 0 0 0 0 0 420 604 0 0 0 0 
0 0 595 428 1 0 0 0 0 0 59 960 5 0 0 0 0 0 147 876 1 0 0 0 
0 0 340 684 0 0 0 0 0 0 6 1016 2 0 0 0 0 0 36 988 0 0 0 0 
0 0 112 911 1 0 0 0 0 0 4 1015 5 0 0 0 0 0 2 1006 16 0 0 0 
0 0 62 941 21 0 0 0 0 0 0 997 27 0 0 0 0 0 0 977 47 0 0 0 
0 0 9 956 55 4 0 0 0 0 0 952 71 1 0 0 0 0 0 912 112 0 0 0 
0 0 0 998 25 1 0 0 0 0 0 989 33 2 0 0 0 0 0 946 77 1 0 0 
0 0 2 1017 5 0 0 0 0 0 0 1004 20 0 0 0 0 0 0 916 108 0 0 0 
0 0 0 993 31 0 0 0 0 0 0 941 83 0 0 0 0 0 0 736 283 5 0 0 
0 0 0 716 308 0 0 0 0 0 0 521 503 0 0 0 0 0 0 237 783 4 0 0 
0 0 0 185 788 51 0 0 0 0 0 32 905 87 0 0 0 0 0 0 805 219 0 0 
0 0 0 2 860 162 0 0 0 0 0 0 662 362 0 0 0 0 0 0 233 791 0 0 
0 0 0 2 995 27 0 0 0 0 0 0 873 151 0 0 0 0 0 0 531 493 0 0 
0 0 0 2 723 299 0 0 0 0 0 0 567 457 0 0 0 0 0 0 327 697 0 0 
0 0 0 0 756 268 0 0 0 0 0 0 561 463 0 0 0 0 0 0 199 825 0 0 
0 0 0 0 960 64 0 0 0 0 0 0 871 153 0 0 0 0 0 0 44 980 0 0 
0 0 0 0 902 35 32 55 0 0 0 0 524 412 70 18 0 0 0 0 0 937 56 31 
0 0 0 0 153 29 23 819 0 0 0 0 21 162 28 813 0 0 0 0 3 187 52 782 
0 0 0 0 0 0 0 1024 0 0 0 0 0 0 0 1024 0 0 0 0 0 0 0 1024 
0 0 0 0 0 0 0 1024 0 0 0 0 0 0 0 1024 0 0 0 0 0 0 0 1024 
0 0 0 0 0 0 0 1024 0 0 0 0 0 0 0 1024 0 0 0 0 0 0 0 1024 
0 0 0 0 0 0 0 1024 0 0 0 0 0 0 0 1024 0 0 0 0 0 0 0 1024 
0 0 0 0 0 0 0 1024 0 0 0 0 0 0 0 1024 0 0 0 0 0 0 0 1024 
0 0 0 0 0 0 0 1024 0 0 0 0 0 0 0 1024 0 0 0 0 0 0 0 1024 
0 0 0 0 0 0 0 1024 0 0 0 0 0 0 0 1024 0 0 0 0 0 0 0 1024 
0 0 0 0 0 0 0 1024 0 0 0 0 0 0 0 1024 0 0 0 0 0 0 0 1024 
0 0 0 0 0 0 0 1024 0 0 0 0 0 0 0 1024 0 0 0 0 0 0 0 1024 
0 0 0 0 0 0 0 1024 0 0 0 0 0 0 0 1024 0 0 0 0 0 0 0 1024 
0 0 0 0 0 0 0 1024 0 0 0 0 0 0 0 1024 0 0 0 0 0 0 0 1024 
0 0 0 0 0 0 0 1024 0 0 0 0 0 0 0 1024 0 0 0 0 0 0 0 1024 
0 0 949 75 0 0 0 0 0 0 270 754 0 0 0 0 0 0 1006 18 0 0 0 0 
0 0 948 76 0 0 0 0 0 0 210 813 1 0 0 0 0 0 878 146 0 0 0 0 
0 0 787 205 32 0 0 0 0 0 194 805 25 0 0 0 0 0 563 455 6 0 0 0 
0 0 684 288 50 2 0 0 0 0 133 849 42 0 0 0 0 0 379 632 13 0 0 0 
0 0 325 649 50 0 0 0 0 0 22 959 43 0 0 0 0 0 144 871 9 0 0 0 
0 0 368 637 18 1 0 0 0 0 23 978 22 1 0 0 0 0 85 928 11 0 0 0 
0 0 65 886 73 0 0 0 0 0 2 928 94 0 0 0 0 0 11 903 110 0 0 0 
0 0 84 922 18 0 0 0 0 0 0 997 26 1 0 0 0 0 0 990 34 0 0 0 
0 0 22 964 34 4 0 0 0 0 0 975 48 1 0 0 0 0 0 974 49 1 0 0 
0 0 7 1017 0 0 0 0 0 0 0 1024 0 0 0 0 0 0 0 1024 0 0 0 0 
0 0 2 1022 0 0 0 0 0 0 0 1021 3 0 0 0 0 0 0 997 27 0 0 0 
0 0 0 1021 3 0 0 0 0 0 0 947 77 0 0 0 0 0 0 726 298 0 0 0 
0 0 0 945 79 0 0 0 0 0 0 358 666 0 0 0 0 0 0 139 885 0 0 0 
0 0 0 710 314 0 0 0 0 0 0 0 1024 0 0 0 0 0 0 0 1024 0 0 0 
0 0 0 455 569 0 0 0 0 0 0 0 1024 0 0 0 0 0 0 0 1024 0 0 0 
0 0 0 163 861 0 0 0 0 0 0 0 1024 0 0 0 0 0 0 0 1019 5 0 0 
0 0 0 131 893 0 0 0 0 0 0 0 1024 0 0 0 0 0 0 0 1022 2 0 0 
0 0 0 8 1015 1 0 0 0 0 0 0 1022 2 0 0 0 0 0 0 745 279 0 0 
0 0 0 0 969 55 0 0 0 0 0 0 916 108 0 0 0 0 0 0 91 933 0 0 
0 0 0 0 826 101 50 47 0 0 0 0 551 375 62 36 0 0 0 0 72 856 64 32 
0 0 0 0 443 88 174 319 0 0 0 0 194 336 187 307 0 0 0 0 0 528 185 311 
0 0 0 0 15 12 442 555 0 0 0 0 1 24 447 552 0 0 0 0 0 25 358 641 
0 0 0 0 0 0 3 1021 0 0 0 0 0 0 3 1021 0 0 0 0 0 0 3 1021 
0 0 0 0 0 0 0 1024 0 0 0 0 0 0 0 1024 0 0 0 0 0 0 0 1024 
0 0 0 0 0 0 0 1024 0 0 0 0 0 0 0 1024 0 0 0 0 0 0 0 1024 
0 0 0 0 0 0 0 1024 0 0 0 0 0 0 0 1024 0 0 0 0 0 0 0 1024 
0 0 0 0 0 0 0 1024 0 0 0 0 0 0 0 1024 0 0 0 0 0 0 0 1024 
0 0 0 0 0 0 0 1024 0 0 0 0 0 0 0 1024 0 0 0 0 0 0 0 1024 
0 0 0 0 0 0 0 1024 0 0 0 0 0 0 0 1024 0 0 0 0 0 0 0 1024 
0 0 0 0 0 0 0 1024 0 0 0 0 0 0 0 1024 0 0 0 0 0 0 0 1024 
0 0 0 0 0 0 0 1024 0 0 0 0 0 0 0 1024 0 0 0 0 0 0 0 1024 
0 0 0 0 0 0 0 1024 0 0 0 0 0 0 0 1024 0 0 0 0 0 0 0 1024 
0 0 965 59 0 0 0 0 0 0 351 673 0 0 0 0 0 0 1009 15 0 0 0 0 
0 0 985 39 0 0 0 0 0 0 433 591 0 0 0 0 0 0 983 41 0 0 0 0 
0 0 713 293 18 0 0 0 0 0 231 779 14 0 0 0 0 0 568 452 4 0 0 0 
0 0 706 292 20 6 0 0 0 0 213 784 24 3 0 0 0 0 501 509 13 1 0 0 
0 1 736 265 7 11 4 0 0 0 137 864 15 7 1 0 0 0 492 516 12 4 0 0 
0 0 598 410 16 0 0 0 0 0 67 935 22 0 0 0 0 0 338 675 11 0 0 0 
0 0 95 833 91 5 0 0 0 0 11 906 105 2 0 0 0 0 52 931 41 0 0 0 
0 0 82 874 66 2 0 0 0 0 0 940 83 1 0 0 0 0 2 943 79 0 0 0 
0 0 38 910 67 8 1 0 0 0 0 940 81 2 1 0 0 0 0 940 82 2 0 0 
0 0 53 971 0 0 0 0 0 0 0 1024 0 0 0 0 0 0 0 1024 0 0 0 0 
0 0 5 987 28 4 0 0 0 0 0 985 36 3 0 0 0 0 0 974 47 3 0 0 
0 0 2 662 268 90 2 0 0 0 0 618 339 67 0 0 0 0 0 534 449 41 0 0 
0 0 0 965 59 0 0 0 0 0 0 804 220 0 0 0 0 0 0 579 445 0 0 0 
0 0 0 847 177 0 0 0 0 0 0 31 993 0 0 0 0 0 0 10 1014 0 0 0 
0 0 0 392 632 0 0 0 0 0 0 0 1024 0 0 0 0 0 0 0 1024 0 0 0 
0 0 0 632 392 0 0 0 0 0 0 0 1024 0 0 0 0 0 0 0 1024 0 0 0 
0 0 0 683 335 6 0 0 0 0 0 0 1018 6 0 0 0 0 0 0 1016 8 0 0 
0 0 0 191 820 13 0 0 0 0 0 0 1010 14 0 0 0 0 0 0 952 72 0 0 
0 0 0 25 925 74 0 0 0 0 0 0 941 83 0 0 0 0 0 0 766 258 0 0 
0 0 0 5 1019 0 0 0 0 0 0 0 1021 3 0 0 0 0 0 0 843 181 0 0 
0 0 0 0 1006 18 0 0 0 0 0 0 923 101 0 0 0 0 0 0 86 938 0 0 
0 0 0 0 323 362 339 0 0 0 0 0 116 357 551 0 0 0 0 0 0 417 606 1 
0 0 0 0 0 85 468 471 0 0 0 0 0 0 548 476 0 0 0 0 0 0 501 523 
0 0 0 0 0 0 0 1024 0 0 0 0 0 0 0 1024 0 0 0 0 0 0 0 1024 
0 0 0 0 0 0 0 1024 0 0 0 0 0 0 0 1024 0 0 0 0 0 0 0 1024 
0 0 0 0 0 0 0 1024 0 0 0 0 0 0 0 1024 0 0 0 0 0 0 0 1024 
0 0 0 0 0 0 0 1024 0 0 0 0 0 0 0 1024 0 0 0 0 0 0 0 1024 
0 0 0 0 0 0 0 1024 0 0 0 0 0 0 0 1024 0 0 0 0 0 0 0 1024 
0 0 0 0 0 0 0 1024 0 0 0 0 0 0 0 1024 0 0 0 0 0 0 0 1024 
0 0 0 0 0 0 0 1024 0 0 0 0 0 0 0 1024 0 0 0 0 0 0 0 1024 
0 0 0 0 0 0 0 1024 0 0 0 0 0 0 0 1024 0 0 0 0 0 0 0 1024 
0 0 0 0 0 0 0 1024 0 0 0 0 0 0 0 1024 0 0 0 0 0 0 0 1024 
0 0 985 39 0 0 0 0 0 0 407 617 0 0 0 0 0 0 1002 22 0 0 0 0 
0 0 921 97 6 0 0 0 0 0 613 404 7 0 0 0 0 0 895 125 4 0 0 0 
0 0 613 269 114 28 0 0 0 0 283 636 101 4 0 0 0 0 581 407 36 0 0 0 
0 1 917 88 12 6 0 0 0 0 376 632 14 2 0 0 0 0 843 168 13 0 0 0 
0 0 535 223 130 134 2 0 0 0 135 644 200 45 0 0 0 0 479 368 177 0 0 0 
0 0 728 283 13 0 0 0 0 0 219 789 16 0 0 0 0 0 647 377 0 0 0 0 
0 0 438 573 13 0 0 0 0 0 39 958 27 0 0 0 0 0 447 574 3 0 0 0 
0 0 103 870 48 3 0 0 0 0 5 935 84 0 0 0 0 0 56 927 41 0 0 0 
0 0 43 872 85 24 0 0 0 0 0 915 109 0 0 0 0 0 2 928 94 0 0 0 
0 0 65 927 30 2 0 0 0 0 0 986 36 2 0 0 0 0 0 986 38 0 0 0 
0 0 21 932 67 4 0 0 0 0 0 942 79 3 0 0 0 0 0 943 79 2 0 0 
0 0 1 856 119 47 1 0 0 0 0 847 148 29 0 0 0 0 0 850 159 15 0 0 
0 0 0 995 29 0 0 0 0 0 0 919 105 0 0 0 0 0 0 903 121 0 0 0 
0 0 0 987 37 0 0 0 0 0 0 584 440 0 0 0 0 0 0 378 646 0 0 0 
0 0 0 890 130 4 0 0 0 0 0 105 915 4 0 0 0 0 0 0 1016 8 0 0 
0 0 0 986 38 0 0 0 0 0 0 7 1017 0 0 0 0 0 0 0 1024 0 0 0 
0 0 0 943 81 0 0 0 0 0 0 0 1024 0 0 0 0 0 0 0 1024 0 0 0 
0 0 0 822 202 0 0 0 0 0 0 0 1024 0 0 0 0 0 0 0 1024 0 0 0 
0 0 0 529 495 0 0 0 0 0 0 0 1024 0 0 0 0 0 0 0 1024 0 0 0 
0 0 0 46 964 14 0 0 0 0 0 0 1005 19 0 0 0 0 0 0 988 36 0 0 
0 0 0 0 1009 15 0 0 0 0 0 0 982 42 0 0 0 0 0 0 490 534 0 0 
0 0 0 0 652 372 0 0 0 0 0 0 378 602 44 0 0 0 0 0 0 753 271 0 
0 0 0 0 0 842 179 3 0 0 0 0 0 429 592 3 0 0 0 0 0 2 1020 2 
0 0 0 0 0 102 290 632 0 0 0 0 0 0 386 638 0 0 0 0 0 0 393 631 
0 0 0 0 0 0 0 1024 0 0 0 0 0 0 0 1024 0 0 0 0 0 0 0 1024 
0 0 0 0 0 0 0 1024 0 0 0 0 0 0 0 1024 0 0 0 0 0 0 0 1024 
0 0 0 0 0 0 0 1024 0 0 0 0 0 0 0 1024 0 0 0 0 0 0 0 1024 
0 0 0 0 0 0 0 1024 0 0 0 0 0 0 0 1024 0 0 0 0 0 0 0 1024 
0 0 0 0 0 0 0 1024 0 0 0 0 0 0 0 1024 0 0 0 0 0 0 0 1024 
0 0 0 0 0 0 0 1024 0 0 0 0 0 0 0 1024 0 0 0 0 0 0 0 1024 
0 0 0 0 0 0 0 1024 0 0 0 0 0 0 0 1024 0 0 0 0 0 0 0 1024 
0 0 0 0 0 0 0 1024 0 0 0 0 0 0 0 1024 0 0 0 0 0 0 0 1024 
0 19 953 52 0 0 0 0 0 0 760 264 0 0 0 0 0 0 964 60 0 0 0 0 
0 1 958 60 5 0 0 0 0 0 636 384 4 0 0 0 0 0 955 66 3 0 0 0 
0 0 756 175 85 8 0 0 0 0 396 553 75 0 0 0 0 0 783 221 20 0 0 0 
0 0 413 352 161 98 0 0 0 0 274 529 191 30 0 0 0 0 371 533 120 0 0 0 
0 0 739 177 55 52 1 0 0 0 397 527 83 17 0 0 0 0 735 218 70 1 0 0 
0 1 890 133 0 0 0 0 0 0 238 786 0 0 0 0 0 0 921 103 0 0 0 0 
0 0 522 495 6 1 0 0 0 0 66 947 11 0 0 0 0 0 604 416 4 0 0 0 
0 0 251 752 18 3 0 0 0 0 48 947 27 2 0 0 0 0 258 758 7 1 0 0 
0 0 132 869 23 0 0 0 0 0 1 981 42 0 0 0 0 0 28 972 24 0 0 0 
0 0 24 604 221 163 12 0 0 0 0 647 294 79 4 0 0 0 2 677 312 32 1 0 
0 0 23 776 156 65 4 0 0 0 0 792 187 45 0 0 0 0 0 816 195 13 0 0 
0 0 21 902 68 30 3 0 0 0 0 912 91 21 0 0 0 0 0 928 85 11 0 0 
0 0 1 943 75 5 0 0 0 0 0 866 157 1 0 0 0 0 0 949 75 0 0 0 
0 0 0 1005 19 0 0 0 0 0 0 791 233 0 0 0 0 0 0 949 75 0 0 0 
0 0 0 1019 5 0 0 0 0 0 0 624 400 0 0 0 0 0 0 410 614 0 0 0 
0 0 0 948 76 0 0 0 0 0 0 123 901 0 0 0 0 0 0 1 1021 2 0 0 
0 0 0 762 234 28 0 0 0 0 0 18 980 26 0 0 0 0 0 0 999 25 0 0 
0 0 0 1001 23 0 0 0 0 0 0 8 1016 0 0 0 0 0 0 0 1024 0 0 0 
0 0 0 931 93 0 0 0 0 0 0 0 1024 0 0 0 0 0 0 0 1024 0 0 0 
0 0 0 395 629 0 0 0 0 0 0 0 1022 2 0 0 0 0 0 0 1020 4 0 0 
0 0 0 3 981 40 0 0 0 0 0 0 970 54 0 0 0 0 0 0 778 246 0 0 
0 0 0 0 1000 24 0 0 0 0 0 0 812 212 0 0 0 0 0 0 55 968 1 0 
0 0 0 0 176 848 0 0 0 0 0 0 10 985 29 0 0 0 0 0 0 750 274 0 
0 0 0 0 0 977 45 2 0 0 0 0 0 689 332 3 0 0 0 0 0 160 861 3 
0 0 0 0 0 412 266 346 0 0 0 0 0 82 589 353 0 0 0 0 0 0 591 433 
0 0 0 0 0 0 95 929 0 0 0 0 0 0 91 933 0 0 0 0 0 0 50 974 
0 0 0 0 0 0 0 1024 0 0 0 0 0 0 0 1024 0 0 0 0 0 0 0 1024 
0 0 0 0 0 0 0 1024 0 0 0 0 0 0 0 1024 0 0 0 0 0 0 0 1024 
0 0 0 0 0 0 0 1024 0 0 0 0 0 0 0 1024 0 0 0 0 0 0 0 1024 
0 0 0 0 0 0 0 1024 0 0 0 0 0 0 0 1024 0 0 0 0 0 0 0 1024 
0 0 0 0 0 0 0 1024 0 0 0 0 0 0 0 1024 0 0 0 0 0 0 0 1024 
0 0 0 0 0 0 0 1024 0 0 0 0 0 0 0 1024 0 0 0 0 0 0 0 1024 
0 18 917 78 11 0 0 0 0 0 564 454 6 0 0 0 0 1 950 73 0 0 0 0 
0 9 966 49 0 0 0 0 0 0 609 415 0 0 0 0 0 0 1008 16 0 0 0 0 
0 1 809 187 25 0 2 0 0 0 409 591 22 1 1 0 0 0 844 173 6 1 0 0 
0 2 941 55 22 4 0 0 0 0 610 393 21 0 0 0 0 0 952 67 5 0 0 0 
0 0 883 140 1 0 0 0 0 0 330 694 0 0 0 0 0 0 938 86 0 0 0 0 
0 0 798 215 11 0 0 0 0 0 119 895 10 0 0 0 0 0 888 135 1 0 0 0 
0 0 402 520 70 30 2 0 0 0 179 755 78 12 0 0 0 0 461 516 45 2 0 0 
0 0 313 641 66 4 0 0 0 0 85 869 70 0 0 0 0 0 366 635 23 0 0 0 
0 0 184 711 63 57 9 0 0 0 49 849 89 37 0 0 0 0 217 728 74 5 0 0 
0 0 565 422 27 10 0 0 0 0 19 955 45 5 0 0 0 0 43 947 32 2 0 0 
0 0 362 662 0 0 0 0 0 0 2 1022 0 0 0 0 0 0 2 1022 0 0 0 0 
0 0 59 948 15 2 0 0 0 0 0 1007 16 1 0 0 0 0 0 1009 15 0 0 0 
0 0 18 977 29 0 0 0 0 0 0 982 42 0 0 0 0 0 0 1005 19 0 0 0 
0 0 0 1008 16 0 0 0 0 0 0 798 226 0 0 0 0 0 0 1017 7 0 0 0 
0 0 0 971 53 0 0 0 0 0 0 602 422 0 0 0 0 0 0 904 120 0 0 0 
0 0 0 936 84 4 0 0 0 0 0 331 690 3 0 0 0 0 0 242 778 4 0 0 
0 0 0 971 51 2 0 0 0 0 0 466 556 2 0 0 0 0 0 10 1010 4 0 0 
0 0 0 1017 7 0 0 0 0 0 0 153 870 1 0 0 0 0 0 1 1022 1 0 0 
0 0 0 968 49 7 0 0 0 0 0 20 997 7 0 0 0 0 0 0 1016 8 0 0 
0 0 0 590 392 42 0 0 0 0 0 1 992 31 0 0 0 0 0 0 987 37 0 0 
0 0 0 239 781 4 0 0 0 0 0 0 1019 5 0 0 0 0 0 0 1010 14 0 0 
0 0 0 16 992 16 0 0 0 0 0 0 984 40 0 0 0 0 0 0 797 227 0 0 
0 0 0 0 906 118 0 0 0 0 0 0 431 593 0 0 0 0 0 0 17 1007 0 0 
0 0 0 0 108 916 0 0 0 0 0 0 0 1024 0 0 0 0 0 0 0 901 123 0 
0 0 0 0 0 1019 5 0 0 0 0 0 0 866 158 0 0 0 0 0 0 186 838 0 
0 0 0 0 0 495 427 102 0 0 0 0 0 118 802 104 0 0 0 0 0 0 915 109 
0 0 0 0 0 62 452 510 0 0 0 0 0 0 502 522 0 0 0 0 0 0 307 717 
0 0 0 0 0 0 212 812 0 0 0 0 0 0 192 832 0 0 0 0 0 0 6 1018 
0 0 0 0 0 0 0 1024 0 0 0 0 0 0 0 1024 0 0 0 0 0 0 0 1024 
0 0 0 0 0 0 0 1024 0 0 0 0 0 0 0 1024 0 0 0 0 0 0 0 1024 
0 0 0 0 0 0 0 1024 0 0 0 0 0 0 0 1024 0 0 0 0 0 0 0 1024 
0 0 0 0 0 0 0 1024 0 0 0 0 0 0 0 1024 0 0 0 0 0 0 0 1024 
0 13 1007 4 0 0 0 0 0 0 690 334 0 0 0 0 0 2 1021 1 0 0 0 0 
0 6 1001 17 0 0 0 0 0 0 542 482 0 0 0 0 0 2 1015 7 0 0 0 0 
0 11 970 43 0 0 0 0 0 0 517 503 4 0 0 0 0 1 1005 18 0 0 0 0 
0 2 986 36 0 0 0 0 0 0 323 701 0 0 0 0 0 0 1017 7 0 0 0 0 
0 10 952 62 0 0 0 0 0 0 483 541 0 0 0 0 0 5 998 21 0 0 0 0 
0 0 823 197 4 0 0 0 0 0 348 672 4 0 0 0 0 1 914 109 0 0 0 0 
0 0 655 365 3 1 0 0 0 0 271 747 5 1 0 0 0 0 781 241 2 0 0 0 
0 0 339 543 115 27 0 0 0 0 146 769 106 3 0 0 0 0 384 571 69 0 0 0 
0 0 132 755 108 29 0 0 0 0 37 844 132 11 0 0 0 0 233 734 57 0 0 0 
0 0 335 686 3 0 0 0 0 0 22 964 38 0 0 0 0 0 270 752 2 0 0 0 
0 0 358 666 0 0 0 0 0 0 7 982 35 0 0 0 0 0 38 986 0 0 0 0 
0 0 76 914 23 11 0 0 0 0 1 989 27 7 0 0 0 0 5 992 26 1 0 0 
0 0 66 941 16 1 0 0 0 0 0 996 28 0 0 0 0 0 0 1011 13 0 0 0 
0 0 8 910 101 5 0 0 0 0 0 902 119 3 0 0 0 0 0 942 82 0 0 0 
0 0 0 876 146 2 0 0 0 0 0 607 417 0 0 0 0 0 0 918 106 0 0 0 
0 0 0 957 67 0 0 0 0 0 0 406 618 0 0 0 0 0 0 839 185 0 0 0 
0 0 0 1007 17 0 0 0 0 0 0 907 117 0 0 0 0 0 0 407 617 0 0 0 
0 0 0 930 92 2 0 0 0 0 0 608 414 2 0 0 0 0 0 89 933 2 0 0 
0 0 0 792 216 16 0 0 0 0 0 191 822 11 0 0 0 0 0 5 1008 11 0 0 
0 0 0 855 162 7 0 0 0 0 0 82 937 5 0 0 0 0 0 0 1015 9 0 0 
0 0 0 583 422 19 0 0 0 0 0 0 1011 13 0 0 0 0 0 0 1008 16 0 0 
0 0 0 67 954 3 0 0 0 0 0 0 1016 8 0 0 0 0 0 0 998 26 0 0 
0 0 0 2 1016 6 0 0 0 0 0 0 845 179 0 0 0 0 0 0 407 617 0 0 
0 0 0 0 732 292 0 0 0 0 0 0 40 984 0 0 0 0 0 0 0 1024 0 0 
0 0 0 0 230 794 0 0 0 0 0 0 0 1024 0 0 0 0 0 0 0 951 73 0 
0 0 0 0 0 1020 4 0 0 0 0 0 0 883 141 0 0 0 0 0 0 307 717 0 
0 0 0 0 0 943 81 0 0 0 0 0 0 145 879 0 0 0 0 0 0 9 1015 0 
0 0 0 0 0 365 642 17 0 0 0 0 0 2 1004 18 0 0 0 0 0 0 854 170 
0 0 0 0 0 0 448 576 0 0 0 0 0 0 417 607 0 0 0 0 0 0 265 759 
0 0 0 0 0 0 91 933 0 0 0 0 0 0 37 987 0 0 0 0 0 0 0 1024 
0 0 0 0 0 0 9 1015 0 0 0 0 0 0 7 1017 0 0 0 0 0 0 4 1020 
0 0 0 197 151 35 97 544 0 0 0 67 267 35 104 551 0 0 0 65 253 35 72 599 
0 34 966 24 0 0 0 0 0 0 757 267 0 0 0 0 0 20 996 8 0 0 0 0 
0 18 983 23 0 0 0 0 0 0 659 365 0 0 0 0 0 14 1008 2 0 0 0 0 
0 5 994 25 0 0 0 0 0 0 457 567 0 0 0 0 0 8 1015 1 0 0 0 0 
0 9 1012 3 0 0 0 0 0 0 551 473 0 0 0 0 0 5 1018 1 0 0 0 0 
0 6 798 159 53 8 0 0 0 0 496 477 50 1 0 0 0 5 849 150 20 0 0 0 
0 0 454 405 134 29 2 0 0 0 258 618 135 12 1 0 0 0 606 365 51 2 0 0 
0 0 536 444 40 4 0 0 0 0 277 708 38 1 0 0 0 1 730 283 10 0 0 0 
0 0 497 502 25 0 0 0 0 0 195 804 25 0 0 0 0 0 622 397 5 0 0 0 
0 0 220 555 112 86 46 5 0 0 120 672 144 77 10 1 0 0 318 545 138 21 2 0 
0 0 177 677 85 59 24 2 0 0 70 782 109 60 3 0 0 0 368 542 92 22 0 0 
0 0 99 912 12 1 0 0 0 0 5 861 158 0 0 0 0 0 350 665 9 0 0 0 
0 0 119 900 5 0 0 0 0 0 0 875 149 0 0 0 0 0 74 946 4 0 0 0 
0 0 97 815 87 25 0 0 0 0 2 921 93 8 0 0 0 0 9 940 74 1 0 0 
0 0 5 385 207 282 145 0 0 0 0 414 281 319 10 0 0 0 1 465 429 129 0 0 
0 0 0 825 141 56 2 0 0 0 0 816 171 37 0 0 0 0 0 882 138 4 0 0 
0 0 0 972 49 3 0 0 0 0 0 771 251 2 0 0 0 0 0 997 26 1 0 0 
0 0 0 940 83 1 0 0 0 0 0 437 586 1 0 0 0 0 0 833 190 1 0 0 
0 0 0 299 484 241 0 0 0 0 0 198 658 168 0 0 0 0 0 178 764 82 0 0 
0 0 0 495 295 213 21 0 0 0 0 364 453 206 1 0 0 0 0 99 753 172 0 0 
0 0 0 913 98 13 0 0 0 0 0 237 773 14 0 0 0 0 0 27 982 15 0 0 
0 0 0 960 64 0 0 0 0 0 0 9 1015 0 0 0 0 0 0 1 1023 0 0 0 
0 0 0 342 682 0 0 0 0 0 0 0 1024 0 0 0 0 0 0 0 1023 1 0 0 
0 0 0 0 1002 22 0 0 0 0 0 0 999 25 0 0 0 0 0 0 809 215 0 0 
0 0 0 0 1002 22 0 0 0 0 0 0 606 418 0 0 0 0 0 0 242 782 0 0 
0 0 0 0 929 95 0 0 0 0 0 0 45 979 0 0 0 0 0 0 0 1024 0 0 
0 0 0 0 181 841 2 0 0 0 0 0 0 1023 1 0 0 0 0 0 0 988 36 0 
0 0 0 0 0 1024 0 0 0 0 0 0 0 990 34 0 0 0 0 0 0 650 374 0 
0 0 0 0 0 1016 8 0 0 0 0 0 0 646 378 0 0 0 0 0 0 163 861 0 
0 0 0 0 0 308 716 0 0 0 0 0 0 46 978 0 0 0 0 0 0 0 970 54 
0 0 0 0 0 0 977 47 0 0 0 0 0 0 829 195 0 0 0 0 0 0 334 690 
0 0 0 287 170 56 255 256 0 0 0 151 293 45 229 306 0 0 0 113 307 46 193 365 
0 0 23 872 108 20 1 0 0 0 0 702 312 8 2 0 0 0 29 694 289 8 3 1 
0 58 959 7 0 0 0 0 0 0 902 122 0 0 0 0 0 36 983 5 0 0 0 0 
0 11 1007 6 0 0 0 0 0 0 535 489 0 0 0 0 0 44 980 0 0 0 0 0 
0 16 1001 7 0 0 0 0 0 0 436 588 0 0 0 0 0 30 994 0 0 0 0 0 
0 29 994 1 0 0 0 0 0 0 784 240 0 0 0 0 0 27 997 0 0 0 0 0 
0 21 983 20 0 0 0 0 0 0 745 279 0 0 0 0 0 25 993 6 0 0 0 0 
0 9 729 238 37 11 0 0 0 0 493 485 42 4 0 0 0 8 808 186 22 0 0 0 
0 4 810 192 18 0 0 0 0 0 420 587 17 0 0 0 0 2 929 86 7 0 0 0 
0 2 711 279 31 1 0 0 0 0 233 765 26 0 0 0 0 1 840 174 9 0 0 0 
0 0 677 334 11 2 0 0 0 0 56 946 21 1 0 0 0 0 904 115 5 0 0 0 
0 0 328 637 38 18 3 0 0 0 22 939 50 12 1 0 0 1 735 252 30 6 0 0 
0 0 316 708 0 0 0 0 0 0 33 985 6 0 0 0 0 0 746 278 0 0 0 0 
0 0 131 888 5 0 0 0 0 0 40 829 155 0 0 0 0 0 470 552 2 0 0 0 
0 0 56 915 38 15 0 0 0 0 0 714 305 5 0 0 0 0 142 850 30 2 0 0 
0 0 18 698 117 152 39 0 0 0 4 691 189 139 1 0 0 0 19 755 234 16 0 0 
0 0 2 814 158 45 5 0 0 0 0 821 171 32 0 0 0 0 1 870 145 8 0 0 
0 0 5 931 65 21 2 0 0 0 0 903 107 14 0 0 0 0 0 947 68 9 0 0 
0 0 0 896 103 24 1 0 0 0 0 644 371 9 0 0 0 0 0 934 85 5 0 0 
0 0 0 958 66 0 0 0 0 0 0 203 821 0 0 0 0 0 0 956 68 0 0 0 
0 0 0 997 26 1 0 0 0 0 0 758 265 1 0 0 0 0 0 760 263 1 0 0 
0 0 0 979 45 0 0 0 0 0 0 624 400 0 0 0 0 0 0 343 681 0 0 0 
0 0 0 809 208 7 0 0 0 0 0 144 874 6 0 0 0 0 0 21 1000 3 0 0 
0 0 0 774 250 0 0 0 0 0 0 6 1018 0 0 0 0 0 0 5 1019 0 0 0 
0 0 0 291 733 0 0 0 0 0 0 0 1024 0 0 0 0 0 0 0 1021 3 0 0 
0 0 0 12 1012 0 0 0 0 0 0 0 1024 0 0 0 0 0 0 0 989 35 0 0 
0 0 0 0 1024 0 0 0 0 0 0 0 406 618 0 0 0 0 0 0 172 852 0 0 
0 0 0 0 686 338 0 0 0 0 0 0 5 1019 0 0 0 0 0 0 0 1021 3 0 
0 0 0 0 173 851 0 0 0 0 0 0 0 1024 0 0 0 0 0 0 0 1023 1 0 
0 0 0 0 13 1011 0 0 0 0 0 0 0 1024 0 0 0 0 0 0 0 1000 24 0 
0 0 0 0 5 993 26 0 0 0 0 0 3 619 402 0 0 0 0 0 0 446 578 0 
0 0 16 446 52 187 323 0 0 0 0 417 84 49 474 0 0 0 0 373 108 39 503 1 
0 0 64 858 94 7 1 0 0 0 0 783 231 5 5 0 0 0 5 898 109 6 6 0 
0 0 152 689 183 0 0 0 0 0 45 539 437 3 0 0 0 5 439 501 79 0 0 0 
0 195 829 0 0 0 0 0 0 5 961 58 0 0 0 0 0 204 820 0 0 0 0 0 
0 31 993 0 0 0 0 0 0 0 764 260 0 0 0 0 0 114 910 0 0 0 0 0 
0 21 979 24 0 0 0 0 0 1 474 549 0 0 0 0 0 55 969 0 0 0 0 0 
0 80 937 7 0 0 0 0 0 0 693 331 0 0 0 0 0 76 948 0 0 0 0 0 
0 62 951 11 0 0 0 0 0 1 699 324 0 0 0 0 0 41 983 0 0 0 0 0 
0 47 954 23 0 0 0 0 0 0 627 397 0 0 0 0 0 37 983 4 0 0 0 0 
0 26 928 70 0 0 0 0 0 0 391 632 1 0 0 0 0 18 999 7 0 0 0 0 
0 1 857 166 0 0 0 0 0 0 254 769 1 0 0 0 0 7 989 28 0 0 0 0 
0 0 565 382 67 10 0 0 0 0 215 723 81 5 0 0 0 0 804 196 22 2 0 0 
0 1 447 531 41 4 0 0 0 0 94 885 42 3 0 0 0 2 810 192 20 0 0 0 
0 0 348 676 0 0 0 0 0 0 23 992 9 0 0 0 0 0 924 100 0 0 0 0 
0 0 321 698 5 0 0 0 0 0 45 928 51 0 0 0 0 1 736 287 0 0 0 0 
0 0 128 877 19 0 0 0 0 0 18 850 156 0 0 0 0 0 502 521 1 0 0 0 
0 0 27 936 55 5 1 0 0 0 3 734 285 2 0 0 0 0 223 772 27 2 0 0 
0 0 179 844 1 0 0 0 0 0 1 967 56 0 0 0 0 0 65 958 1 0 0 0 
0 0 31 983 10 0 0 0 0 0 0 980 44 0 0 0 0 0 9 1008 7 0 0 0 
0 0 1 967 52 4 0 0 0 0 0 942 79 3 0 0 0 0 0 984 40 0 0 0 
0 0 3 930 83 8 0 0 0 0 0 599 423 2 0 0 0 0 0 969 54 1 0 0 
0 0 0 949 74 1 0 0 0 0 0 164 859 1 0 0 0 0 0 1007 17 0 0 0 
0 0 0 930 90 4 0 0 0 0 0 607 415 2 0 0 0 0 0 797 226 1 0 0 
0 0 0 921 101 2 0 0 0 0 0 501 521 2 0 0 0 0 0 406 618 0 0 0 
0 0 0 1002 22 0 0 0 0 0 0 174 850 0 0 0 0 0 0 426 598 0 0 0 
0 0 0 505 497 22 0 0 0 0 0 15 996 13 0 0 0 0 0 34 979 11 0 0 
0 0 0 186 838 0 0 0 0 0 0 1 1023 0 0 0 0 0 0 0 1023 1 0 0 
0 0 0 3 1012 9 0 0 0 0 0 0 951 73 0 0 0 0 0 0 678 346 0 0 
0 0 0 0 1006 18 0 0 0 0 0 0 557 467 0 0 0 0 0 0 68 956 0 0 
0 0 0 0 614 410 0 0 0 0 0 0 61 963 0 0 0 0 0 0 0 1024 0 0 
0 0 0 23 80 896 25 0 0 0 0 18 14 973 19 0 0 0 0 14 16 984 10 0 
0 0 101 540 75 308 0 0 0 0 0 585 93 346 0 0 0 0 0 585 71 368 0 0 
0 0 215 807 2 0 0 0 0 0 10 990 24 0 0 0 0 3 95 926 0 0 0 0 
0 2 364 612 46 0 0 0 0 0 171 731 122 0 0 0 0 16 713 295 0 0 0 0 
0 0 299 672 53 0 0 0 0 0 83 756 181 4 0 0 0 12 941 71 0 0 0 0 
0 313 702 9 0 0 0 0 0 3 965 56 0 0 0 0 0 396 624 4 0 0 0 0 
0 56 968 0 0 0 0 0 0 0 699 325 0 0 0 0 0 261 763 0 0 0 0 0 
0 26 976 22 0 0 0 0 0 0 437 587 0 0 0 0 0 140 884 0 0 0 0 0 
0 75 948 1 0 0 0 0 0 0 666 358 0 0 0 0 0 150 874 0 0 0 0 0 
0 55 965 4 0 0 0 0 0 3 554 467 0 0 0 0 0 66 958 0 0 0 0 0 
0 48 944 32 0 0 0 0 0 0 409 615 0 0 0 0 0 44 979 1 0 0 0 0 
0 53 930 41 0 0 0 0 0 0 447 577 0 0 0 0 0 38 985 1 0 0 0 0 
0 17 911 96 0 0 0 0 0 0 291 733 0 0 0 0 0 27 993 4 0 0 0 0 
0 21 712 277 12 2 0 0 0 0 243 769 12 0 0 0 0 22 950 47 5 0 0 0 
0 1 655 364 2 2 0 0 0 0 199 811 12 2 0 0 0 7 980 35 2 0 0 0 
0 2 480 532 9 1 0 0 0 0 144 863 17 0 0 0 0 2 924 95 3 0 0 0 
0 0 496 528 0 0 0 0 0 0 77 928 19 0 0 0 0 1 942 81 0 0 0 0 
0 0 232 792 0 0 0 0 0 0 15 995 14 0 0 0 0 1 908 115 0 0 0 0 
0 0 51 954 19 0 0 0 0 0 5 865 154 0 0 0 0 0 673 351 0 0 0 0 
0 0 24 951 49 0 0 0 0 0 1 591 432 0 0 0 0 0 379 645 0 0 0 0 
0 0 129 852 43 0 0 0 0 0 1 875 148 0 0 0 0 0 139 873 12 0 0 0 
0 0 10 1014 0 0 0 0 0 0 0 936 88 0 0 0 0 0 9 1015 0 0 0 0 
0 0 2 1022 0 0 0 0 0 0 0 997 27 0 0 0 0 0 0 1024 0 0 0 0 
0 0 1 914 96 12 1 0 0 0 0 772 244 8 0 0 0 0 0 966 53 5 0 0 
0 0 0 844 180 0 0 0 0 0 0 224 800 0 0 0 0 0 0 1006 18 0 0 0 
0 0 0 936 88 0 0 0 0 0 0 651 373 0 0 0 0 0 0 846 178 0 0 0 
0 0 0 998 26 0 0 0 0 0 0 594 430 0 0 0 0 0 0 926 98 0 0 0 
0 0 0 722 294 8 0 0 0 0 0 297 721 6 0 0 0 0 0 173 847 4 0 0 
0 0 0 338 686 0 0 0 0 0 0 19 1005 0 0 0 0 0 0 1 1023 0 0 0 
0 0 0 46 960 18 0 0 0 0 0 0 1007 17 0 0 0 0 0 0 1006 18 0 0 
0 0 0 0 1019 5 0 0 0 0 0 0 1002 22 0 0 0 0 0 0 830 194 0 0 
0 0 0 64 916 28 16 0 0 0 0 54 663 294 13 0 0 0 0 50 391 578 5 0 
0 0 182 493 207 35 99 8 0 0 0 663 128 131 102 0 0 0 1 649 126 154 94 0 
0 0 350 663 11 0 0 0 0 0 0 979 45 0 0 0 0 0 67 955 2 0 0 0 
0 0 96 762 166 0 0 0 0 0 9 547 468 0 0 0 0 2 498 524 0 0 0 0 
0 4 180 740 100 0 0 0 0 1 38 587 397 1 0 0 0 26 760 238 0 0 0 0 
0 45 652 300 27 0 0 0 0 6 426 478 114 0 0 0 0 243 727 54 0 0 0 0 
0 183 831 10 0 0 0 0 0 28 930 66 0 0 0 0 0 224 800 0 0 0 0 0 
0 259 764 1 0 0 0 0 0 8 905 111 0 0 0 0 0 516 508 0 0 0 0 0 
0 59 937 28 0 0 0 0 0 0 604 420 0 0 0 0 0 279 745 0 0 0 0 0 
0 51 956 17 0 0 0 0 0 0 494 530 0 0 0 0 0 188 836 0 0 0 0 0 
0 111 910 3 0 0 0 0 0 1 604 419 0 0 0 0 0 198 826 0 0 0 0 0 
0 59 933 32 0 0 0 0 0 2 477 545 0 0 0 0 0 78 943 3 0 0 0 0 
0 113 868 43 0 0 0 0 0 6 536 482 0 0 0 0 0 72 949 3 0 0 0 0 
0 56 884 84 0 0 0 0 0 0 450 574 0 0 0 0 0 54 966 4 0 0 0 0 
0 13 770 241 0 0 0 0 0 0 235 788 1 0 0 0 0 27 985 12 0 0 0 0 
0 2 665 357 0 0 0 0 0 0 91 930 3 0 0 0 0 7 1008 9 0 0 0 0 
0 5 536 483 0 0 0 0 0 0 82 922 20 0 0 0 0 15 982 27 0 0 0 0 
0 3 594 427 0 0 0 0 0 0 154 830 40 0 0 0 0 13 960 51 0 0 0 0 
0 0 406 618 0 0 0 0 0 0 54 925 45 0 0 0 0 3 930 91 0 0 0 0 
0 0 228 762 32 1 1 0 0 0 28 891 103 1 1 0 0 0 828 187 8 1 0 0 
0 0 98 914 12 0 0 0 0 0 2 834 188 0 0 0 0 0 773 251 0 0 0 0 
0 0 52 850 122 0 0 0 0 0 11 621 392 0 0 0 0 0 484 539 1 0 0 0 
0 0 69 879 76 0 0 0 0 0 8 841 175 0 0 0 0 0 125 899 0 0 0 0 
0 0 5 1001 15 3 0 0 0 0 0 983 41 0 0 0 0 0 4 1014 6 0 0 0 
0 0 22 953 40 9 0 0 0 0 0 968 51 5 0 0 0 0 2 988 32 2 0 0 
0 0 1 656 266 89 12 0 0 0 0 682 285 56 1 0 0 0 2 768 239 15 0 0 
0 0 0 972 52 0 0 0 0 0 0 443 581 0 0 0 0 0 0 1007 17 0 0 0 
0 0 0 978 40 6 0 0 0 0 0 752 267 5 0 0 0 0 0 975 48 1 0 0 
0 0 0 903 121 0 0 0 0 0 0 672 352 0 0 0 0 0 0 676 348 0 0 0 
0 0 0 738 286 0 0 0 0 0 0 210 814 0 0 0 0 0 0 134 890 0 0 0 
0 0 2 302 631 89 0 0 0 0 0 54 917 53 0 0 0 0 0 48 930 46 0 0 
0 0 4 234 744 27 15 0 0 0 0 211 776 29 8 0 0 0 0 220 771 33 0 0 
0 0 129 735 160 0 0 0 0 0 0 848 176 0 0 0 0 0 6 849 168 1 0 0 
0 0 425 566 33 0 0 0 0 0 16 967 41 0 0 0 0 4 101 906 13 0 0 0 
0 5 410 591 18 0 0 0 0 0 169 805 50 0 0 0 0 70 749 203 2 0 0 0 
0 3 221 727 73 0 0 0 0 0 89 679 255 1 0 0 0 31 860 133 0 0 0 0 
0 5 512 490 17 0 0 0 0 1 173 698 152 0 0 0 0 192 794 38 0 0 0 0 
0 1 146 787 90 0 0 0 0 0 27 634 362 1 0 0 0 36 880 108 0 0 0 0 
0 297 718 9 0 0 0 0 0 34 922 68 0 0 0 0 0 552 471 1 0 0 0 0 
0 173 796 55 0 0 0 0 0 22 634 366 2 0 0 0 0 334 687 3 0 0 0 0 
0 185 802 37 0 0 0 0 0 2 862 159 1 0 0 0 0 420 602 2 0 0 0 0 
0 58 903 63 0 0 0 0 0 0 441 583 0 0 0 0 0 216 808 0 0 0 0 0 
0 117 829 78 0 0 0 0 0 1 579 442 2 0 0 0 0 342 679 3 0 0 0 0 
0 17 969 38 0 0 0 0 0 0 409 614 1 0 0 0 0 200 823 1 0 0 0 0 
0 8 906 110 0 0 0 0 0 0 250 774 0 0 0 0 0 80 944 0 0 0 0 0 
0 30 805 187 2 0 0 0 0 1 336 679 8 0 0 0 0 69 951 4 0 0 0 0 
0 21 790 213 0 0 0 0 0 0 256 762 6 0 0 0 0 75 942 7 0 0 0 0 
0 22 755 247 0 0 0 0 0 0 278 737 9 0 0 0 0 69 948 7 0 0 0 0 
0 3 609 412 0 0 0 0 0 0 102 887 35 0 0 0 0 33 981 10 0 0 0 0 
0 11 690 323 0 0 0 0 0 0 211 801 12 0 0 0 0 26 983 15 0 0 0 0 
0 9 592 423 0 0 0 0 0 0 147 865 12 0 0 0 0 16 976 32 0 0 0 0 
0 0 239 785 0 0 0 0 0 0 17 980 27 0 0 0 0 7 978 39 0 0 0 0 
0 0 243 781 0 0 0 0 0 0 20 975 29 0 0 0 0 1 963 60 0 0 0 0 
0 0 172 829 18 5 0 0 0 0 34 934 56 0 0 0 0 0 804 217 3 0 0 0 
0 0 70 852 102 0 0 0 0 0 16 710 298 0 0 0 0 0 316 708 0 0 0 0 
0 0 86 814 124 0 0 0 0 0 10 775 239 0 0 0 0 0 195 823 6 0 0 0 
0 0 119 847 42 16 0 0 0 0 3 959 55 7 0 0 0 0 54 941 29 0 0 0 
0 0 19 762 187 56 0 0 0 0 2 797 190 35 0 0 0 0 7 854 155 8 0 0 
0 0 10 780 162 63 8 1 0 0 3 765 218 37 1 0 0 0 2 843 163 15 1 0 
0 0 0 944 79 1 0 0 0 0 0 649 375 0 0 0 0 0 0 968 56 0 0 0 
0 0 0 968 49 7 0 0 0 0 0 838 186 0 0 0 0 0 0 940 84 0 0 0 
0 0 0 862 79 16 66 1 0 0 0 443 503 36 42 0 0 0 0 551 398 71 4 0 
0 0 70 714 135 22 83 0 0 0 8 620 293 43 60 0 0 0 0 600 326 91 7 0 
0 0 166 845 13 0 0 0 0 0 2 1012 10 0 0 0 0 0 0 1017 7 0 0 0 
0 0 144 850 30 0 0 0 0 0 36 965 23 0 0 0 0 1 105 907 11 0 0 0 
0 1 312 630 81 0 0 0 0 0 119 704 201 0 0 0 0 43 763 218 0 0 0 0 
0 0 180 715 129 0 0 0 0 0 42 635 347 0 0 0 0 49 819 156 0 0 0 0 
0 32 300 645 47 0 0 0 0 5 171 549 298 1 0 0 0 212 764 48 0 0 0 0 
0 52 468 474 30 0 0 0 0 8 273 620 123 0 0 0 0 289 709 26 0 0 0 0 
0 11 471 505 37 0 0 0 0 0 184 688 152 0 0 0 0 331 659 34 0 0 0 0 
0 354 669 1 0 0 0 0 0 22 943 59 0 0 0 0 0 796 228 0 0 0 0 0 
0 240 775 9 0 0 0 0 0 13 838 173 0 0 0 0 0 614 410 0 0 0 0 0 
0 33 849 140 2 0 0 0 0 0 432 589 3 0 0 0 0 176 832 16 0 0 0 0 
0 28 806 187 3 0 0 0 0 1 418 595 10 0 0 0 0 128 881 15 0 0 0 0 
0 78 819 127 0 0 0 0 0 1 467 554 2 0 0 0 0 321 703 0 0 0 0 0 
0 104 865 55 0 0 0 0 0 5 567 452 0 0 0 0 0 291 732 1 0 0 0 0 
0 36 900 80 8 0 0 0 0 0 555 459 10 0 0 0 0 220 788 16 0 0 0 0 
0 51 893 76 3 1 0 0 0 2 588 430 3 1 0 0 0 199 818 5 2 0 0 0 
0 34 832 150 5 0 3 0 0 1 442 566 12 0 3 0 0 121 869 31 1 2 0 0 
0 13 784 227 0 0 0 0 0 0 286 725 13 0 0 0 0 145 870 9 0 0 0 0 
0 16 715 293 0 0 0 0 0 0 206 799 19 0 0 0 0 94 924 6 0 0 0 0 
0 7 689 328 0 0 0 0 0 1 172 832 19 0 0 0 0 51 962 11 0 0 0 0 
0 9 703 312 0 0 0 0 0 0 193 819 12 0 0 0 0 31 984 9 0 0 0 0 
0 0 499 525 0 0 0 0 0 0 54 955 15 0 0 0 0 15 994 15 0 0 0 0 
0 0 283 741 0 0 0 0 0 0 22 990 12 0 0 0 0 8 999 17 0 0 0 0 
0 1 348 662 11 2 0 0 0 0 97 893 34 0 0 0 0 6 876 135 7 0 0 0 
0 2 188 559 176 90 9 0 0 0 112 592 281 38 1 0 0 0 370 541 107 6 0 0 
0 0 102 859 58 5 0 0 0 0 42 866 115 1 0 0 0 0 382 627 15 0 0 0 
0 0 107 895 22 0 0 0 0 0 6 896 122 0 0 0 0 0 271 752 1 0 0 0 
0 0 163 766 73 22 0 0 0 0 7 917 93 7 0 0 0 0 79 877 66 2 0 0 
0 0 71 452 232 233 36 0 0 0 2 552 339 130 1 0 0 0 8 633 357 26 0 0 
0 0 0 259 236 459 70 0 0 0 0 247 436 341 0 0 0 0 0 332 597 95 0 0 
0 0 0 675 235 89 25 0 0 0 0 674 262 83 5 0 0 0 0 753 246 25 0 0 
0 0 46 679 178 73 48 0 0 0 2 675 242 91 14 0 0 0 10 777 156 79 2 0 
0 0 61 841 104 18 0 0 0 0 8 881 134 1 0 0 0 0 16 953 55 0 0 0 
0 0 15 989 20 0 0 0 0 0 3 992 29 0 0 0 0 0 132 887 5 0 0 0 
0 0 144 868 12 0 0 0 0 0 76 869 79 0 0 0 0 24 440 560 0 0 0 0 
0 2 157 773 92 0 0 0 0 0 49 685 290 0 0 0 0 52 806 166 0 0 0 0 
0 10 554 458 2 0 0 0 0 0 259 717 48 0 0 0 0 297 720 7 0 0 0 0 
0 53 479 465 27 0 0 0 0 5 266 604 149 0 0 0 0 321 672 31 0 0 0 0 
0 2 200 722 100 0 0 0 0 0 59 598 361 6 0 0 0 111 872 41 0 0 0 0 
0 14 207 705 98 0 0 0 0 1 120 597 306 0 0 0 0 207 807 10 0 0 0 0 
0 580 444 0 0 0 0 0 0 59 939 26 0 0 0 0 0 949 75 0 0 0 0 0 
0 376 648 0 0 0 0 0 0 18 935 71 0 0 0 0 0 791 233 0 0 0 0 0 
0 64 877 83 0 0 0 0 0 5 458 561 0 0 0 0 0 243 781 0 0 0 0 0 
0 54 914 56 0 0 0 0 0 2 531 490 1 0 0 0 0 386 637 1 0 0 0 0 
0 46 832 146 0 0 0 0 0 0 464 560 0 0 0 0 0 224 798 2 0 0 0 0 
0 113 902 9 0 0 0 0 0 2 603 419 0 0 0 0 0 436 588 0 0 0 0 0 
0 28 832 164 0 0 0 0 0 3 312 708 1 0 0 0 0 210 814 0 0 0 0 0 
0 16 870 138 0 0 0 0 0 1 352 664 7 0 0 0 0 280 743 1 0 0 0 0 
0 25 817 181 1 0 0 0 0 1 269 740 14 0 0 0 0 188 833 3 0 0 0 0 
0 26 763 235 0 0 0 0 0 0 314 701 9 0 0 0 0 169 851 4 0 0 0 0 
0 25 764 235 0 0 0 0 0 1 286 726 11 0 0 0 0 210 812 2 0 0 0 0 
0 14 835 175 0 0 0 0 0 0 286 733 5 0 0 0 0 147 869 8 0 0 0 0 
0 5 674 343 2 0 0 0 0 0 216 803 5 0 0 0 0 63 946 15 0 0 0 0 
0 2 633 387 2 0 0 0 0 0 101 911 12 0 0 0 0 37 977 10 0 0 0 0 
0 0 335 688 1 0 0 0 0 0 29 952 43 0 0 0 0 12 988 24 0 0 0 0 
0 0 353 662 8 1 0 0 0 0 39 963 22 0 0 0 0 0 943 79 2 0 0 0 
0 0 367 579 67 9 1 1 0 0 182 763 73 5 1 0 0 1 732 260 30 0 1 0 
0 0 164 714 138 7 1 0 0 0 68 828 125 3 0 0 0 0 515 470 38 1 0 0 
0 0 302 719 3 0 0 0 0 0 36 983 5 0 0 0 0 0 620 402 2 0 0 0 
0 0 344 666 13 1 0 0 0 0 52 953 18 1 0 0 0 0 350 666 8 0 0 0 
0 0 43 712 179 48 39 3 0 0 1 773 192 41 17 0 0 0 31 850 115 28 0 0 
0 0 3 156 255 375 230 5 0 0 0 208 358 426 31 1 0 0 1 294 528 198 3 0 
0 0 38 387 222 227 148 2 0 0 7 450 248 275 44 0 0 0 34 504 281 201 4 0 
0 0 116 791 101 5 11 0 0 0 1 896 111 11 5 0 0 0 144 799 66 15 0 0 
0 0 21 968 35 0 0 0 0 0 0 981 43 0 0 0 0 0 350 657 17 0 0 0 
0 0 50 903 71 0 0 0 0 0 12 954 58 0 0 0 0 11 196 796 21 0 0 0 
0 27 243 731 23 0 0 0 0 17 108 782 117 0 0 0 0 144 787 93 0 0 0 0 
0 55 382 550 37 0 0 0 0 19 228 623 154 0 0 0 1 287 675 61 0 0 0 0 
0 14 421 583 6 0 0 0 0 0 181 742 101 0 0 0 0 269 749 6 0 0 0 0 
0 0 125 790 109 0 0 0 0 0 33 465 526 0 0 0 0 62 929 33 0 0 0 0 
0 0 36 921 67 0 0 0 0 0 3 558 458 5 0 0 0 60 958 6 0 0 0 0 
0 2 95 823 104 0 0 0 0 0 16 662 344 2 0 0 0 158 832 34 0 0 0 0 
0 654 329 27 14 0 0 0 0 174 806 38 6 0 0 0 0 894 108 22 0 0 0 0 
0 345 679 0 0 0 0 0 0 65 936 23 0 0 0 0 0 814 210 0 0 0 0 0 
0 82 934 8 0 0 0 0 0 9 788 227 0 0 0 0 0 542 482 0 0 0 0 0 
0 39 919 66 0 0 0 0 0 0 483 539 2 0 0 0 0 264 758 2 0 0 0 0 
0 51 818 146 9 0 0 0 0 9 470 537 8 0 0 0 0 202 808 14 0 0 0 0 
0 226 444 309 45 0 0 0 0 63 563 378 20 0 0 0 0 317 625 82 0 0 0 0 
0 59 883 81 1 0 0 0 0 3 566 454 1 0 0 0 0 321 696 7 0 0 0 0 
0 35 838 151 0 0 0 0 0 0 339 680 5 0 0 0 0 321 702 1 0 0 0 0 
0 32 798 188 6 0 0 0 0 5 500 511 8 0 0 0 0 246 766 12 0 0 0 0 
0 30 774 220 0 0 0 0 0 1 326 687 10 0 0 0 0 239 784 1 0 0 0 0 
0 17 709 298 0 0 0 0 0 1 234 773 16 0 0 0 0 199 817 8 0 0 0 0 
0 8 695 321 0 0 0 0 0 0 245 764 15 0 0 0 0 158 863 3 0 0 0 0 
0 5 667 351 1 0 0 0 0 0 157 848 19 0 0 0 0 105 910 9 0 0 0 0 
0 0 236 538 221 27 2 0 0 0 55 774 191 4 0 0 0 20 730 265 7 2 0 0 
0 0 391 626 7 0 0 0 0 0 77 903 44 0 0 0 0 18 961 43 2 0 0 0 
0 0 104 721 117 71 11 0 0 1 49 804 139 31 0 0 0 4 750 201 64 5 0 0 
0 0 320 586 86 30 2 0 0 0 165 759 86 14 0 0 0 4 763 224 33 0 0 0 
0 1 329 507 145 41 1 0 0 0 147 686 181 10 0 0 0 4 604 330 85 1 0 0 
0 0 462 524 23 14 1 0 0 0 211 768 38 7 0 0 0 0 768 233 22 1 0 0 
0 0 395 591 14 11 13 0 0 0 104 885 14 17 4 0 0 0 686 310 18 10 0 0 
0 0 42 129 28 38 655 132 0 0 8 175 29 269 543 0 0 0 78 119 78 705 44 0 
0 0 78 356 103 96 363 28 0 0 11 456 83 308 166 0 0 0 121 384 150 362 7 0 
0 0 178 846 0 0 0 0 0 0 8 1016 0 0 0 0 0 0 552 472 0 0 0 0 
0 0 117 874 33 0 0 0 0 0 5 979 40 0 0 0 0 0 678 338 8 0 0 0 
0 1 175 699 149 0 0 0 0 0 32 843 149 0 0 0 0 19 343 621 41 0 0 0 
0 26 347 578 73 0 0 0 0 7 209 642 165 1 0 0 0 216 616 182 10 0 0 0 
0 56 576 383 9 0 0 0 0 4 419 563 38 0 0 0 0 476 538 10 0 0 0 0 
0 18 307 545 154 0 0 0 0 1 136 584 297 6 0 0 0 238 676 110 0 0 0 0 
0 0 45 676 303 0 0 0 0 0 11 386 610 17 0 0 0 63 818 143 0 0 0 0 
0 0 42 899 83 0 0 0 0 0 0 562 461 1 0 0 0 124 894 6 0 0 0 0 
0 0 114 806 104 0 0 0 0 0 12 616 396 0 0 0 0 277 747 0 0 0 0 0 
0 8 222 598 196 0 0 0 0 0 129 620 273 2 0 0 3 433 558 30 0 0 0 0 
0 727 297 0 0 0 0 0 0 205 817 2 0 0 0 0 0 1007 17 0 0 0 0 0 
0 194 830 0 0 0 0 0 0 78 824 122 0 0 0 0 0 759 265 0 0 0 0 0 
0 82 940 2 0 0 0 0 0 10 736 278 0 0 0 0 0 720 304 0 0 0 0 0 
0 50 921 52 1 0 0 0 0 5 625 394 0 0 0 0 0 404 618 2 0 0 0 0 
0 90 886 48 0 0 0 0 0 45 635 344 0 0 0 0 0 236 786 2 0 0 0 0 
0 55 644 325 0 0 0 0 0 21 344 659 0 0 0 0 0 120 904 0 0 0 0 0 
0 206 667 122 29 0 0 0 0 34 740 242 8 0 0 0 0 370 596 58 0 0 0 0 
0 46 904 74 0 0 0 0 0 1 553 470 0 0 0 0 0 331 688 5 0 0 0 0 
0 39 858 119 8 0 0 0 0 0 470 552 2 0 0 0 0 326 679 19 0 0 0 0 
0 55 833 95 32 9 0 0 0 1 622 368 32 1 0 0 0 249 732 40 3 0 0 0 
0 26 782 170 26 20 0 0 0 1 521 461 34 7 0 0 0 208 763 40 13 0 0 0 
0 25 698 262 33 6 0 0 0 4 460 527 32 1 0 0 0 161 797 59 7 0 0 0 
0 11 500 302 184 27 0 0 0 4 316 544 158 2 0 0 0 60 682 248 34 0 0 0 
0 0 245 287 321 166 5 0 0 0 149 440 398 37 0 0 0 12 472 333 207 0 0 0 
0 4 218 589 177 35 1 0 0 0 155 701 160 8 0 0 0 10 650 318 46 0 0 0 
0 9 474 419 106 16 0 0 0 0 303 610 107 4 0 0 0 18 735 243 27 1 0 0 
0 8 631 308 57 20 0 0 0 2 463 496 60 3 0 0 0 9 856 135 24 0 0 0 
0 2 473 469 73 7 0 0 0 0 302 648 72 2 0 0 0 5 741 261 17 0 0 0 
0 0 648 326 45 5 0 0 0 0 293 690 37 4 0 0 0 1 872 130 21 0 0 0 
0 0 595 359 65 5 0 0 0 0 259 702 62 1 0 0 0 0 787 205 32 0 0 0 
0 0 185 503 31 33 263 9 0 0 42 643 41 168 130 0 0 0 464 252 70 235 3 0 
0 0 1 74 56 176 700 17 0 0 1 95 51 757 120 0 0 0 4 115 408 497 0 0 
0 0 142 689 92 63 29 9 0 0 22 827 84 68 22 1 0 0 449 446 101 25 3 0 
0 0 215 746 63 0 0 0 0 0 22 876 126 0 0 0 0 28 554 434 8 0 0 0 
0 70 347 581 26 0 0 0 0 16 238 635 135 0 0 0 0 262 691 71 0 0 0 0 
2 166 344 432 80 0 0 0 0 79 293 430 222 0 0 0 3 485 511 25 0 0 0 0 
0 2 117 516 389 0 0 0 0 0 34 347 598 45 0 0 0 83 705 236 0 0 0 0 
0 0 109 673 242 0 0 0 0 0 17 474 514 19 0 0 0 83 825 116 0 0 0 0 
0 6 209 603 206 0 0 0 0 1 100 540 380 3 0 0 0 201 771 52 0 0 0 0 
0 39 166 410 409 0 0 0 0 24 121 266 608 5 0 0 7 233 766 18 0 0 0 0 
0 1 79 781 163 0 0 0 0 0 44 512 468 0 0 0 7 263 749 5 0 0 0 0 
0 0 122 863 39 0 0 0 0 0 30 790 204 0 0 0 0 503 518 3 0 0 0 0 
0 864 160 0 0 0 0 0 0 289 733 2 0 0 0 0 0 1024 0 0 0 0 0 0 
0 338 683 3 0 0 0 0 0 44 959 21 0 0 0 0 0 900 124 0 0 0 0 0 
0 137 880 7 0 0 0 0 0 35 882 107 0 0 0 0 0 731 293 0 0 0 0 0 
0 69 922 27 6 0 0 0 0 7 686 331 0 0 0 0 0 616 400 8 0 0 0 0 
0 68 808 101 40 7 0 0 0 26 559 405 32 2 0 0 0 317 648 57 2 0 0 0 
0 14 895 115 0 0 0 0 0 3 377 644 0 0 0 0 0 147 869 8 0 0 0 0 
0 304 567 153 0 0 0 0 0 93 546 385 0 0 0 0 0 417 607 0 0 0 0 0 
0 171 804 48 1 0 0 0 0 25 685 313 1 0 0 0 0 391 626 7 0 0 0 0 
0 115 832 77 0 0 0 0 0 10 632 380 2 0 0 0 0 374 650 0 0 0 0 0 
0 103 816 96 9 0 0 0 0 4 661 356 3 0 0 0 0 361 628 35 0 0 0 0 
0 61 421 196 233 112 1 0 0 5 335 422 232 30 0 0 0 145 453 373 53 0 0 0 
0 37 680 230 57 20 0 0 0 7 516 434 63 4 0 0 0 170 750 92 12 0 0 0 
0 4 278 206 199 281 56 0 0 0 182 358 307 173 4 0 0 35 426 309 243 11 0 0 
0 4 393 304 254 69 0 0 0 2 203 520 274 25 0 0 0 51 518 314 141 0 0 0 
0 2 418 529 72 3 0 0 0 0 262 716 45 1 0 0 0 18 798 203 5 0 0 0 
0 6 504 327 144 41 2 0 0 1 354 512 139 18 0 0 0 26 705 231 62 0 0 0 
0 18 560 368 71 7 0 0 0 3 443 514 60 4 0 0 0 15 822 161 26 0 0 0 
0 4 546 425 47 2 0 0 0 3 400 579 41 1 0 0 0 8 786 213 17 0 0 0 
0 1 619 401 2 1 0 0 0 0 186 832 5 1 0 0 0 5 954 63 2 0 0 0 
0 1 816 207 0 0 0 0 0 0 158 865 1 0 0 0 0 2 1007 15 0 0 0 0 
0 0 473 266 36 67 181 1 0 0 135 610 38 203 38 0 0 0 666 105 152 101 0 0 
0 1 20 152 55 37 574 185 0 0 9 133 95 284 501 2 0 14 139 64 114 643 50 0 
0 28 277 497 102 19 90 11 0 10 204 499 195 68 48 0 3 256 530 91 49 91 4 0 
0 10 229 562 223 0 0 0 0 4 135 405 471 9 0 0 1 202 693 128 0 0 0 0 
0 10 141 498 366 6 3 0 0 1 74 332 591 23 3 0 0 136 674 209 4 1 0 0 
0 0 19 445 558 2 0 0 0 0 2 194 791 37 0 0 0 33 678 313 0 0 0 0 
0 0 12 303 613 96 0 0 0 0 1 126 725 172 0 0 0 46 732 246 0 0 0 0 
0 0 8 194 514 308 0 0 0 0 0 76 570 375 3 0 0 16 537 471 0 0 0 0 
0 0 34 342 528 120 0 0 0 0 14 228 582 200 0 0 2 148 695 179 0 0 0 0 
0 0 40 421 450 113 0 0 0 0 12 274 541 197 0 0 0 221 678 125 0 0 0 0 
0 5 61 263 597 98 0 0 0 0 40 186 627 171 0 0 8 145 779 92 0 0 0 0 
0 0 56 232 602 134 0 0 0 0 17 196 623 188 0 0 0 149 737 138 0 0 0 0 
1 1001 22 0 0 0 0 0 0 751 273 0 0 0 0 0 3 1021 0 0 0 0 0 0 
0 633 391 0 0 0 0 0 0 240 783 1 0 0 0 0 1 1022 1 0 0 0 0 0 
0 452 572 0 0 0 0 0 0 159 834 31 0 0 0 0 0 981 43 0 0 0 0 0 
0 383 637 4 0 0 0 0 0 237 748 39 0 0 0 0 0 831 193 0 0 0 0 0 
0 47 949 28 0 0 0 0 0 4 743 277 0 0 0 0 0 451 573 0 0 0 0 0 
0 2 941 81 0 0 0 0 0 1 385 638 0 0 0 0 0 167 857 0 0 0 0 0 
0 19 757 247 1 0 0 0 0 15 371 635 3 0 0 0 0 111 910 3 0 0 0 0 
0 246 551 226 1 0 0 0 0 42 541 434 7 0 0 0 0 400 620 4 0 0 0 0 
0 143 812 69 0 0 0 0 0 21 687 314 2 0 0 0 0 450 574 0 0 0 0 0 
0 73 826 93 30 2 0 0 0 7 671 321 24 1 0 0 0 337 651 34 2 0 0 0 
0 157 815 52 0 0 0 0 0 8 660 355 1 0 0 0 0 413 610 1 0 0 0 0 
0 20 770 166 46 22 0 0 0 0 549 419 50 6 0 0 0 140 807 66 11 0 0 0 
0 33 727 170 45 43 6 0 0 1 433 504 64 21 1 0 0 178 717 86 40 3 0 0 
0 2 351 298 171 180 22 0 0 0 182 523 215 104 0 0 0 39 532 295 157 1 0 0 
0 0 362 476 172 14 0 0 0 0 260 612 151 1 0 0 0 15 693 277 39 0 0 0 
0 1 501 441 58 21 2 0 0 0 273 683 59 9 0 0 0 14 843 143 24 0 0 0 
0 6 575 338 76 26 3 0 0 3 384 535 82 19 1 0 0 28 774 172 43 7 0 0 
0 1 456 285 173 33 69 7 0 0 219 475 215 92 19 4 0 14 771 131 26 79 3 0 
0 0 259 172 553 33 7 0 0 0 143 230 591 58 2 0 0 7 811 182 23 1 0 0 
0 1 117 391 479 17 8 11 0 0 19 234 713 38 12 8 0 24 745 225 13 10 7 0 
0 3 84 398 538 1 0 0 0 0 41 226 731 26 0 0 0 65 644 315 0 0 0 0 
0 3 48 474 497 2 0 0 0 1 29 277 677 40 0 0 1 47 694 282 0 0 0 0 
0 1 88 404 498 33 0 0 0 0 55 274 557 138 0 0 0 103 626 295 0 0 0 0 
0 0 5 168 687 160 4 0 0 0 1 66 652 302 3 0 0 5 483 534 2 0 0 0 
0 0 2 105 552 349 16 0 0 0 2 28 489 486 19 0 0 6 419 570 15 14 0 0 
0 3 30 52 387 547 5 0 0 0 16 42 294 664 8 0 0 51 357 614 2 0 0 0 
0 0 2 96 488 437 1 0 0 0 0 43 361 618 2 0 0 29 531 463 1 0 0 0 
0 0 5 73 501 445 0 0 0 0 2 24 283 713 2 0 0 18 504 502 0 0 0 0 
0 0 0 79 611 334 0 0 0 0 0 13 489 522 0 0 0 12 684 328 0 0 0 0 
0 0 0 25 554 445 0 0 0 0 0 14 451 559 0 0 0 7 601 416 0 0 0 0 
0 0 4 170 642 208 0 0 0 0 4 171 521 328 0 0 0 114 754 156 0 0 0 0 
0 0 1 181 778 64 0 0 0 0 0 109 843 72 0 0 0 155 776 93 0 0 0 0 
1 1013 10 0 0 0 0 0 0 722 302 0 0 0 0 0 9 1015 0 0 0 0 0 0 
0 850 174 0 0 0 0 0 0 507 517 0 0 0 0 0 13 1011 0 0 0 0 0 0 
0 769 255 0 0 0 0 0 0 316 708 0 0 0 0 0 0 1023 1 0 0 0 0 0 
0 348 676 0 0 0 0 0 0 61 963 0 0 0 0 0 0 1003 21 0 0 0 0 0 
0 67 944 13 0 0 0 0 0 17 951 56 0 0 0 0 0 743 281 0 0 0 0 0 
0 10 975 36 3 0 0 0 0 1 630 392 1 0 0 0 0 448 573 3 0 0 0 0 
0 25 903 70 22 4 0 0 0 5 667 332 20 0 0 0 0 223 767 34 0 0 0 0 
0 7 527 331 120 39 0 0 0 2 376 532 105 9 0 0 0 122 686 194 22 0 0 0 
0 25 522 412 63 2 0 0 0 4 393 585 41 1 0 0 0 96 760 162 6 0 0 0 
0 26 626 296 69 7 0 0 0 6 569 407 41 1 0 0 0 212 641 165 6 0 0 0 
0 94 817 90 20 3 0 0 0 3 766 238 17 0 0 0 0 342 654 27 1 0 0 0 
0 8 251 141 174 405 45 0 0 0 207 235 391 190 1 0 0 35 349 302 333 5 0 0 
0 38 696 178 86 23 3 0 0 13 604 323 72 12 0 0 0 131 730 131 31 1 0 0 
0 34 579 211 102 95 3 0 0 4 355 492 133 40 0 0 0 105 669 168 80 2 0 0 
0 9 517 318 120 60 0 0 0 1 311 556 147 9 0 0 0 35 754 186 49 0 0 0 
0 15 191 465 257 96 0 0 0 3 146 525 166 184 0 0 0 16 746 261 1 0 0 0 
0 0 139 153 496 236 0 0 0 0 58 203 298 456 9 0 0 17 658 349 0 0 0 0 
0 0 1 82 377 471 87 6 0 0 1 37 328 560 93 5 0 1 302 566 73 75 7 0 
0 0 6 131 499 293 77 18 0 0 2 75 515 297 119 16 0 7 446 491 31 30 19 0 
0 0 0 118 490 280 121 15 0 0 0 13 499 384 114 14 0 1 424 539 37 12 11 0 
0 0 0 90 402 375 157 0 0 0 0 31 365 499 129 0 0 3 224 775 22 0 0 0 
0 1 42 131 132 665 53 0 0 0 29 105 146 631 113 0 0 90 262 663 9 0 0 0 
0 0 8 16 175 776 49 0 0 0 4 23 55 904 38 0 0 15 221 780 8 0 0 0 
0 0 0 4 194 736 90 0 0 0 0 0 67 872 85 0 0 0 264 750 10 0 0 0 
0 0 0 0 160 770 94 0 0 0 0 0 77 774 173 0 0 0 246 776 2 0 0 0 
0 0 0 0 107 892 25 0 0 0 0 0 15 963 46 0 0 0 181 841 2 0 0 0 
0 0 0 4 201 807 12 0 0 0 0 2 80 916 26 0 0 9 304 705 6 0 0 0 
0 2 47 171 322 478 4 0 0 1 44 130 251 575 23 0 8 204 367 445 0 0 0 0 
0 0 24 266 551 179 4 0 0 0 23 174 486 334 7 0 5 301 590 124 4 0 0 0 
0 0 8 177 746 93 0 0 0 0 6 157 638 221 2 0 2 174 796 52 0 0 0 0 
0 17 112 411 468 16 0 0 0 5 79 391 505 44 0 0 53 408 554 9 0 0 0 0 
0 25 252 494 250 3 0 0 0 8 107 393 481 35 0 0 85 562 364 13 0 0 0 0 
