0 0 0 110 116 284 270 244 0 0 0 0 110 243 397 274 0 0 0 0 6 476 533 9 
0 0 0 633 258 112 9 12 0 0 0 0 639 306 67 12 0 0 0 0 0 985 36 3 
0 0 0 612 182 152 78 0 0 0 0 0 610 245 169 0 0 0 0 0 0 946 78 0 
0 0 0 423 272 290 39 0 0 0 0 0 422 447 155 0 0 0 0 0 0 949 75 0 
0 0 0 557 279 136 52 0 0 0 0 0 563 347 114 0 0 0 0 0 0 953 71 0 
0 0 0 73 167 377 407 0 0 0 0 0 60 296 668 0 0 0 0 0 0 669 355 0 
0 0 0 0 21 209 794 0 0 0 0 0 0 119 905 0 0 0 0 0 0 688 336 0 
0 0 0 0 26 575 423 0 0 0 0 0 0 300 724 0 0 0 0 0 0 835 189 0 
0 0 0 97 385 163 150 229 0 0 0 0 187 399 195 243 0 0 0 0 70 630 324 0 
0 0 0 116 318 188 134 268 0 0 0 0 113 455 173 283 0 0 0 0 30 567 418 9 
0 0 0 145 205 310 272 92 0 0 0 0 114 420 367 123 0 0 0 0 7 672 340 5 
0 0 0 198 150 504 152 20 0 0 0 0 97 575 328 24 0 0 0 0 0 775 246 3 
0 0 0 105 127 381 310 101 0 0 0 0 68 347 504 105 0 0 0 0 7 646 371 0 
0 0 0 0 176 606 234 8 0 0 0 0 5 526 479 14 0 0 0 0 0 810 213 1 
0 0 0 0 96 448 275 205 0 0 0 0 10 440 377 197 0 0 0 0 9 723 292 0 
0 0 0 0 106 738 159 21 0 0 0 0 0 587 421 16 0 0 0 0 0 991 33 0 
0 11 313 225 245 148 51 31 0 7 136 384 288 154 50 5 3 80 190 296 345 110 0 0 
0 3 94 170 298 267 136 56 0 5 42 211 365 322 69 10 8 46 156 246 363 204 1 0 
0 0 54 212 360 242 136 20 0 1 43 155 406 393 26 0 10 24 173 297 280 240 0 0 
0 13 258 229 317 151 55 1 0 0 207 183 280 330 24 0 0 6 132 334 248 293 11 0 
0 17 311 277 248 122 48 1 0 0 248 220 190 289 75 2 0 0 98 347 207 330 42 0 
0 12 163 346 378 96 29 0 0 0 70 301 214 385 54 0 0 0 48 309 224 428 15 0 
0 18 217 267 391 69 42 20 0 0 137 248 194 366 60 19 0 0 98 270 203 409 44 0 
0 13 261 255 320 115 35 25 0 0 151 285 111 409 50 18 0 0 110 220 201 463 30 0 
0 6 57 99 195 361 216 90 0 10 100 221 406 146 137 4 23 171 457 186 123 64 0 0 
0 0 5 36 144 446 334 59 0 3 31 172 489 223 105 1 10 113 470 241 160 30 0 0 
0 3 30 70 138 287 336 160 0 3 74 135 342 272 179 19 11 116 303 311 201 82 0 0 
0 1 59 81 105 289 330 159 0 5 84 136 309 318 161 11 14 107 289 377 197 40 0 0 
0 45 286 103 161 261 136 32 0 8 316 239 287 142 30 2 16 188 533 222 53 12 0 0 
0 198 325 75 148 241 37 0 0 34 511 182 279 18 0 0 25 219 702 76 2 0 0 0 
0 192 322 174 185 143 8 0 0 48 517 234 205 20 0 0 60 283 558 120 3 0 0 0 
0 270 290 159 204 94 7 0 0 201 414 232 160 17 0 0 76 446 411 88 3 0 0 0 
0 133 281 120 150 231 109 0 0 127 348 184 311 54 0 0 251 339 358 76 0 0 0 0 
0 290 265 59 104 242 64 0 0 202 381 137 276 27 1 0 346 327 308 38 5 0 0 0 
0 343 463 67 47 48 32 24 0 196 633 79 57 34 22 3 388 476 83 43 30 4 0 0 
0 285 384 83 109 99 54 10 0 180 510 153 112 56 13 0 408 371 165 58 22 0 0 0 
4 293 303 104 97 126 85 12 2 221 413 132 164 74 17 1 358 362 183 95 22 4 0 0 
8 439 310 112 83 53 19 0 3 354 437 125 72 31 2 0 527 336 95 59 7 0 0 0 
5 291 413 148 107 50 10 0 2 245 501 168 94 12 2 0 487 365 137 30 5 0 0 0 
0 103 446 231 150 62 28 4 0 89 517 253 119 37 9 0 236 484 224 61 15 4 0 0 
4 538 390 71 15 6 0 0 0 392 544 72 12 4 0 0 647 330 40 7 0 0 0 0 
21 760 233 9 1 0 0 0 5 567 438 13 1 0 0 0 853 166 5 0 0 0 0 0 
19 626 296 53 29 1 0 0 5 505 437 52 25 0 0 0 742 233 48 1 0 0 0 0 
5 676 337 6 0 0 0 0 0 440 578 6 0 0 0 0 789 233 2 0 0 0 0 0 
8 460 474 58 22 2 0 0 8 356 589 57 14 0 0 0 587 394 40 3 0 0 0 0 
20 537 301 130 36 0 0 0 13 482 389 123 17 0 0 0 585 336 101 2 0 0 0 0 
21 453 394 129 25 2 0 0 10 394 488 116 14 2 0 0 557 393 68 6 0 0 0 0 
3 242 405 219 154 1 0 0 1 173 526 254 69 1 0 0 443 380 198 3 0 0 0 0 
16 708 221 21 16 39 3 0 5 525 423 31 38 2 0 0 815 166 39 4 0 0 0 0 
73 793 153 5 0 0 0 0 26 667 327 4 0 0 0 0 940 81 3 0 0 0 0 0 
150 683 191 0 0 0 0 0 73 652 299 0 0 0 0 0 839 185 0 0 0 0 0 0 
43 761 220 0 0 0 0 0 19 637 365 3 0 0 0 0 794 230 0 0 0 0 0 0 
123 629 238 30 4 0 0 0 54 572 370 27 1 0 0 0 772 231 21 0 0 0 0 0 
46 436 424 98 16 4 0 0 27 324 543 112 16 2 0 0 638 315 60 10 1 0 0 0 
13 184 326 214 234 53 0 0 11 188 396 235 187 7 0 0 331 360 254 78 1 0 0 0 
80 516 235 147 43 3 0 0 39 440 380 144 21 0 0 0 768 194 57 5 0 0 0 0 
22 164 322 132 103 224 57 0 37 195 341 151 258 42 0 0 446 256 268 53 1 0 0 0 
73 429 321 99 74 27 1 0 73 378 405 111 54 3 0 0 703 218 93 10 0 0 0 0 
131 765 121 6 1 0 0 0 77 636 299 11 1 0 0 0 958 65 0 1 0 0 0 0 
93 597 326 7 1 0 0 0 64 440 505 14 1 0 0 0 841 179 4 0 0 0 0 0 
13 279 275 215 207 35 0 0 9 273 341 277 123 1 0 0 389 373 237 25 0 0 0 0 
2 231 330 310 122 29 0 0 5 213 489 224 89 4 0 0 376 421 203 24 0 0 0 0 
0 87 308 526 66 28 9 0 0 78 543 330 58 12 3 0 173 669 137 38 7 0 0 0 
22 145 448 267 129 13 0 0 27 233 490 218 56 0 0 0 362 517 135 10 0 0 0 0 
