0 0 1 1023 0 0 0 0 0 0 0 0 3 1021 0 0 0 0 0 0 0 0 0 1024 
0 0 21 1003 0 0 0 0 0 0 0 0 45 979 0 0 0 0 0 0 0 0 0 1024 
0 0 42 982 0 0 0 0 0 0 0 0 75 949 0 0 0 0 0 0 0 0 0 1024 
0 0 48 976 0 0 0 0 0 0 0 0 96 928 0 0 0 0 0 0 0 0 0 1024 
0 0 50 974 0 0 0 0 0 0 0 0 115 909 0 0 0 0 0 0 0 0 0 1024 
0 0 90 934 0 0 0 0 0 0 0 0 172 852 0 0 0 0 0 0 0 0 0 1024 
0 0 133 891 0 0 0 0 0 0 0 0 284 740 0 0 0 0 0 0 0 0 0 1024 
0 0 182 842 0 0 0 0 0 0 0 0 362 662 0 0 0 0 0 0 0 0 0 1024 
0 0 0 903 121 0 0 0 0 0 0 0 0 615 409 0 0 0 0 0 0 0 0 1024 
0 0 0 968 56 0 0 0 0 0 0 0 0 790 234 0 0 0 0 0 0 0 0 1024 
0 0 0 988 36 0 0 0 0 0 0 0 0 914 110 0 0 0 0 0 0 0 0 1024 
0 0 0 1012 12 0 0 0 0 0 0 0 0 980 44 0 0 0 0 0 0 0 0 1024 
0 0 1 1009 14 0 0 0 0 0 0 0 1 987 36 0 0 0 0 0 0 0 0 1024 
0 0 0 1020 4 0 0 0 0 0 0 0 0 1008 16 0 0 0 0 0 0 0 0 1024 
0 0 1 994 21 5 3 0 0 0 0 0 1 1002 20 1 0 0 0 0 0 0 1 1023 
0 0 6 906 59 22 19 12 0 0 1 23 26 937 24 13 0 0 0 0 6 31 33 954 
173 141 61 116 210 82 82 159 171 143 59 76 104 87 227 157 152 131 51 40 45 86 119 400 
22 90 104 177 194 133 89 215 18 82 92 152 175 164 120 221 8 32 24 71 122 174 182 411 
2 37 85 224 240 89 71 276 0 27 84 139 149 142 195 288 0 0 9 60 119 146 142 548 
0 13 24 225 176 56 73 457 0 7 27 22 34 130 353 451 0 0 1 10 35 38 93 847 
0 0 3 263 197 101 72 388 0 0 5 36 79 199 321 384 0 0 0 5 42 80 102 795 
0 0 1 182 179 128 111 423 0 0 2 17 122 278 190 415 0 0 0 3 23 124 146 728 
0 0 2 51 153 169 301 348 0 0 3 28 128 243 292 330 0 0 0 3 39 109 219 654 
40 86 95 218 213 132 141 99 24 96 83 181 262 145 142 91 0 3 32 111 136 266 211 265 
967 53 3 1 0 0 0 0 939 77 7 1 0 0 0 0 947 71 5 1 0 0 0 0 
724 215 41 9 2 7 4 22 653 269 58 9 3 6 5 21 707 222 48 12 0 7 2 26 
347 195 102 77 76 18 17 192 318 217 105 91 68 19 19 187 352 194 81 65 83 32 19 198 
217 191 79 102 113 64 49 209 181 210 95 127 112 56 47 196 191 150 133 67 121 79 63 220 
313 123 67 51 91 94 54 231 283 138 83 65 107 79 47 222 342 124 41 35 80 91 72 239 
14 14 48 153 314 132 82 267 15 10 44 181 316 128 82 248 15 22 47 104 201 245 111 279 
2 18 54 115 156 161 143 375 1 18 56 112 200 167 110 360 0 18 43 74 115 194 173 407 
0 11 76 190 193 84 59 411 0 5 64 193 217 86 57 402 10 28 35 77 135 212 105 422 
227 322 402 55 6 5 3 4 170 183 400 244 14 6 2 5 341 416 232 18 5 5 3 4 
403 200 270 76 17 14 10 34 340 125 226 220 54 14 11 34 463 262 177 49 16 13 9 35 
448 237 234 72 8 8 3 14 395 196 174 183 50 8 5 13 519 288 154 32 7 5 8 11 
380 245 302 83 5 5 1 3 320 184 222 247 40 7 1 3 419 305 229 52 9 5 2 3 
244 260 397 119 1 1 0 2 215 174 308 278 46 1 0 2 269 294 361 96 1 1 0 2 
94 203 389 195 34 35 36 38 109 170 287 303 46 39 34 36 119 229 407 136 36 35 30 32 
31 167 438 261 61 30 24 12 26 136 341 382 75 27 25 12 54 248 461 153 51 24 22 11 
98 257 440 203 15 2 3 6 56 184 315 396 61 3 2 7 186 316 384 121 6 4 3 4 
269 152 123 90 62 57 59 212 251 148 133 96 64 62 54 216 256 129 104 102 57 62 55 259 
79 362 484 75 10 5 4 5 24 99 334 462 90 6 2 7 355 512 114 20 10 3 2 8 
96 345 529 54 0 0 0 0 6 116 295 505 102 0 0 0 359 543 117 5 0 0 0 0 
44 329 587 64 0 0 0 0 0 40 300 604 80 0 0 0 286 602 135 1 0 0 0 0 
49 265 514 130 24 15 7 20 8 70 333 505 70 13 8 17 260 496 180 42 12 14 5 15 
35 283 441 126 69 24 22 24 11 75 382 406 88 17 21 24 259 465 158 62 23 17 23 17 
48 280 467 167 42 13 2 5 26 111 360 434 82 5 1 5 222 511 245 35 5 1 2 3 
58 253 538 166 5 1 2 1 19 89 392 454 65 2 2 1 199 497 280 43 1 1 3 0 
102 271 375 148 48 22 8 50 38 123 313 333 116 40 11 50 248 356 212 76 38 25 14 55 
152 341 396 126 9 0 0 0 42 167 372 339 99 5 0 0 330 411 237 43 3 0 0 0 
157 352 369 135 11 0 0 0 28 151 327 361 148 9 0 0 367 436 192 27 2 0 0 0 
147 339 377 149 12 0 0 0 20 171 350 354 122 6 1 0 346 380 251 45 2 0 0 0 
92 322 442 158 9 1 0 0 16 129 370 386 117 6 0 0 267 451 257 44 5 0 0 0 
110 326 447 130 10 1 0 0 31 173 434 319 65 1 1 0 366 438 197 21 1 1 0 0 
181 344 371 112 16 0 0 0 100 203 380 267 68 6 0 0 405 423 161 31 4 0 0 0 
86 246 409 239 36 7 1 0 31 136 329 387 124 14 3 0 284 391 285 57 6 1 0 0 
243 274 294 157 46 5 5 0 120 216 276 248 123 31 7 3 376 331 202 86 19 8 2 0 
271 308 281 124 31 5 4 0 129 226 302 246 88 25 5 3 422 313 182 81 19 5 2 0 
206 269 322 173 42 11 0 1 77 188 285 290 151 28 4 1 334 325 250 88 21 5 0 1 
212 315 295 159 39 4 0 0 80 213 295 276 133 25 2 0 319 359 222 102 22 0 0 0 
396 301 216 88 19 2 2 0 242 287 269 149 65 9 2 1 548 280 126 58 9 2 1 0 
369 296 236 96 23 3 1 0 226 287 272 168 60 10 1 0 487 294 164 64 12 3 0 0 
191 343 311 140 32 3 4 0 91 238 373 224 81 11 3 3 359 344 233 65 19 4 0 0 
132 219 364 235 61 10 2 1 86 126 283 327 156 40 5 1 252 332 303 108 22 5 2 0 
