0 0 0 0 0 0 776 248 0 0 0 0 0 0 349 675 0 0 0 0 0 0 251 773 
0 0 0 0 0 0 729 295 0 0 0 0 0 0 356 668 0 0 0 0 0 0 247 777 
0 0 0 0 0 0 723 301 0 0 0 0 0 0 339 685 0 0 0 0 0 0 165 859 
0 0 0 0 0 0 611 413 0 0 0 0 0 0 299 725 0 0 0 0 0 0 198 826 
0 0 0 0 0 0 580 444 0 0 0 0 0 0 276 748 0 0 0 0 0 0 170 854 
0 0 0 0 0 0 535 489 0 0 0 0 0 0 281 743 0 0 0 0 0 0 210 814 
0 0 0 0 0 0 497 527 0 0 0 0 0 0 277 747 0 0 0 0 0 0 211 813 
0 0 0 0 0 0 538 486 0 0 0 0 0 0 266 758 0 0 0 0 0 0 188 836 
0 0 0 0 0 0 491 533 0 0 0 0 0 0 274 750 0 0 0 0 0 0 207 817 
0 0 0 0 0 0 447 577 0 0 0 0 0 0 272 752 0 0 0 0 0 0 191 833 
0 0 0 0 0 0 460 564 0 0 0 0 0 0 284 740 0 0 0 0 0 0 201 823 
0 0 0 0 0 0 484 540 0 0 0 0 0 0 251 773 0 0 0 0 0 0 191 833 
0 0 0 0 0 0 489 535 0 0 0 0 0 0 268 756 0 0 0 0 0 0 185 839 
0 0 0 0 0 0 478 546 0 0 0 0 0 0 266 758 0 0 0 0 0 0 190 834 
0 0 0 0 0 1 432 591 0 0 0 0 0 0 249 775 0 0 0 0 0 0 196 828 
0 0 0 0 0 0 450 574 0 0 0 0 0 0 309 715 0 0 0 0 0 0 213 811 
0 0 0 0 0 0 456 568 0 0 0 0 0 0 272 752 0 0 0 0 0 0 188 836 
0 0 0 0 0 0 498 526 0 0 0 0 0 0 267 757 0 0 0 0 0 0 175 849 
0 0 0 0 0 0 418 606 0 0 0 0 0 0 270 754 0 0 0 0 0 0 243 781 
0 0 0 0 0 0 458 566 0 0 0 0 0 0 243 781 0 0 0 0 0 0 176 848 
0 0 0 0 0 0 423 601 0 0 0 0 0 0 234 790 0 0 0 0 0 0 166 858 
0 0 0 0 0 0 433 591 0 0 0 0 0 0 228 796 0 0 0 0 0 0 171 853 
0 0 0 0 0 0 426 598 0 0 0 0 0 0 215 809 0 0 0 0 0 0 149 875 
0 0 0 0 0 0 420 604 0 0 0 0 0 0 243 781 0 0 0 0 0 0 218 806 
0 0 0 0 0 0 465 559 0 0 0 0 0 0 240 784 0 0 0 0 0 0 238 786 
0 0 0 0 0 1 471 552 0 0 0 0 0 0 265 759 0 0 0 0 0 0 172 852 
0 0 0 0 0 0 515 509 0 0 0 0 0 0 262 762 0 0 0 0 0 0 180 844 
0 0 0 0 0 1 533 490 0 0 0 0 0 1 317 706 0 0 0 0 0 0 149 875 
0 0 0 0 0 0 523 501 0 0 0 0 0 0 324 700 0 0 0 0 0 0 270 754 
0 0 0 0 0 0 576 416 0 0 0 0 0 0 353 639 0 0 0 0 0 0 210 782 
0 0 0 0 0 78 869 77 0 0 0 0 0 18 544 462 0 0 0 0 0 7 319 698 
0 0 0 0 0 63 868 93 0 0 0 0 0 18 563 443 0 0 0 0 0 0 292 732 
0 0 0 0 2 51 807 164 0 0 0 0 0 18 528 478 0 0 0 0 0 6 274 744 
0 0 0 0 0 60 818 146 0 0 0 0 0 8 517 499 0 0 0 0 0 2 287 735 
0 0 0 0 0 100 796 128 0 0 0 0 0 16 518 490 0 0 0 0 0 4 315 705 
0 0 0 0 1 115 812 96 0 0 0 0 1 21 520 482 0 0 0 0 0 7 349 668 
0 0 0 0 0 81 833 110 0 0 0 0 0 11 561 452 0 0 0 0 0 2 344 678 
0 0 0 0 0 87 810 127 0 0 0 0 0 23 555 446 0 0 0 0 0 3 334 687 
0 0 0 0 0 110 767 147 0 0 0 0 0 12 561 451 0 0 0 0 0 1 273 750 
0 0 0 0 0 95 744 185 0 0 0 0 0 24 531 469 0 0 0 0 0 8 308 708 
0 0 0 0 0 84 751 189 0 0 0 0 0 15 514 495 0 0 0 0 0 5 310 709 
0 0 0 0 1 95 762 166 0 0 0 0 0 24 517 483 0 0 0 0 0 4 288 732 
0 0 0 0 0 100 818 106 0 0 0 0 0 17 576 431 0 0 0 0 0 2 305 717 
0 0 0 0 0 118 747 159 0 0 0 0 0 27 551 446 0 0 0 0 0 1 281 742 
0 0 0 0 1 121 775 127 0 0 0 0 0 19 586 419 0 0 0 0 0 4 345 675 
0 0 0 0 0 102 819 103 0 0 0 0 0 27 569 428 0 0 0 0 0 7 319 698 
0 0 0 0 0 82 806 136 0 0 0 0 0 21 602 401 0 0 0 0 0 6 371 647 
0 0 0 0 0 115 760 149 0 0 0 0 0 33 589 402 0 0 0 0 0 6 371 647 
0 0 0 0 1 131 832 60 0 0 0 0 0 36 559 429 0 0 0 0 0 4 307 713 
0 0 0 0 3 133 751 137 0 0 0 0 0 41 594 389 0 0 0 0 0 4 364 656 
0 0 0 0 1 103 811 109 0 0 0 0 0 23 573 428 0 0 0 0 0 8 336 680 
0 0 0 0 1 96 810 117 0 0 0 0 0 33 552 439 0 0 0 0 0 6 343 675 
0 0 0 0 0 108 804 112 0 0 0 0 0 22 588 414 0 0 0 0 0 4 351 669 
0 0 0 0 1 111 798 114 0 0 0 0 0 42 586 396 0 0 0 0 0 6 363 655 
0 0 0 0 0 69 850 105 0 0 0 0 0 17 678 329 0 0 0 0 0 2 419 603 
0 0 0 0 0 99 840 85 0 0 0 0 0 21 644 359 0 0 0 0 0 1 407 616 
0 0 0 0 2 123 830 69 0 0 0 0 0 48 588 388 0 0 0 0 0 14 390 620 
0 0 0 0 1 110 821 92 0 0 0 0 0 58 625 341 0 0 0 0 0 15 423 586 
0 0 0 0 0 110 803 111 0 0 0 0 0 57 638 329 0 0 0 0 0 20 455 549 
0 0 0 0 1 111 787 93 0 0 0 0 0 49 654 289 0 0 0 0 0 14 473 505 
0 0 0 0 1 96 801 126 0 0 0 0 0 24 694 306 0 0 0 0 0 4 489 531 
0 0 0 0 1 113 769 141 0 0 0 0 1 30 665 328 0 0 0 0 0 9 491 524 
0 0 0 0 0 70 821 133 0 0 0 0 0 10 699 315 0 0 0 0 0 3 474 547 
0 0 0 0 0 48 848 128 0 0 0 0 0 14 689 321 0 0 0 0 0 2 534 488 
0 0 0 0 0 127 798 99 0 0 0 0 0 36 680 308 0 0 0 0 0 6 475 543 
0 0 0 0 1 137 778 108 0 0 0 0 0 39 700 285 0 0 0 0 0 7 423 594 
0 0 0 0 0 123 793 108 0 0 0 0 0 37 686 301 0 0 0 0 0 7 504 513 
0 0 0 0 0 139 769 116 0 0 0 0 0 42 684 298 0 0 0 0 0 11 475 538 
0 0 0 0 0 148 797 79 0 0 0 0 0 34 706 284 0 0 0 0 0 13 514 497 
0 0 0 0 0 145 772 107 0 0 0 0 0 54 745 225 0 0 0 0 0 11 535 478 
0 0 0 0 1 96 814 113 0 0 0 0 0 32 729 263 0 0 0 0 0 8 556 460 
0 0 0 0 1 169 742 112 0 0 0 0 0 57 695 272 0 0 0 0 0 27 534 463 
0 0 0 0 1 207 755 61 0 0 0 0 0 70 766 188 0 0 0 0 0 14 557 453 
0 0 0 0 0 273 680 71 0 0 0 0 0 84 743 197 0 0 0 0 0 20 522 482 
0 0 0 0 0 178 763 83 0 0 0 0 0 76 730 218 0 0 0 0 0 11 549 464 
0 0 0 0 0 235 716 73 0 0 0 0 0 83 746 195 0 0 0 0 0 16 590 418 
0 0 0 16 21 214 739 34 0 0 0 5 25 78 750 166 0 0 0 4 26 32 583 379 
0 0 0 30 47 287 609 51 0 0 0 19 52 114 680 159 0 0 0 10 57 54 572 331 
0 0 0 113 136 203 508 64 0 0 0 61 170 97 542 154 0 0 0 21 182 96 455 270 
0 0 0 40 105 162 610 107 0 0 0 30 111 111 587 185 0 0 0 16 108 72 462 366 
0 0 0 0 0 81 758 185 0 0 0 0 0 50 741 233 0 0 0 0 0 22 590 412 
0 0 0 0 1 175 726 122 0 0 0 0 0 78 714 232 0 0 0 0 0 18 566 440 
0 0 0 0 1 114 744 165 0 0 0 0 1 66 712 245 0 0 0 0 0 24 589 411 
0 0 0 0 1 155 714 154 0 0 0 0 1 107 701 215 0 0 0 0 0 46 565 413 
0 0 0 0 1 131 740 152 0 0 0 0 1 100 722 201 0 0 0 0 1 59 587 377 
0 0 0 0 24 232 669 99 0 0 0 0 23 191 671 139 0 0 0 0 9 79 616 320 
0 0 1 16 45 329 586 47 0 0 1 21 42 215 627 118 0 0 1 13 45 98 571 296 
0 0 8 53 99 254 550 60 0 0 14 53 99 239 506 113 0 0 7 59 85 189 471 213 
0 0 14 164 196 287 325 38 0 0 20 157 191 268 321 67 0 0 9 160 194 193 320 148 
0 0 8 85 150 381 358 10 0 1 20 100 158 351 331 31 0 0 14 96 181 288 332 81 
0 0 0 0 2 279 560 183 0 0 0 0 1 173 630 220 0 0 0 0 0 60 641 323 
0 0 0 0 0 321 563 140 0 0 0 0 0 197 658 169 0 0 0 0 0 81 711 232 
0 0 0 0 4 298 600 122 0 0 0 0 0 199 680 145 0 0 0 0 0 64 736 224 
0 0 0 0 1 226 677 120 0 0 0 0 0 139 727 158 0 0 0 0 0 75 706 243 
0 0 0 0 9 359 575 81 0 0 0 0 1 228 669 126 0 0 0 0 1 107 692 224 
0 0 0 0 2 297 579 146 0 0 0 0 0 228 618 178 0 0 0 0 0 88 684 252 
0 0 0 0 4 248 662 110 0 0 0 0 3 183 697 141 0 0 0 0 1 100 717 206 
0 0 0 0 4 162 690 168 0 0 0 0 3 150 693 178 0 0 0 0 2 83 683 256 
0 0 0 0 20 234 653 117 0 0 0 0 11 197 681 135 0 0 0 0 6 132 681 205 
0 0 1 54 121 199 569 80 0 0 0 28 140 167 588 101 0 0 0 27 142 85 587 183 
0 0 0 92 157 257 472 46 0 0 0 68 173 182 533 68 0 0 0 38 186 123 537 140 
0 0 0 56 184 257 453 74 0 0 0 46 192 211 475 100 0 0 0 32 175 185 490 142 
0 0 0 235 206 154 351 78 0 0 0 120 293 146 377 88 0 0 0 48 323 149 381 123 
0 0 1 180 335 154 262 92 0 0 0 122 384 155 264 99 0 0 0 43 395 195 247 144 
0 0 11 432 249 62 207 63 0 0 0 249 435 68 207 65 0 0 0 70 567 113 184 90 
0 0 12 529 308 67 70 38 0 0 0 367 470 78 75 34 0 0 0 111 678 123 74 38 
0 0 4 362 464 172 22 0 0 0 4 312 497 188 23 0 0 0 0 128 609 255 32 0 
0 0 9 327 518 147 23 0 0 0 4 254 591 155 20 0 0 0 0 118 658 218 28 2 
0 0 4 484 396 123 15 2 0 0 2 328 561 120 11 2 0 0 1 96 714 184 28 1 
0 0 1 211 508 250 43 11 0 0 0 193 523 249 54 5 0 0 0 95 552 293 74 10 
0 0 0 291 500 155 65 13 0 0 0 160 584 188 75 17 0 0 0 125 587 212 77 23 
0 0 17 278 377 153 185 14 0 0 2 179 460 187 183 13 0 0 7 180 456 132 213 36 
0 0 23 331 265 251 148 6 0 0 7 225 378 267 141 6 0 0 7 244 339 200 222 12 
0 0 33 423 250 240 78 0 0 0 13 265 414 268 63 1 0 0 8 329 318 213 155 1 
0 0 59 442 239 198 74 12 0 0 26 384 300 223 77 14 0 0 34 439 229 186 121 15 
0 0 10 298 334 198 174 10 0 0 9 240 387 230 153 5 0 0 13 328 299 218 159 7 
0 0 13 213 341 264 189 4 0 0 21 261 334 286 121 1 0 0 26 337 298 287 75 1 
0 2 38 183 283 291 224 3 0 4 55 240 258 341 125 1 0 1 59 260 289 337 78 0 
0 1 60 252 311 334 66 0 0 1 83 300 313 293 34 0 0 1 83 323 328 270 19 0 
0 4 48 178 252 322 187 1 0 3 76 209 257 368 79 0 0 2 80 232 270 331 77 0 
0 0 0 159 553 266 44 2 0 0 0 118 526 331 46 3 0 0 0 76 505 380 60 3 
0 0 0 202 529 231 45 17 0 0 1 146 538 278 45 16 0 0 1 75 530 349 54 15 
0 0 1 127 461 233 149 53 0 0 2 107 453 289 135 38 0 0 2 73 435 341 137 36 
0 0 0 84 384 277 253 26 0 0 1 78 385 339 210 11 0 0 1 86 373 357 198 9 
0 0 0 179 556 196 77 16 0 0 0 141 520 283 71 9 0 0 0 160 470 306 81 7 
0 0 0 90 549 311 71 3 0 0 0 81 536 340 64 3 0 0 0 82 517 350 72 3 
0 0 0 89 443 379 111 2 0 0 0 112 468 356 87 1 0 0 0 74 434 396 118 2 
0 0 3 119 475 330 95 2 0 0 3 119 477 354 69 2 0 0 2 105 438 388 90 1 
0 0 1 186 541 228 60 8 0 0 2 165 553 242 55 7 0 0 0 123 583 252 58 8 
0 0 3 171 440 279 115 16 0 0 4 154 459 304 97 6 0 0 0 155 432 332 100 5 
0 0 2 133 421 289 159 20 0 0 2 86 479 334 113 10 0 0 1 108 435 344 131 5 
0 0 0 146 401 252 183 42 0 0 1 153 430 270 138 32 0 0 0 136 417 303 145 23 
0 0 0 159 520 265 72 8 0 0 0 177 521 265 56 5 0 0 1 137 528 284 67 7 
0 0 2 200 398 299 112 13 0 0 1 180 463 290 84 6 0 0 1 122 494 303 99 5 
0 0 31 379 327 192 89 6 0 0 36 333 413 168 71 3 0 0 2 193 556 199 72 2 
0 0 68 503 263 146 41 3 0 0 72 477 309 133 31 2 0 0 4 320 501 156 39 4 
0 0 79 469 243 166 58 9 0 0 70 506 253 145 44 6 0 0 7 400 392 165 54 6 
0 0 40 367 288 228 74 27 0 0 62 399 285 206 49 23 0 0 5 311 399 219 67 23 
0 0 73 495 274 154 28 0 0 0 83 530 274 119 18 0 0 0 5 401 457 140 21 0 
0 0 4 108 347 311 188 66 0 0 10 164 371 304 127 48 0 0 13 200 354 298 117 42 
0 0 23 366 474 118 43 0 0 0 17 345 508 125 29 0 0 0 19 428 452 102 23 0 
0 0 24 381 459 102 47 11 0 0 14 296 555 106 43 10 0 0 31 436 438 77 36 6 
0 2 29 379 472 98 44 0 0 3 35 297 547 111 31 0 0 2 51 411 458 86 16 0 
0 3 62 564 250 104 40 1 0 5 46 481 365 103 24 0 0 2 51 526 327 96 22 0 
0 2 128 413 308 106 64 3 0 3 104 462 301 120 34 0 0 2 101 526 242 112 41 0 
0 0 28 154 263 248 300 31 0 0 38 195 261 316 202 12 0 1 43 233 254 345 140 8 
0 4 83 322 373 191 47 4 0 6 91 332 401 158 35 1 0 5 100 424 342 128 25 0 
0 0 60 300 352 168 135 9 0 0 67 336 328 174 109 10 0 0 92 387 277 191 74 3 
0 4 101 409 345 135 30 0 0 3 89 422 351 129 30 0 0 9 112 487 288 104 24 0 
0 25 247 346 228 122 24 0 0 11 190 441 256 83 11 0 0 26 240 430 222 67 7 0 
0 0 2 113 361 287 224 37 0 0 5 143 379 288 193 16 0 0 11 156 380 289 178 10 
0 0 4 69 328 264 280 79 0 0 6 128 313 296 243 38 0 0 9 150 315 299 220 31 
0 0 6 132 296 278 256 56 0 0 6 163 333 285 202 35 0 0 7 140 356 303 202 16 
0 0 2 97 457 289 158 21 0 0 5 159 459 279 111 11 0 0 2 182 451 294 85 10 
0 0 0 63 210 242 366 143 0 0 0 86 233 292 334 79 0 0 1 67 264 305 318 69 
0 0 1 38 195 282 394 114 0 0 2 70 225 300 349 78 0 0 2 79 222 332 323 66 
0 0 2 147 305 309 220 41 0 0 6 169 350 307 173 19 0 0 13 209 295 340 148 19 
0 0 10 254 329 236 182 13 0 0 15 278 337 257 130 7 0 0 24 300 318 238 137 7 
0 3 41 197 310 216 235 22 0 5 66 227 311 236 169 10 0 8 101 251 292 251 114 7 
0 0 30 240 297 220 205 32 0 1 51 295 287 233 148 9 0 8 81 320 257 244 111 3 
0 2 69 299 335 184 100 35 0 3 79 296 360 196 60 30 0 8 101 378 301 166 51 19 
0 0 2 74 240 283 396 29 0 0 14 123 262 344 267 14 0 0 34 180 230 381 190 9 
0 0 35 226 352 228 149 34 0 1 37 282 371 209 109 15 0 1 62 328 328 215 84 6 
0 0 19 200 327 215 222 41 0 0 33 262 305 219 185 20 0 1 42 311 289 237 136 8 
0 0 37 204 375 310 93 5 0 0 39 226 421 270 66 2 0 0 51 261 389 267 55 1 
0 7 66 240 369 255 77 10 0 10 71 299 361 213 59 11 0 5 82 334 351 186 60 6 
0 2 73 288 266 219 152 24 0 2 78 322 294 212 103 13 0 2 98 365 261 212 78 8 
0 1 34 254 318 230 138 49 0 1 52 277 320 245 95 34 0 1 95 324 283 214 81 26 
0 1 82 424 322 100 90 5 0 1 76 423 330 122 71 1 0 1 83 478 283 113 62 4 
0 0 37 246 329 292 117 3 0 0 51 288 345 281 57 2 0 1 89 320 315 255 44 0 
0 0 41 289 368 167 151 8 0 1 49 328 359 183 100 4 0 1 77 383 302 197 64 0 
0 1 38 348 359 153 117 8 0 5 63 370 345 154 86 1 0 3 108 461 245 154 53 0 
0 9 116 335 345 165 53 1 0 15 143 361 319 153 33 0 0 19 184 388 283 136 14 0 
0 2 73 369 314 192 74 0 0 3 113 381 324 163 40 0 0 4 121 430 280 170 19 0 
0 4 69 282 303 203 147 16 0 12 92 318 290 222 85 5 0 8 115 363 256 223 59 0 
0 12 131 310 214 205 148 4 0 11 115 355 239 218 86 0 0 13 153 350 227 221 60 0 
0 7 104 411 318 115 62 7 0 3 96 419 335 123 46 2 0 10 143 461 258 110 40 2 
0 12 251 389 185 120 52 15 0 19 195 452 218 92 41 7 0 35 285 440 150 83 29 2 
0 16 133 286 297 270 22 0 1 55 193 459 292 23 1 0 4 60 306 513 135 6 0 0 
0 1 69 217 367 300 38 0 2 51 235 382 293 29 0 0 3 85 285 443 167 9 0 0 
0 1 16 144 388 261 198 16 0 2 23 195 396 269 132 7 0 2 22 261 349 256 130 4 
0 0 13 152 347 291 195 26 0 0 17 191 371 279 154 12 0 2 25 228 353 288 120 8 
0 0 35 176 314 228 239 32 0 0 42 244 304 269 139 26 0 2 61 269 292 254 124 22 
0 0 10 150 314 263 271 16 0 0 16 188 329 289 194 8 0 0 27 253 303 310 127 4 
0 0 44 347 334 144 117 38 0 0 30 349 379 153 92 21 0 0 78 453 266 135 80 12 
0 0 31 312 333 167 135 46 0 0 37 336 348 155 117 31 0 0 74 433 251 152 95 19 
0 0 9 198 345 204 237 31 0 0 29 237 358 203 190 7 0 0 60 319 276 213 149 7 
0 1 32 200 321 206 250 14 0 2 56 268 292 226 179 1 0 3 80 312 257 263 108 1 
0 1 83 330 343 167 99 1 0 4 92 367 333 181 46 1 0 3 120 434 270 164 33 0 
0 5 81 389 323 128 87 11 0 9 85 386 340 121 81 2 0 9 136 478 235 107 58 1 
0 0 6 159 298 225 305 31 0 0 20 213 312 266 210 3 0 1 38 261 278 295 150 1 
0 0 40 199 299 237 228 21 0 2 51 234 311 260 157 9 0 3 63 297 288 270 99 4 
0 5 121 502 262 87 46 1 0 5 124 503 273 84 34 1 0 3 126 547 244 79 25 0 
0 2 56 355 346 155 98 12 0 2 73 352 356 171 67 3 0 0 113 407 300 157 44 3 
0 2 94 363 385 120 60 0 0 3 115 377 366 118 45 0 0 6 157 422 312 95 32 0 
0 1 90 379 313 162 79 0 0 2 111 376 313 176 46 0 0 8 165 419 262 150 20 0 
0 11 152 450 296 78 37 0 0 8 152 455 307 86 16 0 0 18 224 498 211 64 9 0 
0 2 71 193 316 232 202 8 0 5 90 233 317 256 123 0 0 4 113 272 307 245 83 0 
0 0 52 289 342 199 133 9 0 1 87 324 338 201 73 0 0 2 109 402 267 190 54 0 
0 10 116 373 306 138 79 2 0 9 121 410 288 137 58 1 0 12 175 444 246 115 32 0 
0 6 73 324 301 203 106 11 0 6 102 345 299 196 74 2 0 6 139 389 259 183 48 0 
0 7 60 277 287 232 152 9 1 7 85 312 286 232 100 1 0 10 132 368 212 246 55 1 
0 4 127 396 236 194 67 0 0 7 130 392 265 202 28 0 0 7 171 427 224 179 16 0 
0 3 151 409 288 133 40 0 0 5 136 446 290 129 18 0 0 10 212 487 204 101 10 0 
0 13 151 315 234 211 99 1 0 14 156 347 255 218 34 0 0 22 212 341 234 182 33 0 
0 9 140 428 238 136 68 5 0 15 133 453 233 139 47 4 0 11 220 452 201 112 28 0 
0 71 296 467 164 23 3 0 1 130 212 458 199 22 2 0 0 64 351 465 125 17 2 0 
9 436 364 119 58 29 8 1 69 608 202 102 31 9 3 0 1 436 468 88 20 9 2 0 
0 5 99 261 286 316 57 0 3 57 246 347 324 47 0 0 3 140 312 379 180 10 0 0 
88 172 159 174 214 174 11 0 25 302 204 265 183 13 0 0 3 252 367 274 92 4 0 0 
0 0 9 178 376 235 219 7 0 0 15 236 370 235 167 1 0 0 26 302 325 233 137 1 
0 1 36 343 287 172 179 6 0 1 43 370 284 224 102 0 0 2 80 410 229 232 71 0 
0 0 33 253 304 209 214 11 0 0 54 298 287 246 137 2 0 1 74 327 266 243 111 2 
0 0 9 131 334 180 344 26 0 0 19 190 306 247 253 9 0 2 50 258 250 288 172 4 
0 1 35 298 399 156 127 8 0 1 35 333 409 154 90 2 0 1 74 459 277 158 55 0 
0 4 77 382 390 114 56 1 0 4 75 385 407 128 25 0 0 5 130 483 287 104 15 0 
0 2 34 305 325 149 193 16 0 2 50 306 335 165 163 3 0 3 110 427 193 199 92 0 
0 2 30 284 404 145 142 17 0 2 44 294 411 147 117 9 0 5 84 429 280 141 83 2 
0 2 89 455 291 94 78 15 0 1 66 421 354 103 69 10 0 1 118 505 247 105 45 3 
0 3 131 387 250 126 124 3 0 1 83 449 270 134 87 0 0 7 204 474 150 131 58 0 
0 2 70 316 313 137 175 11 0 7 69 314 336 155 136 7 0 7 103 432 226 183 70 3 
0 6 122 536 271 51 34 4 0 6 92 497 340 65 24 0 0 7 166 582 194 48 27 0 
0 2 120 535 267 60 37 3 0 2 119 503 308 55 36 1 0 3 175 572 197 54 23 0 
0 1 70 370 289 128 140 26 0 3 73 368 306 140 116 18 1 4 127 415 229 150 91 7 
0 4 109 388 318 121 78 6 0 4 99 419 314 118 67 3 0 14 172 467 225 100 45 1 
0 6 170 569 213 56 10 0 0 5 112 567 277 54 9 0 0 8 208 592 166 44 6 0 
0 4 122 519 276 67 32 4 0 3 106 498 317 70 29 1 0 12 226 556 162 53 15 0 
0 11 184 454 224 80 69 2 0 11 176 445 253 97 41 1 0 16 296 464 131 96 21 0 
0 0 83 323 278 122 175 43 0 7 90 356 260 156 133 22 0 7 181 395 157 169 107 8 
0 0 145 532 230 69 35 13 0 0 121 528 275 62 31 7 0 0 250 527 160 56 27 4 
0 23 345 419 111 76 48 2 0 16 222 527 138 75 45 1 0 16 375 445 81 69 37 1 
0 44 286 417 192 72 13 0 0 31 229 464 247 49 4 0 0 34 383 385 185 37 0 0 
0 11 259 472 204 57 21 0 0 6 178 509 256 65 10 0 0 16 391 454 114 40 9 0 
0 0 113 552 266 44 38 11 0 2 101 492 336 56 33 4 0 12 265 583 100 49 14 1 
1 19 155 391 260 116 73 9 0 18 147 409 270 121 52 7 1 56 282 413 132 107 26 7 
23 209 306 317 140 21 8 0 6 209 258 363 167 19 2 0 2 225 492 243 46 14 2 0 
13 358 433 137 68 15 0 0 42 514 292 124 51 1 0 0 4 370 484 137 29 0 0 0 
38 451 404 109 21 1 0 0 55 650 245 68 6 0 0 0 1 403 538 75 7 0 0 0 
136 440 251 94 54 28 21 0 100 542 222 91 41 25 3 0 7 426 455 79 44 13 0 0 
372 546 51 6 10 3 4 0 150 768 53 10 6 4 1 0 2 484 485 11 5 5 0 0 
0 16 131 390 284 128 68 7 0 7 115 407 306 130 54 5 0 9 187 460 212 123 29 4 
0 2 105 424 248 133 110 2 0 5 98 368 336 152 64 1 0 9 176 482 170 154 33 0 
0 5 179 501 165 80 89 5 0 3 107 535 225 106 46 2 0 4 269 499 112 110 30 0 
0 0 92 585 247 67 28 5 0 1 69 570 294 71 18 1 0 2 226 610 127 49 10 0 
0 8 96 420 305 135 57 3 0 9 109 396 342 121 46 1 0 16 195 495 185 112 21 0 
0 2 45 307 364 138 150 18 0 1 52 330 361 143 133 4 0 4 116 443 226 144 89 2 
0 0 24 250 307 202 208 33 0 0 47 302 298 181 184 12 0 6 134 340 234 196 113 1 
0 1 46 287 355 166 159 10 0 2 52 322 350 189 104 5 0 7 116 460 200 186 51 4 
0 0 70 491 309 119 35 0 0 0 76 466 366 95 21 0 0 4 182 579 185 64 10 0 
0 0 116 624 252 22 10 0 0 0 65 544 382 24 9 0 0 2 209 668 122 19 4 0 
0 3 46 276 258 185 221 35 0 4 46 263 304 215 180 12 0 8 99 360 197 238 119 3 
0 3 73 338 288 173 125 24 0 7 81 346 319 179 78 14 0 15 114 413 245 150 76 11 
0 4 120 372 364 119 43 2 0 5 112 430 333 110 32 2 0 10 196 457 241 99 21 0 
0 0 36 300 394 139 125 30 0 0 28 361 383 130 115 7 0 0 108 459 247 130 79 1 
0 3 120 467 275 102 55 2 0 2 94 467 324 112 24 1 0 11 232 530 157 78 16 0 
0 18 174 506 213 73 40 0 0 19 159 525 226 73 22 0 0 27 294 490 138 66 9 0 
0 4 136 409 206 132 136 1 0 11 116 422 248 168 59 0 0 30 250 402 148 173 21 0 
0 3 65 267 195 206 253 35 0 6 69 215 268 310 134 22 1 33 237 219 160 279 84 11 
0 2 94 257 307 235 127 2 0 14 133 294 281 244 58 0 0 15 194 317 268 197 33 0 
0 1 92 368 298 155 81 29 0 1 68 344 349 171 69 22 0 7 195 428 229 108 47 10 
0 8 109 353 348 116 87 3 0 2 93 373 368 135 51 2 0 18 250 449 166 119 20 2 
0 5 177 450 307 68 17 0 0 6 170 416 353 68 11 0 0 40 300 505 133 39 7 0 
0 22 179 268 207 224 124 0 0 34 160 302 210 259 59 0 0 59 265 262 175 247 16 0 
25 165 368 338 92 21 12 3 20 155 342 353 124 17 12 1 1 253 503 203 42 14 8 0 
33 319 437 158 55 12 9 1 13 289 461 198 44 11 7 1 1 362 529 102 18 9 2 1 
55 305 362 191 82 27 2 0 34 479 326 130 52 3 0 0 3 393 482 125 21 0 0 0 
2 119 346 250 189 115 3 0 11 249 311 286 160 7 0 0 0 251 422 265 86 0 0 0 
117 294 247 212 128 19 7 0 35 451 251 203 74 9 1 0 1 354 490 153 24 2 0 0 
213 656 152 3 0 0 0 0 96 795 133 0 0 0 0 0 2 502 516 4 0 0 0 0 
192 565 129 27 23 30 21 5 99 752 62 27 29 17 6 0 2 469 438 45 26 11 1 0 
8 149 271 320 205 62 9 0 0 66 204 337 307 98 12 0 0 113 397 335 145 33 1 0 
0 62 434 516 12 0 0 0 0 3 161 634 225 1 0 0 0 30 453 529 12 0 0 0 
0 94 628 297 5 0 0 0 0 16 311 610 85 2 0 0 1 63 495 458 7 0 0 0 
26 207 218 280 234 39 19 1 9 137 234 289 270 69 16 0 1 111 347 383 144 34 4 0 
4 77 197 419 174 98 53 2 1 62 181 443 209 103 25 0 1 73 331 380 130 92 17 0 
0 7 115 314 285 148 132 23 0 12 105 306 338 161 92 10 1 23 210 352 207 156 69 6 
0 21 290 458 156 43 43 13 0 13 175 498 253 37 44 4 1 47 404 422 73 45 32 0 
0 21 270 521 156 41 12 3 0 6 203 536 225 41 11 2 0 24 366 515 93 22 4 0 
0 53 214 354 187 181 32 3 0 26 171 382 255 155 33 2 0 46 271 344 227 122 14 0 
0 24 146 200 197 105 131 221 0 29 149 190 222 95 175 164 0 33 189 168 186 115 193 140 
0 14 154 230 95 118 177 236 0 15 93 239 159 127 188 203 1 32 220 198 87 110 187 189 
0 35 268 375 162 77 73 34 0 17 213 358 239 92 73 32 0 37 356 332 136 70 60 33 
0 15 203 457 182 75 65 27 2 22 166 410 263 75 65 21 2 35 308 400 130 64 64 21 
0 5 225 399 194 74 94 33 0 5 115 436 276 84 89 19 0 23 338 382 117 77 72 15 
0 33 365 519 99 7 1 0 0 10 223 589 195 6 1 0 1 48 467 462 41 5 0 0 
0 10 223 675 113 3 0 0 0 1 100 561 348 14 0 0 0 21 339 608 56 0 0 0 
0 97 318 502 101 6 0 0 0 33 219 522 244 6 0 0 0 133 394 469 26 2 0 0 
1 41 384 489 100 5 4 0 0 12 231 578 189 8 6 0 1 128 557 321 10 6 1 0 
0 48 291 500 114 57 14 0 0 41 249 483 193 53 5 0 0 100 513 314 71 26 0 0 
0 83 319 449 130 29 14 0 0 57 273 466 191 31 6 0 0 137 458 359 48 21 1 0 
0 8 86 222 238 269 200 1 0 4 87 261 276 326 70 0 1 34 178 269 248 269 25 0 
0 38 292 415 181 79 19 0 0 59 311 415 169 60 10 0 0 119 489 273 109 33 1 0 
3 152 271 126 136 268 68 0 11 175 272 134 156 271 5 0 4 208 280 123 214 194 1 0 
27 220 319 278 137 34 7 2 19 270 337 265 103 25 5 0 6 293 420 221 66 15 3 0 
17 169 408 283 131 16 0 0 17 302 362 242 96 5 0 0 2 273 540 169 40 0 0 0 
6 161 489 271 89 8 0 0 1 188 482 268 81 4 0 0 1 290 557 162 14 0 0 0 
109 418 176 156 160 5 0 0 41 467 227 176 112 1 0 0 1 398 411 190 24 0 0 0 
278 696 39 8 3 0 0 0 114 835 65 8 2 0 0 0 0 518 498 8 0 0 0 0 
324 688 12 0 0 0 0 0 67 884 73 0 0 0 0 0 1 522 500 1 0 0 0 0 
234 705 53 0 0 0 0 0 124 774 94 0 0 0 0 0 2 516 472 2 0 0 0 0 
30 114 113 394 295 71 7 0 2 88 113 306 380 125 10 0 1 89 295 389 203 46 1 0 
0 115 219 121 232 285 52 0 0 41 182 189 263 317 32 0 1 49 265 173 381 152 3 0 
0 14 188 157 178 346 137 4 0 0 63 261 228 358 111 3 0 12 193 244 317 232 26 0 
19 47 68 229 274 245 134 8 12 42 55 170 291 277 167 10 0 53 170 247 271 248 35 0 
5 83 397 385 114 33 4 3 0 50 221 511 159 72 10 1 1 101 518 263 115 22 4 0 
1 83 472 400 61 7 0 0 0 19 249 545 188 22 1 0 0 88 563 303 61 9 0 0 
10 184 241 359 200 30 0 0 2 102 216 345 266 93 0 0 0 164 411 299 135 15 0 0 
0 84 293 411 216 19 1 0 0 15 219 427 326 36 1 0 0 97 442 393 86 5 1 0 
0 23 131 498 288 79 5 0 0 2 85 330 520 83 4 0 0 33 313 534 133 11 0 0 
0 54 439 357 126 40 8 0 0 15 258 499 193 52 7 0 0 83 515 303 97 26 0 0 
0 83 420 343 130 48 0 0 0 10 260 466 200 87 1 0 0 115 548 288 72 1 0 0 
0 60 276 587 100 1 0 0 0 20 189 540 269 6 0 0 0 63 613 342 6 0 0 0 
3 49 385 542 44 1 0 0 0 14 239 618 152 1 0 0 0 89 612 313 10 0 0 0 
0 15 169 516 215 60 47 2 0 18 117 500 289 58 40 2 0 61 377 441 69 60 15 1 
0 7 170 479 208 110 50 0 0 7 151 486 231 103 46 0 0 41 397 367 111 95 13 0 
0 0 117 449 373 68 17 0 0 1 103 430 409 69 12 0 0 26 297 516 157 27 1 0 
0 16 236 563 161 36 12 0 0 9 192 562 222 29 10 0 1 74 518 348 61 17 5 0 
1 24 255 521 153 44 24 2 0 18 206 549 191 48 12 0 3 104 507 325 49 35 1 0 
0 8 123 307 180 126 277 3 0 29 139 259 205 249 143 0 2 62 219 266 135 269 71 0 
0 24 352 464 155 18 11 0 0 21 309 510 158 16 9 1 0 119 615 238 38 10 4 0 
4 123 325 238 185 109 39 1 2 97 322 305 183 91 24 0 3 197 429 204 121 60 10 0 
140 539 215 60 30 30 9 1 40 590 245 73 37 29 10 0 1 455 465 49 29 23 2 0 
8 321 358 209 92 28 8 0 23 336 376 191 72 25 1 0 5 364 439 145 56 15 0 0 
1 169 641 171 39 3 0 0 3 163 622 191 38 7 0 0 5 398 550 56 14 1 0 0 
131 523 249 94 27 0 0 0 72 586 267 88 11 0 0 0 2 450 522 44 6 0 0 0 
179 647 186 12 0 0 0 0 60 718 223 23 0 0 0 0 3 473 536 12 0 0 0 0 
255 704 54 11 0 0 0 0 112 807 87 17 1 0 0 0 1 489 512 20 2 0 0 0 
234 716 73 1 0 0 0 0 94 778 142 10 0 0 0 0 0 512 500 12 0 0 0 0 
236 637 120 26 5 0 0 0 87 718 171 39 9 0 0 0 0 516 463 36 8 1 0 0 
214 582 153 40 3 0 0 0 73 666 185 60 8 0 0 0 3 470 509 9 1 0 0 0 
0 0 4 128 377 202 230 83 0 0 3 63 391 314 216 37 0 8 165 357 170 209 112 3 
0 1 14 184 455 259 111 0 0 1 5 96 425 401 96 0 1 17 202 389 287 128 0 0 
0 1 37 152 665 110 59 0 0 0 25 98 541 312 48 0 0 22 189 633 122 58 0 0 
0 0 38 269 593 116 8 0 0 0 13 141 610 245 14 1 0 21 187 613 165 34 4 0 
0 1 126 459 368 64 6 0 0 0 25 380 487 126 6 0 0 23 370 533 92 6 0 0 
0 28 253 421 269 45 8 0 0 18 133 363 379 115 16 0 2 143 396 391 88 4 0 0 
80 185 281 237 159 58 24 0 9 188 272 278 195 62 20 0 1 226 410 263 90 26 8 0 
26 222 275 283 123 40 28 27 7 175 308 306 134 41 26 27 0 227 428 214 80 30 20 25 
0 144 539 298 41 2 0 0 0 24 395 455 142 8 0 0 2 243 615 154 10 0 0 0 
11 260 402 291 44 14 2 0 4 110 384 376 127 17 6 0 3 276 557 154 20 13 1 0 
0 20 308 509 87 72 28 0 0 8 153 551 192 82 35 3 0 102 566 220 72 56 8 0 
0 41 324 504 125 28 2 0 0 22 175 547 237 40 3 0 0 156 620 211 33 4 0 0 
1 74 483 435 29 2 0 0 0 21 333 536 132 2 0 0 5 261 651 103 4 0 0 0 
0 14 317 582 110 1 0 0 0 5 214 576 227 2 0 0 0 114 634 260 16 0 0 0 
0 23 216 584 194 7 0 0 0 10 139 604 263 8 0 0 1 44 446 481 52 0 0 0 
0 87 406 478 52 1 0 0 0 68 342 529 84 1 0 0 0 199 636 186 3 0 0 0 
1 69 301 461 177 12 3 0 3 76 276 474 177 15 3 0 4 178 498 301 36 7 0 0 
0 15 361 504 109 24 11 0 0 29 288 542 137 24 4 0 1 223 584 175 25 14 2 0 
2 64 418 399 96 30 15 0 1 50 369 443 132 20 9 0 4 184 648 145 27 16 0 0 
18 256 626 123 1 0 0 0 9 191 619 204 1 0 0 0 3 409 592 20 0 0 0 0 
19 262 585 158 0 0 0 0 6 188 503 325 2 0 0 0 8 355 642 19 0 0 0 0 
62 328 352 224 55 3 0 0 24 331 367 264 36 2 0 0 2 406 478 120 18 0 0 0 
4 170 406 346 93 5 0 0 11 221 452 282 56 2 0 0 1 329 527 143 24 0 0 0 
126 546 268 76 8 0 0 0 60 602 313 48 1 0 0 0 3 443 541 35 2 0 0 0 
262 753 9 0 0 0 0 0 128 847 49 0 0 0 0 0 0 494 530 0 0 0 0 0 
291 576 123 32 2 0 0 0 91 733 164 34 2 0 0 0 2 507 488 26 0 1 0 0 
127 652 179 56 8 2 0 0 51 659 242 58 14 0 0 0 2 460 502 58 2 0 0 0 
82 530 271 94 40 7 0 0 55 562 275 88 40 4 0 0 0 444 463 90 27 0 0 0 
302 591 110 16 5 0 0 0 107 739 147 26 5 0 0 0 0 514 489 15 6 0 0 0 
396 524 68 4 0 0 0 0 137 766 80 9 0 0 0 0 0 486 504 2 0 0 0 0 
0 0 1 20 254 281 288 180 0 1 3 47 347 269 271 86 1 2 35 266 269 209 210 32 
0 0 4 202 484 240 74 20 0 0 13 198 519 235 47 12 0 31 259 424 222 51 34 3 
0 0 10 208 449 214 84 59 0 0 16 193 477 224 86 28 0 28 221 423 199 68 79 6 
0 0 25 365 550 21 22 41 0 0 6 163 654 141 27 33 0 17 431 493 19 12 36 16 
0 0 78 382 505 59 0 0 0 0 34 285 550 155 0 0 0 40 404 498 82 0 0 0 
0 0 66 284 404 228 41 1 0 0 18 218 520 255 12 1 0 38 308 405 250 21 2 0 
0 30 190 365 293 120 26 0 0 13 107 345 416 129 14 0 0 123 408 361 119 13 0 0 
32 123 267 209 92 170 126 5 8 98 201 293 135 192 95 2 6 228 389 113 182 102 4 0 
24 388 417 186 9 0 0 0 3 231 471 282 37 0 0 0 2 377 604 41 0 0 0 0 
33 295 457 227 12 0 0 0 5 184 407 376 52 0 0 0 5 343 614 62 0 0 0 0 
3 108 652 259 2 0 0 0 0 30 418 548 28 0 0 0 3 329 646 46 0 0 0 0 
0 114 684 217 9 0 0 0 0 70 389 535 30 0 0 0 1 299 666 58 0 0 0 0 
1 95 686 241 1 0 0 0 0 36 483 495 10 0 0 0 4 282 715 23 0 0 0 0 
0 63 465 430 66 0 0 0 0 33 348 532 110 1 0 0 2 185 599 235 3 0 0 0 
0 27 273 510 199 15 0 0 0 22 263 499 227 13 0 0 1 97 439 424 63 0 0 0 
1 105 559 350 9 0 0 0 2 65 479 444 34 0 0 0 0 238 708 77 1 0 0 0 
37 465 378 138 6 0 0 0 27 389 418 180 10 0 0 0 2 390 571 57 4 0 0 0 
2 243 591 186 2 0 0 0 2 199 567 250 6 0 0 0 3 432 562 27 0 0 0 0 
0 48 436 489 51 0 0 0 0 31 363 517 113 0 0 0 0 258 659 107 0 0 0 0 
12 306 482 207 17 0 0 0 0 211 513 254 46 0 0 0 5 367 570 82 0 0 0 0 
1 258 669 96 0 0 0 0 0 97 619 303 5 0 0 0 2 436 571 15 0 0 0 0 
32 320 498 172 2 0 0 0 11 187 480 331 15 0 0 0 3 390 580 51 0 0 0 0 
193 649 172 10 0 0 0 0 78 718 197 31 0 0 0 0 4 449 562 9 0 0 0 0 
184 616 208 16 0 0 0 0 106 658 239 20 1 0 0 0 1 511 493 19 0 0 0 0 
151 576 167 75 54 1 0 0 109 608 178 82 46 1 0 0 3 444 478 80 19 0 0 0 
111 558 208 70 71 6 0 0 100 562 228 68 60 6 0 0 2 454 451 94 23 0 0 0 
95 486 294 105 38 6 0 0 57 558 250 111 41 7 0 0 6 416 493 83 24 2 0 0 
239 663 104 18 0 0 0 0 93 776 124 31 0 0 0 0 0 367 639 18 0 0 0 0 
304 680 40 0 0 0 0 0 99 839 86 0 0 0 0 0 0 533 491 0 0 0 0 0 
301 691 0 0 0 0 0 0 126 856 10 0 0 0 0 0 0 446 546 0 0 0 0 0 
0 0 28 164 333 156 226 117 0 7 83 272 274 136 217 35 2 63 181 326 152 169 128 3 
0 0 3 41 326 346 201 107 0 0 6 131 452 207 175 53 0 2 67 327 330 117 158 23 
0 0 0 24 173 333 314 180 0 0 6 106 282 308 247 75 0 1 61 233 291 240 181 17 
0 0 30 253 226 151 261 103 0 0 34 218 295 225 192 60 0 34 243 252 142 215 126 12 
0 24 273 433 221 38 22 13 0 16 229 406 296 51 16 10 1 133 496 319 45 17 9 4 
0 14 198 626 164 15 6 1 0 4 81 603 310 23 3 0 0 95 641 264 17 5 2 0 
2 123 291 275 223 82 26 2 0 61 218 344 296 81 22 2 2 255 443 243 67 14 0 0 
20 211 552 239 2 0 0 0 0 77 380 489 78 0 0 0 5 409 567 43 0 0 0 0 
8 235 499 275 7 0 0 0 2 110 410 411 91 0 0 0 1 335 623 65 0 0 0 0 
7 274 590 153 0 0 0 0 0 86 585 311 42 0 0 0 7 392 592 33 0 0 0 0 
3 82 576 354 9 0 0 0 0 41 276 626 81 0 0 0 2 336 655 31 0 0 0 0 
10 311 592 109 2 0 0 0 3 174 536 305 6 0 0 0 2 436 567 19 0 0 0 0 
2 217 607 193 5 0 0 0 1 112 542 355 14 0 0 0 1 322 662 39 0 0 0 0 
5 279 422 278 40 0 0 0 1 170 483 321 49 0 0 0 2 304 571 139 8 0 0 0 
2 102 512 365 42 1 0 0 0 70 437 441 75 1 0 0 0 201 637 180 6 0 0 0 
16 147 497 337 25 2 0 0 10 119 349 487 57 2 0 0 3 312 596 107 6 0 0 0 
23 319 485 186 11 0 0 0 17 231 389 352 35 0 0 0 5 400 576 42 1 0 0 0 
2 223 672 122 5 0 0 0 0 180 637 201 6 0 0 0 2 436 558 28 0 0 0 0 
0 78 553 341 51 1 0 0 1 57 461 437 67 1 0 0 3 285 600 121 13 2 0 0 
111 389 253 248 23 0 0 0 54 416 234 262 58 0 0 0 5 397 566 55 1 0 0 0 
240 600 164 20 0 0 0 0 44 585 335 57 3 0 0 0 3 501 511 9 0 0 0 0 
64 278 508 173 1 0 0 0 4 202 415 391 12 0 0 0 0 357 622 45 0 0 0 0 
33 484 342 124 35 6 0 0 25 484 335 139 34 7 0 0 12 429 487 79 17 0 0 0 
162 586 219 55 2 0 0 0 105 623 225 69 2 0 0 0 1 477 485 57 4 0 0 0 
53 436 345 117 63 10 0 0 47 494 294 118 59 12 0 0 4 378 500 109 29 4 0 0 
62 462 340 116 40 4 0 0 53 458 361 117 32 3 0 0 4 440 471 84 23 2 0 0 
309 517 127 69 2 0 0 0 106 683 152 73 10 0 0 0 1 488 514 21 0 0 0 0 
326 646 52 0 0 0 0 0 78 838 105 3 0 0 0 0 2 522 498 2 0 0 0 0 
130 685 160 37 12 0 0 0 65 678 223 41 17 0 0 0 5 465 536 18 0 0 0 0 
45 320 456 155 15 1 0 0 36 281 452 210 13 0 0 0 2 441 510 34 5 0 0 0 
0 0 42 245 435 192 72 38 3 17 112 394 329 114 49 6 3 75 390 324 158 54 18 2 
0 4 60 134 306 435 78 7 4 40 111 169 439 237 23 1 13 81 135 347 381 60 7 0 
0 1 32 59 120 277 357 178 8 32 47 71 180 288 308 90 3 52 90 139 209 305 206 20 
0 0 13 57 153 291 319 191 0 11 38 98 272 264 258 83 3 25 96 168 283 227 182 40 
18 86 185 203 58 72 169 233 8 99 135 234 99 90 165 194 7 171 312 64 69 110 167 124 
257 502 196 69 0 0 0 0 42 608 215 142 17 0 0 0 0 514 494 16 0 0 0 0 
85 424 434 81 0 0 0 0 7 314 477 203 23 0 0 0 1 456 537 29 1 0 0 0 
0 57 589 375 3 0 0 0 0 8 225 666 125 0 0 0 1 291 682 50 0 0 0 0 
2 149 564 305 4 0 0 0 0 58 263 612 91 0 0 0 1 341 656 26 0 0 0 0 
37 409 500 78 0 0 0 0 1 203 507 298 15 0 0 0 3 447 569 5 0 0 0 0 
1 103 598 314 8 0 0 0 0 40 330 584 70 0 0 0 5 413 585 21 0 0 0 0 
0 186 613 225 0 0 0 0 0 47 465 492 20 0 0 0 0 345 660 19 0 0 0 0 
6 550 403 54 9 2 0 0 1 255 626 127 13 2 0 0 2 487 498 34 3 0 0 0 
93 555 326 28 11 10 1 0 15 512 371 108 8 9 1 0 2 458 532 19 6 7 0 0 
0 57 430 500 37 0 0 0 0 13 310 614 87 0 0 0 0 203 694 127 0 0 0 0 
16 169 477 335 27 0 0 0 0 114 362 446 101 1 0 0 1 311 625 86 1 0 0 0 
19 432 484 88 1 0 0 0 3 202 588 219 12 0 0 0 4 470 532 18 0 0 0 0 
0 221 647 152 4 0 0 0 0 141 608 270 5 0 0 0 2 436 568 18 0 0 0 0 
1 89 541 309 75 9 0 0 2 118 528 320 52 4 0 0 3 302 545 150 24 0 0 0 
4 123 476 388 33 0 0 0 2 110 338 505 69 0 0 0 0 257 705 62 0 0 0 0 
215 580 212 17 0 0 0 0 50 574 347 52 1 0 0 0 0 512 502 10 0 0 0 0 
316 558 148 2 0 0 0 0 54 718 233 19 0 0 0 0 0 519 501 4 0 0 0 0 
71 514 370 52 16 1 0 0 91 569 275 57 27 5 0 0 7 443 516 49 9 0 0 0 
37 245 581 140 21 0 0 0 34 209 520 234 25 2 0 0 6 474 484 53 7 0 0 0 
203 530 272 19 0 0 0 0 54 624 306 40 0 0 0 0 2 531 489 2 0 0 0 0 
244 641 139 0 0 0 0 0 109 706 191 18 0 0 0 0 4 511 506 3 0 0 0 0 
112 711 176 14 9 2 0 0 83 704 211 14 9 3 0 0 3 387 609 19 6 0 0 0 
54 654 257 46 11 2 0 0 21 640 293 57 11 2 0 0 1 459 525 28 10 1 0 0 
166 552 248 58 0 0 0 0 95 561 290 77 1 0 0 0 6 514 489 15 0 0 0 0 
57 207 496 209 23 0 0 0 47 171 428 311 35 0 0 0 3 354 580 55 0 0 0 0 
0 2 27 176 335 364 81 39 0 14 82 288 458 131 24 27 3 40 207 406 289 41 26 12 
0 16 117 155 198 406 88 44 12 97 149 143 401 161 41 20 22 146 163 260 358 45 28 2 
0 0 19 80 70 199 408 248 1 16 75 57 139 216 417 103 4 55 58 87 173 307 308 32 
0 0 11 46 81 196 417 273 0 11 36 67 100 256 416 138 2 20 59 79 122 272 411 59 
2 15 65 222 132 128 241 219 1 22 27 130 313 211 128 192 3 52 262 143 156 137 131 140 
38 110 215 491 168 2 0 0 8 109 155 336 399 17 0 0 3 172 574 273 2 0 0 0 
16 215 331 326 131 5 0 0 0 144 285 309 251 35 0 0 7 277 500 220 20 0 0 0 
0 32 156 335 465 36 0 0 0 19 90 254 522 138 1 0 2 116 521 374 11 0 0 0 
12 166 52 279 490 25 0 0 0 112 97 149 517 149 0 0 2 178 439 394 11 0 0 0 
0 140 261 351 265 7 0 0 0 52 246 301 380 45 0 0 2 248 541 224 9 0 0 0 
15 246 314 195 234 20 0 0 1 163 292 229 254 85 0 0 6 320 495 196 7 0 0 0 
13 165 368 209 246 23 0 0 1 83 349 258 224 109 0 0 4 284 459 262 15 0 0 0 
56 608 312 40 8 0 0 0 10 427 471 100 14 2 0 0 7 490 502 22 3 0 0 0 
40 446 505 33 0 0 0 0 1 237 651 135 0 0 0 0 2 462 549 11 0 0 0 0 
5 217 614 187 1 0 0 0 3 110 551 340 20 0 0 0 3 412 575 34 0 0 0 0 
0 129 599 293 3 0 0 0 0 59 453 482 30 0 0 0 4 345 613 62 0 0 0 0 
9 109 489 392 25 0 0 0 2 47 313 518 143 1 0 0 4 288 630 101 1 0 0 0 
12 469 461 78 4 0 0 0 3 256 594 163 8 0 0 0 1 477 530 16 0 0 0 0 
3 125 603 255 35 3 0 0 3 134 562 293 31 1 0 0 3 371 554 86 10 0 0 0 
10 215 557 232 10 0 0 0 3 172 489 327 33 0 0 0 6 390 568 59 1 0 0 0 
171 338 292 217 6 0 0 0 88 351 211 307 67 0 0 0 4 418 530 71 1 0 0 0 
22 271 387 321 23 0 0 0 16 246 267 407 86 2 0 0 3 296 619 103 3 0 0 0 
30 206 451 317 20 0 0 0 17 188 389 366 63 1 0 0 4 363 579 77 1 0 0 0 
37 354 561 71 1 0 0 0 17 282 566 158 1 0 0 0 5 443 564 12 0 0 0 0 
151 619 226 28 0 0 0 0 51 629 260 84 0 0 0 0 2 498 519 5 0 0 0 0 
119 552 274 57 15 7 0 0 48 596 322 39 13 6 0 0 0 448 533 28 15 0 0 0 
28 414 420 133 29 0 0 0 24 412 429 127 32 0 0 0 0 362 557 85 20 0 0 0 
28 394 287 209 93 12 1 0 11 409 339 184 77 4 0 0 1 345 523 131 22 2 0 0 
35 425 421 131 12 0 0 0 53 529 326 107 9 0 0 0 0 395 580 48 1 0 0 0 
66 245 359 188 67 40 24 3 45 289 379 190 59 27 2 1 4 399 463 83 33 9 1 0 
0 3 27 80 200 523 180 11 0 20 48 129 444 356 26 1 1 33 97 264 566 58 5 0 
0 5 67 99 178 285 230 160 2 57 95 136 286 159 217 72 9 89 118 236 235 158 166 13 
0 0 8 34 206 515 204 57 0 6 32 177 480 224 80 25 3 22 88 404 357 71 61 18 
0 0 29 170 71 127 317 310 0 64 131 45 96 169 310 209 0 107 106 61 123 201 316 110 
0 0 11 173 235 309 210 86 0 0 19 225 389 245 95 51 0 43 289 296 238 105 45 8 
0 1 146 628 248 1 0 0 0 0 41 417 562 4 0 0 0 59 619 345 1 0 0 0 
0 72 575 340 36 1 0 0 0 21 347 535 113 8 0 0 1 343 613 64 3 0 0 0 
1 67 417 331 201 7 0 0 0 24 322 371 276 31 0 0 1 296 536 186 5 0 0 0 
0 0 85 389 494 56 0 0 0 0 37 304 536 147 0 0 2 88 430 456 48 0 0 0 
0 0 117 678 224 5 0 0 0 0 40 454 515 15 0 0 0 120 680 218 6 0 0 0 
0 7 189 541 283 4 0 0 0 1 85 418 470 50 0 0 3 180 613 228 0 0 0 0 
0 0 64 408 523 29 0 0 0 0 21 263 633 107 0 0 0 62 469 469 24 0 0 0 
4 147 404 322 145 2 0 0 1 50 332 362 258 21 0 0 5 308 545 157 9 0 0 0 
65 362 307 277 13 0 0 0 14 295 299 314 102 0 0 0 3 405 572 44 0 0 0 0 
27 438 482 75 2 0 0 0 13 264 592 151 4 0 0 0 4 460 532 26 2 0 0 0 
0 90 627 292 15 0 0 0 0 35 448 499 42 0 0 0 1 319 623 81 0 0 0 0 
0 42 518 444 20 0 0 0 0 8 249 670 97 0 0 0 0 329 637 58 0 0 0 0 
9 235 621 157 2 0 0 0 0 71 586 350 17 0 0 0 4 468 538 14 0 0 0 0 
3 238 504 262 15 2 0 0 4 227 384 365 44 0 0 0 4 366 601 49 4 0 0 0 
1 65 466 472 20 0 0 0 1 19 304 593 107 0 0 0 4 333 632 55 0 0 0 0 
0 80 667 277 0 0 0 0 0 10 292 656 66 0 0 0 4 422 590 8 0 0 0 0 
49 400 488 86 1 0 0 0 1 205 439 355 24 0 0 0 0 501 511 11 1 0 0 0 
168 550 286 20 0 0 0 0 59 509 380 74 2 0 0 0 4 496 520 4 0 0 0 0 
47 638 257 81 1 0 0 0 32 595 289 103 5 0 0 0 2 493 516 13 0 0 0 0 
39 538 329 97 20 1 0 0 46 496 365 100 16 1 0 0 8 447 521 46 2 0 0 0 
24 292 434 180 87 7 0 0 14 317 446 168 73 6 0 0 7 314 519 147 37 0 0 0 
3 254 403 199 97 66 2 0 4 330 362 209 108 11 0 0 0 333 473 180 37 1 0 0 
0 61 302 390 246 25 0 0 3 150 320 382 162 7 0 0 0 217 460 314 33 0 0 0 
16 254 345 199 132 68 8 2 39 326 333 169 140 15 1 1 7 347 438 171 51 8 2 0 
12 144 314 225 196 78 19 4 17 224 312 231 170 30 7 1 12 272 389 223 78 15 3 0 
0 12 54 50 139 566 170 33 7 50 47 86 450 345 39 0 1 63 77 267 508 100 8 0 
0 1 12 60 137 326 337 151 1 26 59 118 329 289 163 39 7 54 87 273 331 186 75 11 
0 0 8 19 163 646 182 6 1 13 14 148 636 207 5 0 5 12 49 452 479 27 0 0 
0 15 115 201 172 232 147 142 14 119 179 170 204 160 114 64 32 188 190 204 194 105 100 11 
0 8 32 83 278 275 167 181 5 30 67 157 265 224 177 99 13 46 126 295 218 126 138 62 
0 10 183 474 224 122 11 0 0 14 102 359 391 146 12 0 2 204 489 193 130 6 0 0 
0 14 330 631 49 0 0 0 0 6 178 698 142 0 0 0 1 309 653 60 1 0 0 0 
0 36 409 471 101 7 0 0 0 20 271 556 165 12 0 0 1 238 622 152 11 0 0 0 
0 45 254 419 293 13 0 0 0 25 186 345 439 29 0 0 1 141 557 295 30 0 0 0 
0 37 302 546 134 5 0 0 0 15 194 498 300 17 0 0 2 214 644 154 10 0 0 0 
2 155 507 311 49 0 0 0 0 72 451 371 126 4 0 0 9 384 533 96 2 0 0 0 
6 135 401 399 83 0 0 0 2 109 361 372 174 6 0 0 8 289 564 159 4 0 0 0 
3 108 366 439 108 0 0 0 3 53 306 408 253 1 0 0 7 281 553 183 0 0 0 0 
5 182 476 350 11 0 0 0 3 105 378 437 101 0 0 0 8 351 629 36 0 0 0 0 
4 190 553 270 7 0 0 0 0 112 433 439 40 0 0 0 5 405 583 31 0 0 0 0 
1 99 602 304 18 0 0 0 1 63 446 450 63 1 0 0 6 346 602 70 0 0 0 0 
0 24 477 508 15 0 0 0 0 6 241 686 91 0 0 0 4 256 702 62 0 0 0 0 
6 106 556 355 1 0 0 0 1 58 332 586 47 0 0 0 5 426 582 11 0 0 0 0 
1 173 619 215 16 0 0 0 1 127 503 367 26 0 0 0 5 484 500 35 0 0 0 0 
5 92 519 395 13 0 0 0 5 62 338 561 58 0 0 0 4 380 608 32 0 0 0 0 
40 282 619 83 0 0 0 0 3 149 514 346 12 0 0 0 9 509 494 12 0 0 0 0 
102 652 254 16 0 0 0 0 11 528 408 77 0 0 0 0 2 514 500 8 0 0 0 0 
66 344 365 210 39 0 0 0 26 311 376 254 56 1 0 0 6 439 487 86 6 0 0 0 
60 348 338 252 25 1 0 0 63 321 299 296 43 2 0 0 4 455 515 48 2 0 0 0 
14 271 464 231 43 1 0 0 13 262 461 245 42 1 0 0 6 379 575 60 4 0 0 0 
0 30 378 409 118 75 14 0 5 93 440 330 124 29 3 0 4 294 503 166 52 5 0 0 
0 35 133 178 277 326 69 6 1 108 186 270 357 96 6 0 0 142 281 411 176 14 0 0 
2 140 358 346 151 25 2 0 13 270 349 296 83 13 0 0 7 336 504 147 27 3 0 0 
0 76 268 316 255 97 12 0 4 149 316 285 228 39 3 0 0 229 459 261 66 9 0 0 
44 200 333 255 115 40 5 0 11 259 284 291 121 24 2 0 3 364 472 113 34 6 0 0 
0 0 46 114 123 428 271 42 18 94 87 163 389 230 37 6 18 127 145 307 359 57 11 0 
0 0 34 92 237 422 186 53 2 58 70 158 439 234 49 14 4 79 164 358 320 62 34 3 
0 0 21 42 129 426 301 105 2 20 35 104 353 355 124 31 3 30 83 230 404 212 50 12 
0 0 23 89 184 347 254 127 0 26 73 147 278 296 152 52 13 44 98 212 325 214 89 29 
0 4 65 175 312 257 151 60 3 48 130 277 301 166 85 14 9 96 231 319 197 127 40 5 
0 0 70 178 218 319 190 49 0 1 91 162 249 374 125 22 0 89 180 217 293 181 58 6 
0 32 408 508 75 1 0 0 0 39 354 528 99 4 0 0 4 364 552 103 1 0 0 0 
0 8 332 566 112 6 0 0 0 4 239 583 188 10 0 0 4 306 571 138 5 0 0 0 
0 278 314 280 146 6 0 0 0 127 356 314 200 27 0 0 8 355 487 160 14 0 0 0 
56 424 243 251 50 0 0 0 24 353 282 261 98 6 0 0 4 330 556 124 10 0 0 0 
25 443 376 169 11 0 0 0 16 341 423 190 54 0 0 0 14 448 487 75 0 0 0 0 
20 317 392 251 44 0 0 0 25 289 338 283 87 2 0 0 11 362 543 104 4 0 0 0 
3 122 402 411 86 0 0 0 2 109 306 447 156 4 0 0 9 266 597 150 2 0 0 0 
4 221 414 316 68 1 0 0 4 135 332 402 144 7 0 0 6 349 564 103 2 0 0 0 
22 280 546 175 1 0 0 0 7 242 499 267 9 0 0 0 10 426 555 32 1 0 0 0 
5 115 512 364 28 0 0 0 0 76 439 460 49 0 0 0 3 366 594 61 0 0 0 0 
10 114 478 408 14 0 0 0 0 60 350 521 93 0 0 0 3 278 677 66 0 0 0 0 
63 479 357 120 5 0 0 0 34 483 357 141 9 0 0 0 3 465 517 38 1 0 0 0 
107 521 327 68 1 0 0 0 55 499 338 129 3 0 0 0 7 507 489 21 0 0 0 0 
42 320 388 248 26 0 0 0 21 300 340 326 37 0 0 0 5 443 534 41 1 0 0 0 
110 460 335 111 8 0 0 0 72 448 356 132 16 0 0 0 1 476 498 45 4 0 0 0 
233 525 186 67 13 0 0 0 146 593 179 85 19 2 0 0 6 498 461 48 11 0 0 0 
154 507 211 94 51 7 0 0 81 587 205 101 47 3 0 0 4 440 476 80 24 0 0 0 
193 587 194 49 1 0 0 0 132 666 179 46 1 0 0 0 0 482 495 44 3 0 0 0 
1 272 379 139 96 76 42 19 58 441 250 134 79 38 23 1 10 380 436 104 58 27 8 1 
0 25 194 321 268 175 37 4 5 119 357 280 229 30 4 0 5 245 416 273 80 4 1 0 
0 7 180 335 351 147 4 0 0 59 290 349 305 21 0 0 3 174 405 392 48 2 0 0 
1 174 387 318 123 21 0 0 27 329 372 220 71 5 0 0 2 358 514 141 9 0 0 0 
0 64 240 315 283 103 13 6 2 114 303 313 250 34 5 3 3 192 463 291 63 8 4 0 
21 83 97 118 314 328 30 1 6 116 109 266 422 67 6 0 3 125 256 411 184 12 1 0 
0 4 82 237 229 237 174 61 3 120 225 203 223 147 100 3 4 195 281 233 167 125 19 0 
0 0 32 173 479 239 94 7 0 23 103 413 340 122 23 0 0 38 259 425 227 73 2 0 
0 1 60 97 154 398 257 57 4 68 73 113 254 393 102 17 27 84 120 170 373 221 20 9 
0 9 127 193 229 220 126 120 24 155 150 209 221 132 89 44 36 178 235 240 156 101 59 19 
0 0 9 32 167 354 319 143 0 10 26 112 285 333 216 42 4 18 62 197 334 273 114 22 
0 0 1 3 34 328 490 168 0 1 2 14 128 443 359 77 1 1 6 64 341 369 213 29 
0 59 191 214 64 120 291 85 0 68 182 232 78 178 255 31 7 176 279 88 105 226 140 3 
37 364 469 151 3 0 0 0 15 330 482 188 9 0 0 0 1 454 544 25 0 0 0 0 
2 225 560 222 15 0 0 0 0 104 504 360 56 0 0 0 1 443 538 42 0 0 0 0 
91 493 366 69 5 0 0 0 33 376 432 163 20 0 0 0 4 453 547 20 0 0 0 0 
63 433 364 152 12 0 0 0 48 375 353 200 47 1 0 0 4 460 505 55 0 0 0 0 
29 319 365 252 58 1 0 0 18 288 332 264 117 5 0 0 12 425 479 104 4 0 0 0 
10 83 344 492 95 0 0 0 10 63 253 409 279 10 0 0 1 252 626 141 4 0 0 0 
0 51 370 509 93 1 0 0 0 28 266 530 197 3 0 0 3 291 628 99 3 0 0 0 
12 271 560 172 8 1 0 0 7 227 502 278 10 0 0 0 9 452 537 21 5 0 0 0 
0 133 576 299 16 0 0 0 0 91 481 424 28 0 0 0 4 415 576 29 0 0 0 0 
0 143 528 340 13 0 0 0 0 104 428 447 45 0 0 0 9 394 561 60 0 0 0 0 
111 454 336 118 5 0 0 0 43 475 311 181 14 0 0 0 6 474 528 16 0 0 0 0 
93 619 280 32 0 0 0 0 54 622 313 35 0 0 0 0 1 487 529 7 0 0 0 0 
14 288 498 186 33 5 0 0 24 275 478 206 38 3 0 0 5 403 516 91 8 1 0 0 
52 271 432 248 21 0 0 0 35 260 477 232 20 0 0 0 5 328 595 93 3 0 0 0 
89 384 351 159 38 3 0 0 80 378 398 135 31 2 0 0 1 417 518 78 10 0 0 0 
4 270 417 277 53 3 0 0 31 305 356 271 58 3 0 0 8 334 521 154 7 0 0 0 
31 353 258 195 149 25 9 4 56 423 255 181 91 11 4 3 2 380 459 150 18 11 4 0 
35 151 289 229 180 85 38 17 21 186 281 316 159 37 19 5 4 298 424 215 54 16 11 2 
1 66 324 311 224 97 1 0 0 68 303 447 199 7 0 0 4 244 504 249 23 0 0 0 
1 55 337 337 236 54 4 0 6 157 342 360 134 25 0 0 3 288 512 183 37 1 0 0 
3 236 301 291 154 36 3 0 27 291 319 256 126 5 0 0 1 378 508 123 14 0 0 0 
1 100 457 276 150 38 2 0 2 239 442 235 98 8 0 0 0 335 498 165 25 1 0 0 
5 100 348 300 213 26 0 0 5 124 346 372 139 6 0 0 2 266 562 149 13 0 0 0 
0 0 26 202 483 261 51 1 0 28 177 438 286 85 10 0 2 78 365 395 158 26 0 0 
0 23 147 374 373 103 4 0 1 74 198 485 251 15 0 0 0 81 330 501 107 5 0 0 
0 0 9 68 272 347 306 22 0 27 59 171 339 346 82 0 4 50 113 228 393 219 17 0 
0 1 27 66 162 298 378 92 2 49 81 174 298 319 99 2 12 95 164 211 359 171 12 0 
0 2 55 161 219 317 197 73 5 48 142 225 279 225 97 3 12 118 219 276 236 137 26 0 
0 1 17 42 98 285 428 153 0 15 38 62 171 383 280 75 5 29 58 95 293 341 165 38 
0 25 37 50 75 208 485 144 0 38 47 81 114 312 363 69 7 53 85 83 208 338 219 31 
11 112 143 211 389 106 44 8 5 86 159 269 382 98 23 2 8 174 314 363 116 43 6 0 
0 92 486 371 69 6 0 0 1 68 410 435 106 4 0 0 7 363 543 101 10 0 0 0 
86 563 240 106 27 2 0 0 51 533 278 128 31 3 0 0 2 472 498 49 3 0 0 0 
67 529 319 93 16 0 0 0 35 428 401 124 36 0 0 0 13 490 463 57 1 0 0 0 
17 208 411 327 59 1 1 0 10 171 382 364 92 4 1 0 16 348 510 135 13 2 0 0 
0 71 438 414 94 7 0 0 0 60 378 426 150 10 0 0 4 290 570 150 10 0 0 0 
0 37 298 555 134 0 0 0 0 21 215 525 261 2 0 0 5 187 623 209 0 0 0 0 
9 218 476 281 40 0 0 0 9 204 412 297 101 1 0 0 8 386 563 66 1 0 0 0 
46 404 482 80 9 3 0 0 25 351 505 129 11 3 0 0 9 488 500 22 5 0 0 0 
50 370 457 146 1 0 0 0 34 353 471 164 2 0 0 0 4 457 553 10 0 0 0 0 
1 127 631 210 41 10 4 0 1 108 517 347 41 10 0 0 10 427 508 60 17 2 0 0 
21 285 237 164 185 117 15 0 34 312 224 197 205 48 4 0 3 297 404 224 89 7 0 0 
2 146 530 313 31 2 0 0 0 116 537 351 20 0 0 0 3 422 541 56 2 0 0 0 
44 150 373 407 49 1 0 0 16 165 280 471 91 1 0 0 3 404 534 77 6 0 0 0 
13 180 505 234 88 4 0 0 16 261 449 200 93 5 0 0 1 368 548 97 9 1 0 0 
8 315 425 208 67 1 0 0 25 427 371 150 51 0 0 0 5 368 545 103 3 0 0 0 
58 312 371 223 59 1 0 0 59 501 308 141 15 0 0 0 2 407 549 65 1 0 0 0 
57 410 210 190 107 46 4 0 86 418 242 202 71 5 0 0 0 387 525 95 16 1 0 0 
11 202 398 254 117 42 0 0 19 322 348 236 89 10 0 0 2 346 541 115 20 0 0 0 
0 8 136 309 389 166 16 0 0 29 195 420 335 44 1 0 0 124 389 401 106 4 0 0 
21 118 198 216 268 193 10 0 9 185 235 304 255 32 4 0 1 245 359 340 69 10 0 0 
59 281 347 197 95 42 3 0 37 296 360 245 79 7 0 0 6 392 485 124 16 1 0 0 
177 603 190 22 0 0 0 0 89 619 253 30 1 0 0 0 2 484 496 10 0 0 0 0 
0 0 1 64 256 357 286 60 0 5 61 230 292 241 177 18 0 16 131 293 267 221 90 6 
0 9 120 196 196 338 143 22 2 56 214 204 324 193 31 0 5 112 278 284 267 72 6 0 
0 0 14 38 77 188 502 205 1 21 43 88 155 289 382 45 16 37 68 129 193 400 175 6 
0 0 1 29 60 226 571 137 0 8 40 65 215 513 171 12 2 39 66 151 434 306 26 0 
0 0 37 102 88 313 355 129 6 79 80 77 263 331 157 31 13 89 108 184 316 248 46 20 
0 0 11 51 142 326 330 164 3 19 48 111 260 300 227 56 12 41 82 196 299 261 122 11 
0 2 21 46 103 286 386 180 7 21 39 92 168 309 292 96 12 32 81 118 220 361 152 48 
0 1 6 27 165 311 387 127 0 7 21 64 244 363 285 40 3 16 38 162 314 366 121 4 
0 0 6 136 650 214 18 0 0 2 16 225 630 147 4 0 0 9 99 582 321 13 0 0 
27 341 276 173 167 37 3 0 4 291 300 188 187 51 3 0 20 306 412 185 94 6 1 0 
143 634 219 28 0 0 0 0 118 540 317 48 1 0 0 0 3 490 511 20 0 0 0 0 
110 541 267 96 10 0 0 0 102 492 283 126 19 2 0 0 11 512 447 47 7 0 0 0 
7 115 482 371 49 0 0 0 5 117 393 408 99 2 0 0 9 332 589 94 0 0 0 0 
6 224 387 354 53 0 0 0 1 175 356 358 128 6 0 0 11 362 556 92 3 0 0 0 
43 157 420 324 80 0 0 0 6 135 373 355 151 4 0 0 10 374 540 100 0 0 0 0 
143 515 222 110 25 9 0 0 103 520 249 112 33 7 0 0 9 489 454 56 16 0 0 0 
72 426 391 121 14 0 0 0 61 436 378 133 16 0 0 0 2 466 532 24 0 0 0 0 
72 299 371 232 42 8 0 0 44 332 357 241 47 3 0 0 2 449 506 56 11 0 0 0 
33 282 217 219 191 67 14 1 32 296 258 255 142 33 8 0 4 287 435 219 63 15 1 0 
32 345 504 139 4 0 0 0 16 289 476 231 12 0 0 0 7 498 504 15 0 0 0 0 
1 66 267 549 130 11 0 0 3 54 210 530 220 7 0 0 11 264 620 114 15 0 0 0 
145 302 269 271 37 0 0 0 76 373 212 278 84 1 0 0 1 419 547 56 1 0 0 0 
0 23 193 470 280 58 0 0 4 75 267 451 222 5 0 0 2 202 504 292 24 0 0 0 
0 28 213 379 298 97 9 0 5 137 312 397 161 12 0 0 1 239 477 276 31 0 0 0 
0 68 290 408 216 42 0 0 2 119 343 430 127 3 0 0 5 254 543 212 10 0 0 0 
25 259 454 252 31 3 0 0 26 257 480 238 21 2 0 0 8 453 512 48 3 0 0 0 
218 559 177 64 5 1 0 0 95 651 204 69 5 0 0 0 2 503 509 9 1 0 0 0 
208 579 212 25 0 0 0 0 86 653 241 43 1 0 0 0 0 455 557 12 0 0 0 0 
32 299 604 89 0 0 0 0 12 283 590 139 0 0 0 0 7 495 517 5 0 0 0 0 
212 571 204 5 0 0 0 0 99 614 249 30 0 0 0 0 1 516 467 8 0 0 0 0 
0 0 11 29 137 449 303 95 1 11 43 113 380 305 151 20 5 20 80 217 399 239 63 1 
0 0 13 49 92 295 402 173 2 26 41 97 249 321 228 60 6 38 66 184 298 288 124 20 
0 0 2 8 23 105 737 149 0 3 9 25 73 489 411 14 1 8 16 54 220 624 100 1 
0 0 15 45 67 155 550 192 4 27 44 66 127 483 259 14 16 54 67 96 336 395 60 0 
0 1 14 74 300 338 212 85 1 10 37 137 397 298 115 29 6 54 233 271 262 132 58 8 
0 0 3 29 75 353 423 141 0 11 24 61 282 346 265 35 2 23 39 198 303 334 114 11 
0 1 19 57 142 267 395 143 0 16 56 127 199 325 259 42 9 51 100 165 285 302 104 8 
0 0 5 30 97 275 430 187 0 7 13 68 170 369 311 86 0 17 40 124 278 361 182 22 
0 5 96 282 373 195 58 15 5 93 222 306 301 77 20 0 13 158 361 330 124 30 8 0 
16 63 79 119 284 325 109 29 14 76 102 146 361 267 53 5 1 104 176 283 342 104 14 0 
37 213 156 167 248 188 15 0 31 200 151 183 304 147 8 0 5 231 324 270 183 11 0 0 
43 311 282 277 96 14 1 0 56 311 267 265 118 7 0 0 17 353 474 144 33 3 0 0 
25 259 398 273 54 14 1 0 23 245 357 311 80 8 0 0 16 421 469 96 18 4 0 0 
3 72 497 419 33 0 0 0 1 47 352 515 109 0 0 0 12 374 584 54 0 0 0 0 
59 166 273 450 76 0 0 0 56 189 148 448 183 0 0 0 8 306 614 90 6 0 0 0 
53 337 297 282 55 0 0 0 31 330 320 282 61 0 0 0 7 402 552 63 0 0 0 0 
19 181 311 431 82 0 0 0 7 143 322 470 82 0 0 0 7 411 548 58 0 0 0 0 
54 121 304 442 94 9 0 0 16 159 281 463 98 6 1 0 5 360 576 72 11 0 0 0 
48 214 313 285 143 21 0 0 35 259 330 271 119 10 0 0 4 323 466 183 48 0 0 0 
33 462 418 96 13 2 0 0 22 371 471 145 13 2 0 0 13 508 465 35 3 0 0 0 
51 231 408 310 24 0 0 0 15 184 340 401 84 0 0 0 5 449 534 36 0 0 0 0 
48 371 369 206 29 1 0 0 43 294 315 298 71 3 0 0 9 475 485 53 2 0 0 0 
4 66 317 460 156 19 2 0 1 33 216 543 225 6 0 0 6 272 594 140 11 1 0 0 
13 211 446 312 38 4 0 0 21 235 359 345 64 0 0 0 3 473 516 32 0 0 0 0 
159 416 196 193 60 0 0 0 72 490 182 212 68 0 0 0 2 419 481 117 5 0 0 0 
79 266 370 279 30 0 0 0 68 389 391 143 33 0 0 0 2 399 573 49 1 0 0 0 
134 531 326 33 0 0 0 0 107 685 223 9 0 0 0 0 0 457 561 6 0 0 0 0 
41 293 526 164 0 0 0 0 21 255 551 196 1 0 0 0 11 487 516 10 0 0 0 0 
153 595 225 48 3 0 0 0 65 631 260 63 5 0 0 0 3 387 627 7 0 0 0 0 
304 619 68 1 0 0 0 0 140 743 105 4 0 0 0 0 0 449 540 3 0 0 0 0 
0 0 1 53 292 398 205 75 0 1 42 174 450 249 94 14 1 15 132 369 326 140 40 1 
0 0 5 23 106 291 499 100 1 5 30 89 230 448 208 13 4 19 73 175 396 275 80 2 
0 0 3 18 40 224 561 178 0 5 26 45 150 463 302 33 4 28 38 94 307 416 130 7 
0 0 81 95 84 202 397 165 5 113 66 77 157 356 229 21 8 130 101 124 258 334 69 0 
0 4 54 91 206 376 238 55 1 47 85 196 342 248 98 7 8 72 170 306 297 150 20 1 
0 0 8 40 112 347 345 172 0 12 30 99 279 331 207 66 7 20 69 175 377 225 132 19 
0 0 7 38 116 319 461 83 0 6 26 72 241 407 266 6 4 23 52 177 329 349 88 2 
0 1 11 20 111 356 403 122 0 9 23 68 257 391 250 26 5 14 39 184 356 301 124 1 
0 1 1 20 102 396 367 137 0 1 15 76 334 408 155 35 1 4 46 184 494 227 63 5 
0 0 0 20 153 475 313 63 0 0 6 88 380 409 137 4 0 0 41 230 467 247 39 0 
0 0 1 22 271 374 285 71 0 1 2 98 417 358 131 17 0 1 53 309 374 238 47 2 
159 308 96 84 167 112 87 11 88 389 108 100 184 105 50 0 10 312 315 176 116 84 11 0 
100 580 247 60 30 6 1 0 135 537 264 69 17 2 0 0 6 495 449 57 12 4 1 0 
16 289 503 195 19 2 0 0 14 193 483 299 34 1 0 0 12 416 551 40 3 2 0 0 
3 93 457 437 34 0 0 0 3 112 340 444 125 0 0 0 7 360 599 57 1 0 0 0 
12 260 542 184 26 0 0 0 14 262 519 195 34 0 0 0 10 420 524 70 0 0 0 0 
9 136 507 309 42 19 2 0 11 179 507 274 48 5 0 0 4 439 526 40 15 0 0 0 
1 21 144 347 369 137 5 0 3 64 234 376 311 36 0 0 5 179 403 326 109 2 0 0 
31 383 401 166 41 2 0 0 116 485 316 84 22 1 0 0 4 424 541 53 2 0 0 0 
121 398 306 178 19 2 0 0 57 392 276 220 73 6 0 0 3 482 479 55 5 0 0 0 
60 275 436 242 11 0 0 0 26 194 367 377 58 2 0 0 17 462 501 44 0 0 0 0 
132 464 320 108 0 0 0 0 74 445 294 199 12 0 0 0 8 501 492 23 0 0 0 0 
45 320 471 170 13 5 0 0 30 257 427 262 44 4 0 0 8 509 467 36 3 1 0 0 
1 137 514 345 26 1 0 0 0 69 442 432 79 2 0 0 10 407 552 53 2 0 0 0 
7 151 566 284 16 0 0 0 6 134 525 339 20 0 0 0 5 411 581 27 0 0 0 0 
2 42 342 407 199 32 0 0 3 80 375 427 128 11 0 0 4 293 589 132 6 0 0 0 
28 341 484 122 44 5 0 0 43 386 428 156 11 0 0 0 6 444 508 64 2 0 0 0 
233 667 120 4 0 0 0 0 169 681 158 16 0 0 0 0 2 534 480 8 0 0 0 0 
221 801 2 0 0 0 0 0 101 915 8 0 0 0 0 0 0 215 808 1 0 0 0 0 
199 629 138 24 2 0 0 0 207 621 139 23 2 0 0 0 2 491 480 18 1 0 0 0 
0 0 21 155 254 288 230 76 0 20 156 237 300 204 98 9 6 72 219 264 269 147 45 2 
0 0 0 20 23 90 700 191 0 8 24 13 39 313 592 35 3 25 12 16 125 521 318 4 
0 0 1 6 14 104 756 143 0 1 8 8 60 390 516 41 1 6 9 33 126 574 260 15 
0 0 32 48 85 200 452 207 4 40 42 72 169 269 373 55 15 51 51 146 189 339 222 11 
0 1 19 83 156 358 277 130 4 47 79 148 323 263 127 33 13 68 140 275 316 160 45 7 
0 1 23 59 116 382 350 93 4 21 67 108 337 343 120 24 12 49 95 237 375 194 53 9 
0 2 50 130 253 348 199 42 2 24 124 224 333 225 83 9 10 83 173 302 302 126 26 2 
0 1 23 72 147 309 338 134 2 18 58 114 248 346 203 35 10 40 82 193 296 303 95 5 
0 0 12 128 500 285 70 29 0 5 57 325 475 132 26 4 0 33 285 440 215 43 8 0 
0 0 6 52 280 507 156 23 0 6 24 145 532 276 32 9 1 14 81 329 494 90 15 0 
0 0 7 69 195 474 239 40 0 6 59 139 457 289 62 12 3 32 112 348 386 122 20 1 
0 13 15 69 289 438 181 19 3 15 28 163 356 373 77 9 0 23 96 299 412 174 19 1 
11 133 232 143 198 234 71 2 17 128 230 167 272 165 45 0 4 208 286 215 221 83 7 0 
20 271 425 244 59 5 0 0 26 201 354 340 96 7 0 0 5 413 493 100 13 0 0 0 
0 18 274 646 86 0 0 0 0 14 152 606 248 4 0 0 4 262 654 104 0 0 0 0 
27 195 378 393 31 0 0 0 28 181 175 516 124 0 0 0 7 420 551 46 0 0 0 0 
65 422 295 99 106 36 1 0 46 534 222 133 75 14 0 0 3 443 430 113 35 0 0 0 
4 260 361 120 150 108 19 2 43 490 176 173 107 28 7 0 2 344 447 174 46 11 0 0 
116 354 199 174 144 37 0 0 94 399 192 253 84 2 0 0 8 396 443 166 11 0 0 0 
98 420 407 98 1 0 0 0 49 334 401 222 18 0 0 0 11 458 525 30 0 0 0 0 
129 455 368 72 0 0 0 0 71 430 344 173 6 0 0 0 8 514 480 22 0 0 0 0 
55 440 420 105 4 0 0 0 41 312 423 225 23 0 0 0 3 499 496 24 2 0 0 0 
37 399 443 133 12 0 0 0 17 283 453 243 28 0 0 0 5 505 491 21 2 0 0 0 
13 236 515 253 7 0 0 0 4 134 445 395 46 0 0 0 13 502 486 23 0 0 0 0 
12 104 457 342 84 24 1 0 10 106 416 408 77 6 1 0 10 412 498 94 6 3 1 0 
270 613 90 19 17 14 1 0 146 709 119 25 22 3 0 0 1 422 563 29 8 1 0 0 
48 414 414 140 8 0 0 0 64 413 395 138 14 0 0 0 4 431 529 59 1 0 0 0 
152 637 197 38 0 0 0 0 120 661 188 55 0 0 0 0 2 359 643 19 1 0 0 0 
119 712 87 32 33 26 15 0 110 754 67 35 26 29 3 0 3 255 679 38 40 9 0 0 
90 410 209 210 60 13 0 0 81 425 240 186 59 1 0 0 11 386 471 106 17 1 0 0 
0 0 2 45 137 386 388 66 0 1 15 104 333 378 188 5 1 9 66 206 364 300 78 0 
0 0 6 39 68 419 406 86 0 13 38 52 296 480 132 13 4 33 48 208 462 228 41 0 
0 0 0 1 47 303 589 84 0 0 1 53 187 472 308 3 0 0 27 127 325 427 117 1 
0 0 19 63 155 299 360 128 5 44 44 143 278 280 220 10 9 52 80 224 279 300 80 0 
0 2 137 160 170 254 188 113 15 151 142 165 259 176 98 18 13 173 198 228 230 120 56 6 
0 0 12 59 88 277 419 169 0 20 51 89 230 372 236 26 5 47 65 153 332 310 109 3 
0 3 38 45 132 388 296 122 5 39 50 93 361 287 159 30 22 35 80 235 382 165 83 22 
0 1 13 86 179 286 368 91 1 6 52 148 237 356 195 29 2 44 116 165 243 354 94 6 
0 0 13 145 556 303 7 0 0 4 56 337 550 77 0 0 0 36 275 502 208 3 0 0 
0 0 4 30 232 597 141 20 0 3 21 109 552 289 50 0 2 8 51 382 486 83 12 0 
0 0 5 76 244 403 221 75 0 8 68 234 402 226 76 10 1 38 166 382 286 121 29 1 
0 1 28 150 382 345 102 16 2 19 87 293 419 173 29 2 11 47 224 413 264 59 6 0 
0 1 6 94 455 333 98 37 0 1 41 217 499 191 63 12 1 27 125 425 343 76 26 1 
0 40 113 176 383 263 46 3 0 23 111 232 445 187 24 2 2 101 249 300 301 61 9 1 
0 48 387 482 72 28 5 2 1 38 226 569 166 20 4 0 5 331 577 76 29 6 0 0 
1 70 431 478 44 0 0 0 0 31 229 601 163 0 0 0 4 357 590 73 0 0 0 0 
3 69 347 404 157 42 2 0 10 61 249 465 214 25 0 0 13 316 517 149 29 0 0 0 
12 157 345 364 126 20 0 0 1 122 289 414 189 9 0 0 13 387 505 103 16 0 0 0 
135 704 91 83 11 0 0 0 132 695 77 89 31 0 0 0 1 301 693 29 0 0 0 0 
176 802 43 3 0 0 0 0 134 816 65 9 0 0 0 0 1 374 644 5 0 0 0 0 
229 546 197 52 0 0 0 0 133 600 187 95 9 0 0 0 5 509 492 18 0 0 0 0 
67 381 506 70 0 0 0 0 30 280 495 213 6 0 0 0 1 491 512 20 0 0 0 0 
100 477 412 35 0 0 0 0 40 388 489 107 0 0 0 0 5 502 506 11 0 0 0 0 
53 309 520 142 0 0 0 0 14 252 463 283 12 0 0 0 4 516 495 9 0 0 0 0 
11 216 553 233 11 0 0 0 4 115 429 432 44 0 0 0 8 463 530 23 0 0 0 0 
164 661 153 43 3 0 0 0 106 699 90 124 4 1 0 0 1 360 650 13 0 0 0 0 
151 751 102 19 1 0 0 0 108 789 96 29 2 0 0 0 4 235 772 13 0 0 0 0 
150 573 212 79 10 0 0 0 154 548 217 94 11 0 0 0 2 426 549 46 1 0 0 0 
32 296 295 239 118 32 12 0 42 339 310 223 85 24 1 0 7 368 462 146 38 3 0 0 
87 555 297 47 6 0 0 0 101 623 241 23 4 0 0 0 0 446 533 13 0 0 0 0 
0 5 115 330 300 204 63 7 0 24 198 356 278 142 24 2 1 190 376 218 182 54 3 0 
0 0 0 1 62 348 491 122 0 0 0 30 272 406 283 33 0 0 8 208 324 340 136 8 
0 0 1 15 89 353 433 133 0 1 14 57 248 426 244 34 0 12 32 161 386 336 86 11 
0 1 31 97 141 338 282 134 7 53 80 129 308 239 168 40 12 78 111 232 299 187 94 11 
0 0 1 59 312 466 140 46 0 10 47 275 457 187 43 5 1 20 122 483 299 89 10 0 
0 0 3 36 151 417 322 95 0 4 35 126 368 319 153 19 1 30 83 248 391 217 52 2 
0 0 7 40 152 473 260 92 0 6 41 101 403 317 134 22 0 19 55 270 426 173 76 5 
0 0 10 98 183 326 328 79 0 6 70 105 255 347 218 23 1 34 111 170 265 344 93 6 
0 0 5 226 565 218 10 0 0 0 46 429 485 64 0 0 0 37 318 516 150 3 0 0 
0 5 55 152 292 509 11 0 0 27 109 168 513 206 1 0 7 80 157 324 447 9 0 0 
0 3 50 281 429 217 38 6 0 15 132 421 335 102 16 3 6 63 342 382 191 35 5 0 
0 0 0 14 101 617 259 33 0 0 10 55 347 521 90 1 0 3 22 172 616 199 12 0 
0 2 25 48 142 436 309 62 6 30 41 114 359 384 73 17 17 37 90 244 475 138 23 0 
0 1 24 121 252 332 220 74 2 7 89 218 375 218 90 25 5 58 150 319 323 117 48 4 
0 15 162 98 70 233 327 119 3 36 149 115 163 320 191 47 3 134 152 91 260 278 97 9 
3 30 307 584 90 7 3 0 1 13 137 579 275 16 3 0 7 325 602 81 7 2 0 0 
36 264 368 315 40 1 0 0 12 190 272 370 173 7 0 0 11 473 507 33 0 0 0 0 
171 380 293 168 12 0 0 0 59 412 251 248 53 1 0 0 6 476 530 11 1 0 0 0 
144 786 65 26 3 0 0 0 53 854 63 45 9 0 0 0 3 281 726 14 0 0 0 0 
90 898 16 11 5 4 0 0 46 945 15 10 4 4 0 0 0 134 870 12 5 3 0 0 
118 901 5 0 0 0 0 0 55 962 7 0 0 0 0 0 0 196 827 1 0 0 0 0 
248 637 127 12 0 0 0 0 193 649 163 19 0 0 0 0 0 562 441 21 0 0 0 0 
186 566 234 38 0 0 0 0 103 540 282 97 2 0 0 0 6 512 482 24 0 0 0 0 
116 476 324 106 2 0 0 0 73 405 332 201 13 0 0 0 3 479 521 21 0 0 0 0 
205 544 219 54 2 0 0 0 86 545 253 132 8 0 0 0 0 479 543 2 0 0 0 0 
134 845 45 0 0 0 0 0 179 771 58 16 0 0 0 0 0 278 745 1 0 0 0 0 
297 456 176 76 19 0 0 0 138 609 152 95 30 0 0 0 2 472 520 27 3 0 0 0 
187 579 159 81 18 0 0 0 146 650 120 84 24 0 0 0 2 483 496 43 0 0 0 0 
281 647 56 38 2 0 0 0 126 801 54 39 4 0 0 0 0 429 575 20 0 0 0 0 
224 661 91 16 0 0 0 0 157 729 91 15 0 0 0 0 0 411 568 13 0 0 0 0 
0 1 42 269 211 255 219 27 0 6 88 300 321 249 51 9 3 123 291 179 275 130 19 4 
0 0 4 57 111 284 432 136 0 0 20 101 169 404 280 50 0 28 71 108 260 373 158 26 
0 0 0 16 90 426 354 138 0 0 11 58 298 374 234 49 0 5 28 148 388 299 133 23 
0 0 41 73 111 365 271 163 5 50 62 101 315 264 140 87 3 67 97 227 290 175 118 47 
0 0 25 95 290 389 185 40 2 37 79 257 400 155 79 15 9 67 162 396 224 112 45 9 
0 1 8 67 272 304 296 76 0 10 66 245 262 272 158 11 3 42 192 253 261 224 49 0 
0 11 44 60 198 378 242 91 12 49 46 142 329 280 135 31 13 59 94 253 339 184 70 12 
0 0 2 24 75 341 484 98 0 0 16 51 190 511 225 31 0 6 29 80 353 439 98 19 
0 1 95 300 373 188 50 17 0 25 221 384 276 82 35 1 1 149 374 308 139 35 18 0 
0 0 26 180 393 281 122 22 0 8 86 356 346 187 33 8 1 38 217 430 247 76 12 3 
0 0 23 274 368 316 41 2 0 5 117 364 367 163 8 0 0 46 298 366 281 30 3 0 
0 1 12 22 96 580 287 26 1 10 24 47 322 543 76 1 8 12 32 129 626 207 10 0 
0 0 0 18 58 548 359 41 0 1 15 68 471 419 49 1 0 9 24 217 639 120 15 0 
0 0 12 21 92 547 285 67 1 16 18 66 403 413 93 14 3 16 42 191 551 175 44 2 
0 0 24 26 69 338 449 118 5 24 24 42 254 471 188 16 8 27 30 114 460 324 58 3 
5 140 272 431 89 23 43 21 0 82 204 444 211 38 42 3 7 352 518 69 23 40 15 0 
64 247 475 230 8 0 0 0 16 183 387 365 70 3 0 0 16 511 476 21 0 0 0 0 
95 716 116 94 3 0 0 0 58 737 87 126 16 0 0 0 1 429 577 17 0 0 0 0 
131 622 219 51 1 0 0 0 64 629 214 110 7 0 0 0 4 370 642 8 0 0 0 0 
117 826 66 15 0 0 0 0 78 847 61 37 1 0 0 0 0 230 789 5 0 0 0 0 
182 379 344 115 4 0 0 0 106 407 271 224 16 0 0 0 7 503 489 25 0 0 0 0 
213 468 302 41 0 0 0 0 109 478 316 118 3 0 0 0 7 516 476 25 0 0 0 0 
192 522 254 51 5 0 0 0 138 464 287 125 10 0 0 0 9 455 530 25 5 0 0 0 
183 596 227 16 2 0 0 0 67 576 313 66 2 0 0 0 3 548 460 10 2 1 0 0 
204 591 221 8 0 0 0 0 37 585 340 62 0 0 0 0 0 530 490 4 0 0 0 0 
200 777 45 2 0 0 0 0 162 800 61 1 0 0 0 0 0 540 478 6 0 0 0 0 
55 480 324 147 18 0 0 0 80 483 307 132 22 0 0 0 5 455 510 52 2 0 0 0 
149 637 208 28 2 0 0 0 143 650 196 34 1 0 0 0 0 511 497 16 0 0 0 0 
179 739 94 12 0 0 0 0 73 808 133 10 0 0 0 0 0 355 666 3 0 0 0 0 
13 979 0 0 0 0 0 0 13 979 0 0 0 0 0 0 0 9 983 0 0 0 0 0 
0 1 17 41 87 307 456 115 1 22 40 71 211 460 195 24 4 32 64 124 319 375 101 5 
0 0 0 6 52 275 542 149 0 0 2 24 154 481 326 37 0 1 9 61 278 486 171 18 
0 1 28 101 186 342 239 127 1 29 87 135 292 260 160 60 4 69 100 222 315 188 92 34 
0 0 12 99 266 397 201 49 0 14 77 248 388 219 70 8 6 47 148 378 291 119 31 4 
0 82 252 94 112 238 197 49 90 259 79 107 205 204 73 7 20 235 217 153 235 137 26 1 
0 2 89 155 145 243 279 111 3 116 123 130 205 253 152 42 3 115 173 186 230 217 73 27 
0 0 15 50 153 293 340 173 0 12 43 105 235 290 254 85 1 28 59 160 265 264 217 30 
0 0 8 15 59 342 515 85 2 6 12 30 170 491 300 13 2 10 16 61 284 496 151 4 
0 4 9 62 456 393 84 16 5 9 24 198 571 184 31 2 4 19 138 474 319 58 12 0 
0 25 89 281 314 241 71 3 4 58 212 315 284 139 12 0 5 130 390 260 206 30 3 0 
0 21 99 225 412 217 43 7 2 61 148 342 358 100 10 3 1 90 333 388 176 32 4 0 
0 0 0 2 94 475 412 41 0 0 0 68 414 475 67 0 0 0 11 214 610 176 13 0 
0 0 3 22 60 428 450 61 0 5 19 53 349 484 107 7 2 12 29 142 571 233 33 2 
0 0 0 7 100 441 382 94 0 0 4 61 308 448 181 22 0 0 29 157 458 318 52 10 
0 2 4 6 56 483 406 67 2 4 6 29 361 496 120 6 2 5 6 110 562 297 41 1 
0 22 175 281 129 186 167 64 3 28 104 289 289 213 74 24 11 218 307 98 226 110 45 9 
68 322 408 200 26 0 0 0 57 258 391 255 63 0 0 0 2 473 524 25 0 0 0 0 
237 769 18 0 0 0 0 0 167 835 21 1 0 0 0 0 0 436 582 6 0 0 0 0 
201 778 43 2 0 0 0 0 147 819 54 4 0 0 0 0 1 451 559 13 0 0 0 0 
253 707 58 6 0 0 0 0 163 765 84 12 0 0 0 0 0 511 501 12 0 0 0 0 
260 638 111 15 0 0 0 0 125 705 155 36 3 0 0 0 3 514 497 10 0 0 0 0 
49 975 0 0 0 0 0 0 27 997 0 0 0 0 0 0 0 117 907 0 0 0 0 0 
199 747 66 12 0 0 0 0 189 750 57 27 1 0 0 0 1 386 623 14 0 0 0 0 
195 622 183 24 0 0 0 0 131 599 227 65 2 0 0 0 2 497 514 11 0 0 0 0 
238 632 152 2 0 0 0 0 114 603 261 46 0 0 0 0 3 499 513 9 0 0 0 0 
296 710 17 1 0 0 0 0 169 811 43 1 0 0 0 0 1 435 585 3 0 0 0 0 
165 589 161 101 8 0 0 0 172 616 136 91 9 0 0 0 3 346 646 29 0 0 0 0 
70 951 2 1 0 0 0 0 43 974 6 1 0 0 0 0 0 135 887 2 0 0 0 0 
109 702 52 111 43 7 0 0 78 725 37 85 78 21 0 0 6 211 750 51 6 0 0 0 
269 649 62 12 0 0 0 0 111 737 113 28 3 0 0 0 0 391 590 11 0 0 0 0 
0 0 24 115 269 314 246 56 0 30 66 173 314 311 121 9 2 55 172 253 268 206 65 3 
0 0 0 18 133 295 419 159 0 0 12 80 213 389 277 53 0 2 28 149 285 354 185 21 
0 0 9 108 325 421 134 27 0 7 81 276 458 150 39 13 0 24 169 443 280 80 25 3 
0 8 76 142 215 364 157 62 16 77 120 177 324 222 67 21 8 105 185 254 298 123 46 5 
0 12 101 112 148 226 312 113 22 97 103 121 183 277 191 30 8 120 135 156 218 284 95 8 
0 5 109 185 140 259 249 77 8 120 175 116 234 242 109 20 7 154 172 186 245 200 55 5 
0 2 44 81 85 238 416 158 2 53 62 64 175 334 276 58 2 63 66 89 219 370 187 28 
0 0 4 27 69 206 450 268 0 4 22 51 112 336 366 133 1 13 34 60 179 385 260 92 
0 0 12 164 392 285 120 51 0 11 88 311 361 173 66 14 1 31 231 362 250 112 33 4 
0 0 39 173 361 324 111 16 0 11 115 239 443 178 34 4 2 70 203 379 280 79 11 0 
0 5 101 226 213 274 146 59 6 77 174 221 259 186 83 18 6 162 248 222 201 116 65 4 
0 0 1 20 84 439 402 78 0 1 15 71 364 448 119 6 0 5 36 182 514 246 41 0 
0 0 0 13 71 405 494 41 0 0 6 57 223 613 124 1 0 1 28 77 495 400 23 0 
0 0 1 28 99 453 385 58 0 0 12 69 263 527 127 26 0 6 42 122 442 340 67 5 
0 2 18 32 112 506 327 27 1 20 29 93 341 471 67 2 7 24 48 168 511 242 24 0 
0 0 46 117 80 467 301 13 0 0 41 154 353 429 47 0 0 66 114 159 530 148 7 0 
51 163 286 443 79 2 0 0 18 187 232 412 169 6 0 0 10 363 597 52 2 0 0 0 
216 647 117 31 12 1 0 0 139 678 137 43 24 3 0 0 3 516 484 20 1 0 0 0 
276 706 42 0 0 0 0 0 79 863 79 3 0 0 0 0 0 414 604 6 0 0 0 0 
199 785 34 6 0 0 0 0 145 826 43 10 0 0 0 0 0 364 653 7 0 0 0 0 
369 598 56 1 0 0 0 0 147 790 81 6 0 0 0 0 3 474 541 6 0 0 0 0 
148 858 18 0 0 0 0 0 118 883 23 0 0 0 0 0 0 338 680 6 0 0 0 0 
150 752 102 20 0 0 0 0 94 800 95 33 2 0 0 0 1 468 535 20 0 0 0 0 
299 658 67 0 0 0 0 0 181 689 141 13 0 0 0 0 0 485 535 4 0 0 0 0 
164 613 159 65 20 3 0 0 184 659 140 31 9 1 0 0 2 477 498 33 13 1 0 0 
134 885 5 0 0 0 0 0 66 953 5 0 0 0 0 0 0 179 842 3 0 0 0 0 
338 651 35 0 0 0 0 0 132 773 117 2 0 0 0 0 0 450 570 4 0 0 0 0 
154 870 0 0 0 0 0 0 50 974 0 0 0 0 0 0 0 207 817 0 0 0 0 0 
343 487 142 44 8 0 0 0 53 685 169 96 21 0 0 0 0 495 518 11 0 0 0 0 
430 542 20 0 0 0 0 0 55 847 85 5 0 0 0 0 0 490 502 0 0 0 0 0 
0 0 10 56 168 321 397 72 0 7 48 113 269 384 188 15 3 25 70 160 342 306 114 4 
0 0 69 166 201 243 269 76 5 68 111 161 233 267 167 12 14 93 174 188 233 235 81 6 
0 0 34 174 321 274 163 58 6 23 102 277 341 155 107 13 3 60 215 342 230 131 43 0 
0 6 54 115 146 374 283 46 1 5 65 140 323 359 128 3 3 72 131 195 363 213 47 0 
0 0 5 57 191 373 290 108 0 1 19 108 354 329 158 55 0 16 82 210 358 232 88 38 
0 0 0 27 112 339 366 180 0 0 12 68 276 301 263 104 0 2 24 165 291 285 199 58 
0 0 34 303 325 174 130 58 0 1 77 356 306 160 97 27 0 108 355 247 119 135 53 7 
0 0 21 130 271 266 242 94 0 1 41 208 312 240 173 49 1 27 167 257 234 207 105 26 
0 0 39 220 244 239 197 85 0 36 127 242 275 212 112 20 7 131 263 210 193 150 63 7 
0 7 158 374 299 94 56 36 0 24 249 389 237 72 46 7 7 255 448 168 75 39 30 2 
0 3 48 227 456 237 46 7 0 3 81 339 438 135 24 4 7 94 327 374 175 40 5 2 
0 0 53 291 345 247 69 19 0 7 112 377 331 158 29 10 9 141 364 293 158 44 13 2 
0 1 25 108 222 385 237 46 0 16 77 185 359 300 81 6 7 58 146 267 352 161 31 2 
0 2 52 83 161 353 296 77 5 57 65 98 304 327 151 17 13 62 81 198 347 229 84 10 
0 2 17 47 145 620 181 12 4 17 40 160 529 251 20 3 8 26 57 294 536 94 9 0 
0 2 7 19 87 466 378 65 4 6 14 55 376 434 125 10 6 11 36 130 519 270 51 1 
0 20 234 482 229 31 13 15 0 6 129 453 355 57 10 14 11 299 556 110 24 9 8 7 
47 98 221 498 157 3 0 0 30 94 121 390 363 26 0 0 13 322 582 102 5 0 0 0 
157 840 18 9 0 0 0 0 105 887 22 7 3 0 0 0 1 283 725 11 4 0 0 0 
177 695 151 1 0 0 0 0 84 694 194 51 1 0 0 0 0 488 534 2 0 0 0 0 
186 696 136 6 0 0 0 0 195 639 158 32 0 0 0 0 2 556 456 10 0 0 0 0 
179 767 75 3 0 0 0 0 133 781 105 5 0 0 0 0 0 421 590 13 0 0 0 0 
20 1002 2 0 0 0 0 0 12 1010 2 0 0 0 0 0 0 20 1002 2 0 0 0 0 
0 1024 0 0 0 0 0 0 0 1024 0 0 0 0 0 0 0 0 1024 0 0 0 0 0 
357 658 9 0 0 0 0 0 95 901 28 0 0 0 0 0 0 301 721 2 0 0 0 0 
204 813 7 0 0 0 0 0 86 919 19 0 0 0 0 0 0 296 728 0 0 0 0 0 
295 726 3 0 0 0 0 0 177 842 5 0 0 0 0 0 0 484 540 0 0 0 0 0 
325 699 0 0 0 0 0 0 163 861 0 0 0 0 0 0 0 339 685 0 0 0 0 0 
276 748 0 0 0 0 0 0 66 958 0 0 0 0 0 0 0 241 783 0 0 0 0 0 
320 672 0 0 0 0 0 0 112 880 0 0 0 0 0 0 0 233 759 0 0 0 0 0 
0 11 64 59 106 244 412 128 0 32 76 78 168 348 263 59 3 68 73 91 219 360 185 25 
0 32 272 379 241 81 13 6 1 45 243 362 269 85 14 5 7 319 484 153 43 14 4 0 
0 15 165 300 300 138 71 35 17 65 150 319 307 108 44 14 16 235 362 205 120 44 35 7 
0 24 145 297 325 191 37 5 0 25 147 296 330 193 31 2 3 200 385 280 127 27 2 0 
0 12 71 305 464 145 27 0 0 3 87 337 452 137 8 0 1 144 420 339 102 18 0 0 
0 12 117 193 290 297 96 19 1 33 128 251 357 199 48 7 2 135 227 281 286 79 13 1 
0 25 190 397 274 87 40 11 0 41 224 407 247 85 19 1 17 292 463 188 54 10 0 0 
0 80 364 339 171 61 8 1 0 85 334 333 209 56 7 0 21 327 457 152 57 8 2 0 
0 32 301 510 165 16 0 0 0 29 241 524 205 25 0 0 11 418 475 110 10 0 0 0 
0 6 141 507 301 52 13 4 0 12 131 453 372 46 8 2 13 320 520 127 27 14 3 0 
0 1 63 353 422 151 30 4 0 6 107 379 397 113 20 2 4 148 393 302 140 33 4 0 
0 0 42 244 438 248 49 3 0 3 89 306 443 162 19 2 4 107 297 394 179 43 0 0 
0 0 22 87 178 351 350 36 0 3 49 133 277 422 139 1 1 51 103 198 339 288 43 1 
0 0 16 44 94 343 434 93 0 11 48 70 242 468 168 17 4 34 46 133 365 362 76 4 
0 0 6 33 227 531 167 60 0 3 18 142 529 231 81 20 0 8 39 329 449 138 49 12 
0 7 46 94 209 401 234 33 4 25 82 149 348 341 73 2 13 51 102 235 407 198 17 1 
0 48 527 227 45 39 108 30 0 17 405 348 89 94 59 12 7 408 383 52 50 97 24 3 
1 19 201 562 217 24 0 0 1 8 90 466 405 53 1 0 13 259 606 128 17 1 0 0 
159 678 68 103 16 0 0 0 47 769 53 100 53 2 0 0 4 244 752 21 3 0 0 0 
171 433 333 74 13 0 0 0 75 391 377 157 24 0 0 0 11 505 473 33 2 0 0 0 
172 405 321 123 3 0 0 0 80 352 353 211 26 2 0 0 2 489 513 19 1 0 0 0 
256 513 120 104 29 2 0 0 172 529 160 108 49 6 0 0 7 484 504 29 0 0 0 0 
173 776 43 28 4 0 0 0 117 830 35 36 6 0 0 0 10 227 768 19 0 0 0 0 
76 948 0 0 0 0 0 0 19 1005 0 0 0 0 0 0 0 76 948 0 0 0 0 0 
196 822 6 0 0 0 0 0 40 916 68 0 0 0 0 0 0 292 732 0 0 0 0 0 
350 674 0 0 0 0 0 0 127 897 0 0 0 0 0 0 0 355 669 0 0 0 0 0 
83 941 0 0 0 0 0 0 28 996 0 0 0 0 0 0 0 123 901 0 0 0 0 0 
132 892 0 0 0 0 0 0 88 936 0 0 0 0 0 0 0 132 892 0 0 0 0 0 
0 1024 0 0 0 0 0 0 0 1024 0 0 0 0 0 0 0 0 1024 0 0 0 0 0 
47 945 0 0 0 0 0 0 15 977 0 0 0 0 0 0 0 47 945 0 0 0 0 0 
1 36 160 314 229 108 115 61 2 69 161 268 271 148 79 26 11 233 369 183 93 77 48 10 
1 14 157 493 297 61 1 0 1 30 125 450 298 119 1 0 8 265 513 219 19 0 0 0 
0 31 221 436 276 56 4 0 1 30 187 408 308 84 6 0 4 313 532 151 23 1 0 0 
0 9 157 336 322 150 38 12 0 15 130 349 337 143 38 12 5 167 396 281 121 29 17 8 
0 21 210 309 293 143 44 4 0 24 219 319 304 130 25 3 6 191 364 257 135 60 11 0 
0 9 177 335 374 119 8 2 0 18 180 389 329 99 8 1 6 233 428 290 59 7 1 0 
0 12 181 426 288 104 12 1 1 19 129 384 336 136 17 2 13 282 456 218 53 2 0 0 
0 75 403 385 142 18 1 0 1 70 359 381 183 29 1 0 18 417 488 93 7 1 0 0 
0 51 365 428 159 21 0 0 0 41 332 457 167 27 0 0 13 381 470 142 18 0 0 0 
0 37 329 513 134 8 3 0 0 27 276 505 202 11 3 0 16 388 532 79 8 1 0 0 
0 7 119 404 342 125 26 1 1 13 163 426 322 83 16 0 6 157 418 280 135 27 1 0 
0 5 87 294 434 172 29 3 0 11 137 340 408 115 11 2 0 93 295 367 239 27 3 0 
0 3 48 219 329 312 101 12 1 7 111 275 384 199 42 5 4 82 241 312 284 87 14 0 
0 1 33 139 280 378 178 15 0 12 65 190 374 305 74 4 9 68 184 259 342 154 8 0 
0 2 11 72 192 444 266 37 1 7 31 128 373 388 83 13 2 43 106 183 402 245 43 0 
0 0 4 36 184 566 222 12 0 3 32 111 479 370 28 1 0 12 53 240 541 173 5 0 
1 60 306 171 80 206 179 21 3 47 272 221 157 238 84 2 3 224 292 108 213 158 26 0 
2 86 306 460 160 10 0 0 0 56 247 419 285 16 1 0 14 316 556 125 13 0 0 0 
153 529 122 178 42 0 0 0 68 575 100 153 119 9 0 0 13 409 553 48 1 0 0 0 
216 645 150 13 0 0 0 0 68 643 258 55 0 0 0 0 2 521 491 10 0 0 0 0 
230 521 122 111 39 1 0 0 38 610 185 116 67 8 0 0 10 524 461 28 0 1 0 0 
83 380 279 209 71 2 0 0 13 299 361 216 124 11 0 0 2 487 488 47 0 0 0 0 
125 389 335 149 26 0 0 0 54 358 320 237 51 4 0 0 8 512 470 34 0 0 0 0 
216 502 81 143 80 2 0 0 117 582 69 129 116 11 0 0 13 399 571 35 5 1 0 0 
189 360 89 254 119 13 0 0 87 456 51 195 206 29 0 0 10 330 594 78 12 0 0 0 
119 849 24 19 12 1 0 0 55 906 22 21 15 5 0 0 0 143 866 15 0 0 0 0 
101 923 0 0 0 0 0 0 37 987 0 0 0 0 0 0 0 101 923 0 0 0 0 0 
61 963 0 0 0 0 0 0 58 966 0 0 0 0 0 0 0 85 939 0 0 0 0 0 
0 1024 0 0 0 0 0 0 0 1024 0 0 0 0 0 0 0 0 1024 0 0 0 0 0 
0 992 0 0 0 0 0 0 0 992 0 0 0 0 0 0 0 0 992 0 0 0 0 0 
0 99 363 341 178 36 5 2 0 80 338 343 201 55 5 2 6 386 493 115 21 2 1 0 
0 8 158 412 316 96 30 4 0 10 153 463 294 82 19 3 9 215 490 226 58 21 5 0 
1 12 136 336 318 147 58 16 3 11 131 325 332 157 53 12 4 169 377 257 119 61 33 4 
0 81 356 346 178 42 12 9 0 69 292 369 221 53 12 8 8 325 479 133 51 14 8 6 
0 24 141 376 327 120 34 2 5 36 120 370 345 120 26 2 6 133 426 284 111 55 9 0 
0 22 150 325 360 116 38 13 1 28 184 303 335 125 44 4 4 149 379 290 132 50 19 1 
0 30 201 435 235 85 28 10 0 22 181 431 253 106 24 7 6 301 457 178 61 16 4 1 
1 32 241 410 264 64 12 0 1 25 191 404 307 89 7 0 20 317 503 153 30 1 0 0 
0 9 161 457 333 58 6 0 0 6 153 450 344 59 12 0 9 260 473 246 33 3 0 0 
0 5 137 402 275 148 42 15 0 17 212 363 290 108 29 5 11 169 425 253 127 31 8 0 
1 34 181 364 347 73 18 6 1 60 234 395 267 47 15 5 5 136 336 358 147 32 10 0 
0 0 26 263 507 198 28 2 0 2 54 348 488 117 15 0 1 82 300 414 205 19 3 0 
0 7 68 216 336 269 106 22 1 19 116 252 388 192 51 5 8 86 239 315 247 114 15 0 
0 9 66 245 302 270 115 17 4 21 121 285 313 224 55 1 9 114 246 279 238 125 13 0 
0 1 3 21 102 390 433 74 1 4 16 57 231 474 215 26 1 6 25 110 352 398 120 12 
0 2 42 67 169 473 231 40 2 34 60 117 391 343 62 15 5 39 77 224 461 174 34 10 
42 317 209 101 52 109 148 46 54 306 183 127 87 150 104 13 13 344 269 69 121 146 60 2 
193 461 295 71 4 0 0 0 62 479 320 150 13 0 0 0 6 487 502 26 3 0 0 0 
202 457 212 122 31 0 0 0 119 464 213 159 65 4 0 0 5 434 542 43 0 0 0 0 
339 665 20 0 0 0 0 0 125 851 42 6 0 0 0 0 0 456 561 7 0 0 0 0 
252 410 152 137 70 3 0 0 96 521 131 150 109 17 0 0 1 486 492 42 3 0 0 0 
13 323 239 337 106 6 0 0 3 239 256 271 229 26 0 0 2 409 565 46 2 0 0 0 
122 536 195 138 32 1 0 0 39 527 240 146 64 8 0 0 8 516 446 50 4 0 0 0 
1 10 177 515 301 20 0 0 1 5 84 445 430 59 0 0 4 248 543 216 13 0 0 0 
0 1 178 479 312 44 7 3 0 0 75 408 427 102 8 4 1 210 508 271 24 6 4 0 
60 174 115 381 278 16 0 0 37 168 77 269 413 58 2 0 10 277 534 198 5 0 0 0 
147 295 102 343 126 11 0 0 94 335 77 252 235 30 1 0 11 390 538 80 5 0 0 0 
163 608 93 118 34 8 0 0 78 669 74 117 68 18 0 0 8 298 670 45 3 0 0 0 
0 1024 0 0 0 0 0 0 0 1024 0 0 0 0 0 0 0 0 1024 0 0 0 0 0 
0 992 0 0 0 0 0 0 0 992 0 0 0 0 0 0 0 0 992 0 0 0 0 0 
0 78 221 404 201 95 24 1 0 55 194 413 251 85 26 0 5 277 445 157 97 41 2 0 
0 7 104 495 345 68 5 0 0 2 103 412 413 90 4 0 5 163 500 279 67 10 0 0 
3 86 236 306 268 84 24 17 7 109 204 304 256 104 24 16 6 236 427 191 94 38 22 10 
1 63 241 393 236 77 10 3 3 57 210 380 260 98 14 2 10 240 466 209 79 16 4 0 
0 40 177 329 230 117 46 85 3 57 210 309 209 115 39 82 4 122 289 282 151 77 32 67 
1 50 255 315 209 140 49 5 2 83 252 291 203 147 42 4 11 181 317 226 137 121 30 1 
5 207 436 234 84 34 21 3 8 190 436 235 90 43 19 3 14 417 408 95 56 26 7 1 
0 34 298 489 157 34 10 2 0 18 199 481 253 52 15 6 8 341 544 98 24 8 1 0 
0 0 66 455 425 62 16 0 0 0 52 402 450 99 19 2 1 142 560 271 40 10 0 0 
0 11 155 450 255 82 62 9 0 14 145 452 273 93 43 4 9 251 428 206 58 65 7 0 
0 27 209 512 247 29 0 0 2 36 176 473 311 26 0 0 17 325 535 119 28 0 0 0 
0 29 250 460 219 59 7 0 2 27 226 468 251 44 6 0 10 282 477 166 61 24 4 0 
0 7 127 426 343 104 16 1 0 9 138 447 336 86 8 0 4 158 444 321 87 10 0 0 
0 0 27 174 371 275 147 30 0 6 65 263 381 201 105 3 1 39 187 351 267 135 44 0 
0 2 4 42 163 563 234 16 1 5 30 87 381 447 73 0 1 4 42 153 463 313 48 0 
0 36 132 112 175 336 212 21 29 135 100 122 286 288 63 1 10 136 149 184 360 170 14 1 
146 361 146 41 46 87 128 69 68 422 176 47 78 110 99 24 2 334 350 56 105 120 57 0 
154 865 5 0 0 0 0 0 98 920 6 0 0 0 0 0 0 291 729 4 0 0 0 0 
317 686 19 2 0 0 0 0 106 876 35 7 0 0 0 0 0 424 598 2 0 0 0 0 
123 880 10 6 5 0 0 0 94 907 10 5 8 0 0 0 0 248 770 6 0 0 0 0 
111 172 248 375 112 6 0 0 36 208 176 376 205 21 2 0 6 424 511 80 3 0 0 0 
0 10 100 621 281 12 0 0 0 5 39 365 554 61 0 0 7 235 636 144 2 0 0 0 
1 121 391 416 92 3 0 0 0 50 309 428 223 14 0 0 13 409 514 87 1 0 0 0 
0 45 442 438 94 5 0 0 0 29 298 511 166 20 0 0 5 372 539 104 4 0 0 0 
0 3 423 473 115 10 0 0 0 0 220 606 171 27 0 0 0 402 531 85 6 0 0 0 
0 24 291 511 183 15 0 0 0 6 132 514 330 42 0 0 3 273 573 165 10 0 0 0 
0 16 281 518 205 4 0 0 0 2 182 446 363 30 1 0 1 266 594 158 5 0 0 0 
51 115 126 508 218 6 0 0 34 113 75 300 456 46 0 0 7 296 631 85 5 0 0 0 
116 441 70 256 138 3 0 0 57 487 52 145 252 30 1 0 5 229 685 100 5 0 0 0 
23 969 0 0 0 0 0 0 13 978 1 0 0 0 0 0 0 27 965 0 0 0 0 0 
