0 0 0 195 607 222 0 0 0 0 0 0 0 329 695 0 0 0 0 0 0 20 1004 0 
0 0 0 27 361 636 0 0 0 0 0 0 0 32 990 2 0 0 0 0 0 0 1013 11 
0 0 0 0 235 713 76 0 0 0 0 0 0 0 696 328 0 0 0 0 0 0 712 312 
0 0 0 0 179 497 348 0 0 0 0 0 0 0 433 591 0 0 0 0 0 0 333 691 
0 0 0 0 170 513 341 0 0 0 0 0 0 0 480 544 0 0 0 0 0 0 445 579 
0 0 0 0 208 718 98 0 0 0 0 0 0 0 780 244 0 0 0 0 0 0 614 410 
0 0 0 3 312 709 0 0 0 0 0 0 0 9 1015 0 0 0 0 0 0 0 960 64 
0 0 0 75 559 390 0 0 0 0 0 0 0 163 861 0 0 0 0 0 0 0 1024 0 
0 31 397 329 192 58 16 1 0 8 258 496 146 91 25 0 47 326 344 200 31 51 25 0 
0 6 291 248 267 96 98 18 0 11 70 494 218 161 68 2 51 147 445 219 77 68 17 0 
0 6 142 264 297 184 102 29 0 7 37 362 362 166 82 8 26 106 473 260 72 50 37 0 
0 0 6 127 401 284 170 36 0 0 11 259 403 238 111 2 43 155 414 217 130 45 20 0 
0 0 1 63 487 334 106 33 0 0 23 273 452 185 91 0 9 194 439 211 112 43 16 0 
0 0 21 141 544 265 40 13 0 0 32 402 410 143 31 6 25 180 456 231 92 34 6 0 
0 0 2 195 476 227 117 7 0 0 26 387 449 150 8 4 14 208 428 278 60 35 1 0 
0 0 15 317 328 230 123 11 0 4 95 432 389 95 4 5 46 254 390 262 57 14 1 0 
20 155 430 224 164 31 0 0 22 148 447 319 80 8 0 0 328 482 189 25 0 0 0 0 
6 44 586 204 112 46 25 1 6 24 272 564 116 37 5 0 227 676 101 18 2 0 0 0 
71 144 434 206 92 43 25 9 59 72 262 466 113 46 6 0 292 595 126 9 2 0 0 0 
10 20 241 255 216 136 102 44 4 39 138 380 284 124 55 0 267 541 192 22 2 0 0 0 
15 54 150 345 310 117 27 6 18 54 111 403 351 73 13 1 181 495 278 62 8 0 0 0 
2 9 155 392 283 137 38 8 1 3 39 395 500 72 14 0 53 608 324 38 1 0 0 0 
0 2 58 516 386 54 8 0 0 0 27 538 444 13 2 0 77 674 266 7 0 0 0 0 
9 29 283 249 338 96 18 2 5 29 197 538 236 19 0 0 328 608 87 1 0 0 0 0 
37 494 407 86 0 0 0 0 34 87 838 65 0 0 0 0 701 323 0 0 0 0 0 0 
159 212 438 129 43 18 16 9 169 159 444 171 51 23 7 0 599 365 53 7 0 0 0 0 
369 106 288 143 92 20 5 1 334 114 154 292 95 31 3 1 580 363 57 24 0 0 0 0 
201 60 607 85 49 22 0 0 170 40 119 621 67 7 0 0 388 601 35 0 0 0 0 0 
37 23 384 208 263 100 8 1 16 26 60 633 265 22 2 0 155 657 198 13 1 0 0 0 
1 6 162 233 468 136 16 2 0 1 19 509 475 9 9 2 59 561 391 4 9 0 0 0 
2 13 220 475 274 28 12 0 2 14 40 590 346 23 9 0 50 664 285 20 5 0 0 0 
16 276 450 243 39 0 0 0 17 39 420 530 18 0 0 0 361 617 45 1 0 0 0 0 
439 327 219 35 3 1 0 0 159 341 484 36 3 1 0 0 865 150 7 2 0 0 0 0 
424 167 365 42 25 1 0 0 373 161 415 51 23 1 0 0 805 207 10 2 0 0 0 0 
636 79 130 119 48 12 0 0 618 75 136 123 59 13 0 0 845 148 29 2 0 0 0 0 
239 516 236 22 11 0 0 0 184 74 588 155 22 1 0 0 611 393 20 0 0 0 0 0 
185 400 277 141 21 0 0 0 69 125 433 325 69 3 0 0 570 368 85 1 0 0 0 0 
104 335 470 64 16 11 24 0 61 71 438 378 48 15 13 0 545 402 47 16 14 0 0 0 
0 324 470 132 50 33 15 0 0 11 582 361 41 20 9 0 497 446 36 33 12 0 0 0 
61 405 337 152 62 5 2 0 51 104 645 198 24 2 0 0 578 386 48 12 0 0 0 0 
190 185 253 202 119 65 10 0 148 181 264 243 153 34 1 0 719 262 39 4 0 0 0 0 
406 87 130 182 116 64 35 4 403 65 128 199 146 76 7 0 737 227 57 3 0 0 0 0 
436 204 142 62 87 66 24 3 326 158 276 80 104 72 8 0 815 149 51 9 0 0 0 0 
527 348 89 49 11 0 0 0 125 372 436 63 21 7 0 0 850 147 26 1 0 0 0 0 
293 431 227 43 26 4 0 0 111 271 553 80 5 3 1 0 813 199 8 3 1 0 0 0 
203 477 333 11 0 0 0 0 35 207 663 119 0 0 0 0 864 160 0 0 0 0 0 0 
409 234 314 37 21 9 0 0 196 261 425 113 21 8 0 0 859 129 18 18 0 0 0 0 
420 321 193 76 13 1 0 0 437 221 343 20 3 0 0 0 865 139 16 4 0 0 0 0 
830 136 56 1 1 0 0 0 738 225 59 1 1 0 0 0 1020 3 1 0 0 0 0 0 
1024 0 0 0 0 0 0 0 1010 14 0 0 0 0 0 0 1024 0 0 0 0 0 0 0 
731 285 8 0 0 0 0 0 431 315 278 0 0 0 0 0 991 33 0 0 0 0 0 0 
820 204 0 0 0 0 0 0 564 228 232 0 0 0 0 0 999 25 0 0 0 0 0 0 
829 192 3 0 0 0 0 0 527 307 190 0 0 0 0 0 995 29 0 0 0 0 0 0 
915 102 5 2 0 0 0 0 522 375 124 2 1 0 0 0 1001 21 2 0 0 0 0 0 
841 148 26 9 0 0 0 0 542 259 207 16 0 0 0 0 987 29 8 0 0 0 0 0 
861 61 21 40 30 11 0 0 716 158 72 54 22 2 0 0 976 43 5 0 0 0 0 0 
937 68 16 3 0 0 0 0 895 92 30 7 0 0 0 0 992 30 2 0 0 0 0 0 
933 59 21 11 0 0 0 0 945 47 31 1 0 0 0 0 985 36 3 0 0 0 0 0 
604 199 81 31 43 38 27 1 481 241 170 64 39 29 0 0 864 136 21 3 0 0 0 0 
735 223 45 12 7 2 0 0 679 190 132 18 5 0 0 0 963 52 8 1 0 0 0 0 
327 133 101 122 147 126 57 11 314 129 137 143 170 109 22 0 738 217 61 8 0 0 0 0 
266 339 120 59 84 76 63 17 231 292 213 115 86 74 13 0 827 156 36 5 0 0 0 0 
417 345 209 40 13 0 0 0 280 372 339 31 2 0 0 0 911 107 6 0 0 0 0 0 
416 162 187 161 80 18 0 0 274 283 155 214 91 7 0 0 857 149 15 3 0 0 0 0 
