0 0 0 0 0 0 0 1024 0 0 0 0 0 0 0 1024 0 0 0 0 0 0 0 1024 
0 0 0 0 0 0 0 1024 0 0 0 0 0 0 0 1024 0 0 0 0 0 0 0 1024 
0 0 0 0 0 0 0 1024 0 0 0 0 0 0 0 1024 0 0 0 0 0 0 0 1024 
0 0 0 0 0 0 0 1024 0 0 0 0 0 0 0 1024 0 0 0 0 0 0 0 1024 
0 0 0 0 0 0 0 1024 0 0 0 0 0 0 0 1024 0 0 0 0 0 0 0 1024 
0 0 0 0 0 0 0 1024 0 0 0 0 0 0 0 1024 0 0 0 0 0 0 0 1024 
0 0 0 0 0 0 0 1024 0 0 0 0 0 0 0 1024 0 0 0 0 0 0 0 1024 
0 0 0 0 0 0 0 1024 0 0 0 0 0 0 0 1024 0 0 0 0 0 0 0 1024 
0 0 0 0 0 0 0 1024 0 0 0 0 0 0 0 1024 0 0 0 0 0 0 0 1024 
0 0 0 0 0 0 0 1024 0 0 0 0 0 0 0 1024 0 0 0 0 0 0 0 1024 
0 0 0 0 0 0 0 1024 0 0 0 0 0 0 0 1024 0 0 0 0 0 0 0 1024 
0 0 0 0 0 0 0 1024 0 0 0 0 0 0 0 1024 0 0 0 0 0 0 0 1024 
0 0 0 0 0 0 0 1024 0 0 0 0 0 0 0 1024 0 0 0 0 0 0 0 1024 
0 0 0 0 0 0 0 1024 0 0 0 0 0 0 0 1024 0 0 0 0 0 0 0 1024 
0 0 0 0 0 0 0 1024 0 0 0 0 0 0 0 1024 0 0 0 0 0 0 0 1024 
0 0 0 0 0 0 0 1024 0 0 0 0 0 0 0 1024 0 0 0 0 0 0 0 1024 
2 145 262 169 26 8 19 393 2 157 265 156 23 8 18 395 2 98 158 130 105 92 24 415 
0 44 134 246 106 39 19 436 2 46 159 232 89 39 20 437 0 18 85 176 67 122 80 476 
0 5 68 166 118 110 56 501 0 5 86 177 101 107 46 502 0 0 21 130 122 39 117 595 
0 0 21 67 145 126 73 592 0 0 31 84 139 136 41 593 0 0 0 23 126 89 103 683 
0 0 3 43 102 111 82 683 0 0 7 56 103 105 81 672 0 0 0 9 40 111 100 764 
0 0 2 15 44 107 129 727 0 0 4 14 55 119 121 711 0 0 0 2 14 41 115 852 
0 1 1 11 43 67 103 798 0 1 1 15 45 70 110 782 0 0 1 0 14 46 86 877 
0 0 1 15 36 79 87 806 0 0 5 15 43 79 87 795 0 0 0 2 19 33 94 876 
67 437 304 103 51 43 15 4 52 424 342 110 61 26 6 3 204 421 266 107 20 3 1 2 
56 390 339 191 25 11 9 3 57 362 379 185 19 10 6 6 115 467 215 182 24 10 8 3 
13 249 344 269 83 15 36 15 7 194 383 307 73 9 38 13 41 330 294 225 75 10 33 16 
4 122 340 245 213 52 17 31 1 82 344 341 174 36 15 31 10 223 290 217 188 47 17 32 
8 241 312 242 113 76 11 21 22 214 270 315 107 65 11 20 45 278 297 192 90 70 28 24 
32 312 171 206 117 98 72 16 82 244 132 234 139 104 73 16 141 248 191 139 106 104 68 27 
9 121 273 262 104 87 80 88 9 91 211 278 167 100 77 91 33 214 219 183 108 104 88 75 
18 235 204 241 142 71 56 57 54 211 164 230 174 87 55 49 109 278 197 144 98 63 60 75 
166 849 9 0 0 0 0 0 124 837 63 0 0 0 0 0 613 411 0 0 0 0 0 0 
45 912 61 2 0 0 2 2 35 783 199 2 1 0 2 2 339 656 23 2 0 0 3 1 
10 302 256 157 30 27 193 49 18 312 262 142 26 18 205 41 69 347 283 40 19 30 193 43 
4 41 311 224 59 38 233 114 6 67 352 161 56 39 233 110 11 100 374 122 39 30 227 121 
18 114 215 169 100 16 111 281 15 121 188 175 96 36 104 289 41 228 209 129 20 12 146 239 
6 127 282 231 169 126 19 64 5 90 201 310 134 185 33 66 64 317 281 183 107 28 33 11 
34 240 403 205 71 45 13 13 84 163 271 348 69 66 18 5 201 388 291 97 33 8 4 2 
27 262 235 141 69 65 90 135 180 299 223 181 78 28 19 16 390 343 179 55 26 19 12 0 
189 495 54 10 13 27 180 56 261 442 37 9 13 28 184 50 262 398 77 11 12 26 172 66 
70 292 234 10 11 29 340 38 122 305 167 14 10 36 333 37 133 254 213 8 13 34 335 34 
38 174 300 115 17 19 303 58 66 126 328 110 12 28 304 50 195 324 105 16 16 29 296 43 
11 49 178 151 72 32 211 320 15 54 178 169 47 30 244 287 90 192 139 46 62 199 234 62 
4 39 14 8 12 8 95 844 8 37 15 9 10 7 87 851 48 13 11 22 163 312 332 123 
9 105 242 177 26 10 64 391 13 58 204 245 40 14 96 354 117 303 134 102 170 141 56 1 
48 316 364 231 53 9 2 1 158 215 326 284 36 3 2 0 389 441 171 20 2 0 1 0 
24 173 179 187 87 67 100 207 235 381 185 163 49 7 4 0 542 315 112 37 9 7 2 0 
65 541 309 8 5 6 65 25 54 520 344 5 5 6 69 21 432 473 16 3 7 11 61 21 
21 571 267 29 29 49 41 17 29 483 352 30 41 57 23 9 401 475 52 56 20 8 6 6 
21 222 30 18 26 51 530 126 58 192 30 21 43 68 546 66 234 60 57 168 361 131 13 0 
6 146 29 8 3 10 201 621 12 159 15 5 5 18 287 523 155 33 15 93 255 349 124 0 
3 87 115 94 15 20 86 604 6 102 106 90 11 27 143 539 137 145 50 140 344 196 12 0 
5 87 261 406 128 26 14 97 5 102 288 435 78 8 18 90 226 500 180 24 72 22 0 0 
11 131 351 392 114 22 2 1 21 142 375 388 88 9 0 1 307 518 176 20 2 1 0 0 
5 201 464 267 74 10 3 0 2 178 466 307 63 5 3 0 325 544 141 9 3 2 0 0 
73 272 77 102 235 196 67 2 126 252 195 264 162 24 1 0 402 399 194 28 1 0 0 0 
0 1 29 38 83 280 460 133 0 19 53 93 278 412 160 9 68 137 405 351 63 0 0 0 
6 138 130 55 58 91 289 257 12 169 152 79 85 153 294 80 232 200 142 226 218 6 0 0 
0 70 305 215 40 55 100 239 0 172 340 122 63 57 123 147 291 323 103 104 137 66 0 0 
0 21 309 496 108 16 18 56 1 44 417 428 58 15 46 15 222 617 115 47 23 0 0 0 
0 23 195 570 212 21 3 0 0 40 275 567 132 9 1 0 184 647 178 14 1 0 0 0 
1 16 191 546 236 26 3 5 1 29 307 548 125 8 4 2 191 624 190 13 4 2 0 0 
1 47 317 481 147 25 4 2 1 73 399 448 84 13 4 2 248 603 146 20 5 2 0 0 
