0 0 0 0 185 839 0 0 0 0 0 0 0 0 1024 0 0 0 0 0 0 0 0 1024 
0 0 0 0 107 917 0 0 0 0 0 0 0 0 1024 0 0 0 0 0 0 0 0 1024 
0 0 0 0 28 996 0 0 0 0 0 0 0 0 1024 0 0 0 0 0 0 0 0 1024 
0 0 0 0 3 1021 0 0 0 0 0 0 0 0 1024 0 0 0 0 0 0 0 0 1024 
0 0 0 0 1 1023 0 0 0 0 0 0 0 0 1024 0 0 0 0 0 0 0 0 1024 
0 0 0 0 0 1023 1 0 0 0 0 0 0 0 1018 6 0 0 0 0 0 0 0 1024 
0 0 0 0 0 1024 0 0 0 0 0 0 0 0 994 30 0 0 0 0 0 0 0 1024 
0 0 0 0 0 1014 10 0 0 0 0 0 0 0 964 60 0 0 0 0 0 0 0 1024 
0 0 0 0 0 976 48 0 0 0 0 0 0 0 893 131 0 0 0 0 0 0 0 1024 
0 0 0 0 0 885 139 0 0 0 0 0 0 0 768 256 0 0 0 0 0 0 0 1024 
0 0 0 0 0 790 234 0 0 0 0 0 0 0 637 387 0 0 0 0 0 0 0 1024 
0 0 0 0 0 653 371 0 0 0 0 0 0 0 517 507 0 0 0 0 0 0 0 1024 
0 0 0 0 0 528 496 0 0 0 0 0 0 0 351 673 0 0 0 0 0 0 0 1024 
0 0 0 0 0 430 585 9 0 0 0 0 0 0 244 780 0 0 0 0 0 0 0 1024 
0 0 0 0 0 292 588 144 0 0 0 0 0 0 129 895 0 0 0 0 0 0 0 1024 
0 0 0 0 0 234 699 91 0 0 0 0 0 0 91 933 0 0 0 0 0 0 0 1024 
0 0 0 0 0 213 597 214 0 0 0 0 0 0 85 939 0 0 0 0 0 0 0 1024 
0 0 0 0 0 101 393 530 0 0 0 0 0 0 39 985 0 0 0 0 0 0 0 1024 
0 0 0 0 0 60 450 514 0 0 0 0 0 0 32 992 0 0 0 0 0 0 0 1024 
0 0 0 0 0 0 933 91 0 0 0 0 0 0 25 999 0 0 0 0 0 0 0 1024 
0 0 0 0 0 14 1010 0 0 0 0 0 0 0 45 979 0 0 0 0 0 0 0 1024 
0 0 0 0 0 18 1006 0 0 0 0 0 0 0 14 1010 0 0 0 0 0 0 0 1024 
0 0 0 0 0 4 986 34 0 0 0 0 0 0 0 1024 0 0 0 0 0 0 0 1024 
0 0 0 0 0 3 970 51 0 0 0 0 0 0 1 1023 0 0 0 0 0 0 0 1024 
0 0 0 0 0 27 997 0 0 0 0 0 0 0 0 1024 0 0 0 0 0 0 0 1024 
0 0 0 0 0 8 1016 0 0 0 0 0 0 0 2 1022 0 0 0 0 0 0 0 1024 
0 0 0 0 0 6 977 41 0 0 0 0 0 0 16 1008 0 0 0 0 0 0 0 1024 
0 0 0 0 0 22 965 37 0 0 0 0 0 0 14 1010 0 0 0 0 0 0 0 1024 
0 0 0 0 0 67 957 0 0 0 0 0 0 0 26 998 0 0 0 0 0 0 0 1024 
0 0 0 0 0 16 682 326 0 0 0 0 0 0 41 983 0 0 0 0 0 0 0 1024 
0 0 0 0 0 31 187 806 0 0 0 0 0 0 14 1010 0 0 0 0 0 0 0 1024 
0 0 0 0 0 0 127 897 0 0 0 0 0 0 5 1019 0 0 0 0 0 0 0 1024 
0 0 0 0 0 1012 12 0 0 0 0 0 0 0 1021 3 0 0 0 0 0 0 0 1024 
0 0 0 0 0 1001 23 0 0 0 0 0 0 0 992 32 0 0 0 0 0 0 0 1024 
0 0 0 0 0 899 125 0 0 0 0 0 0 0 978 46 0 0 0 0 0 0 0 1024 
0 0 0 0 0 339 164 521 0 0 0 0 0 0 426 598 0 0 0 0 0 0 0 1024 
0 0 0 0 0 294 112 618 0 0 0 0 0 0 326 698 0 0 0 0 0 0 0 1024 
0 0 0 0 0 239 167 618 0 0 0 0 0 0 245 779 0 0 0 0 0 0 0 1024 
0 0 0 0 0 164 496 364 0 0 0 0 0 0 139 885 0 0 0 0 0 0 0 1024 
0 0 0 0 0 176 848 0 0 0 0 0 0 0 89 935 0 0 0 0 0 0 0 1024 
0 0 0 0 0 38 984 2 0 0 0 0 0 0 24 1000 0 0 0 0 0 0 0 1024 
0 0 0 0 0 4 1020 0 0 0 0 0 0 0 3 1021 0 0 0 0 0 0 0 1024 
0 0 0 0 0 0 1024 0 0 0 0 0 0 0 0 1024 0 0 0 0 0 0 0 1024 
0 0 0 0 0 0 1024 0 0 0 0 0 0 0 0 1024 0 0 0 0 0 0 0 1024 
0 0 0 0 0 0 903 121 0 0 0 0 0 0 0 1024 0 0 0 0 0 0 0 1024 
0 0 0 0 0 0 412 612 0 0 0 0 0 0 0 1024 0 0 0 0 0 0 0 1024 
0 0 0 0 0 0 292 732 0 0 0 0 0 0 1 1023 0 0 0 0 0 0 0 1024 
0 0 0 0 0 0 124 900 0 0 0 0 0 0 2 1022 0 0 0 0 0 0 0 1024 
0 0 0 0 0 0 15 1009 0 0 0 0 0 0 0 1024 0 0 0 0 0 0 0 1024 
0 0 0 0 0 0 3 1021 0 0 0 0 0 0 3 1021 0 0 0 0 0 0 0 1024 
0 0 0 0 0 0 189 835 0 0 0 0 0 0 0 1024 0 0 0 0 0 0 0 1024 
0 0 0 0 0 0 778 246 0 0 0 0 0 0 0 1024 0 0 0 0 0 0 0 1024 
0 0 0 0 0 0 734 290 0 0 0 0 0 0 0 1024 0 0 0 0 0 0 0 1024 
0 0 0 0 0 0 717 307 0 0 0 0 0 0 0 1024 0 0 0 0 0 0 0 1024 
0 0 0 0 0 0 233 791 0 0 0 0 0 0 0 1024 0 0 0 0 0 0 0 1024 
0 0 0 0 0 0 146 878 0 0 0 0 0 0 1 1023 0 0 0 0 0 0 0 1024 
0 0 0 0 0 0 266 758 0 0 0 0 0 0 0 1024 0 0 0 0 0 0 0 1024 
0 0 0 0 0 0 81 943 0 0 0 0 0 0 1 1023 0 0 0 0 0 0 0 1024 
0 0 0 0 0 0 5 1019 0 0 0 0 0 0 2 1022 0 0 0 0 0 0 0 1024 
0 0 0 0 0 0 129 895 0 0 0 0 0 0 0 1024 0 0 0 0 0 0 0 1024 
0 0 0 0 0 0 290 734 0 0 0 0 0 0 0 1024 0 0 0 0 0 0 0 1024 
0 0 0 0 0 0 432 592 0 0 0 0 0 0 0 1024 0 0 0 0 0 0 0 1024 
0 0 0 0 0 0 149 875 0 0 0 0 0 0 1 1023 0 0 0 0 0 0 0 1024 
0 0 0 0 0 0 531 493 0 0 0 0 0 0 51 973 0 0 0 0 0 0 0 1024 
0 0 0 0 0 124 399 501 0 0 0 0 0 0 416 608 0 0 0 0 0 0 2 1022 
0 0 0 1 5 38 379 601 0 0 0 1 2 4 260 757 0 0 0 0 1 6 13 1004 
0 0 0 72 23 21 616 292 0 0 0 44 41 22 303 614 0 0 0 0 47 49 24 904 
0 0 0 181 41 22 537 243 0 0 0 130 78 29 135 652 0 0 0 0 124 96 24 780 
0 0 7 378 96 18 88 437 0 0 0 314 157 23 67 463 0 0 0 0 269 206 30 519 
0 0 0 473 54 26 86 385 0 0 0 378 140 32 72 402 0 0 0 0 306 222 33 463 
0 0 0 381 143 54 89 357 0 0 0 233 293 55 39 404 0 0 0 0 191 364 49 420 
0 0 0 151 248 169 292 164 0 0 0 71 338 170 88 357 0 0 0 0 69 432 135 388 
0 0 0 183 291 107 219 224 0 0 0 84 395 104 88 353 0 0 0 0 89 442 110 383 
0 0 0 25 73 120 459 347 0 0 0 13 88 128 314 481 0 0 0 0 17 156 281 570 
0 0 0 6 143 156 269 450 0 0 0 0 154 170 110 590 0 0 0 0 15 210 183 616 
0 0 0 20 50 37 169 748 0 0 0 4 59 46 48 867 0 0 0 0 1 75 62 886 
0 0 0 0 111 35 65 813 0 0 0 0 101 50 33 840 0 0 0 0 0 69 97 858 
0 0 0 1 181 37 65 740 0 0 0 0 168 52 62 742 0 0 0 0 0 88 150 786 
0 0 0 0 172 58 93 701 0 0 0 0 143 83 122 676 0 0 0 0 0 55 226 743 
0 0 0 3 397 47 56 521 0 0 0 0 358 82 58 526 0 0 0 0 0 103 363 558 
0 0 0 1 111 130 165 617 0 0 0 0 89 159 206 570 0 0 0 0 0 64 281 679 
0 0 0 1 323 139 73 488 0 0 0 0 277 186 86 475 0 0 0 0 0 50 450 524 
0 0 0 0 501 59 29 435 0 0 0 0 464 88 34 438 0 0 0 0 0 75 485 464 
0 0 0 0 301 188 130 405 0 0 0 0 228 261 133 402 0 0 0 0 0 41 501 482 
0 0 0 95 180 164 75 510 0 0 0 0 216 213 88 507 0 0 0 0 0 17 440 567 
0 0 0 314 141 43 142 384 0 0 0 0 377 113 18 516 0 0 0 0 0 1 491 532 
0 0 0 109 283 51 324 257 0 0 0 0 332 109 53 530 0 0 0 0 0 2 441 581 
0 0 0 0 119 115 519 271 0 0 0 0 65 174 126 659 0 0 0 0 0 8 279 737 
0 0 0 0 106 40 575 303 0 0 0 0 65 81 61 817 0 0 0 0 0 1 153 870 
0 0 0 0 63 32 540 389 0 0 0 0 0 89 33 902 0 0 0 0 0 0 87 937 
0 0 0 0 82 25 406 511 0 0 0 0 21 71 104 828 0 0 0 0 0 0 100 924 
0 0 0 0 155 26 227 616 0 0 0 0 29 146 35 814 0 0 0 0 0 0 184 840 
0 0 0 1 122 130 226 545 0 0 0 0 51 197 78 698 0 0 0 0 0 36 209 779 
0 0 0 66 199 51 69 639 0 0 0 10 245 55 59 655 0 0 0 0 10 252 63 699 
0 0 0 324 195 28 30 447 0 0 0 151 359 35 31 448 0 0 0 0 187 328 42 467 
0 0 0 482 224 36 34 248 0 0 0 335 370 40 35 244 0 0 0 0 373 345 43 263 
0 0 71 649 184 57 63 0 0 0 0 662 228 54 63 17 0 0 0 0 714 205 43 62 
0 0 33 503 214 149 113 12 0 0 0 478 277 151 108 10 0 0 0 5 535 280 172 32 
0 0 16 399 181 216 181 31 0 0 0 385 236 214 182 7 0 0 0 1 456 294 224 49 
0 0 62 693 183 68 18 0 0 0 0 698 248 65 13 0 0 0 0 0 786 209 26 3 
0 0 8 631 287 90 8 0 0 0 0 565 364 90 5 0 0 0 0 0 712 283 29 0 
0 0 0 423 326 191 80 4 0 0 0 332 429 200 62 1 0 0 0 0 493 396 128 7 
0 0 4 422 263 216 110 9 0 0 0 358 347 226 91 2 0 0 0 0 456 384 162 22 
0 0 18 514 140 154 151 47 0 0 0 476 202 171 158 17 0 0 0 0 519 264 185 56 
0 0 0 616 138 134 116 20 0 0 0 574 188 148 104 10 0 0 0 0 603 250 139 32 
0 0 0 708 247 55 14 0 0 0 0 560 392 60 12 0 0 0 0 0 546 442 34 2 
0 0 0 635 197 147 45 0 0 0 0 418 429 143 34 0 0 0 0 0 290 639 89 6 
0 0 0 408 309 158 124 25 0 0 0 144 586 164 118 12 0 0 0 1 174 648 161 40 
0 0 0 239 434 190 132 29 0 0 0 129 553 204 121 17 0 0 0 0 190 585 203 46 
0 0 5 294 383 186 129 27 0 0 1 202 488 188 130 15 0 0 0 0 325 427 217 55 
0 0 0 215 255 163 267 124 0 0 0 181 290 198 284 71 0 0 0 0 347 226 309 142 
0 0 0 306 591 103 22 2 0 0 0 229 664 110 21 0 0 0 0 1 410 512 99 2 
0 0 0 147 398 272 178 29 0 0 0 116 453 281 163 11 0 0 0 0 222 417 340 45 
0 0 0 128 656 90 125 25 0 0 0 60 714 106 131 13 0 0 0 0 101 650 209 64 
0 0 0 70 445 143 194 172 0 0 0 0 516 161 236 111 0 0 0 0 0 475 338 211 
0 0 0 42 612 182 141 47 0 0 0 0 636 209 150 29 0 0 0 0 0 513 401 110 
0 0 0 33 572 178 167 74 0 0 0 0 587 196 191 50 0 0 0 0 0 454 430 140 
0 0 0 156 776 62 30 0 0 0 0 0 911 86 26 1 0 0 0 0 0 513 501 10 
0 0 0 12 477 236 238 61 0 0 0 0 435 313 236 40 0 0 0 0 0 174 712 138 
0 0 0 1 478 381 154 10 0 0 0 0 412 469 136 7 0 0 0 0 0 281 689 54 
0 0 0 0 479 271 207 67 0 0 0 0 468 292 221 43 0 0 0 0 7 332 554 131 
0 0 0 31 584 240 142 27 0 0 0 31 493 342 142 16 0 0 0 0 119 320 515 70 
0 0 1 139 654 167 60 3 0 0 1 133 561 279 49 1 0 0 0 5 302 358 354 5 
0 0 30 486 368 120 20 0 0 0 3 484 365 158 14 0 0 0 0 23 635 197 168 1 
0 0 261 404 260 76 23 0 0 0 69 538 329 67 21 0 0 0 0 35 716 224 46 3 
0 0 150 696 149 20 9 0 0 0 17 740 243 18 6 0 0 0 0 43 832 138 11 0 
0 0 114 798 95 14 3 0 0 0 16 892 104 11 1 0 0 0 0 35 953 32 4 0 
0 0 170 850 3 1 0 0 0 0 13 1003 7 1 0 0 0 0 0 54 968 1 1 0 
0 0 209 633 165 17 0 0 0 0 24 793 192 15 0 0 0 0 0 43 853 124 4 0 
0 0 408 406 42 32 104 32 0 0 36 770 56 50 96 16 0 0 0 27 789 57 121 30 
0 0 161 313 191 171 161 27 0 0 14 447 213 196 143 11 0 0 0 11 529 227 228 29 
0 0 444 497 71 10 2 0 0 0 53 864 91 15 1 0 0 0 0 16 951 51 6 0 
0 0 425 441 117 38 3 0 0 0 13 826 151 32 2 0 0 0 0 10 910 90 14 0 
0 0 132 480 258 120 33 1 0 0 1 572 307 115 28 1 0 0 0 6 711 241 62 4 
0 0 58 745 146 64 11 0 0 0 0 780 172 62 10 0 0 0 0 3 852 129 38 2 
0 0 41 701 176 88 18 0 0 0 0 717 207 85 15 0 0 0 0 2 808 173 36 5 
0 0 34 688 174 86 40 2 0 0 0 665 239 88 31 1 0 0 0 4 765 182 62 11 
0 0 5 454 348 143 70 4 0 0 0 420 403 143 57 1 0 0 0 5 593 315 100 11 
0 0 7 570 325 106 16 0 0 0 0 544 377 89 14 0 0 0 0 9 746 230 38 1 
0 0 1 329 469 189 36 0 0 0 0 301 511 188 24 0 0 0 0 1 606 333 82 2 
0 0 8 333 464 164 52 3 0 0 1 313 497 170 43 0 0 0 0 8 551 365 95 5 
0 0 40 243 340 283 98 20 0 0 0 250 389 283 93 9 0 0 0 0 272 489 235 28 
0 0 49 526 279 154 16 0 0 0 3 543 327 142 9 0 0 0 0 1 542 393 87 1 
0 0 12 186 386 370 70 0 0 0 0 171 443 383 27 0 0 0 0 1 218 579 225 1 
0 0 0 109 556 295 63 1 0 0 0 103 611 260 50 0 0 0 0 0 280 590 149 5 
0 0 0 85 477 321 130 11 0 0 0 70 545 297 109 3 0 0 0 0 253 553 198 20 
0 0 1 685 229 62 40 7 0 0 0 478 436 68 38 4 0 0 0 0 559 377 71 17 
0 0 0 691 172 83 72 6 0 0 0 436 423 97 65 3 0 0 0 0 254 619 132 19 
0 0 0 596 409 14 5 0 0 0 0 287 706 27 4 0 0 0 0 0 169 820 33 2 
0 0 0 391 424 118 61 30 0 0 0 115 700 126 65 18 0 0 0 0 108 755 127 34 
0 0 0 103 478 260 160 23 0 0 0 44 540 281 147 12 0 0 0 2 180 510 291 41 
0 0 0 57 531 258 155 23 0 0 0 73 547 249 145 10 0 0 0 0 267 502 210 45 
0 0 0 35 401 424 161 3 0 0 0 44 437 422 120 1 0 0 0 0 178 481 345 20 
0 0 0 59 394 448 113 10 0 0 0 77 446 411 88 2 0 0 0 5 195 543 262 19 
0 0 2 191 481 279 69 2 0 0 1 213 502 254 53 1 0 0 0 18 408 441 151 6 
0 0 1 173 372 338 132 8 0 0 2 196 402 330 90 4 0 0 0 14 338 431 225 16 
0 0 11 552 372 85 4 0 0 0 4 539 393 84 4 0 0 0 0 8 661 308 47 0 
0 0 12 312 559 132 9 0 0 0 6 317 574 119 8 0 0 0 0 16 485 468 51 4 
0 0 9 400 511 98 6 0 0 0 7 447 493 73 4 0 0 0 0 52 736 223 13 0 
0 0 84 587 327 24 2 0 0 0 24 650 325 25 0 0 0 0 0 71 821 127 5 0 
0 0 133 474 70 167 176 4 0 0 5 606 78 218 117 0 0 0 0 117 526 109 267 5 
0 0 145 200 259 290 123 7 0 0 58 299 275 305 87 0 0 0 0 37 400 358 216 13 
0 0 11 451 276 198 82 6 0 0 3 417 325 203 76 0 0 0 0 11 535 315 155 8 
0 0 70 494 291 118 51 0 0 0 20 512 341 109 42 0 0 0 0 27 719 193 79 6 
0 0 456 450 89 27 2 0 0 0 33 858 109 23 1 0 0 0 0 87 881 45 11 0 
0 0 380 487 112 36 9 0 0 0 31 826 126 34 7 0 0 0 0 50 885 72 17 0 
0 0 102 602 150 101 54 15 0 0 7 690 172 98 49 8 0 0 0 20 791 137 63 13 
0 0 26 567 319 90 22 0 0 0 1 574 340 89 20 0 0 0 0 22 774 192 34 2 
0 0 2 252 453 238 75 4 0 0 1 226 520 211 64 2 0 0 0 4 535 376 104 5 
0 0 1 97 414 388 115 9 0 0 0 109 437 374 100 4 0 0 0 3 221 493 281 26 
0 0 1 263 562 141 53 4 0 0 0 242 594 134 51 3 0 0 0 2 333 573 107 9 
0 0 0 210 615 177 19 3 0 0 0 199 655 153 16 1 0 0 0 3 370 574 73 4 
0 0 8 334 522 148 11 1 0 0 2 315 549 147 10 1 0 0 0 6 456 484 76 2 
0 0 93 344 372 190 25 0 0 0 3 407 405 191 18 0 0 0 0 1 456 446 118 3 
0 0 54 592 240 118 20 0 0 0 3 618 270 122 11 0 0 0 0 2 568 375 77 2 
0 0 1 216 547 211 48 1 0 0 0 197 595 197 35 0 0 0 0 3 337 556 120 8 
0 0 3 231 566 195 27 2 0 0 1 205 620 178 20 0 0 0 0 1 330 599 91 3 
0 0 1 212 622 186 3 0 0 0 0 196 676 150 2 0 0 0 0 1 406 581 36 0 
0 0 10 727 160 63 48 16 0 0 1 673 228 66 47 9 0 0 0 3 835 117 59 10 
0 0 5 662 109 120 127 1 0 0 0 644 147 166 67 0 0 0 0 1 718 146 149 10 
0 0 0 110 283 435 179 17 0 0 0 74 374 429 140 7 0 0 0 1 255 428 299 41 
0 0 0 16 131 370 439 68 0 0 0 22 165 396 403 38 0 0 0 2 58 309 547 108 
0 0 0 50 180 449 307 38 0 0 0 56 214 467 277 10 0 0 0 0 71 392 478 83 
0 0 0 29 393 514 87 1 0 0 0 35 460 469 60 0 0 0 0 0 73 629 314 8 
0 0 0 64 317 396 229 18 0 0 1 81 350 414 170 8 0 0 0 2 169 457 362 34 
0 0 14 359 370 189 83 9 0 0 3 374 392 182 68 5 0 0 0 40 490 352 127 15 
0 0 4 285 359 243 124 9 0 0 4 308 374 243 92 3 0 0 0 47 460 320 180 17 
0 0 5 292 451 236 39 1 0 0 5 310 461 217 31 0 0 0 0 32 454 431 103 4 
0 0 62 558 297 90 16 1 0 0 12 581 331 86 14 0 0 0 0 42 668 275 37 2 
0 0 172 519 278 48 7 0 0 0 44 621 313 42 4 0 0 0 0 20 756 226 22 0 
0 0 121 511 322 65 5 0 0 0 55 574 328 61 6 0 0 0 0 82 678 226 38 0 
0 0 155 655 190 23 1 0 0 0 64 733 206 21 0 0 0 0 0 131 744 143 6 0 
0 0 27 238 235 216 304 4 0 0 14 253 244 254 259 0 0 0 0 29 325 267 383 20 
0 0 88 410 300 147 71 8 0 0 35 449 326 145 65 4 0 0 0 53 555 291 116 9 
0 0 128 752 116 24 4 0 0 0 34 818 145 26 1 0 0 0 0 276 647 91 10 0 
0 0 80 606 235 83 20 0 0 0 18 647 261 82 16 0 0 0 0 183 639 170 30 2 
0 0 157 270 301 217 69 10 0 0 39 388 325 201 64 7 0 0 0 104 458 308 138 16 
0 0 18 279 470 210 36 11 0 0 9 292 490 197 27 9 0 0 0 23 469 433 89 10 
0 0 0 126 387 370 132 9 0 0 0 136 408 361 111 8 0 0 0 13 307 430 251 23 
0 0 6 271 498 222 27 0 0 0 1 292 509 197 25 0 0 0 0 19 464 453 86 2 
0 0 24 441 494 63 2 0 0 0 10 446 504 62 2 0 0 0 0 44 595 366 19 0 
0 0 29 628 208 124 34 1 0 0 4 643 225 126 26 0 0 0 0 142 569 230 79 4 
0 0 14 573 192 206 39 0 0 0 2 572 215 209 26 0 0 0 0 137 506 247 129 5 
0 0 13 420 472 112 7 0 0 0 4 422 502 88 8 0 0 0 0 46 546 404 28 0 
0 0 7 281 499 201 36 0 0 0 6 280 512 199 27 0 0 0 0 12 406 482 119 5 
0 0 179 480 257 89 19 0 0 0 3 626 290 93 12 0 0 0 0 3 651 302 65 3 
0 0 3 111 373 386 131 20 0 0 0 115 418 356 125 10 0 0 0 2 173 554 255 40 
0 0 0 100 529 300 89 6 0 0 0 94 567 277 80 6 0 0 0 1 181 620 201 21 
0 0 17 447 367 160 33 0 0 0 1 404 444 149 26 0 0 0 0 5 588 334 91 6 
0 0 1 270 366 301 85 1 0 0 1 252 422 292 56 1 0 0 0 9 423 427 160 5 
0 0 6 107 368 400 127 16 0 0 1 122 447 355 95 4 0 0 0 10 212 606 188 8 
0 0 0 48 235 610 130 1 0 0 0 62 310 616 36 0 0 0 0 0 117 681 223 3 
0 0 0 4 90 610 318 2 0 0 0 8 216 618 182 0 0 0 0 0 40 605 372 7 
0 0 0 4 68 435 460 57 0 0 0 5 116 458 430 15 0 0 0 0 19 348 555 102 
0 0 0 8 71 347 507 91 0 0 0 11 93 396 501 23 0 0 0 0 22 250 619 133 
0 0 0 17 190 437 315 65 0 0 0 20 230 460 284 30 0 0 0 0 56 440 431 97 
0 0 1 217 317 275 204 10 0 0 0 234 326 320 139 5 0 0 0 16 385 297 305 21 
0 0 184 608 179 45 8 0 0 0 42 735 191 48 8 0 0 0 0 57 765 177 25 0 
0 0 265 363 224 107 52 13 0 0 160 469 247 90 56 2 0 0 0 184 579 179 71 11 
0 0 7 313 339 262 97 6 0 0 6 312 378 246 76 6 0 0 0 36 411 392 171 14 
0 0 222 305 211 179 94 13 0 0 64 457 231 176 88 8 0 0 0 19 560 271 146 28 
0 0 544 410 62 7 1 0 0 0 182 746 85 10 1 0 0 0 0 72 868 79 5 0 
0 2 624 360 34 4 0 0 0 0 327 650 44 3 0 0 0 0 0 172 819 32 1 0 
0 7 775 215 26 1 0 0 0 0 623 366 34 1 0 0 0 0 0 207 794 23 0 0 
0 0 60 344 441 155 22 2 0 0 18 391 452 146 16 1 0 0 0 137 429 385 68 5 
0 0 121 619 200 74 10 0 0 0 41 677 224 73 9 0 0 0 0 387 427 183 26 1 
0 0 230 546 127 72 21 28 0 0 99 665 140 73 29 18 0 0 0 342 485 121 53 23 
0 0 92 281 190 162 161 138 0 0 54 319 205 178 176 92 0 0 1 58 397 238 226 104 
0 0 28 119 221 243 362 51 0 3 28 118 226 288 336 25 0 0 12 33 165 277 469 68 
0 0 2 53 180 411 306 72 0 0 0 56 209 424 283 52 0 0 0 2 82 341 481 118 
0 0 1 128 312 217 253 113 0 0 0 138 324 227 257 78 0 0 0 5 248 340 322 109 
0 0 4 229 449 292 46 4 0 0 2 242 476 263 40 1 0 0 0 31 340 482 166 5 
0 0 39 622 287 69 7 0 0 0 16 633 304 66 5 0 0 0 0 163 650 180 30 1 
0 0 65 852 101 6 0 0 0 0 22 881 116 5 0 0 0 0 0 229 747 47 1 0 
0 0 66 925 32 1 0 0 0 0 9 973 41 1 0 0 0 0 0 332 682 10 0 0 
0 0 15 739 176 88 6 0 0 0 6 738 197 78 5 0 0 0 0 215 623 159 27 0 
0 0 21 238 363 302 98 2 0 0 11 256 380 297 79 1 0 0 0 17 360 429 207 11 
0 0 260 516 81 78 86 3 0 0 0 763 102 88 69 2 0 0 0 0 788 112 106 18 
0 0 1 198 341 390 93 1 0 0 0 190 397 362 74 1 0 0 0 1 240 559 214 10 
0 0 12 265 343 209 169 26 0 0 0 241 412 219 137 15 0 0 0 11 416 356 208 33 
0 0 14 185 318 335 162 10 0 0 1 182 380 342 118 1 0 0 0 9 360 443 208 4 
0 0 0 23 158 582 261 0 0 0 0 26 225 670 103 0 0 0 0 0 69 596 359 0 
0 0 25 278 378 326 17 0 0 0 6 325 422 265 6 0 0 0 0 1 389 559 74 1 
0 0 0 3 164 573 282 2 0 0 0 6 261 584 173 0 0 0 0 0 31 650 337 6 
0 0 0 3 45 459 494 23 0 0 0 8 110 592 314 0 0 0 0 0 39 471 496 18 
0 0 0 1 87 391 499 46 0 0 0 1 135 462 420 6 0 0 0 0 25 319 610 70 
0 0 0 8 189 291 451 85 0 0 0 10 221 335 429 29 0 0 0 0 43 335 523 123 
0 0 0 22 122 244 530 106 0 0 0 35 149 263 533 44 0 0 0 2 76 224 580 142 
0 0 10 385 379 208 41 1 0 0 12 386 429 165 31 1 0 0 0 18 567 351 83 5 
0 0 124 543 289 55 12 1 0 0 66 618 274 55 9 2 0 0 0 58 712 229 19 6 
0 0 846 162 8 7 1 0 0 0 429 576 11 4 4 0 0 0 0 131 875 12 6 0 
0 0 49 296 330 234 105 10 0 0 12 322 359 234 96 1 0 0 0 14 423 367 203 17 
0 2 287 200 250 221 63 1 0 0 178 314 275 213 43 1 0 0 0 146 435 308 125 10 
0 14 850 146 14 0 0 0 0 0 685 319 20 0 0 0 0 0 0 587 423 14 0 0 
0 0 583 403 38 0 0 0 0 0 350 628 46 0 0 0 0 0 0 193 783 48 0 0 
0 299 687 38 0 0 0 0 0 0 906 118 0 0 0 0 0 0 0 673 351 0 0 0 
0 0 366 336 199 114 9 0 0 0 255 449 213 100 7 0 0 0 0 400 363 214 45 2 
0 0 35 178 207 192 202 210 0 0 24 193 226 195 270 116 0 0 1 46 251 266 343 117 
0 16 85 155 170 190 256 152 0 24 84 183 178 208 269 78 0 15 61 133 226 231 281 77 
0 18 116 219 211 126 221 113 0 23 134 252 182 142 236 55 0 9 116 239 208 152 226 74 
0 9 82 245 307 206 103 72 0 10 107 276 306 177 96 52 0 5 78 268 309 199 112 53 
0 47 131 208 231 127 105 175 0 56 134 237 223 119 111 144 0 40 128 232 233 124 120 147 
0 25 84 133 213 198 249 122 0 30 103 173 195 201 258 64 0 13 84 158 211 218 254 86 
0 3 21 295 265 151 143 146 0 4 23 311 267 151 157 111 0 2 10 114 392 210 164 132 
0 0 8 410 370 188 47 1 0 0 7 422 380 178 37 0 0 0 0 69 527 323 102 3 
0 0 21 404 368 204 27 0 0 0 11 421 376 197 19 0 0 0 0 106 494 329 94 1 
0 0 50 808 130 31 5 0 0 0 15 828 148 31 2 0 0 0 0 365 565 77 17 0 
0 0 26 950 39 9 0 0 0 0 4 960 51 9 0 0 0 0 0 474 534 13 3 0 
0 0 41 601 214 109 59 0 0 0 11 614 240 109 50 0 0 0 0 181 596 154 84 9 
0 0 136 506 96 108 145 33 0 0 18 625 107 116 151 7 0 0 0 9 668 141 163 43 
0 0 4 250 290 292 181 7 0 0 0 241 338 283 160 2 0 0 0 22 450 289 246 17 
0 0 0 31 168 368 409 48 0 0 1 42 222 470 280 9 0 0 0 6 139 450 398 31 
0 0 0 16 120 600 286 2 0 0 0 26 196 710 92 0 0 0 0 1 71 672 279 1 
0 0 0 7 344 640 32 1 0 0 0 6 503 506 9 0 0 0 0 0 42 869 112 1 
0 0 4 336 506 170 8 0 0 0 0 377 533 112 2 0 0 0 0 3 566 441 14 0 
0 0 0 0 6 403 575 40 0 0 0 0 32 688 299 5 0 0 0 0 0 493 510 21 
0 0 0 2 1 107 681 233 0 0 0 2 8 250 707 57 0 0 0 1 2 140 733 148 
0 0 0 0 77 424 472 51 0 0 0 0 117 512 390 5 0 0 0 0 18 353 582 71 
0 0 0 6 157 319 461 81 0 0 0 8 207 337 438 34 0 0 0 0 48 346 523 107 
0 0 0 40 171 212 290 311 0 0 0 48 196 228 377 175 0 0 0 1 127 244 349 303 
0 0 64 426 387 135 12 0 0 0 35 475 390 118 6 0 0 0 0 39 636 299 49 1 
0 0 130 386 300 168 37 3 0 0 56 472 315 148 33 0 0 0 0 59 594 293 68 10 
0 0 750 204 65 5 0 0 0 0 466 498 57 3 0 0 0 0 0 148 833 42 1 0 
0 0 166 530 241 63 24 0 0 0 28 667 258 61 10 0 0 0 0 4 844 140 36 0 
0 19 280 661 61 3 0 0 0 0 206 756 60 2 0 0 0 0 0 126 867 31 0 0 
0 213 783 28 0 0 0 0 0 0 954 70 0 0 0 0 0 0 0 884 140 0 0 0 
0 233 729 62 0 0 0 0 0 0 924 100 0 0 0 0 0 0 0 875 149 0 0 0 
0 510 512 2 0 0 0 0 0 0 1021 3 0 0 0 0 0 0 0 974 50 0 0 0 
0 0 35 128 130 159 338 234 0 2 46 134 152 161 447 82 0 0 36 126 143 170 448 101 
1 94 130 235 242 177 137 8 2 127 131 255 229 189 89 2 2 128 99 260 250 192 90 3 
63 397 348 141 52 19 4 0 85 410 329 132 51 13 4 0 76 312 393 160 61 18 4 0 
39 331 387 186 67 13 1 0 49 356 388 163 56 11 1 0 33 264 419 212 78 17 1 0 
91 291 356 188 64 27 7 0 104 306 361 171 54 22 6 0 67 271 368 211 71 29 7 0 
144 383 303 129 44 16 5 0 162 387 293 122 41 14 5 0 127 343 311 164 58 13 8 0 
75 253 172 252 207 61 4 0 102 239 174 250 202 53 4 0 59 221 175 176 245 137 11 0 
25 77 106 579 178 52 6 1 33 69 71 622 179 44 5 1 15 77 28 365 439 88 12 0 
0 0 36 832 106 41 9 0 0 0 14 856 112 38 4 0 0 0 1 525 421 55 21 1 
0 0 40 918 48 17 1 0 0 0 14 938 56 15 1 0 0 0 0 636 351 34 3 0 
0 0 87 842 77 17 1 0 0 0 35 886 85 17 1 0 0 0 0 487 505 27 5 0 
0 0 24 565 198 166 58 13 0 0 15 566 237 148 53 5 0 0 0 299 405 225 83 12 
0 0 17 284 374 282 66 1 0 0 13 299 414 250 48 0 0 0 0 39 424 418 140 3 
0 0 22 178 431 319 74 0 0 0 10 204 506 263 41 0 0 0 0 18 323 562 119 2 
0 0 11 372 375 207 59 0 0 0 3 359 433 190 38 1 0 0 0 93 539 318 73 1 
0 0 5 126 112 299 466 16 0 0 2 142 159 439 282 0 0 0 0 14 196 430 382 2 
0 0 62 426 305 223 8 0 0 0 15 487 385 135 2 0 0 0 0 5 649 363 7 0 
0 0 9 142 595 269 9 0 0 0 0 179 653 187 5 0 0 0 0 0 342 647 35 0 
0 0 2 122 412 301 173 14 0 0 4 196 462 250 110 2 0 0 0 8 448 403 162 3 
0 0 0 36 137 133 563 155 0 0 1 43 150 325 479 26 0 0 0 14 152 239 569 50 
0 0 0 13 126 266 406 213 0 0 0 22 158 312 448 84 0 0 0 9 94 247 530 144 
0 0 0 40 482 384 114 4 0 0 0 58 549 347 69 1 0 0 0 1 201 607 206 9 
0 0 0 42 305 394 243 40 0 0 0 51 361 401 192 19 0 0 0 6 162 471 338 47 
0 0 0 199 478 204 103 40 0 0 0 236 481 187 99 21 0 0 0 18 458 365 143 40 
0 0 35 419 467 98 5 0 0 0 21 489 440 69 5 0 0 0 0 72 617 305 30 0 
0 0 92 502 276 119 35 0 0 0 55 565 276 106 22 0 0 0 0 126 626 219 53 0 
0 2 372 403 225 21 1 0 0 0 311 486 212 15 0 0 0 0 0 366 542 113 3 0 
0 34 645 344 1 0 0 0 0 0 510 510 4 0 0 0 0 0 0 503 519 2 0 0 
0 205 545 274 0 0 0 0 0 0 656 368 0 0 0 0 0 0 0 597 427 0 0 0 
0 359 519 146 0 0 0 0 0 0 779 245 0 0 0 0 0 0 0 687 337 0 0 0 
0 373 651 0 0 0 0 0 0 0 1024 0 0 0 0 0 0 0 0 1024 0 0 0 0 
0 699 325 0 0 0 0 0 0 0 1024 0 0 0 0 0 0 0 0 1024 0 0 0 0 
9 353 344 174 103 28 13 0 10 388 341 173 78 27 7 0 0 284 416 193 94 31 6 0 
83 293 240 269 105 31 3 0 95 303 272 240 92 20 2 0 12 337 227 295 122 27 4 0 
68 484 227 139 78 19 9 0 73 493 231 134 70 18 5 0 67 389 298 163 78 20 9 0 
228 170 132 172 134 76 76 36 254 161 139 181 123 72 76 18 228 158 140 181 145 78 79 15 
331 111 118 233 143 55 32 1 346 106 146 235 117 54 20 0 315 123 125 234 138 63 26 0 
411 257 81 122 84 47 15 7 411 263 87 126 83 34 15 5 339 293 112 125 81 51 16 7 
3 62 51 342 368 185 13 0 11 58 46 349 386 163 11 0 3 55 32 160 395 336 42 1 
0 0 167 613 192 46 5 1 0 0 105 674 197 44 4 0 0 0 0 468 450 97 8 1 
0 0 49 546 237 143 44 5 0 0 40 562 247 134 37 4 0 0 0 333 405 191 90 5 
0 0 245 614 88 47 26 4 0 0 177 681 98 46 22 0 0 0 0 553 372 67 29 3 
0 0 110 363 121 215 200 15 0 0 59 421 140 249 149 6 0 0 0 297 262 210 233 22 
0 0 1 21 156 484 338 24 0 0 2 30 205 551 230 6 0 0 0 6 106 419 472 21 
0 0 7 71 241 414 280 11 0 0 6 79 315 427 197 0 0 0 0 11 178 487 340 8 
0 0 0 75 356 563 30 0 0 0 0 99 532 387 6 0 0 0 0 6 205 761 52 0 
0 0 1 245 189 412 174 3 0 0 0 245 304 393 82 0 0 0 0 57 309 508 149 1 
0 0 31 708 132 61 92 0 0 0 0 708 167 108 41 0 0 0 0 160 685 111 68 0 
0 0 14 224 499 281 6 0 0 0 8 212 675 129 0 0 0 0 0 20 553 446 5 0 
0 0 22 160 338 357 92 55 0 0 17 184 523 194 88 18 0 0 0 7 422 483 95 17 
0 0 13 302 358 188 123 40 0 0 9 347 359 184 109 16 0 0 0 60 580 228 142 14 
0 0 0 147 355 257 223 42 0 0 1 175 371 265 194 18 0 0 0 79 378 278 252 37 
0 0 0 20 207 495 280 22 0 0 0 30 283 493 210 8 0 0 0 7 157 473 361 26 
0 0 1 66 340 396 212 9 0 0 1 100 380 397 144 2 0 0 0 8 248 467 289 12 
0 0 1 130 385 362 134 12 0 0 1 161 416 354 88 4 0 0 0 26 360 424 199 15 
0 0 10 502 411 91 10 0 0 0 8 529 405 74 8 0 0 0 0 200 631 176 16 1 
0 0 55 631 303 34 1 0 0 0 32 673 291 27 1 0 0 0 0 212 708 99 5 0 
0 0 99 463 331 102 29 0 0 0 59 522 327 104 12 0 0 0 0 202 551 225 46 0 
0 0 108 529 349 37 1 0 0 0 53 617 328 26 0 0 0 0 0 307 545 169 3 0 
0 82 704 203 31 4 0 0 0 0 636 347 39 2 0 0 0 0 0 681 330 13 0 0 
0 261 648 115 0 0 0 0 0 0 815 209 0 0 0 0 0 0 0 719 305 0 0 0 
0 260 629 135 0 0 0 0 0 0 692 332 0 0 0 0 0 0 0 623 401 0 0 0 
0 528 492 4 0 0 0 0 0 0 997 27 0 0 0 0 0 0 0 985 39 0 0 0 
0 714 307 3 0 0 0 0 0 0 1000 24 0 0 0 0 0 0 0 1022 2 0 0 0 
6 698 256 49 15 0 0 0 3 743 220 47 11 0 0 0 0 501 438 65 20 0 0 0 
27 686 229 56 23 3 0 0 28 706 213 53 22 2 0 0 4 537 391 60 26 6 0 0 
214 521 281 4 4 0 0 0 234 494 288 5 3 0 0 0 222 286 499 12 4 1 0 0 
343 428 97 74 40 33 8 1 368 419 90 74 41 25 6 1 304 443 119 81 42 28 6 1 
318 342 115 90 79 54 26 0 338 339 113 95 73 53 13 0 225 427 121 105 82 53 11 0 
97 342 187 155 102 90 48 3 102 354 194 155 106 89 24 0 29 382 221 167 107 88 30 0 
26 216 185 422 124 37 13 1 29 224 139 462 125 34 10 1 10 200 77 434 237 51 14 1 
0 0 165 749 83 23 4 0 0 0 96 822 83 22 1 0 0 0 0 746 238 35 5 0 
0 0 201 647 64 40 61 11 0 0 111 737 69 51 50 6 0 0 0 653 248 46 65 12 
0 0 29 223 158 202 302 110 0 0 26 229 174 228 320 47 0 0 0 158 202 231 318 115 
0 0 9 204 147 232 355 77 0 0 6 214 161 286 318 39 0 0 0 129 210 227 377 81 
0 0 1 134 235 324 308 22 0 0 1 150 267 370 230 6 0 0 0 57 243 337 367 20 
0 0 1 115 226 353 296 33 0 0 1 139 290 400 191 3 0 0 0 76 228 451 257 12 
0 0 13 202 243 353 210 3 0 0 11 231 303 425 54 0 0 0 0 70 314 505 133 2 
0 0 17 322 164 284 237 0 0 0 10 339 194 441 40 0 0 0 0 171 321 408 124 0 
0 0 10 608 323 75 8 0 0 0 2 580 378 61 3 0 0 0 0 180 716 114 14 0 
0 0 10 57 598 248 111 0 0 0 11 85 674 231 23 0 0 0 0 20 570 377 57 0 
0 0 0 263 268 251 203 39 0 0 1 273 324 280 128 18 0 0 0 141 399 315 151 18 
0 0 7 504 369 93 46 5 0 0 2 540 351 86 42 3 0 0 0 295 562 110 52 5 
0 0 0 242 410 243 119 10 0 0 1 271 427 228 93 4 0 0 0 127 462 286 133 16 
0 0 0 70 314 402 230 8 0 0 0 84 371 401 163 5 0 0 0 28 253 453 277 13 
0 0 3 131 350 393 141 6 0 0 4 167 409 354 88 2 0 0 0 56 333 448 179 8 
0 0 1 178 376 284 164 21 0 0 1 205 408 274 132 4 0 0 0 48 426 342 189 19 
0 0 39 518 347 105 15 0 0 0 34 558 333 88 11 0 0 0 0 275 562 156 28 3 
0 0 106 588 291 32 7 0 0 0 67 646 275 34 2 0 0 0 0 290 616 114 4 0 
0 0 58 793 82 63 28 0 0 0 31 839 82 54 18 0 0 0 0 731 194 72 26 1 
0 0 191 749 50 20 14 0 0 0 80 864 49 22 9 0 0 0 0 862 123 24 14 1 
0 11 566 343 100 4 0 0 0 0 381 513 126 4 0 0 0 0 0 490 461 71 2 0 
0 186 749 89 0 0 0 0 0 0 719 305 0 0 0 0 0 0 0 681 343 0 0 0 
0 235 706 83 0 0 0 0 0 0 793 231 0 0 0 0 0 0 0 892 132 0 0 0 
0 428 568 28 0 0 0 0 0 0 925 99 0 0 0 0 0 0 0 953 71 0 0 0 
0 579 436 9 0 0 0 0 0 0 989 35 0 0 0 0 0 0 1 1006 17 0 0 0 
163 794 67 0 0 0 0 0 205 768 51 0 0 0 0 0 179 676 169 0 0 0 0 0 
120 597 307 0 0 0 0 0 144 598 282 0 0 0 0 0 103 450 441 30 0 0 0 0 
20 440 564 0 0 0 0 0 20 509 495 0 0 0 0 0 18 279 711 16 0 0 0 0 
265 656 87 15 1 0 0 0 297 636 80 10 1 0 0 0 87 787 129 20 1 0 0 0 
202 650 78 53 31 10 0 0 231 623 81 56 24 9 0 0 50 769 105 57 33 9 1 0 
297 493 199 17 10 6 2 0 326 481 183 18 11 4 1 0 140 617 232 17 10 6 2 0 
18 140 151 363 175 77 66 34 38 145 133 387 154 86 69 12 9 144 108 322 245 105 83 8 
0 0 48 551 275 126 24 0 0 0 38 575 281 109 21 0 0 0 0 367 440 176 39 2 
0 0 45 290 258 216 188 27 0 0 35 319 270 225 161 14 0 0 1 205 293 263 224 38 
0 0 46 320 234 249 158 17 0 0 41 337 265 247 127 7 0 0 0 237 325 256 184 22 
0 0 59 348 166 273 169 9 0 0 35 390 185 296 116 2 0 0 0 295 243 256 221 9 
0 0 49 546 201 186 42 0 0 0 31 575 222 179 17 0 0 0 0 353 386 223 62 0 
0 0 22 462 207 216 116 1 0 0 18 477 230 249 49 1 0 0 0 266 372 259 125 2 
0 0 73 278 188 241 242 2 0 0 36 338 213 333 104 0 0 0 0 169 339 352 164 0 
0 0 29 270 235 288 200 2 0 0 22 304 268 343 87 0 0 0 1 124 383 338 178 0 
0 0 39 134 254 442 150 5 0 0 24 173 336 445 46 0 0 0 0 40 317 539 127 1 
0 0 47 100 240 231 331 75 0 0 43 153 250 339 216 23 0 0 1 50 318 372 256 27 
0 0 4 206 162 120 300 232 0 0 5 226 179 138 378 98 0 0 0 126 249 152 374 123 
0 0 38 445 116 189 178 58 0 0 23 474 129 223 154 21 0 0 0 308 274 215 182 45 
0 0 14 410 236 173 171 20 0 0 13 433 245 187 140 6 0 0 0 205 409 210 178 22 
0 0 1 220 420 262 114 7 0 0 1 257 438 247 79 2 0 0 0 79 467 330 141 7 
0 0 76 521 203 147 72 5 0 0 42 558 219 157 46 2 0 0 0 357 386 184 92 5 
0 0 26 517 307 157 17 0 0 0 16 536 330 128 14 0 0 0 0 273 483 237 29 2 
0 0 25 260 472 204 60 3 0 0 22 297 507 159 38 1 0 0 0 134 477 346 66 1 
0 0 73 516 252 132 50 1 0 0 49 566 257 118 34 0 0 0 1 391 392 182 58 0 
0 0 22 906 61 28 7 0 0 0 14 912 66 30 2 0 0 0 1 842 137 38 5 1 
0 0 86 774 86 57 16 5 0 0 54 810 96 46 18 0 0 0 0 790 129 79 21 5 
0 0 79 612 194 132 7 0 0 0 51 643 216 112 2 0 0 0 0 557 235 205 27 0 
0 0 241 654 91 35 3 0 0 0 145 742 105 32 0 0 0 0 2 720 221 75 6 0 
0 7 597 406 14 0 0 0 0 0 400 615 9 0 0 0 0 0 0 917 105 2 0 0 
0 9 666 333 16 0 0 0 0 0 498 504 22 0 0 0 0 0 1 907 114 2 0 0 
0 61 479 446 35 3 0 0 0 0 431 553 37 3 0 0 0 0 1 905 115 3 0 0 
3 410 609 2 0 0 0 0 3 453 566 2 0 0 0 0 0 201 733 90 0 0 0 0 
0 229 788 7 0 0 0 0 0 299 720 5 0 0 0 0 0 118 854 52 0 0 0 0 
1 211 812 0 0 0 0 0 1 241 782 0 0 0 0 0 0 97 872 55 0 0 0 0 
227 707 53 25 9 3 0 0 272 667 57 17 8 3 0 0 95 815 78 23 9 4 0 0 
59 730 180 29 16 10 0 0 89 748 133 30 15 9 0 0 53 634 274 37 16 10 0 0 
1 690 322 4 4 2 1 0 5 818 191 6 1 3 0 0 1 576 435 4 5 2 1 0 
1 72 111 189 250 273 120 8 2 103 88 195 251 290 92 3 1 54 99 113 276 299 165 17 
0 0 33 395 253 228 113 2 0 0 36 419 257 226 84 2 0 0 0 273 320 258 168 5 
0 0 8 174 319 400 113 10 0 0 6 194 373 363 87 1 0 0 0 78 274 487 177 8 
0 0 1 109 168 268 396 82 0 0 0 127 190 316 357 34 0 0 0 69 193 271 417 74 
0 0 9 76 200 378 332 29 0 0 6 100 257 420 231 10 0 0 1 50 208 427 316 22 
0 0 10 219 314 384 95 2 0 0 13 249 388 324 50 0 0 0 0 124 343 455 99 3 
0 0 1 96 259 537 131 0 0 0 7 133 344 512 28 0 0 0 0 63 260 585 116 0 
0 0 28 215 229 368 184 0 0 0 29 245 265 428 57 0 0 0 0 110 327 466 121 0 
0 0 169 268 186 283 114 4 0 0 118 340 207 316 41 2 0 0 1 150 428 354 89 2 
0 0 19 195 383 231 179 17 0 0 19 241 405 253 102 4 0 0 0 82 470 333 133 6 
0 0 5 82 130 162 490 155 0 0 1 104 162 280 441 36 0 0 0 63 162 258 494 47 
0 0 4 223 134 113 395 155 0 0 1 237 143 155 418 70 0 0 0 147 203 130 422 122 
0 0 3 96 100 221 509 95 0 0 5 109 106 315 463 26 0 0 0 40 149 244 506 85 
0 0 6 154 178 196 412 78 0 0 8 186 181 244 383 22 0 0 0 95 228 216 423 62 
0 0 3 307 336 276 98 4 0 0 6 348 343 272 54 1 0 0 0 163 415 310 134 2 
0 0 17 271 230 313 171 22 0 0 20 292 251 315 136 10 0 0 0 189 272 317 214 32 
0 0 17 258 323 326 94 6 0 0 13 292 368 289 61 1 0 0 0 155 338 397 129 5 
0 0 49 284 412 235 43 1 0 0 40 334 436 197 17 0 0 0 0 214 428 341 41 0 
0 0 111 587 182 115 29 0 0 0 82 636 193 104 9 0 0 0 0 562 293 149 20 0 
0 0 80 905 37 2 0 0 0 0 54 927 40 3 0 0 0 0 0 913 103 8 0 0 
0 0 43 686 172 91 29 3 0 0 29 711 174 86 24 0 0 0 3 644 209 128 37 3 
0 1 110 848 55 10 0 0 0 0 85 874 54 11 0 0 0 0 4 835 167 18 0 0 
0 1 359 632 32 0 0 0 0 0 228 761 35 0 0 0 0 0 1 930 86 7 0 0 
0 3 488 420 103 10 0 0 0 0 337 583 97 7 0 0 0 0 3 789 197 34 1 0 
0 0 195 614 207 8 0 0 0 0 140 683 194 7 0 0 0 0 0 582 394 48 0 0 
0 0 53 589 337 45 0 0 0 0 61 628 301 34 0 0 0 0 0 410 478 133 3 0 
0 35 976 13 0 0 0 0 0 60 961 3 0 0 0 0 0 22 874 128 0 0 0 0 
7 135 798 37 8 19 19 1 20 136 802 22 9 20 14 1 13 120 664 184 7 18 17 1 
1 487 324 85 89 32 5 1 5 516 308 88 74 28 5 0 2 373 434 100 80 30 4 1 
5 615 316 62 14 12 0 0 20 655 276 48 15 10 0 0 25 409 497 67 15 11 0 0 
0 746 267 11 0 0 0 0 0 826 187 11 0 0 0 0 0 472 540 11 1 0 0 0 
0 535 145 83 83 142 34 2 22 584 80 83 101 133 21 0 24 466 180 67 81 152 53 1 
0 0 36 317 176 340 147 8 0 0 27 341 211 329 116 0 0 0 1 254 224 333 202 10 
0 0 36 527 262 123 72 4 0 0 29 563 258 109 64 1 0 0 1 459 290 186 82 6 
0 0 30 799 140 41 14 0 0 0 12 839 128 33 12 0 0 0 0 714 233 59 18 0 
0 0 61 373 250 215 107 18 0 0 51 410 280 201 75 7 0 0 6 377 291 244 91 15 
0 0 30 357 240 194 187 16 0 0 27 408 243 230 114 2 0 0 1 306 334 232 147 4 
0 0 5 315 288 251 156 9 0 0 10 362 296 263 92 1 0 0 0 240 361 292 129 2 
0 0 59 380 192 206 184 3 0 0 57 416 216 227 107 1 0 0 0 259 344 278 140 3 
0 0 69 220 242 284 209 0 0 0 71 251 302 326 74 0 0 0 0 113 400 388 123 0 
0 0 515 169 170 137 29 4 0 0 427 287 198 90 20 2 0 0 0 325 485 178 35 1 
0 0 0 67 239 329 364 25 0 0 2 111 300 396 215 0 0 0 0 34 262 443 283 2 
0 0 1 88 100 168 495 172 0 0 1 115 106 266 485 51 0 0 0 50 146 214 522 92 
0 0 14 118 63 135 484 210 0 0 13 134 69 215 507 86 0 0 0 79 112 158 520 155 
0 0 8 81 64 153 539 179 0 0 8 90 79 224 547 76 0 0 1 60 89 183 518 173 
0 0 84 365 115 280 163 17 0 0 51 405 169 282 112 5 0 0 1 361 186 305 162 9 
0 0 29 369 192 246 178 10 0 0 25 394 212 292 101 0 0 0 0 282 266 286 189 1 
0 0 20 416 219 222 129 18 0 0 14 456 218 222 103 11 0 0 3 310 310 237 145 19 
0 0 25 366 306 220 98 9 0 0 31 392 333 210 56 2 0 0 1 287 344 302 87 3 
0 1 36 459 364 142 22 0 0 0 27 503 380 106 8 0 0 0 2 380 392 225 25 0 
0 0 54 694 211 47 18 0 0 0 30 749 190 44 11 0 0 0 1 632 290 84 17 0 
0 0 99 868 51 6 0 0 0 0 68 898 52 6 0 0 0 0 0 895 110 18 1 0 
0 0 39 671 148 133 32 1 0 0 27 690 166 120 21 0 0 0 2 624 181 173 42 2 
0 0 67 641 254 56 6 0 0 0 56 663 258 42 5 0 0 0 0 592 279 143 10 0 
0 0 156 513 309 42 4 0 0 0 133 575 286 29 1 0 0 0 1 488 421 109 5 0 
0 1 497 420 102 4 0 0 0 0 360 562 100 2 0 0 0 0 4 763 227 30 0 0 
0 0 130 624 185 65 20 0 0 0 93 683 170 75 3 0 0 0 7 574 346 92 5 0 
0 0 77 386 337 183 41 0 0 0 57 437 353 165 12 0 0 0 4 348 314 323 34 1 
37 345 369 58 82 74 46 13 41 384 345 60 87 66 38 3 28 327 393 74 92 68 37 5 
327 234 129 81 85 84 77 7 348 242 115 84 90 86 57 2 265 286 136 95 94 82 63 3 
178 721 105 12 6 2 0 0 196 712 97 11 6 2 0 0 89 674 240 13 7 1 0 0 
33 873 118 0 0 0 0 0 38 899 87 0 0 0 0 0 12 781 231 0 0 0 0 0 
1 733 287 3 0 0 0 0 1 794 227 2 0 0 0 0 0 352 669 3 0 0 0 0 
0 54 91 115 249 399 116 0 0 71 92 126 271 385 79 0 0 53 96 83 198 413 180 1 
0 0 30 284 241 350 118 1 0 0 41 290 276 333 84 0 0 0 1 242 241 357 180 3 
0 0 4 446 394 134 45 1 0 0 5 508 361 122 28 0 0 0 0 341 470 166 46 1 
0 0 7 196 426 322 73 0 0 0 9 258 478 249 30 0 0 0 0 106 412 426 80 0 
0 0 2 287 170 249 263 53 0 0 1 305 218 320 154 26 0 0 0 291 205 329 171 28 
0 0 25 251 121 237 345 45 0 0 9 290 156 345 220 4 0 0 0 258 147 352 260 7 
0 0 1 111 246 500 164 2 0 0 2 134 347 473 67 1 0 0 0 91 238 571 122 2 
0 1 205 388 186 157 87 0 0 0 157 464 198 169 36 0 0 0 1 479 273 207 64 0 
0 4 382 387 149 80 22 0 0 0 231 549 167 72 5 0 0 0 0 605 303 105 11 0 
0 4 185 229 256 217 118 15 0 0 160 295 299 171 89 10 0 0 0 326 331 243 115 9 
0 0 112 332 216 250 110 4 0 0 47 424 267 238 48 0 0 0 0 341 311 297 75 0 
0 0 2 55 143 410 388 26 0 0 0 66 203 502 249 4 0 0 0 38 128 447 399 12 
0 0 9 268 103 279 323 42 0 0 4 281 118 340 264 17 0 0 0 212 155 271 331 55 
0 0 0 522 64 133 265 40 0 0 0 531 82 160 238 13 0 0 0 468 115 113 276 52 
0 0 53 633 173 90 68 7 0 0 35 672 179 84 52 2 0 0 0 539 310 104 67 4 
0 0 18 845 102 50 9 0 0 0 9 850 113 44 8 0 0 0 1 745 212 57 9 0 
0 0 22 662 185 72 58 25 0 0 14 704 166 73 56 11 0 0 0 631 216 87 71 19 
0 0 39 611 211 127 34 2 0 0 31 653 205 113 21 1 0 0 2 571 265 148 37 1 
0 0 27 884 82 17 13 1 0 0 26 900 69 18 11 0 0 0 2 880 113 16 13 0 
0 0 33 814 123 43 11 0 0 0 30 848 112 33 1 0 0 0 2 782 202 35 3 0 
0 0 105 727 169 23 0 0 0 0 90 764 153 17 0 0 0 0 3 742 225 52 2 0 
0 0 60 899 51 14 0 0 0 0 41 924 48 11 0 0 0 0 4 910 95 14 1 0 
0 0 84 864 74 2 0 0 0 0 64 890 68 2 0 0 0 0 1 881 134 8 0 0 
0 7 389 622 6 0 0 0 0 1 257 752 14 0 0 0 0 0 5 978 41 0 0 0 
0 0 283 582 140 15 4 0 0 0 180 689 141 12 2 0 0 0 6 777 214 23 4 0 
0 0 56 452 209 254 53 0 0 0 47 499 226 250 2 0 0 0 6 456 266 289 7 0 
0 0 161 650 119 86 8 0 0 0 125 700 138 60 1 0 0 0 18 751 142 109 4 0 
431 537 33 14 5 4 0 0 455 518 33 11 5 2 0 0 248 705 52 11 5 3 0 0 
886 136 2 0 0 0 0 0 888 134 2 0 0 0 0 0 697 315 12 0 0 0 0 0 
168 854 2 0 0 0 0 0 173 850 1 0 0 0 0 0 82 880 62 0 0 0 0 0 
0 1020 4 0 0 0 0 0 0 1021 3 0 0 0 0 0 0 865 159 0 0 0 0 0 
9 717 229 44 18 6 1 0 10 714 245 39 11 5 0 0 1 412 561 28 17 5 0 0 
0 184 398 281 91 67 3 0 0 190 448 240 103 42 1 0 0 105 404 333 109 67 6 0 
0 5 40 221 403 308 46 1 0 2 41 270 441 251 19 0 0 0 12 214 364 375 58 1 
0 0 27 190 526 256 25 0 0 0 24 238 540 208 14 0 0 0 0 137 454 387 46 0 
0 0 157 407 191 220 45 4 0 0 93 478 240 188 24 1 0 0 2 504 199 260 57 2 
0 1 192 820 8 3 0 0 0 0 130 883 8 3 0 0 0 0 13 975 33 3 0 0 
0 0 380 641 3 0 0 0 0 0 198 822 4 0 0 0 0 0 3 981 40 0 0 0 
0 0 444 578 2 0 0 0 0 0 160 863 1 0 0 0 0 0 0 1004 20 0 0 0 
0 1 526 456 35 4 2 0 0 0 318 666 33 5 2 0 0 0 12 902 96 12 2 0 
0 0 286 683 42 6 7 0 0 0 138 816 57 8 5 0 0 0 1 849 156 12 6 0 
0 0 240 600 105 43 25 11 0 0 147 691 115 38 28 5 0 0 4 733 204 46 31 6 
0 0 288 730 4 2 0 0 0 0 131 883 8 2 0 0 0 0 0 916 106 2 0 0 
0 0 258 753 13 0 0 0 0 0 91 916 17 0 0 0 0 0 1 928 93 2 0 0 
0 0 113 855 48 6 2 0 0 0 51 905 60 6 2 0 0 0 1 872 144 5 2 0 
0 1 99 813 85 19 6 1 0 1 63 837 100 17 5 1 0 0 3 812 182 21 5 1 
0 0 120 835 59 9 1 0 0 0 77 870 68 8 1 0 0 0 0 828 185 10 1 0 
0 0 79 799 35 29 70 12 0 0 53 822 49 69 31 0 0 0 3 759 156 83 23 0 
0 0 96 626 68 72 123 39 0 0 87 640 74 115 95 13 0 0 6 653 137 110 105 13 
0 0 60 812 71 64 16 1 0 0 24 853 74 64 8 1 0 0 1 819 119 64 20 1 
0 0 77 783 105 37 22 0 0 0 58 820 97 40 9 0 0 0 3 778 193 40 10 0 
0 0 23 941 56 3 1 0 0 0 25 945 51 3 0 0 0 0 4 925 91 4 0 0 
0 0 103 862 58 1 0 0 0 0 60 905 58 1 0 0 0 0 2 898 118 6 0 0 
0 0 328 688 8 0 0 0 0 0 200 813 11 0 0 0 0 0 14 979 31 0 0 0 
0 0 424 596 4 0 0 0 0 0 290 727 7 0 0 0 0 0 17 994 13 0 0 0 
0 0 223 786 15 0 0 0 0 0 138 868 18 0 0 0 0 0 10 998 16 0 0 0 
0 0 113 691 152 56 12 0 0 0 93 735 148 44 4 0 0 0 10 757 198 55 4 0 
0 0 121 679 184 39 1 0 0 0 93 719 176 36 0 0 0 0 28 737 212 46 1 0 
0 0 53 349 360 251 11 0 0 0 42 395 434 152 1 0 0 0 5 370 323 317 9 0 
508 514 2 0 0 0 0 0 497 523 4 0 0 0 0 0 243 714 67 0 0 0 0 0 
916 108 0 0 0 0 0 0 919 105 0 0 0 0 0 0 753 266 5 0 0 0 0 0 
250 770 4 0 0 0 0 0 243 781 0 0 0 0 0 0 128 846 50 0 0 0 0 0 
44 965 15 0 0 0 0 0 61 955 8 0 0 0 0 0 12 922 90 0 0 0 0 0 
0 511 187 72 61 89 93 11 0 493 219 73 78 104 51 6 0 150 574 65 81 103 45 6 
0 116 389 292 91 67 59 10 1 139 459 237 72 69 43 4 0 174 522 140 78 64 41 5 
0 140 463 262 115 41 3 0 0 138 478 259 122 24 3 0 0 166 482 198 105 68 5 0 
0 7 279 534 155 30 17 2 0 2 230 585 164 31 11 1 0 0 64 718 163 67 11 1 
0 0 502 457 57 6 2 0 0 0 278 677 61 6 2 0 0 0 18 946 54 5 1 0 
0 1 564 455 4 0 0 0 0 0 279 739 6 0 0 0 0 0 38 976 10 0 0 0 
0 1 604 413 4 2 0 0 0 0 344 672 6 2 0 0 0 0 27 979 15 3 0 0 
0 0 552 470 1 1 0 0 0 0 315 706 2 1 0 0 0 0 14 995 13 1 1 0 
0 0 499 525 0 0 0 0 0 0 249 775 0 0 0 0 0 0 12 1005 7 0 0 0 
0 0 351 615 42 7 8 1 0 0 238 722 48 8 8 0 0 0 16 896 94 9 7 2 
0 0 282 719 23 0 0 0 0 0 138 860 26 0 0 0 0 0 10 951 62 1 0 0 
0 0 390 625 9 0 0 0 0 0 228 779 17 0 0 0 0 0 25 961 38 0 0 0 
0 0 253 329 347 54 31 10 0 0 134 443 357 54 35 1 0 0 15 708 253 22 26 0 
0 1 185 672 126 36 4 0 0 0 105 746 149 20 4 0 0 0 13 846 153 10 2 0 
0 0 124 752 129 16 3 0 0 0 95 785 126 16 2 0 0 0 10 855 139 18 2 0 
0 0 162 717 113 22 7 3 0 0 70 791 137 16 7 3 0 0 10 845 138 21 8 2 
0 0 26 439 143 117 175 124 0 0 16 465 165 143 188 47 0 0 3 414 221 165 174 47 
0 0 15 470 174 98 130 137 0 0 6 514 184 109 141 70 0 0 0 450 236 121 153 64 
0 0 23 609 147 78 53 114 0 0 24 643 134 77 124 22 0 0 7 605 188 80 139 5 
0 0 74 779 98 40 27 6 0 0 56 815 92 35 24 2 0 0 11 821 121 43 25 3 
0 0 131 799 63 18 11 2 0 0 96 841 62 14 10 1 0 0 9 924 66 14 10 1 
0 0 129 886 9 0 0 0 0 0 87 927 10 0 0 0 0 0 12 998 14 0 0 0 
0 0 186 812 20 6 0 0 0 0 146 855 21 2 0 0 0 0 13 932 74 5 0 0 
0 0 459 549 14 2 0 0 0 0 342 664 16 2 0 0 0 0 38 951 33 2 0 0 
0 1 375 636 12 0 0 0 0 0 262 750 12 0 0 0 0 0 34 955 35 0 0 0 
0 1 160 580 146 73 61 3 0 0 115 632 146 78 53 0 0 0 21 642 202 93 63 3 
0 0 102 507 246 155 14 0 0 0 80 558 284 96 6 0 0 0 14 561 258 181 10 0 
0 0 13 280 549 170 12 0 0 0 17 384 529 91 3 0 0 0 2 242 552 222 6 0 
862 162 0 0 0 0 0 0 839 184 1 0 0 0 0 0 632 388 4 0 0 0 0 0 
707 314 3 0 0 0 0 0 684 337 3 0 0 0 0 0 443 532 49 0 0 0 0 0 
35 981 8 0 0 0 0 0 37 975 12 0 0 0 0 0 5 888 131 0 0 0 0 0 
20 850 154 0 0 0 0 0 58 827 139 0 0 0 0 0 10 641 373 0 0 0 0 0 
10 447 202 164 104 58 36 3 12 469 227 155 82 56 21 2 3 268 429 152 90 54 27 1 
6 145 324 389 92 51 15 2 7 178 373 342 77 37 10 0 6 260 478 164 75 33 8 0 
0 364 369 187 58 33 13 0 0 372 382 184 51 26 9 0 0 272 525 139 56 25 7 0 
0 152 384 353 97 28 9 1 0 156 418 342 85 16 7 0 0 34 506 365 94 18 5 2 
0 47 711 230 31 4 1 0 0 32 563 400 26 2 1 0 0 8 290 691 30 4 1 0 
0 21 794 203 3 2 1 0 0 1 626 388 7 1 1 0 0 0 141 863 17 2 1 0 
0 3 468 534 18 1 0 0 0 1 334 657 32 0 0 0 0 0 114 871 38 1 0 0 
0 0 544 478 2 0 0 0 0 0 350 662 12 0 0 0 0 0 88 921 15 0 0 0 
0 5 503 447 57 11 1 0 0 1 364 595 56 7 1 0 0 0 72 867 71 12 2 0 
0 4 311 315 87 80 153 74 0 1 223 417 115 98 130 40 0 0 49 596 124 94 128 33 
0 3 181 497 163 60 75 45 0 0 98 592 175 59 71 29 0 0 36 667 166 58 77 20 
0 0 125 668 193 34 4 0 0 0 87 711 202 22 2 0 0 0 26 798 183 17 0 0 
0 0 102 545 172 62 141 2 0 0 79 579 181 132 53 0 0 0 17 641 194 157 15 0 
0 1 237 636 110 27 13 0 0 1 193 672 119 26 13 0 0 0 41 817 122 31 13 0 
0 1 397 622 4 0 0 0 0 0 224 785 15 0 0 0 0 0 44 954 26 0 0 0 
0 1 379 583 45 10 5 1 0 0 241 718 51 9 5 0 0 0 20 925 63 11 5 0 
0 0 107 777 120 16 4 0 0 0 48 818 139 16 3 0 0 0 7 852 147 13 5 0 
0 2 113 726 85 42 19 37 0 0 68 776 96 31 19 34 0 0 16 785 129 40 19 35 
0 0 64 849 89 16 6 0 0 0 48 876 82 14 4 0 0 0 7 901 95 15 6 0 
0 0 75 689 188 47 23 2 0 0 71 735 168 38 11 1 0 0 17 729 218 46 13 1 
0 0 226 696 74 13 13 2 0 0 152 777 72 13 9 1 0 0 31 891 77 16 8 1 
0 0 173 780 47 16 4 4 0 0 114 834 56 12 5 3 0 0 39 920 44 13 6 2 
0 0 143 851 24 6 0 0 0 0 82 910 27 5 0 0 0 0 18 965 35 6 0 0 
0 0 201 790 32 1 0 0 0 0 126 864 33 1 0 0 0 0 28 949 45 2 0 0 
0 2 277 722 13 9 1 0 0 0 186 810 17 10 1 0 0 0 48 943 23 9 1 0 
0 2 160 589 148 84 41 0 0 0 118 662 136 80 28 0 0 0 36 686 179 90 33 0 
0 0 14 116 593 281 20 0 0 0 17 141 683 178 5 0 0 0 2 95 490 424 13 0 
0 0 0 75 718 217 14 0 0 0 2 112 767 138 5 0 0 0 0 23 514 474 13 0 
978 46 0 0 0 0 0 0 974 50 0 0 0 0 0 0 824 200 0 0 0 0 0 0 
666 339 19 0 0 0 0 0 670 324 30 0 0 0 0 0 466 414 144 0 0 0 0 0 
343 680 1 0 0 0 0 0 329 694 1 0 0 0 0 0 86 890 48 0 0 0 0 0 
222 753 49 0 0 0 0 0 214 749 61 0 0 0 0 0 34 746 244 0 0 0 0 0 
63 559 178 158 40 21 5 0 34 609 189 136 36 19 1 0 21 653 240 65 26 18 1 0 
10 312 307 292 77 21 5 0 3 359 323 268 49 21 1 0 4 379 428 148 44 19 2 0 
12 703 168 71 41 18 10 1 3 729 165 65 37 20 4 1 0 396 490 65 47 20 5 1 
0 557 287 111 30 12 23 4 0 548 321 94 24 19 18 0 0 106 688 161 32 18 19 0 
0 76 536 348 54 7 3 0 0 73 557 336 49 9 0 0 0 37 594 335 44 13 1 0 
0 38 568 364 33 17 4 0 0 26 543 410 28 13 4 0 0 4 338 628 34 16 4 0 
0 51 310 246 339 72 6 0 0 3 313 293 351 64 0 0 0 1 198 658 141 26 0 0 
0 18 178 177 622 27 2 0 0 2 164 214 623 20 1 0 0 0 109 736 166 12 1 0 
0 2 143 239 572 68 0 0 0 0 120 261 613 30 0 0 0 0 61 881 82 0 0 0 
0 0 0 4 614 406 0 0 0 0 0 4 684 336 0 0 0 0 0 758 266 0 0 0 
0 0 30 138 552 302 2 0 0 0 25 141 662 196 0 0 0 0 20 818 181 5 0 0 
0 0 134 333 462 94 1 0 0 0 106 362 465 91 0 0 0 0 55 833 128 8 0 0 
0 0 107 174 495 193 50 5 0 0 100 185 536 166 36 1 0 0 28 711 196 62 26 1 
0 7 180 391 402 36 8 0 0 1 163 427 401 28 4 0 0 0 72 814 116 19 3 0 
0 5 303 231 345 48 86 6 0 2 232 323 353 43 71 0 0 0 79 743 96 46 60 0 
0 9 178 292 333 98 85 29 0 1 157 331 368 76 87 4 0 0 63 603 213 55 85 5 
0 10 391 574 40 9 0 0 0 0 296 680 41 7 0 0 0 0 111 860 51 2 0 0 
0 0 379 550 67 22 6 0 0 0 273 667 60 19 5 0 0 0 80 856 69 14 5 0 
0 1 355 508 103 39 15 3 0 0 272 611 95 31 14 1 0 0 59 801 115 36 11 2 
0 1 273 383 128 76 100 63 0 0 210 466 128 82 106 32 0 0 53 601 142 91 96 41 
0 1 390 616 12 2 3 0 0 1 248 758 13 4 0 0 0 0 84 924 12 2 2 0 
0 0 194 785 42 2 1 0 0 0 106 876 40 1 1 0 0 0 64 927 30 2 1 0 
0 2 287 609 66 35 23 2 0 0 218 698 58 33 15 2 0 0 85 819 71 32 15 2 
0 1 293 645 50 26 9 0 0 2 208 740 50 20 4 0 0 0 81 872 46 22 3 0 
0 3 392 574 25 16 14 0 0 1 228 738 30 22 5 0 0 0 75 887 33 21 8 0 
0 1 296 721 5 1 0 0 0 0 216 801 6 1 0 0 0 0 87 927 9 1 0 0 
0 1 88 403 320 201 11 0 0 1 69 456 354 140 4 0 0 0 24 411 324 255 10 0 
0 0 16 174 578 234 22 0 0 0 23 238 592 161 10 0 0 0 2 86 517 379 40 0 
917 107 0 0 0 0 0 0 923 101 0 0 0 0 0 0 841 183 0 0 0 0 0 0 
970 54 0 0 0 0 0 0 963 61 0 0 0 0 0 0 821 202 1 0 0 0 0 0 
804 219 1 0 0 0 0 0 797 226 1 0 0 0 0 0 478 540 6 0 0 0 0 0 
0 864 160 0 0 0 0 0 1 839 184 0 0 0 0 0 0 337 687 0 0 0 0 0 
70 918 36 0 0 0 0 0 69 919 36 0 0 0 0 0 9 853 162 0 0 0 0 0 
3 319 193 211 99 67 90 42 8 349 192 222 91 58 95 9 14 401 294 93 77 50 92 3 
3 176 101 197 200 141 174 32 2 186 105 264 176 143 140 8 1 140 347 138 130 136 128 4 
1 129 206 244 179 98 132 35 0 150 228 263 151 117 110 5 1 103 340 220 144 111 101 4 
4 184 222 207 141 86 111 69 2 192 248 241 96 89 125 31 4 106 380 213 84 88 119 30 
0 97 477 321 84 32 10 3 0 114 494 316 63 27 10 0 0 15 448 413 109 31 8 0 
0 51 467 424 61 15 3 3 0 40 502 412 55 9 5 1 0 12 590 362 46 9 4 1 
2 103 341 427 142 9 0 0 0 101 332 443 142 6 0 0 13 129 350 469 63 0 0 0 
0 19 210 341 415 39 0 0 0 16 200 364 425 19 0 0 0 30 196 694 103 1 0 0 
0 24 313 386 253 34 12 2 0 7 313 423 246 25 10 0 0 0 220 706 70 19 8 1 
0 0 172 412 405 28 7 0 0 0 137 454 400 27 5 1 0 0 99 834 63 21 7 0 
0 4 537 461 22 0 0 0 0 0 423 573 28 0 0 0 0 0 282 733 9 0 0 0 
0 1 393 446 169 15 0 0 0 0 281 566 162 15 0 0 0 0 192 795 37 0 0 0 
0 17 643 353 11 0 0 0 0 1 513 499 11 0 0 0 0 0 278 741 5 0 0 0 
0 6 376 375 264 3 0 0 0 1 282 449 288 4 0 0 0 0 207 774 43 0 0 0 
0 20 240 477 266 16 3 2 0 4 218 513 272 13 4 0 0 0 126 792 95 7 4 0 
0 11 344 452 140 31 38 8 0 0 258 547 149 34 31 5 0 0 129 741 86 31 31 6 
0 2 606 347 49 18 2 0 0 1 418 535 57 11 2 0 0 0 167 794 56 6 1 0 
0 7 532 420 25 26 9 5 0 1 402 557 29 25 6 4 0 0 159 791 34 27 9 4 
0 13 448 394 151 18 0 0 0 1 357 501 151 14 0 0 0 1 132 724 147 20 0 0 
0 11 385 460 81 61 25 1 0 2 340 523 87 57 14 1 0 0 127 712 106 61 17 1 
0 51 579 347 17 13 14 3 0 15 503 460 22 12 10 2 0 1 236 731 31 13 10 2 
0 4 519 475 21 5 0 0 0 0 361 638 20 4 1 0 0 0 182 811 26 5 0 0 
0 0 542 469 11 2 0 0 0 0 337 674 12 1 0 0 0 0 181 830 13 0 0 0 
0 11 434 177 142 128 107 25 0 2 345 287 193 106 74 17 0 0 185 518 148 93 61 19 
0 4 234 282 62 210 163 69 0 6 193 338 132 191 120 44 0 2 82 476 180 118 114 52 
0 6 452 441 57 39 23 6 0 3 334 574 64 29 20 0 0 0 174 716 71 45 16 2 
0 24 479 367 125 13 16 0 0 2 395 495 106 14 12 0 0 0 174 618 189 30 13 0 
628 396 0 0 0 0 0 0 605 419 0 0 0 0 0 0 395 601 28 0 0 0 0 0 
989 35 0 0 0 0 0 0 991 33 0 0 0 0 0 0 903 121 0 0 0 0 0 0 
826 190 6 2 0 0 0 0 815 202 5 2 0 0 0 0 586 408 27 3 0 0 0 0 
62 926 36 0 0 0 0 0 62 915 47 0 0 0 0 0 1 589 434 0 0 0 0 0 
38 973 13 0 0 0 0 0 44 970 10 0 0 0 0 0 8 926 90 0 0 0 0 0 
150 424 23 65 33 41 164 124 187 395 26 74 28 66 215 33 14 532 109 29 31 72 203 34 
0 1 25 379 302 138 156 23 0 2 56 487 195 158 121 5 0 25 418 217 118 141 104 1 
1 19 102 397 260 116 96 33 1 31 160 432 197 107 93 3 1 84 371 222 152 110 79 5 
3 192 185 225 146 106 116 51 7 228 189 225 128 118 109 20 10 184 334 133 117 125 109 12 
1 66 73 325 166 127 160 106 4 80 81 394 111 133 165 56 1 84 364 154 86 122 170 43 
0 13 109 461 175 87 97 82 0 24 168 470 121 86 117 38 0 104 447 167 83 81 111 31 
7 163 275 353 114 64 41 7 5 172 324 334 101 61 25 2 24 346 391 131 57 49 25 1 
0 82 262 348 171 78 76 7 0 100 255 372 163 73 61 0 2 125 361 314 88 74 60 0 
0 13 418 411 104 48 26 4 0 5 348 512 91 46 21 1 0 5 312 549 93 37 25 3 
0 11 498 462 40 8 5 0 0 4 446 525 38 8 3 0 0 1 347 625 39 10 2 0 
0 52 243 289 418 19 3 0 0 12 279 318 399 16 0 0 0 2 247 689 80 6 0 0 
0 30 651 342 1 0 0 0 0 8 513 502 1 0 0 0 0 0 377 645 2 0 0 0 
0 50 474 356 90 45 9 0 0 11 422 448 99 37 7 0 0 1 282 616 101 18 6 0 
0 39 584 370 31 0 0 0 0 14 518 458 34 0 0 0 0 0 366 636 22 0 0 0 
0 0 449 538 34 3 0 0 0 0 319 668 35 2 0 0 0 0 244 761 19 0 0 0 
0 18 606 398 2 0 0 0 0 0 459 564 1 0 0 0 0 0 342 679 3 0 0 0 
0 2 530 489 3 0 0 0 0 1 411 609 3 0 0 0 0 0 262 759 3 0 0 0 
0 13 640 349 13 5 4 0 0 3 514 486 14 4 3 0 0 0 329 678 12 5 0 0 
0 27 321 437 135 53 46 5 0 10 314 475 132 48 43 2 0 0 213 584 128 48 47 4 
0 4 286 516 101 59 49 9 0 0 244 587 105 54 31 3 0 0 146 669 118 52 33 6 
0 5 356 570 49 26 13 5 0 0 271 667 48 25 11 2 0 0 165 749 64 29 14 3 
0 67 659 284 12 2 0 0 0 26 579 403 14 2 0 0 0 0 389 613 19 3 0 0 
0 53 491 268 191 21 0 0 0 7 448 357 199 13 0 0 0 0 332 639 48 5 0 0 
0 16 17 138 848 5 0 0 0 2 27 126 862 7 0 0 0 0 37 953 34 0 0 0 
0 0 0 158 860 6 0 0 0 0 0 180 844 0 0 0 0 0 11 996 17 0 0 0 
0 9 94 303 598 20 0 0 0 1 83 313 625 2 0 0 0 0 84 897 42 1 0 0 
0 68 487 424 40 4 1 0 0 15 424 539 41 4 1 0 0 0 269 727 24 3 1 0 
562 450 3 2 2 1 3 1 556 458 3 1 1 3 1 1 215 795 8 1 1 3 1 0 
591 114 35 27 69 76 81 31 636 90 37 50 78 93 35 5 539 195 70 76 83 49 12 0 
139 145 49 90 187 216 154 44 161 142 73 138 215 200 88 7 95 247 153 219 204 85 20 1 
99 449 85 71 89 107 97 27 89 485 88 72 119 102 60 9 42 517 145 116 121 66 17 0 
71 508 45 47 75 89 141 48 89 517 48 61 77 119 104 9 17 585 83 95 121 100 23 0 
138 508 72 77 69 83 53 24 148 519 79 76 79 76 40 7 65 615 112 74 73 59 25 1 
12 64 94 272 174 117 178 113 15 69 133 290 152 113 205 47 5 110 287 148 125 111 198 40 
5 283 63 49 41 77 224 282 5 295 58 55 48 85 332 146 0 250 100 56 54 94 346 124 
4 247 132 90 57 65 265 164 7 259 146 76 56 120 292 68 1 201 207 87 51 118 298 61 
0 43 38 53 65 101 333 391 0 51 37 73 73 139 364 287 0 43 71 65 63 140 359 283 
0 1 17 181 179 83 210 353 0 1 31 253 132 101 231 275 0 3 212 153 77 91 219 269 
0 135 146 264 153 78 140 108 2 158 158 289 113 93 129 82 1 180 289 161 94 90 128 81 
3 66 83 350 356 50 65 51 2 80 92 422 276 40 79 33 7 190 475 150 62 39 69 32 
0 0 89 549 377 6 2 1 0 1 96 615 305 4 2 1 2 135 616 249 17 3 1 1 
0 4 493 468 59 0 0 0 0 0 430 553 41 0 0 0 0 3 441 576 4 0 0 0 
0 8 412 413 160 27 4 0 0 3 395 491 120 13 2 0 0 0 364 598 55 5 2 0 
0 35 449 362 174 4 0 0 0 15 435 409 164 1 0 0 0 1 352 645 26 0 0 0 
0 22 456 336 40 28 54 88 0 4 442 380 37 25 73 63 0 0 362 461 36 27 77 61 
0 6 52 133 122 140 296 275 0 3 55 164 139 164 390 109 0 2 47 165 145 151 409 105 
0 14 440 472 52 18 13 15 0 2 417 511 53 18 13 10 0 1 336 598 50 15 14 10 
0 4 320 475 96 44 55 30 0 5 313 499 88 43 68 8 0 2 227 576 101 41 75 2 
0 70 337 301 60 58 122 76 0 27 356 335 67 83 132 24 0 1 290 430 66 94 126 17 
0 29 202 321 130 124 151 67 0 10 216 360 142 134 123 39 0 0 150 446 147 120 126 35 
0 18 414 424 87 35 40 6 0 9 388 478 78 37 34 0 0 1 291 593 68 37 33 1 
0 6 525 420 47 15 10 1 0 4 425 530 46 12 7 0 0 0 337 625 44 12 6 0 
0 10 596 386 27 5 0 0 0 3 479 512 25 5 0 0 0 1 372 620 25 6 0 0 
0 43 398 272 50 246 15 0 0 14 360 347 234 69 0 0 0 0 248 475 280 21 0 0 
0 26 16 17 246 719 0 0 0 4 36 16 919 49 0 0 0 0 36 279 706 3 0 0 
0 0 0 59 629 336 0 0 0 0 0 61 910 53 0 0 0 0 10 694 320 0 0 0 
0 0 0 108 892 24 0 0 0 0 0 108 914 2 0 0 0 0 54 967 3 0 0 0 
0 0 0 211 813 0 0 0 0 0 0 331 693 0 0 0 0 0 47 977 0 0 0 0 
0 35 84 431 474 0 0 0 0 11 97 340 576 0 0 0 0 0 197 827 0 0 0 0 
28 140 86 138 238 234 141 19 43 165 89 196 263 193 70 5 35 228 227 244 197 84 9 0 
5 35 48 124 232 276 235 69 19 41 83 170 300 284 117 10 29 82 196 302 266 125 24 0 
0 0 19 156 361 325 145 18 0 3 77 266 405 212 58 3 2 63 284 389 220 62 4 0 
0 0 60 119 220 301 232 92 0 9 95 176 285 261 166 32 8 93 198 286 257 116 51 15 
0 3 50 218 285 314 133 21 0 7 120 246 327 238 80 6 3 96 267 304 248 91 14 1 
5 279 109 161 181 180 87 22 8 302 147 168 203 143 42 11 11 314 246 209 157 66 20 1 
2 390 84 33 47 45 209 214 6 428 54 33 45 71 295 92 1 284 165 55 47 73 279 120 
0 58 4 5 3 12 251 691 0 58 5 4 5 17 445 490 0 38 23 5 3 14 456 485 
1 6 9 8 12 33 192 763 2 6 8 9 20 47 284 648 0 4 13 10 19 51 277 650 
0 0 0 0 0 3 115 906 0 0 0 0 0 21 180 823 0 0 0 0 1 19 179 825 
0 0 0 0 0 3 124 897 0 0 0 0 0 16 200 808 0 0 0 0 2 19 186 817 
0 0 0 2 12 131 318 561 0 0 0 11 163 124 296 430 0 0 0 26 164 106 288 440 
0 0 0 0 22 74 290 638 0 0 0 9 67 122 304 522 0 0 0 5 84 101 282 552 
0 0 2 84 89 121 336 392 0 0 6 107 90 193 298 330 0 20 67 53 101 220 234 329 
0 1 30 412 279 117 110 75 0 1 48 516 201 116 87 55 0 6 132 452 167 109 94 64 
0 2 202 609 154 12 16 29 0 0 226 651 90 11 21 25 0 0 213 704 53 11 18 25 
0 2 333 632 57 0 0 0 0 1 354 624 45 0 0 0 0 0 337 667 20 0 0 0 
0 3 354 498 122 29 8 10 0 1 353 536 100 20 7 7 0 0 322 601 74 13 4 10 
0 2 262 505 109 50 66 30 0 2 282 526 80 61 56 17 0 1 254 545 89 58 57 20 
0 5 486 469 45 8 8 3 0 2 480 488 40 9 3 2 0 0 431 548 31 9 4 1 
0 7 210 427 139 66 106 69 0 0 224 462 117 91 105 25 0 0 195 477 130 90 120 12 
0 12 255 466 118 55 70 48 0 9 267 494 103 57 79 15 0 0 207 558 101 65 78 15 
0 13 416 424 113 45 12 1 0 9 421 459 93 34 8 0 0 0 309 580 95 32 7 1 
0 6 324 570 99 24 1 0 0 4 307 599 96 18 0 0 0 0 228 728 63 5 0 0 
0 8 398 511 90 17 0 0 0 5 362 551 94 12 0 0 0 0 240 714 67 3 0 0 
0 42 452 263 105 84 71 7 0 21 451 297 122 100 33 0 0 0 401 409 106 83 25 0 
0 25 185 249 145 306 93 21 0 4 213 276 301 167 56 7 0 0 177 362 353 76 52 4 
0 0 5 35 59 752 112 61 0 0 7 49 500 339 107 22 0 0 12 75 720 85 119 13 
0 0 19 173 151 663 14 4 0 0 26 204 580 204 7 3 0 0 47 353 605 12 7 0 
0 0 17 50 693 264 0 0 0 0 19 66 914 25 0 0 0 0 32 956 36 0 0 0 
0 0 87 245 692 0 0 0 0 0 84 330 610 0 0 0 0 0 97 926 1 0 0 0 
0 0 0 233 791 0 0 0 0 0 0 399 625 0 0 0 0 0 84 940 0 0 0 0 
