2 32 210 362 274 111 32 1 25 141 316 359 141 41 1 0 128 328 389 144 35 0 0 0 
1 63 283 384 241 47 5 0 11 175 393 336 100 9 0 0 132 406 353 118 15 0 0 0 
3 43 180 332 355 105 6 0 15 113 265 438 171 22 0 0 69 273 454 202 26 0 0 0 
0 73 188 388 319 50 6 0 23 139 319 405 127 10 1 0 116 331 409 153 14 1 0 0 
181 262 349 188 41 3 0 0 255 295 337 120 16 1 0 0 489 386 135 14 0 0 0 0 
67 140 138 188 153 112 138 88 165 178 174 193 118 131 64 1 338 267 165 160 40 12 10 32 
0 11 109 139 56 644 26 39 1 156 97 22 25 69 654 0 119 75 66 53 24 12 5 670 
2 22 34 19 30 917 0 0 3 53 13 6 5 12 931 1 16 18 13 17 7 7 5 941 
0 0 0 0 0 1024 0 0 0 0 0 0 0 0 1024 0 0 0 0 0 0 0 0 1024 
0 0 0 0 0 1024 0 0 0 0 0 0 0 0 1024 0 0 0 0 0 0 0 0 1024 
0 0 0 0 0 1024 0 0 0 0 0 0 0 0 1024 0 0 0 0 0 0 0 0 1024 
0 0 0 0 0 1024 0 0 0 0 0 0 0 0 1024 0 0 0 0 0 0 0 0 1024 
0 0 0 0 0 1024 0 0 0 0 0 0 0 0 1024 0 0 0 0 0 0 0 0 1024 
0 0 0 0 0 1024 0 0 0 0 0 0 0 0 1024 0 0 0 0 0 0 0 0 1024 
0 0 0 0 0 1024 0 0 0 0 0 0 0 0 1024 0 0 0 0 0 0 0 0 1024 
0 0 0 0 0 1024 0 0 0 0 0 0 0 0 1024 0 0 0 0 0 0 0 0 1024 
0 0 0 0 0 1024 0 0 0 0 0 0 0 0 1020 4 0 0 0 0 0 0 0 1024 
0 0 0 0 0 1024 0 0 0 0 0 0 0 0 808 216 0 0 0 0 0 0 0 1024 
0 0 0 0 0 545 479 0 0 0 0 0 0 0 221 803 0 0 0 0 0 0 0 1024 
0 0 0 0 0 0 1024 0 0 0 0 0 0 0 0 1024 0 0 0 0 0 0 0 1024 
0 0 0 0 0 0 1024 0 0 0 0 0 0 0 0 1024 0 0 0 0 0 0 0 1024 
0 0 0 0 0 0 1024 0 0 0 0 0 0 0 0 1024 0 0 0 0 0 0 0 1024 
0 0 0 0 0 0 1024 0 0 0 0 0 0 0 0 1024 0 0 0 0 0 0 0 1024 
0 0 0 0 0 0 1024 0 0 0 0 0 0 0 0 1024 0 0 0 0 0 0 0 1024 
0 0 0 0 0 0 1024 0 0 0 0 0 0 0 0 1024 0 0 0 0 0 0 0 1024 
0 0 0 0 0 0 1024 0 0 0 0 0 0 0 0 1024 0 0 0 0 0 0 0 1024 
0 0 0 0 0 0 1024 0 0 0 0 0 0 0 0 1024 0 0 0 0 0 0 0 1024 
0 0 0 0 0 0 1024 0 0 0 0 0 0 0 0 1024 0 0 0 0 0 0 0 1024 
0 0 0 0 0 0 1024 0 0 0 0 0 0 0 0 1024 0 0 0 0 0 0 0 1024 
0 0 0 0 0 0 640 384 0 0 0 0 0 0 0 1024 0 0 0 0 0 0 0 1024 
0 0 0 0 0 0 0 1024 0 0 0 0 0 0 0 1024 0 0 0 0 0 0 0 1024 
0 0 0 0 0 0 0 1024 0 0 0 0 0 0 0 1024 0 0 0 0 0 0 0 1024 
0 0 0 0 0 0 0 1024 0 0 0 0 0 0 0 1024 0 0 0 0 0 0 0 1024 
0 0 0 0 0 0 0 1024 0 0 0 0 0 0 0 1024 0 0 0 0 0 0 0 1024 
0 0 0 0 0 0 0 992 0 0 0 0 0 0 0 992 0 0 0 0 0 0 0 992 
29 111 318 271 192 100 3 0 57 195 395 257 107 12 1 0 246 440 246 80 12 0 0 0 
0 35 207 390 291 88 13 0 16 177 369 342 98 19 3 0 197 444 305 65 11 2 0 0 
4 48 153 307 353 142 15 2 24 102 234 395 222 42 5 0 113 247 417 202 41 4 0 0 
16 106 258 347 241 51 4 1 43 204 339 319 110 8 1 0 203 418 290 103 9 1 0 0 
9 98 245 409 228 33 2 0 53 179 368 346 72 6 0 0 217 413 314 71 9 0 0 0 
0 3 53 91 203 336 151 187 2 31 122 247 181 236 205 0 57 251 293 194 30 17 22 160 
0 0 0 0 0 1024 0 0 0 0 0 0 0 0 1024 0 0 0 0 0 0 0 0 1024 
0 0 0 0 0 1024 0 0 0 0 0 0 0 0 1024 0 0 0 0 0 0 0 0 1024 
0 0 0 0 0 1024 0 0 0 0 0 0 0 0 1024 0 0 0 0 0 0 0 0 1024 
0 0 0 0 0 1024 0 0 0 0 0 0 0 0 1024 0 0 0 0 0 0 0 0 1024 
0 0 0 0 0 1024 0 0 0 0 0 0 0 0 1024 0 0 0 0 0 0 0 0 1024 
0 0 0 0 0 1024 0 0 0 0 0 0 0 0 1024 0 0 0 0 0 0 0 0 1024 
0 0 0 0 0 1024 0 0 0 0 0 0 0 0 1024 0 0 0 0 0 0 0 0 1024 
0 0 0 0 0 1024 0 0 0 0 0 0 0 0 984 40 0 0 0 0 0 0 0 1024 
0 0 0 0 0 1024 0 0 0 0 0 0 0 0 768 256 0 0 0 0 0 0 0 1024 
0 0 0 0 0 790 234 0 0 0 0 0 0 0 392 632 0 0 0 0 0 0 0 1024 
0 0 0 0 0 582 442 0 0 0 0 0 0 0 168 856 0 0 0 0 0 0 0 1024 
0 0 0 0 0 126 898 0 0 0 0 0 0 0 0 1024 0 0 0 0 0 0 0 1024 
0 0 0 0 0 0 1024 0 0 0 0 0 0 0 0 1024 0 0 0 0 0 0 0 1024 
0 0 0 0 0 0 1024 0 0 0 0 0 0 0 0 1024 0 0 0 0 0 0 0 1024 
0 0 0 0 0 0 1024 0 0 0 0 0 0 0 0 1024 0 0 0 0 0 0 0 1024 
0 0 0 0 0 0 1024 0 0 0 0 0 0 0 0 1024 0 0 0 0 0 0 0 1024 
0 0 0 0 0 0 1024 0 0 0 0 0 0 0 0 1024 0 0 0 0 0 0 0 1024 
0 0 0 0 0 0 1024 0 0 0 0 0 0 0 0 1024 0 0 0 0 0 0 0 1024 
0 0 0 0 0 0 1024 0 0 0 0 0 0 0 0 1024 0 0 0 0 0 0 0 1024 
0 0 0 0 0 0 1024 0 0 0 0 0 0 0 0 1024 0 0 0 0 0 0 0 1024 
0 0 0 0 0 0 896 128 0 0 0 0 0 0 0 1024 0 0 0 0 0 0 0 1024 
0 0 0 0 0 0 560 464 0 0 0 0 0 0 0 1024 0 0 0 0 0 0 0 1024 
0 0 0 0 0 0 128 896 0 0 0 0 0 0 0 1024 0 0 0 0 0 0 0 1024 
0 0 0 0 0 0 0 1024 0 0 0 0 0 0 0 1024 0 0 0 0 0 0 0 1024 
0 0 0 0 0 0 0 1024 0 0 0 0 0 0 0 1024 0 0 0 0 0 0 0 1024 
0 0 0 0 0 0 0 1024 0 0 0 0 0 0 0 1024 0 0 0 0 0 0 0 1024 
0 0 0 0 0 0 0 1024 0 0 0 0 0 0 0 1024 0 0 0 0 0 0 0 1024 
0 0 0 0 0 0 0 1024 0 0 0 0 0 0 0 1024 0 0 0 0 0 0 0 1024 
0 0 0 0 0 0 0 992 0 0 0 0 0 0 0 992 0 0 0 0 0 0 0 992 
9 152 344 352 149 18 0 0 59 215 404 280 60 6 0 0 183 423 316 93 9 0 0 0 
22 115 321 406 114 29 17 0 56 194 444 248 51 28 3 0 176 541 237 42 27 1 0 0 
55 355 390 165 54 5 0 0 148 452 291 111 22 0 0 0 387 453 161 23 0 0 0 0 
8 183 481 263 58 27 4 0 49 381 432 119 38 5 0 0 283 556 143 38 4 0 0 0 
0 39 380 392 169 42 2 0 11 139 514 285 66 8 1 0 177 536 229 76 6 0 0 0 
0 12 168 283 254 218 83 6 1 87 272 237 152 125 146 4 103 304 214 79 39 77 68 140 
0 5 15 17 36 940 11 0 0 0 8 13 23 33 936 11 0 0 1 15 11 15 40 942 
0 0 0 0 0 1024 0 0 0 0 0 0 0 0 1024 0 0 0 0 0 0 0 0 1024 
0 0 0 0 0 1024 0 0 0 0 0 0 0 0 1024 0 0 0 0 0 0 0 0 1024 
0 0 0 0 0 1024 0 0 0 0 0 0 0 0 1024 0 0 0 0 0 0 0 0 1024 
0 0 0 0 0 1024 0 0 0 0 0 0 0 0 896 128 0 0 0 0 0 0 0 1024 
0 0 0 0 0 853 171 0 0 0 0 0 0 0 558 466 0 0 0 0 0 0 0 1024 
0 0 0 0 0 576 448 0 0 0 0 0 0 0 280 744 0 0 0 0 0 0 0 1024 
0 0 0 0 0 320 704 0 0 0 0 0 0 0 80 944 0 0 0 0 0 0 0 1024 
0 0 0 0 0 138 886 0 0 0 0 0 0 0 0 1024 0 0 0 0 0 0 0 1024 
0 0 0 0 0 0 1024 0 0 0 0 0 0 0 0 1024 0 0 0 0 0 0 0 1024 
0 0 0 0 0 0 1024 0 0 0 0 0 0 0 0 1024 0 0 0 0 0 0 0 1024 
0 0 0 0 0 0 1024 0 0 0 0 0 0 0 0 1024 0 0 0 0 0 0 0 1024 
0 0 0 0 0 0 1024 0 0 0 0 0 0 0 0 1024 0 0 0 0 0 0 0 1024 
0 0 0 0 0 0 1024 0 0 0 0 0 0 0 0 1024 0 0 0 0 0 0 0 1024 
0 0 0 0 0 0 1024 0 0 0 0 0 0 0 0 1024 0 0 0 0 0 0 0 1024 
0 0 0 0 0 0 1024 0 0 0 0 0 0 0 0 1024 0 0 0 0 0 0 0 1024 
0 0 0 0 0 0 1024 0 0 0 0 0 0 0 0 1024 0 0 0 0 0 0 0 1024 
0 0 0 0 0 0 896 128 0 0 0 0 0 0 0 1024 0 0 0 0 0 0 0 1024 
0 0 0 0 0 0 536 488 0 0 0 0 0 0 0 1024 0 0 0 0 0 0 0 1024 
0 0 0 0 0 0 24 1000 0 0 0 0 0 0 0 1024 0 0 0 0 0 0 0 1024 
0 0 0 0 0 0 24 1000 0 0 0 0 0 0 0 1024 0 0 0 0 0 0 0 1024 
0 0 0 0 0 0 0 1024 0 0 0 0 0 0 0 1024 0 0 0 0 0 0 0 1024 
0 0 0 0 0 0 0 1024 0 0 0 0 0 0 0 1024 0 0 0 0 0 0 0 1024 
0 0 0 0 0 0 0 1024 0 0 0 0 0 0 0 1024 0 0 0 0 0 0 0 1024 
0 0 0 0 0 0 0 1024 0 0 0 0 0 0 0 1024 0 0 0 0 0 0 0 1024 
0 0 0 0 0 0 0 1024 0 0 0 0 0 0 0 1024 0 0 0 0 0 0 0 1024 
0 0 0 0 0 0 0 1024 0 0 0 0 0 0 0 1024 0 0 0 0 0 0 0 1024 
0 0 0 0 0 0 0 1024 0 0 0 0 0 0 0 1024 0 0 0 0 0 0 0 1024 
0 0 0 0 0 0 0 992 0 0 0 0 0 0 0 992 0 0 0 0 0 0 0 992 
211 363 217 174 57 2 0 0 313 349 220 127 15 0 0 0 513 311 167 33 0 0 0 0 
10 155 332 340 168 18 1 0 46 256 405 258 55 4 0 0 210 452 299 57 6 0 0 0 
7 96 135 342 315 108 21 0 56 106 246 396 176 41 3 0 130 235 421 188 45 5 0 0 
1 119 264 229 200 105 76 30 43 259 253 219 155 87 8 0 239 317 277 149 41 1 0 0 
0 124 231 255 245 106 55 8 37 244 251 284 143 63 2 0 229 310 304 145 34 2 0 0 
1 31 205 307 183 96 96 105 14 115 334 236 139 120 62 4 126 356 295 163 59 14 3 8 
0 22 236 260 105 361 40 0 0 37 254 199 85 66 334 49 23 176 171 102 68 57 74 353 
0 4 15 27 34 875 69 0 0 0 7 19 30 33 755 180 0 0 2 14 19 27 34 928 
0 1 14 10 7 793 199 0 0 0 5 12 12 6 500 489 0 0 0 10 10 11 6 987 
0 0 0 0 0 512 512 0 0 0 0 0 0 0 240 784 0 0 0 0 0 0 0 1024 
0 0 0 0 0 256 768 0 0 0 0 0 0 0 0 1024 0 0 0 0 0 0 0 1024 
0 0 0 0 0 48 976 0 0 0 0 0 0 0 0 1024 0 0 0 0 0 0 0 1024 
0 0 0 0 0 0 1024 0 0 0 0 0 0 0 0 1024 0 0 0 0 0 0 0 1024 
0 0 0 0 0 0 1024 0 0 0 0 0 0 0 0 1024 0 0 0 0 0 0 0 1024 
0 0 0 0 0 0 1024 0 0 0 0 0 0 0 0 1024 0 0 0 0 0 0 0 1024 
0 0 0 0 0 0 1024 0 0 0 0 0 0 0 0 1024 0 0 0 0 0 0 0 1024 
0 0 0 0 0 0 1024 0 0 0 0 0 0 0 0 1024 0 0 0 0 0 0 0 1024 
0 0 0 0 0 0 1024 0 0 0 0 0 0 0 0 1024 0 0 0 0 0 0 0 1024 
0 0 0 0 0 0 1024 0 0 0 0 0 0 0 0 1024 0 0 0 0 0 0 0 1024 
0 0 0 0 0 0 1000 24 0 0 0 0 0 0 0 1024 0 0 0 0 0 0 0 1024 
0 0 0 0 0 0 800 224 0 0 0 0 0 0 0 1024 0 0 0 0 0 0 0 1024 
0 0 0 0 0 0 472 552 0 0 0 0 0 0 0 1024 0 0 0 0 0 0 0 1024 
0 0 0 0 0 0 320 704 0 0 0 0 0 0 0 1024 0 0 0 0 0 0 0 1024 
0 0 0 0 0 0 0 1024 0 0 0 0 0 0 0 1024 0 0 0 0 0 0 0 1024 
0 0 0 0 0 0 0 1024 0 0 0 0 0 0 0 1024 0 0 0 0 0 0 0 1024 
0 0 0 0 0 0 0 1024 0 0 0 0 0 0 0 1024 0 0 0 0 0 0 0 1024 
0 0 0 0 0 0 0 1024 0 0 0 0 0 0 0 1024 0 0 0 0 0 0 0 1024 
0 0 0 0 0 0 0 1024 0 0 0 0 0 0 0 1024 0 0 0 0 0 0 0 1024 
0 0 0 0 0 0 0 1024 0 0 0 0 0 0 0 1024 0 0 0 0 0 0 0 1024 
0 0 0 0 0 0 0 1024 0 0 0 0 0 0 0 1024 0 0 0 0 0 0 0 1024 
0 0 0 0 0 0 0 1024 0 0 0 0 0 0 0 1024 0 0 0 0 0 0 0 1024 
0 0 0 0 0 0 0 1024 0 0 0 0 0 0 0 1024 0 0 0 0 0 0 0 1024 
0 0 0 0 0 0 0 1024 0 0 0 0 0 0 0 1024 0 0 0 0 0 0 0 1024 
0 0 0 0 0 0 0 1024 0 0 0 0 0 0 0 1024 0 0 0 0 0 0 0 1024 
0 0 0 0 0 0 0 992 0 0 0 0 0 0 0 992 0 0 0 0 0 0 0 992 
493 298 119 74 38 2 0 0 579 261 118 59 7 0 0 0 706 230 80 8 0 0 0 0 
28 265 352 235 105 34 5 0 68 423 337 163 31 2 0 0 322 502 178 22 0 0 0 0 
11 140 348 313 157 53 2 0 41 201 395 255 123 9 0 0 277 449 217 78 3 0 0 0 
0 35 255 355 295 73 11 0 3 97 366 399 130 27 2 0 151 407 342 104 18 2 0 0 
10 67 200 327 265 111 40 4 43 160 310 305 166 38 2 0 163 336 344 154 26 1 0 0 
22 82 191 239 198 164 86 42 65 203 252 224 167 93 19 1 256 287 249 176 51 5 0 0 
0 23 443 455 97 6 0 0 1 129 631 235 25 3 0 0 75 695 215 31 5 3 0 0 
0 11 208 357 186 183 79 0 0 21 294 301 101 80 147 80 34 289 213 85 74 55 91 183 
0 7 21 70 60 147 718 1 0 0 27 60 35 45 136 721 2 21 29 31 28 26 51 836 
0 0 0 0 0 0 1024 0 0 0 0 0 0 0 0 1024 0 0 0 0 0 0 0 1024 
0 0 0 0 0 0 1024 0 0 0 0 0 0 0 0 1024 0 0 0 0 0 0 0 1024 
0 0 0 0 0 0 1024 0 0 0 0 0 0 0 0 1024 0 0 0 0 0 0 0 1024 
0 0 0 0 0 0 1024 0 0 0 0 0 0 0 0 1024 0 0 0 0 0 0 0 1024 
0 0 0 0 0 0 1024 0 0 0 0 0 0 0 0 1024 0 0 0 0 0 0 0 1024 
0 0 0 0 0 0 1024 0 0 0 0 0 0 0 0 1024 0 0 0 0 0 0 0 1024 
0 0 0 0 0 0 1024 0 0 0 0 0 0 0 0 1024 0 0 0 0 0 0 0 1024 
0 0 0 0 0 0 1024 0 0 0 0 0 0 0 0 1024 0 0 0 0 0 0 0 1024 
0 0 0 0 0 0 832 192 0 0 0 0 0 0 0 1024 0 0 0 0 0 0 0 1024 
0 0 0 0 0 0 344 680 0 0 0 0 0 0 0 1024 0 0 0 0 0 0 0 1024 
0 0 0 0 0 0 24 1000 0 0 0 0 0 0 0 1024 0 0 0 0 0 0 0 1024 
0 0 0 0 0 0 0 1024 0 0 0 0 0 0 0 1024 0 0 0 0 0 0 0 1024 
0 0 0 0 0 0 0 1024 0 0 0 0 0 0 0 1024 0 0 0 0 0 0 0 1024 
0 0 0 0 0 0 0 1024 0 0 0 0 0 0 0 1024 0 0 0 0 0 0 0 1024 
0 0 0 0 0 0 0 1024 0 0 0 0 0 0 0 1024 0 0 0 0 0 0 0 1024 
0 0 0 0 0 0 0 1024 0 0 0 0 0 0 0 1024 0 0 0 0 0 0 0 1024 
0 0 0 0 0 0 0 1024 0 0 0 0 0 0 0 1024 0 0 0 0 0 0 0 1024 
0 0 0 0 0 0 0 1024 0 0 0 0 0 0 0 1024 0 0 0 0 0 0 0 1024 
0 0 0 0 0 0 0 1024 0 0 0 0 0 0 0 1024 0 0 0 0 0 0 0 1024 
0 0 0 0 0 0 0 1024 0 0 0 0 0 0 0 1024 0 0 0 0 0 0 0 1024 
0 0 0 0 0 0 0 1024 0 0 0 0 0 0 0 1024 0 0 0 0 0 0 0 1024 
0 0 0 0 0 0 0 1024 0 0 0 0 0 0 0 1024 0 0 0 0 0 0 0 1024 
0 0 0 0 0 0 0 1024 0 0 0 0 0 0 0 1024 0 0 0 0 0 0 0 1024 
0 0 0 0 0 0 0 1024 0 0 0 0 0 0 0 1024 0 0 0 0 0 0 0 1024 
0 0 0 0 0 0 0 1024 0 0 0 0 0 0 0 1024 0 0 0 0 0 0 0 1024 
0 0 0 0 0 0 0 992 0 0 0 0 0 0 0 992 0 0 0 0 0 0 0 992 
271 243 260 162 66 21 1 0 362 304 232 98 26 2 0 0 517 329 147 30 1 0 0 0 
33 175 308 297 171 39 1 0 84 291 363 218 67 1 0 0 341 448 191 42 2 0 0 0 
46 264 426 205 60 20 3 0 81 365 397 147 30 4 0 0 467 391 141 21 4 0 0 0 
0 41 319 446 172 31 11 4 0 98 491 343 77 12 3 0 165 540 259 51 8 1 0 0 
0 29 124 249 223 223 141 35 16 112 294 279 240 82 1 0 128 382 348 152 14 0 0 0 
5 93 397 361 129 37 2 0 40 244 443 241 53 3 0 0 216 515 239 48 6 0 0 0 
0 39 298 405 240 42 0 0 1 119 480 359 65 0 0 0 93 509 362 60 0 0 0 0 
0 69 321 528 105 1 0 0 26 184 511 289 14 0 0 0 129 611 262 22 0 0 0 0 
0 12 152 507 266 33 53 1 0 47 351 485 48 14 25 54 78 557 271 20 7 13 9 69 
0 2 96 268 89 19 541 9 0 16 181 208 48 15 25 531 24 247 142 31 10 14 15 541 
0 0 0 3 4 4 1010 3 0 0 0 2 1 5 6 1010 0 0 0 3 1 2 5 1013 
0 0 0 0 0 0 1024 0 0 0 0 0 0 0 0 1024 0 0 0 0 0 0 0 1024 
0 0 0 0 0 0 1024 0 0 0 0 0 0 0 0 1024 0 0 0 0 0 0 0 1024 
0 0 0 0 0 0 1024 0 0 0 0 0 0 0 0 1024 0 0 0 0 0 0 0 1024 
0 0 0 0 0 0 837 187 0 0 0 0 0 0 0 1024 0 0 0 0 0 0 0 1024 
0 0 0 0 0 0 680 344 0 0 0 0 0 0 0 1024 0 0 0 0 0 0 0 1024 
0 0 0 0 0 0 512 512 0 0 0 0 0 0 0 1024 0 0 0 0 0 0 0 1024 
0 0 0 0 0 0 80 944 0 0 0 0 0 0 0 1024 0 0 0 0 0 0 0 1024 
0 0 0 0 0 0 0 1024 0 0 0 0 0 0 0 1024 0 0 0 0 0 0 0 1024 
0 0 0 0 0 0 0 1024 0 0 0 0 0 0 0 1024 0 0 0 0 0 0 0 1024 
0 0 0 0 0 0 0 1024 0 0 0 0 0 0 0 1024 0 0 0 0 0 0 0 1024 
0 0 0 0 0 0 0 1024 0 0 0 0 0 0 0 1024 0 0 0 0 0 0 0 1024 
0 0 0 0 0 0 0 1024 0 0 0 0 0 0 0 1024 0 0 0 0 0 0 0 1024 
0 0 0 0 0 0 0 1024 0 0 0 0 0 0 0 1024 0 0 0 0 0 0 0 1024 
0 0 0 0 0 0 0 1024 0 0 0 0 0 0 0 1024 0 0 0 0 0 0 0 1024 
0 0 0 0 0 0 0 1024 0 0 0 0 0 0 0 1024 0 0 0 0 0 0 0 1024 
0 0 0 0 0 0 0 1024 0 0 0 0 0 0 0 1024 0 0 0 0 0 0 0 1024 
0 0 0 0 0 0 0 1024 0 0 0 0 0 0 0 1024 0 0 0 0 0 0 0 1024 
0 0 0 0 0 0 0 1024 0 0 0 0 0 0 0 1024 0 0 0 0 0 0 0 1024 
0 0 0 0 0 0 0 1024 0 0 0 0 0 0 0 1024 0 0 0 0 0 0 0 1024 
0 0 0 0 0 0 0 1024 0 0 0 0 0 0 0 1024 0 0 0 0 0 0 0 1024 
0 0 0 0 0 0 0 1024 0 0 0 0 0 0 0 1024 0 0 0 0 0 0 0 1024 
0 0 0 0 0 0 0 1024 0 0 0 0 0 0 0 1024 0 0 0 0 0 0 0 1024 
0 0 0 0 0 0 0 1024 0 0 0 0 0 0 0 1024 0 0 0 0 0 0 0 1024 
0 0 0 0 0 0 0 992 0 0 0 0 0 0 0 992 0 0 0 0 0 0 0 992 
61 280 337 255 89 2 0 0 207 387 345 83 2 0 0 0 382 519 118 5 0 0 0 0 
56 246 296 238 143 39 6 0 88 293 359 204 64 15 1 0 394 395 184 39 12 0 0 0 
94 336 377 167 41 9 0 0 143 393 350 111 24 3 0 0 385 462 152 24 1 0 0 0 
48 205 390 293 85 3 0 0 62 240 446 245 29 2 0 0 343 486 179 16 0 0 0 0 
4 55 227 315 278 130 14 1 30 166 334 326 139 28 1 0 220 378 308 104 13 1 0 0 
1 81 373 327 155 62 23 2 18 270 433 219 68 16 0 0 256 482 224 53 9 0 0 0 
0 22 281 498 210 12 1 0 1 145 490 346 41 1 0 0 164 569 266 24 1 0 0 0 
3 31 157 464 305 45 18 1 18 120 436 365 73 11 1 0 173 548 224 69 10 0 0 0 
0 38 233 431 258 57 7 0 4 121 450 372 66 11 0 0 105 533 312 65 9 0 0 0 
0 41 321 550 112 0 0 0 1 126 485 399 13 0 0 0 63 651 304 6 0 0 0 0 
0 3 112 139 89 55 506 120 0 28 135 129 50 22 54 606 6 122 116 69 29 16 35 631 
0 0 0 0 0 0 478 546 0 0 0 0 0 0 0 1024 0 0 0 0 0 0 0 1024 
0 0 0 0 0 0 280 744 0 0 0 0 0 0 0 1024 0 0 0 0 0 0 0 1024 
0 0 0 0 0 0 56 968 0 0 0 0 0 0 0 1024 0 0 0 0 0 0 0 1024 
0 0 0 0 0 0 0 1024 0 0 0 0 0 0 0 1024 0 0 0 0 0 0 0 1024 
0 0 0 0 0 0 0 1024 0 0 0 0 0 0 0 1024 0 0 0 0 0 0 0 1024 
0 0 0 0 0 0 0 1024 0 0 0 0 0 0 0 1024 0 0 0 0 0 0 0 1024 
0 0 0 0 0 0 0 1024 0 0 0 0 0 0 0 1024 0 0 0 0 0 0 0 1024 
0 0 0 0 0 0 0 1024 0 0 0 0 0 0 0 1024 0 0 0 0 0 0 0 1024 
0 0 0 0 0 0 0 1024 0 0 0 0 0 0 0 1024 0 0 0 0 0 0 0 1024 
0 0 0 0 0 0 0 1024 0 0 0 0 0 0 0 1024 0 0 0 0 0 0 0 1024 
0 0 0 0 0 0 0 1024 0 0 0 0 0 0 0 1024 0 0 0 0 0 0 0 1024 
0 0 0 0 0 0 0 1024 0 0 0 0 0 0 0 1024 0 0 0 0 0 0 0 1024 
0 0 0 0 0 0 0 1024 0 0 0 0 0 0 0 1024 0 0 0 0 0 0 0 1024 
0 0 0 0 0 0 0 1024 0 0 0 0 0 0 0 1024 0 0 0 0 0 0 0 1024 
0 0 0 0 0 0 0 1024 0 0 0 0 0 0 0 1024 0 0 0 0 0 0 0 1024 
0 0 0 0 0 0 0 1024 0 0 0 0 0 0 0 1024 0 0 0 0 0 0 0 1024 
0 0 0 0 0 0 0 1024 0 0 0 0 0 0 0 1024 0 0 0 0 0 0 0 1024 
0 0 0 0 0 0 0 1024 0 0 0 0 0 0 0 1024 0 0 0 0 0 0 0 1024 
0 0 0 0 0 0 0 1024 0 0 0 0 0 0 0 1024 0 0 0 0 0 0 0 1024 
0 0 0 0 0 0 0 1024 0 0 0 0 0 0 0 1024 0 0 0 0 0 0 0 1024 
0 0 0 0 0 0 0 1024 0 0 0 0 0 0 0 1024 0 0 0 0 0 0 0 1024 
0 0 0 0 0 0 0 1024 0 0 0 0 0 0 0 1024 0 0 0 0 0 0 0 1024 
0 0 0 0 0 0 0 1024 0 0 0 0 0 0 0 1024 0 0 0 0 0 0 0 1024 
0 0 0 0 0 0 0 992 0 0 0 0 0 0 0 992 0 0 0 0 0 0 0 992 
377 344 143 124 32 4 0 0 528 306 149 37 4 0 0 0 701 275 42 5 1 0 0 0 
214 512 224 54 19 1 0 0 333 508 142 35 6 0 0 0 685 278 55 5 1 0 0 0 
234 262 169 198 81 46 27 7 322 258 201 153 62 24 4 0 552 278 136 49 6 3 0 0 
77 272 295 275 85 14 5 1 154 286 324 217 34 8 1 0 464 410 118 23 6 3 0 0 
70 250 293 267 110 26 8 0 139 253 302 251 59 18 2 0 408 399 159 42 15 1 0 0 
11 156 478 300 71 6 2 0 29 340 503 137 13 2 0 0 245 628 133 16 2 0 0 0 
12 191 466 277 67 10 1 0 33 338 469 163 20 1 0 0 236 593 180 13 2 0 0 0 
0 29 265 514 207 5 4 0 0 121 389 467 45 2 0 0 209 733 80 2 0 0 0 0 
0 103 404 363 150 4 0 0 0 301 467 247 9 0 0 0 434 563 25 2 0 0 0 0 
0 8 332 474 198 12 0 0 0 120 559 320 25 0 0 0 279 623 122 0 0 0 0 0 
0 13 229 408 250 43 37 44 0 61 359 416 97 8 8 75 66 483 348 32 11 8 4 72 
0 1 53 177 38 20 27 708 0 4 113 126 24 14 15 728 5 123 111 24 10 15 12 724 
0 0 0 0 0 0 0 1024 0 0 0 0 0 0 0 1024 0 0 0 0 0 0 0 1024 
0 0 0 0 0 0 0 1024 0 0 0 0 0 0 0 1024 0 0 0 0 0 0 0 1024 
0 0 0 0 0 0 0 1024 0 0 0 0 0 0 0 1024 0 0 0 0 0 0 0 1024 
0 0 0 0 0 0 0 1024 0 0 0 0 0 0 0 1024 0 0 0 0 0 0 0 1024 
0 0 0 0 0 0 0 1024 0 0 0 0 0 0 0 1024 0 0 0 0 0 0 0 1024 
0 0 0 0 0 0 0 1024 0 0 0 0 0 0 0 1024 0 0 0 0 0 0 0 1024 
0 0 0 0 0 0 0 1024 0 0 0 0 0 0 0 1024 0 0 0 0 0 0 0 1024 
0 0 0 0 0 0 0 1024 0 0 0 0 0 0 0 1024 0 0 0 0 0 0 0 1024 
0 0 0 0 0 0 0 1024 0 0 0 0 0 0 0 1024 0 0 0 0 0 0 0 1024 
0 0 0 0 0 0 0 1024 0 0 0 0 0 0 0 1024 0 0 0 0 0 0 0 1024 
0 0 0 0 0 0 0 1024 0 0 0 0 0 0 0 1024 0 0 0 0 0 0 0 1024 
0 0 0 0 0 0 0 1024 0 0 0 0 0 0 0 1024 0 0 0 0 0 0 0 1024 
0 0 0 0 0 0 0 1024 0 0 0 0 0 0 0 1024 0 0 0 0 0 0 0 1024 
0 0 0 0 0 0 0 1024 0 0 0 0 0 0 0 1024 0 0 0 0 0 0 0 1024 
0 0 0 0 0 0 0 1024 0 0 0 0 0 0 0 1024 0 0 0 0 0 0 0 1024 
0 0 0 0 0 0 0 1024 0 0 0 0 0 0 0 1024 0 0 0 0 0 0 0 1024 
0 0 0 0 0 0 0 1024 0 0 0 0 0 0 0 1024 0 0 0 0 0 0 0 1024 
0 0 0 0 0 0 0 1024 0 0 0 0 0 0 0 1024 0 0 0 0 0 0 0 1024 
0 0 0 0 0 0 0 1024 0 0 0 0 0 0 0 1024 0 0 0 0 0 0 0 1024 
0 0 0 0 0 0 0 1024 0 0 0 0 0 0 0 1024 0 0 0 0 0 0 0 1024 
0 0 0 0 0 0 0 1024 0 0 0 0 0 0 0 1024 0 0 0 0 0 0 0 1024 
0 0 0 0 0 0 0 1024 0 0 0 0 0 0 0 1024 0 0 0 0 0 0 0 1024 
0 0 0 0 0 0 0 992 0 0 0 0 0 0 0 992 0 0 0 0 0 0 0 992 
233 383 234 138 33 2 1 0 337 413 204 58 11 1 0 0 613 329 75 6 1 0 0 0 
61 497 311 108 39 7 1 0 167 555 225 62 14 1 0 0 581 358 71 12 2 0 0 0 
25 424 455 114 6 0 0 0 37 509 395 79 4 0 0 0 542 411 66 5 0 0 0 0 
0 189 407 386 42 0 0 0 2 245 454 297 26 0 0 0 467 497 59 1 0 0 0 0 
3 131 472 339 69 10 0 0 7 184 482 293 51 7 0 0 425 514 73 12 0 0 0 0 
100 505 276 104 30 7 2 0 224 538 185 60 12 5 0 0 483 409 105 19 8 0 0 0 
159 639 198 28 0 0 0 0 326 583 107 8 0 0 0 0 617 378 28 1 0 0 0 0 
23 241 355 346 59 0 0 0 59 334 358 259 14 0 0 0 336 622 64 2 0 0 0 0 
0 18 310 536 158 2 0 0 0 89 419 469 47 0 0 0 231 699 94 0 0 0 0 0 
0 23 403 500 60 37 1 0 0 148 689 132 46 9 0 0 365 570 77 12 0 0 0 0 
0 48 240 525 205 6 0 0 0 113 453 413 45 0 0 0 90 713 218 3 0 0 0 0 
0 6 162 511 117 21 20 187 0 26 367 367 45 13 18 188 11 352 365 65 15 11 16 189 
0 0 0 0 0 0 0 1024 0 0 0 0 0 0 0 1024 0 0 0 0 0 0 0 1024 
0 0 0 0 0 0 0 1024 0 0 0 0 0 0 0 1024 0 0 0 0 0 0 0 1024 
0 0 0 0 0 0 0 1024 0 0 0 0 0 0 0 1024 0 0 0 0 0 0 0 1024 
0 0 0 0 0 0 0 1024 0 0 0 0 0 0 0 1024 0 0 0 0 0 0 0 1024 
0 0 0 0 0 0 0 1024 0 0 0 0 0 0 0 1024 0 0 0 0 0 0 0 1024 
0 0 0 0 0 0 0 1024 0 0 0 0 0 0 0 1024 0 0 0 0 0 0 0 1024 
0 0 0 0 0 0 0 1024 0 0 0 0 0 0 0 1024 0 0 0 0 0 0 0 1024 
0 0 0 0 0 0 0 1024 0 0 0 0 0 0 0 1024 0 0 0 0 0 0 0 1024 
0 0 0 0 0 0 0 1024 0 0 0 0 0 0 0 1024 0 0 0 0 0 0 0 1024 
0 0 0 0 0 0 0 1024 0 0 0 0 0 0 0 1024 0 0 0 0 0 0 0 1024 
0 0 0 0 0 0 0 1024 0 0 0 0 0 0 0 1024 0 0 0 0 0 0 0 1024 
0 0 0 0 0 0 0 1024 0 0 0 0 0 0 0 1024 0 0 0 0 0 0 0 1024 
0 0 0 0 0 0 0 1024 0 0 0 0 0 0 0 1024 0 0 0 0 0 0 0 1024 
0 0 0 0 0 0 0 1024 0 0 0 0 0 0 0 1024 0 0 0 0 0 0 0 1024 
0 0 0 0 0 0 0 1024 0 0 0 0 0 0 0 1024 0 0 0 0 0 0 0 1024 
0 0 0 0 0 0 0 1024 0 0 0 0 0 0 0 1024 0 0 0 0 0 0 0 1024 
0 0 0 0 0 0 0 1024 0 0 0 0 0 0 0 1024 0 0 0 0 0 0 0 1024 
0 0 0 0 0 0 0 1024 0 0 0 0 0 0 0 1024 0 0 0 0 0 0 0 1024 
0 0 0 0 0 0 0 1024 0 0 0 0 0 0 0 1024 0 0 0 0 0 0 0 1024 
0 0 0 0 0 0 0 1024 0 0 0 0 0 0 0 1024 0 0 0 0 0 0 0 1024 
0 0 0 0 0 0 0 1024 0 0 0 0 0 0 0 1024 0 0 0 0 0 0 0 1024 
0 0 0 0 0 0 0 1024 0 0 0 0 0 0 0 1024 0 0 0 0 0 0 0 1024 
0 0 0 0 0 0 0 992 0 0 0 0 0 0 0 992 0 0 0 0 0 0 0 992 
540 377 73 26 6 2 0 0 619 342 52 10 1 0 0 0 859 145 16 4 0 0 0 0 
583 314 108 12 5 2 0 0 650 311 56 5 2 0 0 0 858 156 10 0 0 0 0 0 
562 419 40 3 0 0 0 0 612 377 32 3 0 0 0 0 908 109 7 0 0 0 0 0 
95 791 128 10 0 0 0 0 205 720 92 7 0 0 0 0 753 257 13 1 0 0 0 0 
8 454 389 143 26 2 2 0 43 521 312 124 20 2 2 0 545 432 43 3 1 0 0 0 
423 358 142 79 20 2 0 0 502 321 109 67 24 1 0 0 728 252 40 4 0 0 0 0 
319 638 65 2 0 0 0 0 444 551 27 2 0 0 0 0 794 227 3 0 0 0 0 0 
20 466 407 128 3 0 0 0 73 528 354 68 1 0 0 0 489 509 26 0 0 0 0 0 
0 194 621 194 15 0 0 0 3 443 477 100 1 0 0 0 228 732 64 0 0 0 0 0 
0 43 215 528 237 1 0 0 0 124 355 489 56 0 0 0 66 691 260 7 0 0 0 0 
0 35 381 502 105 1 0 0 0 117 555 332 20 0 0 0 64 682 268 10 0 0 0 0 
0 5 239 543 114 11 15 97 0 43 415 409 33 10 13 101 39 607 229 20 12 9 13 95 
0 0 7 123 54 17 10 813 0 0 33 121 31 16 11 812 1 67 93 22 9 13 12 807 
0 0 0 0 0 0 0 1024 0 0 0 0 0 0 0 1024 0 0 0 0 0 0 0 1024 
0 0 0 0 0 0 0 1024 0 0 0 0 0 0 0 1024 0 0 0 0 0 0 0 1024 
0 0 0 0 0 0 0 1024 0 0 0 0 0 0 0 1024 0 0 0 0 0 0 0 1024 
0 0 0 0 0 0 0 1024 0 0 0 0 0 0 0 1024 0 0 0 0 0 0 0 1024 
0 0 0 0 0 0 0 1024 0 0 0 0 0 0 0 1024 0 0 0 0 0 0 0 1024 
0 0 0 0 0 0 0 1024 0 0 0 0 0 0 0 1024 0 0 0 0 0 0 0 1024 
0 0 0 0 0 0 0 1024 0 0 0 0 0 0 0 1024 0 0 0 0 0 0 0 1024 
0 0 0 0 0 0 0 1024 0 0 0 0 0 0 0 1024 0 0 0 0 0 0 0 1024 
0 0 0 0 0 0 0 1024 0 0 0 0 0 0 0 1024 0 0 0 0 0 0 0 1024 
0 0 0 0 0 0 0 1024 0 0 0 0 0 0 0 1024 0 0 0 0 0 0 0 1024 
0 0 0 0 0 0 0 1024 0 0 0 0 0 0 0 1024 0 0 0 0 0 0 0 1024 
0 0 0 0 0 0 0 1024 0 0 0 0 0 0 0 1024 0 0 0 0 0 0 0 1024 
0 0 0 0 0 0 0 1024 0 0 0 0 0 0 0 1024 0 0 0 0 0 0 0 1024 
0 0 0 0 0 0 0 1024 0 0 0 0 0 0 0 1024 0 0 0 0 0 0 0 1024 
0 0 0 0 0 0 0 1024 0 0 0 0 0 0 0 1024 0 0 0 0 0 0 0 1024 
0 0 0 0 0 0 0 1024 0 0 0 0 0 0 0 1024 0 0 0 0 0 0 0 1024 
0 0 0 0 0 0 0 1024 0 0 0 0 0 0 0 1024 0 0 0 0 0 0 0 1024 
0 0 0 0 0 0 0 1024 0 0 0 0 0 0 0 1024 0 0 0 0 0 0 0 1024 
0 0 0 0 0 0 0 1024 0 0 0 0 0 0 0 1024 0 0 0 0 0 0 0 1024 
0 0 0 0 0 0 0 1024 0 0 0 0 0 0 0 1024 0 0 0 0 0 0 0 1024 
0 0 0 0 0 0 0 1024 0 0 0 0 0 0 0 1024 0 0 0 0 0 0 0 1024 
0 0 0 0 0 0 0 992 0 0 0 0 0 0 0 992 0 0 0 0 0 0 0 992 
479 338 110 46 29 15 7 0 536 327 85 37 26 10 3 0 815 138 30 23 14 4 0 0 
503 457 62 2 0 0 0 0 548 417 57 2 0 0 0 0 837 178 9 0 0 0 0 0 
387 566 59 12 0 0 0 0 477 491 50 6 0 0 0 0 813 188 23 0 0 0 0 0 
87 619 286 32 0 0 0 0 136 692 178 18 0 0 0 0 644 363 17 0 0 0 0 0 
26 309 476 176 34 3 0 0 54 417 405 130 16 2 0 0 473 472 73 6 0 0 0 0 
419 362 203 37 3 0 0 0 432 368 198 23 3 0 0 0 690 316 14 3 1 0 0 0 
86 747 189 2 0 0 0 0 155 759 110 0 0 0 0 0 539 474 11 0 0 0 0 0 
3 831 187 3 0 0 0 0 57 878 88 1 0 0 0 0 444 570 10 0 0 0 0 0 
1 446 479 98 0 0 0 0 17 662 294 51 0 0 0 0 258 716 50 0 0 0 0 0 
8 367 369 241 39 0 0 0 34 489 313 182 6 0 0 0 264 621 137 2 0 0 0 0 
0 39 269 520 182 14 0 0 0 113 451 415 45 0 0 0 51 719 238 16 0 0 0 0 
0 5 199 473 289 45 11 2 0 42 433 460 77 12 0 0 40 481 421 73 9 0 0 0 
0 47 363 370 103 21 14 106 0 105 465 264 60 11 15 104 22 481 240 104 52 10 15 100 
0 0 25 201 130 18 12 638 0 0 0 113 236 25 6 644 0 0 0 0 282 88 9 645 
0 0 0 117 142 38 14 713 0 0 0 29 223 43 13 716 0 0 0 0 174 116 16 718 
0 0 0 152 180 52 19 621 0 0 0 10 322 64 8 620 0 0 0 1 217 170 16 620 
0 0 1 146 122 10 11 734 0 0 0 22 238 18 9 737 0 0 0 0 138 138 11 737 
0 0 1 143 74 11 12 783 0 0 0 14 191 22 8 789 0 0 0 0 100 120 12 792 
0 0 3 422 41 12 14 532 0 0 0 28 436 11 14 535 0 0 0 0 195 278 14 537 
0 0 0 524 36 14 4 446 0 0 0 1 553 16 8 446 0 0 0 0 93 475 7 449 
0 0 0 542 23 21 9 429 0 0 0 2 560 17 15 430 0 0 0 0 49 526 19 430 
0 0 0 313 79 10 13 609 0 0 0 1 331 68 8 616 0 0 0 0 33 365 6 620 
0 0 0 181 235 5 20 583 0 0 0 0 193 223 18 590 0 0 0 0 3 292 133 596 
0 0 0 64 349 19 10 582 0 0 0 0 60 359 19 586 0 0 0 0 0 222 214 588 
0 0 0 148 394 23 11 448 0 0 0 0 136 421 15 452 0 0 0 0 0 272 298 454 
0 0 0 421 193 18 13 379 0 0 0 0 390 233 22 379 0 0 0 0 0 501 143 380 
0 0 0 467 195 28 7 327 0 0 0 0 455 222 19 328 0 0 0 0 0 613 81 330 
0 0 0 219 437 88 13 267 0 0 0 0 251 483 20 270 0 0 0 0 0 504 247 273 
0 0 0 225 527 37 10 225 0 0 0 0 311 469 18 226 0 0 0 0 0 554 240 230 
0 0 0 331 447 33 12 201 0 0 0 0 400 404 16 204 0 0 0 0 0 639 178 207 
0 0 0 291 512 61 0 160 0 0 0 0 407 441 16 160 0 0 0 0 0 616 248 160 
0 0 0 294 515 39 27 149 0 0 0 0 424 423 22 155 0 0 0 0 0 648 210 166 
0 0 0 273 577 39 9 126 0 0 0 0 390 498 7 129 0 0 0 0 0 588 304 132 
0 0 0 99 792 56 2 75 0 0 0 0 338 603 8 75 0 0 0 0 0 618 330 76 
0 0 0 90 778 54 2 68 0 0 0 0 341 578 5 68 0 0 0 0 0 601 322 69 
88 589 283 47 11 6 0 0 137 621 218 36 9 3 0 0 608 350 54 9 3 0 0 0 
383 398 125 113 5 0 0 0 417 394 153 59 1 0 0 0 731 263 29 1 0 0 0 0 
430 425 136 32 1 0 0 0 512 381 122 8 1 0 0 0 819 203 2 0 0 0 0 0 
91 699 201 33 0 0 0 0 162 682 161 19 0 0 0 0 694 321 9 0 0 0 0 0 
10 301 580 130 3 0 0 0 18 394 530 80 2 0 0 0 483 518 22 1 0 0 0 0 
3 262 580 160 17 2 0 0 26 409 490 88 9 2 0 0 378 557 79 9 1 0 0 0 
5 359 521 133 6 0 0 0 14 562 404 44 0 0 0 0 320 651 53 0 0 0 0 0 
2 561 426 35 0 0 0 0 28 728 262 6 0 0 0 0 378 624 21 1 0 0 0 0 
0 327 605 87 5 0 0 0 8 523 459 34 0 0 0 0 250 724 50 0 0 0 0 0 
4 144 519 335 21 1 0 0 23 240 577 177 6 1 0 0 190 725 105 3 1 0 0 0 
0 1 100 645 190 64 20 4 0 8 471 470 61 14 0 0 43 723 224 31 3 0 0 0 
0 0 2 79 200 250 245 248 0 10 90 255 303 220 132 14 31 113 328 315 184 53 0 0 
0 2 160 358 192 126 113 73 4 71 123 486 193 104 43 0 74 135 197 189 409 20 0 0 
0 0 30 816 143 33 2 0 0 0 0 535 459 28 2 0 0 0 0 1 930 91 2 0 
0 0 0 694 246 77 7 0 0 0 0 150 797 72 5 0 0 0 0 0 842 170 12 0 
0 0 0 809 149 47 17 2 0 0 0 245 716 61 2 0 0 0 0 1 851 169 3 0 
0 0 1 990 32 1 0 0 0 0 0 154 864 6 0 0 0 0 0 0 916 106 2 0 
0 0 8 989 27 0 0 0 0 0 0 194 827 3 0 0 0 0 0 0 837 187 0 0 
0 0 3 981 39 1 0 0 0 0 0 147 872 5 0 0 0 0 0 0 820 203 1 0 
0 0 9 1015 0 0 0 0 0 0 0 230 794 0 0 0 0 0 0 0 770 254 0 0 
0 0 1 1023 0 0 0 0 0 0 0 250 774 0 0 0 0 0 0 0 783 241 0 0 
0 0 0 1024 0 0 0 0 0 0 0 74 950 0 0 0 0 0 0 0 530 494 0 0 
0 0 0 1024 0 0 0 0 0 0 0 3 1021 0 0 0 0 0 0 0 314 710 0 0 
0 0 0 1009 15 0 0 0 0 0 0 3 1004 17 0 0 0 0 0 0 222 796 6 0 
0 0 0 1024 0 0 0 0 0 0 0 9 1015 0 0 0 0 0 0 0 271 753 0 0 
0 0 0 1024 0 0 0 0 0 0 0 4 1020 0 0 0 0 0 0 0 289 735 0 0 
0 0 0 1019 5 0 0 0 0 0 0 2 1022 0 0 0 0 0 0 0 234 790 0 0 
0 0 0 635 389 0 0 0 0 0 0 0 838 186 0 0 0 0 0 0 56 968 0 0 
0 0 0 936 88 0 0 0 0 0 0 0 984 40 0 0 0 0 0 0 63 960 1 0 
0 0 0 1024 0 0 0 0 0 0 0 0 1024 0 0 0 0 0 0 0 56 968 0 0 
0 0 0 1021 3 0 0 0 0 0 0 3 1021 0 0 0 0 0 0 0 126 898 0 0 
0 0 0 948 76 0 0 0 0 0 0 0 1024 0 0 0 0 0 0 0 127 897 0 0 
0 0 0 999 25 0 0 0 0 0 0 0 1024 0 0 0 0 0 0 0 93 931 0 0 
0 0 32 897 95 0 0 0 0 0 17 24 983 0 0 0 0 0 0 26 37 961 0 0 
0 5 52 861 74 0 0 0 0 0 38 32 922 0 0 0 0 0 0 48 45 899 0 0 
329 448 204 39 4 0 0 0 385 500 126 13 0 0 0 0 680 324 20 0 0 0 0 0 
567 296 111 49 1 0 0 0 650 264 92 18 0 0 0 0 843 169 12 0 0 0 0 0 
133 397 284 188 21 1 0 0 216 451 266 90 0 1 0 0 582 395 43 3 1 0 0 0 
308 408 199 88 19 2 0 0 419 393 162 46 4 0 0 0 660 307 53 4 0 0 0 0 
109 342 289 200 78 6 0 0 188 378 283 155 20 0 0 0 444 384 176 19 1 0 0 0 
0 103 373 386 150 12 0 0 7 203 473 302 39 0 0 0 121 574 293 35 1 0 0 0 
6 285 314 322 95 2 0 0 48 372 341 239 23 1 0 0 308 471 212 31 2 0 0 0 
0 104 418 318 135 48 1 0 15 252 458 220 77 2 0 0 203 534 220 67 0 0 0 0 
0 60 523 295 100 33 12 1 3 279 508 161 53 14 6 0 132 588 224 56 19 5 0 0 
0 15 319 515 156 19 0 0 0 79 544 362 39 0 0 0 64 761 174 25 0 0 0 0 
0 22 136 313 281 101 81 90 9 92 248 370 150 112 39 4 78 321 342 208 65 9 1 0 
0 2 11 58 102 193 230 428 5 40 80 143 216 288 234 18 78 108 211 281 300 46 0 0 
0 1 63 330 99 150 200 181 3 27 56 398 236 195 100 9 36 70 162 307 417 31 1 0 
0 0 77 946 1 0 0 0 0 0 0 680 344 0 0 0 0 0 0 7 1017 0 0 0 
0 0 10 1014 0 0 0 0 0 0 0 662 362 0 0 0 0 0 0 8 1016 0 0 0 
0 0 1 1023 0 0 0 0 0 0 0 365 659 0 0 0 0 0 0 2 1022 0 0 0 
0 0 19 988 17 0 0 0 0 0 0 302 722 0 0 0 0 0 0 1 1023 0 0 0 
0 0 5 1016 3 0 0 0 0 0 0 150 874 0 0 0 0 0 0 2 1022 0 0 0 
0 0 0 1024 0 0 0 0 0 0 0 212 812 0 0 0 0 0 0 0 1019 5 0 0 
0 0 24 1000 0 0 0 0 0 0 0 292 732 0 0 0 0 0 0 0 1017 7 0 0 
0 0 63 961 0 0 0 0 0 0 0 350 674 0 0 0 0 0 0 0 1008 16 0 0 
0 0 2 1021 1 0 0 0 0 0 0 271 753 0 0 0 0 0 0 0 988 36 0 0 
0 0 1 1022 1 0 0 0 0 0 0 176 848 0 0 0 0 0 0 0 993 31 0 0 
0 0 0 1018 6 0 0 0 0 0 0 55 969 0 0 0 0 0 0 0 969 55 0 0 
0 0 16 1003 5 0 0 0 0 0 0 300 724 0 0 0 0 0 0 0 953 71 0 0 
0 0 69 955 0 0 0 0 0 0 0 558 466 0 0 0 0 0 0 0 966 58 0 0 
0 0 14 1008 2 0 0 0 0 0 0 141 883 0 0 0 0 0 0 0 943 81 0 0 
0 0 0 1023 1 0 0 0 0 0 0 64 960 0 0 0 0 0 0 0 775 249 0 0 
0 0 25 999 0 0 0 0 0 0 0 198 826 0 0 0 0 0 0 0 794 230 0 0 
0 0 0 1021 3 0 0 0 0 0 0 114 910 0 0 0 0 0 0 0 876 148 0 0 
0 0 0 1024 0 0 0 0 0 0 0 131 893 0 0 0 0 0 0 0 865 159 0 0 
0 7 17 996 4 0 0 0 0 0 15 66 943 0 0 0 0 0 0 22 824 178 0 0 
0 319 123 578 4 0 0 0 0 0 397 77 550 0 0 0 0 0 0 423 391 210 0 0 
0 727 189 107 1 0 0 0 0 0 884 53 87 0 0 0 0 0 1 900 86 37 0 0 
0 758 171 62 1 0 0 0 0 0 904 42 46 0 0 0 0 0 7 910 45 30 0 0 
95 83 155 239 324 105 22 1 121 143 261 327 143 28 1 0 272 347 310 85 10 0 0 0 
222 381 197 80 64 69 11 0 380 351 140 74 69 9 1 0 576 265 125 53 5 0 0 0 
48 220 289 235 175 51 6 0 113 315 305 211 74 6 0 0 344 390 234 51 5 0 0 0 
70 317 291 225 91 25 4 1 222 344 276 140 35 6 1 0 441 366 172 38 6 1 0 0 
38 253 328 276 104 22 3 0 117 350 334 173 45 5 0 0 316 390 246 61 11 0 0 0 
0 48 221 332 317 91 11 4 10 165 305 386 135 19 4 0 115 382 393 115 17 2 0 0 
10 137 234 298 264 64 10 7 51 203 292 339 112 14 9 4 161 348 387 95 16 10 6 1 
0 55 160 245 400 142 22 0 4 133 227 422 212 26 0 0 57 283 448 215 21 0 0 0 
1 42 109 328 322 170 43 9 14 88 279 357 210 61 15 0 84 260 376 229 66 9 0 0 
122 219 174 279 179 31 18 2 222 211 275 238 56 21 1 0 368 364 213 66 12 1 0 0 
0 31 165 254 249 95 82 148 15 92 294 276 142 98 92 15 78 284 329 179 124 30 0 0 
0 0 0 0 3 27 99 895 0 0 0 10 41 201 645 127 0 9 32 163 520 279 21 0 
0 0 113 176 42 63 118 512 0 0 8 331 92 153 354 86 1 15 71 270 477 168 22 0 
0 0 186 838 0 0 0 0 0 0 0 963 61 0 0 0 0 0 0 166 858 0 0 0 
0 0 319 705 0 0 0 0 0 0 0 964 60 0 0 0 0 0 0 199 825 0 0 0 
0 0 69 955 0 0 0 0 0 0 0 898 126 0 0 0 0 0 0 80 944 0 0 0 
0 0 14 1010 0 0 0 0 0 0 0 825 199 0 0 0 0 0 0 41 983 0 0 0 
0 0 155 868 1 0 0 0 0 0 0 851 173 0 0 0 0 0 0 34 990 0 0 0 
0 0 97 923 4 0 0 0 0 0 0 700 324 0 0 0 0 0 0 26 998 0 0 0 
0 0 24 1000 0 0 0 0 0 0 0 596 428 0 0 0 0 0 0 10 1014 0 0 0 
0 0 259 765 0 0 0 0 0 0 0 820 204 0 0 0 0 0 0 3 1021 0 0 0 
0 0 421 603 0 0 0 0 0 0 0 907 117 0 0 0 0 0 0 0 1024 0 0 0 
0 0 336 688 0 0 0 0 0 0 0 825 199 0 0 0 0 0 0 0 1024 0 0 0 
0 0 190 834 0 0 0 0 0 0 0 633 391 0 0 0 0 0 0 0 1024 0 0 0 
0 0 10 1014 0 0 0 0 0 0 0 522 502 0 0 0 0 0 0 4 1020 0 0 0 
0 0 299 725 0 0 0 0 0 0 0 710 314 0 0 0 0 0 0 0 1023 1 0 0 
0 0 214 810 0 0 0 0 0 0 0 682 342 0 0 0 0 0 0 3 1021 0 0 0 
0 0 89 935 0 0 0 0 0 0 0 571 453 0 0 0 0 0 0 9 1015 0 0 0 
0 35 530 459 0 0 0 0 0 0 115 749 160 0 0 0 0 0 0 158 865 1 0 0 
0 122 522 380 0 0 0 0 0 0 410 550 64 0 0 0 0 0 7 517 497 3 0 0 
0 424 250 350 0 0 0 0 0 0 545 273 206 0 0 0 0 0 104 587 330 3 0 0 
0 827 120 77 0 0 0 0 0 0 907 93 24 0 0 0 0 0 428 515 81 0 0 0 
0 1024 0 0 0 0 0 0 0 0 1024 0 0 0 0 0 0 0 650 374 0 0 0 0 
0 1024 0 0 0 0 0 0 0 0 1024 0 0 0 0 0 0 0 416 608 0 0 0 0 
0 992 0 0 0 0 0 0 0 0 992 0 0 0 0 0 0 0 400 592 0 0 0 0 
22 88 102 201 464 140 7 0 86 91 204 491 147 5 0 0 170 287 472 92 3 0 0 0 
254 229 148 115 121 121 31 5 389 213 139 149 113 17 4 0 524 232 184 73 9 2 0 0 
7 80 136 208 234 207 120 32 56 150 231 268 204 92 23 0 223 292 280 179 47 3 0 0 
8 311 246 187 146 93 30 3 141 374 224 181 83 17 4 0 414 350 183 69 8 0 0 0 
208 444 222 87 47 15 1 0 339 436 157 65 25 2 0 0 586 292 101 43 2 0 0 0 
189 256 275 193 81 22 8 0 263 357 251 114 30 9 0 0 451 407 127 30 9 0 0 0 
4 157 382 399 75 4 2 1 26 290 478 212 14 3 1 0 210 591 206 14 2 1 0 0 
0 7 59 372 380 163 41 2 3 22 222 488 229 52 8 0 50 360 383 201 30 0 0 0 
0 8 70 238 432 205 61 10 0 44 207 419 256 80 18 0 51 219 419 251 73 11 0 0 
31 140 160 198 226 164 90 15 90 183 193 236 231 86 5 0 208 236 284 247 48 1 0 0 
0 45 108 113 87 95 177 399 31 122 128 94 129 262 243 15 134 160 128 274 274 54 0 0 
0 0 55 108 95 61 120 585 0 29 123 110 80 138 448 96 52 163 103 129 334 243 0 0 
0 2 352 101 71 50 105 343 0 4 160 379 77 103 274 27 15 78 110 383 326 109 3 0 
0 0 426 598 0 0 0 0 0 0 28 982 14 0 0 0 0 0 0 694 330 0 0 0 
0 0 367 657 0 0 0 0 0 0 18 970 36 0 0 0 0 0 0 558 466 0 0 0 
0 0 259 765 0 0 0 0 0 0 10 987 27 0 0 0 0 0 0 535 489 0 0 0 
0 3 463 558 0 0 0 0 0 0 35 974 15 0 0 0 0 0 0 547 477 0 0 0 
0 0 403 621 0 0 0 0 0 0 117 899 8 0 0 0 0 0 0 579 445 0 0 0 
0 8 544 472 0 0 0 0 0 0 210 769 45 0 0 0 0 0 0 583 441 0 0 0 
0 3 759 262 0 0 0 0 0 0 223 780 21 0 0 0 0 0 0 775 249 0 0 0 
0 18 749 257 0 0 0 0 0 0 336 677 11 0 0 0 0 0 0 787 237 0 0 0 
0 10 680 334 0 0 0 0 0 0 301 715 8 0 0 0 0 0 0 766 258 0 0 0 
0 1 668 355 0 0 0 0 0 0 315 671 38 0 0 0 0 0 0 733 291 0 0 0 
0 9 514 501 0 0 0 0 0 0 196 810 18 0 0 0 0 0 0 700 324 0 0 0 
0 21 396 607 0 0 0 0 0 0 198 786 40 0 0 0 0 0 0 607 417 0 0 0 
0 6 727 291 0 0 0 0 0 0 169 807 48 0 0 0 0 0 2 558 464 0 0 0 
0 131 677 216 0 0 0 0 0 0 313 709 2 0 0 0 0 0 11 618 395 0 0 0 
0 277 585 162 0 0 0 0 0 0 587 436 1 0 0 0 0 0 72 765 187 0 0 0 
0 692 330 2 0 0 0 0 0 0 1002 22 0 0 0 0 0 0 423 600 1 0 0 0 
0 932 92 0 0 0 0 0 0 0 1024 0 0 0 0 0 0 0 886 138 0 0 0 0 
0 1024 0 0 0 0 0 0 0 6 1018 0 0 0 0 0 0 0 1024 0 0 0 0 0 
0 1024 0 0 0 0 0 0 0 0 1024 0 0 0 0 0 0 0 1024 0 0 0 0 0 
0 1024 0 0 0 0 0 0 0 0 1024 0 0 0 0 0 0 0 1024 0 0 0 0 0 
0 1024 0 0 0 0 0 0 0 0 1024 0 0 0 0 0 0 0 1023 1 0 0 0 0 
0 992 0 0 0 0 0 0 0 0 992 0 0 0 0 0 0 0 988 4 0 0 0 0 
165 254 163 180 178 75 9 0 320 225 217 195 62 5 0 0 494 303 174 50 3 0 0 0 
36 362 297 186 73 47 15 8 242 362 233 117 51 13 6 0 498 324 147 46 9 0 0 0 
10 567 130 95 110 83 29 0 250 449 119 115 83 8 0 0 656 193 118 55 2 0 0 0 
192 716 62 41 13 0 0 0 571 378 51 22 2 0 0 0 862 119 37 6 0 0 0 0 
329 695 0 0 0 0 0 0 741 283 0 0 0 0 0 0 1006 18 0 0 0 0 0 0 
514 509 1 0 0 0 0 0 821 203 0 0 0 0 0 0 991 33 0 0 0 0 0 0 
167 228 161 244 128 77 19 0 285 204 241 185 89 20 0 0 428 290 197 88 20 1 0 0 
2 51 119 275 289 206 77 5 32 84 246 304 243 109 6 0 102 234 355 244 84 5 0 0 
41 184 179 170 234 156 44 16 147 210 170 237 201 51 8 0 294 204 243 231 47 5 0 0 
0 48 162 249 288 174 78 25 32 133 225 306 237 82 9 0 182 273 264 247 56 2 0 0 
0 10 111 263 235 159 146 100 5 77 243 288 215 150 45 1 94 300 301 219 99 11 0 0 
0 0 28 132 210 180 178 296 0 41 152 238 191 194 191 17 69 223 253 203 231 45 0 0 
0 5 223 343 136 100 95 122 0 45 254 418 122 95 82 8 43 205 299 328 120 29 0 0 
0 16 631 377 0 0 0 0 0 4 278 739 3 0 0 0 2 34 87 855 46 0 0 0 
0 14 600 410 0 0 0 0 0 0 283 739 2 0 0 0 0 0 31 918 75 0 0 0 
0 2 716 306 0 0 0 0 0 0 238 786 0 0 0 0 0 0 13 976 35 0 0 0 
0 52 553 419 0 0 0 0 0 0 346 677 1 0 0 0 0 0 5 1006 13 0 0 0 
0 29 850 145 0 0 0 0 0 0 424 600 0 0 0 0 0 0 9 1004 11 0 0 0 
0 5 937 82 0 0 0 0 0 0 468 556 0 0 0 0 0 0 8 985 31 0 0 0 
0 326 582 116 0 0 0 0 0 0 648 376 0 0 0 0 0 0 4 974 46 0 0 0 
0 321 688 15 0 0 0 0 0 0 708 316 0 0 0 0 0 0 11 1001 12 0 0 0 
0 183 718 123 0 0 0 0 0 0 649 375 0 0 0 0 0 0 23 997 4 0 0 0 
0 106 707 211 0 0 0 0 0 0 523 501 0 0 0 0 0 0 17 1004 3 0 0 0 
0 160 650 214 0 0 0 0 0 0 543 481 0 0 0 0 0 0 70 954 0 0 0 0 
0 126 705 193 0 0 0 0 0 0 535 489 0 0 0 0 0 0 141 883 0 0 0 0 
0 489 517 18 0 0 0 0 0 0 877 147 0 0 0 0 0 0 401 621 2 0 0 0 
0 806 218 0 0 0 0 0 0 4 982 38 0 0 0 0 0 0 755 269 0 0 0 0 
0 943 81 0 0 0 0 0 0 13 998 13 0 0 0 0 0 0 949 75 0 0 0 0 
0 1024 0 0 0 0 0 0 0 99 925 0 0 0 0 0 0 0 1024 0 0 0 0 0 
0 1024 0 0 0 0 0 0 0 141 883 0 0 0 0 0 0 0 1024 0 0 0 0 0 
0 1019 5 0 0 0 0 0 0 140 884 0 0 0 0 0 0 0 1020 4 0 0 0 0 
0 996 28 0 0 0 0 0 0 294 729 1 0 0 0 0 0 0 1021 3 0 0 0 0 
0 943 78 3 0 0 0 0 0 183 826 15 0 0 0 0 0 1 1019 4 0 0 0 0 
0 904 120 0 0 0 0 0 0 124 888 12 0 0 0 0 0 1 1022 1 0 0 0 0 
0 879 111 2 0 0 0 0 0 139 842 11 0 0 0 0 0 1 990 1 0 0 0 0 
0 47 158 279 350 160 29 1 7 163 291 376 154 30 3 0 186 365 372 85 16 0 0 0 
46 327 310 185 111 40 5 0 125 434 259 145 55 4 2 0 443 394 147 36 4 0 0 0 
7 921 51 13 13 14 5 0 165 810 25 14 8 2 0 0 829 182 12 1 0 0 0 0 
88 718 85 96 31 6 0 0 304 562 92 59 7 0 0 0 776 173 61 13 1 0 0 0 
254 488 109 99 65 9 0 0 410 387 119 93 15 0 0 0 735 178 101 10 0 0 0 0 
223 746 41 14 0 0 0 0 505 478 31 10 0 0 0 0 884 116 20 4 0 0 0 0 
76 402 108 146 202 86 4 0 264 282 145 218 109 6 0 0 454 227 219 114 10 0 0 0 
1 54 179 252 252 208 68 10 49 170 240 295 209 54 6 1 210 307 292 182 30 3 0 0 
0 33 148 206 163 200 179 95 25 131 227 215 232 162 31 1 161 283 261 241 71 7 0 0 
8 141 238 249 141 139 85 23 62 247 295 175 135 102 8 0 215 380 197 155 76 1 0 0 
0 19 161 359 284 124 61 16 5 93 317 379 162 60 8 0 81 318 410 171 42 2 0 0 
0 5 107 390 297 162 51 12 3 63 372 372 165 40 9 0 70 455 345 121 29 4 0 0 
0 4 319 615 74 11 1 0 0 51 585 368 19 1 0 0 41 533 410 39 1 0 0 0 
0 31 591 342 60 0 0 0 0 0 518 478 28 0 0 0 10 110 400 504 0 0 0 0 
0 115 678 231 0 0 0 0 0 0 598 426 0 0 0 0 0 0 228 796 0 0 0 0 
0 90 879 55 0 0 0 0 0 0 704 320 0 0 0 0 0 0 346 678 0 0 0 0 
0 262 690 72 0 0 0 0 0 0 824 200 0 0 0 0 0 0 392 632 0 0 0 0 
0 239 725 60 0 0 0 0 0 2 795 227 0 0 0 0 0 0 386 638 0 0 0 0 
0 207 640 177 0 0 0 0 0 0 629 395 0 0 0 0 0 0 422 601 1 0 0 0 
0 94 758 172 0 0 0 0 0 0 631 393 0 0 0 0 0 0 391 633 0 0 0 0 
0 21 806 197 0 0 0 0 0 0 564 460 0 0 0 0 0 0 455 569 0 0 0 0 
0 1 736 287 0 0 0 0 0 0 438 586 0 0 0 0 0 0 482 542 0 0 0 0 
0 3 785 236 0 0 0 0 0 0 511 513 0 0 0 0 0 0 478 546 0 0 0 0 
0 13 775 236 0 0 0 0 0 0 576 448 0 0 0 0 0 0 529 495 0 0 0 0 
0 314 626 84 0 0 0 0 0 45 752 227 0 0 0 0 0 0 735 289 0 0 0 0 
0 957 67 0 0 0 0 0 0 306 713 5 0 0 0 0 0 0 994 30 0 0 0 0 
0 996 28 0 0 0 0 0 0 555 469 0 0 0 0 0 0 1 1023 0 0 0 0 0 
0 722 301 1 0 0 0 0 0 430 588 6 0 0 0 0 0 8 1011 5 0 0 0 0 
0 723 297 4 0 0 0 0 0 501 509 14 0 0 0 0 0 110 910 4 0 0 0 0 
0 853 171 0 0 0 0 0 0 611 412 1 0 0 0 0 0 315 705 4 0 0 0 0 
0 623 401 0 0 0 0 0 0 492 531 1 0 0 0 0 0 346 678 0 0 0 0 0 
0 576 439 9 0 0 0 0 0 376 634 14 0 0 0 0 0 309 714 1 0 0 0 0 
0 666 351 7 0 0 0 0 0 468 543 13 0 0 0 0 0 395 629 0 0 0 0 0 
0 619 404 1 0 0 0 0 0 467 555 2 0 0 0 0 0 379 642 3 0 0 0 0 
0 599 392 1 0 0 0 0 0 444 546 2 0 0 0 0 0 356 633 3 0 0 0 0 
15 90 105 203 280 233 86 12 54 145 213 304 247 55 6 0 209 324 323 150 17 1 0 0 
87 279 136 155 167 147 50 3 183 258 149 222 164 42 6 0 424 187 273 124 16 0 0 0 
20 696 96 57 94 46 15 0 413 382 94 93 37 5 0 0 749 199 49 23 4 0 0 0 
217 262 170 276 87 11 1 0 339 240 243 165 34 3 0 0 519 275 190 38 2 0 0 0 
139 206 197 232 155 67 16 12 233 221 258 197 82 26 7 0 377 300 246 76 23 2 0 0 
133 366 128 113 103 87 80 14 353 272 142 103 99 53 2 0 550 209 133 112 20 0 0 0 
0 54 123 133 187 229 254 44 56 140 147 253 303 117 8 0 198 229 350 206 39 2 0 0 
1 146 412 174 130 100 56 5 31 367 293 159 137 36 1 0 164 501 222 123 13 1 0 0 
0 14 245 382 259 111 13 0 1 115 363 351 157 35 2 0 49 386 398 145 43 3 0 0 
6 102 173 424 244 66 9 0 30 127 338 397 112 20 0 0 111 416 393 99 5 0 0 0 
0 28 107 244 315 250 72 8 10 68 183 320 347 92 4 0 81 193 339 334 76 1 0 0 
0 51 374 395 167 36 1 0 2 191 494 287 48 2 0 0 197 604 202 21 0 0 0 0 
0 128 402 326 133 29 5 1 3 283 452 251 32 2 1 0 166 589 232 36 1 0 0 0 
0 57 714 240 13 0 0 0 0 88 759 172 5 0 0 0 79 719 216 10 0 0 0 0 
0 236 648 139 1 0 0 0 0 1 857 166 0 0 0 0 13 132 639 240 0 0 0 0 
0 372 639 13 0 0 0 0 0 1 926 97 0 0 0 0 0 0 760 264 0 0 0 0 
0 228 731 65 0 0 0 0 0 8 831 185 0 0 0 0 0 0 722 302 0 0 0 0 
0 426 584 14 0 0 0 0 0 36 887 101 0 0 0 0 0 0 894 130 0 0 0 0 
0 78 881 65 0 0 0 0 0 2 806 216 0 0 0 0 0 2 818 204 0 0 0 0 
0 144 782 98 0 0 0 0 0 11 826 187 0 0 0 0 0 0 840 184 0 0 0 0 
0 331 676 17 0 0 0 0 0 85 864 75 0 0 0 0 0 0 880 144 0 0 0 0 
0 402 580 42 0 0 0 0 0 91 836 97 0 0 0 0 0 0 922 102 0 0 0 0 
0 374 630 20 0 0 0 0 0 191 777 56 0 0 0 0 0 2 953 69 0 0 0 0 
0 647 377 0 0 0 0 0 0 501 518 5 0 0 0 0 0 9 1008 7 0 0 0 0 
0 926 98 0 0 0 0 0 0 780 243 1 0 0 0 0 0 8 1014 2 0 0 0 0 
0 959 65 0 0 0 0 0 0 844 180 0 0 0 0 0 0 109 915 0 0 0 0 0 
3 844 173 4 0 0 0 0 0 707 313 4 0 0 0 0 0 341 678 5 0 0 0 0 
2 856 166 0 0 0 0 0 0 693 331 0 0 0 0 0 0 493 531 0 0 0 0 0 
8 1016 0 0 0 0 0 0 0 1018 6 0 0 0 0 0 0 936 88 0 0 0 0 0 
60 964 0 0 0 0 0 0 0 1024 0 0 0 0 0 0 0 988 36 0 0 0 0 0 
2 1018 4 0 0 0 0 0 0 1008 16 0 0 0 0 0 0 962 62 0 0 0 0 0 
17 995 12 0 0 0 0 0 0 986 38 0 0 0 0 0 0 959 65 0 0 0 0 0 
10 991 23 0 0 0 0 0 0 967 57 0 0 0 0 0 0 879 145 0 0 0 0 0 
3 1008 13 0 0 0 0 0 0 965 59 0 0 0 0 0 0 904 120 0 0 0 0 0 
3 975 14 0 0 0 0 0 0 939 53 0 0 0 0 0 0 885 107 0 0 0 0 0 
4 68 142 109 163 137 201 200 45 148 147 184 172 258 70 0 208 232 209 306 68 1 0 0 
484 309 100 44 38 22 21 6 625 230 74 38 38 15 4 0 765 155 56 33 14 1 0 0 
301 667 45 6 5 0 0 0 739 248 29 8 0 0 0 0 936 76 7 5 0 0 0 0 
55 206 206 273 161 67 45 11 150 271 308 187 60 40 8 0 414 381 144 65 19 1 0 0 
6 202 254 273 140 74 56 19 124 277 309 177 79 53 5 0 374 377 162 95 14 2 0 0 
1 141 163 122 107 151 222 117 117 217 139 144 204 168 35 0 308 231 202 229 52 2 0 0 
4 19 48 120 130 164 323 216 19 97 140 150 243 328 47 0 163 162 261 389 48 1 0 0 
0 12 129 250 333 208 79 13 7 89 268 392 215 44 9 0 100 288 427 175 30 4 0 0 
0 40 210 438 259 62 13 2 6 104 410 344 133 26 1 0 52 464 315 161 32 0 0 0 
1 20 89 379 433 93 9 0 9 39 213 554 188 21 0 0 46 231 528 190 29 0 0 0 
3 32 105 333 405 130 16 0 14 63 213 495 216 23 0 0 67 291 467 178 21 0 0 0 
1 185 532 240 61 5 0 0 10 317 516 160 21 0 0 0 263 617 123 21 0 0 0 0 
8 185 575 198 56 2 0 0 16 311 531 142 24 0 0 0 167 681 168 6 2 0 0 0 
0 37 403 559 25 0 0 0 0 61 561 400 2 0 0 0 63 468 487 6 0 0 0 0 
0 252 601 166 5 0 0 0 0 44 771 205 4 0 0 0 1 78 882 63 0 0 0 0 
0 695 303 26 0 0 0 0 0 265 713 46 0 0 0 0 0 0 961 63 0 0 0 0 
0 752 272 0 0 0 0 0 0 313 692 19 0 0 0 0 0 17 966 41 0 0 0 0 
0 463 545 16 0 0 0 0 0 128 868 28 0 0 0 0 0 14 968 42 0 0 0 0 
0 344 667 13 0 0 0 0 0 126 863 35 0 0 0 0 0 19 960 45 0 0 0 0 
0 628 389 7 0 0 0 0 0 205 799 20 0 0 0 0 0 6 1004 14 0 0 0 0 
0 940 84 0 0 0 0 0 0 590 434 0 0 0 0 0 0 6 1010 8 0 0 0 0 
0 991 33 0 0 0 0 0 0 860 161 3 0 0 0 0 0 6 1012 6 0 0 0 0 
0 1019 5 0 0 0 0 0 0 1001 23 0 0 0 0 0 0 21 1003 0 0 0 0 0 
0 899 125 0 0 0 0 0 0 829 195 0 0 0 0 0 0 132 892 0 0 0 0 0 
0 949 75 0 0 0 0 0 0 808 216 0 0 0 0 0 0 439 585 0 0 0 0 0 
8 865 150 1 0 0 0 0 0 722 301 1 0 0 0 0 0 588 434 2 0 0 0 0 
26 958 40 0 0 0 0 0 0 954 70 0 0 0 0 0 0 866 157 1 0 0 0 0 
122 902 0 0 0 0 0 0 0 1024 0 0 0 0 0 0 0 1020 4 0 0 0 0 0 
72 952 0 0 0 0 0 0 0 1024 0 0 0 0 0 0 0 1019 5 0 0 0 0 0 
153 871 0 0 0 0 0 0 0 1011 13 0 0 0 0 0 0 985 39 0 0 0 0 0 
59 945 20 0 0 0 0 0 0 989 35 0 0 0 0 0 0 959 65 0 0 0 0 0 
100 924 0 0 0 0 0 0 0 1024 0 0 0 0 0 0 0 1024 0 0 0 0 0 0 
162 862 0 0 0 0 0 0 0 1024 0 0 0 0 0 0 0 1024 0 0 0 0 0 0 
305 719 0 0 0 0 0 0 0 1024 0 0 0 0 0 0 0 1024 0 0 0 0 0 0 
283 709 0 0 0 0 0 0 0 992 0 0 0 0 0 0 0 992 0 0 0 0 0 0 
0 3 60 169 342 214 168 68 0 35 137 377 242 188 45 0 90 254 351 213 115 1 0 0 
143 200 359 189 59 31 32 11 152 275 378 142 48 21 8 0 587 307 95 26 9 0 0 0 
693 262 59 10 0 0 0 0 786 185 48 5 0 0 0 0 918 102 4 0 0 0 0 0 
348 402 190 67 16 0 1 0 493 342 146 35 7 1 0 0 694 239 77 12 1 1 0 0 
48 189 210 176 218 130 49 4 140 226 206 225 161 59 7 0 305 265 235 171 41 7 0 0 
43 237 246 223 165 86 24 0 150 307 241 188 105 31 2 0 361 293 238 102 29 1 0 0 
41 163 136 183 229 187 81 4 148 165 189 223 214 82 3 0 277 221 250 226 47 3 0 0 
1 34 134 276 367 171 34 7 7 91 231 359 263 63 10 0 89 201 382 281 62 9 0 0 
0 14 172 449 290 89 10 0 1 66 318 471 152 15 1 0 79 379 425 127 13 1 0 0 
0 27 135 392 367 88 15 0 2 78 269 478 160 34 3 0 69 266 471 182 33 3 0 0 
1 83 287 347 212 78 16 0 22 173 404 282 112 31 0 0 159 411 308 117 29 0 0 0 
0 77 443 436 68 0 0 0 1 174 530 305 14 0 0 0 128 734 154 8 0 0 0 0 
0 131 407 396 88 2 0 0 0 228 473 310 13 0 0 0 101 737 183 3 0 0 0 0 
0 0 358 566 97 3 0 0 0 9 557 423 34 1 0 0 35 472 505 12 0 0 0 0 
0 67 756 201 0 0 0 0 0 31 797 196 0 0 0 0 0 76 936 12 0 0 0 0 
0 151 773 100 0 0 0 0 0 86 814 124 0 0 0 0 0 53 943 28 0 0 0 0 
0 238 753 33 0 0 0 0 0 123 825 76 0 0 0 0 0 40 963 21 0 0 0 0 
0 489 530 5 0 0 0 0 0 371 637 16 0 0 0 0 0 38 974 12 0 0 0 0 
0 521 497 6 0 0 0 0 0 369 642 13 0 0 0 0 0 68 953 3 0 0 0 0 
0 297 721 6 0 0 0 0 0 136 876 12 0 0 0 0 0 70 949 5 0 0 0 0 
0 350 672 2 0 0 0 0 0 198 823 3 0 0 0 0 0 119 902 3 0 0 0 0 
0 804 220 0 0 0 0 0 0 615 409 0 0 0 0 0 0 327 697 0 0 0 0 0 
5 879 140 0 0 0 0 0 0 827 197 0 0 0 0 0 0 699 325 0 0 0 0 0 
15 1007 2 0 0 0 0 0 0 988 36 0 0 0 0 0 0 909 115 0 0 0 0 0 
34 987 3 0 0 0 0 0 0 1010 14 0 0 0 0 0 0 983 41 0 0 0 0 0 
64 959 1 0 0 0 0 0 0 1017 7 0 0 0 0 0 0 1003 21 0 0 0 0 0 
52 956 16 0 0 0 0 0 0 986 38 0 0 0 0 0 0 955 69 0 0 0 0 0 
164 860 0 0 0 0 0 0 0 1024 0 0 0 0 0 0 0 1024 0 0 0 0 0 0 
232 792 0 0 0 0 0 0 0 1024 0 0 0 0 0 0 0 1023 1 0 0 0 0 0 
370 654 0 0 0 0 0 0 0 1024 0 0 0 0 0 0 0 1024 0 0 0 0 0 0 
446 578 0 0 0 0 0 0 0 1024 0 0 0 0 0 0 0 1024 0 0 0 0 0 0 
743 281 0 0 0 0 0 0 0 1024 0 0 0 0 0 0 0 1024 0 0 0 0 0 0 
745 279 0 0 0 0 0 0 0 1024 0 0 0 0 0 0 0 1024 0 0 0 0 0 0 
846 178 0 0 0 0 0 0 0 1024 0 0 0 0 0 0 0 1024 0 0 0 0 0 0 
784 208 0 0 0 0 0 0 0 992 0 0 0 0 0 0 0 992 0 0 0 0 0 0 
1 36 123 235 323 255 46 5 17 92 214 330 295 70 6 0 99 242 366 264 52 1 0 0 
19 179 315 226 201 77 5 2 38 304 336 208 124 10 4 0 217 425 263 110 9 0 0 0 
411 279 107 88 70 50 18 1 549 178 109 93 64 27 4 0 666 143 120 76 16 3 0 0 
635 338 26 7 11 5 2 0 828 161 16 11 6 2 0 0 935 64 13 10 2 0 0 0 
216 310 119 100 146 91 34 8 420 220 111 143 93 33 4 0 600 148 157 87 31 1 0 0 
284 413 92 75 88 43 26 3 475 305 76 100 48 18 2 0 749 106 99 54 13 3 0 0 
451 404 81 45 24 12 5 2 686 223 58 35 15 7 0 0 844 93 55 24 8 0 0 0 
73 152 153 246 285 109 6 0 157 154 238 322 146 7 0 0 259 257 336 161 11 0 0 0 
13 94 252 389 227 43 6 0 36 155 345 384 91 13 0 0 145 391 371 100 17 0 0 0 
41 188 196 365 192 37 5 0 75 201 292 353 86 17 0 0 204 448 305 55 12 0 0 0 
0 15 195 437 294 76 7 0 3 53 342 448 151 26 1 0 54 383 383 175 28 1 0 0 
6 357 272 242 106 41 0 0 43 458 269 176 71 7 0 0 296 467 166 79 16 0 0 0 
3 234 451 323 12 1 0 0 7 398 455 157 7 0 0 0 184 769 69 2 0 0 0 0 
0 59 615 303 47 0 0 0 0 154 691 170 9 0 0 0 226 735 62 1 0 0 0 0 
0 69 748 205 2 0 0 0 0 37 877 109 1 0 0 0 13 296 708 7 0 0 0 0 
0 85 880 59 0 0 0 0 0 34 907 83 0 0 0 0 0 95 929 0 0 0 0 0 
0 372 633 19 0 0 0 0 0 247 757 20 0 0 0 0 0 205 817 2 0 0 0 0 
0 459 559 6 0 0 0 0 0 387 636 1 0 0 0 0 0 326 698 0 0 0 0 0 
0 294 730 0 0 0 0 0 0 221 803 0 0 0 0 0 0 197 827 0 0 0 0 0 
0 517 507 0 0 0 0 0 0 468 556 0 0 0 0 0 0 438 586 0 0 0 0 0 
4 865 152 3 0 0 0 0 0 806 215 3 0 0 0 0 0 761 263 0 0 0 0 0 
16 992 16 0 0 0 0 0 0 1003 21 0 0 0 0 0 0 968 56 0 0 0 0 0 
77 947 0 0 0 0 0 0 0 1024 0 0 0 0 0 0 0 1024 0 0 0 0 0 0 
212 812 0 0 0 0 0 0 0 1024 0 0 0 0 0 0 0 1024 0 0 0 0 0 0 
327 697 0 0 0 0 0 0 0 1024 0 0 0 0 0 0 0 1024 0 0 0 0 0 0 
518 506 0 0 0 0 0 0 0 1024 0 0 0 0 0 0 0 1024 0 0 0 0 0 0 
651 373 0 0 0 0 0 0 0 1024 0 0 0 0 0 0 0 1019 5 0 0 0 0 0 
649 375 0 0 0 0 0 0 0 1024 0 0 0 0 0 0 0 1024 0 0 0 0 0 0 
676 348 0 0 0 0 0 0 0 1024 0 0 0 0 0 0 0 1024 0 0 0 0 0 0 
849 175 0 0 0 0 0 0 0 1024 0 0 0 0 0 0 0 1024 0 0 0 0 0 0 
950 74 0 0 0 0 0 0 0 1024 0 0 0 0 0 0 0 1024 0 0 0 0 0 0 
932 92 0 0 0 0 0 0 0 1024 0 0 0 0 0 0 0 1024 0 0 0 0 0 0 
948 76 0 0 0 0 0 0 0 1024 0 0 0 0 0 0 0 1024 0 0 0 0 0 0 
795 229 0 0 0 0 0 0 2 1022 0 0 0 0 0 0 0 1024 0 0 0 0 0 0 
778 214 0 0 0 0 0 0 11 981 0 0 0 0 0 0 0 992 0 0 0 0 0 0 
2 125 159 156 202 195 143 42 62 219 181 216 202 110 33 1 292 223 261 169 71 8 0 0 
8 155 106 232 275 197 48 3 76 155 229 290 211 58 5 0 218 261 315 186 40 4 0 0 
99 119 104 234 289 146 33 0 174 102 166 330 202 48 2 0 303 315 263 111 32 0 0 0 
13 249 93 50 89 155 188 187 122 228 70 115 190 253 45 1 313 117 228 319 45 2 0 0 
4 66 102 81 104 185 312 170 29 167 96 162 278 229 61 2 220 190 279 254 81 0 0 0 
1 55 166 175 167 225 192 43 19 216 193 217 260 109 10 0 266 274 306 155 23 0 0 0 
59 416 283 167 64 30 4 1 233 486 199 83 20 3 0 0 613 280 103 27 1 0 0 0 
4 261 196 195 179 103 71 15 146 321 208 193 90 59 7 0 429 257 202 110 26 0 0 0 
0 16 92 228 304 240 131 13 5 70 200 323 306 113 7 0 66 216 383 287 69 3 0 0 
21 181 248 268 233 63 10 0 44 272 266 320 106 14 2 0 148 415 343 95 20 3 0 0 
1 15 107 391 394 103 13 0 4 48 267 484 196 25 0 0 41 253 475 222 32 1 0 0 
1 31 136 403 405 47 1 0 10 62 270 548 128 6 0 0 53 345 486 134 6 0 0 0 
73 390 232 158 127 40 4 0 91 451 233 183 60 6 0 0 332 425 196 64 7 0 0 0 
0 181 676 157 9 1 0 0 3 350 598 70 3 0 0 0 378 625 21 0 0 0 0 0 
0 160 607 247 10 0 0 0 0 136 726 159 3 0 0 0 114 620 289 1 0 0 0 0 
5 806 168 45 0 0 0 0 0 764 250 10 0 0 0 0 0 801 223 0 0 0 0 0 
0 992 32 0 0 0 0 0 0 936 88 0 0 0 0 0 0 870 154 0 0 0 0 0 
0 938 85 1 0 0 0 0 0 890 132 2 0 0 0 0 0 860 164 0 0 0 0 0 
33 979 12 0 0 0 0 0 0 992 32 0 0 0 0 0 0 976 48 0 0 0 0 0 
6 1018 0 0 0 0 0 0 0 1024 0 0 0 0 0 0 0 1024 0 0 0 0 0 0 
38 986 0 0 0 0 0 0 0 1024 0 0 0 0 0 0 0 1024 0 0 0 0 0 0 
337 687 0 0 0 0 0 0 0 1024 0 0 0 0 0 0 0 1024 0 0 0 0 0 0 
340 684 0 0 0 0 0 0 0 1024 0 0 0 0 0 0 0 1024 0 0 0 0 0 0 
726 298 0 0 0 0 0 0 0 1024 0 0 0 0 0 0 0 1024 0 0 0 0 0 0 
690 334 0 0 0 0 0 0 0 1024 0 0 0 0 0 0 0 1024 0 0 0 0 0 0 
912 112 0 0 0 0 0 0 0 1024 0 0 0 0 0 0 0 1024 0 0 0 0 0 0 
914 110 0 0 0 0 0 0 0 1024 0 0 0 0 0 0 0 1024 0 0 0 0 0 0 
956 68 0 0 0 0 0 0 8 1016 0 0 0 0 0 0 0 1024 0 0 0 0 0 0 
900 124 0 0 0 0 0 0 0 1024 0 0 0 0 0 0 0 1024 0 0 0 0 0 0 
966 58 0 0 0 0 0 0 5 1019 0 0 0 0 0 0 0 1024 0 0 0 0 0 0 
908 116 0 0 0 0 0 0 6 1018 0 0 0 0 0 0 0 1024 0 0 0 0 0 0 
950 74 0 0 0 0 0 0 25 999 0 0 0 0 0 0 0 1024 0 0 0 0 0 0 
970 54 0 0 0 0 0 0 65 959 0 0 0 0 0 0 0 1024 0 0 0 0 0 0 
1012 12 0 0 0 0 0 0 171 853 0 0 0 0 0 0 0 1024 0 0 0 0 0 0 
980 12 0 0 0 0 0 0 158 834 0 0 0 0 0 0 0 992 0 0 0 0 0 0 
0 53 79 243 236 176 123 114 33 92 216 255 186 113 100 29 145 247 276 170 105 74 7 0 
30 293 191 292 187 31 0 0 184 272 311 219 37 1 0 0 408 395 189 32 0 0 0 0 
6 231 297 278 176 32 4 0 82 319 286 242 86 8 1 0 365 400 210 44 5 0 0 0 
1 231 296 119 106 131 104 36 68 481 130 122 133 85 5 0 514 213 161 116 18 2 0 0 
0 9 240 192 193 198 158 34 36 288 208 209 203 76 4 0 366 254 253 127 23 1 0 0 
32 176 175 131 111 156 172 71 107 289 162 141 209 99 17 0 384 217 228 162 32 1 0 0 
114 525 201 74 71 27 11 1 324 513 89 63 26 9 0 0 747 176 66 27 7 1 0 0 
0 57 56 52 169 306 286 98 52 81 103 288 347 147 6 0 155 218 398 233 20 0 0 0 
31 204 147 204 166 129 118 25 127 200 221 206 189 75 6 0 214 331 294 166 19 0 0 0 
107 419 298 129 61 10 0 0 233 441 233 89 26 2 0 0 448 397 143 31 5 0 0 0 
3 26 110 346 341 171 26 1 16 44 244 396 246 73 4 1 99 262 351 237 70 5 0 0 
0 20 155 358 346 129 15 1 4 86 277 416 199 40 2 0 62 238 429 246 47 2 0 0 
0 34 189 303 337 147 14 0 2 103 287 388 217 26 1 0 84 307 357 244 29 3 0 0 
0 63 193 503 252 13 0 0 0 115 413 449 46 1 0 0 88 594 304 36 2 0 0 0 
0 148 715 156 5 0 0 0 0 188 747 89 0 0 0 0 54 748 219 3 0 0 0 0 
0 103 768 153 0 0 0 0 0 125 833 66 0 0 0 0 8 733 282 1 0 0 0 0 
0 211 654 159 0 0 0 0 0 243 707 74 0 0 0 0 0 788 236 0 0 0 0 0 
17 362 563 82 0 0 0 0 0 390 587 47 0 0 0 0 2 767 255 0 0 0 0 0 
106 504 359 55 0 0 0 0 0 607 397 20 0 0 0 0 1 917 106 0 0 0 0 0 
176 723 118 7 0 0 0 0 2 890 127 5 0 0 0 0 3 959 62 0 0 0 0 0 
617 407 0 0 0 0 0 0 1 1023 0 0 0 0 0 0 0 1024 0 0 0 0 0 0 
495 529 0 0 0 0 0 0 0 1024 0 0 0 0 0 0 0 1024 0 0 0 0 0 0 
777 247 0 0 0 0 0 0 0 1024 0 0 0 0 0 0 0 1024 0 0 0 0 0 0 
858 166 0 0 0 0 0 0 0 1024 0 0 0 0 0 0 0 1024 0 0 0 0 0 0 
903 121 0 0 0 0 0 0 22 1002 0 0 0 0 0 0 0 1024 0 0 0 0 0 0 
1005 19 0 0 0 0 0 0 52 972 0 0 0 0 0 0 0 1024 0 0 0 0 0 0 
1012 12 0 0 0 0 0 0 146 878 0 0 0 0 0 0 0 1024 0 0 0 0 0 0 
1024 0 0 0 0 0 0 0 346 678 0 0 0 0 0 0 0 1024 0 0 0 0 0 0 
1024 0 0 0 0 0 0 0 347 677 0 0 0 0 0 0 0 1024 0 0 0 0 0 0 
1024 0 0 0 0 0 0 0 260 764 0 0 0 0 0 0 0 1024 0 0 0 0 0 0 
1020 4 0 0 0 0 0 0 529 495 0 0 0 0 0 0 8 1016 0 0 0 0 0 0 
1022 2 0 0 0 0 0 0 574 450 0 0 0 0 0 0 1 1023 0 0 0 0 0 0 
1024 0 0 0 0 0 0 0 800 224 0 0 0 0 0 0 20 1004 0 0 0 0 0 0 
1024 0 0 0 0 0 0 0 675 349 0 0 0 0 0 0 38 986 0 0 0 0 0 0 
992 0 0 0 0 0 0 0 639 353 0 0 0 0 0 0 31 961 0 0 0 0 0 0 
0 43 86 207 170 154 168 164 34 95 182 167 184 154 152 24 161 193 175 230 162 65 6 0 
61 422 221 162 113 13 0 0 299 343 193 132 24 1 0 0 550 287 133 22 0 0 0 0 
12 311 313 161 120 51 15 9 113 405 232 141 76 14 11 0 420 357 159 42 14 0 0 0 
1 60 135 128 129 210 237 92 40 193 135 190 252 174 8 0 252 214 263 232 29 2 0 0 
0 70 211 155 154 170 177 55 61 282 161 168 207 107 6 0 358 217 234 150 32 1 0 0 
34 102 133 103 130 202 210 78 98 203 128 180 245 117 21 0 316 169 269 196 41 1 0 0 
98 215 210 108 144 149 58 10 193 357 121 187 110 24 0 0 500 220 204 58 9 1 0 0 
0 19 92 140 232 271 191 47 33 113 197 311 247 85 6 0 186 278 350 164 14 0 0 0 
39 275 233 215 138 58 29 5 163 304 252 170 77 21 5 0 316 355 220 83 18 0 0 0 
145 403 190 103 80 60 11 0 285 373 149 97 73 15 0 0 501 277 119 76 19 0 0 0 
3 40 113 279 360 163 32 2 23 72 206 370 251 61 9 0 101 237 363 219 64 8 0 0 
0 22 159 371 310 115 14 1 3 88 299 405 162 32 3 0 64 289 406 198 32 3 0 0 
0 6 97 297 378 189 25 0 0 27 233 423 260 47 2 0 29 222 385 304 49 3 0 0 
0 17 206 581 178 10 0 0 0 59 506 401 26 0 0 0 88 655 231 18 0 0 0 0 
0 158 615 205 14 0 0 0 0 240 642 108 2 0 0 0 134 707 148 3 0 0 0 0 
0 109 777 106 0 0 0 0 0 125 812 55 0 0 0 0 10 788 193 1 0 0 0 0 
0 50 786 156 0 0 0 0 0 88 847 57 0 0 0 0 3 777 212 0 0 0 0 0 
0 91 798 103 0 0 0 0 0 119 815 58 0 0 0 0 4 668 320 0 0 0 0 0 
29 144 719 100 0 0 0 0 0 181 772 39 0 0 0 0 10 822 160 0 0 0 0 0 
154 321 471 46 0 0 0 0 2 476 498 16 0 0 0 0 3 827 162 0 0 0 0 0 
578 226 173 15 0 0 0 0 2 807 175 8 0 0 0 0 2 920 70 0 0 0 0 0 
514 356 121 1 0 0 0 0 5 870 117 0 0 0 0 0 3 936 53 0 0 0 0 0 
887 105 0 0 0 0 0 0 3 989 0 0 0 0 0 0 0 992 0 0 0 0 0 0 
883 109 0 0 0 0 0 0 36 956 0 0 0 0 0 0 0 992 0 0 0 0 0 0 
943 49 0 0 0 0 0 0 32 960 0 0 0 0 0 0 0 992 0 0 0 0 0 0 
990 2 0 0 0 0 0 0 181 811 0 0 0 0 0 0 0 992 0 0 0 0 0 0 
991 1 0 0 0 0 0 0 200 792 0 0 0 0 0 0 0 992 0 0 0 0 0 0 
992 0 0 0 0 0 0 0 510 482 0 0 0 0 0 0 0 992 0 0 0 0 0 0 
992 0 0 0 0 0 0 0 690 302 0 0 0 0 0 0 0 992 0 0 0 0 0 0 
992 0 0 0 0 0 0 0 518 474 0 0 0 0 0 0 18 974 0 0 0 0 0 0 
992 0 0 0 0 0 0 0 841 151 0 0 0 0 0 0 37 955 0 0 0 0 0 0 
992 0 0 0 0 0 0 0 874 118 0 0 0 0 0 0 111 881 0 0 0 0 0 0 
992 0 0 0 0 0 0 0 934 58 0 0 0 0 0 0 116 876 0 0 0 0 0 0 
989 3 0 0 0 0 0 0 677 315 0 0 0 0 0 0 136 856 0 0 0 0 0 0 
958 3 0 0 0 0 0 0 613 348 0 0 0 0 0 0 85 876 0 0 0 0 0 0 
