0 0 19 56 13 142 509 285 0 0 0 55 33 9 567 360 0 0 14 64 17 3 21 905 
0 0 0 0 30 16 313 665 0 0 0 1 8 33 297 685 0 0 0 1 1 15 43 964 
0 0 0 1 7 9 218 789 0 0 0 1 7 9 187 820 0 0 0 0 4 9 13 998 
0 0 0 0 0 0 493 531 0 0 0 0 0 0 475 549 0 0 0 0 0 0 0 1024 
0 0 0 0 0 196 828 0 0 0 0 0 0 0 1024 0 0 0 0 0 0 0 5 1019 
0 0 0 0 0 499 525 0 0 0 0 0 0 215 809 0 0 0 0 0 0 0 66 958 
0 0 0 0 0 516 508 0 0 0 0 0 0 350 674 0 0 0 0 0 0 0 114 910 
0 0 0 0 103 476 445 0 0 0 0 0 0 336 688 0 0 0 0 0 0 0 162 862 
0 31 68 32 76 355 462 0 0 0 0 88 46 222 668 0 0 0 0 0 0 103 144 777 
0 13 62 33 63 237 616 0 0 0 0 67 47 172 738 0 0 0 0 0 2 74 159 789 
0 7 28 44 57 148 708 0 0 0 0 46 47 118 781 0 0 0 0 0 0 62 121 809 
0 64 844 116 0 0 0 0 0 0 512 479 33 0 0 0 0 40 866 118 0 0 0 0 
0 30 380 461 151 2 0 0 0 2 180 501 317 24 0 0 0 14 440 396 115 51 5 3 
0 2 59 418 510 24 4 7 0 0 2 203 516 291 5 7 0 0 15 324 222 164 286 13 
0 5 127 392 352 58 58 32 0 0 0 191 435 296 72 30 0 0 0 12 234 213 472 93 
0 62 213 418 81 156 94 0 0 0 4 218 466 111 225 0 0 0 0 0 21 364 432 207 
0 8 55 322 240 205 192 2 0 0 2 29 421 293 277 2 0 0 0 0 6 129 603 286 
0 8 236 128 110 279 183 80 0 0 1 223 179 299 246 76 0 0 0 0 6 319 363 336 
0 238 327 272 83 74 18 12 0 0 44 489 304 140 31 16 0 0 0 0 106 702 141 75 
1 361 353 244 61 4 0 0 0 0 40 717 231 36 0 0 0 0 0 10 242 740 32 0 
2 143 319 201 180 166 13 0 0 0 36 452 311 212 13 0 0 0 0 28 212 705 79 0 
0 40 223 390 328 11 0 0 0 0 12 342 594 44 0 0 0 0 0 19 401 568 4 0 
0 452 572 0 0 0 0 0 0 1 987 36 0 0 0 0 0 275 749 0 0 0 0 0 
0 161 849 14 0 0 0 0 0 0 740 284 0 0 0 0 0 26 968 30 0 0 0 0 
0 31 491 450 52 0 0 0 0 0 191 733 100 0 0 0 0 19 576 422 7 0 0 0 
6 29 102 621 242 24 0 0 0 2 43 492 444 43 0 0 0 0 122 620 241 41 0 0 
0 1 93 534 351 45 0 0 0 0 4 170 792 58 0 0 0 0 6 127 722 162 7 0 
0 0 280 291 233 220 0 0 0 0 0 380 449 195 0 0 0 0 0 114 455 450 5 0 
0 0 69 352 129 474 0 0 0 0 0 76 642 306 0 0 0 0 0 6 506 448 64 0 
0 5 53 274 425 265 2 0 0 0 5 66 640 313 0 0 0 0 0 21 410 497 96 0 
0 69 208 379 364 4 0 0 0 0 60 304 591 69 0 0 0 0 5 164 594 252 9 0 
6 226 540 229 23 0 0 0 0 5 259 621 130 9 0 0 0 0 92 547 348 37 0 0 
4 133 336 492 27 0 0 0 0 3 153 672 163 1 0 0 0 6 142 471 328 45 0 0 
0 370 654 0 0 0 0 0 0 1 1014 9 0 0 0 0 0 552 472 0 0 0 0 0 
0 244 780 0 0 0 0 0 0 0 983 41 0 0 0 0 0 164 856 4 0 0 0 0 
0 79 898 47 0 0 0 0 0 0 653 371 0 0 0 0 0 25 964 35 0 0 0 0 
0 0 545 479 0 0 0 0 0 0 148 874 2 0 0 0 0 0 778 246 0 0 0 0 
0 0 67 788 168 1 0 0 0 0 3 736 284 1 0 0 0 0 315 624 82 3 0 0 
0 0 103 520 387 14 0 0 0 0 27 379 553 65 0 0 0 0 129 569 185 131 10 0 
0 1 210 271 428 114 0 0 0 0 31 358 616 18 1 0 0 0 140 635 207 35 6 1 
0 0 24 100 775 125 0 0 0 0 4 99 896 25 0 0 0 0 38 786 200 0 0 0 
0 0 24 359 638 3 0 0 0 0 15 284 725 0 0 0 1 40 148 730 92 13 0 0 
2 154 399 434 35 0 0 0 0 36 342 615 31 0 0 0 16 137 545 314 12 0 0 0 
116 347 245 228 56 0 0 0 3 159 458 330 42 0 0 0 31 220 612 120 8 1 0 0 
1 338 685 0 0 0 0 0 0 11 1007 6 0 0 0 0 0 611 413 0 0 0 0 0 
0 183 837 4 0 0 0 0 0 2 866 156 0 0 0 0 0 327 697 0 0 0 0 0 
0 122 835 67 0 0 0 0 0 4 705 315 0 0 0 0 0 223 795 6 0 0 0 0 
0 93 786 145 0 0 0 0 0 0 577 445 2 0 0 0 0 133 829 62 0 0 0 0 
0 0 319 680 25 0 0 0 0 0 132 874 18 0 0 0 0 32 847 145 0 0 0 0 
0 16 113 685 206 4 0 0 0 9 70 706 221 17 1 0 12 96 411 409 42 51 3 0 
13 81 270 426 224 10 0 0 0 60 276 421 221 44 2 0 86 305 301 158 61 105 8 0 
124 241 183 288 188 0 0 0 3 201 297 406 117 0 0 0 22 352 478 170 2 0 0 0 
62 287 342 273 60 0 0 0 1 216 456 314 37 0 0 0 164 406 411 42 1 0 0 0 
171 529 254 67 3 0 0 0 9 470 439 100 6 0 0 0 167 551 253 46 7 0 0 0 
246 438 235 71 2 0 0 0 55 481 337 114 5 0 0 0 348 430 172 42 0 0 0 0 
0 790 234 0 0 0 0 0 0 71 938 15 0 0 0 0 1 972 51 0 0 0 0 0 
1 669 250 58 46 0 0 0 0 122 745 126 31 0 0 0 1 784 230 9 0 0 0 0 
0 156 390 328 148 2 0 0 0 18 479 477 50 0 0 0 14 509 496 5 0 0 0 0 
0 40 276 452 252 4 0 0 0 26 254 580 163 1 0 0 38 297 636 50 3 0 0 0 
6 75 200 470 257 16 0 0 1 46 237 617 123 0 0 0 60 325 574 63 2 0 0 0 
83 380 325 198 38 0 0 0 2 291 429 275 27 0 0 0 129 432 376 74 13 0 0 0 
116 443 266 157 42 0 0 0 3 289 420 249 63 0 0 0 73 359 393 176 22 1 0 0 
135 511 290 84 4 0 0 0 13 440 400 151 20 0 0 0 257 379 269 92 27 0 0 0 
51 360 366 222 25 0 0 0 1 284 458 200 73 8 0 0 90 493 279 60 70 32 0 0 
52 297 361 287 27 0 0 0 5 222 404 275 106 12 0 0 71 375 274 124 130 50 0 0 
258 212 191 244 84 3 0 0 93 263 279 287 70 0 0 0 305 302 275 63 41 6 0 0 
11 239 269 438 67 0 0 0 0 97 397 486 44 0 0 0 17 578 421 8 0 0 0 0 
20 226 372 340 66 0 0 0 0 156 451 394 23 0 0 0 140 579 297 8 0 0 0 0 
28 257 453 266 20 0 0 0 1 203 546 264 10 0 0 0 157 596 256 15 0 0 0 0 
60 315 241 258 144 6 0 0 3 332 316 294 79 0 0 0 393 361 253 17 0 0 0 0 
15 209 387 342 65 6 0 0 2 130 475 357 47 13 0 0 105 553 273 44 30 18 1 0 
56 265 402 235 66 0 0 0 0 159 424 373 68 0 0 0 40 356 405 182 39 2 0 0 
57 463 393 103 8 0 0 0 5 312 509 184 14 0 0 0 291 436 219 68 10 0 0 0 
119 388 316 167 34 0 0 0 12 351 381 223 57 0 0 0 198 396 245 130 50 5 0 0 
30 332 510 140 12 0 0 0 0 115 637 240 32 0 0 0 105 333 431 123 30 2 0 0 
368 458 156 37 5 0 0 0 30 507 368 98 20 1 0 0 203 456 277 68 18 2 0 0 
391 473 117 11 0 0 0 0 32 515 365 73 7 0 0 0 158 452 295 76 10 1 0 0 
13 130 307 476 66 0 0 0 0 82 331 534 45 0 0 0 19 528 437 8 0 0 0 0 
43 300 352 262 35 0 0 0 1 197 479 301 14 0 0 0 151 570 246 22 3 0 0 0 
43 320 428 182 19 0 0 0 1 270 492 219 10 0 0 0 133 585 255 19 0 0 0 0 
100 387 228 213 63 1 0 0 11 405 325 219 32 0 0 0 419 383 170 20 0 0 0 0 
26 243 419 251 46 7 0 0 2 148 505 284 39 14 0 0 116 527 206 72 51 19 1 0 
97 246 379 215 55 0 0 0 1 139 417 372 63 0 0 0 15 314 426 195 40 2 0 0 
65 424 376 118 9 0 0 0 6 287 493 191 15 0 0 0 274 434 221 55 8 0 0 0 
130 423 282 134 23 0 0 0 13 395 367 184 33 0 0 0 245 402 208 108 29 0 0 0 
20 368 485 114 5 0 0 0 0 175 613 199 5 0 0 0 194 363 354 79 2 0 0 0 
378 454 133 23 4 0 0 0 32 572 309 71 8 0 0 0 254 499 207 31 1 0 0 0 
407 450 95 9 0 0 0 0 31 535 335 55 5 0 0 0 167 471 266 50 6 1 0 0 
