1024 0 0 0 0 0 0 0 0 0 0 0 289 735 0 0 0 0 0 0 0 0 0 1024 
1024 0 0 0 0 0 0 0 0 0 0 0 133 891 0 0 0 0 0 0 0 0 0 1024 
1024 0 0 0 0 0 0 0 0 0 0 0 38 986 0 0 0 0 0 0 0 0 0 1024 
1024 0 0 0 0 0 0 0 0 0 0 0 20 1004 0 0 0 0 0 0 0 0 0 1024 
1024 0 0 0 0 0 0 0 0 0 0 0 41 983 0 0 0 0 0 0 0 0 0 1024 
1024 0 0 0 0 0 0 0 0 0 0 0 96 928 0 0 0 0 0 0 0 0 0 1024 
1024 0 0 0 0 0 0 0 0 0 0 0 202 822 0 0 0 0 0 0 0 0 0 1024 
1024 0 0 0 0 0 0 0 0 0 0 0 392 632 0 0 0 0 0 0 0 0 0 1024 
749 275 0 0 0 0 0 0 0 0 0 0 0 394 630 0 0 0 0 0 0 0 0 1024 
625 387 12 0 0 0 0 0 0 0 0 0 0 249 775 0 0 0 0 0 0 0 0 1024 
558 396 70 0 0 0 0 0 0 0 0 0 0 151 873 0 0 0 0 0 0 0 0 1024 
528 406 90 0 0 0 0 0 0 0 0 0 0 116 908 0 0 0 0 0 0 0 0 1024 
559 351 114 0 0 0 0 0 0 0 0 0 0 113 911 0 0 0 0 0 0 0 0 1024 
633 330 61 0 0 0 0 0 0 0 0 0 0 199 825 0 0 0 0 0 0 0 0 1024 
729 295 0 0 0 0 0 0 0 0 0 0 0 350 674 0 0 0 0 0 0 0 0 1024 
832 192 0 0 0 0 0 0 0 0 0 0 0 575 449 0 0 0 0 0 0 0 0 1024 
17 76 412 270 184 17 9 39 0 0 0 3 17 6 624 374 0 0 0 0 0 1 16 1007 
0 30 377 336 221 46 9 5 0 0 0 0 0 0 498 526 0 0 0 0 0 0 0 1024 
0 0 365 303 175 63 42 76 0 0 0 0 0 0 452 572 0 0 0 0 0 0 0 1024 
0 0 329 277 106 105 73 134 0 0 0 0 0 0 417 607 0 0 0 0 0 0 1 1023 
0 0 322 282 110 60 64 186 0 0 0 0 0 0 395 629 0 0 0 0 0 0 0 1024 
0 5 303 306 165 52 70 123 0 0 0 0 0 0 393 631 0 0 0 0 0 0 0 1024 
0 107 289 290 294 15 6 23 0 0 0 0 0 0 494 530 0 0 0 0 0 0 0 1024 
3 246 283 297 195 0 0 0 0 0 2 1 1 2 684 334 0 0 0 2 1 1 2 1018 
187 89 113 129 136 114 90 166 8 24 99 77 153 185 178 300 0 1 11 25 106 124 218 539 
490 99 85 97 72 67 48 66 71 15 177 175 164 137 114 171 58 13 10 21 92 243 205 382 
452 82 84 75 68 165 48 50 0 0 123 278 120 113 113 277 0 0 0 1 26 345 162 490 
219 65 83 98 118 155 133 153 0 1 44 176 92 133 151 427 0 0 0 1 33 188 146 656 
81 39 55 85 117 135 173 339 23 36 29 37 63 121 165 550 9 17 33 22 29 58 118 738 
178 71 105 105 85 150 115 215 40 32 80 96 102 131 123 420 8 38 25 55 84 117 113 584 
46 67 128 176 151 232 95 129 9 17 38 100 161 163 131 405 2 10 22 39 89 171 156 535 
67 118 190 199 222 177 39 12 9 30 72 145 216 194 109 249 1 9 28 66 148 208 200 364 
883 82 37 17 3 2 0 0 422 184 299 61 42 10 6 0 206 491 188 60 49 22 6 2 
972 35 12 2 3 0 0 0 780 94 119 23 4 3 1 0 751 160 54 25 23 10 1 0 
722 172 64 39 23 4 0 0 296 168 267 168 80 33 12 0 195 228 162 127 154 109 39 10 
690 125 108 65 23 12 1 0 235 253 231 141 93 55 12 4 123 180 169 199 204 99 33 17 
397 171 169 131 61 51 31 13 177 178 147 177 158 84 57 46 110 138 136 175 176 123 76 90 
226 186 209 167 115 57 43 21 93 93 141 221 200 138 76 62 50 92 92 178 202 174 125 111 
217 172 245 188 107 52 20 23 91 98 148 228 219 136 61 43 56 74 115 166 220 191 111 91 
129 165 211 182 125 75 29 108 47 68 127 216 208 145 80 133 22 42 70 164 186 214 132 194 
637 190 130 47 17 2 1 0 201 270 305 149 73 23 2 1 309 339 178 87 75 26 9 1 
698 191 115 18 0 2 0 0 135 247 439 182 18 1 2 0 257 428 237 81 18 1 2 0 
627 271 91 17 14 3 1 0 12 124 578 262 26 17 3 2 76 494 308 109 17 14 4 2 
738 177 59 22 8 12 8 0 101 140 556 148 44 14 10 11 108 455 287 83 53 14 10 14 
751 144 70 39 11 5 4 0 75 202 503 152 65 14 9 4 55 402 265 157 98 28 11 8 
681 146 127 51 15 2 2 0 149 307 289 142 104 24 7 2 95 286 231 220 147 31 8 6 
708 142 113 32 13 7 1 8 84 424 242 181 59 18 8 8 50 74 163 364 319 34 11 9 
792 112 48 33 19 11 8 1 268 277 249 121 56 33 12 8 231 71 112 279 202 72 39 18 
526 200 160 73 43 10 7 5 237 305 216 143 73 32 11 7 257 251 188 151 95 46 22 14 
460 173 114 114 76 56 19 12 182 228 215 130 122 88 42 17 237 193 142 129 107 103 71 42 
552 179 112 97 55 20 9 0 159 242 268 148 96 82 18 11 159 238 183 159 104 85 75 21 
649 112 74 59 58 53 18 1 225 142 272 149 78 76 66 16 290 265 96 84 64 69 93 63 
728 102 69 39 32 32 22 0 212 199 335 117 63 41 38 19 415 254 89 70 61 49 45 41 
835 98 65 18 6 2 0 0 131 275 389 159 54 8 7 1 442 315 143 54 50 15 4 1 
859 64 21 15 12 6 8 39 196 301 351 99 13 14 4 46 498 283 129 35 15 12 6 46 
690 121 96 32 19 17 7 42 87 350 310 140 44 28 20 45 288 347 102 121 60 31 22 53 
855 114 40 10 4 1 0 0 429 392 129 55 11 6 2 0 599 212 121 53 28 8 3 0 
729 154 66 24 21 7 9 14 155 479 199 107 33 19 13 19 485 227 148 67 39 21 14 23 
581 222 126 49 16 14 11 5 212 251 283 164 62 27 15 10 295 227 186 160 86 32 20 18 
588 106 108 137 64 20 1 0 408 154 123 101 104 102 22 10 387 137 113 96 92 79 87 33 
670 142 107 62 32 7 4 0 393 234 138 97 94 50 14 4 382 193 132 94 68 96 46 13 
607 155 138 77 40 7 0 0 392 152 138 131 121 69 21 0 348 120 127 132 110 113 65 9 
791 152 36 27 8 7 3 0 242 251 326 135 29 26 7 8 345 357 134 87 46 18 22 15 
750 211 28 17 2 7 5 4 44 228 529 166 26 15 5 11 177 500 218 64 30 17 6 12 
