0 0 0 0 0 59 965 0 0 0 0 0 0 0 1015 9 0 0 0 0 0 0 0 1024 
0 0 0 0 0 210 814 0 0 0 0 0 0 0 1023 1 0 0 0 0 0 0 0 1024 
0 0 0 0 0 217 807 0 0 0 0 0 0 0 1011 13 0 0 0 0 0 0 0 1024 
0 0 0 0 0 385 639 0 0 0 0 0 0 0 986 38 0 0 0 0 0 0 0 1024 
0 0 0 0 0 567 457 0 0 0 0 0 0 0 958 66 0 0 0 0 0 0 0 1024 
0 0 0 0 0 904 120 0 0 0 0 0 0 0 1024 0 0 0 0 0 0 0 0 1024 
0 0 0 0 0 792 232 0 0 0 0 0 0 0 1024 0 0 0 0 0 0 0 0 1024 
0 0 0 0 0 898 126 0 0 0 0 0 0 0 1024 0 0 0 0 0 0 0 0 1024 
0 0 0 0 0 1001 23 0 0 0 0 0 0 0 1024 0 0 0 0 0 0 0 0 1024 
0 0 0 0 0 951 73 0 0 0 0 0 0 0 1024 0 0 0 0 0 0 0 0 1024 
0 0 0 0 0 788 236 0 0 0 0 0 0 0 1024 0 0 0 0 0 0 0 0 1024 
0 0 0 0 0 661 363 0 0 0 0 0 0 0 1019 5 0 0 0 0 0 0 0 1024 
0 0 0 0 0 813 211 0 0 0 0 0 0 0 1024 0 0 0 0 0 0 0 0 1024 
0 0 0 0 0 941 83 0 0 0 0 0 0 0 1024 0 0 0 0 0 0 0 1 1023 
0 0 0 0 0 926 98 0 0 0 0 0 0 0 1024 0 0 0 0 0 0 0 0 1024 
0 0 0 0 0 929 95 0 0 0 0 0 0 0 1024 0 0 0 0 0 0 0 0 1024 
0 0 0 0 0 807 192 25 0 0 0 0 0 0 957 67 0 0 0 0 0 0 27 997 
0 0 0 0 0 945 79 0 0 0 0 0 0 0 1019 5 0 0 0 0 0 0 3 1021 
0 0 0 0 0 1022 2 0 0 0 0 0 0 0 1024 0 0 0 0 0 0 0 0 1024 
0 0 0 0 0 975 49 0 0 0 0 0 0 0 1022 2 0 0 0 0 0 0 16 1008 
0 0 0 0 0 920 104 0 0 0 0 0 0 2 1021 1 0 0 0 0 0 0 21 1003 
0 0 0 0 0 1005 19 0 0 0 0 0 0 3 1021 0 0 0 0 0 0 0 22 1002 
0 0 0 0 0 1020 4 0 0 0 0 0 0 19 1005 0 0 0 0 0 0 0 39 985 
0 0 0 0 0 979 45 0 0 0 0 0 0 100 924 0 0 0 0 0 0 0 123 901 
0 0 2 39 177 806 0 0 0 0 0 4 56 357 607 0 0 0 0 0 4 33 571 416 
0 0 0 8 187 829 0 0 0 0 0 0 31 242 751 0 0 0 0 0 0 0 394 630 
0 0 0 1 190 833 0 0 0 0 0 0 28 227 769 0 0 0 0 0 0 0 386 638 
0 0 0 24 185 815 0 0 0 0 0 0 81 249 694 0 0 0 0 0 0 0 517 507 
0 0 0 16 205 803 0 0 0 0 0 0 76 377 571 0 0 0 0 0 0 1 625 398 
0 0 0 20 203 801 0 0 0 0 0 0 64 412 548 0 0 0 0 0 0 2 650 372 
0 0 0 10 220 794 0 0 0 0 0 0 63 594 367 0 0 0 0 0 0 0 778 246 
0 0 0 26 231 767 0 0 0 0 0 0 105 798 121 0 0 0 0 0 0 8 870 146 
29 312 266 370 47 0 0 0 14 101 388 227 290 4 0 0 24 44 54 415 103 330 54 0 
0 245 242 370 167 0 0 0 0 46 315 220 407 36 0 0 0 0 0 348 183 406 87 0 
0 326 176 453 69 0 0 0 0 145 246 264 367 2 0 0 0 0 0 346 202 397 79 0 
0 237 238 460 89 0 0 0 0 75 308 227 408 6 0 0 0 0 0 320 215 426 63 0 
0 248 391 310 73 2 0 0 0 97 321 340 253 13 0 0 0 1 232 50 397 272 72 0 
52 447 153 311 59 2 0 0 28 343 259 81 297 16 0 0 0 145 310 56 155 311 47 0 
112 416 107 319 55 10 5 0 53 425 144 71 300 23 8 0 0 283 253 35 97 290 60 6 
68 513 71 333 39 0 0 0 14 536 81 70 319 4 0 0 1 373 194 40 60 316 40 0 
139 454 340 54 27 10 0 0 72 226 537 147 31 11 0 0 150 249 241 298 65 20 1 0 
74 451 375 113 11 0 0 0 22 337 367 273 24 1 0 0 46 306 196 332 142 2 0 0 
99 508 342 56 17 2 0 0 23 416 343 217 21 4 0 0 1 373 256 281 95 18 0 0 
169 568 186 96 2 3 0 0 99 468 306 146 5 0 0 0 9 408 364 214 29 0 0 0 
273 587 119 45 0 0 0 0 133 616 259 16 0 0 0 0 12 630 369 13 0 0 0 0 
454 555 11 4 0 0 0 0 252 743 24 5 0 0 0 0 90 862 67 5 0 0 0 0 
459 548 10 7 0 0 0 0 166 784 66 8 0 0 0 0 204 719 93 8 0 0 0 0 
528 491 5 0 0 0 0 0 219 691 113 1 0 0 0 0 561 420 43 0 0 0 0 0 
764 245 15 0 0 0 0 0 585 336 95 8 0 0 0 0 855 165 4 0 0 0 0 0 
441 503 68 10 1 1 0 0 197 550 233 42 1 1 0 0 381 551 85 6 0 1 0 0 
369 523 127 5 0 0 0 0 160 548 239 75 2 0 0 0 217 658 149 0 0 0 0 0 
457 470 97 0 0 0 0 0 256 516 223 29 0 0 0 0 174 697 152 1 0 0 0 0 
542 469 13 0 0 0 0 0 323 541 160 0 0 0 0 0 308 704 12 0 0 0 0 0 
513 499 12 0 0 0 0 0 298 603 121 2 0 0 0 0 494 519 11 0 0 0 0 0 
689 321 14 0 0 0 0 0 448 470 104 2 0 0 0 0 719 291 14 0 0 0 0 0 
944 78 2 0 0 0 0 0 758 259 7 0 0 0 0 0 986 38 0 0 0 0 0 0 
914 105 5 0 0 0 0 0 761 236 25 2 0 0 0 0 955 69 0 0 0 0 0 0 
772 232 20 0 0 0 0 0 506 426 84 8 0 0 0 0 849 169 6 0 0 0 0 0 
310 490 189 35 0 0 0 0 175 378 395 76 0 0 0 0 392 530 101 1 0 0 0 0 
115 545 320 41 3 0 0 0 61 390 460 110 3 0 0 0 214 617 186 7 0 0 0 0 
255 661 102 6 0 0 0 0 134 643 224 23 0 0 0 0 430 559 35 0 0 0 0 0 
702 306 16 0 0 0 0 0 475 465 78 6 0 0 0 0 815 205 4 0 0 0 0 0 
663 342 19 0 0 0 0 0 406 534 73 11 0 0 0 0 791 231 2 0 0 0 0 0 
696 297 31 0 0 0 0 0 519 377 111 17 0 0 0 0 799 217 8 0 0 0 0 0 
