46 12 14 8 43 466 152 283 46 10 16 8 23 351 270 300 46 11 15 8 13 307 329 295 
97 24 20 10 58 452 159 204 96 24 19 12 20 375 258 220 96 24 20 11 20 304 338 211 
62 18 16 17 39 431 177 264 64 17 16 17 23 313 294 280 64 17 15 17 23 244 369 275 
79 7 12 10 22 425 181 288 79 7 12 11 14 273 323 305 79 7 12 11 13 210 394 298 
87 17 17 19 26 404 194 260 88 17 16 19 27 283 296 278 88 16 17 19 27 212 376 269 
65 18 14 32 23 296 272 304 65 18 13 35 18 184 358 333 65 18 13 34 19 128 423 324 
88 25 16 4 9 275 272 335 88 25 16 4 9 155 365 362 88 25 16 4 9 95 409 378 
15 2 4 9 7 252 253 482 15 2 4 10 6 136 338 513 15 2 4 9 7 27 421 539 
0 0 0 0 0 224 255 545 0 0 0 0 0 141 303 580 0 0 0 0 0 35 396 593 
0 0 0 0 0 158 287 579 0 0 0 0 0 48 370 606 0 0 0 0 0 5 399 620 
0 0 0 0 0 71 329 624 0 0 0 0 0 28 324 672 0 0 0 0 0 16 310 698 
0 0 0 0 0 48 279 697 0 0 0 0 0 10 263 751 0 0 0 0 0 6 276 742 
0 0 0 0 0 16 269 739 0 0 0 0 0 0 220 804 0 0 0 0 0 0 226 798 
0 0 0 0 0 25 162 837 0 0 0 0 0 2 158 864 0 0 0 0 0 0 156 868 
0 0 0 0 0 2 178 844 0 0 0 0 0 0 139 885 0 0 0 0 0 0 158 866 
0 0 0 0 0 0 199 825 0 0 0 0 0 0 154 870 0 0 0 0 0 0 154 870 
0 0 0 0 0 0 143 881 0 0 0 0 0 0 101 923 0 0 0 0 0 0 111 913 
0 0 0 0 0 0 117 907 0 0 0 0 0 0 95 929 0 0 0 0 0 0 104 920 
0 0 0 0 0 0 78 946 0 0 0 0 0 0 66 958 0 0 0 0 0 0 71 953 
0 0 0 0 0 0 23 1001 0 0 0 0 0 0 10 1014 0 0 0 0 0 0 14 1010 
0 0 0 0 0 0 12 1012 0 0 0 0 0 0 12 1012 0 0 0 0 0 0 12 1012 
0 0 0 0 0 0 0 1024 0 0 0 0 0 0 0 1024 0 0 0 0 0 0 0 1024 
0 0 0 0 0 0 0 1024 0 0 0 0 0 0 0 1024 0 0 0 0 0 0 0 1024 
0 0 0 0 0 1 13 1010 0 0 0 0 0 1 11 1012 0 0 0 0 0 4 12 1008 
0 0 0 0 3 32 105 884 0 0 0 0 3 33 108 880 0 0 0 2 3 76 83 860 
0 0 0 0 1 52 182 789 0 0 0 0 1 51 181 791 0 0 0 0 2 177 56 789 
0 0 0 0 0 15 208 801 0 0 0 0 0 7 231 786 0 0 0 0 0 42 223 759 
0 0 0 0 0 0 2 1022 0 0 0 0 0 0 8 1016 0 0 0 0 0 0 57 967 
0 0 0 0 0 7 41 976 0 0 0 0 0 0 45 979 0 0 0 0 0 33 23 968 
0 0 0 0 0 0 0 1024 0 0 0 0 0 0 0 1024 0 0 0 0 0 0 1 1023 
0 0 0 0 0 0 0 1024 0 0 0 0 0 0 0 1024 0 0 0 0 0 0 0 1024 
0 0 0 0 0 0 0 1024 0 0 0 0 0 0 0 1024 0 0 0 0 0 0 0 1024 
0 0 0 0 0 0 11 1013 0 0 0 0 0 0 11 1013 0 0 0 0 0 0 57 967 
0 0 0 0 0 0 5 1019 0 0 0 0 0 0 8 1016 0 0 0 0 0 0 55 969 
0 0 0 0 0 0 21 1003 0 0 0 0 0 0 50 974 0 0 0 0 0 0 158 866 
0 0 0 0 0 0 105 919 0 0 0 0 0 0 152 872 0 0 0 0 0 2 236 786 
0 0 0 0 0 2 105 917 0 0 0 0 0 2 181 841 0 0 0 0 0 10 245 769 
0 0 0 0 0 8 232 784 0 0 0 0 0 12 273 739 0 0 0 0 0 35 271 718 
0 0 0 0 1 39 269 715 0 0 0 0 1 38 271 714 0 0 0 0 12 136 170 706 
0 0 0 0 3 29 176 816 0 0 0 0 0 51 155 818 0 0 0 0 16 175 25 808 
0 0 0 0 558 466 0 0 0 0 0 0 273 750 1 0 0 0 0 0 58 931 35 0 
0 0 0 0 422 602 0 0 0 0 0 0 146 871 7 0 0 0 0 0 43 948 33 0 
0 0 0 0 324 700 0 0 0 0 0 0 97 926 1 0 0 0 0 0 29 944 51 0 
0 0 0 0 276 747 1 0 0 0 0 0 29 990 5 0 0 0 0 0 7 981 36 0 
0 0 0 0 172 852 0 0 0 0 0 0 43 981 0 0 0 0 0 0 8 948 68 0 
0 0 0 0 152 872 0 0 0 0 0 0 21 996 7 0 0 0 0 0 5 941 78 0 
0 0 0 0 55 965 4 0 0 0 0 0 2 991 31 0 0 0 0 0 0 851 173 0 
0 0 0 0 14 1007 3 0 0 0 0 0 0 994 30 0 0 0 0 0 0 898 126 0 
0 0 0 0 36 982 6 0 0 0 0 0 9 959 56 0 0 0 0 0 4 815 205 0 
0 0 0 0 10 985 29 0 0 0 0 0 0 866 158 0 0 0 0 0 0 669 355 0 
0 0 0 0 18 926 80 0 0 0 0 0 2 745 274 3 0 0 0 0 0 540 481 3 
0 0 0 0 0 755 261 8 0 0 0 0 0 564 444 16 0 0 0 0 0 396 603 25 
0 0 0 0 0 643 372 9 0 0 0 0 0 342 666 16 0 0 0 0 0 232 765 27 
0 0 0 0 0 523 484 17 0 0 0 0 0 282 710 32 0 0 0 0 0 206 790 28 
0 0 0 0 1 342 607 74 0 0 0 0 0 169 737 118 0 0 0 0 0 133 768 123 
0 0 0 0 2 333 594 95 0 0 0 0 0 183 678 163 0 0 0 0 0 155 700 169 
0 0 0 0 0 300 576 148 0 0 0 0 0 145 662 217 0 0 0 0 0 147 681 196 
0 0 0 0 0 117 666 241 0 0 0 0 0 56 661 307 0 0 0 0 0 77 654 293 
0 0 0 0 0 81 601 342 0 0 0 0 0 42 572 410 0 0 0 0 0 55 612 357 
0 0 0 0 0 20 466 538 0 0 0 0 0 10 411 603 0 0 0 0 0 16 505 503 
0 0 0 0 0 9 371 644 0 0 0 0 0 5 350 669 0 0 0 0 0 9 416 599 
0 0 0 0 0 12 375 637 0 0 0 0 0 15 342 667 0 0 0 0 0 26 413 585 
0 0 0 0 0 18 260 746 0 0 0 0 0 16 250 758 0 0 0 0 0 24 296 704 
0 0 0 0 0 2 154 868 0 0 0 0 0 1 139 884 0 0 0 0 0 5 193 826 
0 0 0 0 0 9 185 830 0 0 0 0 0 17 178 829 0 0 0 0 0 33 219 772 
0 0 0 0 0 12 252 760 0 0 0 0 0 43 222 759 0 0 0 0 0 85 207 732 
0 0 0 0 0 2 127 895 0 0 0 0 0 2 139 883 0 0 0 0 0 2 201 821 
0 0 0 0 2 219 181 622 0 0 0 0 2 277 141 604 0 0 0 0 2 344 111 567 
0 0 0 55 458 238 266 7 0 0 0 27 486 239 266 6 0 0 0 292 231 459 40 2 
0 0 0 113 540 35 294 42 0 0 0 72 575 34 300 43 0 0 0 324 339 168 183 10 
0 0 0 80 597 39 162 146 0 0 0 67 608 37 178 134 0 0 0 273 423 27 273 28 
0 0 0 9 621 109 147 138 0 0 0 10 622 106 141 145 0 0 0 179 531 123 132 59 
0 0 0 33 625 112 135 119 0 0 0 55 614 107 139 109 0 0 0 251 476 100 165 32 
0 0 0 70 583 91 198 82 0 0 0 82 583 82 215 62 0 0 1 208 510 122 169 14 
0 0 0 78 620 130 135 61 0 0 0 95 645 90 137 57 0 0 0 307 491 97 119 10 
0 0 0 253 532 100 102 37 0 0 0 317 511 59 99 38 0 0 17 525 322 81 79 0 
0 0 4 413 322 157 89 39 0 0 4 446 306 138 89 41 0 0 29 572 229 108 82 4 
0 0 104 285 408 168 42 17 0 0 101 340 371 156 41 15 0 0 149 489 225 123 31 7 
0 0 81 336 383 217 7 0 0 0 84 389 329 216 6 0 0 0 104 546 267 107 0 0 
0 0 48 293 476 163 44 0 0 0 47 340 450 144 43 0 0 0 60 539 300 125 0 0 
0 0 0 6 417 592 9 0 0 0 0 0 210 781 33 0 0 0 0 0 53 879 92 0 
0 0 0 5 449 570 0 0 0 0 0 0 195 824 5 0 0 0 0 0 56 893 75 0 
0 0 0 0 307 715 2 0 0 0 0 0 106 900 18 0 0 0 0 0 22 925 77 0 
0 0 0 2 205 784 33 0 0 0 0 0 75 860 89 0 0 0 0 0 19 813 192 0 
0 0 0 0 144 880 0 0 0 0 0 0 30 966 28 0 0 0 0 0 5 891 128 0 
0 0 0 2 157 863 2 0 0 0 0 0 45 909 70 0 0 0 0 0 28 779 217 0 
0 0 0 0 162 856 6 0 0 0 0 0 15 937 72 0 0 0 0 0 4 837 183 0 
0 0 0 0 71 937 16 0 0 0 0 0 20 882 122 0 0 0 0 0 3 737 284 0 
0 0 0 0 47 961 16 0 0 0 0 0 8 879 137 0 0 0 0 0 1 665 358 0 
0 0 0 0 97 900 27 0 0 0 0 0 27 849 147 1 0 0 0 0 8 681 332 3 
0 0 0 0 55 865 102 2 0 0 0 0 8 730 283 3 0 0 0 0 1 539 476 8 
0 0 0 0 32 852 140 0 0 0 0 0 8 591 425 0 0 0 0 0 3 457 564 0 
0 0 0 0 15 831 174 4 0 0 0 0 4 613 402 5 0 0 0 0 2 460 557 5 
0 0 0 0 23 700 292 9 0 0 0 0 10 519 482 13 0 0 0 0 5 415 589 15 
0 0 0 0 5 559 440 20 0 0 0 0 0 349 643 32 0 0 0 0 0 336 656 32 
0 0 0 0 1 410 591 22 0 0 0 0 0 270 703 51 0 0 0 0 0 270 703 51 
0 0 0 0 9 350 647 18 0 0 0 0 2 208 758 56 0 0 0 0 2 203 764 55 
0 0 0 0 9 240 711 64 0 0 0 0 7 168 746 103 0 0 0 0 7 177 748 92 
0 0 0 0 1 249 714 60 0 0 0 0 0 160 757 107 0 0 0 0 0 179 759 86 
0 0 0 0 3 269 688 64 0 0 0 0 0 192 734 98 0 0 0 0 0 218 719 87 
0 0 0 0 10 175 723 116 0 0 0 0 9 143 730 142 0 0 0 0 10 157 729 128 
0 0 0 0 4 181 580 259 0 0 0 0 3 155 569 297 0 0 0 0 4 183 598 239 
0 0 0 0 0 109 449 466 0 0 0 0 0 89 427 508 0 0 0 0 1 121 489 413 
0 0 0 0 2 66 408 548 0 0 0 0 2 63 393 566 0 0 0 0 2 90 457 475 
0 0 0 0 0 29 402 593 0 0 0 0 0 26 384 614 0 0 0 0 1 40 484 499 
0 0 0 0 0 7 274 743 0 0 0 0 0 7 261 756 0 0 0 0 0 11 364 649 
0 0 87 55 6 39 206 631 0 0 35 105 4 32 197 651 0 0 90 53 7 46 272 556 
0 0 204 67 24 19 89 621 0 0 125 143 21 26 83 626 0 0 215 65 23 20 111 590 
0 1 51 588 351 9 6 18 0 0 37 545 407 11 7 17 0 0 57 878 58 10 6 15 
0 31 210 724 59 0 0 0 0 2 225 653 144 0 0 0 0 23 214 786 1 0 0 0 
0 23 195 796 10 0 0 0 0 6 185 809 24 0 0 0 0 9 226 789 0 0 0 0 
0 10 546 380 80 8 0 0 0 0 512 416 88 8 0 0 0 6 567 396 50 5 0 0 
0 142 375 433 72 2 0 0 0 38 452 456 78 0 0 0 0 67 502 417 38 0 0 0 
0 203 363 423 35 0 0 0 0 108 422 448 46 0 0 0 0 129 472 408 15 0 0 0 
0 159 272 509 84 0 0 0 0 112 318 513 81 0 0 0 0 133 380 466 45 0 0 0 
0 230 382 252 116 35 9 0 0 152 462 260 111 34 5 0 0 173 525 213 82 29 2 0 
0 237 495 171 71 34 12 4 0 135 581 194 67 30 13 4 0 167 594 164 60 30 7 2 
0 157 543 255 36 16 12 5 0 120 575 266 30 17 13 3 0 140 623 212 24 13 12 0 
0 89 637 287 9 1 1 0 0 84 676 254 9 1 0 0 0 114 722 181 6 1 0 0 
0 2 793 217 9 3 0 0 0 0 830 186 8 0 0 0 0 9 891 117 7 0 0 0 
0 0 1 75 542 398 8 0 0 0 0 27 353 621 23 0 0 0 0 2 221 719 82 0 
0 0 0 65 485 467 7 0 0 0 0 11 295 693 23 2 0 0 0 4 163 750 104 3 
0 0 0 57 609 353 5 0 0 0 0 7 402 583 32 0 0 0 0 2 237 704 81 0 
0 0 0 31 584 409 0 0 0 0 0 16 226 777 5 0 0 0 0 7 89 865 63 0 
0 0 0 4 434 540 42 4 0 0 0 0 181 749 86 8 0 0 0 0 106 751 154 13 
0 0 0 4 373 636 11 0 0 0 0 0 104 821 99 0 0 0 0 0 52 805 167 0 
0 0 0 0 282 722 20 0 0 0 0 0 57 908 59 0 0 0 0 0 17 853 154 0 
0 0 0 0 264 741 19 0 0 0 0 0 60 909 54 1 0 0 0 0 18 866 139 1 
0 0 0 0 212 740 67 5 0 0 0 0 71 729 217 7 0 0 0 0 42 684 292 6 
0 0 0 0 97 812 113 2 0 0 0 0 31 647 341 5 0 0 0 0 13 536 471 4 
0 0 0 0 61 732 231 0 0 0 0 0 18 565 438 3 0 0 0 0 9 443 563 9 
0 0 0 0 22 700 295 7 0 0 0 0 1 439 567 17 0 0 0 0 1 356 643 24 
0 0 0 0 17 585 414 8 0 0 0 0 7 368 632 17 0 0 0 0 4 329 665 26 
0 0 0 1 54 477 443 49 0 0 0 0 31 335 582 76 0 0 0 0 26 320 602 76 
22 77 11 8 44 353 398 111 0 66 36 10 25 266 450 171 0 82 24 9 26 274 450 159 
212 233 101 26 23 158 212 59 0 365 119 78 14 93 270 85 1 382 130 54 15 96 263 83 
465 283 27 11 18 44 138 38 0 677 79 19 17 28 138 66 0 711 56 12 18 32 137 58 
521 272 24 16 15 46 100 30 0 698 105 20 14 26 110 51 1 740 68 19 10 40 116 30 
495 268 21 8 18 52 150 12 0 692 75 19 17 48 104 69 0 752 27 11 19 50 144 21 
193 344 38 17 20 97 244 71 0 425 122 37 18 68 237 117 0 494 78 19 18 79 234 102 
73 588 177 27 15 57 64 23 0 303 491 61 18 36 79 36 0 356 462 45 13 41 77 30 
57 686 161 23 7 16 47 27 0 310 547 61 13 11 31 51 0 395 497 33 9 16 46 28 
119 432 296 62 14 43 29 29 0 377 384 138 18 34 31 42 0 443 383 81 15 40 30 32 
7 604 242 66 19 11 24 51 0 228 579 89 34 11 20 63 0 304 534 78 22 14 23 49 
1 594 344 41 4 2 20 18 0 148 706 112 15 2 9 32 0 194 731 55 2 4 21 17 
0 604 289 38 8 8 13 64 0 314 529 84 9 9 8 71 0 431 452 48 9 7 22 55 
1 608 396 11 1 3 2 2 0 419 575 21 1 3 2 3 0 475 529 12 1 3 2 2 
0 712 312 0 0 0 0 0 0 382 623 19 0 0 0 0 0 494 517 13 0 0 0 0 
0 597 416 11 0 0 0 0 0 230 769 25 0 0 0 0 0 244 759 21 0 0 0 0 
0 930 92 2 0 0 0 0 0 473 550 1 0 0 0 0 0 520 503 1 0 0 0 0 
0 852 145 24 3 0 0 0 0 503 477 39 5 0 0 0 0 516 468 36 4 0 0 0 
0 732 212 68 12 0 0 0 0 426 491 95 12 0 0 0 0 518 434 61 11 0 0 0 
0 834 135 55 0 0 0 0 0 544 414 66 0 0 0 0 0 591 375 58 0 0 0 0 
0 945 79 0 0 0 0 0 0 806 218 0 0 0 0 0 0 774 250 0 0 0 0 0 
0 815 192 15 2 0 0 0 0 618 387 18 1 0 0 0 0 637 373 12 2 0 0 0 
7 854 147 14 2 0 0 0 0 744 249 28 3 0 0 0 0 699 300 22 3 0 0 0 
27 728 218 39 12 0 0 0 0 691 272 48 13 0 0 0 0 672 296 49 7 0 0 0 
4 675 251 61 30 3 0 0 0 647 280 64 30 3 0 0 0 655 276 62 28 3 0 0 
1 580 271 88 25 37 17 5 0 555 297 96 23 33 18 2 7 535 318 91 37 27 9 0 
0 155 462 191 86 67 50 13 0 150 490 184 90 61 46 3 0 184 498 171 84 55 32 0 
0 0 0 97 639 288 0 0 0 0 0 37 472 503 12 0 0 0 0 6 278 675 65 0 
0 0 0 108 624 289 3 0 0 0 0 30 466 520 8 0 0 0 0 11 280 677 56 0 
0 0 0 84 505 425 10 0 0 0 0 34 328 616 44 2 0 0 0 8 223 664 127 2 
0 0 0 113 566 343 2 0 0 0 0 38 399 565 22 0 0 0 0 7 258 662 97 0 
0 0 7 81 444 462 23 7 0 0 1 29 306 622 56 10 0 0 0 17 207 657 130 13 
0 0 0 14 431 535 44 0 0 0 0 1 247 690 86 0 0 0 0 0 137 713 171 3 
0 0 1 15 199 744 61 4 0 0 0 9 80 776 153 6 0 0 0 7 53 702 253 9 
0 0 2 40 254 687 41 0 0 0 0 22 115 759 124 4 0 0 0 11 84 684 237 8 
0 0 0 3 171 695 137 18 0 0 0 0 71 664 264 25 0 0 0 0 54 596 348 26 
0 0 0 0 62 767 190 5 0 0 0 0 13 653 345 13 0 0 0 0 12 551 446 15 
0 0 0 0 59 689 266 10 0 0 0 0 16 519 478 11 0 0 0 0 14 433 565 12 
0 0 0 0 90 630 295 9 0 0 0 0 25 479 506 14 0 0 0 0 20 448 539 17 
0 0 0 0 65 492 440 27 0 0 0 0 35 372 576 41 0 0 0 0 38 361 581 44 
0 0 0 0 46 407 503 68 0 0 0 0 19 323 569 113 0 0 0 0 20 315 578 111 
283 156 28 27 63 173 254 40 0 406 52 15 53 127 300 71 2 418 41 17 59 134 286 67 
974 45 5 0 0 0 0 0 0 999 25 0 0 0 0 0 71 926 27 0 0 0 0 0 
888 136 0 0 0 0 0 0 0 1015 9 0 0 0 0 0 2 998 24 0 0 0 0 0 
1014 10 0 0 0 0 0 0 0 1024 0 0 0 0 0 0 1 1023 0 0 0 0 0 0 
1024 0 0 0 0 0 0 0 0 1024 0 0 0 0 0 0 15 1009 0 0 0 0 0 0 
990 31 3 0 0 0 0 0 0 1005 19 0 0 0 0 0 0 1008 16 0 0 0 0 0 
834 171 18 1 0 0 0 0 0 948 67 9 0 0 0 0 6 921 87 10 0 0 0 0 
429 347 184 48 14 2 0 0 0 584 303 112 20 5 0 0 16 594 266 122 22 4 0 0 
587 260 136 38 3 0 0 0 0 743 227 47 7 0 0 0 0 759 207 52 6 0 0 0 
445 513 52 14 0 0 0 0 0 926 72 26 0 0 0 0 0 936 71 17 0 0 0 0 
483 541 0 0 0 0 0 0 0 992 32 0 0 0 0 0 0 1007 17 0 0 0 0 0 
265 725 34 0 0 0 0 0 0 854 170 0 0 0 0 0 0 861 163 0 0 0 0 0 
266 752 6 0 0 0 0 0 0 942 82 0 0 0 0 0 0 968 56 0 0 0 0 0 
156 868 0 0 0 0 0 0 0 1024 0 0 0 0 0 0 0 1024 0 0 0 0 0 0 
108 786 85 33 12 0 0 0 0 797 168 48 11 0 0 0 0 825 143 46 10 0 0 0 
18 340 291 224 93 42 16 0 0 273 353 235 100 56 7 0 0 295 361 238 84 42 4 0 
3 350 212 263 90 39 44 23 0 297 259 275 92 42 41 18 1 300 297 249 85 44 39 9 
31 601 180 103 75 27 6 1 0 616 185 112 80 25 6 0 0 596 229 114 58 23 4 0 
44 580 122 97 128 30 15 8 2 592 153 98 132 29 16 2 2 604 160 119 104 18 16 1 
76 565 140 146 79 18 0 0 2 608 174 152 75 13 0 0 1 622 186 141 65 9 0 0 
201 489 115 98 81 39 1 0 1 671 132 117 71 32 0 0 5 656 155 109 77 22 0 0 
495 489 23 12 4 1 0 0 56 921 29 13 4 1 0 0 83 885 38 13 4 1 0 0 
679 319 11 10 5 0 0 0 72 919 17 9 7 0 0 0 95 901 13 9 6 0 0 0 
146 684 82 62 38 12 0 0 6 783 117 67 47 4 0 0 22 773 127 59 42 1 0 0 
58 772 148 33 8 5 0 0 20 760 196 29 13 6 0 0 16 719 244 33 8 4 0 0 
109 713 175 23 4 0 0 0 53 759 180 31 1 0 0 0 16 721 253 34 0 0 0 0 
0 0 11 116 520 364 13 0 0 0 0 67 367 556 34 0 0 0 0 25 250 647 101 1 
0 0 0 112 620 279 13 0 0 0 0 33 495 463 33 0 0 0 0 9 321 632 62 0 
0 0 12 118 493 384 15 2 0 0 0 37 375 570 36 6 0 0 0 14 267 633 102 8 
0 0 0 59 424 477 41 23 0 0 0 22 292 598 87 25 0 0 0 7 182 654 151 30 
0 0 3 69 296 624 31 1 0 0 0 33 168 727 94 2 0 0 0 16 130 712 161 5 
0 0 0 23 406 530 63 2 0 0 0 13 230 635 140 6 0 0 0 9 150 646 210 9 
0 0 0 16 169 601 195 43 0 0 0 0 106 548 322 48 0 0 0 3 85 504 377 55 
0 0 0 0 168 678 168 10 0 0 0 0 70 636 304 14 0 0 0 0 36 571 402 15 
0 0 0 2 116 611 269 26 0 0 0 0 63 527 403 31 0 0 0 0 44 476 459 45 
0 0 0 0 65 644 295 20 0 0 0 0 17 514 464 29 0 0 0 0 10 456 522 36 
0 0 0 0 92 571 343 18 0 0 0 0 30 479 479 36 0 0 0 0 18 420 535 51 
0 0 0 2 71 503 371 77 0 0 0 2 34 413 470 105 0 0 0 1 34 392 492 105 
0 0 0 2 69 506 330 117 0 0 0 0 36 413 429 146 0 0 0 0 33 418 427 146 
0 0 0 5 102 442 369 106 0 0 0 1 50 397 434 142 0 0 0 2 54 398 430 140 
0 14 9 22 159 344 378 98 0 9 13 20 105 314 428 135 0 9 13 17 104 320 442 119 
770 138 16 11 22 24 26 17 5 883 27 13 16 29 27 24 35 867 15 12 22 24 27 22 
1004 20 0 0 0 0 0 0 12 1012 0 0 0 0 0 0 94 930 0 0 0 0 0 0 
1024 0 0 0 0 0 0 0 10 1014 0 0 0 0 0 0 210 814 0 0 0 0 0 0 
1024 0 0 0 0 0 0 0 0 1024 0 0 0 0 0 0 117 907 0 0 0 0 0 0 
1024 0 0 0 0 0 0 0 8 1016 0 0 0 0 0 0 344 680 0 0 0 0 0 0 
1024 0 0 0 0 0 0 0 1 1023 0 0 0 0 0 0 186 838 0 0 0 0 0 0 
1024 0 0 0 0 0 0 0 0 1024 0 0 0 0 0 0 41 983 0 0 0 0 0 0 
1022 2 0 0 0 0 0 0 0 1024 0 0 0 0 0 0 7 1017 0 0 0 0 0 0 
1014 10 0 0 0 0 0 0 0 1024 0 0 0 0 0 0 14 1010 0 0 0 0 0 0 
1005 19 0 0 0 0 0 0 0 1024 0 0 0 0 0 0 10 1014 0 0 0 0 0 0 
859 165 0 0 0 0 0 0 1 1023 0 0 0 0 0 0 51 973 0 0 0 0 0 0 
898 126 0 0 0 0 0 0 0 1024 0 0 0 0 0 0 28 996 0 0 0 0 0 0 
810 214 0 0 0 0 0 0 2 1022 0 0 0 0 0 0 16 1008 0 0 0 0 0 0 
655 369 0 0 0 0 0 0 0 1024 0 0 0 0 0 0 5 1019 0 0 0 0 0 0 
739 285 0 0 0 0 0 0 20 999 5 0 0 0 0 0 16 1004 4 0 0 0 0 0 
704 320 0 0 0 0 0 0 4 1020 0 0 0 0 0 0 13 1011 0 0 0 0 0 0 
704 319 1 0 0 0 0 0 32 989 3 0 0 0 0 0 31 990 3 0 0 0 0 0 
676 347 1 0 0 0 0 0 120 895 9 0 0 0 0 0 159 855 10 0 0 0 0 0 
965 59 0 0 0 0 0 0 197 827 0 0 0 0 0 0 238 786 0 0 0 0 0 0 
864 158 2 0 0 0 0 0 197 816 11 0 0 0 0 0 158 848 18 0 0 0 0 0 
549 393 82 0 0 0 0 0 164 773 87 0 0 0 0 0 86 845 91 2 0 0 0 0 
315 517 190 2 0 0 0 0 128 666 225 5 0 0 0 0 81 675 263 5 0 0 0 0 
803 221 0 0 0 0 0 0 590 434 0 0 0 0 0 0 583 438 3 0 0 0 0 0 
811 209 4 0 0 0 0 0 494 510 20 0 0 0 0 0 412 591 21 0 0 0 0 0 
344 678 2 0 0 0 0 0 95 924 5 0 0 0 0 0 40 970 14 0 0 0 0 0 
0 0 0 69 416 499 40 0 0 0 0 37 284 579 124 0 0 0 0 12 200 601 211 0 
0 0 46 120 380 425 53 0 0 0 2 109 319 475 119 0 0 0 0 41 294 492 195 2 
0 13 56 190 364 373 28 0 0 0 5 156 310 437 114 2 0 0 0 73 290 471 188 2 
0 0 0 142 414 409 56 3 0 0 0 60 359 487 114 4 0 0 0 25 290 505 197 7 
0 0 23 71 286 558 86 0 0 0 2 62 191 537 230 2 0 0 0 52 129 525 316 2 
0 0 16 122 295 498 90 3 0 0 0 78 225 505 209 7 0 0 0 53 200 490 270 11 
0 0 7 77 263 512 123 42 0 0 1 39 198 521 212 53 0 0 0 26 166 517 258 57 
0 0 0 15 240 571 171 27 0 0 0 7 146 553 280 38 0 0 0 4 138 541 298 43 
0 0 0 7 104 459 346 108 0 0 0 5 63 400 426 130 0 0 0 4 57 397 434 132 
0 0 0 2 64 484 389 85 0 0 0 1 52 358 499 114 0 0 0 0 47 379 484 114 
0 0 0 4 118 532 327 43 0 0 0 2 76 414 461 71 0 0 0 1 62 406 481 74 
0 0 0 2 136 551 310 25 0 0 0 1 60 475 442 46 0 0 0 1 54 471 451 47 
0 0 0 1 108 414 466 35 0 0 0 0 49 351 565 59 0 0 0 0 52 357 554 61 
0 0 0 33 150 435 344 62 0 0 0 13 96 390 419 106 0 0 0 14 101 409 399 101 
12 17 5 20 151 392 326 101 0 21 10 10 82 389 365 147 0 27 5 11 90 385 369 137 
787 196 9 6 6 9 11 0 34 907 46 5 9 4 14 5 173 793 25 4 6 7 15 1 
1024 0 0 0 0 0 0 0 42 982 0 0 0 0 0 0 296 728 0 0 0 0 0 0 
1024 0 0 0 0 0 0 0 127 897 0 0 0 0 0 0 463 561 0 0 0 0 0 0 
1024 0 0 0 0 0 0 0 170 854 0 0 0 0 0 0 458 566 0 0 0 0 0 0 
1024 0 0 0 0 0 0 0 188 836 0 0 0 0 0 0 808 216 0 0 0 0 0 0 
1024 0 0 0 0 0 0 0 66 958 0 0 0 0 0 0 701 323 0 0 0 0 0 0 
1024 0 0 0 0 0 0 0 64 960 0 0 0 0 0 0 455 569 0 0 0 0 0 0 
1024 0 0 0 0 0 0 0 32 992 0 0 0 0 0 0 806 218 0 0 0 0 0 0 
1024 0 0 0 0 0 0 0 76 948 0 0 0 0 0 0 811 213 0 0 0 0 0 0 
1024 0 0 0 0 0 0 0 196 828 0 0 0 0 0 0 722 302 0 0 0 0 0 0 
1006 18 0 0 0 0 0 0 20 1004 0 0 0 0 0 0 397 627 0 0 0 0 0 0 
982 42 0 0 0 0 0 0 14 1010 0 0 0 0 0 0 163 861 0 0 0 0 0 0 
917 107 0 0 0 0 0 0 9 1015 0 0 0 0 0 0 66 958 0 0 0 0 0 0 
920 104 0 0 0 0 0 0 11 1013 0 0 0 0 0 0 84 940 0 0 0 0 0 0 
998 26 0 0 0 0 0 0 32 992 0 0 0 0 0 0 262 762 0 0 0 0 0 0 
1017 7 0 0 0 0 0 0 126 898 0 0 0 0 0 0 237 787 0 0 0 0 0 0 
1021 3 0 0 0 0 0 0 669 355 0 0 0 0 0 0 701 323 0 0 0 0 0 0 
1024 0 0 0 0 0 0 0 928 96 0 0 0 0 0 0 956 68 0 0 0 0 0 0 
1021 3 0 0 0 0 0 0 972 52 0 0 0 0 0 0 948 76 0 0 0 0 0 0 
547 449 28 0 0 0 0 0 412 569 43 0 0 0 0 0 409 574 41 0 0 0 0 0 
255 708 61 0 0 0 0 0 127 828 69 0 0 0 0 0 102 842 80 0 0 0 0 0 
419 562 43 0 0 0 0 0 210 767 47 0 0 0 0 0 169 808 47 0 0 0 0 0 
568 447 9 0 0 0 0 0 182 829 13 0 0 0 0 0 125 884 15 0 0 0 0 0 
661 310 51 2 0 0 0 0 508 461 53 2 0 0 0 0 428 536 56 4 0 0 0 0 
740 227 46 11 0 0 0 0 677 286 49 12 0 0 0 0 596 361 59 8 0 0 0 0 
0 0 23 167 434 340 60 0 0 0 12 101 390 401 120 0 0 0 0 51 324 479 166 4 
0 0 2 116 415 447 44 0 0 0 0 50 312 513 149 0 0 0 0 18 273 517 215 1 
0 0 1 35 367 542 78 1 0 0 0 14 244 613 146 7 0 0 0 8 162 622 220 12 
0 0 0 105 416 466 37 0 0 0 0 47 331 540 106 0 0 0 0 29 279 545 169 2 
0 0 0 50 308 581 85 0 0 0 0 37 204 603 177 3 0 0 0 21 159 585 254 5 
0 0 3 104 297 515 105 0 0 0 0 59 212 535 218 0 0 0 0 28 194 503 298 1 
0 0 0 55 416 469 83 1 0 0 0 24 310 560 125 5 0 0 0 6 245 588 180 5 
0 0 15 136 393 429 48 3 0 0 1 79 336 475 127 6 0 0 0 60 292 542 124 6 
0 0 3 115 215 488 151 52 0 0 0 61 206 485 214 58 0 0 0 52 190 488 237 57 
0 0 0 10 167 576 242 29 0 0 0 3 86 542 353 40 0 0 0 4 79 522 380 39 
0 0 0 0 57 437 405 125 0 0 0 0 34 395 457 138 0 0 0 0 39 405 446 134 
0 0 0 1 19 323 526 155 0 0 0 0 14 251 580 179 0 0 0 0 18 258 581 167 
0 0 0 0 111 547 346 20 0 0 0 0 64 427 497 36 0 0 0 0 69 430 489 36 
0 0 0 2 67 408 404 143 0 0 0 2 39 346 478 159 0 0 0 2 46 368 465 143 
159 106 44 27 71 288 228 101 0 231 53 41 52 241 274 132 15 223 57 37 56 258 271 107 
945 60 19 0 0 0 0 0 134 854 35 1 0 0 0 0 192 792 34 6 0 0 0 0 
1024 0 0 0 0 0 0 0 491 533 0 0 0 0 0 0 626 398 0 0 0 0 0 0 
1024 0 0 0 0 0 0 0 606 418 0 0 0 0 0 0 698 326 0 0 0 0 0 0 
1024 0 0 0 0 0 0 0 854 170 0 0 0 0 0 0 1001 23 0 0 0 0 0 0 
1024 0 0 0 0 0 0 0 591 433 0 0 0 0 0 0 970 54 0 0 0 0 0 0 
1024 0 0 0 0 0 0 0 489 535 0 0 0 0 0 0 1006 18 0 0 0 0 0 0 
1024 0 0 0 0 0 0 0 166 858 0 0 0 0 0 0 947 77 0 0 0 0 0 0 
1024 0 0 0 0 0 0 0 271 753 0 0 0 0 0 0 939 85 0 0 0 0 0 0 
1024 0 0 0 0 0 0 0 574 450 0 0 0 0 0 0 1019 5 0 0 0 0 0 0 
1024 0 0 0 0 0 0 0 469 555 0 0 0 0 0 0 952 72 0 0 0 0 0 0 
1015 9 0 0 0 0 0 0 103 921 0 0 0 0 0 0 308 716 0 0 0 0 0 0 
980 44 0 0 0 0 0 0 20 1004 0 0 0 0 0 0 86 938 0 0 0 0 0 0 
983 41 0 0 0 0 0 0 142 882 0 0 0 0 0 0 270 754 0 0 0 0 0 0 
978 46 0 0 0 0 0 0 361 663 0 0 0 0 0 0 453 571 0 0 0 0 0 0 
945 79 0 0 0 0 0 0 575 449 0 0 0 0 0 0 556 468 0 0 0 0 0 0 
1017 7 0 0 0 0 0 0 880 144 0 0 0 0 0 0 927 97 0 0 0 0 0 0 
1024 0 0 0 0 0 0 0 1024 0 0 0 0 0 0 0 1024 0 0 0 0 0 0 0 
1024 0 0 0 0 0 0 0 1024 0 0 0 0 0 0 0 1024 0 0 0 0 0 0 0 
967 57 0 0 0 0 0 0 874 150 0 0 0 0 0 0 851 173 0 0 0 0 0 0 
944 78 2 0 0 0 0 0 736 286 2 0 0 0 0 0 597 424 3 0 0 0 0 0 
674 264 78 8 0 0 0 0 492 435 87 10 0 0 0 0 465 462 84 13 0 0 0 0 
469 422 131 2 0 0 0 0 282 583 157 2 0 0 0 0 173 654 191 6 0 0 0 0 
599 350 66 9 0 0 0 0 486 469 60 9 0 0 0 0 401 535 77 11 0 0 0 0 
647 283 80 14 0 0 0 0 621 298 88 17 0 0 0 0 614 318 81 11 0 0 0 0 
792 214 18 0 0 0 0 0 769 236 19 0 0 0 0 0 733 268 23 0 0 0 0 0 
0 0 3 35 284 598 104 0 0 0 0 19 194 605 206 0 0 0 0 12 140 578 294 0 
0 0 11 45 362 540 66 0 0 0 5 29 263 575 147 5 0 0 4 21 200 585 209 5 
0 0 20 74 269 562 98 1 0 0 5 61 201 567 188 2 0 0 1 60 148 542 267 6 
0 0 6 65 271 552 129 1 0 0 0 39 217 534 228 6 0 0 0 31 185 462 333 13 
0 0 1 121 285 491 126 0 0 0 0 67 243 448 266 0 0 0 0 31 231 416 342 4 
0 0 0 21 201 650 152 0 0 0 0 11 138 585 290 0 0 0 0 6 102 511 405 0 
0 0 0 4 227 618 172 3 0 0 0 3 155 559 296 11 0 0 0 1 107 524 376 16 
0 0 39 48 192 573 167 5 0 0 3 67 135 532 272 15 0 0 2 57 100 510 336 19 
0 0 0 66 236 503 188 31 0 0 0 19 216 415 338 36 0 0 0 12 196 389 394 33 
0 0 0 5 152 509 261 97 0 0 0 2 103 494 311 114 0 0 0 2 108 498 305 111 
0 0 0 1 104 456 304 159 0 0 0 1 77 417 353 176 0 0 0 1 93 433 337 160 
0 0 0 1 37 387 438 161 0 0 0 0 24 341 483 176 0 0 0 2 25 372 465 160 
0 0 0 0 19 343 448 214 0 0 0 0 15 307 460 242 0 0 0 0 18 333 457 216 
38 34 7 10 36 316 450 133 0 63 12 10 24 290 462 163 4 64 11 7 43 305 451 139 
240 91 19 22 20 133 395 104 17 287 38 19 16 105 396 146 106 213 30 20 20 115 405 115 
984 40 0 0 0 0 0 0 381 643 0 0 0 0 0 0 561 463 0 0 0 0 0 0 
1024 0 0 0 0 0 0 0 761 263 0 0 0 0 0 0 938 86 0 0 0 0 0 0 
1024 0 0 0 0 0 0 0 943 81 0 0 0 0 0 0 981 43 0 0 0 0 0 0 
1024 0 0 0 0 0 0 0 983 41 0 0 0 0 0 0 1010 14 0 0 0 0 0 0 
1024 0 0 0 0 0 0 0 919 105 0 0 0 0 0 0 1021 3 0 0 0 0 0 0 
1024 0 0 0 0 0 0 0 833 191 0 0 0 0 0 0 1018 6 0 0 0 0 0 0 
1024 0 0 0 0 0 0 0 521 503 0 0 0 0 0 0 1008 16 0 0 0 0 0 0 
1024 0 0 0 0 0 0 0 785 239 0 0 0 0 0 0 1018 6 0 0 0 0 0 0 
1024 0 0 0 0 0 0 0 921 103 0 0 0 0 0 0 1013 11 0 0 0 0 0 0 
1024 0 0 0 0 0 0 0 825 199 0 0 0 0 0 0 990 34 0 0 0 0 0 0 
1015 9 0 0 0 0 0 0 242 782 0 0 0 0 0 0 411 613 0 0 0 0 0 0 
995 29 0 0 0 0 0 0 86 938 0 0 0 0 0 0 170 854 0 0 0 0 0 0 
1016 8 0 0 0 0 0 0 236 788 0 0 0 0 0 0 273 751 0 0 0 0 0 0 
1024 0 0 0 0 0 0 0 804 220 0 0 0 0 0 0 815 209 0 0 0 0 0 0 
1024 0 0 0 0 0 0 0 1022 2 0 0 0 0 0 0 1023 1 0 0 0 0 0 0 
1024 0 0 0 0 0 0 0 1020 4 0 0 0 0 0 0 1023 1 0 0 0 0 0 0 
1024 0 0 0 0 0 0 0 1024 0 0 0 0 0 0 0 1024 0 0 0 0 0 0 0 
880 144 0 0 0 0 0 0 842 182 0 0 0 0 0 0 833 191 0 0 0 0 0 0 
871 153 0 0 0 0 0 0 779 245 0 0 0 0 0 0 747 277 0 0 0 0 0 0 
934 90 0 0 0 0 0 0 806 218 0 0 0 0 0 0 784 240 0 0 0 0 0 0 
921 103 0 0 0 0 0 0 841 183 0 0 0 0 0 0 808 216 0 0 0 0 0 0 
854 139 22 9 0 0 0 0 816 176 23 9 0 0 0 0 732 259 21 12 0 0 0 0 
1005 19 0 0 0 0 0 0 982 42 0 0 0 0 0 0 944 80 0 0 0 0 0 0 
967 57 0 0 0 0 0 0 840 184 0 0 0 0 0 0 815 209 0 0 0 0 0 0 
794 209 19 2 0 0 0 0 723 272 25 4 0 0 0 0 665 319 36 4 0 0 0 0 
0 10 98 267 478 159 12 0 0 0 61 192 495 254 22 0 0 0 17 131 477 362 37 0 
0 0 8 85 378 523 30 0 0 0 3 50 303 600 68 0 0 0 1 30 243 630 120 0 
0 0 3 60 367 561 33 0 0 0 2 33 266 617 106 0 0 0 1 22 199 614 188 0 
0 0 14 140 430 396 44 0 0 0 0 93 328 520 83 0 0 0 0 55 293 554 122 0 
0 0 9 139 468 360 44 4 0 0 0 90 389 449 91 5 0 0 0 59 333 497 129 6 
0 0 7 174 549 281 13 0 0 0 0 99 475 415 35 0 0 0 0 75 438 456 55 0 
0 1 104 244 375 240 54 6 0 0 27 221 370 320 78 8 0 0 10 175 384 348 94 13 
0 0 34 193 395 260 116 26 0 0 3 139 366 339 148 29 0 0 2 128 386 333 147 28 
0 0 47 124 226 431 138 58 0 0 5 134 176 442 208 59 0 0 5 116 174 458 212 59 
0 0 0 55 255 383 233 98 0 0 0 19 244 375 274 112 0 0 0 16 248 381 275 104 
0 0 0 5 129 343 310 237 0 0 0 4 106 333 320 261 0 0 0 10 126 340 306 242 
0 0 0 16 67 307 498 136 0 0 0 9 49 247 547 172 0 0 0 9 49 258 545 163 
0 0 0 0 2 258 513 251 0 0 0 0 0 189 537 298 0 0 0 0 0 216 523 285 
363 146 18 9 21 142 224 101 42 431 42 14 14 98 245 138 91 408 23 12 18 113 228 131 
1013 11 0 0 0 0 0 0 847 177 0 0 0 0 0 0 888 136 0 0 0 0 0 0 
1015 9 0 0 0 0 0 0 839 184 1 0 0 0 0 0 916 107 1 0 0 0 0 0 
1024 0 0 0 0 0 0 0 892 132 0 0 0 0 0 0 986 38 0 0 0 0 0 0 
1024 0 0 0 0 0 0 0 998 26 0 0 0 0 0 0 1024 0 0 0 0 0 0 0 
1024 0 0 0 0 0 0 0 910 114 0 0 0 0 0 0 912 112 0 0 0 0 0 0 
1024 0 0 0 0 0 0 0 1000 24 0 0 0 0 0 0 1022 2 0 0 0 0 0 0 
1024 0 0 0 0 0 0 0 955 69 0 0 0 0 0 0 1023 1 0 0 0 0 0 0 
1024 0 0 0 0 0 0 0 914 110 0 0 0 0 0 0 1019 5 0 0 0 0 0 0 
1024 0 0 0 0 0 0 0 924 100 0 0 0 0 0 0 1022 2 0 0 0 0 0 0 
1024 0 0 0 0 0 0 0 983 41 0 0 0 0 0 0 1024 0 0 0 0 0 0 0 
1024 0 0 0 0 0 0 0 1004 20 0 0 0 0 0 0 1024 0 0 0 0 0 0 0 
982 42 0 0 0 0 0 0 419 605 0 0 0 0 0 0 584 440 0 0 0 0 0 0 
974 50 0 0 0 0 0 0 263 761 0 0 0 0 0 0 507 517 0 0 0 0 0 0 
1007 17 0 0 0 0 0 0 436 588 0 0 0 0 0 0 543 481 0 0 0 0 0 0 
1024 0 0 0 0 0 0 0 885 139 0 0 0 0 0 0 919 105 0 0 0 0 0 0 
1024 0 0 0 0 0 0 0 1024 0 0 0 0 0 0 0 1024 0 0 0 0 0 0 0 
1024 0 0 0 0 0 0 0 1024 0 0 0 0 0 0 0 1024 0 0 0 0 0 0 0 
1024 0 0 0 0 0 0 0 1024 0 0 0 0 0 0 0 1024 0 0 0 0 0 0 0 
1024 0 0 0 0 0 0 0 1024 0 0 0 0 0 0 0 1019 5 0 0 0 0 0 0 
1024 0 0 0 0 0 0 0 1024 0 0 0 0 0 0 0 1024 0 0 0 0 0 0 0 
1016 8 0 0 0 0 0 0 1005 19 0 0 0 0 0 0 1011 13 0 0 0 0 0 0 
1017 7 0 0 0 0 0 0 1015 9 0 0 0 0 0 0 1017 7 0 0 0 0 0 0 
1024 0 0 0 0 0 0 0 1024 0 0 0 0 0 0 0 1024 0 0 0 0 0 0 0 
1022 2 0 0 0 0 0 0 1015 9 0 0 0 0 0 0 1021 3 0 0 0 0 0 0 
732 241 48 3 0 0 0 0 669 304 45 6 0 0 0 0 691 273 54 6 0 0 0 0 
941 83 0 0 0 0 0 0 927 96 1 0 0 0 0 0 913 111 0 0 0 0 0 0 
0 28 45 265 455 206 25 0 0 0 56 149 489 278 52 0 0 0 23 90 486 358 67 0 
0 12 148 232 409 213 10 0 0 0 63 234 433 267 27 0 0 0 19 209 402 361 33 0 
0 32 94 295 366 215 22 0 0 0 58 249 402 267 48 0 0 0 41 199 384 310 88 2 
0 21 66 147 395 360 34 1 0 0 50 122 377 412 62 1 0 0 15 121 351 446 90 1 
0 0 6 75 373 506 45 19 0 0 5 54 292 567 87 19 0 0 3 56 261 561 121 22 
0 0 0 49 389 548 32 6 0 0 0 12 315 593 97 7 0 0 0 9 283 571 152 9 
0 0 0 107 414 499 4 0 0 0 0 39 349 595 41 0 0 0 0 21 289 652 62 0 
0 0 0 62 410 544 8 0 0 0 0 19 274 694 37 0 0 0 0 9 210 730 75 0 
0 0 1 94 368 453 107 1 0 0 0 33 334 478 177 2 0 0 0 21 305 471 222 5 
0 0 33 122 215 532 105 17 0 0 1 80 185 556 178 24 0 0 0 66 183 556 193 26 
0 0 0 56 242 444 235 47 0 0 0 28 219 441 269 67 0 0 0 25 185 422 320 72 
0 0 0 15 190 487 257 75 0 0 0 9 148 432 350 85 0 0 0 9 148 441 342 84 
0 0 0 29 165 355 272 203 0 0 0 14 150 326 306 228 0 0 0 17 159 349 298 201 
220 42 11 22 28 144 234 323 17 235 15 22 24 118 245 348 93 169 13 20 28 132 246 323 
1024 0 0 0 0 0 0 0 777 247 0 0 0 0 0 0 881 143 0 0 0 0 0 0 
1024 0 0 0 0 0 0 0 1020 4 0 0 0 0 0 0 1020 4 0 0 0 0 0 0 
1024 0 0 0 0 0 0 0 1001 23 0 0 0 0 0 0 1005 19 0 0 0 0 0 0 
1024 0 0 0 0 0 0 0 1024 0 0 0 0 0 0 0 1024 0 0 0 0 0 0 0 
1024 0 0 0 0 0 0 0 1024 0 0 0 0 0 0 0 1024 0 0 0 0 0 0 0 
1024 0 0 0 0 0 0 0 1010 14 0 0 0 0 0 0 1021 3 0 0 0 0 0 0 
1024 0 0 0 0 0 0 0 1022 2 0 0 0 0 0 0 1024 0 0 0 0 0 0 0 
1024 0 0 0 0 0 0 0 922 102 0 0 0 0 0 0 1016 8 0 0 0 0 0 0 
1024 0 0 0 0 0 0 0 940 84 0 0 0 0 0 0 984 40 0 0 0 0 0 0 
1022 2 0 0 0 0 0 0 772 252 0 0 0 0 0 0 955 69 0 0 0 0 0 0 
1024 0 0 0 0 0 0 0 944 80 0 0 0 0 0 0 1014 10 0 0 0 0 0 0 
1024 0 0 0 0 0 0 0 707 317 0 0 0 0 0 0 793 231 0 0 0 0 0 0 
1010 14 0 0 0 0 0 0 758 266 0 0 0 0 0 0 804 220 0 0 0 0 0 0 
1024 0 0 0 0 0 0 0 987 37 0 0 0 0 0 0 996 28 0 0 0 0 0 0 
1024 0 0 0 0 0 0 0 1023 1 0 0 0 0 0 0 1024 0 0 0 0 0 0 0 
1024 0 0 0 0 0 0 0 1024 0 0 0 0 0 0 0 1024 0 0 0 0 0 0 0 
1024 0 0 0 0 0 0 0 1024 0 0 0 0 0 0 0 1024 0 0 0 0 0 0 0 
1024 0 0 0 0 0 0 0 1024 0 0 0 0 0 0 0 1024 0 0 0 0 0 0 0 
1024 0 0 0 0 0 0 0 1023 1 0 0 0 0 0 0 1023 1 0 0 0 0 0 0 
1024 0 0 0 0 0 0 0 1024 0 0 0 0 0 0 0 1024 0 0 0 0 0 0 0 
1024 0 0 0 0 0 0 0 1024 0 0 0 0 0 0 0 1024 0 0 0 0 0 0 0 
1024 0 0 0 0 0 0 0 1024 0 0 0 0 0 0 0 1024 0 0 0 0 0 0 0 
1024 0 0 0 0 0 0 0 1022 2 0 0 0 0 0 0 1024 0 0 0 0 0 0 0 
973 41 7 2 1 0 0 0 972 42 7 2 1 0 0 0 973 41 7 2 1 0 0 0 
649 273 95 7 0 0 0 0 619 306 87 12 0 0 0 0 536 370 107 11 0 0 0 0 
510 408 100 6 0 0 0 0 416 483 122 3 0 0 0 0 342 531 147 4 0 0 0 0 
0 0 29 185 399 402 7 2 0 0 11 115 373 475 48 2 0 0 2 97 365 461 96 3 
0 0 29 207 460 323 5 0 0 0 4 166 424 405 25 0 0 0 0 124 369 487 44 0 
0 0 0 24 367 580 53 0 0 0 0 9 313 579 123 0 0 0 0 2 225 623 174 0 
0 0 1 47 310 561 100 5 0 0 0 25 239 557 198 5 0 0 0 18 179 576 245 6 
0 0 6 150 341 464 63 0 0 0 1 91 290 507 135 0 0 0 0 66 252 492 213 1 
0 0 0 7 211 640 166 0 0 0 0 3 131 576 314 0 0 0 0 3 99 531 390 1 
0 0 0 6 251 596 171 0 0 0 0 3 177 573 271 0 0 0 0 0 138 500 378 8 
0 0 0 17 210 592 201 4 0 0 0 7 143 542 314 18 0 0 0 4 115 514 368 23 
0 0 12 79 186 501 214 32 0 0 0 62 162 435 324 41 0 0 0 58 153 421 343 49 
0 0 0 43 234 469 259 19 0 0 0 14 199 447 322 42 0 0 0 6 179 442 345 52 
0 0 0 66 199 417 277 65 0 0 0 30 185 387 323 99 0 0 0 25 185 397 329 88 
0 0 0 8 74 428 358 156 0 0 0 6 55 350 435 178 0 0 0 7 54 380 425 158 
0 0 0 4 86 486 306 142 0 0 0 2 60 422 378 162 0 0 0 2 64 444 359 155 
243 70 14 26 89 176 172 234 19 279 23 24 76 171 180 252 82 228 18 22 94 172 176 232 
1024 0 0 0 0 0 0 0 772 252 0 0 0 0 0 0 882 142 0 0 0 0 0 0 
1024 0 0 0 0 0 0 0 1024 0 0 0 0 0 0 0 1021 3 0 0 0 0 0 0 
1024 0 0 0 0 0 0 0 1024 0 0 0 0 0 0 0 1024 0 0 0 0 0 0 0 
1024 0 0 0 0 0 0 0 1023 1 0 0 0 0 0 0 1024 0 0 0 0 0 0 0 
1024 0 0 0 0 0 0 0 1023 1 0 0 0 0 0 0 1024 0 0 0 0 0 0 0 
1024 0 0 0 0 0 0 0 1024 0 0 0 0 0 0 0 1024 0 0 0 0 0 0 0 
1024 0 0 0 0 0 0 0 985 39 0 0 0 0 0 0 1017 7 0 0 0 0 0 0 
973 45 3 1 2 0 0 0 382 636 3 1 2 0 0 0 673 345 3 1 2 0 0 0 
554 158 44 13 11 11 23 210 108 604 45 12 11 12 22 210 373 366 22 11 9 14 25 204 
46 99 33 16 20 33 100 677 2 152 25 15 20 35 100 675 4 161 14 17 22 41 97 668 
414 138 51 58 48 23 37 255 141 412 42 65 49 22 38 255 281 285 31 59 53 28 40 247 
1024 0 0 0 0 0 0 0 977 47 0 0 0 0 0 0 1019 5 0 0 0 0 0 0 
1024 0 0 0 0 0 0 0 961 63 0 0 0 0 0 0 992 32 0 0 0 0 0 0 
1023 1 0 0 0 0 0 0 1015 9 0 0 0 0 0 0 1022 2 0 0 0 0 0 0 
1024 0 0 0 0 0 0 0 1017 7 0 0 0 0 0 0 1018 6 0 0 0 0 0 0 
1024 0 0 0 0 0 0 0 1024 0 0 0 0 0 0 0 1024 0 0 0 0 0 0 0 
1024 0 0 0 0 0 0 0 1024 0 0 0 0 0 0 0 1024 0 0 0 0 0 0 0 
1022 2 0 0 0 0 0 0 1018 6 0 0 0 0 0 0 1020 4 0 0 0 0 0 0 
995 29 0 0 0 0 0 0 968 56 0 0 0 0 0 0 902 122 0 0 0 0 0 0 
1024 0 0 0 0 0 0 0 1023 1 0 0 0 0 0 0 904 120 0 0 0 0 0 0 
1024 0 0 0 0 0 0 0 1024 0 0 0 0 0 0 0 1022 2 0 0 0 0 0 0 
1013 11 0 0 0 0 0 0 1008 16 0 0 0 0 0 0 1005 19 0 0 0 0 0 0 
1024 0 0 0 0 0 0 0 1024 0 0 0 0 0 0 0 1024 0 0 0 0 0 0 0 
821 187 16 0 0 0 0 0 785 219 20 0 0 0 0 0 750 252 22 0 0 0 0 0 
871 143 8 2 0 0 0 0 805 206 11 2 0 0 0 0 693 317 11 3 0 0 0 0 
812 212 0 0 0 0 0 0 744 278 2 0 0 0 0 0 717 305 2 0 0 0 0 0 
0 2 64 289 375 247 46 1 0 0 32 195 403 316 75 3 0 0 7 147 402 351 111 6 
0 2 69 251 401 261 38 2 0 0 21 205 366 355 76 1 0 0 4 152 372 393 98 5 
0 0 89 114 287 377 147 10 0 0 1 148 258 397 197 23 0 0 0 101 285 381 222 35 
0 0 3 43 225 444 245 64 0 0 0 30 166 438 304 86 0 0 0 20 165 450 313 76 
0 0 1 95 292 576 59 1 0 0 0 72 210 620 119 3 0 0 0 70 183 607 160 4 
0 0 0 24 348 604 47 1 0 0 0 14 197 690 120 3 0 0 0 9 165 677 168 5 
0 0 2 106 446 433 37 0 0 0 0 40 353 542 89 0 0 0 0 34 300 570 120 0 
0 0 16 163 508 298 39 0 0 0 5 96 416 450 57 0 0 0 1 72 361 512 76 2 
0 0 1 84 367 407 123 42 0 0 0 35 299 451 188 51 0 0 0 16 300 458 197 53 
0 0 2 68 250 471 207 26 0 0 0 43 202 486 238 55 0 0 0 40 191 489 242 62 
0 0 0 52 223 509 196 44 0 0 0 32 162 513 256 61 0 0 0 34 156 491 280 63 
0 0 0 40 142 211 217 414 0 0 0 22 128 209 229 436 0 0 0 28 124 210 234 428 
0 0 1 20 46 141 283 533 0 0 1 17 42 124 288 552 0 0 2 25 51 135 296 515 
262 105 39 31 70 188 228 101 21 297 63 43 62 180 246 112 40 282 74 38 67 194 228 101 
1024 0 0 0 0 0 0 0 844 180 0 0 0 0 0 0 795 229 0 0 0 0 0 0 
1024 0 0 0 0 0 0 0 1024 0 0 0 0 0 0 0 1024 0 0 0 0 0 0 0 
1024 0 0 0 0 0 0 0 1024 0 0 0 0 0 0 0 1024 0 0 0 0 0 0 0 
1024 0 0 0 0 0 0 0 1022 2 0 0 0 0 0 0 1024 0 0 0 0 0 0 0 
1024 0 0 0 0 0 0 0 1024 0 0 0 0 0 0 0 1024 0 0 0 0 0 0 0 
1024 0 0 0 0 0 0 0 1024 0 0 0 0 0 0 0 1024 0 0 0 0 0 0 0 
783 143 21 7 5 8 6 51 405 514 28 7 5 7 6 52 472 469 9 5 4 8 5 52 
23 105 24 18 26 40 65 723 0 123 29 18 26 39 63 726 26 110 18 19 27 41 67 716 
0 3 4 5 25 85 146 756 0 5 2 5 16 82 143 771 0 6 3 3 19 83 145 765 
0 0 0 0 18 79 138 789 0 0 0 0 16 67 137 804 0 0 0 0 16 61 134 813 
365 303 27 44 72 119 57 37 58 581 49 34 79 95 85 43 64 564 55 26 63 76 123 53 
1018 6 0 0 0 0 0 0 969 55 0 0 0 0 0 0 989 35 0 0 0 0 0 0 
1024 0 0 0 0 0 0 0 1000 24 0 0 0 0 0 0 1003 21 0 0 0 0 0 0 
1020 4 0 0 0 0 0 0 1007 17 0 0 0 0 0 0 996 28 0 0 0 0 0 0 
1024 0 0 0 0 0 0 0 1024 0 0 0 0 0 0 0 1024 0 0 0 0 0 0 0 
1023 1 0 0 0 0 0 0 1023 1 0 0 0 0 0 0 1018 6 0 0 0 0 0 0 
1024 0 0 0 0 0 0 0 1024 0 0 0 0 0 0 0 1024 0 0 0 0 0 0 0 
1024 0 0 0 0 0 0 0 1024 0 0 0 0 0 0 0 1024 0 0 0 0 0 0 0 
1024 0 0 0 0 0 0 0 1024 0 0 0 0 0 0 0 1024 0 0 0 0 0 0 0 
1024 0 0 0 0 0 0 0 1024 0 0 0 0 0 0 0 1024 0 0 0 0 0 0 0 
1024 0 0 0 0 0 0 0 1024 0 0 0 0 0 0 0 1024 0 0 0 0 0 0 0 
1024 0 0 0 0 0 0 0 1023 1 0 0 0 0 0 0 1024 0 0 0 0 0 0 0 
1017 7 0 0 0 0 0 0 1013 11 0 0 0 0 0 0 1005 19 0 0 0 0 0 0 
856 161 7 0 0 0 0 0 796 206 22 0 0 0 0 0 719 280 25 0 0 0 0 0 
981 43 0 0 0 0 0 0 952 72 0 0 0 0 0 0 881 143 0 0 0 0 0 0 
844 180 0 0 0 0 0 0 780 244 0 0 0 0 0 0 734 286 4 0 0 0 0 0 
0 31 191 312 378 108 4 0 0 0 97 328 405 176 18 0 0 0 41 279 428 247 29 0 
0 1 73 242 520 169 19 0 0 0 30 177 515 275 27 0 0 0 14 149 455 368 38 0 
0 14 173 406 282 108 32 9 0 0 40 346 409 168 51 10 0 0 11 250 492 199 63 9 
0 22 344 363 126 86 57 26 0 0 15 557 252 93 76 31 0 0 0 368 445 105 75 31 
0 0 5 71 151 418 260 119 0 0 0 30 169 382 312 131 0 0 0 21 168 370 331 134 
0 0 0 14 151 466 326 67 0 0 0 13 103 435 377 96 0 0 0 8 97 446 377 96 
0 0 25 93 387 468 51 0 0 0 5 83 318 531 87 0 0 0 0 81 255 579 109 0 
0 0 6 222 478 318 0 0 0 0 0 165 386 450 23 0 0 0 0 104 380 501 39 0 
0 0 0 37 513 436 36 2 0 0 0 17 387 560 56 4 0 0 0 9 293 636 77 9 
0 0 0 8 137 510 294 75 0 0 0 2 92 513 321 96 0 0 0 2 74 512 326 110 
0 0 0 19 194 393 288 130 0 0 0 7 144 401 311 161 0 0 0 8 141 397 315 163 
0 0 5 90 291 296 166 176 0 0 0 55 256 344 179 190 0 0 0 43 240 361 180 200 
3 22 23 74 215 290 239 158 0 16 29 51 188 315 250 175 2 13 29 50 192 315 253 170 
611 131 38 35 28 29 70 82 432 267 64 35 41 26 53 106 450 256 59 32 43 29 62 93 
1024 0 0 0 0 0 0 0 981 43 0 0 0 0 0 0 980 44 0 0 0 0 0 0 
1024 0 0 0 0 0 0 0 1024 0 0 0 0 0 0 0 1024 0 0 0 0 0 0 0 
1024 0 0 0 0 0 0 0 1024 0 0 0 0 0 0 0 1024 0 0 0 0 0 0 0 
1024 0 0 0 0 0 0 0 1024 0 0 0 0 0 0 0 1024 0 0 0 0 0 0 0 
1024 0 0 0 0 0 0 0 1024 0 0 0 0 0 0 0 1024 0 0 0 0 0 0 0 
1021 3 0 0 0 0 0 0 947 77 0 0 0 0 0 0 936 88 0 0 0 0 0 0 
196 166 24 13 13 33 50 529 22 334 30 14 11 34 44 535 62 308 19 12 12 36 48 527 
0 0 0 0 7 18 80 919 0 0 0 0 7 16 78 923 0 0 0 1 7 20 90 906 
0 0 0 3 17 79 171 754 0 0 0 3 13 81 160 767 0 0 0 3 16 84 171 750 
0 0 0 3 20 67 149 785 0 0 0 3 20 63 147 791 0 0 0 3 20 75 150 776 
534 282 36 20 31 32 34 55 278 503 69 21 31 33 31 58 275 511 65 22 27 34 32 58 
1024 0 0 0 0 0 0 0 1022 2 0 0 0 0 0 0 1022 2 0 0 0 0 0 0 
1024 0 0 0 0 0 0 0 1016 8 0 0 0 0 0 0 1018 6 0 0 0 0 0 0 
1012 12 0 0 0 0 0 0 975 49 0 0 0 0 0 0 958 66 0 0 0 0 0 0 
1013 11 0 0 0 0 0 0 1004 20 0 0 0 0 0 0 1004 20 0 0 0 0 0 0 
1016 8 0 0 0 0 0 0 1010 14 0 0 0 0 0 0 1000 24 0 0 0 0 0 0 
1024 0 0 0 0 0 0 0 1024 0 0 0 0 0 0 0 1024 0 0 0 0 0 0 0 
1024 0 0 0 0 0 0 0 1024 0 0 0 0 0 0 0 1024 0 0 0 0 0 0 0 
1024 0 0 0 0 0 0 0 1024 0 0 0 0 0 0 0 1024 0 0 0 0 0 0 0 
1024 0 0 0 0 0 0 0 1024 0 0 0 0 0 0 0 1024 0 0 0 0 0 0 0 
1024 0 0 0 0 0 0 0 1024 0 0 0 0 0 0 0 1024 0 0 0 0 0 0 0 
866 158 0 0 0 0 0 0 856 167 1 0 0 0 0 0 809 213 2 0 0 0 0 0 
560 453 11 0 0 0 0 0 527 481 16 0 0 0 0 0 461 537 26 0 0 0 0 0 
862 162 0 0 0 0 0 0 786 238 0 0 0 0 0 0 667 357 0 0 0 0 0 0 
632 392 0 0 0 0 0 0 522 502 0 0 0 0 0 0 377 637 10 0 0 0 0 0 
762 262 0 0 0 0 0 0 682 342 0 0 0 0 0 0 364 660 0 0 0 0 0 0 
0 0 5 116 403 437 63 0 0 0 0 84 344 488 108 0 0 0 0 46 292 529 157 0 
0 0 48 121 353 449 53 0 0 0 25 93 298 484 124 0 0 0 10 88 258 506 162 0 
0 7 89 156 219 373 174 6 0 0 52 142 225 348 250 7 0 0 13 135 248 321 298 9 
0 0 17 199 458 166 125 59 0 0 0 141 464 209 128 82 0 0 0 144 462 209 124 85 
0 0 43 279 467 144 57 34 0 0 1 202 504 220 61 36 0 0 0 150 503 271 61 39 
0 0 0 3 339 550 114 18 0 0 0 2 198 620 182 22 0 0 0 2 176 619 206 21 
0 0 10 77 294 351 271 21 0 0 0 57 249 381 303 34 0 0 0 61 252 362 299 50 
0 0 3 106 218 439 242 16 0 0 0 77 217 342 359 29 0 0 0 70 215 307 391 41 
0 0 0 1 156 483 318 66 0 0 0 1 90 445 394 94 0 0 0 2 67 443 420 92 
0 0 0 10 294 424 260 36 0 0 0 2 210 456 296 60 0 0 0 1 200 447 306 70 
0 0 0 7 335 520 121 41 0 0 0 0 232 586 153 53 0 0 0 0 166 626 170 62 
0 0 0 6 112 436 218 252 0 0 0 3 52 454 230 285 0 0 0 1 41 450 239 293 
227 55 26 26 51 81 205 353 80 185 27 23 49 74 192 394 159 118 21 22 49 70 184 401 
1024 0 0 0 0 0 0 0 1014 10 0 0 0 0 0 0 1000 24 0 0 0 0 0 0 
1024 0 0 0 0 0 0 0 1024 0 0 0 0 0 0 0 1024 0 0 0 0 0 0 0 
1024 0 0 0 0 0 0 0 1024 0 0 0 0 0 0 0 1024 0 0 0 0 0 0 0 
1024 0 0 0 0 0 0 0 1024 0 0 0 0 0 0 0 1024 0 0 0 0 0 0 0 
1024 0 0 0 0 0 0 0 1024 0 0 0 0 0 0 0 1024 0 0 0 0 0 0 0 
1024 0 0 0 0 0 0 0 1023 1 0 0 0 0 0 0 1023 1 0 0 0 0 0 0 
810 105 6 9 8 14 9 63 689 225 7 8 8 14 11 62 656 259 9 8 8 13 11 60 
0 6 3 3 7 46 100 859 0 6 3 3 5 44 94 869 0 6 3 3 6 43 100 863 
0 0 0 0 8 25 73 918 0 0 0 0 7 23 71 923 0 0 0 0 8 24 72 920 
0 0 1 6 95 168 100 654 0 0 1 6 44 209 105 659 0 0 1 8 35 200 125 655 
0 3 24 15 56 65 91 770 0 3 23 15 54 65 91 773 0 3 26 11 52 72 89 771 
576 355 59 9 7 7 5 6 373 545 70 11 7 7 5 6 388 514 82 15 9 5 6 5 
1024 0 0 0 0 0 0 0 1024 0 0 0 0 0 0 0 1024 0 0 0 0 0 0 0 
1024 0 0 0 0 0 0 0 1024 0 0 0 0 0 0 0 1024 0 0 0 0 0 0 0 
1024 0 0 0 0 0 0 0 1024 0 0 0 0 0 0 0 1024 0 0 0 0 0 0 0 
1024 0 0 0 0 0 0 0 1024 0 0 0 0 0 0 0 1024 0 0 0 0 0 0 0 
1024 0 0 0 0 0 0 0 1024 0 0 0 0 0 0 0 1024 0 0 0 0 0 0 0 
1024 0 0 0 0 0 0 0 1024 0 0 0 0 0 0 0 1024 0 0 0 0 0 0 0 
1024 0 0 0 0 0 0 0 1024 0 0 0 0 0 0 0 1024 0 0 0 0 0 0 0 
1024 0 0 0 0 0 0 0 1024 0 0 0 0 0 0 0 1024 0 0 0 0 0 0 0 
1024 0 0 0 0 0 0 0 1024 0 0 0 0 0 0 0 1024 0 0 0 0 0 0 0 
977 38 9 0 0 0 0 0 974 41 9 0 0 0 0 0 964 51 9 0 0 0 0 0 
712 101 62 52 66 31 0 0 713 103 60 52 67 29 0 0 712 109 59 59 62 23 0 0 
570 201 87 65 58 43 0 0 577 203 88 72 51 33 0 0 550 219 109 68 59 19 0 0 
860 164 0 0 0 0 0 0 711 313 0 0 0 0 0 0 598 426 0 0 0 0 0 0 
895 129 0 0 0 0 0 0 880 144 0 0 0 0 0 0 831 193 0 0 0 0 0 0 
964 60 0 0 0 0 0 0 911 113 0 0 0 0 0 0 748 276 0 0 0 0 0 0 
0 23 309 399 254 38 1 0 0 1 185 407 367 62 2 0 0 0 54 427 438 95 10 0 
0 26 113 358 375 150 2 0 0 0 74 285 436 217 12 0 0 0 44 224 475 252 29 0 
0 1 137 212 377 202 67 28 0 0 69 217 378 262 72 26 0 0 8 226 413 280 72 25 
0 3 43 103 628 221 26 0 0 0 25 83 516 371 29 0 0 0 16 85 473 416 33 1 
0 4 60 141 530 255 31 3 0 0 44 121 450 369 37 3 0 0 20 113 415 432 41 3 
0 0 15 133 455 294 75 52 0 0 2 117 403 353 93 56 0 0 1 120 412 346 91 54 
0 0 2 57 277 476 126 86 0 0 0 46 201 532 155 90 0 0 0 45 204 550 147 78 
0 0 42 232 314 391 43 2 0 0 17 211 282 442 70 2 0 0 11 206 290 419 96 2 
0 0 0 41 329 482 127 45 0 0 0 25 249 512 190 48 0 0 0 25 252 480 219 48 
0 0 4 31 190 380 366 53 0 0 2 25 146 377 396 78 0 0 1 22 147 367 405 82 
0 0 1 51 203 404 318 47 0 0 1 33 154 399 353 84 0 0 1 44 143 394 345 97 
0 0 6 51 262 332 274 99 0 0 1 41 233 339 275 135 0 0 0 36 206 356 269 157 
179 58 9 65 168 245 209 91 53 177 12 33 144 259 220 126 103 130 10 34 135 272 217 123 
1008 16 0 0 0 0 0 0 971 53 0 0 0 0 0 0 948 76 0 0 0 0 0 0 
1024 0 0 0 0 0 0 0 1024 0 0 0 0 0 0 0 1024 0 0 0 0 0 0 0 
1024 0 0 0 0 0 0 0 1020 4 0 0 0 0 0 0 1023 1 0 0 0 0 0 0 
1024 0 0 0 0 0 0 0 1024 0 0 0 0 0 0 0 1024 0 0 0 0 0 0 0 
1024 0 0 0 0 0 0 0 1024 0 0 0 0 0 0 0 1024 0 0 0 0 0 0 0 
1024 0 0 0 0 0 0 0 1019 5 0 0 0 0 0 0 1024 0 0 0 0 0 0 0 
593 121 25 18 34 69 66 98 485 227 25 20 34 59 73 101 526 190 22 24 35 59 71 97 
0 0 0 1 70 237 260 456 0 0 0 0 46 229 265 484 0 0 0 1 43 189 302 489 
0 0 0 0 194 341 143 346 0 0 0 0 69 411 188 356 0 0 0 0 25 368 267 364 
0 0 0 0 23 80 137 784 0 0 0 0 22 77 140 785 0 0 0 1 27 84 143 769 
0 65 139 36 85 166 188 345 0 42 163 32 82 165 187 353 0 38 158 39 65 164 205 355 
611 270 118 23 2 0 0 0 367 464 158 31 4 0 0 0 361 433 176 48 6 0 0 0 
1024 0 0 0 0 0 0 0 1024 0 0 0 0 0 0 0 1024 0 0 0 0 0 0 0 
1024 0 0 0 0 0 0 0 1024 0 0 0 0 0 0 0 1024 0 0 0 0 0 0 0 
1014 10 0 0 0 0 0 0 1002 22 0 0 0 0 0 0 1006 18 0 0 0 0 0 0 
1024 0 0 0 0 0 0 0 999 25 0 0 0 0 0 0 995 29 0 0 0 0 0 0 
1024 0 0 0 0 0 0 0 1024 0 0 0 0 0 0 0 1024 0 0 0 0 0 0 0 
1024 0 0 0 0 0 0 0 1024 0 0 0 0 0 0 0 1024 0 0 0 0 0 0 0 
1024 0 0 0 0 0 0 0 1024 0 0 0 0 0 0 0 1024 0 0 0 0 0 0 0 
1024 0 0 0 0 0 0 0 1024 0 0 0 0 0 0 0 1024 0 0 0 0 0 0 0 
1024 0 0 0 0 0 0 0 1024 0 0 0 0 0 0 0 1024 0 0 0 0 0 0 0 
823 149 36 12 3 1 0 0 821 154 31 14 3 1 0 0 817 157 34 12 4 0 0 0 
218 87 166 338 192 23 0 0 216 95 189 345 163 16 0 0 228 98 219 337 130 12 0 0 
82 119 222 338 232 31 0 0 103 124 255 344 174 24 0 0 96 149 290 346 124 19 0 0 
811 213 0 0 0 0 0 0 770 254 0 0 0 0 0 0 705 319 0 0 0 0 0 0 
941 83 0 0 0 0 0 0 871 153 0 0 0 0 0 0 719 304 1 0 0 0 0 0 
885 124 14 1 0 0 0 0 846 162 15 1 0 0 0 0 737 265 21 1 0 0 0 0 
0 0 20 195 477 328 4 0 0 0 7 163 392 448 14 0 0 0 0 123 356 523 22 0 
0 2 84 322 487 126 3 0 0 0 36 288 495 199 6 0 0 0 22 245 493 252 12 0 
0 2 71 289 459 199 4 0 0 0 23 239 478 275 9 0 0 0 9 195 471 333 16 0 
0 4 60 146 469 327 15 3 0 0 42 126 400 425 27 4 0 0 19 105 383 463 49 5 
0 0 24 64 297 489 121 29 0 0 13 61 244 521 153 32 0 0 10 49 221 553 152 39 
0 0 0 22 407 506 73 16 0 0 0 16 259 627 104 18 0 0 0 15 232 653 105 19 
0 0 1 54 481 452 34 2 0 0 0 37 377 557 50 3 0 0 0 34 354 569 64 3 
0 0 3 55 419 464 79 4 0 0 2 37 343 518 115 9 0 0 2 27 310 546 130 9 
0 0 23 146 303 396 155 1 0 0 9 115 255 437 194 14 0 0 7 105 237 437 221 17 
0 0 2 60 291 430 168 73 0 0 1 37 253 461 195 77 0 0 1 37 261 451 197 77 
0 0 15 89 299 330 190 101 0 0 2 80 255 363 210 114 0 0 2 76 256 360 230 100 
0 0 6 61 368 433 142 14 0 0 3 46 331 444 184 16 0 0 4 45 337 450 172 16 
285 77 15 81 226 265 63 12 96 255 18 64 196 283 90 22 111 244 17 58 194 289 91 20 
1019 5 0 0 0 0 0 0 991 33 0 0 0 0 0 0 976 48 0 0 0 0 0 0 
1024 0 0 0 0 0 0 0 1024 0 0 0 0 0 0 0 1024 0 0 0 0 0 0 0 
1024 0 0 0 0 0 0 0 1024 0 0 0 0 0 0 0 1024 0 0 0 0 0 0 0 
1024 0 0 0 0 0 0 0 1024 0 0 0 0 0 0 0 1024 0 0 0 0 0 0 0 
1024 0 0 0 0 0 0 0 1019 5 0 0 0 0 0 0 1019 5 0 0 0 0 0 0 
1021 3 0 0 0 0 0 0 1005 19 0 0 0 0 0 0 1005 19 0 0 0 0 0 0 
298 66 16 35 65 43 84 417 220 139 21 35 66 39 88 416 262 102 18 31 65 44 88 414 
0 0 0 9 38 129 280 568 0 0 0 8 36 104 271 605 0 0 0 8 36 95 280 605 
0 0 0 6 149 388 317 164 0 0 0 2 108 349 374 191 0 0 0 0 70 306 430 218 
0 0 19 120 339 354 135 57 0 0 6 81 311 396 169 61 0 0 0 41 234 444 237 68 
4 211 350 223 83 118 34 1 0 179 331 257 94 116 46 1 0 98 331 268 143 108 75 1 
607 346 71 0 0 0 0 0 447 459 116 2 0 0 0 0 410 446 158 10 0 0 0 0 
1001 23 0 0 0 0 0 0 993 31 0 0 0 0 0 0 988 36 0 0 0 0 0 0 
1024 0 0 0 0 0 0 0 1024 0 0 0 0 0 0 0 1024 0 0 0 0 0 0 0 
1024 0 0 0 0 0 0 0 1022 2 0 0 0 0 0 0 1022 2 0 0 0 0 0 0 
1024 0 0 0 0 0 0 0 1024 0 0 0 0 0 0 0 1020 4 0 0 0 0 0 0 
1024 0 0 0 0 0 0 0 1024 0 0 0 0 0 0 0 1024 0 0 0 0 0 0 0 
1024 0 0 0 0 0 0 0 1024 0 0 0 0 0 0 0 1024 0 0 0 0 0 0 0 
1018 6 0 0 0 0 0 0 1018 6 0 0 0 0 0 0 1013 11 0 0 0 0 0 0 
1024 0 0 0 0 0 0 0 1024 0 0 0 0 0 0 0 1024 0 0 0 0 0 0 0 
1024 0 0 0 0 0 0 0 1024 0 0 0 0 0 0 0 1024 0 0 0 0 0 0 0 
1024 0 0 0 0 0 0 0 1024 0 0 0 0 0 0 0 1024 0 0 0 0 0 0 0 
965 55 4 0 0 0 0 0 965 55 4 0 0 0 0 0 965 55 4 0 0 0 0 0 
921 89 13 1 0 0 0 0 920 90 13 1 0 0 0 0 894 116 13 1 0 0 0 0 
842 174 7 1 0 0 0 0 803 212 7 2 0 0 0 0 768 246 8 2 0 0 0 0 
974 50 0 0 0 0 0 0 963 61 0 0 0 0 0 0 957 64 3 0 0 0 0 0 
967 57 0 0 0 0 0 0 953 71 0 0 0 0 0 0 937 87 0 0 0 0 0 0 
0 4 113 389 431 86 1 0 0 0 72 350 446 151 5 0 0 0 32 278 490 211 13 0 
0 0 74 224 397 316 13 0 0 0 42 191 404 351 36 0 0 0 25 179 391 383 46 0 
0 21 249 230 296 207 21 0 0 0 177 249 318 253 26 1 0 0 50 312 340 284 36 2 
0 2 108 249 460 192 13 0 0 1 63 237 391 311 21 0 0 0 25 195 387 387 27 3 
0 0 29 193 354 347 69 32 0 0 13 165 340 386 88 32 0 0 6 131 328 401 125 33 
0 0 1 1 86 295 508 133 0 0 1 1 55 268 520 179 0 0 0 2 64 265 527 166 
0 0 0 1 208 594 204 17 0 0 0 0 128 578 288 30 0 0 0 0 124 589 285 26 
0 0 0 14 237 564 203 6 0 0 0 4 191 544 270 15 0 0 0 3 161 532 306 22 
0 0 4 105 231 381 237 66 0 0 1 77 211 378 279 78 0 0 1 48 196 389 301 89 
0 0 0 24 144 284 305 267 0 0 0 26 113 287 312 286 0 0 0 17 131 291 308 277 
0 0 1 19 117 477 284 126 0 0 0 15 99 473 299 138 0 0 0 15 108 490 290 121 
0 0 0 5 71 439 313 196 0 0 0 5 60 403 337 219 0 0 0 5 70 420 338 191 
488 24 15 26 98 161 149 63 359 148 12 21 94 147 162 81 412 97 13 22 96 153 158 73 
1002 22 0 0 0 0 0 0 981 43 0 0 0 0 0 0 975 49 0 0 0 0 0 0 
1024 0 0 0 0 0 0 0 1024 0 0 0 0 0 0 0 1024 0 0 0 0 0 0 0 
1024 0 0 0 0 0 0 0 1024 0 0 0 0 0 0 0 1024 0 0 0 0 0 0 0 
1024 0 0 0 0 0 0 0 1024 0 0 0 0 0 0 0 1024 0 0 0 0 0 0 0 
1024 0 0 0 0 0 0 0 1007 17 0 0 0 0 0 0 983 41 0 0 0 0 0 0 
1024 0 0 0 0 0 0 0 1005 19 0 0 0 0 0 0 987 37 0 0 0 0 0 0 
118 30 16 66 195 208 182 209 96 53 15 42 196 220 186 216 104 45 17 18 165 265 192 218 
0 0 0 28 232 319 232 213 0 0 0 24 217 324 244 215 0 0 0 18 192 335 258 221 
0 0 40 146 271 338 164 65 0 0 18 147 264 337 182 76 0 0 2 145 242 353 204 78 
0 0 30 192 483 301 18 0 0 0 15 171 453 341 44 0 0 0 4 125 434 358 103 0 
2 134 423 258 183 24 0 0 0 70 385 316 213 40 0 0 0 13 255 397 295 64 0 0 
468 406 128 19 3 0 0 0 436 394 162 24 8 0 0 0 403 303 261 44 13 0 0 0 
724 297 3 0 0 0 0 0 699 316 9 0 0 0 0 0 657 307 60 0 0 0 0 0 
1024 0 0 0 0 0 0 0 1024 0 0 0 0 0 0 0 1024 0 0 0 0 0 0 0 
1024 0 0 0 0 0 0 0 1024 0 0 0 0 0 0 0 1024 0 0 0 0 0 0 0 
1024 0 0 0 0 0 0 0 1024 0 0 0 0 0 0 0 1024 0 0 0 0 0 0 0 
1024 0 0 0 0 0 0 0 1024 0 0 0 0 0 0 0 1024 0 0 0 0 0 0 0 
1024 0 0 0 0 0 0 0 1024 0 0 0 0 0 0 0 1024 0 0 0 0 0 0 0 
1024 0 0 0 0 0 0 0 1024 0 0 0 0 0 0 0 1024 0 0 0 0 0 0 0 
1024 0 0 0 0 0 0 0 1024 0 0 0 0 0 0 0 1024 0 0 0 0 0 0 0 
1024 0 0 0 0 0 0 0 1024 0 0 0 0 0 0 0 1024 0 0 0 0 0 0 0 
1024 0 0 0 0 0 0 0 1024 0 0 0 0 0 0 0 1024 0 0 0 0 0 0 0 
1015 3 4 1 1 0 0 0 1014 4 4 1 1 0 0 0 1014 4 4 1 1 0 0 0 
597 247 124 45 10 1 0 0 581 264 124 43 11 1 0 0 534 311 129 42 8 0 0 0 
536 481 7 0 0 0 0 0 451 567 6 0 0 0 0 0 388 620 16 0 0 0 0 0 
1018 6 0 0 0 0 0 0 1018 6 0 0 0 0 0 0 1018 6 0 0 0 0 0 0 
1020 4 0 0 0 0 0 0 1020 4 0 0 0 0 0 0 1020 4 0 0 0 0 0 0 
0 0 0 16 274 663 71 0 0 0 0 6 207 680 130 1 0 0 0 7 188 694 134 1 
0 0 0 58 390 541 27 8 0 0 0 28 353 558 76 9 0 0 0 19 324 577 95 9 
0 0 4 94 559 358 9 0 0 0 0 57 508 426 33 0 0 0 0 46 458 462 58 0 
0 0 6 142 464 362 47 3 0 0 1 93 407 444 76 3 0 0 0 74 369 480 97 4 
0 0 7 198 542 262 15 0 0 0 1 138 516 334 35 0 0 0 0 114 462 400 48 0 
0 0 0 118 313 288 175 130 0 0 0 86 322 299 183 134 0 0 0 62 311 312 203 136 
0 0 0 28 147 381 269 199 0 0 0 10 126 385 284 219 0 0 0 20 141 387 282 194 
0 0 31 167 496 288 39 3 0 0 14 150 483 323 48 6 0 0 6 146 479 323 63 7 
0 3 103 230 335 232 102 19 0 0 84 209 354 233 122 22 0 0 46 194 378 256 127 23 
0 0 105 189 242 200 179 109 0 0 67 191 266 189 196 115 0 0 25 174 304 210 194 117 
0 0 0 37 131 241 273 342 0 0 0 32 115 230 280 367 0 0 0 18 112 221 299 374 
0 0 0 0 67 150 256 551 0 0 0 0 51 131 244 598 0 0 0 0 58 138 259 569 
84 19 10 7 80 190 336 298 36 65 7 11 70 158 320 357 56 46 10 7 72 163 320 350 
669 44 22 35 42 69 77 66 599 106 18 33 44 66 63 95 629 80 15 36 41 63 74 86 
1024 0 0 0 0 0 0 0 1024 0 0 0 0 0 0 0 1024 0 0 0 0 0 0 0 
1024 0 0 0 0 0 0 0 1024 0 0 0 0 0 0 0 1024 0 0 0 0 0 0 0 
1024 0 0 0 0 0 0 0 1024 0 0 0 0 0 0 0 1024 0 0 0 0 0 0 0 
1024 0 0 0 0 0 0 0 1020 4 0 0 0 0 0 0 982 42 0 0 0 0 0 0 
855 53 9 12 9 20 27 39 847 61 10 11 11 20 35 29 852 58 10 9 12 22 38 23 
0 1 1 3 22 167 349 481 0 1 1 3 20 167 343 489 1 0 2 2 28 195 333 463 
0 0 0 5 28 145 229 617 0 0 0 4 27 144 228 621 0 0 0 5 36 156 221 606 
0 0 0 8 103 262 325 326 0 0 0 5 87 258 323 351 0 0 0 6 93 254 336 335 
0 0 0 31 178 381 388 46 0 0 0 23 153 391 399 58 0 0 0 8 150 379 421 66 
0 3 98 361 384 134 44 0 0 0 51 294 441 178 60 0 0 0 5 140 526 266 84 3 
98 267 388 207 62 2 0 0 53 226 328 318 96 3 0 0 7 167 192 397 234 27 0 0 
828 196 0 0 0 0 0 0 757 249 18 0 0 0 0 0 721 233 68 2 0 0 0 0 
1024 0 0 0 0 0 0 0 1024 0 0 0 0 0 0 0 1024 0 0 0 0 0 0 0 
1024 0 0 0 0 0 0 0 1024 0 0 0 0 0 0 0 1024 0 0 0 0 0 0 0 
1024 0 0 0 0 0 0 0 1024 0 0 0 0 0 0 0 1024 0 0 0 0 0 0 0 
1024 0 0 0 0 0 0 0 1024 0 0 0 0 0 0 0 1024 0 0 0 0 0 0 0 
1024 0 0 0 0 0 0 0 1024 0 0 0 0 0 0 0 1024 0 0 0 0 0 0 0 
1024 0 0 0 0 0 0 0 1024 0 0 0 0 0 0 0 1024 0 0 0 0 0 0 0 
1024 0 0 0 0 0 0 0 1024 0 0 0 0 0 0 0 1024 0 0 0 0 0 0 0 
1024 0 0 0 0 0 0 0 1024 0 0 0 0 0 0 0 1024 0 0 0 0 0 0 0 
1024 0 0 0 0 0 0 0 1024 0 0 0 0 0 0 0 1024 0 0 0 0 0 0 0 
971 30 11 8 4 0 0 0 971 29 12 8 4 0 0 0 973 28 11 8 4 0 0 0 
508 484 31 1 0 0 0 0 459 528 36 1 0 0 0 0 405 576 42 1 0 0 0 0 
557 444 23 0 0 0 0 0 387 613 24 0 0 0 0 0 203 765 56 0 0 0 0 0 
832 170 17 5 0 0 0 0 737 262 19 5 1 0 0 0 484 508 22 9 1 0 0 0 
326 101 118 327 152 0 0 0 278 124 103 310 209 0 0 0 230 150 99 194 350 1 0 0 
0 0 121 297 423 183 0 0 0 0 82 298 419 225 0 0 0 0 34 278 422 290 0 0 
0 1 133 136 281 395 73 5 0 0 94 153 265 401 105 6 0 0 36 190 260 405 127 6 
0 0 0 62 345 421 177 19 0 0 0 46 304 425 223 26 0 0 0 23 310 427 239 25 
0 0 2 79 385 373 161 24 0 0 0 49 313 437 199 26 0 0 0 39 287 465 207 26 
0 0 28 256 350 265 107 18 0 0 17 209 353 286 136 23 0 0 3 175 353 314 155 24 
0 0 26 266 403 256 69 4 0 0 8 206 426 288 89 7 0 0 2 182 419 319 94 8 
0 0 1 18 154 423 267 161 0 0 1 20 143 412 278 170 0 0 1 12 155 416 281 159 
0 0 1 80 262 342 241 98 0 0 0 60 247 348 253 116 0 0 0 59 257 363 245 100 
0 6 101 127 307 281 147 55 0 1 80 124 309 293 158 59 0 0 76 125 320 294 153 56 
0 4 129 150 369 246 92 34 0 2 109 153 351 262 106 41 0 0 64 162 368 272 120 38 
0 0 7 120 393 370 112 22 0 0 4 72 355 411 150 32 0 0 0 45 286 432 218 43 
0 0 0 49 261 235 164 315 0 0 0 22 238 271 158 335 0 0 0 2 120 327 221 354 
0 0 0 1 41 116 306 560 0 0 0 2 36 91 275 620 0 0 0 0 34 90 273 627 
622 117 32 24 17 42 76 94 543 170 52 24 15 30 76 114 573 152 44 21 16 32 79 107 
1024 0 0 0 0 0 0 0 1024 0 0 0 0 0 0 0 1024 0 0 0 0 0 0 0 
1024 0 0 0 0 0 0 0 1024 0 0 0 0 0 0 0 1024 0 0 0 0 0 0 0 
1024 0 0 0 0 0 0 0 1024 0 0 0 0 0 0 0 1024 0 0 0 0 0 0 0 
1024 0 0 0 0 0 0 0 1024 0 0 0 0 0 0 0 1024 0 0 0 0 0 0 0 
1002 16 2 1 1 2 0 0 999 20 1 1 1 2 0 0 995 24 1 1 1 2 0 0 
38 26 6 12 23 104 243 572 44 20 6 14 20 100 234 586 55 11 5 13 21 98 234 587 
0 0 0 0 4 77 319 624 0 0 0 0 4 66 303 651 0 0 0 0 3 66 304 651 
0 0 0 2 22 115 375 510 0 0 0 2 19 97 322 584 0 0 0 2 23 99 317 583 
0 0 0 3 19 141 610 251 0 0 0 3 18 113 571 319 0 0 0 3 16 101 538 366 
0 0 25 92 247 411 249 0 0 0 12 87 215 416 294 0 0 0 8 77 183 405 350 1 
0 16 209 365 310 117 7 0 0 4 111 344 362 187 16 0 0 1 40 221 425 292 45 0 
638 67 155 102 54 8 0 0 611 78 110 133 74 18 0 0 534 133 39 135 121 60 2 0 
989 35 0 0 0 0 0 0 984 40 0 0 0 0 0 0 981 42 1 0 0 0 0 0 
1024 0 0 0 0 0 0 0 1024 0 0 0 0 0 0 0 1024 0 0 0 0 0 0 0 
1024 0 0 0 0 0 0 0 1024 0 0 0 0 0 0 0 1024 0 0 0 0 0 0 0 
1024 0 0 0 0 0 0 0 1024 0 0 0 0 0 0 0 1024 0 0 0 0 0 0 0 
1024 0 0 0 0 0 0 0 1024 0 0 0 0 0 0 0 1024 0 0 0 0 0 0 0 
1024 0 0 0 0 0 0 0 1024 0 0 0 0 0 0 0 1024 0 0 0 0 0 0 0 
1024 0 0 0 0 0 0 0 1024 0 0 0 0 0 0 0 1024 0 0 0 0 0 0 0 
1024 0 0 0 0 0 0 0 1024 0 0 0 0 0 0 0 1024 0 0 0 0 0 0 0 
1012 12 0 0 0 0 0 0 1008 16 0 0 0 0 0 0 1009 15 0 0 0 0 0 0 
929 69 15 11 0 0 0 0 934 65 18 7 0 0 0 0 926 72 18 8 0 0 0 0 
930 94 0 0 0 0 0 0 908 116 0 0 0 0 0 0 878 146 0 0 0 0 0 0 
1016 8 0 0 0 0 0 0 1005 19 0 0 0 0 0 0 955 69 0 0 0 0 0 0 
1009 15 0 0 0 0 0 0 977 47 0 0 0 0 0 0 830 194 0 0 0 0 0 0 
989 24 9 2 0 0 0 0 973 36 6 9 0 0 0 0 934 75 6 9 0 0 0 0 
0 0 24 169 545 268 18 0 0 0 7 118 517 348 33 1 0 0 7 104 480 391 41 1 
0 0 61 259 321 237 120 26 0 0 33 229 310 297 129 26 0 0 25 210 344 289 126 30 
0 0 3 109 422 354 105 31 0 0 1 71 399 377 138 38 0 0 0 67 393 382 145 37 
0 0 0 48 442 456 77 1 0 0 0 26 356 528 109 5 0 0 0 18 323 537 141 5 
0 0 2 132 356 415 114 5 0 0 0 86 309 460 161 8 0 0 0 78 276 462 192 16 
0 0 6 219 285 339 156 19 0 0 1 173 261 377 182 30 0 0 0 154 264 363 209 34 
0 0 6 106 355 386 128 43 0 0 3 98 280 445 151 47 0 0 0 73 296 446 161 48 
0 0 0 52 312 401 191 68 0 0 0 37 271 429 213 74 0 0 0 17 255 453 222 77 
0 0 0 16 181 445 329 53 0 0 0 8 145 424 366 81 0 0 0 3 129 437 366 89 
0 0 0 3 127 417 323 154 0 0 0 2 90 398 350 184 0 0 0 2 94 383 360 185 
0 0 4 66 190 329 260 175 0 0 5 61 157 326 281 194 0 0 1 57 161 319 287 199 
0 0 5 130 349 296 177 67 0 0 3 84 334 320 192 91 0 0 0 42 321 361 206 94 
62 19 72 238 277 147 62 147 29 47 25 194 319 176 79 155 36 37 11 111 309 248 112 160 
926 66 5 4 3 7 3 10 831 155 10 4 2 5 6 11 761 228 8 3 4 5 5 10 
1013 11 0 0 0 0 0 0 975 49 0 0 0 0 0 0 934 90 0 0 0 0 0 0 
1024 0 0 0 0 0 0 0 1024 0 0 0 0 0 0 0 1024 0 0 0 0 0 0 0 
1024 0 0 0 0 0 0 0 1024 0 0 0 0 0 0 0 1024 0 0 0 0 0 0 0 
1012 12 0 0 0 0 0 0 994 30 0 0 0 0 0 0 982 42 0 0 0 0 0 0 
837 74 8 8 4 27 33 33 794 117 8 8 1 25 33 38 861 51 9 6 5 31 33 28 
4 10 2 2 10 84 263 649 4 10 2 2 10 76 252 668 6 8 2 2 10 84 272 640 
0 0 0 3 34 210 401 376 0 0 0 1 33 185 393 412 0 0 0 1 36 187 399 401 
0 0 0 12 108 480 334 90 0 0 0 9 99 461 352 103 0 0 0 5 90 442 381 106 
0 0 0 57 225 352 339 51 0 0 0 43 197 351 350 83 0 0 0 32 161 358 372 101 
0 2 17 142 375 395 93 0 0 2 10 106 353 405 147 1 0 2 5 73 271 443 228 2 
29 54 105 382 383 71 0 0 20 52 87 289 471 99 6 0 3 42 63 131 395 371 19 0 
956 57 11 0 0 0 0 0 918 90 14 2 0 0 0 0 854 139 22 9 0 0 0 0 
1016 8 0 0 0 0 0 0 1014 10 0 0 0 0 0 0 1016 8 0 0 0 0 0 0 
1024 0 0 0 0 0 0 0 1024 0 0 0 0 0 0 0 1024 0 0 0 0 0 0 0 
1024 0 0 0 0 0 0 0 1024 0 0 0 0 0 0 0 1024 0 0 0 0 0 0 0 
1024 0 0 0 0 0 0 0 1024 0 0 0 0 0 0 0 1024 0 0 0 0 0 0 0 
1024 0 0 0 0 0 0 0 1024 0 0 0 0 0 0 0 1024 0 0 0 0 0 0 0 
1024 0 0 0 0 0 0 0 1024 0 0 0 0 0 0 0 1024 0 0 0 0 0 0 0 
1023 1 0 0 0 0 0 0 1022 2 0 0 0 0 0 0 1016 8 0 0 0 0 0 0 
1023 1 0 0 0 0 0 0 1023 1 0 0 0 0 0 0 1023 1 0 0 0 0 0 0 
1014 10 0 0 0 0 0 0 1012 12 0 0 0 0 0 0 1014 10 0 0 0 0 0 0 
937 72 15 0 0 0 0 0 922 87 15 0 0 0 0 0 903 102 18 1 0 0 0 0 
962 62 0 0 0 0 0 0 917 107 0 0 0 0 0 0 805 217 2 0 0 0 0 0 
952 38 16 16 2 0 0 0 889 95 10 24 6 0 0 0 840 145 9 18 12 0 0 0 
785 71 50 85 33 0 0 0 766 90 46 94 28 0 0 0 719 117 48 82 56 2 0 0 
889 129 6 0 0 0 0 0 824 194 6 0 0 0 0 0 677 331 15 1 0 0 0 0 
0 0 0 68 380 444 120 12 0 0 0 48 331 492 139 14 0 0 0 39 310 507 151 17 
0 0 8 93 225 320 297 81 0 0 2 80 229 296 313 104 0 0 6 80 203 302 320 113 
0 0 4 66 181 327 301 145 0 0 2 53 175 313 299 182 0 0 1 51 170 332 288 182 
0 0 0 39 326 413 205 41 0 0 0 30 252 436 246 60 0 0 0 31 262 436 236 59 
0 0 0 18 338 402 203 63 0 0 0 13 273 413 226 99 0 0 0 13 244 427 245 95 
0 0 0 7 295 427 245 50 0 0 0 8 231 439 291 55 0 0 0 2 245 402 297 78 
0 0 0 41 272 363 269 79 0 0 0 27 222 361 288 126 0 0 0 22 218 362 297 125 
0 0 2 33 194 338 296 161 0 0 0 26 126 371 296 205 0 0 0 24 134 344 301 221 
0 0 8 119 311 400 155 31 0 0 3 87 265 419 199 51 0 0 1 72 265 425 203 58 
0 0 53 195 334 242 113 87 0 0 21 179 339 259 134 92 0 0 10 131 314 293 172 104 
0 0 6 222 234 266 216 80 0 0 5 148 279 265 216 111 0 0 0 94 315 290 219 106 
0 0 5 47 185 336 289 162 0 0 3 43 169 329 306 174 0 0 1 37 171 331 307 177 
143 55 16 85 203 282 186 54 56 134 15 60 215 265 207 72 77 117 12 57 186 289 211 75 
985 33 6 0 0 0 0 0 925 90 9 0 0 0 0 0 856 156 12 0 0 0 0 0 
1024 0 0 0 0 0 0 0 1024 0 0 0 0 0 0 0 1024 0 0 0 0 0 0 0 
1024 0 0 0 0 0 0 0 1024 0 0 0 0 0 0 0 1024 0 0 0 0 0 0 0 
1024 0 0 0 0 0 0 0 1024 0 0 0 0 0 0 0 1024 0 0 0 0 0 0 0 
1024 0 0 0 0 0 0 0 1024 0 0 0 0 0 0 0 1023 1 0 0 0 0 0 0 
597 45 16 32 59 35 70 170 602 42 16 26 60 40 67 171 608 35 16 15 60 52 70 168 
0 0 0 5 81 229 323 386 0 0 0 3 80 227 317 397 0 0 0 5 67 252 320 380 
0 0 0 3 14 100 221 686 0 0 0 4 15 94 220 691 0 0 0 6 17 119 226 656 
0 0 19 96 156 164 227 362 0 0 14 92 162 161 218 377 0 0 1 77 177 178 220 371 
0 0 72 188 192 264 237 71 0 0 48 198 189 245 253 91 0 0 9 156 228 252 267 112 
0 1 87 216 254 396 70 0 0 0 33 231 241 439 80 0 0 0 5 106 303 505 105 0 
241 221 238 170 132 22 0 0 200 194 248 198 133 51 0 0 139 213 228 168 175 99 2 0 
1022 2 0 0 0 0 0 0 1021 3 0 0 0 0 0 0 1016 8 0 0 0 0 0 0 
1024 0 0 0 0 0 0 0 1024 0 0 0 0 0 0 0 1024 0 0 0 0 0 0 0 
1024 0 0 0 0 0 0 0 1024 0 0 0 0 0 0 0 1024 0 0 0 0 0 0 0 
1024 0 0 0 0 0 0 0 1024 0 0 0 0 0 0 0 1024 0 0 0 0 0 0 0 
1024 0 0 0 0 0 0 0 1024 0 0 0 0 0 0 0 1024 0 0 0 0 0 0 0 
1024 0 0 0 0 0 0 0 1024 0 0 0 0 0 0 0 1024 0 0 0 0 0 0 0 
1006 18 0 0 0 0 0 0 992 32 0 0 0 0 0 0 995 29 0 0 0 0 0 0 
1001 23 0 0 0 0 0 0 981 43 0 0 0 0 0 0 934 90 0 0 0 0 0 0 
1022 2 0 0 0 0 0 0 1011 13 0 0 0 0 0 0 1009 15 0 0 0 0 0 0 
1024 0 0 0 0 0 0 0 1024 0 0 0 0 0 0 0 1024 0 0 0 0 0 0 0 
825 199 0 0 0 0 0 0 766 258 0 0 0 0 0 0 663 361 0 0 0 0 0 0 
679 339 6 0 0 0 0 0 553 462 9 0 0 0 0 0 385 621 18 0 0 0 0 0 
772 76 74 82 20 0 0 0 727 106 60 101 30 0 0 0 573 233 63 79 73 3 0 0 
561 117 113 164 69 0 0 0 530 150 100 184 60 0 0 0 324 317 85 165 132 1 0 0 
948 76 0 0 0 0 0 0 925 99 0 0 0 0 0 0 835 189 0 0 0 0 0 0 
0 0 0 67 365 393 175 24 0 0 0 47 350 403 193 31 0 0 0 36 297 427 216 48 
0 0 0 10 139 384 350 141 0 0 0 3 122 363 364 172 0 0 0 1 96 351 373 203 
0 0 0 0 66 291 402 265 0 0 0 0 67 254 386 317 0 0 0 0 45 256 407 316 
0 0 0 0 77 426 408 113 0 0 0 0 55 378 438 153 0 0 0 0 46 347 448 183 
0 0 0 1 93 341 408 181 0 0 0 1 61 309 426 227 0 0 0 1 71 296 407 249 
0 0 0 49 322 340 282 31 0 0 0 42 294 333 285 70 0 0 0 28 287 325 307 77 
0 0 0 23 215 364 317 105 0 0 0 16 194 350 335 129 0 0 0 12 163 358 366 125 
0 0 0 27 214 417 304 62 0 0 0 19 198 400 322 85 0 0 0 17 182 402 334 89 
0 0 8 109 328 335 187 57 0 0 5 86 319 344 192 78 0 0 0 61 319 367 203 74 
0 0 10 105 408 298 152 51 0 0 4 76 384 330 173 57 0 0 0 59 374 343 187 61 
0 0 13 101 315 320 199 76 0 0 11 79 315 315 208 96 0 0 3 77 289 331 229 95 
0 0 15 228 483 255 42 1 0 0 4 173 497 291 53 6 0 0 0 133 492 332 61 6 
498 60 51 98 145 126 46 0 426 122 44 86 153 131 60 2 350 188 49 69 150 148 65 5 
1013 11 0 0 0 0 0 0 1002 22 0 0 0 0 0 0 978 46 0 0 0 0 0 0 
1024 0 0 0 0 0 0 0 1017 7 0 0 0 0 0 0 1018 6 0 0 0 0 0 0 
1024 0 0 0 0 0 0 0 1024 0 0 0 0 0 0 0 1024 0 0 0 0 0 0 0 
1024 0 0 0 0 0 0 0 1024 0 0 0 0 0 0 0 1024 0 0 0 0 0 0 0 
1024 0 0 0 0 0 0 0 1023 1 0 0 0 0 0 0 1022 2 0 0 0 0 0 0 
587 24 22 70 92 86 74 69 584 26 21 57 112 78 77 69 579 31 18 35 123 97 80 61 
0 0 0 124 339 305 151 105 0 0 0 97 340 309 169 109 0 0 0 44 371 348 168 93 
0 0 1 68 197 157 192 409 0 0 0 69 197 155 192 411 0 0 1 45 227 169 184 398 
0 0 36 101 187 228 227 245 0 0 14 115 179 227 236 253 0 0 12 88 207 231 242 244 
0 1 119 297 360 192 54 1 0 0 99 255 383 221 65 1 0 0 63 199 415 248 97 2 
0 8 155 355 304 171 31 0 0 0 93 370 326 190 45 0 0 0 7 259 409 277 72 0 
607 49 121 129 91 26 1 0 596 56 95 138 95 42 2 0 558 77 55 128 131 69 6 0 
1024 0 0 0 0 0 0 0 1024 0 0 0 0 0 0 0 1024 0 0 0 0 0 0 0 
1024 0 0 0 0 0 0 0 1024 0 0 0 0 0 0 0 1024 0 0 0 0 0 0 0 
1024 0 0 0 0 0 0 0 1024 0 0 0 0 0 0 0 1024 0 0 0 0 0 0 0 
1024 0 0 0 0 0 0 0 1024 0 0 0 0 0 0 0 1024 0 0 0 0 0 0 0 
1024 0 0 0 0 0 0 0 1024 0 0 0 0 0 0 0 1024 0 0 0 0 0 0 0 
1024 0 0 0 0 0 0 0 1024 0 0 0 0 0 0 0 1024 0 0 0 0 0 0 0 
1024 0 0 0 0 0 0 0 1024 0 0 0 0 0 0 0 1024 0 0 0 0 0 0 0 
1024 0 0 0 0 0 0 0 1024 0 0 0 0 0 0 0 1023 1 0 0 0 0 0 0 
992 32 0 0 0 0 0 0 992 32 0 0 0 0 0 0 990 34 0 0 0 0 0 0 
915 109 0 0 0 0 0 0 880 142 2 0 0 0 0 0 854 162 8 0 0 0 0 0 
636 388 0 0 0 0 0 0 605 419 0 0 0 0 0 0 535 470 19 0 0 0 0 0 
980 44 0 0 0 0 0 0 964 60 0 0 0 0 0 0 844 180 0 0 0 0 0 0 
831 193 0 0 0 0 0 0 748 274 2 0 0 0 0 0 535 482 7 0 0 0 0 0 
866 158 0 0 0 0 0 0 836 188 0 0 0 0 0 0 724 289 11 0 0 0 0 0 
923 101 0 0 0 0 0 0 895 129 0 0 0 0 0 0 807 217 0 0 0 0 0 0 
0 20 138 190 305 265 89 17 0 3 122 195 319 264 103 18 0 0 68 192 253 326 149 36 
0 0 2 85 400 373 151 13 0 0 0 71 346 415 177 15 0 0 0 31 323 399 232 39 
0 0 0 4 297 354 291 78 0 0 0 5 256 366 298 99 0 0 0 2 240 374 301 107 
0 0 13 86 284 369 247 25 0 0 10 76 253 371 279 35 0 0 7 58 236 400 286 37 
0 0 0 22 352 403 225 22 0 0 0 17 316 410 249 32 0 0 0 21 281 427 251 44 
0 0 0 16 223 477 266 42 0 0 0 9 187 484 285 59 0 0 0 5 155 480 317 67 
0 0 0 13 175 455 299 82 0 0 0 9 148 450 323 94 0 0 0 9 139 454 334 88 
0 0 0 14 141 445 330 94 0 0 0 13 107 395 392 117 0 0 0 10 107 399 393 115 
0 0 0 5 136 339 315 229 0 0 0 3 125 317 336 243 0 0 0 5 99 330 320 270 
0 0 2 99 281 378 162 102 0 0 0 68 284 379 164 129 0 0 0 36 235 413 199 141 
27 35 19 139 296 340 132 36 0 60 8 111 303 338 160 44 0 60 7 57 297 385 166 52 
447 105 83 128 81 116 57 7 223 318 87 136 71 121 64 4 74 458 73 132 97 116 66 8 
966 45 5 3 3 2 0 0 887 124 5 2 3 2 1 0 756 255 5 2 3 2 1 0 
1023 1 0 0 0 0 0 0 982 42 0 0 0 0 0 0 924 100 0 0 0 0 0 0 
1024 0 0 0 0 0 0 0 1022 2 0 0 0 0 0 0 1014 10 0 0 0 0 0 0 
1024 0 0 0 0 0 0 0 1024 0 0 0 0 0 0 0 1024 0 0 0 0 0 0 0 
1024 0 0 0 0 0 0 0 1024 0 0 0 0 0 0 0 1024 0 0 0 0 0 0 0 
1013 7 4 0 0 0 0 0 1009 8 4 3 0 0 0 0 1011 8 3 2 0 0 0 0 
546 51 44 77 112 74 48 72 537 45 47 94 110 68 49 74 511 69 36 96 121 76 42 73 
0 0 15 94 143 162 183 427 0 0 8 107 141 160 179 429 0 0 3 94 166 164 195 402 
0 0 0 56 99 139 200 530 0 0 0 43 105 138 190 548 0 0 0 47 114 124 214 525 
0 0 3 96 159 319 421 26 0 0 4 80 152 311 438 39 0 0 1 61 160 308 452 42 
0 0 2 45 353 455 166 3 0 0 0 22 296 472 231 3 0 0 0 18 173 552 277 4 
0 0 13 211 419 303 78 0 0 0 7 175 379 355 108 0 0 0 2 94 335 422 166 5 
839 91 34 18 17 19 6 0 826 104 36 16 15 17 10 0 789 126 45 19 10 17 18 0 
1024 0 0 0 0 0 0 0 1024 0 0 0 0 0 0 0 1024 0 0 0 0 0 0 0 
1024 0 0 0 0 0 0 0 1024 0 0 0 0 0 0 0 1024 0 0 0 0 0 0 0 
1024 0 0 0 0 0 0 0 1024 0 0 0 0 0 0 0 1024 0 0 0 0 0 0 0 
1024 0 0 0 0 0 0 0 1024 0 0 0 0 0 0 0 1024 0 0 0 0 0 0 0 
1024 0 0 0 0 0 0 0 1024 0 0 0 0 0 0 0 1024 0 0 0 0 0 0 0 
1022 2 0 0 0 0 0 0 1022 2 0 0 0 0 0 0 1022 2 0 0 0 0 0 0 
1024 0 0 0 0 0 0 0 1024 0 0 0 0 0 0 0 1024 0 0 0 0 0 0 0 
1024 0 0 0 0 0 0 0 1024 0 0 0 0 0 0 0 1024 0 0 0 0 0 0 0 
1022 2 0 0 0 0 0 0 1021 3 0 0 0 0 0 0 1019 5 0 0 0 0 0 0 
534 488 2 0 0 0 0 0 460 553 11 0 0 0 0 0 371 572 81 0 0 0 0 0 
416 492 116 0 0 0 0 0 390 516 118 0 0 0 0 0 304 547 173 0 0 0 0 0 
913 111 0 0 0 0 0 0 839 185 0 0 0 0 0 0 703 314 7 0 0 0 0 0 
895 80 11 35 3 0 0 0 816 143 21 27 17 0 0 0 683 276 20 20 25 0 0 0 
602 84 185 123 30 0 0 0 569 110 182 123 40 0 0 0 557 85 154 146 78 4 0 0 
684 129 166 45 0 0 0 0 654 135 162 72 1 0 0 0 601 157 136 122 8 0 0 0 
0 1 43 164 221 331 229 35 0 0 24 127 241 315 269 48 0 0 16 112 215 303 316 62 
0 8 52 163 389 316 93 3 0 3 40 146 376 338 116 5 0 0 20 89 343 389 156 27 
0 0 0 13 182 471 303 55 0 0 0 9 133 460 340 82 0 0 0 4 114 425 364 117 
0 0 0 14 182 517 259 52 0 0 0 4 154 504 289 73 0 0 0 1 117 507 310 89 
0 0 0 0 60 412 367 185 0 0 0 0 49 367 381 227 0 0 0 0 35 365 386 238 
0 0 0 0 103 475 354 92 0 0 0 0 88 443 356 137 0 0 0 0 68 444 374 138 
0 0 0 0 88 420 432 84 0 0 0 0 78 383 459 104 0 0 0 0 88 393 447 96 
0 0 0 0 26 360 510 128 0 0 0 0 21 319 514 170 0 0 0 0 21 321 515 167 
0 0 0 1 53 338 510 122 0 0 0 1 41 310 524 148 0 0 0 1 41 311 518 153 
0 0 0 13 184 378 370 79 0 0 0 10 166 348 401 99 0 0 0 9 179 363 386 87 
104 146 31 69 197 309 159 9 27 211 37 37 175 340 182 15 54 189 37 38 179 330 181 16 
1003 21 0 0 0 0 0 0 809 215 0 0 0 0 0 0 767 257 0 0 0 0 0 0 
903 121 0 0 0 0 0 0 703 321 0 0 0 0 0 0 535 489 0 0 0 0 0 0 
937 87 0 0 0 0 0 0 726 298 0 0 0 0 0 0 527 497 0 0 0 0 0 0 
1024 0 0 0 0 0 0 0 1024 0 0 0 0 0 0 0 1024 0 0 0 0 0 0 0 
1024 0 0 0 0 0 0 0 1024 0 0 0 0 0 0 0 1024 0 0 0 0 0 0 0 
947 27 5 9 17 18 1 0 940 33 6 10 20 13 2 0 945 29 5 9 18 17 1 0 
178 47 42 146 202 230 102 77 153 56 40 125 235 229 109 77 163 50 32 126 258 234 94 67 
0 4 64 270 292 190 116 88 0 0 31 245 322 214 119 93 0 0 17 191 385 230 120 81 
0 0 37 143 251 295 181 117 0 0 20 148 258 292 190 116 0 0 27 168 271 292 161 105 
0 0 2 189 372 366 92 3 0 0 0 138 378 391 114 3 0 0 0 95 408 400 117 4 
0 0 2 96 438 406 80 2 0 0 1 77 373 449 120 4 0 0 1 69 349 464 137 4 
0 0 81 305 343 250 45 0 0 0 24 281 355 294 69 1 0 0 4 164 397 363 94 2 
0 12 286 394 237 95 0 0 0 0 137 493 270 124 0 0 0 0 22 397 415 185 5 0 
469 419 111 22 3 0 0 0 340 372 258 51 3 0 0 0 314 166 346 179 18 1 0 0 
885 116 23 0 0 0 0 0 826 138 60 0 0 0 0 0 808 59 105 52 0 0 0 0 
1024 0 0 0 0 0 0 0 1024 0 0 0 0 0 0 0 1024 0 0 0 0 0 0 0 
1024 0 0 0 0 0 0 0 1024 0 0 0 0 0 0 0 1024 0 0 0 0 0 0 0 
1024 0 0 0 0 0 0 0 1024 0 0 0 0 0 0 0 1024 0 0 0 0 0 0 0 
1023 1 0 0 0 0 0 0 1023 1 0 0 0 0 0 0 1023 1 0 0 0 0 0 0 
1024 0 0 0 0 0 0 0 1024 0 0 0 0 0 0 0 1024 0 0 0 0 0 0 0 
1024 0 0 0 0 0 0 0 1024 0 0 0 0 0 0 0 1024 0 0 0 0 0 0 0 
987 37 0 0 0 0 0 0 973 51 0 0 0 0 0 0 952 72 0 0 0 0 0 0 
780 242 2 0 0 0 0 0 726 294 4 0 0 0 0 0 703 302 19 0 0 0 0 0 
698 319 7 0 0 0 0 0 598 414 12 0 0 0 0 0 489 515 20 0 0 0 0 0 
448 460 116 0 0 0 0 0 386 522 116 0 0 0 0 0 207 668 149 0 0 0 0 0 
599 329 30 63 3 0 0 0 547 375 32 62 8 0 0 0 435 468 42 59 20 0 0 0 
119 176 236 380 113 0 0 0 72 205 234 383 130 0 0 0 52 198 203 351 220 0 0 0 
366 271 250 97 40 0 0 0 380 242 261 109 32 0 0 0 307 228 302 125 62 0 0 0 
224 196 240 341 23 0 0 0 222 192 245 337 28 0 0 0 192 164 236 363 68 1 0 0 
0 0 6 64 238 371 275 70 0 0 5 56 236 366 276 85 0 0 2 32 206 356 338 90 
0 0 9 108 294 407 197 9 0 0 4 83 264 420 227 26 0 0 0 42 218 418 302 44 
0 0 10 90 281 361 224 58 0 0 9 66 237 383 257 72 0 0 0 29 175 347 338 135 
0 0 2 37 206 329 299 151 0 0 1 25 188 300 317 193 0 0 0 8 109 300 372 235 
0 0 0 15 200 363 350 96 0 0 0 5 170 338 379 132 0 0 0 1 100 352 407 164 
0 0 0 9 250 438 270 57 0 0 0 5 218 425 298 78 0 0 0 4 200 421 304 95 
0 0 0 27 198 328 339 132 0 0 0 22 177 325 355 145 0 0 0 19 147 340 355 163 
0 0 0 50 66 283 479 146 0 0 2 51 55 244 481 191 0 0 0 9 78 226 489 222 
0 0 0 8 84 336 386 210 0 0 0 6 76 306 408 228 0 0 0 1 53 311 429 230 
0 0 0 18 113 360 425 108 0 0 0 14 98 343 450 119 0 0 0 11 101 341 448 123 
75 334 92 79 162 202 76 4 26 347 88 96 161 206 93 7 2 359 91 93 160 216 98 5 
814 210 0 0 0 0 0 0 482 542 0 0 0 0 0 0 261 760 3 0 0 0 0 0 
969 54 1 0 0 0 0 0 795 227 2 0 0 0 0 0 664 354 6 0 0 0 0 0 
917 107 0 0 0 0 0 0 832 184 8 0 0 0 0 0 737 250 37 0 0 0 0 0 
1024 0 0 0 0 0 0 0 1023 1 0 0 0 0 0 0 1017 7 0 0 0 0 0 0 
1024 0 0 0 0 0 0 0 1023 1 0 0 0 0 0 0 1017 7 0 0 0 0 0 0 
834 52 31 27 37 29 14 0 835 52 30 28 39 31 9 0 820 65 31 27 33 38 9 1 
0 0 0 11 262 500 218 33 0 0 0 20 242 506 223 33 0 0 0 18 277 519 187 23 
0 0 1 98 206 311 240 168 0 0 0 98 199 339 223 165 0 0 1 106 217 339 229 132 
0 0 3 106 250 370 226 69 0 0 3 84 258 355 250 74 0 0 2 90 273 383 216 60 
0 0 15 169 310 417 113 0 0 0 12 154 292 433 133 0 0 0 6 131 328 431 127 1 
0 0 54 263 500 183 24 0 0 0 21 237 503 224 39 0 0 0 5 169 536 271 43 0 
0 1 138 478 330 77 0 0 0 0 72 427 406 119 0 0 0 0 38 299 535 151 1 0 
0 0 125 461 406 31 1 0 0 0 48 403 482 89 2 0 0 0 9 269 514 226 6 0 
2 256 538 180 45 3 0 0 0 66 553 326 75 4 0 0 0 0 229 602 174 19 0 0 
191 672 151 10 0 0 0 0 32 538 416 37 1 0 0 0 0 114 636 258 16 0 0 0 
680 327 17 0 0 0 0 0 273 674 75 2 0 0 0 0 135 551 295 43 0 0 0 0 
838 186 0 0 0 0 0 0 665 317 42 0 0 0 0 0 550 343 123 8 0 0 0 0 
946 75 3 0 0 0 0 0 836 162 26 0 0 0 0 0 795 156 69 4 0 0 0 0 
1017 7 0 0 0 0 0 0 974 50 0 0 0 0 0 0 960 56 8 0 0 0 0 0 
1024 0 0 0 0 0 0 0 1024 0 0 0 0 0 0 0 1024 0 0 0 0 0 0 0 
948 76 0 0 0 0 0 0 909 115 0 0 0 0 0 0 908 116 0 0 0 0 0 0 
973 51 0 0 0 0 0 0 925 99 0 0 0 0 0 0 899 125 0 0 0 0 0 0 
779 245 0 0 0 0 0 0 717 307 0 0 0 0 0 0 620 404 0 0 0 0 0 0 
1024 0 0 0 0 0 0 0 1017 7 0 0 0 0 0 0 1013 11 0 0 0 0 0 0 
1006 18 0 0 0 0 0 0 993 31 0 0 0 0 0 0 995 29 0 0 0 0 0 0 
465 199 215 144 1 0 0 0 430 212 201 178 3 0 0 0 375 205 187 205 51 1 0 0 
513 144 205 142 20 0 0 0 500 125 210 156 33 0 0 0 469 131 183 189 52 0 0 0 
3 43 270 576 132 0 0 0 6 31 244 604 139 0 0 0 2 14 149 477 381 1 0 0 
260 58 240 403 63 0 0 0 257 56 232 429 50 0 0 0 243 57 92 457 175 0 0 0 
0 7 56 399 425 123 14 0 0 7 52 334 470 144 17 0 0 0 8 210 529 228 49 0 
0 0 71 264 392 254 42 1 0 2 63 232 389 294 43 1 0 0 36 205 356 334 88 5 
0 0 6 216 481 263 50 8 0 0 3 207 460 280 65 9 0 0 0 141 456 319 96 12 
0 0 43 210 423 269 75 4 0 0 33 172 418 311 85 5 0 0 17 147 333 386 132 9 
0 0 0 30 211 305 269 209 0 0 0 32 203 292 279 218 0 0 0 18 182 325 282 217 
0 0 0 1 43 229 523 228 0 0 0 2 36 209 521 256 0 0 0 1 37 197 544 245 
0 0 0 24 197 310 415 78 0 0 0 16 182 297 422 107 0 0 0 19 183 268 431 123 
0 0 2 67 123 316 377 139 0 0 0 50 104 280 416 174 0 0 0 46 84 247 454 193 
0 0 1 107 339 321 209 47 0 0 0 72 292 348 247 65 0 0 0 46 244 382 283 69 
0 0 46 263 426 200 81 8 0 0 15 190 477 263 72 7 0 0 0 98 417 395 102 12 
0 129 363 405 116 11 0 0 0 12 251 495 246 20 0 0 0 2 66 364 527 65 0 0 
635 264 120 5 0 0 0 0 348 457 172 47 0 0 0 0 256 477 158 114 19 0 0 0 
1023 1 0 0 0 0 0 0 959 65 0 0 0 0 0 0 955 69 0 0 0 0 0 0 
1020 4 0 0 0 0 0 0 988 35 1 0 0 0 0 0 960 62 2 0 0 0 0 0 
955 69 0 0 0 0 0 0 827 191 6 0 0 0 0 0 753 204 67 0 0 0 0 0 
1024 0 0 0 0 0 0 0 1024 0 0 0 0 0 0 0 1024 0 0 0 0 0 0 0 
703 55 87 81 55 33 7 3 692 64 82 89 57 34 4 2 694 70 88 89 52 26 4 1 
17 286 299 218 151 47 6 0 0 203 334 264 161 56 6 0 0 142 336 274 202 65 5 0 
0 0 43 295 416 249 21 0 0 0 26 229 466 269 34 0 0 0 30 160 514 295 25 0 
0 0 0 35 188 512 267 22 0 0 0 33 176 505 282 28 0 0 0 33 178 534 266 13 
0 0 0 59 346 463 156 0 0 0 0 53 305 467 195 4 0 0 0 41 306 463 207 7 
0 2 30 115 316 432 129 0 0 0 29 91 293 436 174 1 0 0 4 57 272 481 204 6 
0 5 133 277 368 226 15 0 0 0 90 263 375 262 34 0 0 0 13 205 401 345 60 0 
0 5 195 286 415 118 5 0 0 1 121 287 425 185 5 0 0 0 26 272 448 272 6 0 
0 61 198 387 320 58 0 0 0 19 166 334 383 120 2 0 0 0 106 243 452 216 7 0 
0 144 620 188 72 0 0 0 0 21 503 383 108 9 0 0 0 0 214 595 176 39 0 0 
13 217 292 342 154 6 0 0 0 83 295 360 252 34 0 0 0 10 200 312 366 135 1 0 
377 455 184 8 0 0 0 0 204 438 334 47 1 0 0 0 104 201 438 257 24 0 0 0 
770 242 12 0 0 0 0 0 460 497 65 2 0 0 0 0 137 599 266 21 1 0 0 0 
927 97 0 0 0 0 0 0 821 197 6 0 0 0 0 0 740 225 58 1 0 0 0 0 
941 83 0 0 0 0 0 0 901 123 0 0 0 0 0 0 818 206 0 0 0 0 0 0 
994 30 0 0 0 0 0 0 965 59 0 0 0 0 0 0 925 99 0 0 0 0 0 0 
843 176 5 0 0 0 0 0 809 207 8 0 0 0 0 0 761 248 15 0 0 0 0 0 
833 191 0 0 0 0 0 0 785 239 0 0 0 0 0 0 698 325 1 0 0 0 0 0 
981 43 0 0 0 0 0 0 940 84 0 0 0 0 0 0 854 170 0 0 0 0 0 0 
689 149 128 58 0 0 0 0 630 162 137 85 10 0 0 0 477 293 143 98 13 0 0 0 
30 58 344 524 68 0 0 0 29 58 287 565 84 1 0 0 14 44 187 602 176 1 0 0 
234 133 279 332 34 12 0 0 254 119 265 342 38 6 0 0 208 110 160 465 77 4 0 0 
297 219 263 196 46 3 0 0 291 224 260 211 38 0 0 0 231 232 228 268 64 1 0 0 
14 92 378 503 37 0 0 0 10 79 381 510 44 0 0 0 1 49 205 612 157 0 0 0 
173 417 128 128 135 38 5 0 0 537 151 119 153 59 5 0 0 291 356 119 146 104 8 0 
77 572 175 112 83 5 0 0 1 570 238 146 63 6 0 0 0 291 411 170 142 10 0 0 
27 380 167 168 179 49 25 29 0 314 213 208 178 58 26 27 0 107 353 174 255 75 29 31 
5 132 133 113 330 209 99 3 0 103 160 96 301 262 95 7 0 11 160 133 255 292 150 23 
0 0 2 43 143 191 315 330 0 0 1 27 148 198 320 330 0 0 0 11 120 237 325 331 
0 0 0 1 28 97 404 494 0 0 0 4 28 82 383 527 0 0 0 0 25 95 394 510 
0 0 0 1 114 339 422 148 0 0 0 1 95 300 425 203 0 0 0 1 88 307 416 212 
0 0 0 1 55 241 428 299 0 0 0 1 50 222 424 327 0 0 0 1 48 223 428 324 
0 0 0 33 151 394 255 191 0 0 0 29 133 403 248 211 0 0 0 23 169 416 241 175 
0 0 103 243 391 251 31 5 0 0 39 257 394 295 30 9 0 0 18 255 411 311 24 5 
23 224 453 268 56 0 0 0 0 110 409 372 129 4 0 0 0 6 280 456 256 26 0 0 
452 378 161 33 0 0 0 0 158 421 326 107 12 0 0 0 85 346 278 234 75 6 0 0 
745 263 16 0 0 0 0 0 442 426 149 7 0 0 0 0 321 384 237 75 7 0 0 0 
437 472 115 0 0 0 0 0 205 370 442 7 0 0 0 0 126 256 261 380 1 0 0 0 
620 329 70 5 0 0 0 0 393 334 286 7 4 0 0 0 280 335 199 203 6 1 0 0 
537 132 202 150 3 0 0 0 338 239 149 221 77 0 0 0 289 205 127 173 187 43 0 0 
184 249 357 186 47 1 0 0 38 275 410 242 55 4 0 0 35 227 332 364 65 1 0 0 
5 127 293 423 168 8 0 0 0 61 277 404 269 13 0 0 0 39 251 390 330 14 0 0 
12 155 214 419 223 1 0 0 0 89 169 397 351 18 0 0 0 18 143 210 540 113 0 0 
14 108 191 317 280 112 2 0 0 77 164 284 340 151 8 0 0 28 94 215 441 232 14 0 
0 0 7 144 526 263 82 2 0 0 7 103 501 323 86 4 0 0 2 59 356 508 96 3 
0 11 31 229 554 191 8 0 0 0 26 138 531 309 19 1 0 0 20 66 359 545 33 1 
0 3 47 233 410 303 28 0 0 1 12 177 407 372 55 0 0 1 3 56 393 478 93 0 
0 0 5 116 359 483 61 0 0 0 4 75 347 472 126 0 0 0 0 28 311 537 148 0 
0 0 17 161 453 375 18 0 0 0 14 137 406 430 37 0 0 0 6 105 367 480 66 0 
3 71 195 312 369 72 2 0 0 43 192 239 407 137 6 0 0 11 134 198 435 226 20 0 
108 387 238 200 86 5 0 0 25 298 345 222 121 13 0 0 4 135 267 312 248 58 0 0 
796 204 24 0 0 0 0 0 383 586 55 0 0 0 0 0 75 660 242 46 1 0 0 0 
977 47 0 0 0 0 0 0 647 377 0 0 0 0 0 0 273 712 39 0 0 0 0 0 
620 362 34 8 0 0 0 0 459 507 47 11 0 0 0 0 386 568 57 13 0 0 0 0 
935 87 2 0 0 0 0 0 915 105 4 0 0 0 0 0 913 101 10 0 0 0 0 0 
982 42 0 0 0 0 0 0 956 68 0 0 0 0 0 0 959 65 0 0 0 0 0 0 
802 222 0 0 0 0 0 0 766 255 3 0 0 0 0 0 721 287 16 0 0 0 0 0 
894 130 0 0 0 0 0 0 810 214 0 0 0 0 0 0 649 375 0 0 0 0 0 0 
1013 11 0 0 0 0 0 0 953 71 0 0 0 0 0 0 863 161 0 0 0 0 0 0 
347 116 163 294 104 0 0 0 295 144 149 307 129 0 0 0 159 255 116 247 245 2 0 0 
120 186 279 369 70 0 0 0 122 179 265 382 76 0 0 0 79 166 246 336 196 1 0 0 
422 383 149 70 0 0 0 0 362 428 148 82 4 0 0 0 279 442 179 93 31 0 0 0 
246 206 252 290 30 0 0 0 204 216 235 316 53 0 0 0 187 180 203 354 100 0 0 0 
111 130 237 488 58 0 0 0 124 133 229 483 55 0 0 0 74 104 150 549 147 0 0 0 
69 357 298 208 86 6 0 0 0 310 368 237 96 13 0 0 0 154 412 302 127 29 0 0 
74 225 222 288 200 15 0 0 3 238 212 306 233 32 0 0 0 122 228 291 285 98 0 0 
35 317 163 312 197 0 0 0 0 303 188 274 252 7 0 0 0 48 351 217 355 53 0 0 
3 35 75 394 409 104 4 0 0 24 70 266 517 130 17 0 0 10 41 91 481 341 60 0 
0 5 64 153 430 264 76 32 0 5 55 125 421 319 70 29 0 0 29 72 316 455 122 30 
0 0 1 30 148 305 322 218 0 0 1 29 153 265 366 210 0 0 1 25 138 308 345 207 
0 0 2 152 178 189 291 212 0 0 6 130 196 197 267 228 0 0 0 120 185 188 293 238 
0 0 0 5 62 268 459 230 0 0 1 3 54 237 460 269 0 0 0 3 57 249 470 245 
0 0 1 45 236 297 340 105 0 0 0 16 232 309 337 130 0 0 0 6 223 321 334 140 
0 0 9 437 448 126 4 0 0 0 1 320 512 184 6 1 0 0 0 230 537 246 10 1 
0 177 460 345 42 0 0 0 0 81 405 465 72 1 0 0 0 30 326 552 112 4 0 0 
6 514 373 128 3 0 0 0 0 269 508 222 24 1 0 0 0 37 499 329 155 4 0 0 
236 538 199 51 0 0 0 0 15 537 322 146 4 0 0 0 0 167 492 252 112 1 0 0 
100 493 373 58 0 0 0 0 2 329 490 197 6 0 0 0 0 28 355 448 180 13 0 0 
113 505 244 153 9 0 0 0 1 350 411 177 85 0 0 0 0 33 406 348 185 52 0 0 
6 174 302 531 11 0 0 0 0 30 264 527 203 0 0 0 0 0 93 234 573 124 0 0 
2 465 451 95 11 0 0 0 0 116 642 241 25 0 0 0 0 0 317 562 126 19 0 0 
0 8 320 591 105 0 0 0 0 1 151 616 246 10 0 0 0 0 41 388 527 68 0 0 
6 178 246 410 178 6 0 0 0 117 219 430 248 10 0 0 0 60 200 339 388 37 0 0 
0 84 181 267 387 100 5 0 0 40 188 209 398 180 9 0 0 12 151 191 336 303 31 0 
0 0 81 415 444 84 0 0 0 0 24 303 562 135 0 0 0 0 0 92 480 441 11 0 
0 117 264 362 274 7 0 0 0 34 190 417 330 53 0 0 0 0 95 316 414 199 0 0 
0 8 306 460 242 8 0 0 0 0 131 514 327 52 0 0 0 0 11 289 484 233 7 0 
0 57 243 568 147 9 0 0 0 28 186 507 287 16 0 0 0 3 81 275 544 120 1 0 
5 162 154 279 343 81 0 0 0 139 163 220 377 121 4 0 0 32 158 175 423 223 13 0 
32 345 349 216 80 2 0 0 2 239 384 271 123 5 0 0 0 52 279 343 306 44 0 0 
300 536 181 7 0 0 0 0 181 483 327 33 0 0 0 0 140 209 441 211 23 0 0 0 
854 169 1 0 0 0 0 0 706 297 21 0 0 0 0 0 517 381 125 1 0 0 0 0 
721 292 11 0 0 0 0 0 612 392 20 0 0 0 0 0 428 557 39 0 0 0 0 0 
605 385 33 1 0 0 0 0 586 392 46 0 0 0 0 0 534 394 95 1 0 0 0 0 
1024 0 0 0 0 0 0 0 1024 0 0 0 0 0 0 0 1024 0 0 0 0 0 0 0 
1001 23 0 0 0 0 0 0 986 38 0 0 0 0 0 0 968 56 0 0 0 0 0 0 
926 98 0 0 0 0 0 0 874 150 0 0 0 0 0 0 751 272 1 0 0 0 0 0 
927 97 0 0 0 0 0 0 895 129 0 0 0 0 0 0 823 201 0 0 0 0 0 0 
914 110 0 0 0 0 0 0 804 220 0 0 0 0 0 0 686 338 0 0 0 0 0 0 
808 87 60 64 5 0 0 0 738 135 55 90 6 0 0 0 530 346 48 76 23 1 0 0 
24 38 138 535 289 0 0 0 21 40 118 515 330 0 0 0 17 28 90 356 533 0 0 0 
281 175 179 236 153 0 0 0 296 149 176 256 147 0 0 0 247 156 173 272 176 0 0 0 
867 128 22 7 0 0 0 0 868 132 17 7 0 0 0 0 780 207 30 7 0 0 0 0 
683 150 86 95 10 0 0 0 678 148 88 107 3 0 0 0 603 181 100 116 24 0 0 0 
0 143 661 165 52 3 0 0 0 28 695 227 64 10 0 0 0 0 334 601 77 12 0 0 
0 86 264 390 256 28 0 0 0 42 270 399 282 31 0 0 0 14 225 392 351 42 0 0 
8 220 226 285 231 53 1 0 0 152 263 281 262 64 2 0 0 63 292 256 344 65 4 0 
25 480 254 191 74 0 0 0 0 431 272 222 95 4 0 0 0 201 397 236 152 38 0 0 
5 561 202 146 79 30 1 0 0 504 239 153 100 28 0 0 0 211 413 188 147 63 2 0 
0 21 163 301 251 184 91 13 0 16 133 318 277 183 85 12 0 1 72 270 360 212 92 17 
0 0 0 17 184 208 357 258 0 0 0 18 174 229 356 247 0 0 0 12 181 228 368 235 
0 0 24 159 250 341 200 50 0 0 20 143 246 338 213 64 0 0 4 132 277 328 232 51 
0 0 0 21 232 403 276 92 0 0 0 30 228 386 287 93 0 0 0 19 213 394 303 95 
0 0 3 273 556 162 29 1 0 0 0 206 566 212 39 1 0 0 0 109 587 280 47 1 
0 9 175 424 363 52 1 0 0 0 109 385 407 122 1 0 0 0 23 282 505 206 8 0 
0 50 552 327 95 0 0 0 0 21 483 343 175 2 0 0 0 2 289 438 274 21 0 0 
30 251 477 220 46 0 0 0 0 159 442 315 108 0 0 0 0 66 324 409 199 26 0 0 
95 549 353 23 4 0 0 0 1 456 457 100 10 0 0 0 0 102 530 335 51 6 0 0 
6 211 437 343 27 0 0 0 0 32 432 411 149 0 0 0 0 0 109 383 421 111 0 0 
0 295 455 271 3 0 0 0 0 104 424 444 52 0 0 0 0 0 146 408 438 32 0 0 
2 156 454 298 114 0 0 0 0 21 387 413 203 0 0 0 0 0 45 411 390 178 0 0 
1 92 228 411 287 5 0 0 0 36 174 363 420 31 0 0 0 0 85 238 520 181 0 0 
0 11 75 420 460 58 0 0 0 0 46 314 512 152 0 0 0 0 34 145 446 395 4 0 
0 8 66 248 489 196 17 0 0 1 47 194 486 280 16 0 0 1 16 100 371 474 62 0 
0 0 58 360 366 230 10 0 0 0 17 314 403 251 39 0 0 0 0 97 502 351 74 0 
0 10 77 322 517 97 1 0 0 0 46 274 534 169 1 0 0 0 11 150 482 364 17 0 
0 40 277 429 270 8 0 0 0 9 236 367 377 35 0 0 0 1 100 223 482 218 0 0 
2 282 517 215 8 0 0 0 1 168 508 320 27 0 0 0 0 16 341 482 180 5 0 0 
6 365 535 116 2 0 0 0 0 226 621 169 8 0 0 0 0 70 581 351 22 0 0 0 
199 542 258 25 0 0 0 0 53 564 348 59 0 0 0 0 7 388 469 149 11 0 0 0 
561 379 81 3 0 0 0 0 435 421 149 19 0 0 0 0 296 314 318 90 6 0 0 0 
946 78 0 0 0 0 0 0 929 95 0 0 0 0 0 0 840 184 0 0 0 0 0 0 
853 171 0 0 0 0 0 0 796 228 0 0 0 0 0 0 714 310 0 0 0 0 0 0 
1024 0 0 0 0 0 0 0 1024 0 0 0 0 0 0 0 1024 0 0 0 0 0 0 0 
967 57 0 0 0 0 0 0 957 67 0 0 0 0 0 0 906 118 0 0 0 0 0 0 
1015 9 0 0 0 0 0 0 1007 17 0 0 0 0 0 0 979 45 0 0 0 0 0 0 
985 39 0 0 0 0 0 0 919 105 0 0 0 0 0 0 860 164 0 0 0 0 0 0 
1012 12 0 0 0 0 0 0 1001 23 0 0 0 0 0 0 999 25 0 0 0 0 0 0 
947 37 11 29 0 0 0 0 934 45 14 26 5 0 0 0 917 61 15 26 5 0 0 0 
328 145 178 315 58 0 0 0 326 151 140 320 87 0 0 0 286 123 152 266 194 3 0 0 
90 89 114 267 459 5 0 0 110 56 138 224 488 8 0 0 57 98 90 255 506 18 0 0 
49 104 92 229 545 5 0 0 53 122 86 232 526 5 0 0 32 92 100 163 624 13 0 0 
344 174 207 284 15 0 0 0 347 176 192 294 15 0 0 0 323 158 191 264 88 0 0 0 
276 141 169 267 171 0 0 0 270 141 147 330 136 0 0 0 244 141 157 276 206 0 0 0 
