0 0 0 0 0 412 612 0 0 0 0 0 0 1 1023 0 0 0 0 0 0 0 1024 0 
0 0 0 0 45 874 105 0 0 0 0 0 61 139 824 0 0 0 0 0 64 119 841 0 
0 0 4 71 504 445 0 0 0 0 8 107 543 343 23 0 0 0 4 120 605 259 36 0 
0 0 30 201 602 191 0 0 0 0 59 250 591 124 0 0 0 0 22 296 621 85 0 0 
0 1 348 517 146 12 0 0 0 18 549 321 126 10 0 0 0 4 448 412 147 13 0 0 
0 62 739 223 0 0 0 0 0 196 795 33 0 0 0 0 0 109 826 89 0 0 0 0 
0 103 749 172 0 0 0 0 0 457 562 5 0 0 0 0 0 347 666 11 0 0 0 0 
0 0 724 300 0 0 0 0 0 117 899 8 0 0 0 0 0 38 962 24 0 0 0 0 
0 147 485 392 0 0 0 0 20 299 628 77 0 0 0 0 5 227 682 110 0 0 0 0 
0 35 540 449 0 0 0 0 3 146 853 22 0 0 0 0 1 73 827 123 0 0 0 0 
0 11 783 230 0 0 0 0 0 295 726 3 0 0 0 0 0 42 939 43 0 0 0 0 
86 528 264 146 0 0 0 0 166 612 246 0 0 0 0 0 0 510 498 16 0 0 0 0 
0 166 858 0 0 0 0 0 0 720 304 0 0 0 0 0 0 37 987 0 0 0 0 0 
0 18 955 51 0 0 0 0 0 779 245 0 0 0 0 0 0 0 965 59 0 0 0 0 
0 0 744 280 0 0 0 0 0 228 747 49 0 0 0 0 0 0 500 520 4 0 0 0 
0 0 68 901 55 0 0 0 0 0 279 745 0 0 0 0 0 0 1 627 396 0 0 0 
0 0 0 194 828 2 0 0 0 0 0 361 663 0 0 0 0 0 0 19 856 149 0 0 
0 0 0 0 491 533 0 0 0 0 0 1 554 469 0 0 0 0 0 0 90 933 1 0 
0 0 0 0 0 168 850 6 0 0 0 0 0 149 869 6 0 0 0 0 0 99 925 0 
0 0 0 0 0 0 385 639 0 0 0 0 0 0 250 774 0 0 0 0 0 0 1002 22 
0 0 0 0 0 0 0 1024 0 0 0 0 0 0 0 1024 0 0 0 0 0 0 856 168 
0 0 0 0 0 0 0 1024 0 0 0 0 0 0 0 1024 0 0 0 0 0 0 494 530 
0 0 0 0 0 0 0 1024 0 0 0 0 0 0 0 1024 0 0 0 0 0 0 69 955 
0 0 0 0 0 0 20 1004 0 0 0 0 0 0 39 985 0 0 0 0 0 0 437 587 
0 0 0 0 0 123 854 47 0 0 0 0 0 0 968 56 0 0 0 0 0 0 1012 12 
0 0 0 0 79 846 67 0 0 0 0 0 0 606 386 0 0 0 0 0 0 0 992 0 
0 0 0 0 0 11 1013 0 0 0 0 0 0 0 1024 0 0 0 0 0 0 0 1024 0 
0 0 0 5 88 660 271 0 0 0 0 11 184 558 271 0 0 0 0 12 256 469 287 0 
0 0 7 252 562 203 0 0 0 0 70 339 540 75 0 0 0 0 74 367 545 38 0 0 
0 0 84 442 402 96 0 0 0 0 323 296 363 42 0 0 0 0 279 356 370 19 0 0 
0 0 519 505 0 0 0 0 0 27 923 74 0 0 0 0 0 18 877 129 0 0 0 0 
0 8 789 227 0 0 0 0 0 167 772 85 0 0 0 0 0 178 767 79 0 0 0 0 
0 28 907 89 0 0 0 0 0 510 514 0 0 0 0 0 0 474 550 0 0 0 0 0 
0 3 442 579 0 0 0 0 0 124 842 58 0 0 0 0 0 81 893 50 0 0 0 0 
0 0 446 577 1 0 0 0 0 165 766 93 0 0 0 0 0 95 844 85 0 0 0 0 
0 15 549 460 0 0 0 0 0 277 733 14 0 0 0 0 0 159 846 19 0 0 0 0 
0 156 753 115 0 0 0 0 2 769 253 0 0 0 0 0 0 523 500 1 0 0 0 0 
56 406 415 147 0 0 0 0 149 553 322 0 0 0 0 0 0 547 477 0 0 0 0 0 
15 248 755 6 0 0 0 0 48 684 292 0 0 0 0 0 0 306 718 0 0 0 0 0 
0 15 947 62 0 0 0 0 0 502 522 0 0 0 0 0 0 0 1012 12 0 0 0 0 
0 4 934 86 0 0 0 0 0 228 795 1 0 0 0 0 0 0 732 292 0 0 0 0 
0 0 186 740 98 0 0 0 0 0 482 542 0 0 0 0 0 0 7 771 246 0 0 0 
0 0 0 372 647 5 0 0 0 0 1 605 416 2 0 0 0 0 0 109 808 107 0 0 
0 0 0 0 616 408 0 0 0 0 0 0 685 339 0 0 0 0 0 0 128 896 0 0 
0 0 0 0 22 423 579 0 0 0 0 0 0 402 622 0 0 0 0 0 0 293 731 0 
0 0 0 0 0 0 856 168 0 0 0 0 0 0 582 442 0 0 0 0 0 0 1024 0 
0 0 0 0 0 0 7 1017 0 0 0 0 0 0 0 1024 0 0 0 0 0 0 949 75 
0 0 0 0 0 0 0 1024 0 0 0 0 0 0 0 1024 0 0 0 0 0 0 884 140 
0 0 0 0 0 0 0 1024 0 0 0 0 0 0 0 1024 0 0 0 0 0 0 686 338 
0 0 0 0 0 0 221 803 0 0 0 0 0 0 203 821 0 0 0 0 0 0 897 127 
0 0 0 0 0 602 422 0 0 0 0 0 0 223 801 0 0 0 0 0 0 0 1024 0 
0 0 0 0 438 554 0 0 0 0 0 0 0 973 19 0 0 0 0 0 0 60 932 0 
0 0 0 0 1 141 882 0 0 0 0 0 10 155 859 0 0 0 0 0 18 143 863 0 
0 0 0 15 202 784 23 0 0 0 0 48 441 529 6 0 0 0 0 72 571 377 4 0 
0 0 0 80 317 624 3 0 0 0 16 207 512 289 0 0 0 0 25 257 629 113 0 0 
0 0 199 542 246 37 0 0 0 60 538 269 157 0 0 0 0 76 529 279 140 0 0 0 
0 0 487 537 0 0 0 0 0 119 905 0 0 0 0 0 0 100 916 8 0 0 0 0 
0 68 828 128 0 0 0 0 0 519 504 1 0 0 0 0 0 509 514 1 0 0 0 0 
0 8 817 199 0 0 0 0 0 678 336 10 0 0 0 0 0 725 294 5 0 0 0 0 
0 0 743 281 0 0 0 0 0 395 627 2 0 0 0 0 0 483 541 0 0 0 0 0 
0 0 335 684 5 0 0 0 0 276 661 87 0 0 0 0 0 295 659 70 0 0 0 0 
0 98 578 348 0 0 0 0 8 508 484 24 0 0 0 0 0 510 482 32 0 0 0 0 
0 25 698 301 0 0 0 0 0 612 412 0 0 0 0 0 0 525 498 1 0 0 0 0 
0 45 951 28 0 0 0 0 0 797 227 0 0 0 0 0 0 389 635 0 0 0 0 0 
0 315 693 16 0 0 0 0 10 828 186 0 0 0 0 0 0 375 648 1 0 0 0 0 
0 29 892 103 0 0 0 0 0 469 555 0 0 0 0 0 0 11 975 38 0 0 0 0 
0 26 836 162 0 0 0 0 0 239 785 0 0 0 0 0 0 2 708 314 0 0 0 0 
0 0 334 610 80 0 0 0 0 33 598 371 22 0 0 0 0 0 125 781 118 0 0 0 
0 0 0 363 661 0 0 0 0 0 14 609 401 0 0 0 0 0 0 110 890 24 0 0 
0 0 0 22 746 256 0 0 0 0 0 48 788 188 0 0 0 0 0 0 299 725 0 0 
0 0 0 0 135 658 231 0 0 0 0 0 92 625 307 0 0 0 0 0 1 545 478 0 
0 0 0 0 0 8 1012 4 0 0 0 0 0 1 972 51 0 0 0 0 0 0 1024 0 
0 0 0 0 0 0 421 603 0 0 0 0 0 0 193 831 0 0 0 0 0 0 1017 7 
0 0 0 0 0 0 15 1009 0 0 0 0 0 0 0 1024 0 0 0 0 0 0 919 105 
0 0 0 0 0 0 0 1024 0 0 0 0 0 0 0 1024 0 0 0 0 0 0 869 155 
0 0 0 0 0 0 563 461 0 0 0 0 0 0 506 518 0 0 0 0 0 0 991 33 
0 0 0 0 0 808 216 0 0 0 0 0 0 549 475 0 0 0 0 0 0 0 1024 0 
0 0 0 0 724 268 0 0 0 0 0 0 0 992 0 0 0 0 0 0 0 201 791 0 
0 0 0 0 0 397 627 0 0 0 0 0 43 524 457 0 0 0 0 0 105 488 431 0 
0 0 0 40 387 595 2 0 0 0 3 170 531 320 0 0 0 0 11 220 605 188 0 0 
0 0 157 621 196 50 0 0 0 46 562 247 151 18 0 0 0 90 607 195 119 13 0 0 
0 343 656 25 0 0 0 0 0 887 137 0 0 0 0 0 0 882 142 0 0 0 0 0 
0 52 883 89 0 0 0 0 0 609 415 0 0 0 0 0 0 579 445 0 0 0 0 0 
0 45 821 158 0 0 0 0 6 624 394 0 0 0 0 0 0 693 331 0 0 0 0 0 
0 57 391 575 1 0 0 0 2 331 675 16 0 0 0 0 1 346 654 23 0 0 0 0 
0 0 513 511 0 0 0 0 0 400 624 0 0 0 0 0 0 655 369 0 0 0 0 0 
0 35 962 27 0 0 0 0 2 951 71 0 0 0 0 0 0 1006 18 0 0 0 0 0 
0 29 899 96 0 0 0 0 0 802 222 0 0 0 0 0 0 840 184 0 0 0 0 0 
0 0 437 423 36 127 1 0 0 306 529 32 30 47 80 0 0 334 514 27 29 61 59 0 
0 60 862 98 4 0 0 0 3 819 193 9 0 0 0 0 0 828 190 6 0 0 0 0 
0 82 817 125 0 0 0 0 5 643 376 0 0 0 0 0 0 490 534 0 0 0 0 0 
0 18 589 417 0 0 0 0 0 85 939 0 0 0 0 0 0 0 1021 3 0 0 0 0 
0 101 911 12 0 0 0 0 0 618 406 0 0 0 0 0 0 1 1019 4 0 0 0 0 
0 21 948 55 0 0 0 0 0 412 601 11 0 0 0 0 0 0 717 307 0 0 0 0 
0 0 344 486 194 0 0 0 0 1 529 361 133 0 0 0 0 0 0 667 339 18 0 0 
0 0 0 43 844 137 0 0 0 0 0 116 838 70 0 0 0 0 0 2 488 534 0 0 
0 0 0 0 316 708 0 0 0 0 0 0 347 677 0 0 0 0 0 0 12 918 94 0 
0 0 0 0 0 537 487 0 0 0 0 0 0 426 598 0 0 0 0 0 0 84 940 0 
0 0 0 0 0 11 1013 0 0 0 0 0 0 4 978 42 0 0 0 0 0 0 1024 0 
0 0 0 0 0 0 855 169 0 0 0 0 0 0 467 557 0 0 0 0 0 0 1024 0 
0 0 0 0 0 0 752 272 0 0 0 0 0 0 554 470 0 0 0 0 0 0 1024 0 
0 0 0 0 0 17 1000 7 0 0 0 0 0 0 980 44 0 0 0 0 0 0 1024 0 
0 0 0 0 81 882 61 0 0 0 0 0 0 738 286 0 0 0 0 0 0 4 1020 0 
0 0 0 0 911 81 0 0 0 0 0 0 0 992 0 0 0 0 0 0 0 336 656 0 
0 0 0 23 340 445 216 0 0 0 0 143 332 448 101 0 0 0 2 145 325 453 99 0 
0 0 1 488 532 3 0 0 0 0 247 704 73 0 0 0 0 1 316 658 49 0 0 0 
0 14 773 237 0 0 0 0 0 640 376 8 0 0 0 0 0 724 300 0 0 0 0 0 
0 529 487 8 0 0 0 0 0 905 119 0 0 0 0 0 1 970 53 0 0 0 0 0 
0 176 819 29 0 0 0 0 0 972 52 0 0 0 0 0 2 1000 22 0 0 0 0 0 
0 48 934 42 0 0 0 0 0 801 223 0 0 0 0 0 0 903 121 0 0 0 0 0 
0 12 855 157 0 0 0 0 0 712 312 0 0 0 0 0 0 860 164 0 0 0 0 0 
0 0 605 419 0 0 0 0 0 590 434 0 0 0 0 0 0 968 56 0 0 0 0 0 
0 0 436 588 0 0 0 0 0 468 556 0 0 0 0 0 0 868 156 0 0 0 0 0 
0 0 433 255 36 299 1 0 0 368 284 45 29 54 244 0 0 378 273 50 27 51 245 0 
0 0 0 17 53 951 3 0 0 0 9 15 62 119 819 0 0 0 7 14 54 115 834 0 
0 91 457 346 87 43 0 0 3 316 495 103 80 27 0 0 0 269 465 182 83 25 0 0 
0 110 306 608 0 0 0 0 6 227 791 0 0 0 0 0 0 179 845 0 0 0 0 0 
0 0 160 864 0 0 0 0 0 18 1006 0 0 0 0 0 0 4 1000 20 0 0 0 0 
0 5 731 288 0 0 0 0 0 162 862 0 0 0 0 0 0 0 1004 20 0 0 0 0 
0 49 975 0 0 0 0 0 0 746 278 0 0 0 0 0 0 0 977 47 0 0 0 0 
0 0 1017 7 0 0 0 0 0 50 973 1 0 0 0 0 0 0 213 810 1 0 0 0 
0 0 181 520 297 26 0 0 0 0 310 583 131 0 0 0 0 0 0 384 548 92 0 0 
0 0 0 2 753 269 0 0 0 0 0 96 829 99 0 0 0 0 0 0 240 784 0 0 
0 0 0 0 26 951 47 0 0 0 0 0 59 914 51 0 0 0 0 0 0 727 297 0 
0 0 0 0 0 208 816 0 0 0 0 0 0 165 859 0 0 0 0 0 0 79 945 0 
0 0 0 0 0 0 1024 0 0 0 0 0 0 0 1024 0 0 0 0 0 0 0 1024 0 
0 0 0 0 0 37 987 0 0 0 0 0 0 0 1024 0 0 0 0 0 0 0 1024 0 
0 0 0 0 0 524 500 0 0 0 0 0 0 139 885 0 0 0 0 0 0 1 1023 0 
0 0 0 0 611 413 0 0 0 0 0 0 0 1001 23 0 0 0 0 0 0 377 647 0 
0 0 0 0 992 0 0 0 0 0 0 0 0 992 0 0 0 0 0 0 0 721 271 0 
0 0 191 270 471 92 0 0 0 6 247 208 536 27 0 0 0 0 175 222 558 69 0 0 
0 26 756 242 0 0 0 0 0 500 506 18 0 0 0 0 0 628 379 17 0 0 0 0 
0 2 1022 0 0 0 0 0 0 1013 11 0 0 0 0 0 4 1020 0 0 0 0 0 0 
0 16 572 436 0 0 0 0 0 495 529 0 0 0 0 0 0 839 185 0 0 0 0 0 
0 28 769 227 0 0 0 0 0 718 306 0 0 0 0 0 0 861 163 0 0 0 0 0 
0 0 637 387 0 0 0 0 0 581 443 0 0 0 0 0 0 853 171 0 0 0 0 0 
0 0 238 786 0 0 0 0 0 246 778 0 0 0 0 0 0 883 141 0 0 0 0 0 
0 0 175 849 0 0 0 0 0 327 697 0 0 0 0 0 0 829 195 0 0 0 0 0 
0 0 232 575 29 187 1 0 0 221 575 22 19 27 160 0 0 491 314 20 20 48 131 0 
0 0 13 78 15 917 1 0 0 7 75 14 14 39 875 0 0 13 73 14 14 45 865 0 
0 0 3 10 25 985 1 0 0 0 8 9 29 88 890 0 0 0 8 11 26 74 905 0 
0 0 95 690 145 93 1 0 0 28 742 74 144 23 13 0 0 17 742 89 147 21 8 0 
0 0 0 1016 8 0 0 0 0 0 1024 0 0 0 0 0 0 39 985 0 0 0 0 0 
0 0 0 1023 1 0 0 0 0 0 1022 2 0 0 0 0 0 14 1009 1 0 0 0 0 
0 0 46 977 1 0 0 0 0 13 1003 8 0 0 0 0 0 0 926 98 0 0 0 0 
0 1 979 35 9 0 0 0 0 736 279 9 0 0 0 0 0 0 1006 18 0 0 0 0 
0 3 945 76 0 0 0 0 0 312 712 0 0 0 0 0 0 0 757 267 0 0 0 0 
0 0 135 842 47 0 0 0 0 1 515 508 0 0 0 0 0 0 31 821 172 0 0 0 
0 0 0 209 807 8 0 0 0 0 2 686 336 0 0 0 0 0 0 75 862 87 0 0 
0 0 0 0 699 325 0 0 0 0 0 106 708 210 0 0 0 0 0 0 443 581 0 0 
0 0 0 0 38 850 136 0 0 0 0 0 108 219 697 0 0 0 0 0 22 254 748 0 
0 0 0 0 0 803 221 0 0 0 0 0 0 0 1024 0 0 0 0 0 0 0 1024 0 
0 0 0 0 0 1022 2 0 0 0 0 0 0 278 746 0 0 0 0 0 0 0 1024 0 
0 0 0 0 110 914 0 0 0 0 0 0 0 826 198 0 0 0 0 0 0 94 930 0 
0 0 0 0 1012 12 0 0 0 0 0 0 0 1024 0 0 0 0 0 0 0 807 217 0 
0 0 0 0 992 0 0 0 0 0 0 0 1 991 0 0 0 0 0 0 0 947 45 0 
0 0 209 347 300 110 58 0 0 76 249 312 249 138 0 0 0 72 314 266 252 120 0 0 
0 17 748 259 0 0 0 0 0 544 452 28 0 0 0 0 0 676 348 0 0 0 0 0 
0 15 760 249 0 0 0 0 0 573 449 2 0 0 0 0 0 843 181 0 0 0 0 0 
0 0 391 633 0 0 0 0 0 294 729 1 0 0 0 0 0 663 361 0 0 0 0 0 
0 0 904 120 0 0 0 0 0 829 195 0 0 0 0 0 7 973 44 0 0 0 0 0 
0 0 599 425 0 0 0 0 0 524 500 0 0 0 0 0 0 782 242 0 0 0 0 0 
0 0 106 918 0 0 0 0 0 208 816 0 0 0 0 0 0 778 246 0 0 0 0 0 
0 0 34 900 17 61 12 0 0 92 822 30 12 18 50 0 0 430 495 19 15 14 51 0 
0 0 0 66 21 861 76 0 0 0 55 19 16 21 913 0 0 0 61 16 13 29 905 0 
0 0 0 0 0 1024 0 0 0 0 0 0 0 0 1024 0 0 0 0 0 0 0 1024 0 
0 0 0 0 0 1024 0 0 0 0 0 0 0 0 1024 0 0 0 0 0 0 0 1024 0 
0 0 39 77 22 886 0 0 0 0 103 18 18 55 830 0 0 6 102 16 17 51 832 0 
0 0 139 398 22 465 0 0 0 68 446 26 18 77 389 0 0 103 415 22 23 68 393 0 
0 0 28 924 18 54 0 0 0 8 913 37 14 22 30 0 0 170 771 19 14 26 24 0 
0 0 5 770 249 0 0 0 0 0 751 273 0 0 0 0 0 6 890 128 0 0 0 0 
0 4 669 115 236 0 0 0 0 637 99 288 0 0 0 0 0 0 781 243 0 0 0 0 
0 0 1024 0 0 0 0 0 0 694 330 0 0 0 0 0 0 0 1003 21 0 0 0 0 
0 0 288 717 19 0 0 0 0 70 656 298 0 0 0 0 0 0 279 738 7 0 0 0 
0 0 0 590 434 0 0 0 0 0 192 802 30 0 0 0 0 0 0 693 331 0 0 0 
0 0 0 224 800 0 0 0 0 0 1 949 74 0 0 0 0 0 0 297 727 0 0 0 
0 0 0 61 214 749 0 0 0 0 0 117 158 300 449 0 0 0 0 47 194 61 722 0 
0 0 0 0 0 1024 0 0 0 0 0 0 0 313 711 0 0 0 0 0 0 0 1024 0 
0 0 0 0 0 1024 0 0 0 0 0 0 0 958 66 0 0 0 0 0 0 0 1024 0 
0 0 0 0 528 496 0 0 0 0 0 0 0 1024 0 0 0 0 0 0 0 414 610 0 
0 0 0 0 1024 0 0 0 0 0 0 0 7 1017 0 0 0 0 0 0 0 997 27 0 
0 0 0 0 992 0 0 0 0 0 0 0 54 938 0 0 0 0 0 0 0 992 0 0 
0 0 149 496 178 132 69 0 0 6 326 387 158 122 25 0 0 26 404 297 163 134 0 0 
0 0 344 680 0 0 0 0 0 24 932 68 0 0 0 0 0 123 899 2 0 0 0 0 
0 0 461 557 6 0 0 0 0 56 863 105 0 0 0 0 0 211 779 34 0 0 0 0 
0 0 54 964 6 0 0 0 0 0 903 121 0 0 0 0 0 82 942 0 0 0 0 0 
0 0 474 550 0 0 0 0 0 219 805 0 0 0 0 0 0 533 491 0 0 0 0 0 
0 0 106 918 0 0 0 0 0 59 965 0 0 0 0 0 0 381 643 0 0 0 0 0 
0 0 2 867 24 38 93 0 0 7 843 31 16 21 106 0 0 390 476 21 15 33 89 0 
0 0 0 201 27 109 687 0 0 0 180 32 21 28 763 0 0 17 179 24 22 31 751 0 
0 0 0 0 0 64 960 0 0 0 0 0 0 0 1024 0 0 0 0 0 0 0 1024 0 
0 0 0 0 0 253 771 0 0 0 0 0 0 0 1024 0 0 0 0 0 0 0 1024 0 
0 0 0 0 0 288 736 0 0 0 0 0 0 0 1024 0 0 0 0 0 0 0 1024 0 
0 0 0 0 0 503 521 0 0 0 0 0 0 0 1024 0 0 0 0 0 0 0 1024 0 
0 0 0 0 0 646 378 0 0 0 0 0 0 0 1024 0 0 0 0 0 0 0 1024 0 
0 0 0 58 196 706 64 0 0 0 6 221 28 50 719 0 0 0 34 194 29 40 727 0 
0 0 0 39 965 19 1 0 0 0 7 989 9 9 10 0 0 0 76 921 9 8 10 0 
0 12 335 65 612 0 0 0 0 311 82 631 0 0 0 0 0 100 306 618 0 0 0 0 
0 7 916 101 0 0 0 0 0 810 214 0 0 0 0 0 0 142 882 0 0 0 0 0 
0 0 288 735 1 0 0 0 0 201 746 77 0 0 0 0 0 0 590 434 0 0 0 0 
0 0 15 853 156 0 0 0 0 0 503 521 0 0 0 0 0 0 119 904 1 0 0 0 
0 0 12 801 211 0 0 0 0 0 582 442 0 0 0 0 0 0 54 951 19 0 0 0 
0 0 0 304 94 626 0 0 0 0 159 195 47 312 311 0 0 0 2 280 95 46 601 0 
0 0 0 0 0 1024 0 0 0 0 0 0 0 421 603 0 0 0 0 0 0 0 1024 0 
0 0 0 0 1 1023 0 0 0 0 0 0 0 1000 24 0 0 0 0 0 0 0 1024 0 
0 0 0 0 301 723 0 0 0 0 0 0 0 1024 0 0 0 0 0 0 0 169 855 0 
0 0 0 0 893 131 0 0 0 0 0 0 0 1024 0 0 0 0 0 0 0 731 293 0 
0 0 0 0 992 0 0 0 0 0 0 0 0 992 0 0 0 0 0 0 0 846 146 0 
0 0 30 726 261 7 0 0 0 0 502 496 26 0 0 0 0 9 589 410 16 0 0 0 
0 34 424 566 0 0 0 0 4 148 740 132 0 0 0 0 5 354 662 3 0 0 0 0 
0 10 206 807 1 0 0 0 0 86 908 30 0 0 0 0 0 172 852 0 0 0 0 0 
0 0 74 950 0 0 0 0 0 0 1015 9 0 0 0 0 0 124 900 0 0 0 0 0 
0 0 218 806 0 0 0 0 0 45 979 0 0 0 0 0 0 342 682 0 0 0 0 0 
0 0 86 854 29 41 14 0 0 0 839 115 15 19 36 0 0 8 864 83 15 17 37 0 
0 0 0 49 18 100 857 0 0 0 36 18 14 20 936 0 0 2 45 14 13 21 929 0 
0 0 0 0 0 0 1024 0 0 0 0 0 0 0 1024 0 0 0 0 0 0 0 1024 0 
0 0 0 0 0 15 1009 0 0 0 0 0 0 0 1024 0 0 0 0 0 0 0 1024 0 
0 0 0 0 0 26 998 0 0 0 0 0 0 0 1024 0 0 0 0 0 0 0 1024 0 
0 0 0 0 0 430 594 0 0 0 0 0 0 0 1024 0 0 0 0 0 0 0 1024 0 
0 0 0 0 0 650 374 0 0 0 0 0 0 0 1024 0 0 0 0 0 0 0 1024 0 
0 0 0 0 0 963 61 0 0 0 0 0 0 0 1024 0 0 0 0 0 0 0 1024 0 
0 0 0 0 0 1006 18 0 0 0 0 0 0 0 1024 0 0 0 0 0 0 0 1024 0 
0 0 0 98 226 691 9 0 0 0 18 285 28 52 641 0 0 0 67 238 29 47 643 0 
0 22 96 195 690 21 0 0 0 106 148 741 8 11 10 0 0 88 280 628 7 11 10 0 
0 45 715 264 0 0 0 0 0 566 457 1 0 0 0 0 0 315 698 11 0 0 0 0 
0 6 567 451 0 0 0 0 0 252 768 4 0 0 0 0 0 50 917 57 0 0 0 0 
0 0 59 922 43 0 0 0 0 4 927 93 0 0 0 0 0 0 764 260 0 0 0 0 
0 0 291 722 11 0 0 0 0 72 916 36 0 0 0 0 0 1 871 152 0 0 0 0 
0 0 19 351 513 141 0 0 0 3 254 490 133 104 40 0 0 0 185 418 261 34 126 0 
0 0 0 16 36 972 0 0 0 0 8 21 20 585 390 0 0 0 0 18 23 24 959 0 
0 0 0 0 0 1024 0 0 0 0 0 0 0 950 74 0 0 0 0 0 0 0 1024 0 
0 0 0 0 0 1024 0 0 0 0 0 0 0 1024 0 0 0 0 0 0 0 0 1024 0 
0 0 0 0 235 789 0 0 0 0 0 0 0 1024 0 0 0 0 0 0 0 117 907 0 
0 0 0 0 758 234 0 0 0 0 0 0 0 992 0 0 0 0 0 0 0 462 530 0 
0 0 0 317 587 120 0 0 0 0 1 722 278 23 0 0 0 0 214 645 165 0 0 0 
0 0 0 973 51 0 0 0 0 0 83 941 0 0 0 0 0 0 884 140 0 0 0 0 
0 0 0 946 78 0 0 0 0 0 466 558 0 0 0 0 0 2 987 35 0 0 0 0 
0 0 0 743 281 0 0 0 0 0 510 514 0 0 0 0 0 87 922 15 0 0 0 0 
0 0 0 947 77 0 0 0 0 0 892 131 1 0 0 0 0 94 925 5 0 0 0 0 
0 0 4 374 41 541 64 0 0 0 324 65 30 46 559 0 0 8 344 45 30 55 542 0 
0 0 0 0 0 464 560 0 0 0 0 0 0 0 1024 0 0 0 0 0 0 0 1024 0 
0 0 0 0 0 201 823 0 0 0 0 0 0 0 1024 0 0 0 0 0 0 0 1024 0 
0 0 0 0 0 143 881 0 0 0 0 0 0 0 1024 0 0 0 0 0 0 0 1024 0 
0 0 0 0 0 746 278 0 0 0 0 0 0 0 1024 0 0 0 0 0 0 0 1024 0 
0 0 0 0 0 826 198 0 0 0 0 0 0 0 1024 0 0 0 0 0 0 0 1024 0 
0 0 0 0 0 983 41 0 0 0 0 0 0 0 1024 0 0 0 0 0 0 0 1024 0 
0 0 0 0 0 1024 0 0 0 0 0 0 0 0 1024 0 0 0 0 0 0 0 1024 0 
0 0 0 0 0 1024 0 0 0 0 0 0 0 0 1024 0 0 0 0 0 0 0 1024 0 
0 0 0 0 0 1024 0 0 0 0 0 0 0 0 1024 0 0 0 0 0 0 0 1024 0 
0 0 0 113 207 703 1 0 0 0 66 227 29 66 636 0 0 0 148 149 28 59 640 0 
0 4 131 660 193 35 1 0 0 56 470 450 16 23 9 0 0 37 614 329 14 15 15 0 
0 0 0 779 245 0 0 0 0 0 467 557 0 0 0 0 0 0 469 555 0 0 0 0 
0 0 9 450 565 0 0 0 0 2 382 583 57 0 0 0 0 0 405 594 25 0 0 0 
0 0 56 835 133 0 0 0 0 1 774 238 11 0 0 0 0 3 864 157 0 0 0 0 
0 1 197 648 178 0 0 0 0 28 616 319 61 0 0 0 0 7 602 362 53 0 0 0 
0 0 40 370 199 415 0 0 0 3 208 307 73 429 4 0 0 0 145 338 78 77 386 0 
0 0 0 0 2 1022 0 0 0 0 0 0 0 1023 1 0 0 0 0 0 0 2 1022 0 
0 0 0 0 13 1011 0 0 0 0 0 0 0 1024 0 0 0 0 0 0 0 58 966 0 
0 0 0 0 297 727 0 0 0 0 0 0 0 1024 0 0 0 0 0 0 0 316 708 0 
0 0 0 0 841 151 0 0 0 0 0 0 0 992 0 0 0 0 0 0 0 545 447 0 
0 21 48 537 210 75 133 0 0 55 259 454 82 29 145 0 4 103 430 254 64 39 130 0 
0 17 278 729 0 0 0 0 0 219 616 189 0 0 0 0 5 499 520 0 0 0 0 0 
0 11 347 666 0 0 0 0 0 283 741 0 0 0 0 0 8 783 233 0 0 0 0 0 
0 0 0 1024 0 0 0 0 0 0 980 44 0 0 0 0 0 531 493 0 0 0 0 0 
0 0 0 595 176 252 1 0 0 0 315 426 31 45 207 0 0 23 623 103 26 49 200 0 
0 0 0 0 0 1021 3 0 0 0 0 0 0 6 1018 0 0 0 0 0 0 0 1024 0 
0 0 0 0 0 978 46 0 0 0 0 0 0 0 1024 0 0 0 0 0 0 0 1024 0 
0 0 0 0 0 1024 0 0 0 0 0 0 0 0 1024 0 0 0 0 0 0 0 1024 0 
0 0 0 0 0 981 43 0 0 0 0 0 0 0 1024 0 0 0 0 0 0 0 1024 0 
0 0 0 0 0 1024 0 0 0 0 0 0 0 0 1024 0 0 0 0 0 0 0 1024 0 
0 0 0 0 0 1024 0 0 0 0 0 0 0 0 1024 0 0 0 0 0 0 0 1024 0 
0 0 0 0 0 1024 0 0 0 0 0 0 0 0 1024 0 0 0 0 0 0 0 1024 0 
0 0 0 0 0 1024 0 0 0 0 0 0 0 0 1024 0 0 0 0 0 0 0 1024 0 
0 0 0 0 0 1024 0 0 0 0 0 0 0 0 1024 0 0 0 0 0 0 0 1024 0 
0 0 0 0 0 1024 0 0 0 0 0 0 0 0 1024 0 0 0 0 0 0 0 1024 0 
0 0 0 0 0 1024 0 0 0 0 0 0 0 0 1024 0 0 0 0 0 0 0 1024 0 
0 0 0 187 202 635 0 0 0 0 50 278 162 138 396 0 0 0 124 242 135 75 448 0 
0 0 0 431 574 19 0 0 0 0 100 896 28 0 0 0 0 0 224 784 16 0 0 0 
0 0 0 453 571 0 0 0 0 0 173 790 61 0 0 0 0 0 418 606 0 0 0 0 
0 0 85 751 188 0 0 0 0 25 655 275 69 0 0 0 0 21 757 226 20 0 0 0 
0 69 71 258 626 0 0 0 17 94 120 736 57 0 0 0 0 106 258 657 3 0 0 0 
0 25 298 228 332 141 0 0 0 168 286 249 162 159 0 0 0 137 336 320 64 73 94 0 
0 0 3 5 59 957 0 0 0 0 2 4 7 1011 0 0 0 0 0 3 5 79 937 0 
0 0 0 0 404 620 0 0 0 0 0 0 0 1024 0 0 0 0 0 0 0 521 503 0 
0 0 0 0 914 110 0 0 0 0 0 0 0 1024 0 0 0 0 0 0 0 929 95 0 
0 0 0 0 990 2 0 0 0 0 0 0 0 992 0 0 0 0 0 0 0 898 94 0 
0 0 29 169 438 163 225 0 0 9 129 363 228 96 199 0 0 15 190 415 129 112 163 0 
0 0 88 724 212 0 0 0 0 9 657 358 0 0 0 0 0 97 826 101 0 0 0 0 
0 51 190 622 161 0 0 0 4 111 580 329 0 0 0 0 20 307 694 3 0 0 0 0 
0 0 34 645 305 40 0 0 0 56 658 255 18 23 14 0 0 379 547 47 17 22 12 0 
0 0 0 127 18 878 1 0 0 0 114 15 19 49 827 0 0 31 90 16 14 61 812 0 
0 0 0 0 0 1024 0 0 0 0 0 0 0 1 1023 0 0 0 0 0 0 0 1024 0 
0 0 0 0 0 1024 0 0 0 0 0 0 0 0 1024 0 0 0 0 0 0 0 1024 0 
0 0 0 0 0 1024 0 0 0 0 0 0 0 1 1023 0 0 0 0 0 0 0 1024 0 
0 0 0 0 0 1024 0 0 0 0 0 0 0 15 1009 0 0 0 0 0 0 0 1024 0 
0 0 0 0 0 1024 0 0 0 0 0 0 0 98 926 0 0 0 0 0 0 0 1024 0 
0 0 0 0 1 1023 0 0 0 0 0 0 0 65 959 0 0 0 0 0 0 3 1021 0 
0 0 0 0 0 1024 0 0 0 0 0 0 0 174 850 0 0 0 0 0 0 0 1024 0 
0 0 0 0 0 1024 0 0 0 0 0 0 0 223 801 0 0 0 0 0 0 0 1024 0 
0 0 0 0 0 1024 0 0 0 0 0 0 0 292 732 0 0 0 0 0 0 0 1024 0 
0 0 0 0 0 1024 0 0 0 0 0 0 0 375 649 0 0 0 0 0 0 0 1024 0 
0 0 0 0 0 1024 0 0 0 0 0 0 0 487 537 0 0 0 0 0 0 0 1024 0 
0 0 0 0 0 964 60 0 0 0 0 0 24 780 220 0 0 0 0 0 95 191 738 0 
0 0 0 92 679 244 9 0 0 0 21 714 215 74 0 0 0 0 330 485 199 10 0 0 
0 0 0 503 521 0 0 0 0 0 443 581 0 0 0 0 0 7 788 229 0 0 0 0 
0 0 7 802 215 0 0 0 0 0 725 299 0 0 0 0 0 3 952 69 0 0 0 0 
0 0 84 853 87 0 0 0 0 8 855 161 0 0 0 0 0 71 814 139 0 0 0 0 
0 0 124 664 154 82 0 0 0 0 538 331 47 108 0 0 0 34 558 268 43 49 72 0 
0 0 34 39 318 633 0 0 0 0 42 27 27 928 0 0 0 8 25 27 23 354 587 0 
0 0 0 0 834 190 0 0 0 0 0 0 0 1024 0 0 0 0 0 0 0 910 114 0 
0 0 0 0 1018 6 0 0 0 0 0 0 0 1024 0 0 0 0 0 0 0 1000 24 0 
0 0 0 0 992 0 0 0 0 0 0 0 0 992 0 0 0 0 0 0 0 988 4 0 
0 0 0 513 511 0 0 0 0 0 390 634 0 0 0 0 0 2 795 227 0 0 0 0 
0 0 587 437 0 0 0 0 0 85 939 0 0 0 0 0 0 591 433 0 0 0 0 0 
0 0 839 185 0 0 0 0 0 443 575 6 0 0 0 0 0 928 96 0 0 0 0 0 
0 44 768 156 56 0 0 0 0 618 334 72 0 0 0 0 0 858 122 44 0 0 0 0 
0 22 64 79 58 801 0 0 0 47 93 41 42 73 728 0 0 70 70 49 34 52 749 0 
0 0 0 0 0 1024 0 0 0 0 0 0 0 0 1024 0 0 0 0 0 0 0 1024 0 
0 0 0 0 0 1024 0 0 0 0 0 0 0 2 1022 0 0 0 0 0 0 0 1024 0 
0 0 0 0 0 1024 0 0 0 0 0 0 0 159 865 0 0 0 0 0 0 0 1024 0 
0 0 0 0 0 1024 0 0 0 0 0 0 0 625 399 0 0 0 0 0 0 0 1024 0 
0 0 0 0 0 1024 0 0 0 0 0 0 0 915 109 0 0 0 0 0 0 0 1024 0 
0 0 0 0 0 1024 0 0 0 0 0 0 0 971 53 0 0 0 0 0 0 0 1024 0 
0 0 0 0 19 1005 0 0 0 0 0 0 0 1015 9 0 0 0 0 0 0 0 1024 0 
0 0 0 0 75 949 0 0 0 0 0 0 0 1024 0 0 0 0 0 0 0 0 1024 0 
0 0 0 0 105 919 0 0 0 0 0 0 0 1024 0 0 0 0 0 0 0 0 1024 0 
0 0 0 0 162 862 0 0 0 0 0 0 0 1024 0 0 0 0 0 0 0 11 1013 0 
0 0 0 0 143 881 0 0 0 0 0 0 0 1024 0 0 0 0 0 0 0 15 1009 0 
0 0 0 48 127 826 23 0 0 0 43 50 83 848 0 0 0 6 54 64 75 186 639 0 
0 0 24 902 67 31 0 0 0 34 840 106 40 4 0 0 0 376 573 46 29 0 0 0 
0 0 49 971 4 0 0 0 0 25 948 51 0 0 0 0 0 91 933 0 0 0 0 0 
0 0 0 480 544 0 0 0 0 0 379 645 0 0 0 0 0 2 949 73 0 0 0 0 
0 0 0 543 481 0 0 0 0 0 407 617 0 0 0 0 0 0 933 91 0 0 0 0 
0 0 25 565 434 0 0 0 0 1 556 467 0 0 0 0 0 36 887 101 0 0 0 0 
0 3 145 222 572 82 0 0 0 76 226 174 42 506 0 0 0 120 239 105 34 495 31 0 
0 0 26 30 964 4 0 0 0 0 0 31 38 955 0 0 0 0 0 0 32 978 14 0 
0 0 6 11 1005 2 0 0 0 0 0 8 17 999 0 0 0 0 0 0 10 1008 6 0 
0 0 0 0 992 0 0 0 0 0 0 0 0 992 0 0 0 0 0 0 0 984 8 0 
0 0 0 775 249 0 0 0 0 0 742 282 0 0 0 0 0 232 773 19 0 0 0 0 
0 0 568 456 0 0 0 0 0 205 819 0 0 0 0 0 1 894 129 0 0 0 0 0 
0 0 551 462 11 0 0 0 0 429 577 18 0 0 0 0 0 771 253 0 0 0 0 0 
0 197 827 0 0 0 0 0 0 1024 0 0 0 0 0 0 0 1024 0 0 0 0 0 0 
0 334 303 146 45 196 0 0 0 503 174 87 45 123 92 0 0 531 122 82 60 43 186 0 
0 0 129 260 143 492 0 0 0 0 34 241 176 238 335 0 0 0 0 49 318 145 512 0 
0 1 144 269 120 490 0 0 0 0 35 244 184 341 220 0 0 0 0 43 344 118 519 0 
0 3 145 334 97 445 0 0 0 0 30 252 217 466 59 0 0 0 0 47 344 131 502 0 
0 0 62 365 81 516 0 0 0 0 0 309 134 535 46 0 0 0 0 28 344 99 553 0 
0 0 22 285 84 633 0 0 0 0 0 180 148 696 0 0 0 0 0 2 275 69 678 0 
0 0 1 233 190 600 0 0 0 0 0 148 139 737 0 0 0 0 0 0 228 93 703 0 
0 0 6 198 437 383 0 0 0 0 0 105 138 781 0 0 0 0 0 10 171 145 698 0 
0 0 0 179 707 138 0 0 0 0 0 56 153 815 0 0 0 0 0 0 162 182 680 0 
0 0 0 68 905 51 0 0 0 0 0 16 77 931 0 0 0 0 0 0 52 397 575 0 
0 0 20 176 806 22 0 0 0 0 0 129 95 800 0 0 0 0 0 0 152 434 438 0 
0 0 66 171 751 36 0 0 0 0 0 176 79 769 0 0 0 0 0 0 194 518 312 0 
0 0 22 185 723 94 0 0 0 0 17 158 95 754 0 0 0 3 19 19 183 582 218 0 
0 0 60 594 314 51 5 0 0 0 421 464 77 62 0 0 0 30 685 73 181 50 5 0 
0 0 88 826 110 0 0 0 0 110 793 121 0 0 0 0 0 487 537 0 0 0 0 0 
0 0 0 878 146 0 0 0 0 1 914 109 0 0 0 0 0 319 705 0 0 0 0 0 
0 0 0 543 481 0 0 0 0 0 466 558 0 0 0 0 0 76 921 27 0 0 0 0 
0 0 0 334 690 0 0 0 0 0 59 965 0 0 0 0 0 0 863 161 0 0 0 0 
0 7 212 162 628 15 0 0 0 0 186 722 55 61 0 0 0 0 109 671 165 50 29 0 
0 210 785 28 1 0 0 0 0 0 701 311 12 0 0 0 0 0 0 444 571 9 0 0 
0 264 648 35 77 0 0 0 0 4 838 79 32 71 0 0 0 0 0 601 319 95 9 0 
0 499 179 36 274 4 0 0 0 36 611 39 37 269 0 0 0 0 0 539 146 249 58 0 
0 0 4 937 83 0 0 0 0 0 927 97 0 0 0 0 0 393 631 0 0 0 0 0 
0 0 13 1011 0 0 0 0 0 1 1023 0 0 0 0 0 0 843 181 0 0 0 0 0 
0 0 791 233 0 0 0 0 0 609 415 0 0 0 0 0 0 1000 24 0 0 0 0 0 
0 9 954 61 0 0 0 0 0 873 151 0 0 0 0 0 0 1023 1 0 0 0 0 0 
0 91 616 301 14 2 0 0 0 582 409 18 11 4 0 0 0 894 101 14 11 4 0 0 
0 0 2 471 381 170 0 0 0 0 109 119 426 312 58 0 0 7 107 40 345 369 156 0 
0 0 10 415 442 157 0 0 0 0 0 105 558 321 40 0 0 0 0 0 346 527 151 0 
0 0 14 645 309 56 0 0 0 0 0 246 603 167 8 0 0 0 0 6 631 340 47 0 
0 0 59 705 242 18 0 0 0 0 0 473 438 113 0 0 0 0 0 32 698 278 16 0 
0 0 77 750 197 0 0 0 0 0 0 494 475 55 0 0 0 0 0 59 740 225 0 0 
0 0 82 556 361 25 0 0 0 0 24 381 406 213 0 0 0 0 0 75 596 347 6 0 
0 0 77 686 261 0 0 0 0 0 16 379 580 49 0 0 0 0 0 98 703 223 0 0 
0 0 140 705 179 0 0 0 0 0 6 520 496 2 0 0 0 0 0 176 769 79 0 0 
0 0 52 822 145 5 0 0 0 0 6 511 469 38 0 0 0 0 0 160 759 104 1 0 
0 0 42 758 217 7 0 0 0 0 0 513 434 77 0 0 0 0 0 142 687 188 7 0 
0 0 42 791 191 0 0 0 0 0 2 528 449 45 0 0 0 0 0 76 777 171 0 0 
0 0 126 803 95 0 0 0 0 0 13 719 272 20 0 0 0 0 0 276 659 89 0 0 
0 0 23 453 224 219 105 0 0 0 246 335 242 201 0 0 0 65 274 242 294 149 0 0 
0 0 144 572 308 0 0 0 0 88 566 370 0 0 0 0 0 224 779 21 0 0 0 0 
0 0 128 732 164 0 0 0 0 85 744 195 0 0 0 0 0 290 732 2 0 0 0 0 
0 0 0 609 415 0 0 0 0 0 571 437 16 0 0 0 0 57 904 63 0 0 0 0 
0 0 0 687 337 0 0 0 0 0 631 393 0 0 0 0 0 156 864 4 0 0 0 0 
0 0 46 651 327 0 0 0 0 39 658 321 6 0 0 0 0 309 591 120 4 0 0 0 
0 119 848 57 0 0 0 0 0 45 823 147 9 0 0 0 0 0 133 763 121 7 0 0 
0 330 639 55 0 0 0 0 0 195 589 210 30 0 0 0 0 0 195 584 222 23 0 0 
0 416 530 46 0 0 0 0 0 134 596 221 41 0 0 0 0 0 54 463 433 42 0 0 
0 0 0 961 63 0 0 0 0 0 991 33 0 0 0 0 0 489 535 0 0 0 0 0 
0 0 333 690 1 0 0 0 0 261 763 0 0 0 0 0 0 899 125 0 0 0 0 0 
0 0 1021 3 0 0 0 0 0 977 47 0 0 0 0 0 0 1024 0 0 0 0 0 0 
0 0 1023 1 0 0 0 0 0 996 28 0 0 0 0 0 0 1024 0 0 0 0 0 0 
0 0 678 346 0 0 0 0 0 523 501 0 0 0 0 0 0 991 33 0 0 0 0 0 
0 0 113 849 62 0 0 0 0 5 517 363 139 0 0 0 0 219 302 222 255 26 0 0 
0 0 230 677 117 0 0 0 0 0 11 667 336 10 0 0 0 0 0 242 665 117 0 0 
0 0 111 808 105 0 0 0 0 0 38 538 448 0 0 0 0 0 0 96 799 129 0 0 
0 0 69 943 12 0 0 0 0 0 0 750 274 0 0 0 0 0 0 122 887 15 0 0 
0 0 140 873 11 0 0 0 0 0 8 902 114 0 0 0 0 0 0 196 815 13 0 0 
0 0 126 898 0 0 0 0 0 0 10 985 29 0 0 0 0 0 0 374 650 0 0 0 
0 0 24 997 3 0 0 0 0 0 0 944 80 0 0 0 0 0 0 255 768 1 0 0 
0 0 26 965 33 0 0 0 0 0 0 582 442 0 0 0 0 0 0 82 936 6 0 0 
0 0 6 834 184 0 0 0 0 0 0 171 845 8 0 0 0 0 0 6 931 87 0 0 
0 0 27 893 104 0 0 0 0 0 0 560 464 0 0 0 0 0 0 190 819 15 0 0 
0 0 54 885 85 0 0 0 0 0 11 735 278 0 0 0 0 0 0 256 745 23 0 0 
0 0 218 789 13 4 0 0 0 0 81 910 33 0 0 0 0 0 0 608 414 2 0 0 
0 0 228 411 90 88 207 0 0 31 564 91 81 189 68 0 0 396 249 64 99 216 0 0 
0 0 611 411 2 0 0 0 0 306 711 7 0 0 0 0 0 896 128 0 0 0 0 0 
0 0 914 110 0 0 0 0 0 703 321 0 0 0 0 0 0 1024 0 0 0 0 0 0 
0 0 448 136 440 0 0 0 0 356 217 442 9 0 0 0 0 498 430 96 0 0 0 0 
0 0 0 121 899 4 0 0 0 0 105 850 69 0 0 0 0 31 709 284 0 0 0 0 
0 0 9 383 627 5 0 0 0 0 314 608 102 0 0 0 0 107 503 414 0 0 0 0 
0 351 584 35 53 1 0 0 0 191 751 48 34 0 0 0 0 0 337 687 0 0 0 0 
0 854 170 0 0 0 0 0 0 634 390 0 0 0 0 0 0 0 695 329 0 0 0 0 
0 887 105 0 0 0 0 0 0 632 360 0 0 0 0 0 0 0 535 453 4 0 0 0 
0 0 10 986 28 0 0 0 0 0 1002 22 0 0 0 0 0 559 465 0 0 0 0 0 
0 0 65 959 0 0 0 0 0 51 973 0 0 0 0 0 0 968 56 0 0 0 0 0 
0 0 408 616 0 0 0 0 0 331 693 0 0 0 0 0 0 1024 0 0 0 0 0 0 
0 0 691 332 1 0 0 0 0 631 393 0 0 0 0 0 0 1024 0 0 0 0 0 0 
0 1 165 858 0 0 0 0 0 151 873 0 0 0 0 0 0 991 33 0 0 0 0 0 
0 0 77 943 4 0 0 0 0 12 888 124 0 0 0 0 0 657 236 118 13 0 0 0 
0 0 325 697 2 0 0 0 0 0 131 883 10 0 0 0 0 7 19 539 457 2 0 0 
0 0 104 920 0 0 0 0 0 0 24 992 8 0 0 0 0 0 0 322 702 0 0 0 
0 0 127 850 47 0 0 0 0 0 64 838 122 0 0 0 0 0 0 417 607 0 0 0 
0 0 201 823 0 0 0 0 0 0 12 942 70 0 0 0 0 0 0 338 686 0 0 0 
0 0 209 784 31 0 0 0 0 0 58 786 180 0 0 0 0 0 0 300 711 13 0 0 
0 0 22 986 16 0 0 0 0 0 0 909 115 0 0 0 0 0 0 238 786 0 0 0 
0 0 98 855 71 0 0 0 0 0 23 640 361 0 0 0 0 0 0 299 722 3 0 0 
0 0 52 960 12 0 0 0 0 0 7 863 154 0 0 0 0 0 0 401 623 0 0 0 
0 0 200 822 2 0 0 0 0 0 32 981 11 0 0 0 0 0 0 662 362 0 0 0 
0 0 255 767 2 0 0 0 0 0 25 983 16 0 0 0 0 0 0 607 417 0 0 0 
0 0 56 958 10 0 0 0 0 0 3 988 33 0 0 0 0 0 0 442 582 0 0 0 
0 0 0 194 484 170 176 0 0 0 188 450 145 207 34 0 0 5 532 194 126 167 0 0 
0 0 14 561 436 13 0 0 0 1 640 323 60 0 0 0 0 234 692 98 0 0 0 0 
0 0 364 660 0 0 0 0 0 257 767 0 0 0 0 0 0 974 50 0 0 0 0 0 
0 0 290 686 43 5 0 0 0 198 777 42 7 0 0 0 0 878 129 17 0 0 0 0 
0 0 1 281 689 53 0 0 0 0 254 475 295 0 0 0 0 131 399 485 9 0 0 0 
0 0 0 9 979 36 0 0 0 0 0 664 360 0 0 0 0 0 128 876 20 0 0 0 
0 4 399 148 418 53 2 0 0 1 432 298 279 14 0 0 0 0 124 775 116 9 0 0 
0 5 920 84 15 0 0 0 0 0 936 86 2 0 0 0 0 6 82 929 7 0 0 0 
0 52 940 0 0 0 0 0 0 6 973 13 0 0 0 0 0 0 53 939 0 0 0 0 
0 0 0 682 342 0 0 0 0 0 895 129 0 0 0 0 0 388 636 0 0 0 0 0 
0 0 86 913 25 0 0 0 0 78 945 1 0 0 0 0 0 861 163 0 0 0 0 0 
0 0 380 644 0 0 0 0 0 426 598 0 0 0 0 0 0 1003 21 0 0 0 0 0 
0 0 51 947 26 0 0 0 0 102 922 0 0 0 0 0 0 986 38 0 0 0 0 0 
0 0 0 1024 0 0 0 0 0 1 1023 0 0 0 0 0 0 998 26 0 0 0 0 0 
0 0 1 902 121 0 0 0 0 9 986 29 0 0 0 0 0 891 133 0 0 0 0 0 
0 0 302 696 26 0 0 0 0 0 475 549 0 0 0 0 0 96 101 725 102 0 0 0 
0 0 351 647 26 0 0 0 0 0 307 668 49 0 0 0 0 0 0 659 365 0 0 0 
0 0 106 789 129 0 0 0 0 0 95 771 158 0 0 0 0 0 0 433 591 0 0 0 
0 0 116 908 0 0 0 0 0 0 95 929 0 0 0 0 0 0 0 476 548 0 0 0 
0 0 208 731 85 0 0 0 0 0 80 871 73 0 0 0 0 0 0 513 511 0 0 0 
0 0 175 831 18 0 0 0 0 0 11 902 110 1 0 0 0 0 0 410 611 3 0 0 
0 0 98 908 18 0 0 0 0 0 6 966 52 0 0 0 0 0 0 569 455 0 0 0 
0 0 12 833 179 0 0 0 0 0 0 840 184 0 0 0 0 0 0 423 601 0 0 0 
0 0 82 885 57 0 0 0 0 0 85 870 69 0 0 0 0 0 0 567 457 0 0 0 
0 0 17 996 11 0 0 0 0 0 0 1018 6 0 0 0 0 0 0 584 440 0 0 0 
0 0 17 783 143 28 53 0 0 0 2 780 174 35 33 0 0 0 0 494 469 61 0 0 
0 0 0 125 386 248 265 0 0 0 246 271 205 212 90 0 0 40 442 182 155 205 0 0 
0 0 0 940 84 0 0 0 0 0 1018 6 0 0 0 0 0 596 428 0 0 0 0 0 
0 0 42 925 57 0 0 0 0 66 953 5 0 0 0 0 0 717 307 0 0 0 0 0 
0 0 73 951 0 0 0 0 0 81 943 0 0 0 0 0 0 1024 0 0 0 0 0 0 
0 0 52 972 0 0 0 0 0 15 1009 0 0 0 0 0 0 952 72 0 0 0 0 0 
0 0 0 776 228 20 0 0 0 0 740 140 144 0 0 0 0 564 223 228 9 0 0 0 
0 0 9 598 408 9 0 0 0 3 475 449 97 0 0 0 0 195 528 297 4 0 0 0 
0 2 381 596 44 1 0 0 0 265 525 219 15 0 0 0 4 559 396 50 15 0 0 0 
0 14 341 326 153 152 6 0 0 206 389 161 169 67 0 0 7 318 302 193 152 20 0 0 
0 0 0 1000 24 0 0 0 0 0 1024 0 0 0 0 0 0 797 227 0 0 0 0 0 
0 0 4 990 30 0 0 0 0 4 1020 0 0 0 0 0 0 918 106 0 0 0 0 0 
0 0 0 982 42 0 0 0 0 11 1013 0 0 0 0 0 0 974 50 0 0 0 0 0 
0 0 0 985 39 0 0 0 0 4 1019 1 0 0 0 0 0 898 126 0 0 0 0 0 
0 0 3 912 109 0 0 0 0 9 1015 0 0 0 0 0 0 928 96 0 0 0 0 0 
0 0 0 837 187 0 0 0 0 0 1022 2 0 0 0 0 0 930 94 0 0 0 0 0 
0 0 32 554 438 0 0 0 0 0 206 280 494 44 0 0 0 147 74 166 533 104 0 0 
0 0 1 547 476 0 0 0 0 0 0 321 636 67 0 0 0 0 0 78 748 198 0 0 
0 0 0 582 442 0 0 0 0 0 0 381 586 57 0 0 0 0 0 26 809 189 0 0 
0 0 0 716 308 0 0 0 0 0 0 550 443 31 0 0 0 0 0 79 770 175 0 0 
0 0 1 327 696 0 0 0 0 0 0 253 761 10 0 0 0 0 0 73 772 179 0 0 
0 0 5 482 537 0 0 0 0 0 0 428 572 24 0 0 0 0 0 118 831 75 0 0 
0 0 131 508 385 0 0 0 0 0 49 510 452 13 0 0 0 0 0 464 519 41 0 0 
0 0 2 618 404 0 0 0 0 0 0 412 589 23 0 0 0 0 0 114 866 44 0 0 
0 0 19 718 287 0 0 0 0 0 23 592 409 0 0 0 0 0 0 336 684 4 0 0 
0 0 48 484 492 0 0 0 0 0 23 575 426 0 0 0 0 0 0 345 678 1 0 0 
0 0 123 541 113 65 182 0 0 0 167 542 96 205 14 0 0 0 15 593 283 133 0 0 
0 0 0 379 426 175 44 0 0 0 615 208 144 57 0 0 0 270 516 160 69 9 0 0 
0 0 0 973 51 0 0 0 0 0 1024 0 0 0 0 0 0 849 175 0 0 0 0 0 
0 0 0 1007 17 0 0 0 0 10 1014 0 0 0 0 0 0 1017 7 0 0 0 0 0 
0 0 53 965 6 0 0 0 0 114 910 0 0 0 0 0 5 972 47 0 0 0 0 0 
0 0 12 830 182 0 0 0 0 47 879 98 0 0 0 0 0 848 176 0 0 0 0 0 
0 0 10 1012 2 0 0 0 0 89 933 2 0 0 0 0 0 1020 4 0 0 0 0 0 
0 0 160 850 14 0 0 0 0 191 822 11 0 0 0 0 36 916 72 0 0 0 0 0 
0 12 715 287 10 0 0 0 0 617 366 41 0 0 0 0 1 867 155 1 0 0 0 0 
0 0 175 768 49 0 0 0 0 53 812 127 0 0 0 0 0 531 455 6 0 0 0 0 
0 0 0 972 52 0 0 0 0 0 1004 20 0 0 0 0 0 413 611 0 0 0 0 0 
0 0 8 1005 11 0 0 0 0 8 1003 13 0 0 0 0 0 816 208 0 0 0 0 0 
0 0 48 976 0 0 0 0 0 85 939 0 0 0 0 0 0 995 29 0 0 0 0 0 
0 0 5 999 20 0 0 0 0 15 1009 0 0 0 0 0 0 1016 8 0 0 0 0 0 
0 0 506 518 0 0 0 0 0 593 431 0 0 0 0 0 32 992 0 0 0 0 0 0 
0 0 0 883 141 0 0 0 0 0 1024 0 0 0 0 0 0 992 32 0 0 0 0 0 
0 0 0 289 734 1 0 0 0 0 143 56 661 164 0 0 0 96 72 44 413 399 0 0 
0 0 0 7 1017 0 0 0 0 0 0 0 393 631 0 0 0 0 0 0 89 935 0 0 
0 0 0 0 1024 0 0 0 0 0 0 0 558 466 0 0 0 0 0 0 155 869 0 0 
0 0 0 25 997 2 0 0 0 0 0 0 603 421 0 0 0 0 0 0 354 670 0 0 
0 0 0 0 1023 1 0 0 0 0 0 0 672 352 0 0 0 0 0 0 438 586 0 0 
0 0 0 7 1014 3 0 0 0 0 0 0 650 374 0 0 0 0 0 0 465 559 0 0 
0 0 0 0 1024 0 0 0 0 0 0 0 638 386 0 0 0 0 0 0 565 459 0 0 
0 0 0 0 1024 0 0 0 0 0 0 0 690 334 0 0 0 0 0 0 615 409 0 0 
0 0 0 0 1024 0 0 0 0 0 0 0 761 263 0 0 0 0 0 0 675 349 0 0 
0 0 0 0 975 49 0 0 0 0 0 0 656 368 0 0 0 0 0 0 742 282 0 0 
0 0 0 3 586 235 200 0 0 0 0 5 596 423 0 0 0 0 0 84 725 215 0 0 
0 0 0 527 367 130 0 0 0 0 615 341 68 0 0 0 0 448 473 103 0 0 0 0 
0 0 0 1023 1 0 0 0 0 6 1018 0 0 0 0 0 0 1024 0 0 0 0 0 0 
0 0 2 1022 0 0 0 0 0 49 975 0 0 0 0 0 0 1023 1 0 0 0 0 0 
0 0 9 1013 2 0 0 0 0 81 943 0 0 0 0 0 0 1021 3 0 0 0 0 0 
0 0 0 937 87 0 0 0 0 0 1020 4 0 0 0 0 0 936 88 0 0 0 0 0 
0 0 0 942 82 0 0 0 0 4 1020 0 0 0 0 0 0 1018 6 0 0 0 0 0 
0 0 18 995 11 0 0 0 0 96 928 0 0 0 0 0 5 1019 0 0 0 0 0 0 
0 2 177 706 139 0 0 0 0 187 597 240 0 0 0 0 8 617 315 84 0 0 0 0 
0 0 367 614 11 0 0 0 0 193 642 157 0 0 0 0 2 510 447 33 0 0 0 0 
0 0 9 401 455 135 24 0 0 22 434 425 115 28 0 0 1 291 519 168 45 0 0 0 
0 0 61 960 3 0 0 0 0 17 1003 4 0 0 0 0 0 893 131 0 0 0 0 0 
0 0 148 876 0 0 0 0 0 347 677 0 0 0 0 0 0 1018 6 0 0 0 0 0 
0 0 185 839 0 0 0 0 0 370 654 0 0 0 0 0 0 1016 8 0 0 0 0 0 
0 0 679 345 0 0 0 0 0 755 269 0 0 0 0 0 10 1014 0 0 0 0 0 0 
0 0 0 794 230 0 0 0 0 0 934 90 0 0 0 0 0 859 165 0 0 0 0 0 
0 0 0 26 988 10 0 0 0 0 24 99 579 322 0 0 0 4 94 45 482 399 0 0 
0 0 0 0 912 112 0 0 0 0 0 0 518 506 0 0 0 0 0 0 463 561 0 0 
0 0 0 0 872 152 0 0 0 0 0 0 394 630 0 0 0 0 0 0 479 545 0 0 
0 0 0 0 747 277 0 0 0 0 0 0 237 787 0 0 0 0 0 0 301 723 0 0 
0 0 0 2 688 334 0 0 0 0 0 0 142 882 0 0 0 0 0 0 272 752 0 0 
0 0 0 11 854 159 0 0 0 0 0 5 457 562 0 0 0 0 0 7 615 402 0 0 
0 0 0 38 737 249 0 0 0 0 0 21 623 380 0 0 0 0 0 17 724 283 0 0 
0 0 0 94 787 143 0 0 0 0 0 32 618 374 0 0 0 0 0 45 640 339 0 0 
0 0 4 72 926 22 0 0 0 0 0 30 733 261 0 0 0 0 0 33 770 221 0 0 
0 0 0 95 844 85 0 0 0 0 0 26 782 216 0 0 0 0 0 36 927 61 0 0 
0 0 5 72 293 433 221 0 0 0 0 84 532 408 0 0 0 0 32 221 673 98 0 0 
0 0 0 610 302 112 0 0 0 1 727 232 64 0 0 0 0 647 257 120 0 0 0 0 
0 0 73 729 222 0 0 0 0 240 776 8 0 0 0 0 48 850 126 0 0 0 0 0 
0 0 66 927 31 0 0 0 0 370 650 4 0 0 0 0 34 966 24 0 0 0 0 0 
0 0 78 946 0 0 0 0 0 180 844 0 0 0 0 0 13 1011 0 0 0 0 0 0 
0 0 20 970 34 0 0 0 0 77 947 0 0 0 0 0 5 1010 9 0 0 0 0 0 
0 0 0 993 31 0 0 0 0 8 1016 0 0 0 0 0 0 1021 3 0 0 0 0 0 
0 0 0 1024 0 0 0 0 0 27 997 0 0 0 0 0 0 1024 0 0 0 0 0 0 
0 0 46 914 64 0 0 0 0 80 900 44 0 0 0 0 0 920 104 0 0 0 0 0 
0 0 178 759 55 0 0 0 0 114 838 40 0 0 0 0 0 663 329 0 0 0 0 0 
8 414 436 154 12 0 0 0 322 535 156 11 0 0 0 0 638 281 105 0 0 0 0 0 
4 314 506 200 0 0 0 0 174 600 250 0 0 0 0 0 493 529 2 0 0 0 0 0 
0 211 521 292 0 0 0 0 156 653 215 0 0 0 0 0 488 536 0 0 0 0 0 0 
0 148 389 487 0 0 0 0 120 528 376 0 0 0 0 0 368 656 0 0 0 0 0 0 
0 83 268 673 0 0 0 0 64 403 557 0 0 0 0 0 274 750 0 0 0 0 0 0 
0 15 214 736 59 0 0 0 0 258 748 8 10 0 0 0 154 806 50 8 6 0 0 0 
0 0 12 151 802 59 0 0 0 0 28 144 478 374 0 0 0 21 77 75 520 331 0 0 
0 0 20 219 773 12 0 0 0 0 0 120 614 290 0 0 0 0 0 109 648 267 0 0 
0 0 20 259 697 48 0 0 0 0 0 101 718 205 0 0 0 0 0 109 804 111 0 0 
0 0 4 176 781 63 0 0 0 0 0 61 642 321 0 0 0 0 0 64 745 215 0 0 
0 0 7 99 842 76 0 0 0 0 0 35 614 375 0 0 0 0 4 41 779 200 0 0 
0 0 13 146 724 141 0 0 0 0 3 79 534 408 0 0 0 0 2 101 671 250 0 0 
0 0 17 143 767 97 0 0 0 0 0 79 460 485 0 0 0 0 0 91 638 295 0 0 
0 0 0 89 728 200 7 0 0 0 0 22 456 545 1 0 0 0 0 33 616 375 0 0 
0 0 3 53 321 204 443 0 0 0 0 44 292 535 153 0 0 0 14 84 449 477 0 0 
0 0 0 241 463 256 64 0 0 0 188 213 403 186 34 0 0 68 300 117 415 124 0 0 
0 0 0 0 161 328 535 0 0 0 31 111 260 603 19 0 0 30 105 182 432 275 0 0 
0 0 0 622 402 0 0 0 0 0 998 26 0 0 0 0 0 962 62 0 0 0 0 0 
0 0 0 583 441 0 0 0 0 0 1024 0 0 0 0 0 0 906 118 0 0 0 0 0 
0 0 172 850 2 0 0 0 0 379 645 0 0 0 0 0 2 1022 0 0 0 0 0 0 
0 0 790 234 0 0 0 0 0 891 133 0 0 0 0 0 96 928 0 0 0 0 0 0 
0 0 361 655 8 0 0 0 0 399 625 0 0 0 0 0 84 940 0 0 0 0 0 0 
0 0 121 902 1 0 0 0 0 136 888 0 0 0 0 0 19 1005 0 0 0 0 0 0 
0 0 0 983 41 0 0 0 0 65 959 0 0 0 0 0 1 1023 0 0 0 0 0 0 
0 0 322 702 0 0 0 0 0 410 614 0 0 0 0 0 51 970 3 0 0 0 0 0 
0 1 447 526 18 0 0 0 0 432 556 4 0 0 0 0 23 810 159 0 0 0 0 0 
0 0 7 986 31 0 0 0 0 69 946 9 0 0 0 0 2 964 58 0 0 0 0 0 
0 0 16 946 62 0 0 0 0 8 873 143 0 0 0 0 0 502 522 0 0 0 0 0 
0 0 44 951 29 0 0 0 0 26 885 113 0 0 0 0 3 279 742 0 0 0 0 0 
0 13 70 631 310 0 0 0 3 59 785 177 0 0 0 0 32 601 391 0 0 0 0 0 
0 57 117 787 63 0 0 0 47 127 831 19 0 0 0 0 66 868 90 0 0 0 0 0 
0 38 140 417 241 178 10 0 22 89 327 145 218 217 6 0 47 312 121 139 253 152 0 0 
0 0 18 63 384 406 153 0 0 0 11 37 247 612 117 0 0 0 9 38 319 658 0 0 
0 0 23 53 322 437 189 0 0 0 2 44 206 591 181 0 0 0 2 46 225 751 0 0 
0 0 2 57 479 485 1 0 0 0 0 39 182 803 0 0 0 0 2 52 325 645 0 0 
0 0 0 17 456 551 0 0 0 0 0 2 157 865 0 0 0 0 0 14 333 677 0 0 
0 0 0 17 429 578 0 0 0 0 0 7 274 743 0 0 0 0 0 23 561 440 0 0 
0 0 0 27 422 575 0 0 0 0 0 10 324 689 1 0 0 0 0 37 575 412 0 0 
0 0 0 68 491 445 20 0 0 0 0 41 420 547 16 0 0 0 4 62 688 270 0 0 
0 0 0 7 146 285 586 0 0 0 0 29 162 507 326 0 0 0 15 67 306 632 4 0 
0 0 0 222 564 166 72 0 0 0 146 582 187 97 12 0 0 80 500 287 125 32 0 0 
0 0 44 375 254 59 270 22 0 12 340 282 82 48 260 0 0 208 360 129 48 154 125 0 
0 0 11 144 269 155 400 45 0 22 263 143 141 179 276 0 0 260 152 121 201 108 182 0 
0 0 78 634 312 0 0 0 7 152 779 86 0 0 0 0 62 866 96 0 0 0 0 0 
0 54 215 749 6 0 0 0 48 291 685 0 0 0 0 0 189 835 0 0 0 0 0 0 
0 140 391 493 0 0 0 0 108 694 222 0 0 0 0 0 360 664 0 0 0 0 0 0 
0 145 858 21 0 0 0 0 121 901 2 0 0 0 0 0 487 537 0 0 0 0 0 0 
0 18 709 297 0 0 0 0 14 905 105 0 0 0 0 0 325 699 0 0 0 0 0 0 
0 0 442 582 0 0 0 0 0 660 364 0 0 0 0 0 243 781 0 0 0 0 0 0 
0 0 384 640 0 0 0 0 4 746 274 0 0 0 0 0 298 726 0 0 0 0 0 0 
0 0 332 692 0 0 0 0 0 430 576 18 0 0 0 0 115 877 32 0 0 0 0 0 
0 3 397 561 31 0 0 0 0 291 693 8 0 0 0 0 3 803 186 0 0 0 0 0 
0 0 117 887 20 0 0 0 0 139 873 12 0 0 0 0 31 622 371 0 0 0 0 0 
0 0 26 908 90 0 0 0 0 34 943 47 0 0 0 0 0 463 561 0 0 0 0 0 
0 0 0 612 412 0 0 0 0 0 654 370 0 0 0 0 0 178 846 0 0 0 0 0 
0 0 36 433 555 0 0 0 0 32 430 562 0 0 0 0 0 267 757 0 0 0 0 0 
0 0 115 574 335 0 0 0 0 59 696 269 0 0 0 0 1 446 577 0 0 0 0 0 
0 0 6 582 317 75 44 0 0 5 634 162 115 77 31 0 0 544 204 111 87 78 0 0 
0 0 11 41 184 477 311 0 0 0 0 43 278 537 166 0 0 0 2 77 407 531 7 0 
0 0 0 36 192 378 418 0 0 0 0 58 283 366 317 0 0 0 8 133 299 567 17 0 
0 0 0 6 135 736 147 0 0 0 0 10 284 608 122 0 0 0 4 40 396 541 43 0 
0 0 4 23 88 780 129 0 0 0 0 20 130 775 99 0 0 0 4 31 336 596 57 0 
0 0 0 69 146 723 86 0 0 0 0 67 213 677 67 0 0 0 20 112 405 487 0 0 
0 29 46 76 143 684 46 0 0 1 51 127 127 685 33 0 0 10 60 120 428 401 5 0 
0 1 17 75 146 292 493 0 0 5 38 105 189 343 344 0 0 1 69 137 328 480 9 0 
0 0 0 10 249 488 277 0 0 0 0 213 311 414 86 0 0 0 153 271 457 143 0 0 
0 0 0 142 579 100 201 2 0 0 189 488 140 56 151 0 0 60 548 197 46 173 0 0 
0 0 0 0 3 22 879 120 0 0 0 3 3 162 856 0 0 0 2 4 91 714 213 0 
0 0 0 0 490 133 392 9 0 0 53 446 101 269 155 0 0 17 468 86 180 252 21 0 
0 0 0 0 1024 0 0 0 0 0 281 743 0 0 0 0 0 94 930 0 0 0 0 0 
0 0 0 163 861 0 0 0 0 0 441 583 0 0 0 0 0 241 783 0 0 0 0 0 
0 1 24 315 684 0 0 0 0 25 452 547 0 0 0 0 10 318 696 0 0 0 0 0 
0 61 97 235 631 0 0 0 40 109 471 404 0 0 0 0 67 332 625 0 0 0 0 0 
0 80 51 388 505 0 0 0 67 61 792 104 0 0 0 0 93 602 329 0 0 0 0 0 
0 24 146 438 416 0 0 0 21 147 838 18 0 0 0 0 115 721 188 0 0 0 0 0 
0 66 227 670 61 0 0 0 74 203 747 0 0 0 0 0 198 802 24 0 0 0 0 0 
0 191 468 356 9 0 0 0 36 422 509 57 0 0 0 0 146 692 186 0 0 0 0 0 
0 225 604 163 0 0 0 0 5 599 378 10 0 0 0 0 38 826 128 0 0 0 0 0 
0 0 56 164 331 307 166 0 0 54 166 159 366 279 0 0 12 167 108 381 256 100 0 0 
0 0 0 203 728 93 0 0 0 0 150 545 328 1 0 0 0 26 342 633 23 0 0 0 
0 0 0 33 983 8 0 0 0 0 5 925 94 0 0 0 0 0 493 531 0 0 0 0 
0 0 0 55 962 7 0 0 0 0 1 988 35 0 0 0 0 0 528 496 0 0 0 0 
0 0 0 53 971 0 0 0 0 0 5 916 103 0 0 0 0 0 453 571 0 0 0 0 
0 0 10 72 940 2 0 0 0 0 12 860 152 0 0 0 0 0 428 596 0 0 0 0 
0 0 39 302 623 58 2 0 0 0 37 645 304 38 0 0 0 0 133 718 158 15 0 0 
0 0 106 450 265 182 21 0 0 0 61 513 264 181 5 0 0 1 182 495 248 98 0 0 
0 0 66 524 128 207 99 0 0 0 22 526 184 225 67 0 0 0 71 577 167 198 11 0 
0 7 273 237 109 243 155 0 0 0 187 305 147 264 121 0 0 4 274 267 232 210 37 0 
0 0 45 135 225 256 350 13 0 0 33 165 304 215 307 0 0 0 74 237 302 237 174 0 
130 584 63 42 37 70 95 3 69 137 500 78 56 84 100 0 8 134 279 350 81 124 48 0 
449 241 83 52 40 28 131 0 359 349 82 51 38 70 75 0 82 630 97 49 51 114 1 0 
0 0 0 6 61 434 482 41 0 0 5 46 222 630 121 0 0 1 40 166 618 173 26 0 
0 0 0 9 22 120 809 64 0 0 6 20 93 113 792 0 0 4 19 75 101 790 35 0 
0 0 0 0 0 0 539 485 0 0 0 0 0 3 1021 0 0 0 0 0 0 603 421 0 
0 0 0 0 482 200 220 122 0 0 193 353 134 111 233 0 0 209 341 130 83 185 76 0 
0 0 0 99 792 133 0 0 0 0 414 545 65 0 0 0 0 254 682 88 0 0 0 0 
0 0 0 226 798 0 0 0 0 0 414 610 0 0 0 0 0 243 781 0 0 0 0 0 
0 0 1 584 439 0 0 0 0 0 652 372 0 0 0 0 0 447 573 4 0 0 0 0 
0 0 0 441 575 8 0 0 0 0 642 306 76 0 0 0 0 547 349 128 0 0 0 0 
0 0 0 906 118 0 0 0 0 0 891 122 11 0 0 0 0 793 184 47 0 0 0 0 
0 0 13 810 201 0 0 0 0 30 941 53 0 0 0 0 6 876 142 0 0 0 0 0 
0 0 0 884 140 0 0 0 0 1 985 38 0 0 0 0 0 832 192 0 0 0 0 0 
0 16 440 471 97 0 0 0 0 449 485 90 0 0 0 0 35 859 130 0 0 0 0 0 
20 221 707 44 0 0 0 0 95 664 233 0 0 0 0 0 128 864 0 0 0 0 0 0 
0 0 0 0 32 825 167 0 0 0 0 2 527 495 0 0 0 0 0 160 811 53 0 0 
0 0 0 6 87 784 147 0 0 0 2 36 546 440 0 0 0 0 24 280 633 87 0 0 
0 0 0 6 344 617 57 0 0 0 1 190 561 272 0 0 0 0 64 434 492 34 0 0 
0 0 0 279 496 245 4 0 0 0 96 519 341 68 0 0 0 0 488 351 181 4 0 0 
0 0 0 525 429 70 0 0 0 0 242 586 188 8 0 0 0 11 721 223 69 0 0 0 
0 0 0 371 622 31 0 0 0 0 2 893 129 0 0 0 0 0 734 282 8 0 0 0 
0 0 0 99 862 63 0 0 0 0 1 726 297 0 0 0 0 0 372 644 8 0 0 0 
0 0 0 41 955 28 0 0 0 0 0 707 315 2 0 0 0 0 327 668 29 0 0 0 
0 0 0 53 735 227 9 0 0 0 4 351 584 85 0 0 0 0 99 677 203 45 0 0 
0 0 5 125 400 434 60 0 0 0 10 281 459 256 18 0 0 1 54 552 298 119 0 0 
0 0 0 84 99 438 403 0 0 0 3 112 337 433 139 0 0 0 25 318 319 362 0 0 
6 79 215 130 149 360 85 0 0 72 170 201 247 332 2 0 0 34 116 284 420 170 0 0 
22 55 28 42 190 604 83 0 24 62 37 90 305 490 16 0 17 83 52 167 350 354 1 0 
0 0 0 0 252 442 329 1 0 0 0 330 333 231 130 0 0 0 302 332 153 233 4 0 
0 0 0 38 164 64 310 448 0 0 50 153 58 47 716 0 0 11 176 63 39 277 458 0 
0 0 0 0 0 0 51 973 0 0 0 0 0 0 1017 7 0 0 0 0 0 68 956 0 
0 0 0 0 0 13 308 703 0 0 0 0 12 41 971 0 0 0 0 11 30 273 710 0 
0 0 0 0 11 211 728 74 0 0 0 24 193 121 686 0 0 0 28 175 65 713 43 0 
0 0 0 0 275 314 435 0 0 0 1 271 248 490 14 0 0 0 250 245 426 103 0 0 
0 0 0 69 743 212 0 0 0 0 34 687 302 1 0 0 0 1 575 446 2 0 0 0 
0 0 0 127 883 14 0 0 0 0 43 627 354 0 0 0 0 11 434 579 0 0 0 0 
0 0 0 23 999 2 0 0 0 0 9 663 352 0 0 0 0 0 341 683 0 0 0 0 
0 0 10 310 703 1 0 0 0 10 303 665 46 0 0 0 3 234 592 195 0 0 0 0 
0 0 0 489 535 0 0 0 0 4 560 460 0 0 0 0 0 328 696 0 0 0 0 0 
0 19 72 843 90 0 0 0 0 75 746 203 0 0 0 0 9 458 552 5 0 0 0 0 
2 139 721 95 35 0 0 0 42 672 240 38 0 0 0 0 104 834 54 0 0 0 0 0 
0 0 0 16 218 266 524 0 0 0 33 164 195 619 13 0 0 0 159 183 412 270 0 0 
0 0 0 0 72 478 474 0 0 0 0 56 264 696 8 0 0 0 41 164 591 228 0 0 
0 0 0 0 52 715 257 0 0 0 0 6 526 492 0 0 0 0 0 241 737 46 0 0 
0 0 0 55 212 679 78 0 0 0 32 139 658 195 0 0 0 0 122 511 386 5 0 0 
0 0 0 205 280 482 57 0 0 0 141 282 368 233 0 0 0 60 271 256 436 1 0 0 
0 0 0 168 304 519 33 0 0 0 97 351 324 252 0 0 0 27 378 227 382 10 0 0 
0 0 0 52 276 491 205 0 0 0 23 184 456 355 6 0 0 9 166 266 440 143 0 0 
0 0 0 141 214 528 141 0 0 0 89 211 373 332 19 0 0 8 268 263 385 100 0 0 
0 0 0 31 690 285 18 0 0 0 14 416 543 44 7 0 0 0 289 588 125 22 0 0 
0 0 0 123 782 114 5 0 0 0 0 708 273 43 0 0 0 0 395 552 77 0 0 0 
0 0 0 9 878 137 0 0 0 0 0 611 413 0 0 0 0 0 293 724 7 0 0 0 
0 0 11 81 705 221 6 0 0 3 17 532 439 33 0 0 0 6 254 698 66 0 0 0 
0 0 13 38 636 230 107 0 0 0 22 450 360 152 40 0 0 8 118 623 178 94 3 0 
0 0 0 0 223 198 465 138 0 0 0 89 284 237 414 0 0 0 7 310 165 345 197 0 
0 0 0 0 46 83 676 219 0 0 0 1 84 270 669 0 0 0 0 61 115 521 327 0 
0 0 0 0 0 82 851 91 0 0 0 0 37 594 393 0 0 0 0 22 358 549 95 0 
0 0 0 0 0 102 922 0 0 0 0 0 42 675 307 0 0 0 0 4 489 531 0 0 
0 0 0 0 2 94 928 0 0 0 0 2 67 682 273 0 0 0 2 38 379 605 0 0 
0 0 0 0 47 376 601 0 0 0 0 30 248 683 63 0 0 0 27 179 608 210 0 0 
0 0 0 64 460 447 53 0 0 0 70 361 406 187 0 0 0 57 253 462 252 0 0 0 
0 0 0 75 900 49 0 0 0 0 5 721 298 0 0 0 0 0 439 585 0 0 0 0 
0 0 0 214 810 0 0 0 0 0 20 965 39 0 0 0 0 9 718 297 0 0 0 0 
0 0 3 200 821 0 0 0 0 1 103 904 16 0 0 0 1 40 636 347 0 0 0 0 
0 17 223 536 248 0 0 0 2 261 494 267 0 0 0 0 98 508 398 20 0 0 0 0 
0 0 31 851 142 0 0 0 0 44 882 98 0 0 0 0 0 729 285 10 0 0 0 0 
0 17 399 413 163 0 0 0 0 235 549 208 0 0 0 0 13 640 338 1 0 0 0 0 
0 0 0 0 66 836 122 0 0 0 0 28 603 391 2 0 0 0 10 306 660 48 0 0 
0 0 0 0 102 792 130 0 0 0 0 24 581 419 0 0 0 0 2 288 694 40 0 0 
0 0 0 0 259 747 18 0 0 0 0 57 788 179 0 0 0 0 3 537 483 1 0 0 
0 0 0 125 507 370 22 0 0 0 64 424 407 129 0 0 0 29 239 511 226 19 0 0 
0 0 1 468 529 26 0 0 0 0 378 510 136 0 0 0 0 216 496 301 11 0 0 0 
0 0 0 327 480 189 28 0 0 0 245 353 384 42 0 0 0 76 423 455 69 1 0 0 
0 0 0 72 462 350 140 0 0 0 27 321 456 220 0 0 0 4 256 472 239 53 0 0 
0 0 0 16 75 840 93 0 0 0 7 57 565 387 8 0 0 0 48 312 624 40 0 0 
0 0 0 0 94 687 243 0 0 0 0 2 453 557 12 0 0 0 0 257 607 160 0 0 
0 0 0 0 370 614 40 0 0 0 0 168 621 235 0 0 0 0 27 525 446 26 0 0 
0 0 0 141 811 72 0 0 0 0 0 787 231 6 0 0 0 0 509 480 35 0 0 0 
0 0 0 421 566 37 0 0 0 0 118 793 113 0 0 0 0 4 849 161 10 0 0 0 
0 0 0 669 351 4 0 0 0 0 144 837 43 0 0 0 0 6 883 135 0 0 0 0 
0 0 0 470 545 9 0 0 0 0 58 897 69 0 0 0 0 0 833 190 1 0 0 0 
0 0 0 300 661 63 0 0 0 0 70 744 199 11 0 0 0 0 600 403 21 0 0 0 
0 0 0 117 502 273 132 0 0 0 0 580 237 207 0 0 0 0 512 220 284 8 0 0 
0 0 0 0 186 619 219 0 0 0 0 147 493 376 8 0 0 0 120 439 417 48 0 0 
0 0 0 0 50 760 214 0 0 0 0 26 456 542 0 0 0 0 6 255 735 28 0 0 
0 0 0 6 382 628 8 0 0 0 0 108 845 71 0 0 0 0 29 656 339 0 0 0 
0 0 0 112 878 34 0 0 0 0 25 573 426 0 0 0 0 8 223 784 9 0 0 0 
0 0 0 253 764 7 0 0 0 0 40 801 183 0 0 0 0 13 491 520 0 0 0 0 
0 0 0 318 706 0 0 0 0 0 65 940 19 0 0 0 0 31 646 347 0 0 0 0 
0 0 54 263 707 0 0 0 0 32 141 820 31 0 0 0 10 114 714 186 0 0 0 0 
0 37 471 307 209 0 0 0 15 468 231 310 0 0 0 0 112 522 373 17 0 0 0 0 
0 0 358 665 1 0 0 0 0 201 820 3 0 0 0 0 0 989 35 0 0 0 0 0 
0 0 125 704 163 0 0 0 0 49 656 287 0 0 0 0 0 474 518 0 0 0 0 0 
0 0 0 0 248 774 2 0 0 0 0 82 798 144 0 0 0 0 3 534 487 0 0 0 
0 0 0 4 366 650 4 0 0 0 0 80 838 106 0 0 0 0 20 637 367 0 0 0 
0 0 0 2 371 636 15 0 0 0 0 108 786 130 0 0 0 0 33 697 290 4 0 0 
0 0 0 33 343 618 30 0 0 0 20 110 755 139 0 0 0 8 71 559 371 15 0 0 
0 0 0 15 77 629 303 0 0 0 14 30 273 680 27 0 0 7 24 117 663 213 0 0 
0 0 0 21 121 809 73 0 0 0 6 78 380 557 3 0 0 0 67 169 755 33 0 0 
0 0 0 0 314 626 84 0 0 0 0 28 744 252 0 0 0 0 4 566 403 51 0 0 
0 0 0 67 575 355 27 0 0 0 8 337 584 95 0 0 0 0 185 661 166 12 0 0 
0 0 0 38 446 535 5 0 0 0 14 316 610 84 0 0 0 0 191 586 247 0 0 0 
0 0 0 62 578 382 2 0 0 0 17 384 555 68 0 0 0 0 196 642 186 0 0 0 
0 0 20 190 582 232 0 0 0 10 88 545 377 4 0 0 0 47 445 516 16 0 0 0 
0 0 166 379 392 87 0 0 0 18 416 354 236 0 0 0 1 328 361 315 19 0 0 0 
0 0 263 709 42 10 0 0 0 59 890 57 18 0 0 0 3 796 201 24 0 0 0 0 
0 0 315 709 0 0 0 0 0 61 930 33 0 0 0 0 0 670 354 0 0 0 0 0 
0 0 46 953 25 0 0 0 0 14 949 61 0 0 0 0 0 699 323 2 0 0 0 0 
0 9 220 737 58 0 0 0 4 221 698 101 0 0 0 0 63 740 221 0 0 0 0 0 
0 0 71 726 211 16 0 0 0 87 678 213 46 0 0 0 4 683 270 67 0 0 0 0 
0 0 92 430 249 253 0 0 0 104 389 137 333 61 0 0 2 465 98 303 156 0 0 0 
0 0 6 102 706 210 0 0 0 6 67 438 498 15 0 0 0 44 269 583 128 0 0 0 
0 0 0 58 780 186 0 0 0 0 2 523 450 49 0 0 0 0 228 674 122 0 0 0 
0 0 0 151 871 2 0 0 0 0 0 911 113 0 0 0 0 0 333 691 0 0 0 0 
0 0 0 516 508 0 0 0 0 0 62 958 4 0 0 0 0 1 802 221 0 0 0 0 
0 28 101 719 176 0 0 0 14 93 441 476 0 0 0 0 48 347 629 0 0 0 0 0 
0 63 525 399 37 0 0 0 30 536 325 133 0 0 0 0 123 735 166 0 0 0 0 0 
0 0 653 371 0 0 0 0 0 325 699 0 0 0 0 0 1 1023 0 0 0 0 0 0 
0 0 121 852 19 0 0 0 0 19 894 79 0 0 0 0 0 799 193 0 0 0 0 0 
0 0 0 236 613 164 11 0 0 0 167 529 256 72 0 0 0 99 289 518 118 0 0 0 
0 0 0 62 651 311 0 0 0 0 25 341 629 29 0 0 0 10 113 758 143 0 0 0 
0 0 9 163 654 198 0 0 0 0 98 464 443 19 0 0 0 47 346 563 68 0 0 0 
0 0 46 405 411 158 4 0 0 0 240 474 252 58 0 0 0 128 419 353 113 11 0 0 
0 0 133 345 458 88 0 0 0 0 360 378 274 12 0 0 0 224 321 434 45 0 0 0 
0 0 95 247 387 295 0 0 0 3 267 308 363 83 0 0 0 206 284 353 181 0 0 0 
0 0 74 373 470 107 0 0 0 9 291 482 210 32 0 0 0 171 427 360 66 0 0 0 
0 0 400 451 114 58 1 0 0 66 703 179 67 9 0 0 0 589 321 80 34 0 0 0 
0 0 308 341 168 191 16 0 0 69 504 186 225 40 0 0 0 466 263 195 91 9 0 0 
0 0 7 163 225 629 0 0 0 0 138 138 677 71 0 0 0 105 108 507 304 0 0 0 
0 0 0 0 220 629 175 0 0 0 0 69 594 350 11 0 0 0 12 516 364 132 0 0 
0 0 0 21 148 475 380 0 0 0 0 83 292 627 22 0 0 0 48 245 337 394 0 0 
0 0 0 89 245 587 103 0 0 0 61 137 448 378 0 0 0 46 110 274 510 84 0 0 
0 0 122 215 325 362 0 0 0 52 269 104 552 47 0 0 0 301 78 310 335 0 0 0 
0 0 88 546 333 57 0 0 0 27 572 124 301 0 0 0 0 488 187 308 41 0 0 0 
0 0 43 863 118 0 0 0 0 0 766 258 0 0 0 0 0 231 777 16 0 0 0 0 
0 0 0 777 247 0 0 0 0 0 534 490 0 0 0 0 0 90 900 34 0 0 0 0 
0 0 0 604 319 101 0 0 0 0 390 448 171 15 0 0 0 34 715 172 103 0 0 0 
0 0 0 76 551 397 0 0 0 0 19 344 651 10 0 0 0 0 254 515 255 0 0 0 
0 0 0 0 833 191 0 0 0 0 0 247 755 22 0 0 0 0 24 894 106 0 0 0 
0 0 0 99 917 8 0 0 0 0 14 838 172 0 0 0 0 0 368 656 0 0 0 0 
0 0 0 307 717 0 0 0 0 0 10 1014 0 0 0 0 0 0 906 118 0 0 0 0 
0 2 66 741 215 0 0 0 0 57 359 608 0 0 0 0 30 162 832 0 0 0 0 0 
49 130 484 316 45 0 0 0 120 619 186 99 0 0 0 0 328 536 160 0 0 0 0 0 
0 0 587 437 0 0 0 0 0 783 241 0 0 0 0 0 92 932 0 0 0 0 0 0 
0 0 56 836 100 0 0 0 0 91 856 45 0 0 0 0 20 823 149 0 0 0 0 0 
0 0 0 0 138 693 193 0 0 0 0 31 492 477 24 0 0 0 1 315 585 123 0 0 
0 0 0 0 139 528 357 0 0 0 0 4 426 574 20 0 0 0 0 285 469 270 0 0 
0 0 10 141 625 240 8 0 0 1 117 367 503 36 0 0 0 82 189 633 116 4 0 0 
0 0 244 263 291 220 6 0 0 49 420 204 307 44 0 0 0 406 165 341 105 7 0 0 
0 0 163 202 475 183 1 0 0 15 320 264 405 20 0 0 0 308 129 525 62 0 0 0 
0 0 13 272 687 52 0 0 0 0 237 577 210 0 0 0 0 194 305 518 7 0 0 0 
0 0 0 18 512 472 22 0 0 0 5 208 699 112 0 0 0 0 63 747 197 17 0 0 
0 0 0 0 39 873 112 0 0 0 0 2 661 359 2 0 0 0 0 326 619 79 0 0 
0 0 0 0 199 814 11 0 0 0 0 0 869 155 0 0 0 0 0 704 318 2 0 0 
0 0 0 0 78 859 87 0 0 0 0 0 758 246 20 0 0 0 0 432 549 43 0 0 
0 0 0 0 30 401 593 0 0 0 0 1 202 788 33 0 0 0 0 116 553 355 0 0 
0 0 0 0 0 346 678 0 0 0 0 0 0 956 68 0 0 0 0 0 466 558 0 0 
0 0 0 0 0 850 174 0 0 0 0 0 154 857 13 0 0 0 0 6 857 161 0 0 
0 0 0 0 110 888 26 0 0 0 0 0 543 481 0 0 0 0 0 167 855 2 0 0 
0 0 0 3 705 316 0 0 0 0 3 215 740 66 0 0 0 1 12 794 217 0 0 0 
0 0 1 749 235 39 0 0 0 0 644 195 185 0 0 0 0 115 677 215 17 0 0 0 
0 0 0 907 104 13 0 0 0 0 754 241 26 3 0 0 0 222 753 38 11 0 0 0 
0 0 1 335 527 161 0 0 0 0 189 410 394 31 0 0 0 57 315 496 156 0 0 0 
0 0 235 254 347 188 0 0 0 109 301 250 340 24 0 0 7 316 235 265 201 0 0 0 
0 0 0 57 883 84 0 0 0 0 4 372 648 0 0 0 0 0 128 886 10 0 0 0 
0 0 0 100 915 9 0 0 0 0 0 840 184 0 0 0 0 0 504 519 1 0 0 0 
0 0 0 230 794 0 0 0 0 0 13 957 54 0 0 0 0 0 680 344 0 0 0 0 
0 0 127 638 259 0 0 0 0 58 441 520 5 0 0 0 16 251 700 57 0 0 0 0 
67 70 487 391 9 0 0 0 106 431 439 48 0 0 0 0 199 644 181 0 0 0 0 0 
44 129 644 207 0 0 0 0 96 728 200 0 0 0 0 0 478 544 2 0 0 0 0 0 
0 16 582 394 0 0 0 0 14 595 383 0 0 0 0 0 212 768 12 0 0 0 0 0 
0 0 0 0 0 104 899 21 0 0 0 0 19 383 622 0 0 0 0 0 123 782 119 0 
0 0 0 0 0 306 718 0 0 0 0 0 101 699 224 0 0 0 0 0 351 672 1 0 
0 0 0 0 106 806 112 0 0 0 0 15 731 278 0 0 0 0 0 361 594 69 0 0 
0 0 0 0 621 385 18 0 0 0 0 85 881 58 0 0 0 0 0 857 161 6 0 0 
0 0 0 7 856 157 4 0 0 0 0 541 449 34 0 0 0 0 173 754 93 4 0 0 
0 0 0 0 878 146 0 0 0 0 0 605 417 2 0 0 0 0 138 828 58 0 0 0 
0 0 0 0 291 728 5 0 0 0 0 21 874 129 0 0 0 0 0 598 426 0 0 0 
0 0 0 0 66 947 11 0 0 0 0 0 828 196 0 0 0 0 0 492 532 0 0 0 
0 0 0 0 200 820 4 0 0 0 0 1 866 157 0 0 0 0 0 631 393 0 0 0 
0 0 0 0 438 586 0 0 0 0 0 57 946 21 0 0 0 0 2 885 137 0 0 0 
0 0 0 0 95 338 591 0 0 0 0 19 284 603 118 0 0 0 0 244 283 497 0 0 
0 0 0 0 0 293 731 0 0 0 0 0 18 908 98 0 0 0 0 5 287 732 0 0 
0 0 0 0 5 740 279 0 0 0 0 0 138 853 33 0 0 0 0 12 686 326 0 0 
0 0 0 0 16 997 11 0 0 0 0 0 624 400 0 0 0 0 0 118 899 7 0 0 
0 0 0 40 551 392 41 0 0 0 16 333 509 161 5 0 0 0 146 561 291 26 0 0 
0 0 3 438 509 74 0 0 0 0 319 546 157 2 0 0 0 69 618 313 24 0 0 0 
0 0 95 550 319 60 0 0 0 0 574 236 208 6 0 0 0 361 336 291 36 0 0 0 
0 0 54 196 740 34 0 0 0 25 155 545 299 0 0 0 0 110 319 567 28 0 0 0 
0 0 68 414 517 25 0 0 0 30 342 492 160 0 0 0 0 262 385 368 9 0 0 0 
0 11 307 346 320 40 0 0 1 202 389 213 219 0 0 0 37 511 153 298 25 0 0 0 
0 17 192 545 260 10 0 0 2 116 507 318 81 0 0 0 30 430 419 142 3 0 0 0 
0 0 465 498 61 0 0 0 0 221 685 116 2 0 0 0 20 764 225 15 0 0 0 0 
0 0 377 553 94 0 0 0 0 216 683 120 5 0 0 0 6 684 286 48 0 0 0 0 
0 5 381 432 183 23 0 0 1 310 426 247 40 0 0 0 30 512 341 131 10 0 0 0 
0 7 142 610 264 1 0 0 0 109 562 343 10 0 0 0 5 301 633 85 0 0 0 0 
0 0 269 665 49 9 0 0 0 89 809 74 20 0 0 0 0 621 337 33 1 0 0 0 
0 0 0 0 0 502 522 0 0 0 0 0 59 762 203 0 0 0 0 0 591 428 5 0 
0 0 0 0 0 880 144 0 0 0 0 0 367 646 11 0 0 0 0 0 927 97 0 0 
0 0 0 0 1 912 111 0 0 0 0 0 569 455 0 0 0 0 0 221 778 25 0 0 
0 0 0 0 59 960 5 0 0 0 0 0 929 95 0 0 0 0 0 570 454 0 0 0 
0 0 0 0 728 296 0 0 0 0 0 392 632 0 0 0 0 0 36 970 18 0 0 0 
0 0 0 0 377 646 1 0 0 0 0 92 826 106 0 0 0 0 3 750 271 0 0 0 
0 0 0 0 83 826 115 0 0 0 0 0 470 554 0 0 0 0 0 284 694 46 0 0 
0 0 0 0 23 872 129 0 0 0 0 0 584 440 0 0 0 0 0 281 713 30 0 0 
0 0 0 0 80 926 18 0 0 0 0 9 865 150 0 0 0 0 0 527 496 1 0 0 
0 0 0 0 484 538 2 0 0 0 0 136 877 11 0 0 0 0 4 954 66 0 0 0 
0 0 0 0 109 579 336 0 0 0 0 25 478 479 42 0 0 0 0 370 406 248 0 0 
0 0 0 0 163 718 143 0 0 0 0 7 559 448 10 0 0 0 0 388 533 103 0 0 
0 0 5 90 318 460 151 0 0 0 62 216 288 444 14 0 0 25 183 278 345 193 0 0 
0 0 49 257 311 353 54 0 0 0 223 232 304 263 2 0 0 155 236 294 276 63 0 0 
0 0 144 284 319 210 67 0 0 37 280 281 275 149 2 0 0 243 266 307 170 38 0 0 
0 0 138 401 398 87 0 0 0 22 385 426 191 0 0 0 0 328 407 283 6 0 0 0 
0 0 23 347 537 117 0 0 0 2 212 607 203 0 0 0 0 100 573 348 3 0 0 0 
0 0 156 627 230 11 0 0 0 90 566 316 52 0 0 0 6 417 497 104 0 0 0 0 
0 0 33 718 273 0 0 0 0 2 599 422 1 0 0 0 0 356 618 50 0 0 0 0 
0 0 202 539 283 0 0 0 0 75 594 354 1 0 0 0 0 501 396 127 0 0 0 0 
0 0 120 651 253 0 0 0 0 37 554 433 0 0 0 0 1 318 639 66 0 0 0 0 
0 0 11 363 592 58 0 0 0 0 204 683 136 1 0 0 0 94 586 332 12 0 0 0 
0 0 2 148 403 468 3 0 0 0 90 359 523 52 0 0 0 31 221 494 278 0 0 0 
0 0 0 10 502 512 0 0 0 0 1 338 671 14 0 0 0 0 121 815 88 0 0 0 
0 0 0 60 783 181 0 0 0 0 28 676 317 3 0 0 0 4 432 578 10 0 0 0 
0 0 181 466 322 23 0 0 0 152 397 387 56 0 0 0 5 333 545 109 0 0 0 0 
0 0 0 0 0 336 688 0 0 0 0 0 14 961 49 0 0 0 0 0 460 564 0 0 
0 0 0 0 0 732 292 0 0 0 0 0 63 954 7 0 0 0 0 0 845 179 0 0 
0 0 0 0 0 996 28 0 0 0 0 0 613 411 0 0 0 0 0 77 947 0 0 0 
0 0 0 0 1 917 106 0 0 0 0 0 837 187 0 0 0 0 0 560 433 31 0 0 
0 0 0 0 0 1020 4 0 0 0 0 0 935 89 0 0 0 0 0 714 310 0 0 0 
0 0 0 0 3 959 62 0 0 0 0 0 773 251 0 0 0 0 0 563 461 0 0 0 
0 0 0 0 0 652 372 0 0 0 0 0 377 647 0 0 0 0 0 121 767 136 0 0 
0 0 0 0 0 597 427 0 0 0 0 0 128 896 0 0 0 0 0 8 977 39 0 0 
0 0 0 0 2 891 131 0 0 0 0 0 542 482 0 0 0 0 0 169 855 0 0 0 
0 0 0 0 199 825 0 0 0 0 0 33 983 8 0 0 0 0 0 869 155 0 0 0 
0 0 0 0 212 685 127 0 0 0 0 34 738 228 24 0 0 0 0 659 259 106 0 0 
0 0 0 153 662 209 0 0 0 0 66 429 485 44 0 0 0 9 336 591 88 0 0 0 
0 0 85 692 247 0 0 0 0 2 536 466 20 0 0 0 0 378 587 59 0 0 0 0 
0 0 286 389 108 96 145 0 0 89 463 206 78 188 0 0 2 466 255 83 173 45 0 0 
0 0 93 276 130 323 202 0 0 45 291 131 164 393 0 0 2 225 216 122 428 31 0 0 
0 0 46 463 60 426 29 0 0 12 453 76 341 142 0 0 2 343 194 231 254 0 0 0 
0 0 63 280 66 486 129 0 0 31 305 55 233 400 0 0 0 288 85 77 574 0 0 0 
0 0 15 77 219 624 89 0 0 5 75 204 377 363 0 0 0 56 143 328 497 0 0 0 
0 0 0 135 651 238 0 0 0 0 76 650 298 0 0 0 0 2 479 543 0 0 0 0 
0 0 1 392 602 29 0 0 0 0 256 686 82 0 0 0 0 42 627 355 0 0 0 0 
0 0 18 563 441 2 0 0 0 0 395 604 25 0 0 0 0 132 740 152 0 0 0 0 
0 0 43 875 106 0 0 0 0 2 787 235 0 0 0 0 0 285 713 26 0 0 0 0 
0 0 109 709 197 9 0 0 0 1 625 380 18 0 0 0 0 297 603 124 0 0 0 0 
0 0 193 389 320 122 0 0 0 106 420 325 173 0 0 0 3 379 388 202 52 0 0 0 
0 0 332 490 197 5 0 0 0 185 578 254 7 0 0 0 3 592 401 28 0 0 0 0 
0 105 641 246 0 0 0 0 45 575 367 5 0 0 0 0 167 786 39 0 0 0 0 0 
0 0 0 0 30 689 305 0 0 0 0 1 341 677 5 0 0 0 0 88 738 198 0 0 
0 0 0 0 1 617 406 0 0 0 0 0 291 539 194 0 0 0 0 10 640 374 0 0 
0 0 0 0 0 981 43 0 0 0 0 0 751 273 0 0 0 0 0 13 998 13 0 0 
0 0 0 0 12 872 140 0 0 0 0 0 606 418 0 0 0 0 0 405 562 57 0 0 
0 0 0 0 1 1019 4 0 0 0 0 0 920 104 0 0 0 0 0 271 753 0 0 0 
0 0 0 0 0 1015 9 0 0 0 0 0 969 55 0 0 0 0 0 494 530 0 0 0 
0 0 0 0 0 1007 17 0 0 0 0 0 926 98 0 0 0 0 0 592 432 0 0 0 
0 0 0 0 0 996 28 0 0 0 0 0 783 241 0 0 0 0 0 424 600 0 0 0 
0 0 0 0 5 1019 0 0 0 0 0 0 1015 9 0 0 0 0 0 857 167 0 0 0 
0 0 0 0 552 472 0 0 0 0 0 310 714 0 0 0 0 0 81 942 1 0 0 0 
0 0 2 168 779 75 0 0 0 1 134 611 278 0 0 0 0 77 422 525 0 0 0 0 
0 0 123 605 191 74 31 0 0 77 535 296 70 46 0 0 1 439 460 62 62 0 0 0 
0 0 65 153 97 259 450 0 0 18 174 99 76 657 0 0 0 137 126 77 542 142 0 0 
0 0 0 0 4 463 557 0 0 0 0 2 26 996 0 0 0 0 1 7 817 199 0 0 
0 0 0 0 17 850 157 0 0 0 0 7 411 606 0 0 0 0 1 250 772 1 0 0 
0 0 0 0 34 840 150 0 0 0 0 22 630 372 0 0 0 0 17 403 604 0 0 0 
0 0 0 0 25 797 202 0 0 0 0 28 630 366 0 0 0 0 20 374 630 0 0 0 
0 0 0 0 91 848 85 0 0 0 0 61 757 206 0 0 0 0 10 557 453 4 0 0 
0 0 0 20 638 360 6 0 0 0 13 565 436 10 0 0 0 8 322 667 27 0 0 0 
0 0 0 56 431 530 7 0 0 0 31 374 575 44 0 0 0 3 219 641 161 0 0 0 
0 0 0 321 639 64 0 0 0 0 230 706 88 0 0 0 0 32 789 203 0 0 0 0 
0 0 368 622 34 0 0 0 0 110 850 64 0 0 0 0 0 666 356 2 0 0 0 0 
0 41 800 183 0 0 0 0 1 538 485 0 0 0 0 0 54 923 47 0 0 0 0 0 
0 84 633 307 0 0 0 0 7 536 481 0 0 0 0 0 88 928 8 0 0 0 0 0 
0 191 778 55 0 0 0 0 41 848 135 0 0 0 0 0 240 784 0 0 0 0 0 0 
0 64 558 369 1 0 0 0 2 542 383 65 0 0 0 0 134 546 312 0 0 0 0 0 
0 0 0 0 47 747 230 0 0 0 0 21 448 555 0 0 0 0 0 164 817 43 0 0 
0 0 0 0 0 925 99 0 0 0 0 0 572 452 0 0 0 0 0 40 942 42 0 0 
0 0 0 0 0 722 302 0 0 0 0 0 437 587 0 0 0 0 0 31 843 150 0 0 
0 0 0 0 336 500 188 0 0 0 0 17 710 297 0 0 0 0 0 627 336 61 0 0 
0 0 0 0 122 901 1 0 0 0 0 3 949 72 0 0 0 0 0 667 357 0 0 0 
0 0 0 0 99 925 0 0 0 0 0 0 1024 0 0 0 0 0 0 765 259 0 0 0 
0 0 0 0 25 833 166 0 0 0 0 1 541 482 0 0 0 0 0 432 586 6 0 0 
0 0 0 0 69 955 0 0 0 0 0 12 1009 3 0 0 0 0 0 949 75 0 0 0 
0 0 0 0 39 985 0 0 0 0 0 2 1022 0 0 0 0 0 0 1011 13 0 0 0 
0 0 0 0 627 397 0 0 0 0 0 430 594 0 0 0 0 0 250 774 0 0 0 0 
0 0 80 509 328 73 34 0 0 45 509 344 57 69 0 0 3 442 404 92 83 0 0 0 
0 0 7 37 78 248 654 0 0 7 30 70 89 828 0 0 0 28 51 80 623 242 0 0 
0 0 0 0 0 145 879 0 0 0 0 0 5 1019 0 0 0 0 0 0 691 333 0 0 
0 0 0 0 0 172 852 0 0 0 0 0 0 1024 0 0 0 0 0 0 726 298 0 0 
0 0 0 0 0 639 385 0 0 0 0 0 190 834 0 0 0 0 0 85 918 21 0 0 
0 0 0 0 10 742 272 0 0 0 0 6 460 558 0 0 0 0 0 254 770 0 0 0 
0 0 0 0 21 823 180 0 0 0 0 16 530 478 0 0 0 0 9 286 729 0 0 0 
0 0 0 0 68 731 225 0 0 0 0 61 486 477 0 0 0 0 41 310 673 0 0 0 
0 0 0 3 201 817 3 0 0 0 1 148 832 43 0 0 0 0 76 785 163 0 0 0 
0 0 0 0 358 645 21 0 0 0 0 287 654 83 0 0 0 0 146 684 194 0 0 0 
0 0 4 130 793 97 0 0 0 2 81 792 149 0 0 0 0 29 655 334 6 0 0 0 
0 3 264 642 115 0 0 0 0 167 645 212 0 0 0 0 10 481 529 4 0 0 0 0 
0 0 556 457 11 0 0 0 0 262 735 27 0 0 0 0 3 849 170 2 0 0 0 0 
0 97 853 74 0 0 0 0 4 802 218 0 0 0 0 0 69 938 17 0 0 0 0 0 
0 78 721 224 1 0 0 0 9 516 477 22 0 0 0 0 70 763 191 0 0 0 0 0 
0 0 321 566 81 24 0 0 0 24 803 118 47 0 0 0 0 439 457 81 15 0 0 0 
0 0 0 0 0 906 118 0 0 0 0 0 449 575 0 0 0 0 0 13 971 40 0 0 
0 0 0 0 0 922 102 0 0 0 0 0 631 393 0 0 0 0 0 125 891 8 0 0 
0 0 0 0 5 675 344 0 0 0 0 0 388 636 0 0 0 0 0 152 791 81 0 0 
0 0 0 0 151 868 5 0 0 0 0 2 1004 18 0 0 0 0 0 868 156 0 0 0 
0 0 0 0 20 999 5 0 0 0 0 0 681 343 0 0 0 0 0 501 523 0 0 0 
0 0 0 0 336 688 0 0 0 0 0 0 1024 0 0 0 0 0 0 982 42 0 0 0 
0 0 0 0 96 905 23 0 0 0 0 1 613 410 0 0 0 0 0 467 553 4 0 0 
0 0 0 0 350 660 14 0 0 0 0 53 868 103 0 0 0 0 0 799 225 0 0 0 
0 0 0 0 161 863 0 0 0 0 0 42 982 0 0 0 0 0 0 1007 17 0 0 0 
0 0 0 0 688 336 0 0 0 0 0 380 644 0 0 0 0 0 9 1015 0 0 0 0 
0 0 0 176 741 85 22 0 0 0 134 747 69 74 0 0 0 34 636 272 82 0 0 0 
0 0 0 0 23 310 691 0 0 0 0 15 32 977 0 0 0 0 6 26 667 325 0 0 
0 0 0 0 0 291 733 0 0 0 0 0 7 1017 0 0 0 0 0 0 840 184 0 0 
0 0 0 0 0 357 667 0 0 0 0 0 0 1024 0 0 0 0 0 0 784 240 0 0 
0 0 0 1 19 518 486 0 0 0 0 10 143 871 0 0 0 0 7 71 813 133 0 0 
0 0 0 1 17 659 347 0 0 0 0 15 320 689 0 0 0 0 8 148 848 20 0 0 
0 0 0 0 3 690 331 0 0 0 0 0 353 671 0 0 0 0 0 153 865 6 0 0 
0 0 0 0 0 701 323 0 0 0 0 0 326 698 0 0 0 0 0 54 958 12 0 0 
0 0 0 0 25 841 158 0 0 0 0 4 614 406 0 0 0 0 1 292 717 14 0 0 
0 0 0 0 171 845 8 0 0 0 0 105 890 29 0 0 0 0 23 842 159 0 0 0 
0 0 0 23 613 388 0 0 0 0 21 521 479 3 0 0 0 8 335 665 16 0 0 0 
0 0 79 610 333 2 0 0 0 32 527 462 3 0 0 0 0 182 802 40 0 0 0 0 
0 5 763 213 43 0 0 0 0 662 308 54 0 0 0 0 23 874 124 3 0 0 0 0 
0 10 229 389 379 17 0 0 0 154 451 354 65 0 0 0 1 364 399 260 0 0 0 0 
0 0 172 707 140 5 0 0 0 85 674 258 7 0 0 0 0 294 652 77 1 0 0 0 
0 0 345 541 106 0 0 0 0 27 745 217 3 0 0 0 0 382 521 89 0 0 0 0 
0 0 0 0 0 680 312 0 0 0 0 0 244 748 0 0 0 0 0 1 748 243 0 0 
0 0 0 0 0 912 80 0 0 0 0 0 539 453 0 0 0 0 0 110 882 0 0 0 
0 0 0 0 5 895 92 0 0 0 0 0 690 302 0 0 0 0 0 321 669 2 0 0 
0 0 0 0 74 869 49 0 0 0 0 0 786 206 0 0 0 0 0 542 440 10 0 0 
0 0 0 0 50 920 22 0 0 0 0 0 618 374 0 0 0 0 0 476 510 6 0 0 
0 0 0 0 412 580 0 0 0 0 0 0 992 0 0 0 0 0 0 904 88 0 0 0 
0 0 0 0 95 886 11 0 0 0 0 2 733 257 0 0 0 0 0 523 469 0 0 0 
0 0 0 0 406 581 5 0 0 0 0 62 862 68 0 0 0 0 0 826 166 0 0 0 
0 0 0 0 111 881 0 0 0 0 0 36 956 0 0 0 0 0 0 965 27 0 0 0 
0 0 0 0 516 476 0 0 0 0 0 226 766 0 0 0 0 0 4 988 0 0 0 0 
0 0 0 164 817 11 0 0 0 0 104 829 59 0 0 0 0 12 548 431 1 0 0 0 
0 0 0 58 118 489 327 0 0 0 45 111 88 748 0 0 0 21 80 93 654 144 0 0 
0 0 0 0 0 357 635 0 0 0 0 0 9 983 0 0 0 0 0 0 784 208 0 0 
0 0 0 0 0 424 568 0 0 0 0 0 11 981 0 0 0 0 0 0 772 220 0 0 
0 0 0 0 0 435 557 0 0 0 0 0 34 958 0 0 0 0 0 2 834 156 0 0 
0 0 0 0 0 767 225 0 0 0 0 0 325 667 0 0 0 0 0 113 878 1 0 0 
0 0 0 0 0 583 409 0 0 0 0 0 178 814 0 0 0 0 0 31 955 6 0 0 
0 0 0 0 2 795 195 0 0 0 0 0 495 497 0 0 0 0 0 152 837 3 0 0 
0 0 0 0 24 855 113 0 0 0 0 2 742 248 0 0 0 0 0 492 489 11 0 0 
0 0 0 2 212 770 8 0 0 0 0 130 828 34 0 0 0 0 37 778 177 0 0 0 
0 0 0 2 491 498 1 0 0 0 2 366 617 7 0 0 0 1 121 823 47 0 0 0 
0 0 0 423 563 6 0 0 0 0 305 670 17 0 0 0 0 45 828 119 0 0 0 0 
0 0 500 397 89 6 0 0 0 386 495 97 14 0 0 0 10 663 265 54 0 0 0 0 
0 0 10 130 787 65 0 0 0 0 100 738 154 0 0 0 0 21 460 504 7 0 0 0 
0 0 53 541 339 59 0 0 0 15 478 398 98 3 0 0 0 149 606 198 39 0 0 0 
0 0 303 434 190 34 0 0 0 73 569 256 63 0 0 0 0 388 377 171 25 0 0 0 
