0 1021 3 0 0 0 0 0 0 0 0 0 1024 0 0 0 0 0 0 0 0 4 1020 0 
0 900 124 0 0 0 0 0 0 0 0 0 1024 0 0 0 0 0 0 0 0 0 1024 0 
0 612 412 0 0 0 0 0 0 0 0 0 1024 0 0 0 0 0 0 0 0 0 1024 0 
0 326 676 10 8 4 0 0 0 0 0 0 979 42 3 0 0 0 0 0 0 47 977 0 
0 306 715 3 0 0 0 0 0 0 0 0 1012 12 0 0 0 0 0 0 0 13 1011 0 
0 529 495 0 0 0 0 0 0 0 0 0 1024 0 0 0 0 0 0 0 0 0 1024 0 
0 708 316 0 0 0 0 0 0 0 0 0 1024 0 0 0 0 0 0 0 0 0 1024 0 
0 973 51 0 0 0 0 0 0 0 0 0 1024 0 0 0 0 0 0 0 0 20 1004 0 
0 776 52 14 32 65 83 2 0 0 3 21 879 99 22 0 0 0 6 30 77 143 768 0 
0 247 22 15 48 242 439 11 0 0 0 17 427 306 274 0 0 0 3 55 283 434 249 0 
0 70 14 20 100 484 271 33 0 1 10 62 405 405 77 32 0 3 31 135 457 277 57 32 
0 233 522 63 60 114 31 1 2 88 37 29 719 133 16 0 1 95 39 36 73 156 622 2 
1 133 527 103 114 96 50 0 21 120 68 96 547 142 30 0 13 136 85 103 78 136 473 0 
0 11 207 48 61 143 509 45 0 31 27 32 233 358 342 1 0 36 28 54 156 552 198 0 
0 90 250 107 76 126 364 11 1 330 88 74 69 205 257 0 4 322 122 87 141 330 18 0 
0 85 527 107 46 77 176 6 6 601 70 31 64 103 149 0 10 602 77 44 70 173 48 0 
10 90 589 56 37 68 153 21 48 371 28 18 243 181 134 1 37 388 38 20 47 201 293 0 
3 79 635 68 48 94 88 9 37 307 36 36 388 155 64 1 30 317 58 38 80 134 367 0 
15 112 465 129 75 86 141 1 47 169 101 42 418 143 104 0 31 189 107 62 78 213 344 0 
0 95 362 220 119 150 77 1 20 412 146 98 181 137 30 0 41 423 129 132 119 124 56 0 
2 206 303 197 152 157 7 0 79 435 193 136 151 30 0 0 90 475 199 151 107 2 0 0 
0 106 355 225 125 144 5 32 36 518 130 96 158 22 0 32 50 575 88 124 121 2 0 32 
41 365 196 100 100 199 23 0 196 358 118 94 101 152 5 0 160 379 147 87 128 123 0 0 
6 233 146 112 140 184 189 14 65 303 118 120 130 178 110 0 45 321 153 125 200 163 17 0 
1 388 194 120 147 87 87 0 112 440 107 131 111 76 47 0 102 454 118 158 116 70 6 0 
1 231 553 125 57 54 3 0 46 749 86 66 59 18 0 0 65 738 96 76 41 8 0 0 
14 173 361 412 64 0 0 0 59 697 268 0 0 0 0 0 77 931 16 0 0 0 0 0 
101 265 338 301 19 0 0 0 226 642 105 12 13 26 0 0 195 758 19 7 9 21 15 0 
80 190 253 432 50 10 8 1 149 355 89 36 12 378 5 0 112 422 56 15 24 63 332 0 
13 284 280 222 95 63 63 4 151 473 162 82 45 72 39 0 106 610 96 64 70 63 15 0 
6 142 419 264 123 68 2 0 72 553 176 98 98 26 1 0 93 594 156 84 75 22 0 0 
2 54 191 252 359 156 10 0 28 215 220 299 198 61 3 0 50 233 275 259 152 53 2 0 
3 35 448 267 160 46 12 21 21 521 187 158 71 2 16 16 31 566 176 154 31 2 19 13 
68 665 168 37 37 45 4 0 533 357 39 36 36 22 1 0 514 381 50 32 40 7 0 0 
9 671 200 51 44 46 3 0 410 458 61 32 50 13 0 0 417 464 52 55 35 1 0 0 
0 609 372 43 0 0 0 0 331 677 16 0 0 0 0 0 350 674 0 0 0 0 0 0 
0 80 486 426 32 0 0 0 55 706 263 0 0 0 0 0 103 913 8 0 0 0 0 0 
341 124 86 414 59 0 0 0 454 223 335 4 5 3 0 0 420 565 23 5 3 4 4 0 
368 559 55 39 3 0 0 0 766 213 28 6 5 6 0 0 533 462 11 6 4 4 4 0 
8 65 23 476 66 194 182 10 15 54 19 41 122 669 101 3 3 65 23 51 223 226 433 0 
121 481 92 77 120 112 20 1 381 305 56 111 104 62 5 0 337 355 77 119 106 28 2 0 
79 534 358 37 15 1 0 0 459 528 18 16 3 0 0 0 438 550 24 10 2 0 0 0 
9 236 485 223 61 10 0 0 295 524 160 34 9 2 0 0 323 576 104 15 6 0 0 0 
3 33 123 187 361 236 32 17 26 163 153 285 264 67 27 7 28 211 208 305 180 28 28 4 
147 644 211 22 0 0 0 0 648 376 0 0 0 0 0 0 572 452 0 0 0 0 0 0 
2 381 617 24 0 0 0 0 349 673 2 0 0 0 0 0 421 603 0 0 0 0 0 0 
0 278 664 82 0 0 0 0 200 815 9 0 0 0 0 0 234 789 1 0 0 0 0 0 
16 225 488 208 87 0 0 0 120 723 49 10 7 105 10 0 93 778 15 8 8 16 106 0 
15 64 27 159 745 8 6 0 63 32 19 23 20 654 213 0 51 35 15 17 19 46 841 0 
3 529 281 65 104 26 16 0 261 535 34 18 25 105 46 0 195 590 34 28 28 44 102 3 
71 632 86 42 59 116 18 0 594 176 51 57 74 72 0 0 507 281 54 63 108 11 0 0 
23 424 384 96 52 33 12 0 290 566 54 58 30 23 3 0 281 585 66 54 19 19 0 0 
25 358 538 103 0 0 0 0 277 737 10 0 0 0 0 0 329 694 1 0 0 0 0 0 
0 499 523 2 0 0 0 0 447 577 0 0 0 0 0 0 577 447 0 0 0 0 0 0 
1 221 217 154 104 209 78 8 158 310 124 78 178 102 40 2 172 320 110 112 193 55 29 1 
258 766 0 0 0 0 0 0 975 49 0 0 0 0 0 0 812 212 0 0 0 0 0 0 
64 874 86 0 0 0 0 0 680 344 0 0 0 0 0 0 524 500 0 0 0 0 0 0 
124 712 185 3 0 0 0 0 567 457 0 0 0 0 0 0 330 694 0 0 0 0 0 0 
211 653 117 10 33 0 0 0 548 425 3 8 3 25 12 0 239 733 5 6 4 9 28 0 
200 356 22 38 328 66 12 2 365 195 33 31 38 113 249 0 239 318 43 28 53 52 291 0 
283 235 27 38 64 145 188 44 436 99 44 58 72 196 118 1 327 205 50 70 150 190 32 0 
550 472 2 0 0 0 0 0 963 61 0 0 0 0 0 0 902 122 0 0 0 0 0 0 
86 252 87 58 58 246 229 8 224 211 40 45 128 304 72 0 194 250 31 89 229 222 9 0 
51 213 239 50 51 227 192 1 143 375 21 42 137 265 41 0 97 411 30 105 234 138 9 0 
278 403 129 24 57 108 25 0 478 317 28 66 90 45 0 0 436 357 35 79 104 13 0 0 
78 89 67 151 234 266 102 5 143 92 157 197 229 149 25 0 132 125 198 222 212 89 14 0 
409 599 13 3 0 0 0 0 927 79 11 6 1 0 0 0 735 273 11 5 0 0 0 0 
245 777 2 0 0 0 0 0 942 82 0 0 0 0 0 0 665 359 0 0 0 0 0 0 
336 660 28 0 0 0 0 0 774 250 0 0 0 0 0 0 377 647 0 0 0 0 0 0 
89 902 33 0 0 0 0 0 765 259 0 0 0 0 0 0 291 733 0 0 0 0 0 0 
454 567 3 0 0 0 0 0 906 118 0 0 0 0 0 0 614 408 2 0 0 0 0 0 
501 295 58 35 47 59 27 2 697 145 35 46 50 46 5 0 553 291 51 43 66 19 1 0 
513 176 50 30 21 45 153 36 631 100 25 29 24 56 159 0 547 169 43 30 41 171 21 2 
20 21 11 37 69 181 608 77 30 28 43 52 109 360 400 2 17 48 63 100 225 543 28 0 
0 1 26 60 113 329 463 32 0 31 61 110 247 452 123 0 7 55 95 154 399 292 22 0 
14 31 70 70 186 479 174 0 35 79 78 175 390 257 10 0 32 88 131 260 415 93 5 0 
0 1 23 55 155 527 231 0 1 20 51 147 386 359 28 0 1 24 77 215 507 158 10 0 
130 119 35 43 131 134 81 319 181 60 33 32 77 223 127 259 117 120 46 103 198 93 218 97 
317 183 30 63 266 59 10 64 449 43 21 27 171 210 7 64 345 135 41 140 234 33 0 64 
291 526 22 36 29 11 12 65 664 157 18 29 32 24 4 64 287 511 32 33 36 23 6 64 
220 676 21 8 3 0 0 64 688 226 7 6 1 0 0 64 237 659 0 0 19 7 6 64 
249 647 32 0 0 0 0 64 641 279 8 0 0 0 0 64 277 619 0 0 0 3 21 72 
545 273 45 9 17 28 11 64 692 170 7 15 21 23 0 64 490 341 16 12 31 6 28 68 
239 243 65 30 52 102 168 93 333 221 25 39 65 119 125 65 205 323 48 62 95 158 36 65 
169 247 80 35 50 64 250 97 209 288 43 39 45 140 161 67 135 332 72 55 89 205 40 64 
234 229 64 54 80 101 145 85 315 203 58 81 80 124 67 64 209 312 78 75 104 112 33 69 
20 60 68 52 141 358 229 64 39 97 60 118 275 319 20 64 30 108 76 164 351 185 13 65 
0 10 76 134 192 295 188 66 5 72 131 180 245 226 39 63 13 82 156 201 275 148 24 62 
