0 1024 0 0 0 0 0 0 0 563 461 0 0 0 0 0 0 0 0 0 377 647 0 0 
0 1024 0 0 0 0 0 0 0 24 1000 0 0 0 0 0 0 0 0 0 2 1008 14 0 
0 1024 0 0 0 0 0 0 0 0 1024 0 0 0 0 0 0 0 0 0 0 693 331 0 
0 1020 4 0 0 0 0 0 0 0 1024 0 0 0 0 0 0 0 0 0 0 370 654 0 
0 955 69 0 0 0 0 0 0 0 1024 0 0 0 0 0 0 0 0 0 0 37 987 0 
0 821 203 0 0 0 0 0 0 0 1024 0 0 0 0 0 0 0 0 0 0 3 1021 0 
0 846 178 0 0 0 0 0 0 0 1024 0 0 0 0 0 0 0 0 0 0 24 1000 0 
0 506 78 31 77 165 114 53 0 24 745 153 61 41 0 0 35 189 108 60 44 52 528 8 
0 165 40 40 156 313 223 55 0 45 541 234 116 56 0 0 55 406 172 107 50 41 160 1 
0 1024 0 0 0 0 0 0 0 0 1024 0 0 0 0 0 0 0 0 0 0 992 32 0 
0 876 148 0 0 0 0 0 0 0 1024 0 0 0 0 0 0 0 0 0 0 338 686 0 
0 397 627 0 0 0 0 0 0 0 1016 8 0 0 0 0 0 0 0 0 0 0 1024 0 
0 122 827 18 17 16 24 0 0 0 740 276 8 0 0 0 0 1 26 13 6 23 917 38 
0 8 963 16 13 19 5 0 0 0 437 580 7 0 0 0 0 0 0 13 17 18 686 290 
0 1 1019 4 0 0 0 0 0 0 445 579 0 0 0 0 0 0 0 0 0 2 673 349 
0 13 866 18 16 31 63 17 0 0 480 496 48 0 0 0 0 9 67 15 19 21 638 255 
0 21 136 14 90 444 306 13 1 7 364 593 59 0 0 0 17 333 468 33 12 12 99 50 
0 0 0 7 104 554 326 1 0 11 235 658 88 0 0 0 20 338 602 32 0 0 0 0 
0 476 460 21 38 27 2 0 0 21 958 45 0 0 0 0 9 49 14 6 11 137 798 0 
2 54 577 46 193 137 15 0 15 37 625 337 10 0 0 0 35 119 246 18 14 29 551 12 
14 51 561 89 129 132 43 5 52 72 379 476 44 1 0 0 77 180 131 38 24 23 481 70 
21 152 236 74 101 238 181 21 152 52 171 556 92 1 0 0 143 216 309 66 27 31 40 192 
2 38 269 72 105 338 183 17 33 76 173 615 127 0 0 0 70 189 363 81 30 39 29 223 
4 39 204 94 99 199 316 69 20 85 114 551 246 8 0 0 78 105 379 207 36 30 48 141 
0 0 0 9 79 206 437 293 0 9 134 384 453 43 1 0 12 173 482 335 22 0 0 0 
0 0 35 291 447 177 66 8 3 175 615 195 34 2 0 0 110 666 221 26 1 0 0 0 
0 0 49 268 307 227 123 18 3 182 462 296 49 0 0 0 130 550 293 19 0 0 0 0 
1 15 464 174 256 92 21 1 3 159 585 270 7 0 0 0 80 333 123 20 15 25 411 17 
68 81 50 199 370 220 36 0 147 172 415 281 9 0 0 0 225 448 341 10 0 0 0 0 
179 243 182 106 91 147 68 8 397 94 133 362 38 0 0 0 435 138 197 60 17 12 31 134 
6 76 49 116 152 306 296 23 82 101 213 447 176 5 0 0 164 220 470 157 7 2 3 1 
0 47 51 108 167 255 315 81 36 120 206 406 250 6 0 0 128 229 444 218 5 0 0 0 
0 36 36 71 191 383 249 58 20 92 290 483 137 2 0 0 91 319 523 89 2 0 0 0 
1 15 20 103 269 343 204 69 21 119 404 337 137 6 0 0 116 443 375 89 1 0 0 0 
0 2 75 210 258 250 162 67 11 228 361 301 115 8 0 0 212 433 295 81 3 0 0 0 
0 7 131 249 239 171 127 68 22 313 343 217 87 10 0 0 261 435 234 60 2 0 0 0 
38 166 216 243 278 80 3 0 160 384 366 109 5 0 0 0 368 491 139 15 3 4 1 3 
175 425 268 101 50 5 0 0 482 454 82 6 0 0 0 0 817 186 21 0 0 0 0 0 
712 312 0 0 0 0 0 0 988 36 0 0 0 0 0 0 1022 2 0 0 0 0 0 0 
328 464 58 57 55 44 17 1 700 147 90 68 19 0 0 0 810 100 92 21 1 0 0 0 
103 417 188 153 111 38 14 0 442 276 217 82 7 0 0 0 635 260 122 7 0 0 0 0 
62 415 222 126 82 61 38 18 325 399 175 94 27 4 0 0 649 240 110 22 3 0 0 0 
22 385 164 155 131 91 48 28 374 298 212 93 43 4 0 0 609 297 92 24 2 0 0 0 
4 12 117 138 179 185 206 183 20 212 283 279 177 53 0 0 199 359 285 165 16 0 0 0 
0 19 201 220 185 146 164 57 22 322 301 260 81 6 0 0 250 439 251 49 3 0 0 0 
499 414 93 16 2 0 0 0 827 181 16 0 0 0 0 0 981 39 4 0 0 0 0 0 
122 388 253 150 71 28 7 5 430 436 122 33 3 0 0 0 773 209 40 2 0 0 0 0 
194 368 151 189 87 30 4 1 448 290 209 67 9 1 0 0 642 256 111 14 1 0 0 0 
24 309 216 157 143 103 54 18 203 406 256 117 40 2 0 0 503 348 132 37 4 0 0 0 
3 189 241 183 145 128 99 36 90 389 290 187 63 5 0 0 397 369 206 52 0 0 0 0 
13 226 176 135 137 119 136 82 193 291 208 235 85 12 0 0 429 269 254 65 7 0 0 0 
12 112 147 159 197 150 135 112 138 217 281 244 109 29 6 0 350 328 248 80 17 1 0 0 
12 53 58 65 90 116 193 437 76 110 154 280 360 44 0 0 184 223 369 244 4 0 0 0 
0 10 48 71 118 155 224 366 7 103 164 286 356 75 1 0 91 235 356 286 24 0 0 0 
235 631 127 30 1 0 0 0 686 294 43 1 0 0 0 0 884 121 19 0 0 0 0 0 
61 303 356 207 80 17 0 0 236 498 243 43 4 0 0 0 535 391 89 9 0 0 0 0 
12 240 363 274 107 28 0 0 119 544 322 37 2 0 0 0 425 497 99 3 0 0 0 0 
18 187 262 247 157 89 39 25 154 414 317 99 32 8 0 0 422 428 129 36 9 0 0 0 
4 81 87 136 185 195 215 121 84 196 265 277 189 13 0 0 256 327 295 139 7 0 0 0 
6 76 116 119 155 169 222 161 101 187 231 266 208 26 3 2 250 294 284 174 19 3 0 0 
29 306 163 113 129 108 83 93 249 320 196 129 114 14 2 0 489 268 161 94 12 0 0 0 
7 96 71 112 133 128 174 303 118 192 209 266 211 28 0 0 291 298 298 123 14 0 0 0 
3 21 34 77 104 147 239 367 31 91 189 332 313 36 0 0 112 266 418 177 19 0 0 0 
21 492 425 82 4 0 0 0 252 654 117 1 0 0 0 0 624 385 15 0 0 0 0 0 
2 259 631 124 8 0 0 0 80 693 241 10 0 0 0 0 421 554 49 0 0 0 0 0 
0 132 445 337 97 13 0 0 59 502 383 77 3 0 0 0 312 550 150 12 0 0 0 0 
20 255 305 255 122 54 13 0 204 437 291 81 10 1 0 0 473 415 115 20 1 0 0 0 
19 284 270 166 116 99 54 16 186 419 227 138 51 3 0 0 467 338 168 48 3 0 0 0 
14 191 261 137 141 106 103 71 143 368 245 152 97 18 1 0 386 372 171 85 9 1 0 0 
17 281 320 119 80 79 72 56 153 496 182 124 51 16 2 0 462 376 129 47 10 0 0 0 
15 154 173 121 135 173 132 121 99 264 234 302 123 2 0 0 289 343 321 69 2 0 0 0 
12 97 117 82 121 199 233 131 44 158 246 387 154 3 0 0 160 366 402 64 0 0 0 0 
50 749 222 3 0 0 0 0 337 642 45 0 0 0 0 0 788 234 2 0 0 0 0 0 
3 433 516 71 1 0 0 0 122 709 191 2 0 0 0 0 515 480 29 0 0 0 0 0 
12 284 418 255 52 3 0 0 139 543 301 41 0 0 0 0 488 437 97 2 0 0 0 0 
41 557 272 115 33 6 0 0 286 577 144 17 0 0 0 0 727 250 47 0 0 0 0 0 
64 182 165 135 166 186 119 7 176 261 223 277 86 1 0 0 382 254 311 76 1 0 0 0 
96 272 154 109 103 124 137 29 261 281 184 177 120 1 0 0 445 257 217 104 1 0 0 0 
21 253 206 169 154 124 80 17 140 363 258 178 85 0 0 0 379 346 221 76 2 0 0 0 
56 593 320 37 3 4 5 6 308 585 113 11 6 1 0 0 712 282 23 6 1 0 0 0 
29 388 428 85 27 29 6 0 158 599 183 45 7 0 0 0 503 428 54 7 0 0 0 0 
85 754 175 10 0 0 0 0 364 613 47 0 0 0 0 0 876 146 2 0 0 0 0 0 
79 634 298 13 0 0 0 0 318 638 68 0 0 0 0 0 784 233 7 0 0 0 0 0 
154 409 258 132 66 5 0 0 341 520 147 16 0 0 0 0 741 248 35 0 0 0 0 0 
463 447 80 29 5 0 0 0 708 270 42 4 0 0 0 0 928 83 13 0 0 0 0 0 
297 479 94 38 52 38 21 5 591 271 73 68 21 0 0 0 828 110 64 22 0 0 0 0 
120 261 208 121 89 72 105 48 322 307 172 129 89 5 0 0 582 230 151 56 5 0 0 0 
108 350 322 101 77 45 19 2 228 503 200 75 18 0 0 0 682 240 95 7 0 0 0 0 
37 440 335 142 46 11 12 1 200 557 215 45 7 0 0 0 662 294 60 8 0 0 0 0 
21 360 327 123 81 70 10 0 127 538 207 103 17 0 0 0 581 282 111 18 0 0 0 0 
