5 12 42 108 177 183 203 294 21 53 143 216 238 244 93 16 22 71 142 249 246 212 71 11 
13 17 38 70 118 160 237 371 31 59 91 185 243 290 100 25 37 51 101 187 263 285 80 20 
3 10 24 42 116 256 273 300 14 31 79 231 310 244 95 20 14 31 77 228 308 253 93 20 
2 29 62 157 177 193 215 189 113 163 222 222 151 106 36 11 161 177 241 175 125 100 37 8 
40 125 84 97 175 228 191 84 206 168 269 268 99 11 3 0 254 200 299 207 57 6 1 0 
102 162 74 80 166 229 150 61 330 113 225 184 123 44 4 1 345 149 224 152 118 32 3 1 
50 48 53 79 155 224 269 146 129 98 191 252 267 80 6 1 136 130 202 270 216 65 4 1 
5 26 64 109 170 275 259 116 95 127 241 278 223 53 7 0 114 146 246 284 189 42 3 0 
23 70 127 165 319 231 77 12 161 179 281 291 94 18 0 0 168 161 246 319 106 21 3 0 
8 34 89 134 311 304 96 16 66 165 369 293 79 19 1 0 61 156 344 316 90 22 3 0 
1 11 33 121 193 235 232 198 4 40 138 266 323 206 41 6 4 40 135 270 340 193 36 6 
0 2 12 34 88 174 322 392 3 15 60 157 323 344 107 15 3 11 52 159 327 339 118 15 
18 48 142 170 208 207 160 71 88 186 199 214 189 113 30 5 94 171 182 205 202 130 31 9 
9 219 186 116 134 181 133 46 395 113 182 191 112 26 5 0 417 128 184 176 90 23 6 0 
7 67 152 146 168 252 179 53 240 154 213 249 128 36 4 0 292 155 268 200 82 25 2 0 
31 58 111 146 277 302 72 27 222 242 384 118 35 17 6 0 295 379 243 62 30 12 3 0 
116 63 72 54 131 251 232 105 234 71 203 274 171 53 17 1 252 95 250 216 149 47 14 1 
97 91 74 141 227 218 139 37 240 191 266 237 84 6 0 0 264 195 270 232 57 6 0 0 
18 40 66 116 270 317 148 49 72 94 275 287 194 77 24 1 75 95 248 280 193 103 26 4 
5 13 31 73 217 347 234 72 18 50 187 283 314 112 26 2 26 47 173 272 303 138 28 5 
56 38 81 151 257 247 139 55 110 125 278 270 184 46 9 2 114 155 273 258 164 47 11 2 
237 87 96 119 164 175 91 55 328 168 182 196 88 51 9 2 347 172 170 183 92 49 9 2 
308 229 206 105 62 63 32 19 696 171 77 38 27 14 0 1 748 139 60 35 28 12 1 1 
23 180 170 137 128 187 144 55 423 170 156 156 76 33 7 3 491 151 148 109 81 35 5 4 
42 74 111 147 172 182 163 133 255 125 162 204 170 81 22 5 272 123 158 199 168 73 27 4 
42 40 79 125 166 210 219 143 140 155 207 224 187 99 11 1 171 183 207 214 161 75 12 1 
260 106 78 201 207 101 51 20 451 298 140 86 30 16 3 0 540 266 119 60 23 13 3 0 
81 93 101 166 197 186 130 70 296 216 238 154 86 32 2 0 351 236 201 147 63 23 3 0 
12 45 129 201 245 236 122 34 52 147 249 282 228 49 16 1 46 137 232 295 226 66 20 2 
15 62 155 229 237 191 74 29 57 173 259 261 179 50 11 2 51 172 240 266 187 61 13 2 
0 0 4 29 112 249 327 303 0 11 60 220 352 273 94 14 0 11 41 192 343 302 115 20 
1 13 31 86 221 328 236 108 17 40 132 350 322 132 29 2 12 40 114 324 349 149 31 5 
27 68 137 168 241 233 96 54 84 129 200 264 260 69 15 3 61 118 200 243 269 102 24 7 
3 18 76 157 274 285 146 65 24 78 159 256 287 171 43 6 24 70 135 183 255 224 110 23 
14 51 98 121 157 236 221 126 109 148 210 260 204 79 14 0 126 178 236 240 164 69 11 0 
370 132 84 162 136 92 35 13 544 178 133 114 43 11 1 0 592 180 110 101 33 7 1 0 
91 58 53 147 212 225 175 63 148 117 298 292 140 24 5 0 153 179 339 251 84 15 3 0 
10 26 108 242 293 211 102 32 45 121 307 314 175 51 11 0 51 113 294 325 168 56 17 0 
13 40 116 182 253 252 127 41 56 157 245 309 191 56 10 0 58 157 254 298 187 55 15 0 
9 44 84 136 225 268 167 59 60 121 216 303 224 61 6 1 64 141 230 301 196 52 7 1 
7 18 37 66 159 257 285 195 21 52 122 259 350 176 43 1 19 49 116 245 346 196 50 3 
7 33 104 168 267 270 135 40 27 106 219 329 252 81 9 1 23 93 197 305 280 108 15 3 
38 64 130 232 229 207 87 37 88 143 236 275 204 66 11 1 75 126 216 248 208 119 32 0 
17 33 66 160 267 237 173 71 38 94 246 314 241 69 19 3 41 113 257 278 197 103 30 5 
52 124 103 157 177 187 152 72 271 191 216 208 110 24 2 2 322 201 224 183 76 15 1 2 
50 38 66 122 231 294 187 36 123 178 324 294 95 10 0 0 150 216 342 239 71 6 0 0 
41 61 138 215 256 189 105 19 118 287 277 242 87 12 1 0 166 253 250 235 106 14 0 0 
13 52 101 209 248 244 109 48 51 126 261 315 195 64 9 3 46 132 247 316 199 72 9 3 
1 18 53 132 259 268 230 63 22 78 241 348 254 66 13 2 26 95 273 335 226 54 13 2 
3 12 31 76 186 330 274 80 21 63 197 355 274 69 11 2 27 95 257 330 214 55 12 2 
31 59 88 149 227 221 152 97 74 101 231 279 225 86 25 3 65 97 213 273 241 99 31 5 
85 138 156 206 191 146 71 31 136 156 265 238 166 54 5 4 125 155 228 244 181 77 9 5 
158 233 221 163 112 74 49 14 150 238 286 236 95 13 6 0 168 260 267 215 90 21 3 0 
76 64 95 151 183 187 158 110 195 156 242 216 154 43 16 2 204 186 250 227 110 33 12 2 
77 48 74 157 167 142 178 181 176 184 218 201 196 46 3 0 206 179 230 214 150 42 3 0 
41 51 140 208 256 194 106 28 80 124 259 359 181 19 2 0 65 93 227 312 254 66 7 0 
21 40 134 191 290 235 95 18 83 136 313 329 137 19 6 1 81 117 281 310 190 38 6 1 
45 66 106 171 215 203 143 75 99 148 249 251 186 61 28 2 97 156 267 248 162 65 26 3 
26 66 98 112 169 234 226 93 116 149 232 296 188 41 2 0 127 194 268 276 123 33 3 0 
2 34 53 85 153 271 265 129 65 131 238 322 189 43 4 0 78 193 293 291 106 26 5 0 
50 124 170 184 224 148 97 27 108 150 240 313 173 38 2 0 101 129 209 267 234 76 8 0 
296 290 207 98 67 34 20 12 232 271 255 171 69 20 5 1 266 273 238 155 56 28 6 2 
170 185 154 134 117 103 75 86 229 236 253 159 75 51 17 4 257 253 218 155 72 48 18 3 
14 37 56 151 324 316 101 25 102 341 373 140 54 13 1 0 204 442 222 113 35 8 0 0 
204 175 228 226 154 33 3 1 421 259 189 119 33 3 0 0 499 187 148 123 55 10 2 0 
111 244 326 244 81 15 3 0 110 232 380 245 52 5 0 0 95 217 331 271 95 12 3 0 
86 135 252 220 132 93 57 49 142 276 310 159 81 43 11 2 122 246 311 188 96 46 14 1 
40 72 113 166 188 177 164 104 164 185 204 213 159 78 18 3 211 186 209 198 145 52 19 4 
7 16 27 49 111 222 350 242 32 84 180 293 296 105 31 3 41 118 218 301 215 102 27 2 
5 11 26 71 187 209 291 192 15 123 219 280 241 88 26 0 32 157 231 287 178 83 24 0 
226 333 236 96 61 36 23 13 205 294 312 129 49 23 12 0 189 294 331 128 51 20 11 0 
172 134 108 127 152 167 110 54 220 229 269 154 88 52 11 1 225 285 235 135 78 51 14 1 
13 18 51 92 220 410 149 71 60 182 423 240 95 22 2 0 100 380 253 168 104 16 3 0 
6 40 190 372 244 146 23 3 33 138 360 380 106 7 0 0 35 102 210 321 292 61 3 0 
15 27 128 288 341 149 52 24 34 101 257 352 205 62 13 0 41 64 193 317 295 99 14 1 
127 245 280 225 99 42 6 0 106 250 351 214 77 24 2 0 104 240 333 232 90 22 3 0 
248 272 221 126 98 37 10 12 220 339 283 122 38 19 3 0 232 354 259 113 42 20 4 0 
103 107 152 200 212 130 71 49 179 183 262 217 111 50 20 2 167 195 254 211 127 47 19 4 
56 143 185 115 114 128 170 113 176 239 143 229 148 58 23 8 154 199 222 210 145 59 25 10 
85 210 185 106 95 86 130 95 190 274 148 186 118 48 22 6 137 240 233 173 129 48 24 8 
202 268 162 86 89 72 75 38 188 253 275 153 77 32 14 0 195 258 283 145 69 29 13 0 
48 64 88 148 196 240 158 50 132 190 312 213 95 41 9 0 150 253 285 176 77 39 12 0 
0 5 35 99 220 341 178 114 24 111 337 292 184 41 3 0 43 265 207 221 212 39 5 0 
16 83 269 364 163 77 17 3 34 146 345 367 95 5 0 0 20 54 219 362 282 53 2 0 
13 61 171 286 292 126 32 11 36 119 257 337 172 58 13 0 33 77 206 311 263 88 13 1 
108 221 296 230 90 43 4 0 93 223 346 221 80 27 2 0 94 229 345 215 83 23 3 0 
280 331 203 92 59 16 4 7 325 345 222 73 14 12 1 0 334 381 199 54 13 10 1 0 
105 130 165 189 176 108 68 51 186 199 247 178 104 55 17 6 176 191 244 188 116 49 21 7 
72 182 240 138 108 103 80 69 174 285 182 159 110 56 21 5 121 237 263 166 105 67 26 7 
95 259 245 124 80 59 46 53 203 329 174 126 68 39 18 4 111 286 273 138 81 44 23 5 
