0 0 0 0 0 543 481 0 0 0 0 0 0 44 980 0 0 0 0 0 0 0 109 915 
0 0 0 0 127 647 250 0 0 0 0 0 0 197 827 0 0 0 0 0 0 0 236 788 
0 0 0 0 816 188 20 0 0 0 0 0 0 790 234 0 0 0 0 0 0 0 184 840 
0 0 0 0 986 38 0 0 0 0 0 0 0 981 43 0 0 0 0 0 0 0 146 878 
0 0 0 0 585 439 0 0 0 0 0 0 0 522 502 0 0 0 0 0 0 0 327 697 
0 0 0 0 863 161 0 0 0 0 0 0 0 897 127 0 0 0 0 0 0 0 220 804 
0 0 0 0 1024 0 0 0 0 0 0 0 0 986 38 0 0 0 0 0 0 0 243 781 
0 0 0 0 1024 0 0 0 0 0 0 0 0 1021 3 0 0 0 0 0 0 0 175 849 
0 0 0 0 1024 0 0 0 0 0 0 0 0 1024 0 0 0 0 0 0 0 0 24 1000 
0 0 0 0 1024 0 0 0 0 0 0 0 0 1024 0 0 0 0 0 0 0 0 25 999 
0 0 0 0 1024 0 0 0 0 0 0 0 0 1024 0 0 0 0 0 0 0 0 76 948 
0 0 0 0 1024 0 0 0 0 0 0 0 0 1024 0 0 0 0 0 0 0 0 44 980 
0 0 0 0 1024 0 0 0 0 0 0 0 0 1024 0 0 0 0 0 0 0 0 24 1000 
0 0 0 0 1024 0 0 0 0 0 0 0 0 1020 4 0 0 0 0 0 0 0 108 916 
0 0 0 0 1024 0 0 0 0 0 0 0 0 1024 0 0 0 0 0 0 0 0 50 974 
0 0 0 0 1024 0 0 0 0 0 0 0 0 1024 0 0 0 0 0 0 0 0 142 882 
0 0 0 0 1024 0 0 0 0 0 0 0 0 1015 9 0 0 0 0 0 0 0 9 1015 
0 0 0 0 1024 0 0 0 0 0 0 0 0 1024 0 0 0 0 0 0 0 0 33 991 
0 0 0 0 1024 0 0 0 0 0 0 0 0 1024 0 0 0 0 0 0 0 0 48 976 
0 0 0 0 1024 0 0 0 0 0 0 0 0 1020 4 0 0 0 0 0 0 0 52 972 
0 0 0 0 1024 0 0 0 0 0 0 0 0 1014 10 0 0 0 0 0 0 0 88 936 
0 0 0 0 1024 0 0 0 0 0 0 0 0 1016 8 0 0 0 0 0 0 0 82 942 
0 0 0 0 1024 0 0 0 0 0 0 0 0 1024 0 0 0 0 0 0 0 0 44 980 
0 0 0 0 1024 0 0 0 0 0 0 0 0 1024 0 0 0 0 0 0 0 0 24 1000 
0 0 0 0 1024 0 0 0 0 0 0 0 0 1024 0 0 0 0 0 0 0 0 160 864 
0 0 0 0 1024 0 0 0 0 0 0 0 0 1023 1 0 0 0 0 0 0 0 129 895 
0 0 0 0 1024 0 0 0 0 0 0 0 0 1024 0 0 0 0 0 0 0 0 32 992 
0 0 0 0 1024 0 0 0 0 0 0 0 0 1024 0 0 0 0 0 0 0 0 0 1024 
0 0 0 0 1024 0 0 0 0 0 0 0 0 1024 0 0 0 0 0 0 0 0 0 1024 
0 0 0 0 1024 0 0 0 0 0 0 0 0 1024 0 0 0 0 0 0 0 0 40 984 
0 0 0 0 1024 0 0 0 0 0 0 0 0 1024 0 0 0 0 0 0 0 0 32 992 
0 0 0 0 1024 0 0 0 0 0 0 0 0 1024 0 0 0 0 0 0 0 0 70 954 
0 0 3 5 21 165 784 46 0 0 2 4 21 23 920 54 0 0 5 10 23 16 341 629 
0 0 0 0 0 775 249 0 0 0 0 0 0 0 1024 0 0 0 0 0 0 0 63 961 
0 0 0 0 39 941 44 0 0 0 0 0 0 20 1004 0 0 0 0 0 0 0 151 873 
0 0 0 0 651 373 0 0 0 0 0 0 0 336 688 0 0 0 0 0 0 0 114 910 
0 0 0 0 971 53 0 0 0 0 0 0 0 512 512 0 0 0 0 0 0 0 71 953 
0 0 0 0 907 108 9 0 0 0 0 0 0 556 468 0 0 0 0 0 0 0 155 869 
0 0 0 0 885 139 0 0 0 0 0 0 0 465 559 0 0 0 0 0 0 0 39 985 
0 0 0 0 1024 0 0 0 0 0 0 0 0 512 512 0 0 0 0 0 0 0 80 944 
0 0 0 0 1024 0 0 0 0 0 0 0 0 482 542 0 0 0 0 0 0 0 19 1005 
0 0 0 0 1024 0 0 0 0 0 0 0 0 232 792 0 0 0 0 0 0 0 288 736 
0 0 0 0 1024 0 0 0 0 0 0 0 0 376 648 0 0 0 0 0 0 0 264 760 
0 0 0 0 1024 0 0 0 0 0 0 0 0 568 456 0 0 0 0 0 0 0 72 952 
0 0 0 0 1024 0 0 0 0 0 0 0 0 524 500 0 0 0 0 0 0 0 83 941 
0 0 0 0 1024 0 0 0 0 0 0 0 0 462 562 0 0 0 0 0 0 0 306 718 
0 0 0 0 1024 0 0 0 0 0 0 0 0 392 632 0 0 0 0 0 0 0 528 496 
0 0 0 0 1024 0 0 0 0 0 0 0 0 384 640 0 0 0 0 0 0 0 352 672 
0 0 0 0 1024 0 0 0 0 0 0 0 0 352 672 0 0 0 0 0 0 0 272 752 
0 0 0 0 1024 0 0 0 0 0 0 0 0 384 640 0 0 0 0 0 0 0 272 752 
0 0 0 0 1024 0 0 0 0 0 0 0 0 492 532 0 0 0 0 0 0 0 156 868 
0 0 0 0 1024 0 0 0 0 0 0 0 0 640 384 0 0 0 0 0 0 0 64 960 
0 0 0 0 1024 0 0 0 0 0 0 0 0 524 500 0 0 0 0 0 0 0 24 1000 
0 0 0 0 1024 0 0 0 0 0 0 0 0 520 504 0 0 0 0 0 0 0 24 1000 
0 0 0 0 1024 0 0 0 0 0 0 0 0 584 440 0 0 0 0 0 0 0 16 1008 
0 0 0 0 1024 0 0 0 0 0 0 0 0 628 396 0 0 0 0 0 0 0 48 976 
0 0 0 0 1024 0 0 0 0 0 0 0 0 528 496 0 0 0 0 0 0 0 0 1024 
0 0 0 0 1024 0 0 0 0 0 0 0 0 644 380 0 0 0 0 0 0 0 28 996 
0 0 0 0 1024 0 0 0 0 0 0 0 0 704 320 0 0 0 0 0 0 0 0 1024 
0 0 0 0 1024 0 0 0 0 0 0 0 0 782 242 0 0 0 0 0 0 0 0 1024 
0 0 0 0 1024 0 0 0 0 0 0 0 0 955 69 0 0 0 0 0 0 0 0 1024 
0 0 0 0 1024 0 0 0 0 0 0 0 0 784 240 0 0 0 0 0 0 0 0 1024 
0 0 0 0 1024 0 0 0 0 0 0 0 0 912 112 0 0 0 0 0 0 0 0 1024 
0 0 0 0 1024 0 0 0 0 0 0 0 0 1024 0 0 0 0 0 0 0 0 0 1024 
0 1 13 20 143 835 12 0 0 1 5 17 21 30 948 2 0 0 3 18 17 15 103 868 
0 0 0 0 150 874 0 0 0 0 0 0 0 0 1024 0 0 0 0 0 0 0 0 1024 
0 0 0 0 16 1008 0 0 0 0 0 0 0 0 1024 0 0 0 0 0 0 0 0 1024 
0 0 0 0 0 1024 0 0 0 0 0 0 0 0 1024 0 0 0 0 0 0 0 50 974 
0 0 0 0 33 991 0 0 0 0 0 0 0 0 1024 0 0 0 0 0 0 0 58 966 
0 0 0 0 3 820 201 0 0 0 0 0 0 0 1024 0 0 0 0 0 0 0 50 974 
0 0 0 0 0 571 453 0 0 0 0 0 0 0 1024 0 0 0 0 0 0 0 88 936 
0 0 0 0 88 887 49 0 0 0 0 0 0 0 1024 0 0 0 0 0 0 0 38 986 
0 0 0 0 307 717 0 0 0 0 0 0 0 0 1024 0 0 0 0 0 0 0 46 978 
0 0 0 0 430 594 0 0 0 0 0 0 0 0 1024 0 0 0 0 0 0 0 7 1017 
0 0 0 0 832 192 0 0 0 0 0 0 0 0 1024 0 0 0 0 0 0 0 0 1024 
0 0 0 0 896 128 0 0 0 0 0 0 0 0 1024 0 0 0 0 0 0 0 0 1024 
0 0 0 0 1024 0 0 0 0 0 0 0 0 0 1024 0 0 0 0 0 0 0 0 1024 
0 0 0 0 768 256 0 0 0 0 0 0 0 0 1024 0 0 0 0 0 0 0 0 1024 
0 0 0 0 1024 0 0 0 0 0 0 0 0 0 1024 0 0 0 0 0 0 0 16 1008 
0 0 0 0 1024 0 0 0 0 0 0 0 0 0 1024 0 0 0 0 0 0 0 0 1024 
0 0 0 0 1024 0 0 0 0 0 0 0 0 0 1024 0 0 0 0 0 0 0 16 1008 
0 0 0 0 1024 0 0 0 0 0 0 0 0 0 1024 0 0 0 0 0 0 0 28 996 
0 0 0 0 1024 0 0 0 0 0 0 0 0 0 1024 0 0 0 0 0 0 0 0 1024 
0 0 0 0 1008 16 0 0 0 0 0 0 0 0 1024 0 0 0 0 0 0 0 0 1024 
0 0 0 0 1008 16 0 0 0 0 0 0 0 0 1024 0 0 0 0 0 0 0 16 1008 
0 0 0 0 1024 0 0 0 0 0 0 0 0 0 1024 0 0 0 0 0 0 0 16 1008 
0 0 0 0 1024 0 0 0 0 0 0 0 0 0 1024 0 0 0 0 0 0 0 0 1024 
0 0 0 0 1024 0 0 0 0 0 0 0 0 0 1024 0 0 0 0 0 0 0 0 1024 
0 0 0 0 1024 0 0 0 0 0 0 0 0 0 1024 0 0 0 0 0 0 0 0 1024 
0 0 0 0 1008 16 0 0 0 0 0 0 0 4 1020 0 0 0 0 0 0 0 28 996 
0 0 0 0 1024 0 0 0 0 0 0 0 0 4 1020 0 0 0 0 0 0 0 22 1002 
0 0 0 0 1024 0 0 0 0 0 0 0 0 0 1024 0 0 0 0 0 0 0 4 1020 
0 0 0 0 1024 0 0 0 0 0 0 0 0 0 1024 0 0 0 0 0 0 0 0 1024 
0 0 0 0 1024 0 0 0 0 0 0 0 0 16 1008 0 0 0 0 0 0 0 0 1024 
0 0 0 0 1024 0 0 0 0 0 0 0 0 128 896 0 0 0 0 0 0 0 0 1024 
0 0 0 0 1024 0 0 0 0 0 0 0 0 364 660 0 0 0 0 0 0 0 29 995 
0 7 39 53 187 708 30 0 0 1 20 49 85 116 734 19 0 2 16 54 88 68 119 677 
0 0 0 0 6 1018 0 0 0 0 0 0 0 0 1022 2 0 0 0 0 0 0 10 1014 
0 0 0 0 0 1024 0 0 0 0 0 0 0 0 1024 0 0 0 0 0 0 0 0 1024 
0 0 0 0 0 1024 0 0 0 0 0 0 0 0 1024 0 0 0 0 0 0 0 0 1024 
0 0 0 0 0 1024 0 0 0 0 0 0 0 0 1024 0 0 0 0 0 0 0 0 1024 
0 0 0 0 0 960 64 0 0 0 0 0 0 0 1024 0 0 0 0 0 0 0 50 974 
0 0 0 0 0 881 143 0 0 0 0 0 0 0 1024 0 0 0 0 0 0 0 211 813 
0 0 0 0 0 1021 3 0 0 0 0 0 0 0 1024 0 0 0 0 0 0 0 145 879 
0 0 0 0 0 1024 0 0 0 0 0 0 0 0 1024 0 0 0 0 0 0 0 116 908 
0 0 0 0 13 1009 2 0 0 0 0 0 0 0 1024 0 0 0 0 0 0 0 82 942 
0 0 0 0 0 1001 23 0 0 0 0 0 0 0 1024 0 0 0 0 0 0 0 14 1010 
0 2 19 41 116 791 55 0 0 0 3 26 52 101 794 48 0 0 2 14 32 85 135 756 
1 4 7 25 77 896 14 0 0 3 5 13 26 57 904 16 0 1 5 11 28 39 55 885 
0 0 0 0 32 992 0 0 0 0 0 0 0 0 1024 0 0 0 0 0 0 0 0 1024 
0 0 0 0 0 1024 0 0 0 0 0 0 0 0 1024 0 0 0 0 0 0 0 0 1024 
0 0 0 0 216 808 0 0 0 0 0 0 0 0 1024 0 0 0 0 0 0 0 0 1024 
8 2 3 8 335 593 42 33 7 3 2 9 5 33 915 50 7 2 3 4 9 13 61 925 
0 0 0 0 358 425 126 115 0 0 0 0 10 60 835 119 0 0 0 0 9 33 188 794 
0 0 0 0 243 702 35 44 0 0 0 0 0 18 965 41 0 0 0 0 0 5 64 955 
0 0 0 0 160 864 0 0 0 0 0 0 0 0 1024 0 0 0 0 0 0 0 0 1024 
0 0 0 0 216 808 0 0 0 0 0 0 0 0 1024 0 0 0 0 0 0 0 0 1024 
0 0 0 0 256 768 0 0 0 0 0 0 0 0 1024 0 0 0 0 0 0 0 0 1024 
0 0 0 0 256 768 0 0 0 0 0 0 0 0 1024 0 0 0 0 0 0 0 0 1024 
0 0 0 0 216 808 0 0 0 0 0 0 0 0 1024 0 0 0 0 0 0 0 0 1024 
0 0 0 0 280 744 0 0 0 0 0 0 0 0 1024 0 0 0 0 0 0 0 0 1024 
0 0 0 0 496 528 0 0 0 0 0 0 0 0 1024 0 0 0 0 0 0 0 0 1024 
0 0 0 0 560 464 0 0 0 0 0 0 0 0 1024 0 0 0 0 0 0 0 0 1024 
0 0 0 0 714 310 0 0 0 0 0 0 0 2 1022 0 0 0 0 0 0 0 6 1018 
0 0 0 0 841 183 0 0 0 0 0 0 0 0 1024 0 0 0 0 0 0 0 0 1024 
0 0 0 0 1024 0 0 0 0 0 0 0 0 0 1024 0 0 0 0 0 0 0 0 1024 
0 0 0 0 1024 0 0 0 0 0 0 0 0 0 1024 0 0 0 0 0 0 0 0 1024 
0 0 0 0 1024 0 0 0 0 0 0 0 0 0 1024 0 0 0 0 0 0 0 0 1024 
14 45 121 239 255 210 121 19 25 50 144 262 232 173 128 10 59 121 146 189 232 155 93 29 
21 33 92 203 225 225 157 68 26 47 114 198 177 147 241 74 28 60 107 185 193 154 155 142 
6 19 54 96 60 730 52 7 8 20 45 90 57 35 734 35 4 10 42 93 63 31 31 750 
0 1 4 8 34 896 74 7 0 1 7 11 25 87 884 9 0 2 6 12 24 86 83 811 
7 9 15 23 72 637 228 33 14 8 13 31 47 199 670 42 13 10 14 26 48 188 239 486 
1 8 9 10 31 815 105 45 6 8 6 13 25 66 868 32 6 8 6 12 20 46 223 703 
0 9 23 21 35 735 183 18 0 6 21 19 31 54 829 64 0 5 19 17 27 51 258 647 
0 0 0 0 0 477 533 14 0 0 0 0 0 4 994 26 0 0 0 0 0 3 352 669 
0 0 0 0 0 435 589 0 0 0 0 0 0 0 1021 3 0 0 0 0 0 0 333 691 
0 1 5 6 25 548 387 52 0 1 7 10 19 37 890 60 0 2 7 8 22 30 407 548 
0 0 0 2 22 507 406 87 0 0 1 2 22 114 796 89 0 0 1 3 31 120 479 390 
4 10 30 87 143 379 218 153 5 18 29 89 153 218 369 143 15 27 48 95 131 204 287 217 
2 3 6 35 124 532 219 103 3 2 5 30 110 208 563 103 2 3 8 22 91 217 341 340 
3 0 3 9 18 861 80 50 3 0 4 10 21 25 907 54 1 2 3 11 21 21 298 667 
0 0 0 0 0 1024 0 0 0 0 0 0 0 0 1024 0 0 0 0 0 0 0 60 964 
14 15 17 13 49 758 110 48 24 11 17 16 35 40 808 73 17 16 14 21 35 40 149 732 
67 84 98 93 124 212 219 127 108 78 84 92 130 168 240 124 133 77 73 98 128 169 213 133 
21 46 40 73 153 272 281 138 61 26 48 78 157 274 257 123 60 29 50 78 191 281 253 82 
15 21 16 46 120 294 307 205 28 18 10 58 127 279 330 174 34 15 14 64 119 284 332 162 
23 20 63 108 167 302 207 134 36 23 64 94 125 174 385 123 37 24 68 102 115 160 259 259 
6 7 47 100 110 566 136 52 0 7 35 88 87 134 591 82 2 17 80 74 56 109 208 478 
4 9 5 7 20 971 8 0 0 4 9 5 7 13 979 7 0 4 9 4 6 10 12 979 
0 0 0 0 0 1024 0 0 0 0 0 0 0 0 1024 0 0 0 0 0 0 0 0 1024 
0 0 0 0 0 1024 0 0 0 0 0 0 0 0 1024 0 0 0 0 0 0 0 0 1024 
0 0 0 0 0 1024 0 0 0 0 0 0 0 0 1024 0 0 0 0 0 0 0 0 1024 
8 1 2 3 13 985 12 0 3 5 1 2 4 4 990 15 2 5 1 2 3 3 36 972 
0 4 7 5 15 986 7 0 0 0 3 6 6 11 988 10 0 0 1 3 8 4 20 988 
0 0 0 0 0 1024 0 0 0 0 0 0 0 0 1024 0 0 0 0 0 0 0 0 1024 
0 0 0 0 81 920 23 0 0 0 0 1 21 19 976 7 0 0 0 6 28 2 25 963 
0 0 0 5 171 682 84 82 0 0 0 23 83 59 799 60 0 0 25 69 71 64 73 722 
0 0 2 10 215 658 77 62 0 0 5 25 73 30 857 34 0 1 9 63 59 58 54 780 
0 0 0 0 0 1024 0 0 0 0 0 0 0 0 1024 0 0 0 0 0 0 0 0 1024 
72 143 259 183 139 102 98 28 127 192 218 154 127 106 81 19 145 194 219 152 129 107 66 12 
49 45 134 161 206 206 180 43 66 58 143 170 184 210 159 34 78 56 141 175 192 212 148 22 
38 85 142 139 133 248 177 62 62 105 120 162 126 118 251 80 84 109 114 157 129 106 153 172 
4 16 23 42 129 373 318 119 12 14 17 53 167 294 364 103 15 17 14 53 197 302 268 158 
30 50 36 73 122 239 311 163 55 43 44 71 125 244 291 151 64 42 54 67 147 248 275 127 
25 24 75 159 165 218 226 132 27 22 67 147 194 231 223 113 69 87 110 99 138 212 227 82 
17 37 87 227 248 179 158 71 11 35 88 210 259 181 149 91 88 164 159 180 130 126 113 64 
0 6 15 58 109 201 563 72 0 3 15 42 116 161 574 113 6 42 58 52 73 132 292 369 
0 0 0 11 49 153 637 174 0 0 2 28 61 138 632 163 0 1 11 36 67 179 385 345 
19 34 37 59 149 246 264 216 44 32 39 80 158 248 279 144 65 35 49 94 179 235 259 108 
13 12 16 39 112 373 345 114 19 12 17 45 126 396 339 70 21 17 22 56 161 424 273 50 
14 60 149 238 169 172 171 51 24 45 141 240 189 175 170 40 64 178 197 139 121 163 139 23 
5 18 25 47 153 460 246 70 8 26 20 56 188 453 229 44 20 22 32 64 250 414 200 22 
5 24 46 71 130 257 322 169 21 32 38 74 130 292 302 135 29 28 46 81 152 280 303 105 
18 44 62 64 96 338 266 136 35 59 52 65 101 148 423 141 52 50 62 69 113 137 246 295 
12 26 96 239 186 155 172 138 23 40 89 251 160 136 204 121 42 114 228 134 104 132 145 125 
31 41 98 112 153 236 240 113 51 59 108 95 161 229 226 95 70 69 112 99 176 235 211 52 
35 44 52 118 137 198 252 188 66 38 75 116 135 200 253 141 73 48 94 122 159 193 221 114 
19 45 83 105 140 171 250 211 65 59 75 109 123 186 244 163 76 55 104 102 125 191 248 123 
7 23 75 153 169 239 205 153 20 20 61 170 195 233 200 125 58 134 107 101 175 175 212 62 
12 59 323 471 121 30 7 1 10 41 195 494 224 41 17 2 153 509 264 64 13 4 14 3 
8 20 161 346 104 278 76 31 2 13 68 330 186 74 300 51 49 260 204 75 44 47 108 237 
0 6 44 60 98 576 199 41 0 6 39 54 95 181 602 47 1 31 50 66 90 162 217 407 
14 15 16 49 85 628 128 89 17 12 15 48 98 156 598 80 22 14 21 42 114 127 183 501 
3 8 32 81 162 487 164 87 3 11 28 67 152 149 508 106 11 22 49 112 114 122 208 386 
12 46 90 172 224 287 166 27 10 29 71 148 195 201 299 71 39 83 131 159 134 150 159 169 
25 27 47 93 138 543 125 26 23 18 35 71 107 132 563 75 24 24 41 60 100 105 192 478 
0 0 0 0 0 1024 0 0 0 0 0 0 0 0 1024 0 0 0 0 0 0 0 13 1011 
0 0 0 1 13 992 18 0 0 0 0 4 14 10 990 6 0 0 0 6 14 5 72 927 
31 47 21 13 108 607 164 33 12 23 37 44 73 112 630 93 7 10 39 91 53 95 242 487 
0 0 0 9 62 876 63 14 0 0 0 29 35 42 901 17 0 0 6 49 27 35 135 772 
16 13 10 28 97 798 61 1 22 10 26 41 42 41 813 29 10 11 16 34 41 34 131 747 
88 148 149 167 132 114 158 68 156 139 151 149 132 109 156 32 181 151 138 151 135 114 133 21 
59 145 227 158 139 115 134 47 112 180 179 161 129 105 131 27 137 174 192 135 138 112 130 6 
6 37 144 238 137 161 185 116 37 68 191 173 124 167 179 85 69 98 202 128 134 176 161 56 
26 30 65 87 136 289 241 150 32 47 75 88 158 276 242 106 47 65 66 90 204 262 239 51 
101 225 93 77 102 129 211 86 138 207 84 79 101 125 204 86 152 201 88 90 92 146 184 71 
91 486 205 46 37 50 73 36 144 476 177 35 27 50 71 44 153 497 146 36 26 50 82 34 
37 69 128 160 191 156 146 137 56 79 135 144 179 175 144 112 78 110 151 181 173 139 132 60 
9 36 205 130 89 171 239 145 19 50 252 71 113 171 241 107 19 123 210 85 120 163 227 77 
0 1 9 18 57 243 440 256 0 2 12 25 72 290 416 207 5 10 26 28 110 345 366 134 
0 1 14 34 92 231 358 294 1 6 23 42 96 282 332 242 6 18 25 59 129 303 294 190 
6 23 54 119 179 265 272 106 17 23 52 143 165 277 252 95 27 66 74 124 167 290 214 62 
23 175 295 321 143 49 16 2 33 181 252 329 153 59 14 3 204 429 238 91 34 17 11 0 
47 94 92 114 133 246 195 103 86 98 90 98 153 222 191 86 120 116 88 112 177 210 161 40 
35 53 68 105 127 212 274 150 65 46 80 95 139 238 252 109 82 52 81 91 150 253 232 83 
40 67 74 109 134 173 266 161 90 58 80 126 134 167 254 115 130 67 117 118 120 171 255 46 
16 40 174 368 183 95 107 41 27 48 163 359 191 104 99 33 87 234 338 136 86 61 73 9 
10 19 104 177 186 165 202 161 23 35 95 188 194 161 204 124 72 119 151 125 138 158 181 80 
69 88 124 94 128 142 214 165 81 115 131 84 139 142 209 123 100 127 119 97 121 181 202 77 
42 381 272 76 62 76 66 49 98 445 160 71 63 78 63 46 118 455 139 73 53 85 62 39 
67 299 199 97 112 98 90 62 102 354 125 86 113 101 91 52 125 343 119 87 121 96 96 37 
61 126 173 175 164 147 139 39 82 145 169 152 173 135 141 27 109 212 146 142 153 128 114 20 
45 200 293 254 122 74 29 7 71 207 268 253 130 67 26 2 88 277 343 157 103 47 9 0 
35 41 74 142 224 259 181 68 47 41 72 159 224 240 180 61 53 68 108 168 222 230 152 23 
51 60 85 105 183 265 190 85 68 73 85 102 213 239 182 62 83 76 84 137 224 234 144 42 
41 172 207 235 146 111 81 31 17 160 170 247 183 118 94 35 203 248 180 142 88 86 59 18 
260 377 194 96 45 42 9 1 198 397 181 119 59 53 15 2 560 248 116 52 34 14 0 0 
44 473 190 121 101 51 37 7 69 457 178 122 91 65 28 14 138 447 143 122 80 59 23 12 
40 107 84 87 89 462 132 23 43 103 65 78 87 159 460 29 59 102 73 71 78 133 245 263 
14 17 27 62 126 459 264 55 15 13 19 52 117 291 467 50 19 26 32 60 116 271 354 146 
5 20 106 237 264 206 158 28 4 28 84 246 273 194 153 42 26 123 157 203 196 159 113 47 
17 77 112 99 204 261 178 76 18 83 95 104 197 201 221 105 22 95 112 126 166 147 218 138 
23 21 36 90 141 294 289 130 28 26 44 92 127 265 319 123 28 23 44 84 127 248 295 175 
22 63 163 187 157 167 158 107 45 118 169 172 147 162 133 78 74 148 174 170 142 147 123 46 
25 64 126 108 148 240 203 110 53 96 108 105 167 196 204 95 72 98 97 118 180 192 219 48 
13 83 235 205 156 163 131 38 32 127 221 204 138 159 123 20 55 129 222 199 141 165 102 11 
224 369 61 53 79 116 89 33 311 289 59 59 74 112 96 24 400 205 58 62 74 124 88 13 
208 600 72 38 31 26 33 16 382 451 57 35 28 30 27 14 444 392 59 40 25 29 27 8 
105 391 179 72 60 74 99 44 164 411 119 62 60 70 100 38 224 356 111 72 67 80 99 15 
67 170 217 151 116 107 125 71 95 245 173 126 102 103 130 50 113 247 182 128 92 109 122 31 
10 11 57 146 135 209 233 223 15 28 109 113 156 187 240 176 33 56 112 135 160 211 231 86 
41 54 64 96 105 178 278 208 64 64 51 103 112 214 270 146 96 58 65 102 122 236 260 85 
31 32 49 53 110 219 269 261 40 44 43 61 128 211 282 215 51 47 46 75 144 203 295 163 
53 49 60 117 130 181 208 226 78 47 67 128 139 155 221 189 100 69 92 104 149 153 249 108 
23 20 74 174 157 274 220 82 27 43 116 168 196 220 209 45 62 129 131 143 180 199 170 10 
47 38 119 79 91 185 226 239 69 53 116 73 107 169 246 191 80 97 88 72 121 195 244 127 
50 31 40 60 121 229 263 230 64 29 46 63 127 247 262 186 74 42 51 59 142 267 247 142 
26 26 29 72 130 190 259 292 45 23 35 81 143 183 279 235 50 26 49 96 153 216 268 166 
14 43 118 165 167 214 203 100 25 53 120 165 175 219 188 79 48 82 152 164 165 224 136 53 
30 53 128 195 181 199 144 94 40 51 138 216 186 183 138 72 65 123 185 164 179 158 119 31 
36 85 97 93 119 159 198 237 84 98 80 94 112 161 196 199 106 119 91 85 116 171 209 127 
30 193 174 118 91 63 141 214 67 225 147 114 69 68 158 176 89 234 145 105 76 74 175 126 
19 209 313 144 83 58 74 124 43 344 219 108 71 61 86 92 89 349 208 92 67 58 102 59 
32 290 376 131 67 44 52 32 45 411 275 112 59 46 50 26 56 393 298 106 60 50 43 18 
110 123 122 132 164 148 165 60 161 113 98 147 166 127 176 36 174 129 97 162 156 153 139 14 
55 64 79 124 157 170 204 171 103 54 86 134 149 163 233 102 121 73 109 111 163 177 213 57 
30 111 284 239 146 76 69 69 67 142 247 182 154 97 82 53 139 325 235 113 55 60 82 15 
193 367 181 143 86 34 18 2 135 414 180 137 89 49 18 2 528 225 129 80 41 16 4 1 
333 253 114 96 94 107 27 0 236 310 117 89 98 105 62 7 603 116 104 87 97 17 0 0 
67 277 310 126 107 81 48 8 31 311 270 137 118 84 67 6 210 344 217 96 84 48 23 2 
35 193 264 186 146 121 69 10 43 154 226 216 181 136 64 4 228 265 192 117 99 82 38 3 
17 66 150 266 225 140 140 20 10 51 116 245 259 193 124 26 98 154 235 211 104 112 92 18 
48 99 205 234 154 150 108 26 54 105 179 196 214 166 103 7 92 187 238 135 145 147 79 1 
21 445 230 123 106 72 27 0 74 479 171 109 111 65 15 0 43 467 218 109 111 62 14 0 
75 410 211 123 91 73 41 0 101 391 180 127 93 81 49 2 182 424 170 81 61 62 43 1 
45 110 143 141 175 156 147 107 96 116 151 127 168 145 142 79 112 127 150 137 173 144 135 46 
64 151 208 153 124 131 145 48 87 177 204 127 124 124 147 34 100 168 216 127 125 140 124 24 
55 103 294 107 93 125 157 90 76 178 237 89 95 126 162 61 101 209 200 94 106 131 159 24 
44 256 303 50 64 89 117 101 63 362 185 61 63 82 107 101 82 382 153 76 63 84 118 66 
6 605 373 14 7 9 9 1 21 746 221 9 7 8 11 1 19 780 187 10 8 8 11 1 
0 536 487 1 0 0 0 0 0 659 364 1 0 0 0 0 23 654 346 1 0 0 0 0 
56 290 376 85 30 51 69 67 91 374 321 35 27 52 72 52 128 485 198 15 39 64 78 17 
11 28 75 64 107 169 316 254 41 49 62 53 120 201 303 195 73 53 61 77 143 233 281 103 
39 35 52 102 97 209 285 205 52 36 74 78 128 207 287 162 67 39 80 87 142 242 275 92 
27 30 48 63 113 225 277 241 36 37 61 52 131 237 293 177 59 49 47 76 160 266 279 88 
16 17 7 24 86 248 383 243 27 14 7 24 104 274 377 197 36 10 15 38 141 302 340 142 
3 1 10 7 76 277 399 251 3 3 10 8 100 319 375 206 2 6 8 19 128 341 378 142 
3 4 39 106 111 237 270 254 4 19 55 99 110 248 269 220 9 26 82 75 121 252 272 187 
45 35 37 73 174 271 246 143 59 29 52 67 188 277 249 103 65 33 52 85 227 257 241 64 
19 28 42 72 149 310 271 133 30 27 44 66 181 319 268 89 40 39 49 93 245 287 237 34 
47 55 120 268 201 147 123 63 55 69 120 275 194 152 131 28 90 170 225 184 140 120 91 4 
22 54 140 191 203 167 150 97 31 73 139 195 210 159 148 69 95 138 167 161 147 140 133 43 
13 18 40 105 168 241 212 227 24 28 44 104 207 229 221 167 29 42 47 113 221 227 213 132 
54 49 77 108 174 210 223 129 69 51 78 130 172 204 206 114 81 67 75 140 187 195 208 71 
33 64 68 69 123 170 215 282 73 53 71 80 125 180 219 223 99 56 70 98 128 193 218 162 
49 103 372 190 58 63 92 97 71 194 323 139 62 48 106 81 92 267 276 112 49 68 104 56 
21 82 299 199 126 92 94 111 30 172 275 158 127 82 97 83 46 241 254 137 111 87 93 55 
38 47 66 139 202 252 190 90 52 45 74 120 215 254 214 50 108 92 166 163 223 151 109 12 
7 44 221 317 235 121 65 14 16 56 198 311 234 136 63 10 137 315 271 147 84 62 8 0 
76 180 267 243 147 92 19 0 53 175 233 255 160 103 44 1 289 336 195 120 72 12 0 0 
136 284 177 156 119 98 48 6 115 269 149 178 127 113 70 3 380 237 138 114 90 45 19 1 
83 122 164 195 161 147 114 38 92 89 153 206 168 164 129 23 238 201 158 127 112 107 69 12 
23 389 411 154 32 13 2 0 2 282 435 227 60 16 2 0 542 352 95 26 9 0 0 0 
33 255 474 191 49 20 2 0 31 209 430 240 86 23 5 0 332 470 161 47 13 1 0 0 
262 359 195 112 65 27 4 0 242 325 209 125 82 33 8 0 500 292 129 61 22 17 3 0 
277 551 137 35 19 5 0 0 320 505 115 56 23 4 1 0 420 474 101 24 3 2 0 0 
13 124 450 300 111 22 4 0 10 82 357 360 175 32 8 0 257 475 201 70 17 4 0 0 
353 318 95 45 58 52 75 28 483 197 97 42 49 57 75 24 477 209 93 51 44 67 77 6 
502 259 46 45 47 46 57 22 592 189 40 46 42 49 47 19 625 159 46 46 40 41 53 14 
106 196 55 73 142 177 201 74 138 194 38 77 155 162 219 41 155 182 42 87 160 180 187 31 
75 513 273 65 38 32 23 5 98 529 236 59 38 30 24 10 92 483 284 62 41 28 26 8 
95 205 361 131 52 41 74 65 122 219 305 143 61 39 67 68 132 224 301 146 51 44 68 58 
19 63 404 171 22 18 98 229 41 90 397 144 15 20 106 211 56 115 367 143 16 26 108 193 
29 50 190 114 73 123 232 213 43 89 194 87 67 137 241 166 77 131 175 53 86 174 239 89 
33 44 117 141 199 183 186 121 40 64 128 151 183 177 184 97 50 92 117 173 202 172 169 49 
54 47 79 113 141 191 253 146 76 45 73 123 136 207 249 115 87 44 91 131 152 219 244 56 
47 70 113 136 138 177 203 140 82 75 125 109 148 175 194 116 107 88 132 111 159 164 198 65 
11 20 28 75 151 295 303 141 20 19 38 83 160 307 285 112 28 21 37 107 187 309 275 60 
28 31 34 57 202 355 244 73 44 27 31 64 229 354 228 47 48 27 36 87 268 347 200 11 
33 20 43 102 278 247 196 105 43 21 47 125 283 229 202 74 43 30 60 152 290 221 192 36 
54 41 45 64 190 308 238 84 68 31 47 90 204 304 222 58 81 33 43 114 226 304 188 35 
43 39 39 81 139 321 263 99 57 38 50 75 146 318 257 83 62 41 67 76 191 323 213 51 
75 72 120 196 172 153 171 65 98 66 131 202 158 151 180 38 114 93 154 194 156 171 131 11 
93 118 148 118 140 169 159 79 119 133 134 126 148 157 157 50 128 151 152 115 179 136 136 27 
158 132 123 158 154 129 115 55 181 131 128 169 140 128 113 34 190 136 134 170 132 138 97 27 
124 166 139 126 118 129 155 67 156 168 131 126 111 127 157 48 165 188 121 129 122 133 138 28 
50 75 114 116 138 127 191 213 74 93 122 111 130 130 193 171 101 130 102 117 135 137 198 104 
15 31 55 88 123 132 185 395 42 43 70 90 118 123 183 355 75 48 75 99 109 135 214 269 
38 39 49 83 95 173 263 284 61 43 57 80 109 201 234 239 77 52 73 88 109 216 250 159 
38 45 102 149 182 185 187 136 62 51 119 156 190 190 184 72 80 78 123 167 190 192 172 22 
48 84 202 204 181 133 120 52 64 107 210 216 157 130 120 20 76 157 210 203 147 141 80 10 
39 179 215 200 178 109 71 33 62 198 200 189 168 111 79 17 141 231 240 184 110 73 36 9 
94 417 159 76 77 90 86 25 132 424 125 66 86 87 91 13 185 399 110 67 88 93 76 6 
29 198 250 270 161 88 26 2 41 158 215 278 188 104 39 1 292 316 218 114 54 23 7 0 
80 540 284 82 26 10 2 0 47 474 319 117 51 12 4 0 553 354 92 18 7 0 0 0 
50 462 356 125 28 3 0 0 35 416 365 159 42 5 2 0 495 372 125 29 3 0 0 0 
443 330 152 70 23 6 0 0 427 308 175 78 28 7 1 0 770 165 62 22 5 0 0 0 
747 109 55 56 39 17 1 0 731 105 59 44 60 23 2 0 797 105 71 31 18 2 0 0 
180 468 214 121 39 2 0 0 278 327 224 128 61 6 0 0 609 289 106 18 2 0 0 0 
153 609 104 75 44 28 10 1 246 556 87 49 46 25 14 1 337 456 90 57 45 24 14 1 
215 809 0 0 0 0 0 0 333 691 0 0 0 0 0 0 393 631 0 0 0 0 0 0 
390 532 27 15 13 16 24 7 523 406 21 15 14 9 30 6 565 363 23 14 16 9 30 4 
41 653 284 21 7 9 5 4 87 712 187 16 8 6 6 2 93 680 216 13 10 6 5 1 
66 117 127 118 119 134 156 187 122 110 129 96 115 133 155 164 149 117 117 106 114 116 168 137 
68 340 283 52 34 40 79 128 74 418 198 47 40 37 67 143 121 399 176 42 39 39 67 141 
71 279 234 60 59 86 121 114 92 327 182 58 63 82 112 108 104 314 192 64 62 86 125 77 
59 67 153 182 129 120 159 155 72 89 183 165 108 120 160 127 99 131 166 147 113 113 154 101 
44 84 345 179 105 99 84 84 66 147 341 129 101 86 90 64 84 216 294 123 94 92 78 43 
68 90 136 100 112 162 207 149 101 103 122 98 112 148 202 138 135 112 123 89 130 141 209 85 
158 411 114 89 91 68 43 50 192 400 105 86 95 55 45 46 248 354 114 85 89 47 42 45 
117 501 126 76 114 62 26 2 156 504 89 75 114 57 29 0 164 501 91 74 113 65 16 0 
65 206 141 78 131 192 145 66 101 220 115 70 142 177 148 51 122 228 104 81 174 165 122 28 
73 80 101 97 147 205 212 109 94 96 87 113 147 202 197 88 119 98 95 118 161 195 180 58 
58 56 81 85 91 201 268 184 82 64 82 84 103 220 274 115 117 69 75 80 147 240 256 40 
103 61 73 66 92 146 255 228 141 58 62 79 76 164 261 183 169 68 66 68 99 198 239 117 
30 222 286 140 76 71 103 96 47 279 269 109 72 73 116 59 72 298 258 103 75 75 108 35 
132 481 202 65 26 44 46 28 180 503 143 55 33 44 40 26 203 482 154 45 31 49 40 20 
164 463 178 63 57 41 47 11 234 441 141 59 52 39 49 9 231 452 135 61 56 46 40 3 
83 112 105 112 93 128 214 177 114 117 107 102 98 126 201 159 135 116 110 95 108 131 210 119 
62 62 87 96 105 148 210 254 101 68 86 79 110 150 217 213 129 79 79 83 124 152 235 143 
34 51 38 59 102 200 257 283 72 38 36 80 116 201 263 218 89 38 42 98 130 232 291 104 
54 63 82 115 176 191 206 137 95 59 76 131 181 190 197 95 113 59 91 157 179 206 182 37 
52 45 68 149 199 182 220 109 77 39 89 167 177 193 210 72 84 47 110 181 182 197 197 26 
59 197 237 172 90 99 100 70 89 225 234 146 98 84 103 45 115 249 231 134 93 89 101 12 
54 372 274 155 68 51 43 7 76 381 265 137 65 57 40 3 210 395 226 78 51 48 15 1 
46 337 307 179 95 51 9 0 44 316 290 195 93 66 20 0 364 370 151 77 52 8 2 0 
85 453 330 117 27 12 0 0 94 413 293 167 41 13 3 0 407 465 111 32 9 0 0 0 
277 480 144 73 36 11 3 0 341 407 131 78 46 14 7 0 682 225 82 25 10 0 0 0 
426 270 142 75 51 46 13 1 395 267 147 83 53 45 33 1 667 173 79 39 50 15 1 0 
314 181 177 147 102 74 25 4 328 141 165 148 107 91 41 3 523 183 138 85 69 23 3 0 
359 246 122 112 78 72 35 0 417 188 99 114 84 64 57 1 571 179 107 64 66 37 0 0 
90 534 189 81 42 37 39 12 143 571 130 73 26 32 38 11 125 605 127 66 31 37 30 3 
119 769 55 28 10 29 14 0 154 742 49 26 10 21 21 1 179 715 53 23 12 21 21 0 
124 895 5 0 0 0 0 0 289 734 1 0 0 0 0 0 386 636 2 0 0 0 0 0 
79 739 178 14 2 3 2 7 192 706 111 3 2 1 6 3 283 642 84 3 3 2 7 0 
83 176 271 80 44 55 107 208 131 252 187 49 52 52 115 186 168 285 141 46 53 49 138 144 
71 153 254 71 59 70 116 230 95 181 215 67 59 69 131 207 114 200 197 66 55 72 130 190 
63 276 381 89 27 47 66 75 72 313 357 73 25 45 61 78 90 321 339 71 30 42 66 65 
59 159 339 246 45 36 60 80 88 172 380 174 34 44 63 69 108 207 364 142 35 43 65 60 
51 94 113 85 70 119 198 294 90 99 102 66 72 123 212 260 123 111 82 69 84 132 240 183 
79 114 124 47 79 135 288 158 106 150 81 44 73 154 300 116 130 145 73 56 83 218 261 58 
121 363 138 47 40 59 115 141 140 397 95 47 44 62 116 123 208 357 74 52 47 65 144 77 
68 198 365 79 14 43 114 143 93 290 265 67 19 46 122 122 115 335 233 36 28 53 152 72 
70 66 81 116 119 137 224 211 104 71 75 114 119 157 206 178 128 79 90 109 134 155 211 118 
50 60 91 88 131 187 183 234 75 73 97 81 129 184 175 210 108 73 85 103 143 185 187 140 
144 234 111 90 101 128 135 81 189 224 98 90 99 130 123 71 222 209 102 78 112 136 117 48 
342 264 56 39 53 77 96 97 458 176 42 37 55 72 104 80 498 152 38 40 62 69 111 54 
509 204 25 41 27 29 77 112 587 132 25 44 27 32 88 89 593 136 33 37 30 33 97 65 
131 404 258 79 38 21 39 54 216 379 206 74 38 28 40 43 242 349 236 54 45 30 35 33 
101 266 375 96 41 34 49 62 120 341 307 81 35 37 46 57 142 350 293 68 46 42 41 42 
124 262 172 84 67 67 121 127 175 254 152 71 72 71 120 109 214 252 133 70 70 72 143 70 
76 118 100 92 110 152 164 212 115 109 111 94 115 142 161 177 133 126 106 112 126 136 190 95 
84 112 200 106 89 105 167 161 120 196 135 73 97 111 163 129 166 214 104 79 92 132 172 65 
63 58 131 114 113 138 212 195 82 91 136 94 117 157 209 138 121 112 117 108 106 173 196 91 
74 101 176 157 101 114 147 154 112 136 178 115 101 115 174 93 149 159 167 101 107 132 153 56 
31 135 285 270 117 76 70 40 47 180 288 237 109 71 69 23 76 183 285 220 106 75 63 16 
36 84 163 189 152 135 145 120 49 97 186 182 149 124 149 88 107 152 168 147 135 131 146 38 
27 89 147 185 156 131 167 122 53 101 148 174 168 127 191 62 104 163 181 151 123 120 153 29 
36 246 455 133 40 41 33 40 75 321 421 69 43 38 34 23 130 479 275 39 40 27 33 1 
140 588 214 67 10 4 1 0 164 607 170 67 9 7 0 0 518 396 86 16 7 1 0 0 
629 262 62 29 14 20 8 0 622 256 66 32 17 12 17 2 851 96 37 14 17 8 1 0 
326 168 167 142 98 85 38 0 263 182 149 160 109 91 68 2 521 182 138 72 84 27 0 0 
65 243 235 184 152 95 50 0 46 207 219 198 171 96 84 3 438 202 182 98 86 18 0 0 
7 218 259 202 174 96 52 16 17 326 205 192 146 85 48 5 33 336 217 194 137 67 40 0 
40 580 155 51 36 43 78 41 47 579 150 49 40 42 83 34 47 554 177 54 42 45 88 17 
37 973 14 0 0 0 0 0 49 972 3 0 0 0 0 0 40 979 5 0 0 0 0 0 
39 838 103 11 5 3 8 17 150 813 27 4 5 5 12 8 196 781 13 7 4 7 14 2 
68 107 558 132 40 34 45 40 88 151 590 43 37 34 46 35 112 298 441 31 37 36 48 21 
19 173 728 72 14 8 9 1 19 278 642 54 12 10 9 0 22 487 439 49 8 10 8 1 
68 223 400 97 47 49 72 68 85 262 375 78 44 60 73 47 106 270 345 86 50 57 78 32 
32 225 530 82 33 25 37 60 45 340 440 52 29 24 37 57 52 422 375 37 29 26 40 43 
11 709 264 9 10 9 7 5 32 871 83 11 10 6 10 1 82 870 35 10 11 6 9 1 
75 590 81 46 40 62 67 63 138 570 46 47 37 63 77 46 205 517 38 42 51 74 74 23 
126 510 113 32 33 52 83 75 161 528 63 35 33 50 89 65 193 515 49 37 36 54 101 39 
117 423 155 33 34 72 95 95 157 430 120 27 37 77 93 83 201 397 117 26 47 85 88 63 
170 667 32 28 42 17 35 33 371 474 27 30 40 18 45 19 537 308 30 31 39 20 51 8 
134 634 76 42 52 35 42 9 294 489 66 44 50 33 42 6 359 423 73 45 54 29 40 1 
289 485 50 24 27 29 59 61 478 312 37 27 25 31 65 49 566 230 39 24 27 37 66 35 
390 458 114 27 9 12 10 4 502 376 78 31 12 11 11 3 505 373 84 26 14 9 11 2 
217 707 93 7 0 0 0 0 420 535 64 5 0 0 0 0 477 470 71 6 0 0 0 0 
339 632 48 3 0 2 0 0 650 335 35 2 0 2 0 0 664 316 40 2 0 2 0 0 
158 509 100 46 16 27 72 96 329 351 94 41 18 33 67 91 431 260 86 40 19 39 67 82 
174 435 220 57 32 18 39 49 272 394 174 59 22 19 46 38 279 392 174 61 20 17 50 31 
169 201 186 83 80 72 119 114 202 217 157 80 78 71 132 87 243 232 121 73 80 81 142 52 
120 329 54 30 62 136 157 136 295 180 33 32 72 138 180 94 344 139 30 44 89 167 159 52 
52 65 59 86 131 164 202 265 85 65 53 108 135 153 213 212 120 69 77 94 136 173 213 142 
61 126 198 141 120 105 125 148 93 165 178 132 112 108 135 101 136 169 165 137 111 128 119 59 
83 156 201 128 104 123 125 104 120 180 192 100 100 117 142 73 135 209 167 112 100 115 137 49 
32 47 42 66 134 218 252 233 61 40 50 97 154 188 251 183 80 41 62 101 175 195 271 99 
58 131 125 147 108 126 147 182 124 126 134 131 105 120 172 112 159 145 120 124 112 133 175 56 
40 630 296 30 18 9 1 0 90 679 198 33 12 10 2 0 196 652 141 24 11 0 0 0 
419 503 91 11 0 0 0 0 472 452 87 13 0 0 0 0 705 287 30 2 0 0 0 0 
789 182 20 13 12 8 0 0 785 174 28 12 11 11 3 0 883 107 11 14 9 0 0 0 
175 229 200 185 155 64 16 0 160 207 157 192 164 107 36 1 462 202 177 118 54 11 0 0 
62 234 224 209 151 126 18 0 26 213 213 186 181 108 93 4 341 263 184 119 96 21 0 0 
0 83 359 348 163 46 22 3 0 110 395 340 119 45 15 0 2 117 443 330 83 44 5 0 
8 63 105 145 231 239 168 65 15 73 121 151 228 222 171 43 19 83 133 181 244 196 155 13 
6 520 312 83 56 31 15 1 10 571 256 91 53 30 13 0 13 541 307 88 43 30 2 0 
20 281 273 50 52 70 118 160 66 331 201 46 65 72 129 114 101 338 186 56 58 81 124 80 
76 43 88 59 55 118 282 303 95 52 81 50 56 127 285 278 105 70 71 52 61 147 320 198 
15 38 52 64 111 230 285 229 38 40 39 67 136 245 260 199 49 42 49 88 168 253 227 148 
18 23 40 61 88 147 364 283 23 23 41 66 91 180 359 241 23 31 45 72 101 219 341 192 
19 39 83 190 131 131 193 238 23 34 120 178 128 131 204 206 35 48 141 162 144 144 222 128 
34 490 353 26 23 11 27 60 27 604 242 27 21 13 24 66 35 634 219 21 17 16 27 55 
21 750 248 5 0 0 0 0 34 841 146 3 0 0 0 0 112 782 128 2 0 0 0 0 
82 729 150 21 14 7 12 9 171 693 106 14 14 6 11 9 272 610 92 11 14 9 10 6 
5 755 218 44 2 0 0 0 32 784 166 42 0 0 0 0 88 751 142 43 0 0 0 0 
73 772 179 0 0 0 0 0 123 785 116 0 0 0 0 0 179 764 81 0 0 0 0 0 
55 709 74 88 76 22 0 0 80 713 37 17 76 89 12 0 112 687 28 11 13 115 58 0 
82 258 20 408 230 26 0 0 104 245 5 13 271 365 21 0 114 232 7 13 9 492 146 11 
90 226 7 273 388 38 2 0 150 161 9 10 172 490 31 1 156 153 9 7 7 488 199 5 
104 454 14 227 199 24 2 0 302 255 9 13 170 252 23 0 379 174 8 9 16 309 118 11 
208 688 66 20 28 13 1 0 407 500 51 8 10 38 10 0 515 395 44 10 4 26 24 6 
143 659 198 24 0 0 0 0 362 500 144 18 0 0 0 0 450 421 138 15 0 0 0 0 
153 362 306 102 23 17 34 27 207 350 287 82 25 17 35 21 231 339 285 75 25 20 37 12 
234 306 270 31 25 36 73 49 306 273 238 30 28 40 73 36 330 285 214 28 30 48 79 10 
373 352 107 35 23 29 52 53 448 304 90 29 21 34 47 51 487 277 80 31 17 38 61 33 
166 234 147 91 74 78 115 119 227 229 118 77 83 73 128 89 285 214 97 77 78 85 133 55 
88 100 222 135 118 114 135 112 132 137 208 108 118 112 139 70 167 179 172 105 121 131 125 24 
89 214 197 125 89 94 101 115 131 242 179 100 98 85 125 64 174 257 153 91 91 105 123 30 
83 333 325 88 47 41 48 59 134 405 244 61 46 34 47 53 160 430 204 70 36 44 51 29 
88 209 269 169 103 79 67 40 113 272 234 148 96 74 72 15 134 297 220 150 79 82 56 6 
16 233 464 207 53 34 17 0 41 262 453 168 49 31 20 0 122 353 410 80 41 13 5 0 
48 488 228 128 71 40 20 1 127 468 164 125 73 39 28 0 267 492 152 56 39 16 2 0 
150 259 158 169 148 103 37 0 170 205 150 167 151 107 71 3 386 241 162 121 95 19 0 0 
43 323 291 191 93 68 15 0 18 243 309 208 131 76 39 0 446 305 149 77 41 6 0 0 
42 297 288 187 108 67 24 11 21 323 237 207 117 72 36 11 242 297 251 119 79 21 10 5 
3 61 550 221 98 59 31 1 11 80 562 204 88 48 30 1 12 52 577 218 95 50 20 0 
9 58 348 292 147 104 51 15 12 87 384 270 126 89 47 9 13 134 414 234 121 72 35 1 
5 15 67 177 250 250 164 96 10 30 90 204 265 207 164 54 27 34 142 268 230 179 133 11 
23 33 53 95 150 209 242 219 40 51 62 96 175 195 250 155 70 50 72 140 182 191 233 86 
15 35 42 70 107 163 305 287 22 35 66 61 106 198 318 218 42 45 52 85 122 219 344 115 
6 11 21 60 107 255 429 135 8 14 30 65 118 321 385 83 12 20 45 70 166 396 275 40 
25 32 52 44 101 221 345 204 40 42 48 43 112 243 352 144 55 43 39 61 130 309 304 83 
36 40 47 65 111 202 284 239 59 38 43 72 132 205 288 187 74 41 56 95 140 218 311 89 
40 65 232 110 85 115 166 211 48 80 246 94 89 113 175 179 77 88 252 83 94 135 195 100 
12 359 566 51 5 6 12 13 30 400 513 42 6 6 13 14 26 373 564 25 5 6 12 13 
31 472 495 25 1 0 0 0 47 530 430 16 1 0 0 0 69 538 396 19 2 0 0 0 
32 551 65 304 64 8 0 0 54 544 35 17 300 71 3 0 57 528 45 10 32 318 32 2 
106 251 72 514 75 6 0 0 159 210 29 16 509 98 3 0 155 209 27 17 24 533 59 0 
1 0 34 835 144 10 0 0 1 0 1 4 825 187 6 0 0 1 0 2 9 914 95 3 
0 0 0 922 102 0 0 0 0 0 0 0 880 144 0 0 0 0 0 0 0 957 67 0 
0 0 11 905 108 0 0 0 0 0 0 2 833 189 0 0 0 0 0 0 8 953 63 0 
0 0 12 908 104 0 0 0 0 0 0 0 801 223 0 0 0 0 0 0 2 912 110 0 
2 1 6 946 63 6 0 0 1 1 1 1 824 194 2 0 1 1 1 0 7 903 110 1 
58 61 48 779 62 16 0 0 63 61 10 11 742 130 7 0 39 80 10 10 15 769 97 4 
124 113 44 602 95 33 9 4 165 67 19 17 582 142 30 2 147 86 14 18 24 626 99 10 
123 79 86 448 162 43 32 51 114 87 38 53 442 192 57 41 117 75 41 30 83 475 171 32 
254 608 121 25 13 1 2 0 384 504 90 25 10 9 2 0 426 467 77 21 17 8 8 0 
442 333 176 21 11 12 17 12 588 224 144 19 8 12 21 8 624 199 132 21 8 13 25 2 
265 251 136 59 45 56 91 121 338 231 111 51 41 51 98 103 385 195 112 45 42 64 117 64 
167 247 147 87 61 72 104 139 216 225 154 71 56 68 126 108 292 191 149 56 53 80 135 68 
117 208 188 98 72 111 144 86 166 240 143 76 78 126 130 65 209 233 136 69 95 132 116 34 
20 364 324 164 75 47 27 3 40 406 283 161 70 39 24 1 58 426 261 156 62 43 18 0 
12 271 620 69 27 18 7 0 30 455 441 51 28 14 5 0 39 574 332 42 21 13 3 0 
10 459 424 60 37 30 4 0 11 585 286 47 42 39 13 1 46 643 256 42 32 5 0 0 
54 389 316 151 52 48 14 0 35 398 296 158 62 52 23 0 388 310 198 64 50 14 0 0 
98 453 209 105 76 66 16 1 70 452 210 102 80 74 34 2 461 278 133 82 55 14 1 0 
136 182 163 179 122 117 94 31 132 193 145 150 139 114 124 27 332 171 146 111 101 80 67 16 
26 340 398 165 73 17 4 1 34 395 359 157 67 9 3 0 27 293 485 157 52 8 2 0 
4 32 282 353 172 110 50 21 10 41 371 300 144 101 46 11 13 88 412 252 134 79 42 4 
20 38 77 205 253 189 148 94 38 49 104 225 237 167 135 69 65 67 166 253 186 142 119 26 
12 16 47 62 128 224 310 225 21 26 46 75 161 219 317 159 30 35 46 101 189 218 323 82 
19 50 73 124 130 177 239 212 46 52 91 111 140 194 218 172 79 67 106 102 158 199 199 114 
7 10 32 78 122 269 297 209 10 11 42 85 138 285 306 147 23 19 55 95 202 274 269 87 
30 35 74 89 123 192 295 186 48 39 80 86 130 205 306 130 59 38 88 91 158 244 276 70 
40 49 111 128 94 140 210 252 51 52 149 103 88 145 212 224 74 70 148 93 96 154 243 146 
46 118 228 99 83 123 167 160 76 139 220 69 111 129 148 132 99 173 188 73 118 135 160 78 
60 383 436 31 14 25 36 39 72 443 366 25 18 28 33 39 91 409 381 27 18 29 47 22 
22 228 479 204 56 17 13 5 19 284 405 61 186 53 11 5 17 257 417 66 53 180 30 4 
0 0 79 922 23 0 0 0 0 0 0 25 929 70 0 0 0 0 0 0 78 917 29 0 
0 0 74 914 36 0 0 0 0 0 0 24 943 57 0 0 0 0 0 0 93 904 27 0 
0 2 130 880 12 0 0 0 0 0 0 44 939 41 0 0 0 0 0 0 83 917 24 0 
0 2 176 813 33 0 0 0 0 0 0 52 897 75 0 0 0 0 0 0 90 896 38 0 
0 0 128 863 33 0 0 0 0 0 0 22 931 71 0 0 0 0 0 0 43 943 38 0 
0 13 223 734 54 0 0 0 0 0 0 87 840 97 0 0 0 0 0 0 136 840 48 0 
0 4 226 787 7 0 0 0 0 0 0 38 946 40 0 0 0 0 0 0 64 929 31 0 
0 8 176 835 5 0 0 0 0 0 3 44 922 55 0 0 0 0 0 4 61 907 52 0 
0 17 184 787 34 2 0 0 0 0 0 102 856 66 0 0 0 0 0 0 124 853 47 0 
6 3 206 752 57 0 0 0 6 2 2 35 881 98 0 0 1 5 3 3 86 863 63 0 
160 176 239 349 83 17 0 0 92 119 147 194 374 90 8 0 24 104 115 143 216 344 78 0 
353 289 141 169 62 10 0 0 277 280 148 107 169 38 5 0 211 228 176 129 110 145 24 1 
476 471 45 20 8 4 0 0 877 63 29 33 17 5 0 0 885 50 27 28 27 7 0 0 
128 855 34 1 2 1 1 2 621 388 8 1 2 1 1 2 787 224 6 2 1 2 1 1 
108 384 43 111 109 90 76 103 180 317 60 114 104 90 76 83 238 268 75 116 101 87 95 44 
66 136 281 316 133 65 22 5 88 141 301 296 122 54 21 1 118 118 319 292 108 49 19 1 
44 436 403 109 16 14 2 0 102 449 375 72 13 12 1 0 134 458 339 70 11 12 0 0 
87 480 431 25 1 0 0 0 129 496 381 17 1 0 0 0 121 486 398 18 1 0 0 0 
74 456 332 109 28 16 7 2 98 507 285 81 30 14 8 1 355 355 215 62 21 11 4 1 
83 223 205 149 137 114 86 27 90 197 181 151 146 116 111 32 214 238 219 117 103 74 54 5 
44 255 243 200 139 85 22 36 46 239 215 182 156 111 47 28 294 303 188 119 52 40 24 4 
29 777 186 28 2 2 0 0 26 772 199 23 2 2 0 0 20 474 495 30 3 2 0 0 
0 136 398 229 76 66 74 45 10 143 389 243 69 59 73 38 12 85 351 309 97 59 82 29 
11 29 77 148 195 231 198 135 20 44 87 165 192 220 200 96 46 43 93 181 199 227 181 54 
9 30 62 113 176 266 224 144 18 49 65 122 188 256 207 119 24 47 74 140 225 234 207 73 
48 49 65 57 72 139 294 300 72 60 59 48 73 175 294 243 86 76 51 48 98 223 305 137 
21 28 51 71 93 317 317 126 36 33 59 67 117 351 277 84 41 39 65 73 175 371 214 46 
27 37 57 58 121 243 309 172 38 40 59 74 131 256 305 121 44 56 65 90 177 269 254 69 
52 45 155 77 94 155 211 235 65 50 161 74 111 159 230 174 76 58 165 72 141 166 220 126 
9 21 79 91 86 149 286 303 17 32 97 82 86 164 297 249 32 37 123 77 106 197 301 151 
54 53 91 147 133 167 200 179 52 45 75 86 207 195 216 148 84 64 73 99 175 213 239 77 
14 6 91 822 83 2 4 2 12 7 6 23 772 197 6 1 12 5 9 9 161 789 36 3 
0 0 153 857 14 0 0 0 0 0 0 16 862 146 0 0 0 0 0 0 138 866 20 0 
0 2 285 671 66 0 0 0 0 0 0 54 835 135 0 0 0 0 0 0 286 705 33 0 
0 10 234 758 22 0 0 0 0 0 0 30 915 78 1 0 0 0 0 5 187 816 16 0 
0 0 343 642 39 0 0 0 0 0 0 78 812 134 0 0 0 0 0 0 279 713 32 0 
0 0 230 770 24 0 0 0 0 0 0 31 883 110 0 0 0 0 0 0 199 805 20 0 
0 4 317 681 22 0 0 0 0 0 0 67 810 147 0 0 0 0 0 0 240 749 35 0 
0 0 419 597 8 0 0 0 0 0 0 40 923 61 0 0 0 0 0 0 213 794 17 0 
0 0 490 516 18 0 0 0 0 0 0 65 898 61 0 0 0 0 0 0 229 771 24 0 
0 1 429 577 17 0 0 0 0 0 0 76 872 76 0 0 0 0 0 0 233 760 31 0 
3 8 496 492 25 0 0 0 0 0 3 113 824 84 0 0 0 0 3 1 291 688 41 0 
155 187 319 296 64 3 0 0 68 143 143 209 367 90 4 0 27 141 102 142 259 311 42 0 
343 243 235 136 60 7 0 0 180 266 175 148 186 67 2 0 83 269 181 145 187 129 30 0 
233 336 170 212 60 12 1 0 298 206 80 117 249 69 5 0 344 118 90 76 153 208 35 0 
266 758 0 0 0 0 0 0 816 208 0 0 0 0 0 0 945 79 0 0 0 0 0 0 
244 776 4 0 0 0 0 0 552 472 0 0 0 0 0 0 678 346 0 0 0 0 0 0 
185 755 64 9 7 4 0 0 406 556 44 9 6 3 0 0 519 457 31 9 6 2 0 0 
154 679 187 4 0 0 0 0 337 565 120 2 0 0 0 0 413 503 106 2 0 0 0 0 
138 713 160 13 0 0 0 0 261 644 109 10 0 0 0 0 288 620 105 11 0 0 0 0 
116 652 141 62 38 13 2 0 171 620 109 63 35 21 5 0 267 597 111 31 17 1 0 0 
146 255 199 134 88 85 73 44 107 269 190 137 112 81 90 38 287 259 149 98 74 68 63 26 
99 256 153 135 104 88 88 101 103 274 154 123 107 75 112 76 333 177 133 96 73 86 95 31 
39 951 34 0 0 0 0 0 52 946 26 0 0 0 0 0 3 916 105 0 0 0 0 0 
0 510 423 67 14 8 2 0 0 522 423 53 17 7 2 0 0 383 554 60 14 9 4 0 
11 247 562 162 34 4 3 1 10 265 567 143 34 2 3 0 11 177 642 158 32 3 1 0 
8 165 408 256 107 49 25 6 16 165 402 277 101 44 16 3 15 153 410 286 103 41 15 1 
0 3 165 121 146 225 264 100 0 1 192 132 157 246 215 81 0 1 184 169 181 252 194 43 
45 26 45 44 86 146 385 247 60 22 40 53 88 170 374 217 67 21 47 54 104 243 366 122 
28 17 41 69 115 190 328 236 36 24 51 72 131 199 347 164 48 37 61 91 162 219 326 80 
14 49 61 62 110 185 275 268 36 56 47 68 124 214 282 197 62 51 61 80 150 226 291 103 
32 72 319 72 63 97 169 200 44 71 309 74 76 103 187 160 60 64 300 90 84 134 191 101 
144 237 231 252 124 30 4 2 100 214 202 271 180 46 9 2 332 296 241 112 28 10 3 2 
7 16 68 374 521 38 0 0 5 7 27 93 497 387 8 0 19 44 102 86 326 422 25 0 
0 0 0 601 418 5 0 0 0 0 0 0 590 432 2 0 0 0 0 0 331 682 11 0 
0 0 36 694 291 3 0 0 0 0 0 13 654 355 2 0 0 0 0 6 424 581 13 0 
0 0 67 689 266 2 0 0 0 0 0 10 675 338 1 0 0 0 0 2 433 575 14 0 
0 0 128 790 106 0 0 0 0 0 0 18 777 229 0 0 0 0 0 0 383 622 19 0 
0 0 187 612 225 0 0 0 0 0 0 18 695 310 1 0 0 0 0 0 445 542 37 0 
0 0 153 752 119 0 0 0 0 0 0 7 715 302 0 0 0 0 0 0 396 624 4 0 
0 2 278 665 79 0 0 0 0 0 0 26 732 266 0 0 0 0 0 0 419 590 15 0 
0 3 335 631 55 0 0 0 0 0 0 27 776 218 3 0 0 0 0 1 401 613 9 0 
0 2 350 636 36 0 0 0 0 0 0 26 771 227 0 0 0 0 0 2 374 631 17 0 
0 9 380 615 20 0 0 0 0 0 0 26 818 180 0 0 0 0 0 4 446 565 9 0 
14 26 474 482 28 0 0 0 4 6 24 52 808 130 0 0 2 5 9 26 397 563 22 0 
1 2 467 525 29 0 0 0 0 1 2 50 817 154 0 0 0 1 1 2 424 582 14 0 
19 23 439 516 24 3 0 0 17 21 4 24 763 193 2 0 19 17 5 10 400 559 14 0 
325 497 82 90 24 6 0 0 539 249 39 58 98 35 6 0 714 71 37 51 74 66 11 0 
306 716 2 0 0 0 0 0 575 448 1 0 0 0 0 0 692 331 1 0 0 0 0 0 
199 793 32 0 0 0 0 0 445 561 18 0 0 0 0 0 544 463 17 0 0 0 0 0 
145 774 104 1 0 0 0 0 326 641 57 0 0 0 0 0 437 546 41 0 0 0 0 0 
251 437 308 28 0 0 0 0 316 417 275 16 0 0 0 0 323 431 259 11 0 0 0 0 
16 624 380 4 0 0 0 0 68 645 309 2 0 0 0 0 101 602 318 3 0 0 0 0 
80 586 264 50 24 13 5 2 87 632 198 53 32 15 5 2 245 525 192 35 8 15 3 1 
45 106 199 303 235 94 34 8 45 104 197 312 229 94 40 3 126 255 279 213 87 36 26 2 
295 701 24 4 0 0 0 0 259 737 23 5 0 0 0 0 118 865 35 5 1 0 0 0 
229 592 171 29 3 0 0 0 90 706 193 31 4 0 0 0 203 574 230 16 1 0 0 0 
146 711 150 14 3 0 0 0 22 780 203 14 5 0 0 0 548 292 162 17 5 0 0 0 
43 567 387 24 3 0 0 0 4 542 449 27 2 0 0 0 203 432 352 35 2 0 0 0 
12 79 265 163 143 202 112 48 2 105 301 152 129 207 105 23 24 97 321 154 157 181 75 15 
26 39 86 101 107 192 285 188 37 51 87 102 115 193 260 179 53 63 90 102 127 214 262 113 
83 103 188 107 131 132 176 104 103 127 165 121 115 141 187 65 122 158 147 120 118 158 156 45 
58 91 349 133 115 108 103 67 75 112 322 136 117 97 111 54 76 178 269 142 114 102 117 26 
11 58 306 145 397 93 14 0 11 42 286 155 234 265 31 0 10 43 281 159 274 226 31 0 
270 210 131 96 257 55 5 0 184 257 114 116 160 175 17 1 309 189 106 80 164 160 16 0 
20 25 44 131 726 75 3 0 15 23 29 58 422 462 15 0 37 31 39 56 386 463 12 0 
0 0 0 154 826 44 0 0 0 0 0 0 469 555 0 0 0 0 0 0 557 467 0 0 
0 0 0 176 809 39 0 0 0 0 0 0 481 538 5 0 0 0 0 0 588 431 5 0 
0 0 0 221 798 5 0 0 0 0 0 0 563 461 0 0 0 0 0 0 507 517 0 0 
0 0 0 290 729 5 0 0 0 0 0 0 615 409 0 0 0 0 0 0 592 432 0 0 
0 0 0 444 576 4 0 0 0 0 0 0 662 362 0 0 0 0 0 0 609 415 0 0 
0 0 0 593 424 7 0 0 0 0 0 1 705 318 0 0 0 0 0 2 642 379 1 0 
0 0 0 449 562 13 0 0 0 0 0 0 719 305 0 0 0 0 0 0 675 349 0 0 
0 0 6 486 520 12 0 0 0 0 0 4 686 332 2 0 0 0 0 4 670 350 0 0 
0 0 10 550 454 10 0 0 0 0 0 10 743 269 2 0 0 0 0 0 707 314 3 0 
0 0 19 781 222 2 0 0 0 0 0 10 805 209 0 0 0 0 0 3 727 292 2 0 
0 0 39 804 181 0 0 0 0 0 0 12 840 172 0 0 0 0 0 1 710 311 2 0 
0 0 66 850 108 0 0 0 0 0 0 5 858 161 0 0 0 0 0 7 727 287 3 0 
0 0 51 751 222 0 0 0 0 0 0 2 792 230 0 0 0 0 0 0 675 349 0 0 
46 113 203 416 237 9 0 0 14 41 122 206 437 200 4 0 18 56 104 190 451 199 6 0 
179 494 90 100 133 26 2 0 278 392 51 66 167 66 4 0 344 337 48 106 125 60 4 0 
60 762 165 32 5 0 0 0 139 721 137 21 6 0 0 0 244 658 99 22 1 0 0 0 
41 588 281 76 23 15 0 0 59 610 244 65 23 20 3 0 112 602 243 50 14 3 0 0 
25 588 343 63 5 0 0 0 51 628 294 48 3 0 0 0 114 643 239 27 1 0 0 0 
40 587 356 41 0 0 0 0 108 628 260 28 0 0 0 0 125 616 263 20 0 0 0 0 
31 330 368 118 81 62 23 11 49 357 331 109 85 63 23 7 79 361 326 119 79 39 16 5 
40 161 260 302 120 60 57 24 43 181 209 306 133 78 55 19 128 353 278 109 67 53 35 1 
827 194 3 0 0 0 0 0 790 229 5 0 0 0 0 0 730 287 7 0 0 0 0 0 
644 369 5 5 1 0 0 0 454 546 18 5 1 0 0 0 638 381 4 1 0 0 0 0 
395 592 32 4 1 0 0 0 284 694 38 6 2 0 0 0 467 540 15 2 0 0 0 0 
138 813 72 1 0 0 0 0 50 855 116 3 0 0 0 0 208 724 90 2 0 0 0 0 
8 265 366 160 119 68 29 9 8 282 386 134 119 63 28 4 34 320 355 165 94 39 17 0 
33 69 105 107 107 183 278 142 53 73 108 98 123 207 263 99 89 124 77 99 143 224 228 40 
10 18 35 65 100 189 374 233 14 27 40 72 100 210 376 185 29 35 50 78 138 257 319 118 
67 40 88 181 183 135 149 181 67 41 90 131 219 144 175 157 81 73 153 164 142 115 179 117 
1 5 9 71 864 73 1 0 0 3 6 21 508 481 5 0 6 10 25 56 550 377 0 0 
3 5 2 26 967 20 1 0 3 4 2 5 533 470 7 0 3 4 2 3 550 455 7 0 
0 0 0 73 935 16 0 0 0 0 0 0 578 446 0 0 0 0 0 0 580 444 0 0 
0 0 0 109 912 3 0 0 0 0 0 0 698 326 0 0 0 0 0 0 688 336 0 0 
0 0 0 74 919 31 0 0 0 0 0 0 737 287 0 0 0 0 0 7 719 298 0 0 
0 0 0 5 973 46 0 0 0 0 0 0 667 357 0 0 0 0 0 30 789 205 0 0 
0 0 0 10 945 69 0 0 0 0 0 0 656 368 0 0 0 0 0 0 741 283 0 0 
0 0 0 36 930 58 0 0 0 0 0 0 727 296 1 0 0 0 0 3 810 210 1 0 
0 0 0 69 878 77 0 0 0 0 0 1 814 209 0 0 0 0 0 30 869 125 0 0 
0 0 0 23 950 51 0 0 0 0 0 0 680 344 0 0 0 0 0 0 851 173 0 0 
0 0 0 123 893 8 0 0 0 0 0 0 769 255 0 0 0 0 0 0 873 151 0 0 
0 0 0 295 723 6 0 0 0 0 0 0 845 179 0 0 0 0 0 3 891 130 0 0 
0 0 0 367 636 20 1 0 0 0 0 0 864 159 1 0 0 0 0 28 874 122 0 0 
0 0 0 222 779 21 2 0 0 0 0 0 879 142 3 0 0 0 0 4 911 108 1 0 
0 0 0 396 628 0 0 0 0 0 0 0 894 130 0 0 0 0 0 3 927 94 0 0 
0 0 0 656 368 0 0 0 0 0 0 0 938 86 0 0 0 0 0 0 933 91 0 0 
7 33 64 572 328 19 1 0 5 16 43 113 734 111 2 0 12 44 74 99 668 126 1 0 
101 402 236 172 93 19 1 0 78 388 220 175 121 37 5 0 287 377 170 133 38 17 2 0 
84 637 250 44 7 2 0 0 131 676 172 31 11 3 0 0 204 634 160 23 3 0 0 0 
59 220 253 269 181 39 3 0 50 179 217 196 237 126 19 0 233 361 284 116 27 3 0 0 
64 418 279 194 62 7 0 0 58 399 245 163 143 16 0 0 271 522 188 41 2 0 0 0 
0 279 471 178 78 16 2 0 5 271 439 186 98 23 2 0 24 447 440 98 13 2 0 0 
30 179 414 254 90 39 16 2 35 174 364 275 116 40 20 0 150 440 261 98 45 23 7 0 
39 398 318 180 70 15 4 0 47 364 297 204 77 32 3 0 326 447 172 59 15 5 0 0 
450 565 9 0 0 0 0 0 481 536 7 0 0 0 0 0 440 571 13 0 0 0 0 0 
713 303 8 0 0 0 0 0 604 400 20 0 0 0 0 0 851 172 1 0 0 0 0 0 
609 380 33 2 0 0 0 0 522 453 46 3 0 0 0 0 890 128 5 1 0 0 0 0 
520 500 4 0 0 0 0 0 365 652 7 0 0 0 0 0 605 412 7 0 0 0 0 0 
229 452 224 59 38 16 5 1 184 532 204 60 28 11 4 1 276 492 172 55 20 8 1 0 
88 307 80 92 97 128 146 86 118 316 69 91 100 132 140 58 156 280 97 94 101 142 132 22 
35 69 67 57 99 166 280 251 44 83 53 62 98 179 284 221 43 91 50 73 100 224 249 194 
48 134 286 294 137 57 35 33 37 107 220 297 207 79 42 35 167 308 243 128 85 34 40 19 
2 8 22 80 817 91 4 0 3 4 13 51 468 480 5 0 7 22 59 68 519 347 2 0 
0 0 0 15 995 14 0 0 0 0 0 0 363 661 0 0 0 0 0 0 508 516 0 0 
0 0 0 90 930 4 0 0 0 0 0 0 583 440 1 0 0 0 0 0 618 405 1 0 
0 0 0 24 997 3 0 0 0 0 0 0 817 207 0 0 0 0 0 0 840 184 0 0 
0 0 0 6 964 54 0 0 0 0 0 0 849 175 0 0 0 0 0 0 919 105 0 0 
0 0 0 0 959 65 0 0 0 0 0 0 810 214 0 0 0 0 0 0 907 117 0 0 
0 0 0 1 940 83 0 0 0 0 0 0 819 205 0 0 0 0 0 3 906 115 0 0 
0 0 0 0 968 56 0 0 0 0 0 0 919 105 0 0 0 0 0 5 990 29 0 0 
0 0 0 0 921 103 0 0 0 0 0 0 906 118 0 0 0 0 0 18 955 51 0 0 
0 0 0 0 953 71 0 0 0 0 0 0 929 95 0 0 0 0 0 25 950 49 0 0 
0 0 0 0 954 67 3 0 0 0 0 0 946 75 3 0 0 0 0 96 901 26 1 0 
0 0 0 0 934 90 0 0 0 0 0 0 934 90 0 0 0 0 0 10 973 41 0 0 
0 0 0 1 894 129 0 0 0 0 0 0 869 155 0 0 0 0 0 41 916 67 0 0 
0 0 0 0 914 110 0 0 0 0 0 1 909 114 0 0 0 0 0 53 942 29 0 0 
0 0 0 1 958 59 4 2 0 0 0 1 881 136 4 2 0 0 0 59 920 39 6 0 
2 2 3 29 948 40 0 0 2 2 1 18 841 160 0 0 2 3 8 51 875 85 0 0 
17 99 222 284 323 78 1 0 13 71 210 277 327 122 4 0 114 165 253 221 230 40 1 0 
160 345 261 146 79 32 1 0 95 357 288 157 83 40 4 0 257 355 215 126 51 18 2 0 
180 519 181 86 46 12 0 0 196 496 173 90 54 13 2 0 334 483 128 54 21 4 0 0 
88 226 274 265 135 34 2 0 44 156 220 232 243 117 12 0 301 345 238 103 35 2 0 0 
41 359 246 184 139 46 9 0 50 298 260 174 174 52 15 1 314 358 237 82 30 3 0 0 
0 126 644 213 37 3 1 0 1 145 614 207 49 6 2 0 26 317 579 99 2 1 0 0 
24 272 439 216 59 10 3 1 60 297 383 211 56 13 3 1 208 491 246 62 11 3 3 0 
146 660 135 58 25 0 0 0 214 592 130 66 21 1 0 0 612 341 55 16 0 0 0 0 
1018 6 0 0 0 0 0 0 1015 9 0 0 0 0 0 0 1021 3 0 0 0 0 0 0 
738 261 25 0 0 0 0 0 691 301 31 1 0 0 0 0 935 85 4 0 0 0 0 0 
860 154 8 2 0 0 0 0 747 257 16 4 0 0 0 0 963 57 4 0 0 0 0 0 
593 401 25 5 0 0 0 0 376 594 40 14 0 0 0 0 936 77 11 0 0 0 0 0 
585 431 8 0 0 0 0 0 277 726 20 1 0 0 0 0 833 190 1 0 0 0 0 0 
138 564 178 44 34 13 39 14 120 555 182 68 33 26 33 7 372 380 173 30 15 31 23 0 
210 128 135 72 65 92 188 134 206 150 112 70 70 102 171 143 233 149 107 58 79 120 151 127 
166 399 223 164 60 10 2 0 95 394 218 196 89 29 3 0 536 260 156 64 6 2 0 0 
40 131 157 194 415 79 8 0 24 103 153 195 342 191 16 0 137 157 164 167 315 77 7 0 
0 0 0 4 929 91 0 0 0 0 0 0 723 301 0 0 0 0 0 5 876 143 0 0 
0 0 0 11 927 86 0 0 0 0 0 0 670 354 0 0 0 0 0 0 865 159 0 0 
0 0 0 0 973 51 0 0 0 0 0 0 769 255 0 0 0 0 0 0 883 141 0 0 
0 0 0 0 1010 14 0 0 0 0 0 0 779 245 0 0 0 0 0 0 907 117 0 0 
0 0 0 0 1016 8 0 0 0 0 0 0 888 136 0 0 0 0 0 0 953 71 0 0 
0 0 0 4 1011 9 0 0 0 0 0 0 858 166 0 0 0 0 0 0 987 37 0 0 
0 0 0 3 1004 17 0 0 0 0 0 0 801 223 0 0 0 0 0 0 959 65 0 0 
0 0 0 0 1020 4 0 0 0 0 0 0 920 104 0 0 0 0 0 0 997 27 0 0 
0 0 0 0 1020 4 0 0 0 0 0 0 972 52 0 0 0 0 0 0 1002 22 0 0 
0 0 0 0 1017 7 0 0 0 0 0 0 1016 8 0 0 0 0 0 0 1021 3 0 0 
0 0 0 0 1017 7 0 0 0 0 0 0 1009 15 0 0 0 0 0 3 1017 4 0 0 
0 0 0 0 993 31 0 0 0 0 0 0 1000 24 0 0 0 0 0 19 1001 4 0 0 
0 0 0 0 1005 19 0 0 0 0 0 0 1023 1 0 0 0 0 0 33 991 0 0 0 
0 0 0 3 826 181 12 2 0 0 0 3 970 41 10 0 0 0 2 189 819 11 3 0 
0 8 17 35 776 188 0 0 3 8 21 40 906 46 0 0 5 12 26 172 803 6 0 0 
16 202 290 259 211 45 1 0 18 226 268 248 223 40 1 0 177 302 223 178 138 6 0 0 
84 234 234 220 172 71 9 0 79 252 214 221 173 74 11 0 251 220 224 185 103 41 0 0 
89 395 229 185 108 18 0 0 107 375 234 178 111 19 0 0 284 357 220 121 40 2 0 0 
154 549 229 78 9 5 0 0 76 466 300 139 36 6 1 0 614 316 74 15 5 0 0 0 
37 375 307 212 75 17 1 0 34 280 283 210 174 33 10 0 364 404 179 60 17 0 0 0 
20 411 421 144 28 0 0 0 21 411 407 148 36 1 0 0 151 561 274 37 1 0 0 0 
20 501 337 131 30 4 1 0 43 508 316 119 33 2 3 0 307 528 152 31 6 0 0 0 
134 804 67 13 6 0 0 0 210 735 63 10 6 0 0 0 659 339 20 5 1 0 0 0 
1014 10 0 0 0 0 0 0 1021 3 0 0 0 0 0 0 1000 24 0 0 0 0 0 0 
966 55 2 1 0 0 0 0 947 73 3 1 0 0 0 0 1006 16 2 0 0 0 0 0 
725 237 50 12 0 0 0 0 651 289 67 17 0 0 0 0 892 109 23 0 0 0 0 0 
922 85 15 2 0 0 0 0 879 124 19 2 0 0 0 0 985 34 5 0 0 0 0 0 
671 353 0 0 0 0 0 0 570 454 0 0 0 0 0 0 920 104 0 0 0 0 0 0 
146 592 171 43 40 22 10 0 58 671 188 41 38 21 7 0 308 416 202 41 34 14 9 0 
72 97 168 151 190 179 142 25 55 107 194 165 202 163 108 30 102 102 198 179 177 156 95 15 
157 390 253 145 65 13 1 0 107 379 247 180 87 23 1 0 463 279 175 70 27 9 1 0 
98 145 154 172 382 65 8 0 71 146 141 143 384 118 21 0 185 155 138 101 369 70 6 0 
0 0 0 22 989 13 0 0 0 0 0 0 878 146 0 0 0 0 0 0 929 95 0 0 
0 0 0 1 1018 5 0 0 0 0 0 0 914 110 0 0 0 0 0 0 994 30 0 0 
0 0 0 0 1022 2 0 0 0 0 0 0 956 68 0 0 0 0 0 0 1013 11 0 0 
0 0 0 0 1000 24 0 0 0 0 0 0 800 224 0 0 0 0 0 0 989 35 0 0 
0 0 0 3 1021 0 0 0 0 0 0 0 871 153 0 0 0 0 0 0 998 26 0 0 
0 0 0 0 1024 0 0 0 0 0 0 0 959 65 0 0 0 0 0 0 1024 0 0 0 
0 0 0 0 1022 2 0 0 0 0 0 0 892 132 0 0 0 0 0 0 1003 21 0 0 
0 0 0 0 1009 15 0 0 0 0 0 0 823 201 0 0 0 0 0 0 965 59 0 0 
0 0 0 0 1024 0 0 0 0 0 0 0 900 124 0 0 0 0 0 0 1018 6 0 0 
0 0 0 0 1024 0 0 0 0 0 0 0 784 240 0 0 0 0 0 0 969 55 0 0 
0 0 0 2 1022 0 0 0 0 0 0 0 882 142 0 0 0 0 0 0 1001 23 0 0 
0 0 0 2 1022 0 0 0 0 0 0 0 949 75 0 0 0 0 0 0 1013 11 0 0 
0 0 0 0 1014 10 0 0 0 0 0 0 857 167 0 0 0 0 0 0 1006 18 0 0 
0 0 0 0 702 318 4 0 0 0 0 0 913 107 4 0 0 0 0 89 918 17 0 0 
0 0 0 0 492 528 4 0 0 0 0 0 931 92 1 0 0 0 0 42 978 4 0 0 
4 33 70 94 364 451 8 0 9 36 62 117 648 148 4 0 26 64 96 155 675 8 0 0 
16 109 224 218 249 177 27 4 23 120 223 222 283 132 20 1 143 233 214 243 167 22 2 0 
179 357 246 129 87 22 4 0 95 387 253 145 100 40 4 0 542 258 129 71 21 3 0 0 
276 646 80 18 3 1 0 0 232 650 119 20 2 1 0 0 821 169 29 3 2 0 0 0 
72 206 328 343 75 0 0 0 36 148 227 293 287 33 0 0 283 418 281 40 2 0 0 0 
19 288 552 144 20 1 0 0 1 235 572 163 50 3 0 0 236 522 235 29 2 0 0 0 
70 462 304 123 52 13 0 0 133 434 263 126 52 15 1 0 371 442 129 72 10 0 0 0 
120 681 179 34 9 1 0 0 194 647 143 33 7 0 0 0 401 519 86 14 4 0 0 0 
982 42 0 0 0 0 0 0 1004 20 0 0 0 0 0 0 922 102 0 0 0 0 0 0 
1021 3 0 0 0 0 0 0 1024 0 0 0 0 0 0 0 1019 5 0 0 0 0 0 0 
718 230 53 19 4 0 0 0 714 228 56 22 3 1 0 0 935 67 18 4 0 0 0 0 
571 322 94 26 8 3 0 0 520 345 109 36 8 6 0 0 829 141 39 10 5 0 0 0 
857 152 15 0 0 0 0 0 818 182 23 1 0 0 0 0 964 55 5 0 0 0 0 0 
568 449 7 0 0 0 0 0 467 541 16 0 0 0 0 0 562 425 37 0 0 0 0 0 
180 636 149 36 18 5 0 0 164 682 120 29 23 5 1 0 88 681 190 40 20 5 0 0 
303 393 165 86 51 23 3 0 222 430 197 92 49 27 7 0 577 234 99 62 33 13 6 0 
153 219 183 203 184 77 5 0 119 248 169 180 202 94 12 0 285 203 153 176 161 46 0 0 
5 8 18 60 916 17 0 0 2 9 14 41 890 67 1 0 10 14 53 74 846 27 0 0 
0 0 0 1 1018 5 0 0 0 0 0 0 952 72 0 0 0 0 0 0 1018 6 0 0 
0 0 0 0 1014 10 0 0 0 0 0 0 924 100 0 0 0 0 0 2 1004 18 0 0 
0 0 0 0 1010 14 0 0 0 0 0 0 934 90 0 0 0 0 0 0 995 29 0 0 
0 0 0 0 1023 1 0 0 0 0 0 0 952 72 0 0 0 0 0 0 1022 2 0 0 
0 0 0 0 1022 2 0 0 0 0 0 0 862 162 0 0 0 0 0 0 1012 12 0 0 
0 0 0 1 1014 9 0 0 0 0 0 0 880 144 0 0 0 0 0 0 989 35 0 0 
0 0 0 4 1016 4 0 0 0 0 0 0 861 163 0 0 0 0 0 0 989 35 0 0 
0 0 0 0 1019 5 0 0 0 0 0 0 779 245 0 0 0 0 0 0 997 27 0 0 
0 0 0 0 1013 11 0 0 0 0 0 0 740 284 0 0 0 0 0 0 933 91 0 0 
0 0 0 0 1008 16 0 0 0 0 0 0 666 358 0 0 0 0 0 0 978 46 0 0 
0 0 0 0 1024 0 0 0 0 0 0 0 673 351 0 0 0 0 0 0 989 35 0 0 
0 0 0 0 1010 14 0 0 0 0 0 0 866 158 0 0 0 0 0 0 1006 18 0 0 
0 0 0 0 1010 14 0 0 0 0 0 0 872 152 0 0 0 0 0 0 1005 19 0 0 
0 0 0 0 1018 6 0 0 0 0 0 0 906 118 0 0 0 0 0 0 1014 10 0 0 
0 46 98 91 764 25 0 0 0 39 88 90 716 90 1 0 7 61 88 81 769 18 0 0 
90 478 242 153 49 12 0 0 63 492 238 160 58 13 0 0 296 417 184 90 29 8 0 0 
251 614 115 34 9 1 0 0 270 583 117 41 12 1 0 0 681 281 47 14 1 0 0 0 
699 260 41 19 5 0 0 0 693 260 45 20 6 0 0 0 890 93 33 6 2 0 0 0 
434 479 90 18 3 0 0 0 407 447 129 35 6 0 0 0 831 171 22 0 0 0 0 0 
81 690 184 60 9 0 0 0 45 678 205 66 25 5 0 0 455 482 71 14 2 0 0 0 
104 727 145 31 14 3 0 0 211 676 89 34 11 3 0 0 420 528 52 17 7 0 0 0 
540 460 22 2 0 0 0 0 730 273 19 2 0 0 0 0 835 175 13 1 0 0 0 0 
