0 551 473 0 0 0 0 0 0 0 0 664 360 0 0 0 0 0 0 0 0 0 490 534 
0 613 411 0 0 0 0 0 0 0 0 669 355 0 0 0 0 0 0 0 0 0 598 426 
2 664 323 21 10 4 0 0 2 11 17 757 237 0 0 0 3 11 11 7 8 9 618 357 
0 676 200 38 36 42 26 6 2 14 40 856 110 2 0 0 8 13 37 39 15 30 695 187 
0 757 229 15 7 15 1 0 0 1 1 814 208 0 0 0 0 1 1 3 7 9 780 223 
0 768 256 0 0 0 0 0 0 0 0 864 160 0 0 0 0 0 0 0 0 0 704 320 
0 810 214 0 0 0 0 0 0 0 0 884 140 0 0 0 0 0 0 0 0 0 768 256 
0 791 233 0 0 0 0 0 0 0 0 801 223 0 0 0 0 0 0 0 0 0 767 257 
0 0 958 66 0 0 0 0 0 0 0 0 670 354 0 0 0 0 0 0 0 0 0 1024 
17 11 869 124 3 0 0 0 17 10 5 3 629 360 0 0 9 14 4 4 3 2 13 975 
126 230 279 135 86 85 53 30 351 205 137 117 199 15 0 0 334 235 159 100 22 11 22 141 
154 319 130 133 141 86 55 6 495 184 189 123 32 1 0 0 519 189 192 102 21 1 0 0 
10 77 119 154 179 229 181 75 123 175 196 288 175 62 5 0 160 189 238 245 128 38 17 9 
1 23 818 53 36 23 35 35 6 7 12 34 762 192 11 0 7 7 17 25 33 34 68 833 
0 0 1024 0 0 0 0 0 0 0 0 0 812 212 0 0 0 0 0 0 0 0 0 1024 
0 0 1019 5 0 0 0 0 0 0 0 0 721 303 0 0 0 0 0 0 0 0 0 1024 
0 0 0 682 342 0 0 0 0 0 0 0 0 306 460 258 0 0 0 0 0 0 0 1024 
63 207 65 417 262 10 0 0 270 66 30 15 8 161 278 196 217 116 32 9 8 9 15 618 
14 45 92 115 208 278 215 57 121 217 327 275 50 3 8 23 152 271 358 181 28 3 8 23 
167 298 45 111 370 25 8 0 443 55 19 17 20 10 203 257 403 91 25 15 16 11 45 418 
161 271 133 127 141 95 63 33 442 187 181 88 60 16 15 35 475 194 171 91 36 9 10 38 
0 5 56 279 77 111 212 284 13 52 38 85 245 429 161 1 22 50 55 136 289 98 79 295 
0 0 54 644 296 14 11 5 0 0 0 0 5 431 464 124 0 0 0 0 5 7 25 987 
0 0 16 655 353 0 0 0 0 0 0 0 0 347 466 211 0 0 0 0 0 0 0 1024 
0 0 86 156 259 468 55 0 0 0 0 11 201 82 67 663 0 0 0 0 0 3 171 850 
42 195 170 133 86 301 87 10 260 117 52 40 149 15 43 348 235 142 54 43 11 12 90 437 
24 199 126 156 119 236 81 83 227 114 98 55 187 46 31 266 219 135 76 63 73 40 86 332 
12 23 53 126 237 471 102 0 1 16 24 23 111 50 34 765 0 0 6 21 18 21 71 887 
86 271 66 53 77 276 186 9 314 127 51 45 22 10 19 436 279 166 57 41 14 9 21 437 
2 39 75 98 170 266 238 136 76 154 283 285 128 92 6 0 103 188 360 206 129 38 0 0 
8 113 52 31 189 244 179 208 24 147 63 84 131 120 93 362 32 141 98 105 145 93 69 341 
26 386 128 25 160 262 37 0 99 423 36 16 7 6 11 426 30 446 77 21 4 7 9 430 
46 204 462 188 76 33 11 4 86 458 293 125 48 12 2 0 47 301 448 118 58 43 7 2 
42 278 386 223 60 26 9 0 318 504 137 53 11 1 0 0 311 485 137 50 28 10 3 0 
232 97 114 159 119 79 113 111 256 242 280 129 54 36 21 6 244 258 257 159 64 31 9 2 
707 233 78 5 1 0 0 0 754 215 52 2 1 0 0 0 700 205 99 18 2 0 0 0 
209 493 235 47 33 7 0 0 423 510 90 1 0 0 0 0 362 538 121 3 0 0 0 0 
2 108 170 140 226 208 127 43 166 330 287 181 54 6 0 0 227 361 290 119 27 0 0 0 
0 1 29 62 39 129 307 457 2 58 168 198 216 170 138 74 2 87 203 274 183 156 83 36 
97 376 212 164 127 19 7 22 260 460 227 46 5 5 16 5 176 516 247 56 7 11 10 1 
78 142 125 118 142 152 109 158 214 175 180 217 193 39 4 2 238 166 203 222 178 15 2 0 
17 151 141 103 72 77 85 378 219 201 106 164 285 49 0 0 244 217 108 274 171 10 0 0 
40 80 105 139 115 84 147 314 118 200 205 212 182 94 13 0 127 229 252 253 129 32 2 0 
94 225 262 235 136 55 17 0 224 315 260 154 58 13 0 0 216 325 269 142 59 13 0 0 
199 184 199 170 146 64 48 14 358 308 208 92 41 15 2 0 383 310 192 84 38 16 1 0 
0 54 199 278 299 186 7 1 166 516 324 11 6 1 0 0 205 578 231 7 2 1 0 0 
0 0 2 77 159 362 365 59 5 158 564 269 18 5 5 0 34 246 645 87 7 5 0 0 
17 73 137 149 163 124 67 294 56 158 170 260 296 70 13 1 61 159 205 375 203 17 4 0 
0 0 0 0 0 0 11 1013 0 0 0 1 693 327 3 0 0 0 0 52 943 29 0 0 
0 0 0 0 0 0 89 935 0 0 0 15 530 473 6 0 0 0 1 179 728 116 0 0 
0 4 15 26 19 23 93 844 4 18 30 71 333 404 157 7 6 26 36 154 491 275 34 2 
0 43 93 131 123 61 135 438 41 111 160 157 301 214 39 1 56 129 183 239 301 97 19 0 
47 54 62 93 76 75 350 267 101 95 164 222 362 80 0 0 117 101 203 388 212 3 0 0 
9 7 1 9 28 55 307 608 16 8 102 257 398 239 4 0 18 42 191 379 372 22 0 0 
0 26 61 47 33 30 223 604 62 76 95 309 424 58 0 0 76 74 224 469 181 0 0 0 
211 69 91 103 53 24 48 425 248 135 119 60 208 190 50 14 269 141 109 167 265 49 23 1 
0 0 0 0 0 2 46 976 0 0 1 2 548 473 0 0 0 0 2 172 826 24 0 0 
0 0 0 0 2 5 63 954 0 2 3 5 744 255 15 0 1 2 4 173 796 43 5 0 
0 0 0 0 0 5 155 864 0 0 1 46 813 159 5 0 0 0 6 545 426 44 3 0 
0 0 0 0 0 5 220 799 0 0 0 105 677 227 15 0 0 0 24 511 421 68 0 0 
0 0 0 0 0 3 129 892 0 0 2 62 912 48 0 0 0 1 7 713 303 0 0 0 
5 28 19 23 37 96 275 541 42 37 99 245 570 31 0 0 53 48 162 601 160 0 0 0 
0 0 1 2 11 25 83 902 1 6 20 44 331 563 59 0 2 7 32 142 766 75 0 0 
7 20 15 25 38 37 244 638 22 41 48 164 209 435 86 19 31 49 88 226 489 127 14 0 
