0 0 0 0 0 0 1024 0 0 0 0 0 0 0 0 1024 0 0 0 0 0 0 0 1024 
0 0 0 0 0 0 1024 0 0 0 0 0 0 0 0 1024 0 0 0 0 0 0 0 1024 
0 0 0 0 0 0 1024 0 0 0 0 0 0 0 0 1024 0 0 0 0 0 0 0 1024 
0 0 0 0 0 0 1024 0 0 0 0 0 0 0 0 1024 0 0 0 0 0 0 0 1024 
0 0 0 0 0 0 1024 0 0 0 0 0 0 0 0 1024 0 0 0 0 0 0 0 1024 
0 0 0 0 0 0 1024 0 0 0 0 0 0 0 0 1024 0 0 0 0 0 0 0 1024 
0 0 0 0 0 0 1024 0 0 0 0 0 0 0 0 1024 0 0 0 0 0 0 0 1024 
0 0 0 0 0 0 1024 0 0 0 0 0 0 0 0 1024 0 0 0 0 0 0 0 1024 
0 0 0 0 0 0 990 34 0 0 0 0 0 0 0 1024 0 0 0 0 0 0 0 1024 
0 0 0 0 0 0 659 365 0 0 0 0 0 0 0 1024 0 0 0 0 0 0 0 1024 
0 0 0 0 0 0 490 534 0 0 0 0 0 0 0 1024 0 0 0 0 0 0 0 1024 
0 0 0 0 0 0 559 465 0 0 0 0 0 0 0 1024 0 0 0 0 0 0 0 1024 
0 0 0 0 0 0 678 346 0 0 0 0 0 0 0 1024 0 0 0 0 0 0 0 1024 
0 0 0 0 0 0 787 237 0 0 0 0 0 0 0 1024 0 0 0 0 0 0 0 1024 
0 0 0 0 0 0 865 159 0 0 0 0 0 0 0 1024 0 0 0 0 0 0 0 1024 
0 0 0 0 0 0 957 67 0 0 0 0 0 0 0 1024 0 0 0 0 0 0 0 1024 
0 0 0 0 0 0 1018 6 0 0 0 0 0 0 0 1024 0 0 0 0 0 0 0 1024 
0 0 0 0 0 0 1016 8 0 0 0 0 0 0 0 1024 0 0 0 0 0 0 0 1024 
0 0 0 0 0 0 963 61 0 0 0 0 0 0 0 1024 0 0 0 0 0 0 0 1024 
0 0 0 0 0 0 582 442 0 0 0 0 0 0 0 1024 0 0 0 0 0 0 0 1024 
0 0 0 0 0 0 262 762 0 0 0 0 0 0 0 1024 0 0 0 0 0 0 0 1024 
0 0 0 0 0 0 18 1006 0 0 0 0 0 0 0 1024 0 0 0 0 0 0 0 1024 
0 0 0 0 0 0 0 1024 0 0 0 0 0 0 0 1024 0 0 0 0 0 0 0 1024 
0 0 0 0 0 0 0 1024 0 0 0 0 0 0 0 1024 0 0 0 0 0 0 0 1024 
0 0 0 0 0 0 0 1024 0 0 0 0 0 0 0 1024 0 0 0 0 0 0 0 1024 
0 0 0 0 0 0 0 1024 0 0 0 0 0 0 0 1024 0 0 0 0 0 0 0 1024 
0 0 0 0 0 0 0 1024 0 0 0 0 0 0 0 1024 0 0 0 0 0 0 0 1024 
0 0 0 0 0 0 0 1024 0 0 0 0 0 0 0 1024 0 0 0 0 0 0 0 1024 
0 0 0 0 0 0 0 1024 0 0 0 0 0 0 0 1024 0 0 0 0 0 0 0 1024 
0 0 0 0 0 0 0 1024 0 0 0 0 0 0 0 1024 0 0 0 0 0 0 0 1024 
0 0 0 0 0 0 0 1024 0 0 0 0 0 0 0 1024 0 0 0 0 0 0 0 1024 
0 0 0 0 0 0 0 1024 0 0 0 0 0 0 0 1024 0 0 0 0 0 0 0 1024 
0 0 0 0 0 0 0 1024 0 0 0 0 0 0 0 1024 0 0 0 0 0 0 0 1024 
0 0 0 0 0 0 0 1024 0 0 0 0 0 0 0 1024 0 0 0 0 0 0 0 1024 
0 0 0 0 0 0 0 1024 0 0 0 0 0 0 0 1024 0 0 0 0 0 0 0 1024 
0 0 0 0 0 0 0 1024 0 0 0 0 0 0 0 1024 0 0 0 0 0 0 0 1024 
0 0 0 0 0 0 0 1024 0 0 0 0 0 0 0 1024 0 0 0 0 0 0 0 1024 
0 0 0 0 0 0 0 1024 0 0 0 0 0 0 0 1024 0 0 0 0 0 0 0 1024 
0 0 0 0 0 0 0 1024 0 0 0 0 0 0 0 1024 0 0 0 0 0 0 0 1024 
0 0 0 0 0 0 0 1024 0 0 0 0 0 0 0 1024 0 0 0 0 0 0 0 1024 
0 0 0 0 0 0 1024 0 0 0 0 0 0 0 0 1024 0 0 0 0 0 0 0 1024 
0 0 0 0 0 0 1024 0 0 0 0 0 0 0 0 1024 0 0 0 0 0 0 0 1024 
0 0 0 0 0 0 1024 0 0 0 0 0 0 0 0 1024 0 0 0 0 0 0 0 1024 
0 0 0 0 0 0 1024 0 0 0 0 0 0 0 0 1024 0 0 0 0 0 0 0 1024 
0 0 0 0 0 0 1024 0 0 0 0 0 0 0 0 1024 0 0 0 0 0 0 0 1024 
0 0 0 0 0 0 1024 0 0 0 0 0 0 0 0 1024 0 0 0 0 0 0 0 1024 
0 0 0 0 0 0 1024 0 0 0 0 0 0 0 0 1024 0 0 0 0 0 0 0 1024 
0 0 0 0 0 0 1024 0 0 0 0 0 0 0 0 1024 0 0 0 0 0 0 0 1024 
0 0 0 0 0 0 1024 0 0 0 0 0 0 0 0 1024 0 0 0 0 0 0 0 1024 
0 0 0 0 0 0 1022 2 0 0 0 0 0 0 0 1024 0 0 0 0 0 0 0 1024 
0 0 0 0 0 0 1024 0 0 0 0 0 0 0 0 1024 0 0 0 0 0 0 0 1024 
0 0 0 0 0 0 1024 0 0 0 0 0 0 0 0 1024 0 0 0 0 0 0 0 1024 
0 0 0 0 0 0 1021 3 0 0 0 0 0 0 0 1024 0 0 0 0 0 0 0 1024 
0 0 0 0 0 0 1024 0 0 0 0 0 0 0 0 1024 0 0 0 0 0 0 0 1024 
0 0 0 0 0 0 1024 0 0 0 0 0 0 0 0 1024 0 0 0 0 0 0 0 1024 
0 0 0 0 0 0 1024 0 0 0 0 0 0 0 0 1024 0 0 0 0 0 0 0 1024 
0 0 0 0 0 0 1024 0 0 0 0 0 0 0 0 1024 0 0 0 0 0 0 0 1024 
0 0 0 0 0 0 1024 0 0 0 0 0 0 0 0 1024 0 0 0 0 0 0 0 1024 
0 0 0 0 0 0 1024 0 0 0 0 0 0 0 0 1024 0 0 0 0 0 0 0 1024 
0 0 0 0 0 0 1024 0 0 0 0 0 0 0 0 1024 0 0 0 0 0 0 0 1024 
0 0 0 0 0 0 992 32 0 0 0 0 0 0 0 1024 0 0 0 0 0 0 0 1024 
0 0 0 0 0 0 873 151 0 0 0 0 0 0 0 1024 0 0 0 0 0 0 0 1024 
0 0 0 0 0 0 590 434 0 0 0 0 0 0 0 1024 0 0 0 0 0 0 0 1024 
0 0 0 0 0 0 216 808 0 0 0 0 0 0 0 1024 0 0 0 0 0 0 0 1024 
0 0 0 0 0 0 98 926 0 0 0 0 0 0 0 1024 0 0 0 0 0 0 0 1024 
0 0 0 0 0 0 34 990 0 0 0 0 0 0 0 1024 0 0 0 0 0 0 0 1024 
0 0 0 0 0 0 1 1023 0 0 0 0 0 0 0 1024 0 0 0 0 0 0 0 1024 
0 0 0 0 0 0 0 1024 0 0 0 0 0 0 0 1024 0 0 0 0 0 0 0 1024 
0 0 0 0 0 0 0 1024 0 0 0 0 0 0 0 1024 0 0 0 0 0 0 0 1024 
0 0 0 0 0 0 0 1024 0 0 0 0 0 0 0 1024 0 0 0 0 0 0 0 1024 
0 0 0 0 0 0 0 1024 0 0 0 0 0 0 0 1024 0 0 0 0 0 0 0 1024 
0 0 0 0 0 0 0 1024 0 0 0 0 0 0 0 1024 0 0 0 0 0 0 0 1024 
0 0 0 0 0 0 0 1024 0 0 0 0 0 0 0 1024 0 0 0 0 0 0 0 1024 
0 0 0 0 0 0 0 1024 0 0 0 0 0 0 0 1024 0 0 0 0 0 0 0 1024 
0 0 0 0 0 0 0 1024 0 0 0 0 0 0 0 1024 0 0 0 0 0 0 0 1024 
0 0 0 0 0 0 0 1024 0 0 0 0 0 0 0 1024 0 0 0 0 0 0 0 1024 
0 0 0 0 0 0 0 1024 0 0 0 0 0 0 0 1024 0 0 0 0 0 0 0 1024 
0 0 0 0 0 0 0 1024 0 0 0 0 0 0 0 1024 0 0 0 0 0 0 0 1024 
0 0 0 0 0 0 0 1024 0 0 0 0 0 0 0 1024 0 0 0 0 0 0 0 1024 
0 0 0 0 0 0 0 1024 0 0 0 0 0 0 0 1024 0 0 0 0 0 0 0 1024 
0 0 0 0 0 0 1024 0 0 0 0 0 0 0 164 860 0 0 0 0 0 0 0 1024 
0 0 0 0 0 0 1024 0 0 0 0 0 0 0 5 1019 0 0 0 0 0 0 0 1024 
0 0 0 0 0 0 1024 0 0 0 0 0 0 0 0 1024 0 0 0 0 0 0 0 1024 
0 0 0 0 0 0 1024 0 0 0 0 0 0 0 0 1024 0 0 0 0 0 0 0 1024 
0 0 0 0 0 0 1024 0 0 0 0 0 0 0 0 1024 0 0 0 0 0 0 0 1024 
0 0 0 0 0 0 1024 0 0 0 0 0 0 0 0 1024 0 0 0 0 0 0 0 1024 
0 0 0 0 0 0 1024 0 0 0 0 0 0 0 0 1024 0 0 0 0 0 0 0 1024 
0 0 0 0 0 0 1024 0 0 0 0 0 0 0 0 1024 0 0 0 0 0 0 0 1024 
0 0 0 0 0 0 1024 0 0 0 0 0 0 0 0 1024 0 0 0 0 0 0 0 1024 
0 0 0 0 0 0 1024 0 0 0 0 0 0 0 0 1024 0 0 0 0 0 0 0 1024 
0 0 0 0 0 0 1024 0 0 0 0 0 0 0 0 1024 0 0 0 0 0 0 0 1024 
0 0 0 0 0 0 1024 0 0 0 0 0 0 0 0 1024 0 0 0 0 0 0 0 1024 
0 0 0 0 0 0 1024 0 0 0 0 0 0 0 0 1024 0 0 0 0 0 0 0 1024 
0 0 0 0 0 0 1024 0 0 0 0 0 0 0 0 1024 0 0 0 0 0 0 0 1024 
0 0 0 0 0 0 1024 0 0 0 0 0 0 0 0 1024 0 0 0 0 0 0 0 1024 
0 0 0 0 0 0 1024 0 0 0 0 0 0 0 0 1024 0 0 0 0 0 0 0 1024 
0 0 0 0 0 0 1024 0 0 0 0 0 0 0 0 1024 0 0 0 0 0 0 0 1024 
0 0 0 0 0 0 1024 0 0 0 0 0 0 0 0 1024 0 0 0 0 0 0 0 1024 
0 0 0 0 0 0 1024 0 0 0 0 0 0 0 0 1024 0 0 0 0 0 0 0 1024 
0 0 0 0 0 0 1024 0 0 0 0 0 0 0 0 1024 0 0 0 0 0 0 0 1024 
0 0 0 0 0 0 1024 0 0 0 0 0 0 0 0 1024 0 0 0 0 0 0 0 1024 
0 0 0 0 0 0 1024 0 0 0 0 0 0 0 0 1024 0 0 0 0 0 0 0 1024 
0 0 0 0 0 0 1021 3 0 0 0 0 0 0 0 1024 0 0 0 0 0 0 0 1024 
0 0 0 0 0 0 947 77 0 0 0 0 0 0 0 1024 0 0 0 0 0 0 0 1024 
0 0 0 0 0 0 877 147 0 0 0 0 0 0 0 1024 0 0 0 0 0 0 0 1024 
0 0 0 0 0 0 737 287 0 0 0 0 0 0 0 1024 0 0 0 0 0 0 0 1024 
0 0 0 0 0 0 412 612 0 0 0 0 0 0 0 1024 0 0 0 0 0 0 0 1024 
0 0 0 0 0 0 76 948 0 0 0 0 0 0 0 1024 0 0 0 0 0 0 0 1024 
0 0 0 0 0 0 12 1012 0 0 0 0 0 0 0 1024 0 0 0 0 0 0 0 1024 
0 0 0 0 0 0 0 1024 0 0 0 0 0 0 0 1024 0 0 0 0 0 0 0 1024 
0 0 0 0 0 0 0 1024 0 0 0 0 0 0 0 1024 0 0 0 0 0 0 0 1024 
0 0 0 0 0 0 0 1024 0 0 0 0 0 0 0 1024 0 0 0 0 0 0 0 1024 
0 0 0 0 0 0 0 1024 0 0 0 0 0 0 0 1024 0 0 0 0 0 0 0 1024 
0 0 0 0 0 0 0 1024 0 0 0 0 0 0 0 1024 0 0 0 0 0 0 0 1024 
0 0 0 0 0 0 0 1024 0 0 0 0 0 0 0 1024 0 0 0 0 0 0 0 1024 
0 0 0 0 0 0 0 1024 0 0 0 0 0 0 0 1024 0 0 0 0 0 0 0 1024 
0 0 0 0 0 0 0 1024 0 0 0 0 0 0 0 1024 0 0 0 0 0 0 0 1024 
0 0 0 0 0 0 0 1024 0 0 0 0 0 0 0 1024 0 0 0 0 0 0 0 1024 
0 0 0 0 0 0 0 1024 0 0 0 0 0 0 0 1024 0 0 0 0 0 0 0 1024 
0 0 0 0 0 0 0 1024 0 0 0 0 0 0 0 1024 0 0 0 0 0 0 0 1024 
0 0 0 0 0 12 1012 0 0 0 0 0 0 0 566 458 0 0 0 0 0 0 0 1024 
0 0 0 0 0 0 1024 0 0 0 0 0 0 0 174 850 0 0 0 0 0 0 0 1024 
0 0 0 0 0 0 1024 0 0 0 0 0 0 0 100 924 0 0 0 0 0 0 0 1024 
0 0 0 0 0 0 1024 0 0 0 0 0 0 0 4 1020 0 0 0 0 0 0 0 1024 
0 0 0 0 0 0 1024 0 0 0 0 0 0 0 0 1024 0 0 0 0 0 0 0 1024 
0 0 0 0 0 0 1024 0 0 0 0 0 0 0 0 1024 0 0 0 0 0 0 0 1024 
0 0 0 0 0 0 1024 0 0 0 0 0 0 0 0 1024 0 0 0 0 0 0 0 1024 
0 0 0 0 0 0 1024 0 0 0 0 0 0 0 0 1024 0 0 0 0 0 0 0 1024 
0 0 0 0 0 0 1024 0 0 0 0 0 0 0 0 1024 0 0 0 0 0 0 0 1024 
0 0 0 0 0 0 1024 0 0 0 0 0 0 0 0 1024 0 0 0 0 0 0 0 1024 
0 0 0 0 0 0 1024 0 0 0 0 0 0 0 0 1024 0 0 0 0 0 0 0 1024 
0 0 0 0 0 0 1024 0 0 0 0 0 0 0 0 1024 0 0 0 0 0 0 0 1024 
0 0 0 0 0 0 1024 0 0 0 0 0 0 0 0 1024 0 0 0 0 0 0 0 1024 
0 0 0 0 0 0 1024 0 0 0 0 0 0 0 0 1024 0 0 0 0 0 0 0 1024 
0 0 0 0 0 0 1024 0 0 0 0 0 0 0 0 1024 0 0 0 0 0 0 0 1024 
0 0 0 0 0 0 1024 0 0 0 0 0 0 0 0 1024 0 0 0 0 0 0 0 1024 
0 0 0 0 0 0 1024 0 0 0 0 0 0 0 0 1024 0 0 0 0 0 0 0 1024 
0 0 0 0 0 0 1024 0 0 0 0 0 0 0 0 1024 0 0 0 0 0 0 0 1024 
0 0 0 0 0 0 1024 0 0 0 0 0 0 0 0 1024 0 0 0 0 0 0 0 1024 
0 0 0 0 0 0 1024 0 0 0 0 0 0 0 0 1024 0 0 0 0 0 0 0 1024 
0 0 0 0 0 0 1024 0 0 0 0 0 0 0 0 1024 0 0 0 0 0 0 0 1024 
0 0 0 0 0 0 1024 0 0 0 0 0 0 0 0 1024 0 0 0 0 0 0 0 1024 
0 0 0 0 0 0 1024 0 0 0 0 0 0 0 0 1024 0 0 0 0 0 0 0 1024 
0 0 0 0 0 0 1024 0 0 0 0 0 0 0 0 1024 0 0 0 0 0 0 0 1024 
0 0 0 0 0 0 1014 10 0 0 0 0 0 0 0 1024 0 0 0 0 0 0 0 1024 
0 0 0 0 0 0 989 35 0 0 0 0 0 0 0 1024 0 0 0 0 0 0 0 1024 
0 0 0 0 0 0 695 329 0 0 0 0 0 0 0 1024 0 0 0 0 0 0 0 1024 
0 0 0 0 0 0 352 672 0 0 0 0 0 0 0 1024 0 0 0 0 0 0 0 1024 
0 0 0 0 0 0 56 968 0 0 0 0 0 0 0 1024 0 0 0 0 0 0 0 1024 
0 0 0 0 0 0 3 1021 0 0 0 0 0 0 0 1024 0 0 0 0 0 0 0 1024 
0 0 0 0 0 0 0 1024 0 0 0 0 0 0 0 1024 0 0 0 0 0 0 0 1024 
0 0 0 0 0 0 0 1024 0 0 0 0 0 0 0 1024 0 0 0 0 0 0 0 1024 
0 0 0 0 0 0 1 1023 0 0 0 0 0 0 0 1024 0 0 0 0 0 0 0 1024 
0 0 0 0 0 0 0 1024 0 0 0 0 0 0 0 1024 0 0 0 0 0 0 0 1024 
0 0 0 0 0 0 0 1024 0 0 0 0 0 0 0 1024 0 0 0 0 0 0 0 1024 
0 0 0 0 0 0 0 1024 0 0 0 0 0 0 0 1024 0 0 0 0 0 0 0 1024 
0 0 0 0 0 0 0 1024 0 0 0 0 0 0 0 1024 0 0 0 0 0 0 0 1024 
0 0 0 0 0 0 0 1024 0 0 0 0 0 0 0 1024 0 0 0 0 0 0 0 1024 
0 0 0 0 0 0 0 1024 0 0 0 0 0 0 0 1024 0 0 0 0 0 0 0 1024 
0 0 0 0 0 0 0 1024 0 0 0 0 0 0 0 1024 0 0 0 0 0 0 0 1024 
0 0 0 0 0 0 778 246 0 0 0 0 0 0 0 1024 0 0 0 0 0 0 0 1024 
0 0 0 0 0 0 1022 2 0 0 0 0 0 0 4 1020 0 0 0 0 0 0 0 1024 
0 0 0 0 0 0 1024 0 0 0 0 0 0 0 2 1022 0 0 0 0 0 0 0 1024 
0 0 0 0 0 0 1024 0 0 0 0 0 0 0 0 1024 0 0 0 0 0 0 0 1024 
0 0 0 0 0 0 1024 0 0 0 0 0 0 0 0 1024 0 0 0 0 0 0 0 1024 
0 0 0 0 0 0 990 34 0 0 0 0 0 0 0 1024 0 0 0 0 0 0 0 1024 
0 0 0 0 0 0 992 32 0 0 0 0 0 0 0 1024 0 0 0 0 0 0 0 1024 
0 0 0 0 0 0 970 54 0 0 0 0 0 0 0 1024 0 0 0 0 0 0 0 1024 
0 0 0 0 0 0 1024 0 0 0 0 0 0 0 0 1024 0 0 0 0 0 0 0 1024 
0 0 0 0 0 0 1024 0 0 0 0 0 0 0 0 1024 0 0 0 0 0 0 0 1024 
0 0 0 0 0 0 1024 0 0 0 0 0 0 0 0 1024 0 0 0 0 0 0 0 1024 
0 0 0 0 0 0 1024 0 0 0 0 0 0 0 0 1024 0 0 0 0 0 0 0 1024 
0 0 0 0 0 0 968 56 0 0 0 0 0 0 0 1024 0 0 0 0 0 0 0 1024 
0 0 0 0 0 0 860 164 0 0 0 0 0 0 0 1024 0 0 0 0 0 0 0 1024 
0 0 0 0 0 0 903 121 0 0 0 0 0 0 0 1024 0 0 0 0 0 0 0 1024 
0 0 0 0 0 0 581 443 0 0 0 0 0 0 0 1024 0 0 0 0 0 0 0 1024 
0 0 0 0 0 0 536 488 0 0 0 0 0 0 0 1024 0 0 0 0 0 0 0 1024 
0 0 0 0 0 0 502 522 0 0 0 0 0 0 0 1024 0 0 0 0 0 0 0 1024 
0 0 0 0 0 0 463 561 0 0 0 0 0 0 0 1024 0 0 0 0 0 0 0 1024 
0 0 0 0 0 0 374 650 0 0 0 0 0 0 0 1024 0 0 0 0 0 0 0 1024 
0 0 0 0 0 0 435 589 0 0 0 0 0 0 0 1024 0 0 0 0 0 0 0 1024 
0 0 0 0 0 0 481 543 0 0 0 0 0 0 0 1024 0 0 0 0 0 0 0 1024 
0 0 0 0 0 0 591 433 0 0 0 0 0 0 0 1024 0 0 0 0 0 0 0 1024 
0 0 0 0 0 0 686 338 0 0 0 0 0 0 0 1024 0 0 0 0 0 0 0 1024 
0 0 0 0 0 0 591 433 0 0 0 0 0 0 0 1024 0 0 0 0 0 0 0 1024 
0 0 0 0 0 0 349 675 0 0 0 0 0 0 0 1024 0 0 0 0 0 0 0 1024 
0 0 0 0 0 0 261 763 0 0 0 0 0 0 0 1024 0 0 0 0 0 0 0 1024 
0 0 0 0 0 0 92 932 0 0 0 0 0 0 0 1024 0 0 0 0 0 0 0 1024 
0 0 0 0 0 0 39 985 0 0 0 0 0 0 0 1024 0 0 0 0 0 0 0 1024 
0 0 0 0 0 0 0 1024 0 0 0 0 0 0 0 1024 0 0 0 0 0 0 0 1024 
0 0 0 0 0 0 0 1024 0 0 0 0 0 0 0 1024 0 0 0 0 0 0 0 1024 
0 0 0 0 0 0 0 1024 0 0 0 0 0 0 0 1024 0 0 0 0 0 0 0 1024 
0 0 0 0 0 0 0 1024 0 0 0 0 0 0 0 1024 0 0 0 0 0 0 0 1024 
0 0 0 0 0 0 0 1024 0 0 0 0 0 0 0 1024 0 0 0 0 0 0 0 1024 
0 0 0 0 0 0 0 1024 0 0 0 0 0 0 0 1024 0 0 0 0 0 0 0 1024 
0 0 0 0 0 0 0 1024 0 0 0 0 0 0 0 1024 0 0 0 0 0 0 0 1024 
0 0 0 0 0 0 0 1024 0 0 0 0 0 0 0 1024 0 0 0 0 0 0 0 1024 
0 0 0 0 0 0 0 1024 0 0 0 0 0 0 0 1024 0 0 0 0 0 0 0 1024 
0 0 0 0 0 0 0 1024 0 0 0 0 0 0 0 1024 0 0 0 0 0 0 0 1024 
0 0 0 0 0 0 0 1024 0 0 0 0 0 0 0 1024 0 0 0 0 0 0 0 1024 
0 0 0 0 0 0 0 1024 0 0 0 0 0 0 0 1024 0 0 0 0 0 0 0 1024 
0 0 0 0 0 0 114 910 0 0 0 0 0 0 0 1024 0 0 0 0 0 0 0 1024 
0 0 0 0 0 0 290 734 0 0 0 0 0 0 0 1024 0 0 0 0 0 0 0 1024 
0 0 0 0 0 0 251 773 0 0 0 0 0 0 0 1024 0 0 0 0 0 0 0 1024 
0 0 0 0 0 0 154 870 0 0 0 0 0 0 0 1024 0 0 0 0 0 0 0 1024 
0 0 0 0 0 0 14 1010 0 0 0 0 0 0 0 1024 0 0 0 0 0 0 0 1024 
0 0 0 0 0 0 1 1023 0 0 0 0 0 0 0 1024 0 0 0 0 0 0 0 1024 
0 0 0 0 0 0 22 1002 0 0 0 0 0 0 0 1024 0 0 0 0 0 0 0 1024 
0 0 0 0 0 0 208 816 0 0 0 0 0 0 0 1024 0 0 0 0 0 0 0 1024 
0 0 0 0 0 0 172 852 0 0 0 0 0 0 0 1024 0 0 0 0 0 0 0 1024 
0 0 0 0 0 0 122 902 0 0 0 0 0 0 0 1024 0 0 0 0 0 0 0 1024 
0 0 0 0 0 0 205 819 0 0 0 0 0 0 0 1024 0 0 0 0 0 0 0 1024 
0 0 0 0 0 0 97 927 0 0 0 0 0 0 0 1024 0 0 0 0 0 0 0 1024 
0 0 0 0 0 0 627 397 0 0 0 0 0 0 0 1024 0 0 0 0 0 0 0 1024 
0 0 0 0 0 0 864 160 0 0 0 0 0 0 0 1024 0 0 0 0 0 0 0 1024 
0 0 0 0 0 0 400 624 0 0 0 0 0 0 0 1024 0 0 0 0 0 0 0 1024 
0 0 0 0 0 0 64 960 0 0 0 0 0 0 0 1024 0 0 0 0 0 0 0 1024 
0 0 0 0 0 0 0 1024 0 0 0 0 0 0 0 1024 0 0 0 0 0 0 0 1024 
0 0 0 0 0 0 0 1024 0 0 0 0 0 0 0 1024 0 0 0 0 0 0 0 1024 
0 0 0 0 0 0 0 1024 0 0 0 0 0 0 0 1024 0 0 0 0 0 0 0 1024 
0 0 0 0 0 0 0 1024 0 0 0 0 0 0 0 1024 0 0 0 0 0 0 0 1024 
0 0 0 0 0 0 0 1024 0 0 0 0 0 0 0 1024 0 0 0 0 0 0 0 1024 
0 0 0 0 0 0 0 1024 0 0 0 0 0 0 0 1024 0 0 0 0 0 0 0 1024 
0 0 0 0 0 0 0 1024 0 0 0 0 0 0 0 1024 0 0 0 0 0 0 0 1024 
0 0 0 0 0 0 0 1024 0 0 0 0 0 0 0 1024 0 0 0 0 0 0 0 1024 
0 0 0 0 0 0 0 1024 0 0 0 0 0 0 0 1024 0 0 0 0 0 0 0 1024 
0 0 0 0 0 0 0 1024 0 0 0 0 0 0 0 1024 0 0 0 0 0 0 0 1024 
0 0 0 0 0 0 0 1024 0 0 0 0 0 0 0 1024 0 0 0 0 0 0 0 1024 
0 0 0 0 0 0 0 1024 0 0 0 0 0 0 0 1024 0 0 0 0 0 0 0 1024 
0 0 0 0 0 0 0 1024 0 0 0 0 0 0 0 1024 0 0 0 0 0 0 0 1024 
0 0 0 0 0 0 0 1024 0 0 0 0 0 0 0 1024 0 0 0 0 0 0 0 1024 
0 0 0 0 0 0 0 1024 0 0 0 0 0 0 0 1024 0 0 0 0 0 0 0 1024 
0 0 0 0 0 0 0 1024 0 0 0 0 0 0 0 1024 0 0 0 0 0 0 0 1024 
0 0 0 0 0 0 0 1024 0 0 0 0 0 0 0 1024 0 0 0 0 0 0 0 1024 
0 0 0 0 0 0 0 1024 0 0 0 0 0 0 0 1024 0 0 0 0 0 0 0 1024 
0 0 0 0 0 0 0 1024 0 0 0 0 0 0 0 1024 0 0 0 0 0 0 0 1024 
0 0 0 0 0 0 0 1024 0 0 0 0 0 0 0 1024 0 0 0 0 0 0 0 1024 
0 0 0 0 0 0 0 1024 0 0 0 0 0 0 0 1024 0 0 0 0 0 0 0 1024 
0 0 0 0 0 0 0 1024 0 0 0 0 0 0 0 1024 0 0 0 0 0 0 0 1024 
0 0 0 0 0 0 0 1024 0 0 0 0 0 0 0 1024 0 0 0 0 0 0 0 1024 
0 0 0 0 0 0 0 1024 0 0 0 0 0 0 0 1024 0 0 0 0 0 0 0 1024 
0 0 0 0 0 0 0 1024 0 0 0 0 0 0 0 1024 0 0 0 0 0 0 0 1024 
0 0 0 0 0 0 0 1024 0 0 0 0 0 0 0 1024 0 0 0 0 0 0 0 1024 
0 0 0 0 0 0 0 1024 0 0 0 0 0 0 0 1024 0 0 0 0 0 0 0 1024 
0 0 0 0 0 0 0 1024 0 0 0 0 0 0 0 1024 0 0 0 0 0 0 0 1024 
0 0 0 0 0 0 0 1024 0 0 0 0 0 0 0 1024 0 0 0 0 0 0 0 1024 
0 0 0 0 0 0 0 1024 0 0 0 0 0 0 0 1024 0 0 0 0 0 0 0 1024 
0 0 0 0 0 0 0 1024 0 0 0 0 0 0 0 1024 0 0 0 0 0 0 0 1024 
0 0 0 0 0 0 0 1024 0 0 0 0 0 0 0 1024 0 0 0 0 0 0 0 1024 
0 0 0 0 0 0 0 1024 0 0 0 0 0 0 0 1024 0 0 0 0 0 0 0 1024 
0 0 0 0 0 0 0 1024 0 0 0 0 0 0 0 1024 0 0 0 0 0 0 0 1024 
0 0 0 0 0 0 17 1007 0 0 0 0 0 0 0 1024 0 0 0 0 0 0 0 1024 
0 0 0 0 0 0 353 671 0 0 0 0 0 0 0 1024 0 0 0 0 0 0 0 1024 
0 0 0 0 0 0 670 354 0 0 0 0 0 0 0 1024 0 0 0 0 0 0 0 1024 
1 24 82 25 19 26 682 165 1 20 76 30 14 22 31 830 4 55 45 17 15 13 21 854 
9 178 206 128 106 83 287 27 7 178 198 131 114 63 50 283 48 264 148 102 73 38 40 311 
14 197 233 188 104 37 52 199 14 224 232 173 92 35 21 233 66 350 176 92 52 30 20 238 
8 191 294 161 67 24 13 266 11 223 281 145 62 21 10 271 60 411 149 62 46 13 10 273 
0 299 353 46 30 12 14 270 0 386 274 35 30 13 10 276 72 541 57 27 26 14 9 278 
15 293 219 102 40 19 18 318 11 307 231 81 35 20 14 325 72 408 117 38 30 14 16 329 
2 59 146 33 18 16 13 737 0 79 131 31 15 17 12 739 3 173 51 17 8 18 14 740 
0 0 0 0 0 0 0 1024 0 0 0 0 0 0 0 1024 0 0 0 0 0 0 0 1024 
0 0 0 0 0 0 0 1024 0 0 0 0 0 0 0 1024 0 0 0 0 0 0 0 1024 
0 0 0 0 0 0 0 1024 0 0 0 0 0 0 0 1024 0 0 0 0 0 0 0 1024 
0 0 0 0 0 0 0 1024 0 0 0 0 0 0 0 1024 0 0 0 0 0 0 0 1024 
0 0 0 0 0 0 0 1024 0 0 0 0 0 0 0 1024 0 0 0 0 0 0 0 1024 
0 0 0 0 0 0 0 1024 0 0 0 0 0 0 0 1024 0 0 0 0 0 0 0 1024 
0 0 0 0 0 0 0 1024 0 0 0 0 0 0 0 1024 0 0 0 0 0 0 0 1024 
0 0 0 0 0 0 0 1024 0 0 0 0 0 0 0 1024 0 0 0 0 0 0 0 1024 
0 0 0 0 0 0 0 1024 0 0 0 0 0 0 0 1024 0 0 0 0 0 0 0 1024 
0 0 0 0 0 0 0 1024 0 0 0 0 0 0 0 1024 0 0 0 0 0 0 0 1024 
0 0 0 0 0 0 0 1024 0 0 0 0 0 0 0 1024 0 0 0 0 0 0 0 1024 
0 0 0 0 0 0 0 1024 0 0 0 0 0 0 0 1024 0 0 0 0 0 0 0 1024 
0 0 0 0 0 0 0 1024 0 0 0 0 0 0 0 1024 0 0 0 0 0 0 0 1024 
0 0 0 0 0 1 12 1011 0 0 0 0 0 0 1 1023 0 0 0 0 0 0 1 1023 
0 0 0 0 0 0 0 1024 0 0 0 0 0 0 0 1024 0 0 0 0 0 0 0 1024 
0 0 0 0 0 0 0 1024 0 0 0 0 0 0 0 1024 0 0 0 0 0 0 0 1024 
0 0 0 0 0 0 0 1024 0 0 0 0 0 0 0 1024 0 0 0 0 0 0 0 1024 
0 0 0 0 0 0 0 1024 0 0 0 0 0 0 0 1024 0 0 0 0 0 0 0 1024 
0 0 0 0 0 0 0 1024 0 0 0 0 0 0 0 1024 0 0 0 0 0 0 0 1024 
0 0 0 0 0 0 0 1024 0 0 0 0 0 0 0 1024 0 0 0 0 0 0 0 1024 
0 0 0 0 0 0 0 1024 0 0 0 0 0 0 0 1024 0 0 0 0 0 0 0 1024 
0 0 0 0 0 0 0 1024 0 0 0 0 0 0 0 1024 0 0 0 0 0 0 0 1024 
0 0 0 0 0 0 0 1024 0 0 0 0 0 0 0 1024 0 0 0 0 0 0 0 1024 
0 0 0 0 0 0 0 1024 0 0 0 0 0 0 0 1024 0 0 0 0 0 0 0 1024 
0 0 0 0 0 0 0 1024 0 0 0 0 0 0 0 1024 0 0 0 0 0 0 0 1024 
0 0 0 0 0 0 0 1024 0 0 0 0 0 0 0 1024 0 0 0 0 0 0 0 1024 
0 0 0 0 0 0 0 1024 0 0 0 0 0 0 0 1024 0 0 0 0 0 0 0 1024 
0 0 0 0 0 0 8 1016 0 0 0 0 0 0 0 1024 0 0 0 0 0 0 0 1024 
0 0 0 0 0 0 9 1015 0 0 0 0 0 0 0 1024 0 0 0 0 0 0 0 1024 
0 0 0 0 0 0 190 834 0 0 0 0 0 0 0 1024 0 0 0 0 0 0 0 1024 
0 0 0 0 0 0 396 628 0 0 0 0 0 0 0 1024 0 0 0 0 0 0 0 1024 
0 6 8 6 6 2 201 795 0 2 6 9 5 4 4 994 0 1 7 7 6 4 3 996 
0 131 225 85 45 25 23 490 0 116 226 93 44 25 16 504 12 250 132 53 28 21 17 511 
4 154 341 276 150 57 31 11 4 145 331 296 152 44 23 29 41 343 317 185 56 30 17 35 
10 158 468 243 107 33 5 0 10 216 436 246 89 25 2 0 85 517 269 103 36 12 2 0 
4 251 355 193 127 72 19 3 5 355 275 181 135 53 16 4 119 498 178 116 59 38 10 6 
5 322 465 129 59 33 10 1 7 443 364 114 53 33 9 1 147 654 122 50 27 18 4 2 
1 419 475 109 20 0 0 0 2 539 389 80 14 0 0 0 193 711 102 16 2 0 0 0 
1 548 367 97 11 0 0 0 1 669 283 65 6 0 0 0 270 659 84 11 0 0 0 0 
0 527 337 123 19 8 3 7 1 641 254 95 15 7 4 7 138 742 96 25 8 4 4 7 
0 150 409 98 30 14 17 306 0 215 368 75 28 12 17 309 36 492 95 42 18 11 17 313 
0 45 110 62 37 32 40 698 0 55 106 60 31 30 27 715 12 120 62 34 27 17 31 721 
0 81 45 9 15 13 19 842 0 92 34 6 15 13 17 847 5 100 23 4 9 14 14 855 
0 35 21 18 13 12 18 907 0 21 35 13 9 19 14 913 1 24 24 18 8 17 9 923 
0 0 1 3 8 3 7 1002 0 0 0 3 5 7 0 1009 0 0 0 3 2 9 1 1009 
0 0 11 14 11 11 12 965 0 0 5 16 14 11 8 970 0 0 7 14 13 6 12 972 
1 45 43 54 20 9 9 843 2 43 42 53 23 8 8 845 7 58 31 40 26 3 12 847 
5 53 26 22 7 6 9 896 0 58 22 23 9 6 6 900 10 55 21 17 7 8 5 901 
0 0 0 0 0 0 0 1024 0 0 0 0 0 0 0 1024 0 0 0 0 0 0 0 1024 
0 0 0 0 0 0 0 1024 0 0 0 0 0 0 0 1024 0 0 0 0 0 0 0 1024 
0 0 0 0 0 0 0 1024 0 0 0 0 0 0 0 1024 0 0 0 0 0 0 0 1024 
0 0 0 0 0 0 0 1024 0 0 0 0 0 0 0 1024 0 0 0 0 0 0 0 1024 
0 0 0 0 0 0 0 1024 0 0 0 0 0 0 0 1024 0 0 0 0 0 0 0 1024 
0 0 0 0 0 0 0 1024 0 0 0 0 0 0 0 1024 0 0 0 0 0 0 0 1024 
0 0 0 0 0 0 0 1024 0 0 0 0 0 0 0 1024 0 0 0 0 0 0 0 1024 
0 0 0 0 0 0 0 1024 0 0 0 0 0 0 0 1024 0 0 0 0 0 0 0 1024 
0 0 0 0 0 0 0 1024 0 0 0 0 0 0 0 1024 0 0 0 0 0 0 0 1024 
0 0 0 0 0 0 0 1024 0 0 0 0 0 0 0 1024 0 0 0 0 0 0 0 1024 
0 0 0 0 0 0 0 1024 0 0 0 0 0 0 0 1024 0 0 0 0 0 0 0 1024 
0 0 0 0 0 0 473 551 0 0 0 0 0 0 0 1024 0 0 0 0 0 0 0 1024 
0 0 0 0 0 0 572 452 0 0 0 0 0 0 0 1024 0 0 0 0 0 0 0 1024 
0 0 0 0 0 0 467 557 0 0 0 0 0 0 0 1024 0 0 0 0 0 0 0 1024 
0 0 0 0 0 0 227 797 0 0 0 0 0 0 0 1024 0 0 0 0 0 0 0 1024 
0 0 0 0 0 0 1 1023 0 0 0 0 0 0 0 1024 0 0 0 0 0 0 0 1024 
0 0 0 0 0 0 0 1024 0 0 0 0 0 0 0 1024 0 0 0 0 0 0 0 1024 
0 0 0 0 0 0 0 1024 0 0 0 0 0 0 0 1024 0 0 0 0 0 0 0 1024 
0 0 0 0 0 0 0 1024 0 0 0 0 0 0 0 1024 0 0 0 0 0 0 0 1024 
0 0 0 0 0 0 343 681 0 0 0 0 0 0 0 1024 0 0 0 0 0 0 0 1024 
0 0 0 0 0 0 945 79 0 0 0 0 0 0 0 1024 0 0 0 0 0 0 0 1024 
0 0 0 0 0 0 1002 22 0 0 0 0 0 0 0 1024 0 0 0 0 0 0 0 1024 
0 0 0 0 0 0 961 63 0 0 0 0 0 0 0 1024 0 0 0 0 0 0 0 1024 
4 278 212 110 37 13 280 90 1 225 210 137 57 16 13 365 44 249 202 90 38 21 14 366 
1 356 461 183 23 0 0 0 0 253 509 221 41 0 0 0 23 597 283 109 12 0 0 0 
0 304 592 121 7 0 0 0 0 302 565 148 9 0 0 0 50 689 250 34 1 0 0 0 
15 310 422 130 86 40 14 7 14 338 400 130 85 35 15 7 127 560 165 85 45 21 10 11 
17 252 434 229 75 17 0 0 21 265 456 211 58 13 0 0 108 588 242 66 17 3 0 0 
2 94 411 295 161 49 12 0 5 145 407 272 153 37 5 0 46 465 298 141 52 21 1 0 
6 77 527 208 148 53 5 0 7 145 511 187 135 36 3 0 32 585 199 125 60 20 3 0 
5 386 429 135 53 12 2 2 10 438 396 122 44 10 2 2 154 656 144 43 17 6 2 2 
12 551 399 56 4 2 0 0 12 724 237 46 4 0 1 0 271 688 53 10 1 1 0 0 
5 719 257 33 7 3 0 0 13 813 175 15 6 2 0 0 290 696 30 4 4 0 0 0 
1 488 489 41 4 1 0 0 0 692 299 29 3 1 0 0 103 880 37 3 1 0 0 0 
36 564 378 26 14 1 5 0 19 689 276 21 13 1 5 0 178 791 29 14 7 0 2 3 
3 692 249 43 21 14 2 0 7 758 191 35 19 12 2 0 161 758 64 18 9 10 3 1 
2 565 309 89 42 14 3 0 2 639 235 87 43 14 4 0 108 742 84 46 21 15 8 0 
81 530 343 64 5 1 0 0 96 538 320 66 3 1 0 0 316 564 118 22 3 1 0 0 
225 665 103 21 7 3 0 0 218 692 88 17 7 2 0 0 480 496 35 7 5 1 0 0 
24 578 206 94 34 21 12 55 24 602 189 88 32 18 12 59 306 467 98 55 15 11 6 66 
0 41 307 180 55 16 26 399 0 59 329 151 45 9 19 412 14 345 159 51 16 6 13 420 
1 132 150 53 51 22 6 609 1 148 140 57 41 22 5 610 30 231 54 45 30 16 7 611 
4 76 26 10 8 6 11 883 0 73 29 11 9 4 8 890 4 77 21 7 9 6 5 895 
0 0 0 0 0 0 0 1024 0 0 0 0 0 0 0 1024 0 0 0 0 0 0 0 1024 
0 0 0 0 0 0 0 1024 0 0 0 0 0 0 0 1024 0 0 0 0 0 0 0 1024 
0 0 0 0 0 0 0 1024 0 0 0 0 0 0 0 1024 0 0 0 0 0 0 0 1024 
0 0 0 0 0 0 0 1024 0 0 0 0 0 0 0 1024 0 0 0 0 0 0 0 1024 
0 0 0 0 0 0 0 1024 0 0 0 0 0 0 0 1024 0 0 0 0 0 0 0 1024 
0 0 0 0 0 0 0 1024 0 0 0 0 0 0 0 1024 0 0 0 0 0 0 0 1024 
0 0 0 0 0 0 0 1024 0 0 0 0 0 0 0 1024 0 0 0 0 0 0 0 1024 
0 0 0 0 0 0 0 1024 0 0 0 0 0 0 0 1024 0 0 0 0 0 0 0 1024 
0 0 0 0 0 0 1024 0 0 0 0 0 0 0 0 1024 0 0 0 0 0 0 0 1024 
0 0 0 0 0 0 1024 0 0 0 0 0 0 0 0 1024 0 0 0 0 0 0 0 1024 
0 0 0 0 0 0 1024 0 0 0 0 0 0 0 0 1024 0 0 0 0 0 0 0 1024 
0 0 0 0 0 0 1015 9 0 0 0 0 0 0 0 1024 0 0 0 0 0 0 0 1024 
0 0 0 0 0 0 894 130 0 0 0 0 0 0 0 1024 0 0 0 0 0 0 0 1024 
0 0 0 0 0 0 724 300 0 0 0 0 0 0 0 1024 0 0 0 0 0 0 0 1024 
0 0 0 0 0 0 701 323 0 0 0 0 0 0 0 1024 0 0 0 0 0 0 0 1024 
0 0 0 0 0 0 718 306 0 0 0 0 0 0 0 1024 0 0 0 0 0 0 0 1024 
0 0 0 0 0 0 871 153 0 0 0 0 0 0 0 1024 0 0 0 0 0 0 0 1024 
0 0 0 0 0 0 863 161 0 0 0 0 0 0 0 1024 0 0 0 0 0 0 0 1024 
0 0 0 0 0 0 669 355 0 0 0 0 0 0 0 1024 0 0 0 0 0 0 0 1024 
0 6 5 8 4 4 190 807 0 4 5 8 6 2 3 996 0 6 3 6 7 1 5 996 
89 357 128 114 62 18 38 218 63 350 137 121 72 20 9 252 232 239 142 76 46 21 12 256 
91 391 291 150 83 18 0 0 79 379 292 159 94 20 1 0 234 437 187 104 49 10 3 0 
14 172 379 292 131 26 9 1 13 168 374 307 128 25 8 1 83 360 358 139 58 14 8 4 
0 181 390 269 140 37 4 3 1 205 392 256 137 27 3 3 58 458 302 149 41 10 3 3 
1 75 348 422 119 44 11 4 2 115 356 395 108 36 8 4 36 430 389 88 49 22 5 5 
4 19 183 511 225 55 21 6 6 28 205 509 202 51 18 5 17 198 501 209 52 33 8 6 
7 11 237 364 216 163 26 0 8 12 269 353 226 144 12 0 17 225 394 174 140 64 10 0 
0 40 278 376 224 90 12 4 0 59 322 377 190 63 9 4 27 306 353 207 95 23 6 7 
10 201 343 240 118 88 22 2 12 232 359 202 121 81 14 3 138 431 206 107 72 56 10 4 
64 354 284 192 106 15 9 0 62 427 251 174 90 15 5 0 241 481 172 104 11 12 3 0 
52 409 331 160 54 11 7 0 66 453 309 143 41 8 4 0 250 553 146 47 15 7 5 1 
111 506 261 108 31 6 1 0 120 562 218 96 24 3 1 0 432 444 112 27 7 2 0 0 
39 506 293 123 50 12 1 0 56 544 274 101 40 9 0 0 354 479 129 47 10 5 0 0 
68 596 231 92 25 9 3 0 94 637 181 81 22 7 2 0 454 435 91 29 10 2 2 1 
378 588 47 8 3 0 0 0 365 605 43 7 4 0 0 0 836 167 15 3 3 0 0 0 
271 584 118 39 12 0 0 0 254 633 94 33 10 0 0 0 631 331 48 14 0 0 0 0 
81 594 211 81 32 15 8 2 87 630 187 72 25 14 6 3 465 416 80 27 16 10 5 5 
2 375 472 129 33 10 2 1 7 463 420 101 20 10 2 1 290 589 107 24 8 3 1 2 
7 452 493 54 6 3 5 4 4 642 326 35 4 4 3 6 201 763 39 5 2 5 2 7 
7 77 101 21 19 5 11 783 0 77 98 25 17 11 5 791 5 115 61 21 10 10 7 795 
0 0 0 0 0 0 0 1024 0 0 0 0 0 0 0 1024 0 0 0 0 0 0 0 1024 
0 0 0 0 0 0 0 1024 0 0 0 0 0 0 0 1024 0 0 0 0 0 0 0 1024 
0 0 0 0 0 0 0 1024 0 0 0 0 0 0 0 1024 0 0 0 0 0 0 0 1024 
0 0 0 0 0 0 3 1021 0 0 0 0 0 0 0 1024 0 0 0 0 0 0 0 1024 
0 0 0 0 0 0 0 1024 0 0 0 0 0 0 0 1024 0 0 0 0 0 0 0 1024 
0 0 0 0 0 0 0 1024 0 0 0 0 0 0 0 1024 0 0 0 0 0 0 0 1024 
0 0 0 0 0 0 0 1024 0 0 0 0 0 0 0 1024 0 0 0 0 0 0 0 1024 
0 0 0 0 0 0 0 1024 0 0 0 0 0 0 0 1024 0 0 0 0 0 0 0 1024 
0 0 0 0 0 0 247 777 0 0 0 0 0 0 0 1024 0 0 0 0 0 0 0 1024 
0 0 0 0 0 0 667 357 0 0 0 0 0 0 0 1024 0 0 0 0 0 0 0 1024 
0 0 0 0 0 0 1024 0 0 0 0 0 0 0 0 1024 0 0 0 0 0 0 0 1024 
0 0 0 0 0 0 1024 0 0 0 0 0 0 0 0 1024 0 0 0 0 0 0 0 1024 
0 0 0 0 0 0 1024 0 0 0 0 0 0 0 0 1024 0 0 0 0 0 0 0 1024 
0 0 0 0 0 0 1023 1 0 0 0 0 0 0 0 1024 0 0 0 0 0 0 0 1024 
0 0 0 0 0 0 1024 0 0 0 0 0 0 0 0 1024 0 0 0 0 0 0 0 1024 
0 0 0 0 0 0 1024 0 0 0 0 0 0 0 0 1024 0 0 0 0 0 0 0 1024 
0 0 0 0 0 0 1001 23 0 0 0 0 0 0 0 1024 0 0 0 0 0 0 0 1024 
0 0 0 0 0 0 957 67 0 0 0 0 0 0 0 1024 0 0 0 0 0 0 0 1024 
0 0 0 0 0 0 815 209 0 0 0 0 0 0 0 1024 0 0 0 0 0 0 0 1024 
0 31 251 121 50 10 250 311 0 11 208 163 59 14 13 556 1 74 229 93 41 10 14 562 
10 342 441 203 27 1 0 0 8 316 436 221 42 1 0 0 116 564 244 76 18 6 0 0 
2 151 435 329 80 27 0 0 1 143 405 340 103 32 0 0 45 426 341 135 47 19 11 0 
3 169 548 266 27 10 1 0 4 208 494 281 24 11 2 0 72 571 317 43 10 9 2 0 
3 261 460 216 53 23 6 2 16 319 439 171 53 21 3 2 209 530 195 47 29 8 3 3 
0 237 458 254 46 29 0 0 5 367 413 171 45 23 0 0 233 542 180 27 24 16 2 0 
0 95 256 383 246 23 20 1 3 168 242 348 220 25 18 0 88 311 361 189 43 17 15 0 
0 88 348 513 71 4 0 0 3 123 402 448 47 1 0 0 74 455 445 45 5 0 0 0 
7 260 513 236 7 1 0 0 10 346 517 144 6 1 0 0 203 683 130 7 1 0 0 0 
39 367 408 123 11 3 8 65 35 406 424 75 7 4 3 70 228 609 97 11 0 4 4 71 
378 235 131 184 58 9 2 27 357 260 158 149 64 6 3 27 448 287 173 60 23 2 4 27 
431 177 304 93 17 2 0 0 428 199 315 65 16 1 0 0 546 390 70 13 5 0 0 0 
402 190 296 122 12 2 0 0 407 244 269 90 13 1 0 0 508 386 114 15 0 1 0 0 
235 549 197 37 5 1 0 0 280 553 158 28 5 0 0 0 573 395 46 9 1 0 0 0 
55 561 284 100 21 3 0 0 56 620 238 92 15 3 0 0 467 440 88 21 8 0 0 0 
143 669 155 41 12 4 0 0 136 693 140 37 13 5 0 0 545 395 53 19 11 1 0 0 
325 596 101 2 0 0 0 0 314 624 86 0 0 0 0 0 714 309 1 0 0 0 0 0 
119 289 380 199 32 5 0 0 123 394 366 109 32 0 0 0 452 477 65 23 7 0 0 0 
7 154 254 328 220 51 9 1 17 204 254 316 189 37 7 0 158 384 290 134 36 16 5 1 
0 280 572 124 46 2 0 0 0 417 486 97 24 0 0 0 183 746 82 13 0 0 0 0 
1 39 269 83 12 4 12 604 0 42 295 53 8 8 9 609 5 315 64 5 5 11 7 612 
0 0 0 0 0 0 0 1024 0 0 0 0 0 0 0 1024 0 0 0 0 0 0 0 1024 
0 0 0 0 0 0 0 1024 0 0 0 0 0 0 0 1024 0 0 0 0 0 0 0 1024 
0 0 0 0 0 0 0 1024 0 0 0 0 0 0 0 1024 0 0 0 0 0 0 0 1024 
0 0 0 0 0 0 0 1024 0 0 0 0 0 0 0 1024 0 0 0 0 0 0 0 1024 
0 0 0 0 0 0 0 1024 0 0 0 0 0 0 0 1024 0 0 0 0 0 0 0 1024 
0 0 0 0 0 0 0 1024 0 0 0 0 0 0 0 1024 0 0 0 0 0 0 0 1024 
0 0 0 0 0 0 0 1024 0 0 0 0 0 0 0 1024 0 0 0 0 0 0 0 1024 
0 0 0 0 0 0 0 1024 0 0 0 0 0 0 0 1024 0 0 0 0 0 0 0 1024 
0 0 0 0 0 0 4 1020 0 0 0 0 0 0 0 1024 0 0 0 0 0 0 0 1024 
0 0 0 0 0 0 2 1022 0 0 0 0 0 0 0 1024 0 0 0 0 0 0 0 1024 
0 0 0 0 0 0 410 614 0 0 0 0 0 0 0 1024 0 0 0 0 0 0 0 1024 
0 0 0 0 0 0 843 181 0 0 0 0 0 0 0 1024 0 0 0 0 0 0 0 1024 
0 0 0 0 0 0 736 288 0 0 0 0 0 0 0 1024 0 0 0 0 0 0 0 1024 
0 0 0 0 0 0 294 730 0 0 0 0 0 0 0 1024 0 0 0 0 0 0 0 1024 
0 0 0 0 0 0 199 825 0 0 0 0 0 0 0 1024 0 0 0 0 0 0 0 1024 
0 0 0 0 0 0 468 556 0 0 0 0 0 0 0 1024 0 0 0 0 0 0 0 1024 
0 0 0 0 0 0 406 618 0 0 0 0 0 0 0 1024 0 0 0 0 0 0 0 1024 
0 0 0 0 0 0 260 764 0 0 0 0 0 0 0 1024 0 0 0 0 0 0 0 1024 
0 0 0 0 0 0 173 851 0 0 0 0 0 0 0 1024 0 0 0 0 0 0 0 1024 
1 11 104 75 34 21 154 624 0 2 82 89 37 27 14 773 0 20 105 53 27 22 16 781 
3 93 242 458 178 46 4 0 6 73 226 432 236 46 5 0 27 214 326 320 92 32 11 2 
31 339 301 180 89 73 11 0 26 343 313 170 87 76 9 0 241 396 181 88 55 49 13 1 
3 339 258 143 163 106 12 0 5 403 199 125 172 107 13 0 292 305 112 129 102 72 12 0 
2 546 373 38 33 30 2 0 10 763 162 29 33 26 1 0 645 279 37 27 16 19 1 0 
0 381 385 74 103 67 14 0 6 617 161 58 98 71 13 0 508 276 56 56 86 33 9 0 
2 282 425 144 83 59 28 1 15 506 224 116 80 59 23 1 402 336 113 70 50 31 20 2 
1 282 519 108 70 36 8 0 2 597 251 89 58 22 5 0 466 386 90 52 21 9 0 0 
2 353 588 72 9 0 0 0 6 624 359 32 3 0 0 0 428 564 24 8 0 0 0 0 
0 56 103 91 27 7 3 737 0 71 128 65 13 6 3 738 24 154 68 24 6 6 4 738 
417 266 50 13 6 8 10 254 373 299 59 11 9 5 12 256 461 202 55 18 9 7 9 263 
696 280 30 4 6 6 1 1 682 312 12 3 6 7 1 1 808 194 2 4 7 4 4 1 
683 309 32 0 0 0 0 0 675 331 18 0 0 0 0 0 818 206 0 0 0 0 0 0 
679 281 64 0 0 0 0 0 658 323 43 0 0 0 0 0 845 179 0 0 0 0 0 0 
102 401 341 157 22 1 0 0 99 464 359 91 10 1 0 0 366 555 92 10 1 0 0 0 
107 335 391 181 10 0 0 0 109 461 344 107 3 0 0 0 425 507 87 5 0 0 0 0 
425 468 131 0 0 0 0 0 422 561 41 0 0 0 0 0 787 237 0 0 0 0 0 0 
255 489 276 4 0 0 0 0 299 624 99 2 0 0 0 0 752 270 2 0 0 0 0 0 
23 154 356 398 87 6 0 0 32 233 441 278 36 4 0 0 216 628 156 21 3 0 0 0 
0 185 418 295 118 8 0 0 0 332 416 236 37 3 0 0 237 610 158 15 4 0 0 0 
1 44 271 218 76 13 16 385 0 62 330 187 28 9 12 396 30 375 159 24 13 14 10 399 
0 0 0 0 0 0 0 1024 0 0 0 0 0 0 0 1024 0 0 0 0 0 0 0 1024 
0 0 0 0 0 0 0 1024 0 0 0 0 0 0 0 1024 0 0 0 0 0 0 0 1024 
0 0 0 0 0 0 0 1024 0 0 0 0 0 0 0 1024 0 0 0 0 0 0 0 1024 
0 0 0 0 0 0 0 1024 0 0 0 0 0 0 0 1024 0 0 0 0 0 0 0 1024 
0 0 0 0 0 0 0 1024 0 0 0 0 0 0 0 1024 0 0 0 0 0 0 0 1024 
0 0 0 0 0 0 0 1024 0 0 0 0 0 0 0 1024 0 0 0 0 0 0 0 1024 
0 0 0 0 0 0 0 1024 0 0 0 0 0 0 0 1024 0 0 0 0 0 0 0 1024 
0 0 0 0 0 0 0 1024 0 0 0 0 0 0 0 1024 0 0 0 0 0 0 0 1024 
0 0 0 0 0 0 39 985 0 0 0 0 0 0 0 1024 0 0 0 0 0 0 0 1024 
0 0 0 0 0 0 85 939 0 0 0 0 0 0 0 1024 0 0 0 0 0 0 0 1024 
0 0 0 0 0 0 401 623 0 0 0 0 0 0 0 1024 0 0 0 0 0 0 0 1024 
0 0 0 0 0 0 9 1015 0 0 0 0 0 0 0 1024 0 0 0 0 0 0 0 1024 
0 0 0 0 0 0 11 1013 0 0 0 0 0 0 0 1024 0 0 0 0 0 0 0 1024 
0 0 0 0 0 0 2 1022 0 0 0 0 0 0 0 1024 0 0 0 0 0 0 0 1024 
0 0 0 0 0 0 135 889 0 0 0 0 0 0 0 1024 0 0 0 0 0 0 0 1024 
0 0 0 0 0 0 34 990 0 0 0 0 0 0 0 1024 0 0 0 0 0 0 0 1024 
0 0 0 0 0 0 5 1019 0 0 0 0 0 0 0 1024 0 0 0 0 0 0 0 1024 
0 0 0 0 0 0 0 1024 0 0 0 0 0 0 0 1024 0 0 0 0 0 0 0 1024 
0 0 0 0 0 0 0 1024 0 0 0 0 0 0 0 1024 0 0 0 0 0 0 0 1024 
1 25 97 80 52 41 16 712 1 11 71 105 50 47 20 719 4 33 83 70 36 44 27 727 
19 229 276 234 156 92 18 0 18 236 276 206 153 116 19 0 109 360 217 118 105 82 30 3 
131 300 273 193 92 31 4 0 145 306 272 165 97 37 2 0 351 352 161 85 57 15 3 0 
76 173 342 245 110 74 4 0 96 194 361 192 112 67 2 0 245 406 185 98 61 27 2 0 
0 33 248 392 209 102 40 0 2 67 278 346 204 96 31 0 55 360 287 164 66 70 22 0 
15 133 245 355 132 83 58 3 41 159 263 316 115 72 58 0 152 367 261 78 68 51 46 1 
0 10 352 427 105 58 67 5 0 54 483 274 87 57 64 5 40 551 216 63 53 40 54 7 
0 6 305 239 169 222 82 1 0 26 378 176 159 206 78 1 19 410 156 117 117 137 67 1 
0 69 316 361 97 126 34 21 7 106 426 230 84 121 29 21 71 506 180 71 76 81 16 23 
0 5 12 11 13 9 3 971 0 6 14 12 14 4 3 971 1 11 11 10 9 6 4 972 
34 79 5 3 6 5 3 889 6 103 7 3 3 6 7 889 20 79 15 4 3 5 7 891 
638 242 4 4 7 1 8 120 495 379 8 5 5 3 7 122 687 175 15 6 6 5 3 127 
981 43 0 0 0 0 0 0 934 90 0 0 0 0 0 0 1011 13 0 0 0 0 0 0 
850 174 0 0 0 0 0 0 856 168 0 0 0 0 0 0 957 67 0 0 0 0 0 0 
797 212 15 0 0 0 0 0 829 193 2 0 0 0 0 0 970 54 0 0 0 0 0 0 
83 578 284 76 3 0 0 0 98 680 194 49 3 0 0 0 555 414 49 6 0 0 0 0 
166 666 150 41 1 0 0 0 175 748 81 20 0 0 0 0 860 150 14 0 0 0 0 0 
29 618 345 28 4 0 0 0 50 780 176 15 3 0 0 0 683 325 11 3 2 0 0 0 
0 247 458 229 69 21 0 0 4 438 358 161 52 11 0 0 362 489 119 46 8 0 0 0 
0 169 415 399 41 0 0 0 2 247 522 249 4 0 0 0 207 719 98 0 0 0 0 0 
0 154 335 272 38 10 23 192 0 173 429 178 16 8 13 207 62 564 149 11 9 6 10 213 
0 0 0 0 0 0 0 1024 0 0 0 0 0 0 0 1024 0 0 0 0 0 0 0 1024 
0 0 0 0 0 0 0 1024 0 0 0 0 0 0 0 1024 0 0 0 0 0 0 0 1024 
0 0 0 0 0 0 0 1024 0 0 0 0 0 0 0 1024 0 0 0 0 0 0 0 1024 
0 0 0 0 0 0 0 1024 0 0 0 0 0 0 0 1024 0 0 0 0 0 0 0 1024 
0 0 0 0 0 0 0 1024 0 0 0 0 0 0 0 1024 0 0 0 0 0 0 0 1024 
0 0 0 0 0 0 0 1024 0 0 0 0 0 0 0 1024 0 0 0 0 0 0 0 1024 
0 0 0 0 0 0 0 1024 0 0 0 0 0 0 0 1024 0 0 0 0 0 0 0 1024 
0 0 0 0 0 0 0 1024 0 0 0 0 0 0 0 1024 0 0 0 0 0 0 0 1024 
0 0 0 0 0 0 767 257 0 0 0 0 0 0 0 1024 0 0 0 0 0 0 0 1024 
0 0 0 0 0 0 814 210 0 0 0 0 0 0 0 1024 0 0 0 0 0 0 0 1024 
0 0 0 0 0 0 789 235 0 0 0 0 0 0 0 1024 0 0 0 0 0 0 0 1024 
0 0 0 0 0 0 705 319 0 0 0 0 0 0 0 1024 0 0 0 0 0 0 0 1024 
0 0 0 0 0 0 631 393 0 0 0 0 0 0 0 1024 0 0 0 0 0 0 0 1024 
0 0 0 0 0 0 624 400 0 0 0 0 0 0 0 1024 0 0 0 0 0 0 0 1024 
0 0 0 0 0 0 371 653 0 0 0 0 0 0 0 1024 0 0 0 0 0 0 0 1024 
0 0 0 0 0 0 61 963 0 0 0 0 0 0 0 1024 0 0 0 0 0 0 0 1024 
0 0 0 0 0 0 20 1004 0 0 0 0 0 0 0 1024 0 0 0 0 0 0 0 1024 
0 0 0 0 0 0 0 1024 0 0 0 0 0 0 0 1024 0 0 0 0 0 0 0 1024 
0 0 0 0 0 0 0 1024 0 0 0 0 0 0 0 1024 0 0 0 0 0 0 0 1024 
1 15 165 124 25 17 13 664 0 5 160 130 26 20 13 670 0 69 182 46 20 18 13 676 
1 146 379 252 127 113 6 0 2 221 309 230 121 131 10 0 181 290 245 103 82 97 26 0 
81 659 255 29 0 0 0 0 170 664 176 14 0 0 0 0 797 215 12 0 0 0 0 0 
12 703 219 59 22 5 4 0 43 770 138 47 16 7 3 0 614 340 40 18 6 5 1 0 
57 253 326 290 79 16 3 0 61 287 379 233 44 17 3 0 288 507 175 30 14 9 1 0 
2 217 508 275 21 1 0 0 16 337 531 132 8 0 0 0 281 641 94 7 1 0 0 0 
1 317 358 312 31 5 0 0 9 511 321 158 22 3 0 0 391 510 88 27 7 1 0 0 
1 47 439 534 3 0 0 0 4 83 797 140 0 0 0 0 73 913 38 0 0 0 0 0 
15 341 334 135 25 11 12 151 40 429 301 61 17 15 10 151 298 454 62 22 12 11 11 154 
0 0 0 0 0 0 0 1024 0 0 0 0 0 0 0 1024 0 0 0 0 0 0 0 1024 
0 0 0 0 0 0 0 1024 0 0 0 0 0 0 0 1024 0 0 0 0 0 0 0 1024 
24 126 6 5 7 8 8 840 3 142 9 5 6 6 7 846 21 115 15 4 8 4 8 849 
670 340 2 2 1 2 2 5 499 509 3 3 1 1 2 6 782 219 9 3 2 0 3 6 
812 212 0 0 0 0 0 0 739 285 0 0 0 0 0 0 935 89 0 0 0 0 0 0 
808 216 0 0 0 0 0 0 767 257 0 0 0 0 0 0 988 36 0 0 0 0 0 0 
454 559 9 2 0 0 0 0 415 598 9 2 0 0 0 0 821 202 1 0 0 0 0 0 
39 616 320 49 0 0 0 0 56 700 248 20 0 0 0 0 598 408 18 0 0 0 0 0 
93 701 173 44 11 2 0 0 83 770 138 29 4 0 0 0 563 445 14 2 0 0 0 0 
0 91 584 314 34 1 0 0 2 208 691 109 14 0 0 0 221 734 61 8 0 0 0 0 
3 188 439 365 29 0 0 0 11 294 583 134 2 0 0 0 247 744 32 1 0 0 0 0 
1 261 293 203 31 7 19 209 1 295 380 100 9 5 11 223 138 527 100 12 7 6 8 226 
0 0 0 0 0 0 0 1024 0 0 0 0 0 0 0 1024 0 0 0 0 0 0 0 1024 
0 0 0 0 0 0 0 1024 0 0 0 0 0 0 0 1024 0 0 0 0 0 0 0 1024 
0 0 0 0 0 0 0 1024 0 0 0 0 0 0 0 1024 0 0 0 0 0 0 0 1024 
0 0 0 0 0 0 0 1024 0 0 0 0 0 0 0 1024 0 0 0 0 0 0 0 1024 
0 0 0 0 0 0 0 1024 0 0 0 0 0 0 0 1024 0 0 0 0 0 0 0 1024 
0 0 0 0 0 0 0 1024 0 0 0 0 0 0 0 1024 0 0 0 0 0 0 0 1024 
0 0 0 0 0 0 0 1024 0 0 0 0 0 0 0 1024 0 0 0 0 0 0 0 1024 
0 0 0 0 0 0 0 1024 0 0 0 0 0 0 0 1024 0 0 0 0 0 0 0 1024 
0 0 0 0 0 0 1024 0 0 0 0 0 0 0 81 943 0 0 0 0 0 0 0 1024 
0 0 0 0 0 0 1024 0 0 0 0 0 0 0 0 1024 0 0 0 0 0 0 0 1024 
0 0 0 0 0 0 1024 0 0 0 0 0 0 0 0 1024 0 0 0 0 0 0 0 1024 
0 0 0 0 0 0 1014 10 0 0 0 0 0 0 0 1024 0 0 0 0 0 0 0 1024 
0 0 0 0 0 0 1010 14 0 0 0 0 0 0 0 1024 0 0 0 0 0 0 0 1024 
0 0 0 0 0 0 916 108 0 0 0 0 0 0 0 1024 0 0 0 0 0 0 0 1024 
0 0 0 0 0 0 530 494 0 0 0 0 0 0 0 1024 0 0 0 0 0 0 0 1024 
0 0 0 0 0 0 378 646 0 0 0 0 0 0 0 1024 0 0 0 0 0 0 0 1024 
0 0 0 0 0 0 247 777 0 0 0 0 0 0 0 1024 0 0 0 0 0 0 0 1024 
0 0 0 0 0 0 71 953 0 0 0 0 0 0 0 1024 0 0 0 0 0 0 0 1024 
0 0 0 0 0 0 14 1010 0 0 0 0 0 0 0 1024 0 0 0 0 0 0 0 1024 
27 48 51 53 42 14 28 761 5 55 54 46 54 13 14 783 13 47 74 51 26 14 11 788 
422 233 103 92 141 29 4 0 428 250 82 72 138 50 4 0 589 159 72 83 92 25 4 0 
384 429 109 63 21 16 2 0 460 373 102 52 22 14 1 0 788 144 51 17 13 9 2 0 
239 426 133 139 65 19 3 0 325 382 125 122 56 12 2 0 643 185 117 57 17 5 0 0 
244 404 188 97 49 37 4 1 407 307 156 75 49 27 3 0 651 222 72 39 28 10 2 0 
89 475 244 113 65 31 7 0 169 486 193 89 54 27 6 0 579 269 79 52 27 15 3 0 
106 632 212 74 0 0 0 0 226 620 167 11 0 0 0 0 798 226 0 0 0 0 0 0 
138 692 146 48 0 0 0 0 330 594 96 4 0 0 0 0 880 144 0 0 0 0 0 0 
14 512 216 41 42 27 9 163 43 581 120 40 38 30 8 164 421 306 41 31 29 22 9 165 
0 1 4 5 11 9 17 977 0 1 4 6 10 9 8 986 0 3 4 6 9 7 8 987 
0 0 0 0 0 0 1 1023 0 0 0 0 0 0 0 1024 0 0 0 0 0 0 0 1024 
0 0 0 0 0 0 0 1024 0 0 0 0 0 0 0 1024 0 0 0 0 0 0 0 1024 
305 133 9 7 7 9 23 531 212 214 17 6 9 10 10 546 255 161 21 10 7 6 12 552 
944 80 0 0 0 0 0 0 912 112 0 0 0 0 0 0 987 37 0 0 0 0 0 0 
880 144 0 0 0 0 0 0 839 185 0 0 0 0 0 0 1007 17 0 0 0 0 0 0 
397 606 21 0 0 0 0 0 346 668 10 0 0 0 0 0 775 249 0 0 0 0 0 0 
242 608 171 3 0 0 0 0 263 649 112 0 0 0 0 0 735 288 1 0 0 0 0 0 
16 907 101 0 0 0 0 0 41 958 25 0 0 0 0 0 740 284 0 0 0 0 0 0 
0 231 599 179 15 0 0 0 13 455 479 73 4 0 0 0 396 589 36 3 0 0 0 0 
0 54 396 490 84 0 0 0 0 156 566 298 4 0 0 0 121 745 156 2 0 0 0 0 
9 178 254 52 20 10 24 477 2 268 188 39 10 9 11 497 63 373 53 10 5 10 8 502 
0 0 0 0 0 0 0 1024 0 0 0 0 0 0 0 1024 0 0 0 0 0 0 0 1024 
0 0 0 0 0 0 0 1024 0 0 0 0 0 0 0 1024 0 0 0 0 0 0 0 1024 
0 0 0 0 0 0 3 1021 0 0 0 0 0 0 0 1024 0 0 0 0 0 0 0 1024 
0 0 0 0 0 0 0 1024 0 0 0 0 0 0 0 1024 0 0 0 0 0 0 0 1024 
0 0 0 0 0 0 0 1024 0 0 0 0 0 0 0 1024 0 0 0 0 0 0 0 1024 
0 0 0 0 0 0 0 1024 0 0 0 0 0 0 0 1024 0 0 0 0 0 0 0 1024 
0 0 0 0 0 0 0 1024 0 0 0 0 0 0 0 1024 0 0 0 0 0 0 0 1024 
0 0 0 0 0 0 0 1024 0 0 0 0 0 0 0 1024 0 0 0 0 0 0 0 1024 
0 0 0 0 0 0 1024 0 0 0 0 0 0 0 924 100 0 0 0 0 0 0 0 1024 
0 0 0 0 0 0 1024 0 0 0 0 0 0 0 490 534 0 0 0 0 0 0 0 1024 
0 0 0 0 0 0 1024 0 0 0 0 0 0 0 197 827 0 0 0 0 0 0 0 1024 
0 0 0 0 0 0 1024 0 0 0 0 0 0 0 78 946 0 0 0 0 0 0 0 1024 
0 0 0 0 0 0 1024 0 0 0 0 0 0 0 11 1013 0 0 0 0 0 0 0 1024 
0 0 0 0 0 0 1024 0 0 0 0 0 0 0 0 1024 0 0 0 0 0 0 0 1024 
0 0 0 0 0 0 918 106 0 0 0 0 0 0 0 1024 0 0 0 0 0 0 0 1024 
0 0 0 0 0 0 927 97 0 0 0 0 0 0 0 1024 0 0 0 0 0 0 0 1024 
0 0 0 0 0 0 528 496 0 0 0 0 0 0 0 1024 0 0 0 0 0 0 0 1024 
0 0 0 0 0 0 369 655 0 0 0 0 0 0 0 1024 0 0 0 0 0 0 0 1024 
0 0 0 0 0 0 297 727 0 0 0 0 0 0 0 1024 0 0 0 0 0 0 0 1024 
7 42 14 5 3 10 670 273 0 36 20 8 3 5 9 943 0 30 27 7 3 5 6 946 
98 390 271 145 83 22 9 6 79 419 259 151 74 22 7 13 327 387 167 81 33 8 4 17 
82 259 292 238 112 36 5 0 104 282 270 235 100 29 4 0 306 333 233 94 38 16 4 0 
15 386 339 151 102 29 2 0 63 501 227 123 92 18 0 0 448 342 124 81 20 9 0 0 
52 395 297 156 73 44 7 0 139 384 272 130 61 37 1 0 459 337 123 54 36 15 0 0 
42 311 315 150 117 77 12 0 107 322 285 119 116 68 7 0 372 341 115 93 64 34 5 0 
317 576 90 16 14 6 5 0 485 448 53 14 14 7 3 0 892 93 13 12 6 6 2 0 
347 604 72 1 0 0 0 0 503 496 24 1 0 0 0 0 904 119 1 0 0 0 0 0 
11 523 327 91 59 13 0 0 41 535 298 92 49 9 0 0 357 498 104 52 11 2 0 0 
3 183 439 183 93 38 42 43 6 174 453 181 87 37 30 56 64 502 221 84 45 20 23 65 
2 221 261 145 45 32 87 231 0 207 282 152 34 29 19 301 43 383 174 56 17 29 15 307 
1 162 140 41 8 8 218 446 0 147 154 41 9 9 16 648 12 247 57 26 8 9 10 655 
1 6 5 1 3 2 521 485 0 7 2 4 1 4 1 1005 1 4 2 5 1 3 2 1006 
465 487 9 6 1 7 17 32 375 576 8 7 2 2 8 46 733 208 15 9 2 2 5 50 
939 85 0 0 0 0 0 0 922 102 0 0 0 0 0 0 1021 3 0 0 0 0 0 0 
858 165 1 0 0 0 0 0 911 112 1 0 0 0 0 0 1013 11 0 0 0 0 0 0 
459 564 1 0 0 0 0 0 602 421 1 0 0 0 0 0 998 26 0 0 0 0 0 0 
55 733 234 2 0 0 0 0 158 777 89 0 0 0 0 0 839 185 0 0 0 0 0 0 
33 541 253 148 36 13 0 0 73 598 259 61 29 4 0 0 579 355 61 26 3 0 0 0 
0 178 422 374 44 6 0 0 4 299 550 146 21 4 0 0 233 636 128 22 5 0 0 0 
0 123 395 240 20 14 28 204 0 227 435 104 16 8 12 222 122 535 96 20 10 7 9 225 
0 102 197 111 30 12 74 498 2 138 198 73 25 14 15 559 46 241 100 33 15 12 11 566 
1 5 22 5 2 3 36 950 0 4 23 6 1 2 5 983 1 19 7 5 2 2 4 984 
0 0 0 0 0 0 1 1023 0 0 0 0 0 0 0 1024 0 0 0 0 0 0 0 1024 
0 0 0 0 0 0 0 1024 0 0 0 0 0 0 0 1024 0 0 0 0 0 0 0 1024 
0 0 0 0 0 0 0 1024 0 0 0 0 0 0 0 1024 0 0 0 0 0 0 0 1024 
0 0 0 0 0 0 0 1024 0 0 0 0 0 0 0 1024 0 0 0 0 0 0 0 1024 
0 0 0 0 0 0 0 1024 0 0 0 0 0 0 0 1024 0 0 0 0 0 0 0 1024 
0 0 0 0 0 0 3 1021 0 0 0 0 0 0 0 1024 0 0 0 0 0 0 0 1024 
0 0 0 0 0 446 578 0 0 0 0 0 0 0 1024 0 0 0 0 0 0 0 0 1024 
0 0 0 0 0 351 673 0 0 0 0 0 0 0 1024 0 0 0 0 0 0 0 0 1024 
0 0 0 0 0 267 757 0 0 0 0 0 0 0 1024 0 0 0 0 0 0 0 0 1024 
0 0 0 0 0 79 945 0 0 0 0 0 0 0 996 28 0 0 0 0 0 0 0 1024 
0 0 0 0 0 9 1015 0 0 0 0 0 0 0 845 179 0 0 0 0 0 0 0 1024 
0 0 0 0 0 0 1024 0 0 0 0 0 0 0 607 417 0 0 0 0 0 0 0 1024 
0 0 0 0 0 0 1024 0 0 0 0 0 0 0 226 798 0 0 0 0 0 0 0 1024 
0 0 0 0 0 0 1024 0 0 0 0 0 0 0 42 982 0 0 0 0 0 0 0 1024 
0 0 0 0 0 0 1024 0 0 0 0 0 0 0 6 1018 0 0 0 0 0 0 0 1024 
0 0 0 0 0 0 1024 0 0 0 0 0 0 0 0 1024 0 0 0 0 0 0 0 1024 
0 0 0 3 3 7 1010 1 0 0 0 0 3 3 12 1006 0 0 0 0 0 4 5 1015 
0 47 102 48 15 11 778 23 0 56 106 32 13 12 19 786 20 108 53 16 9 11 11 796 
118 833 31 5 3 4 27 3 261 692 19 12 5 2 4 29 843 120 9 9 6 4 3 30 
163 857 4 0 0 0 0 0 414 610 0 0 0 0 0 0 1016 8 0 0 0 0 0 0 
34 606 382 2 0 0 0 0 227 643 154 0 0 0 0 0 867 157 0 0 0 0 0 0 
78 585 361 0 0 0 0 0 397 547 80 0 0 0 0 0 889 135 0 0 0 0 0 0 
25 630 366 3 0 0 0 0 184 692 148 0 0 0 0 0 859 165 0 0 0 0 0 0 
0 141 650 233 0 0 0 0 4 429 588 3 0 0 0 0 470 553 1 0 0 0 0 0 
9 180 517 296 17 5 0 0 23 420 490 77 9 5 0 0 357 627 27 8 5 0 0 0 
9 231 492 240 40 12 0 0 22 394 448 137 21 2 0 0 319 576 106 19 4 0 0 0 
85 449 255 94 102 39 0 0 14 626 168 100 82 34 0 0 421 389 95 75 42 2 0 0 
29 854 124 16 1 0 0 0 5 962 46 11 0 0 0 0 565 444 14 1 0 0 0 0 
7 749 99 9 9 12 97 42 1 797 57 9 4 16 9 131 212 622 20 10 3 9 11 137 
9 147 19 6 13 7 536 287 0 156 18 4 11 8 14 813 5 158 11 2 9 10 10 819 
178 376 9 2 11 11 293 144 99 449 10 6 6 10 12 432 337 201 17 7 4 8 11 439 
726 298 0 0 0 0 0 0 595 429 0 0 0 0 0 0 1012 12 0 0 0 0 0 0 
680 344 0 0 0 0 0 0 789 235 0 0 0 0 0 0 1021 3 0 0 0 0 0 0 
88 903 33 0 0 0 0 0 288 725 11 0 0 0 0 0 971 53 0 0 0 0 0 0 
1 676 347 0 0 0 0 0 18 836 170 0 0 0 0 0 741 282 1 0 0 0 0 0 
3 608 410 3 0 0 0 0 23 812 189 0 0 0 0 0 727 297 0 0 0 0 0 0 
0 391 620 13 0 0 0 0 0 822 202 0 0 0 0 0 571 453 0 0 0 0 0 0 
0 158 813 52 1 0 0 0 0 525 491 8 0 0 0 0 239 777 8 0 0 0 0 0 
0 362 605 54 3 0 0 0 0 693 320 10 1 0 0 0 165 846 11 2 0 0 0 0 
5 103 194 13 12 9 140 548 0 108 187 16 12 6 13 682 6 262 31 13 11 5 11 685 
0 0 0 0 0 0 13 1011 0 0 0 0 0 0 0 1024 0 0 0 0 0 0 0 1024 
0 0 0 0 0 0 12 1012 0 0 0 0 0 0 0 1024 0 0 0 0 0 0 0 1024 
0 0 0 0 0 0 137 887 0 0 0 0 0 0 0 1024 0 0 0 0 0 0 0 1024 
0 0 0 0 0 0 219 805 0 0 0 0 0 0 0 1024 0 0 0 0 0 0 0 1024 
0 0 0 0 0 0 633 391 0 0 0 0 0 0 0 1024 0 0 0 0 0 0 0 1024 
0 0 0 0 0 0 847 177 0 0 0 0 0 0 1 1023 0 0 0 0 0 0 0 1024 
0 0 0 0 0 1024 0 0 0 0 0 0 0 0 1024 0 0 0 0 0 0 0 0 1024 
0 0 0 0 0 1024 0 0 0 0 0 0 0 0 1024 0 0 0 0 0 0 0 0 1024 
0 0 0 0 0 1012 12 0 0 0 0 0 0 0 1024 0 0 0 0 0 0 0 0 1024 
0 0 0 0 0 816 208 0 0 0 0 0 0 0 1024 0 0 0 0 0 0 0 0 1024 
0 0 0 0 0 472 552 0 0 0 0 0 0 0 1024 0 0 0 0 0 0 0 0 1024 
0 0 0 0 0 104 920 0 0 0 0 0 0 0 1024 0 0 0 0 0 0 0 0 1024 
0 0 0 0 1 12 1011 0 0 0 0 0 0 3 948 73 0 0 0 0 0 0 6 1018 
0 0 0 0 0 10 1014 0 0 0 0 0 0 0 594 430 0 0 0 0 0 0 1 1023 
0 36 42 19 9 18 899 1 0 22 54 14 10 9 201 714 1 46 40 4 6 8 11 908 
0 126 300 105 31 20 432 10 0 127 312 91 28 13 65 388 45 361 103 26 22 11 11 445 
39 238 56 79 102 25 476 9 29 233 67 66 107 26 71 425 109 184 61 77 59 28 24 482 
314 498 192 3 3 2 8 4 309 522 172 4 2 2 2 11 626 361 20 0 2 2 1 12 
468 555 1 0 0 0 0 0 504 519 1 0 0 0 0 0 997 27 0 0 0 0 0 0 
492 532 0 0 0 0 0 0 675 349 0 0 0 0 0 0 1022 2 0 0 0 0 0 0 
305 591 128 0 0 0 0 0 451 528 45 0 0 0 0 0 955 69 0 0 0 0 0 0 
264 492 268 0 0 0 0 0 391 570 63 0 0 0 0 0 937 87 0 0 0 0 0 0 
277 548 199 0 0 0 0 0 387 618 19 0 0 0 0 0 946 78 0 0 0 0 0 0 
132 413 325 117 22 15 0 0 263 383 310 37 25 6 0 0 624 334 40 19 7 0 0 0 
109 582 261 72 0 0 0 0 220 618 183 3 0 0 0 0 814 210 0 0 0 0 0 0 
1 494 451 72 6 0 0 0 10 824 138 49 3 0 0 0 698 304 22 0 0 0 0 0 
4 632 379 9 0 0 0 0 9 835 178 2 0 0 0 0 553 469 2 0 0 0 0 0 
3 935 80 6 0 0 0 0 0 987 31 6 0 0 0 0 191 823 7 3 0 0 0 0 
0 984 37 3 0 0 0 0 0 982 39 3 0 0 0 0 78 938 7 1 0 0 0 0 
7 425 30 9 5 8 491 49 0 395 63 7 9 6 9 535 18 418 17 8 10 8 8 537 
75 143 10 6 5 6 731 48 22 192 9 10 6 3 14 768 85 124 12 9 5 4 9 776 
705 319 0 0 0 0 0 0 487 537 0 0 0 0 0 0 996 28 0 0 0 0 0 0 
343 681 0 0 0 0 0 0 350 674 0 0 0 0 0 0 1017 7 0 0 0 0 0 0 
281 743 0 0 0 0 0 0 367 657 0 0 0 0 0 0 1017 7 0 0 0 0 0 0 
176 580 264 2 2 0 0 0 189 755 78 2 0 0 0 0 813 208 1 2 0 0 0 0 
211 539 269 4 1 0 0 0 195 753 73 2 1 0 0 0 774 245 4 1 0 0 0 0 
27 697 294 6 0 0 0 0 28 916 76 4 0 0 0 0 695 325 4 0 0 0 0 0 
0 976 48 0 0 0 0 0 0 1019 5 0 0 0 0 0 669 355 0 0 0 0 0 0 
0 984 40 0 0 0 0 0 0 1008 16 0 0 0 0 0 306 718 0 0 0 0 0 0 
1 944 33 2 3 3 13 25 0 939 40 1 2 4 2 36 212 758 9 1 1 3 3 37 
3 304 47 9 5 12 327 317 0 277 72 12 5 8 11 639 12 318 19 10 6 6 9 644 
0 0 0 0 0 0 585 439 0 0 0 0 0 0 0 1024 0 0 0 0 0 0 0 1024 
0 0 0 0 0 0 798 226 0 0 0 0 0 0 0 1024 0 0 0 0 0 0 0 1024 
0 0 0 0 0 0 961 63 0 0 0 0 0 0 0 1024 0 0 0 0 0 0 0 1024 
0 0 0 0 0 0 878 146 0 0 0 0 0 0 0 1024 0 0 0 0 0 0 0 1024 
0 0 0 0 0 0 979 45 0 0 0 0 0 0 0 1024 0 0 0 0 0 0 0 1024 
0 336 111 21 31 487 38 0 0 356 78 29 24 21 511 5 32 361 46 19 15 20 27 504 
0 90 141 55 43 626 67 2 1 90 112 57 50 39 649 26 2 97 91 55 29 41 44 665 
0 17 24 34 46 742 140 21 0 7 19 31 42 48 757 120 0 1 18 22 22 33 51 877 
5 96 116 53 48 604 86 16 1 35 143 68 45 47 619 66 0 48 125 48 48 35 42 678 
10 58 186 24 22 379 273 72 0 26 210 28 24 21 578 137 0 37 183 30 25 22 17 710 
5 16 59 24 59 219 597 45 0 14 56 21 22 74 738 99 0 6 50 22 17 24 76 829 
2 63 26 23 26 75 754 55 0 58 29 15 24 31 759 108 0 48 31 16 12 24 41 852 
26 184 37 26 22 42 644 43 6 139 92 20 23 28 540 176 16 144 74 14 12 31 29 704 
58 336 210 78 32 40 224 46 36 301 236 77 49 25 174 126 89 369 136 50 29 33 29 289 
21 520 223 65 58 57 57 23 6 473 245 64 64 52 65 55 165 491 71 50 40 56 43 108 
197 500 53 25 22 15 68 144 97 565 67 31 17 22 25 200 363 301 55 32 16 18 23 216 
122 855 41 3 2 1 0 0 77 886 45 13 0 2 0 1 574 412 23 9 3 1 1 1 
228 783 13 0 0 0 0 0 114 895 15 0 0 0 0 0 717 307 0 0 0 0 0 0 
211 785 28 0 0 0 0 0 172 848 4 0 0 0 0 0 901 123 0 0 0 0 0 0 
115 905 4 0 0 0 0 0 165 859 0 0 0 0 0 0 926 98 0 0 0 0 0 0 
345 679 0 0 0 0 0 0 387 637 0 0 0 0 0 0 1003 21 0 0 0 0 0 0 
346 631 47 0 0 0 0 0 351 671 2 0 0 0 0 0 955 69 0 0 0 0 0 0 
435 529 60 0 0 0 0 0 449 575 0 0 0 0 0 0 999 25 0 0 0 0 0 0 
675 348 1 0 0 0 0 0 613 411 0 0 0 0 0 0 1014 10 0 0 0 0 0 0 
687 293 44 0 0 0 0 0 654 367 3 0 0 0 0 0 984 40 0 0 0 0 0 0 
542 436 46 0 0 0 0 0 375 648 1 0 0 0 0 0 840 184 0 0 0 0 0 0 
60 920 3 4 20 16 1 0 23 939 18 4 3 21 15 1 151 810 18 4 2 4 20 15 
0 909 67 9 11 18 10 0 0 697 263 17 8 9 28 2 3 883 74 13 10 7 8 26 
1 413 217 33 28 64 231 37 0 200 397 52 22 27 117 209 1 481 127 28 22 26 23 316 
29 411 202 68 62 61 148 43 2 408 183 80 51 69 58 173 72 369 165 56 48 34 71 209 
284 696 12 16 9 7 0 0 131 838 10 10 17 7 11 0 628 347 4 7 14 9 8 7 
209 793 14 8 0 0 0 0 110 893 9 5 7 0 0 0 780 224 8 3 7 2 0 0 
291 634 89 10 0 0 0 0 236 703 74 10 1 0 0 0 677 323 18 5 1 0 0 0 
453 548 10 3 4 6 0 0 349 649 10 3 3 4 5 1 788 214 5 4 3 2 5 3 
210 792 12 7 3 0 0 0 110 862 38 8 3 3 0 0 775 202 32 6 6 3 0 0 
50 782 23 21 23 63 62 0 6 796 37 20 24 22 115 4 376 434 33 15 18 18 29 101 
1 658 73 34 33 56 169 0 0 633 78 36 29 34 139 75 187 471 58 31 19 17 36 205 
0 710 66 33 28 40 147 0 0 656 100 37 27 24 88 92 106 607 47 25 23 15 25 176 
0 362 163 99 92 136 171 1 0 317 166 98 79 100 221 43 27 390 98 52 49 64 93 251 
8 346 241 59 42 49 218 61 0 296 268 70 35 51 79 225 5 446 118 55 28 32 51 289 
8 197 85 10 24 48 552 100 0 205 72 17 11 53 45 621 0 246 28 13 14 18 49 656 
0 190 214 43 31 81 405 60 0 41 341 51 31 42 99 419 0 212 162 45 35 13 51 506 
0 545 183 45 19 8 178 46 0 311 398 39 34 19 8 215 0 590 132 18 23 23 20 218 
1 267 276 24 11 26 395 24 0 70 441 50 15 9 37 402 0 351 180 29 12 8 16 428 
0 0 76 33 6 23 874 12 0 0 66 28 18 8 38 866 0 2 64 26 19 2 16 895 
0 1 17 228 651 102 25 0 0 0 2 32 377 557 37 19 0 0 1 11 72 342 544 54 
0 0 3 78 628 191 113 11 0 0 0 12 162 667 89 94 0 0 0 0 25 157 651 191 
0 1 18 155 479 182 140 49 0 0 1 33 187 571 58 174 0 0 0 8 62 156 551 247 
0 2 42 148 527 137 161 7 0 0 9 54 215 516 72 158 0 0 6 25 65 187 507 234 
1 9 39 128 548 197 75 27 0 3 14 45 216 532 124 90 0 1 10 33 42 195 527 216 
1 12 141 268 394 170 38 0 0 3 37 158 312 372 124 18 0 3 26 100 151 248 361 135 
1 18 131 365 314 139 46 10 0 3 28 185 378 301 88 41 0 6 20 104 220 275 284 115 
0 18 56 244 470 139 74 23 0 0 23 73 311 435 118 64 0 0 20 38 110 283 402 171 
0 5 53 193 472 80 91 130 0 0 7 78 217 485 41 196 0 0 2 24 115 167 483 233 
1 32 56 228 436 115 58 98 0 6 29 75 273 414 94 133 0 6 26 42 113 238 367 232 
2 17 75 271 341 91 113 114 0 5 22 79 334 310 80 194 0 5 24 55 108 279 280 273 
6 106 230 278 192 60 45 107 0 49 108 243 311 130 58 125 0 55 94 177 181 226 121 170 
23 246 339 258 68 32 37 21 4 169 210 358 159 47 40 37 16 253 148 262 165 78 38 64 
103 363 371 149 26 12 0 0 75 348 147 366 59 26 3 0 204 257 176 288 55 29 14 1 
38 445 272 212 28 14 10 5 7 405 184 312 81 15 11 9 126 360 167 242 81 20 13 15 
35 304 303 165 62 88 63 4 11 222 226 281 91 57 107 29 65 238 218 214 70 44 64 111 
88 161 377 169 49 26 127 27 39 145 215 334 91 27 45 128 63 161 247 256 68 40 31 158 
19 224 252 232 29 53 194 21 0 193 147 284 110 24 80 186 17 172 204 199 116 33 33 250 
52 238 282 214 50 96 62 30 12 217 189 248 113 59 106 80 62 206 205 165 117 42 67 160 
48 109 248 335 118 121 45 0 9 124 47 372 183 119 140 30 28 108 64 294 162 107 131 130 
82 69 190 477 149 48 9 0 13 118 21 209 465 142 47 9 30 103 23 136 348 236 108 40 
40 56 131 621 159 16 1 0 1 83 12 102 663 147 16 0 17 69 12 36 443 327 106 14 
0 7 213 598 118 57 29 2 0 0 18 221 606 109 55 15 0 0 21 114 497 251 80 61 
1 10 262 509 146 68 28 0 0 0 21 298 516 104 76 9 0 1 33 200 403 224 97 66 
0 25 204 524 181 75 14 1 0 0 39 297 424 184 74 6 0 4 39 191 329 254 146 61 
2 16 277 382 235 102 10 0 0 2 37 400 315 169 96 5 0 2 46 298 244 216 143 75 
1 44 282 398 190 76 29 4 0 8 77 363 339 143 66 28 0 18 86 283 262 173 123 79 
10 76 366 339 195 26 12 0 1 26 173 353 345 100 15 11 1 58 180 285 200 224 56 20 
3 22 363 334 218 49 31 4 0 7 117 368 360 94 60 18 1 17 174 247 196 261 78 50 
0 8 272 368 257 43 74 2 0 0 78 386 353 100 77 30 0 4 141 260 192 273 69 85 
1 22 187 531 158 58 61 6 0 5 60 500 296 66 68 29 0 12 86 394 244 158 47 83 
0 2 61 502 259 122 78 0 0 0 10 236 428 212 136 2 0 2 13 186 338 186 187 112 
0 0 79 395 331 80 139 0 0 0 4 192 403 253 141 31 0 0 6 127 252 271 200 168 
0 4 67 303 456 136 58 0 0 1 25 122 391 387 97 1 0 4 20 61 185 338 315 101 
0 23 65 233 533 151 11 8 0 10 26 88 315 517 52 16 0 19 27 60 116 266 478 58 
2 12 48 331 486 125 15 5 0 4 10 108 466 376 46 14 1 8 6 39 202 388 330 50 
0 6 65 417 396 111 29 0 0 1 10 141 499 284 82 7 0 3 10 70 243 365 250 83 
0 0 22 346 612 44 0 0 0 0 1 50 572 390 11 0 0 0 0 24 170 514 308 8 
0 1 22 390 566 45 0 0 0 0 1 61 549 409 4 0 0 0 2 18 214 435 343 12 
0 0 27 411 532 52 2 0 0 0 0 69 599 346 10 0 0 0 2 38 187 481 297 19 
0 1 4 239 765 15 0 0 0 0 1 10 553 460 0 0 0 0 1 4 27 535 457 0 
0 7 56 282 670 9 0 0 0 0 18 77 549 380 0 0 0 0 8 42 117 477 380 0 
0 4 80 318 608 14 0 0 0 0 10 141 466 407 0 0 0 0 4 65 161 451 343 0 
0 0 48 230 718 28 0 0 0 0 1 86 499 438 0 0 0 0 0 50 99 473 400 2 
0 0 5 195 776 48 0 0 0 0 0 17 404 601 2 0 0 0 0 4 49 397 560 14 
0 0 19 277 594 134 0 0 0 0 2 47 416 547 12 0 0 0 0 15 87 393 501 28 
0 3 38 290 533 160 0 0 0 0 8 73 385 511 47 0 0 0 8 28 127 358 452 51 
0 5 30 170 607 208 4 0 0 0 11 45 284 591 93 0 0 0 9 19 62 288 544 102 
0 0 41 240 586 157 0 0 0 0 0 80 316 577 51 0 0 0 0 29 127 259 560 49 
0 14 99 143 717 51 0 0 0 1 37 95 232 650 9 0 0 0 24 78 83 233 594 12 
0 0 32 351 624 17 0 0 0 0 8 50 633 332 1 0 0 0 12 28 142 607 232 3 
0 0 50 552 421 1 0 0 0 0 3 123 777 121 0 0 0 0 4 78 287 590 65 0 
0 6 93 668 257 0 0 0 0 0 33 160 781 50 0 0 0 4 40 106 396 462 16 0 
0 37 194 587 206 0 0 0 0 6 91 281 597 49 0 0 0 17 108 202 382 297 18 0 
0 23 179 704 118 0 0 0 0 3 70 363 569 19 0 0 0 18 80 244 461 215 6 0 
0 22 153 715 133 1 0 0 0 4 60 336 598 26 0 0 0 11 80 217 487 226 3 0 
0 27 188 680 129 0 0 0 0 6 100 311 587 20 0 0 0 30 126 201 478 185 4 0 
0 4 133 701 186 0 0 0 0 0 42 280 673 29 0 0 0 3 82 198 504 237 0 0 
0 3 97 742 182 0 0 0 0 0 24 266 726 8 0 0 0 1 41 213 520 249 0 0 
0 0 66 631 327 0 0 0 0 0 8 226 742 48 0 0 0 1 21 159 435 396 12 0 
0 0 22 317 677 8 0 0 0 0 0 75 710 239 0 0 0 0 1 49 177 726 71 0 
0 0 7 205 800 12 0 0 0 0 0 23 690 307 4 0 0 0 0 9 93 794 128 0 
0 0 6 278 738 2 0 0 0 0 0 31 746 247 0 0 0 0 0 19 157 770 78 0 
0 0 47 380 590 7 0 0 0 0 7 131 637 249 0 0 0 0 12 91 268 555 98 0 
1 13 88 387 532 3 0 0 0 4 31 193 569 227 0 0 0 8 55 137 250 508 66 0 
3 9 43 401 541 27 0 0 1 7 15 103 681 217 0 0 3 6 20 73 320 519 83 0 
0 2 50 476 492 4 0 0 0 0 9 119 760 136 0 0 0 0 12 81 358 501 72 0 
0 5 84 403 518 14 0 0 0 0 12 175 638 199 0 0 0 0 19 138 287 477 103 0 
0 1 57 343 619 4 0 0 0 0 10 110 633 271 0 0 0 0 12 82 273 512 145 0 
0 0 33 233 734 24 0 0 0 0 2 68 648 304 2 0 0 0 13 54 211 640 106 0 
0 3 29 313 670 9 0 0 0 0 4 67 656 295 2 0 0 0 5 37 233 640 107 2 
0 0 33 183 544 264 0 0 0 0 7 55 332 528 102 0 0 0 6 30 98 342 475 73 
0 1 30 173 484 328 8 0 0 0 13 51 238 502 220 0 0 0 13 20 98 237 466 190 
0 0 16 319 585 104 0 0 0 0 9 44 519 427 25 0 0 0 9 22 167 436 357 33 
0 1 22 516 436 49 0 0 0 0 2 94 592 330 6 0 0 0 3 42 343 374 251 11 
0 0 34 437 503 50 0 0 0 0 7 73 575 361 8 0 0 0 8 35 280 387 299 15 
0 0 10 334 608 72 0 0 0 0 0 35 464 506 19 0 0 0 0 10 192 333 461 28 
0 0 13 279 598 134 0 0 0 0 0 28 434 504 58 0 0 0 0 14 93 406 439 72 
0 0 38 285 610 91 0 0 0 0 8 67 444 487 18 0 0 0 6 41 111 391 438 37 
0 0 16 348 619 41 0 0 0 0 0 33 553 428 10 0 0 0 1 13 125 460 402 23 
0 0 111 234 600 79 0 0 0 0 8 188 314 512 2 0 0 0 6 96 129 249 540 4 
0 58 243 200 486 37 0 0 0 3 148 203 269 399 2 0 0 8 118 179 119 210 385 5 
0 79 222 300 367 56 0 0 0 3 166 224 368 261 2 0 0 9 142 158 169 286 255 5 
0 27 190 407 396 4 0 0 0 0 79 272 466 207 0 0 0 0 72 158 243 365 186 0 
0 12 115 398 465 33 1 0 0 0 34 207 448 332 3 0 0 3 26 105 258 324 300 8 
2 47 133 306 483 53 0 0 0 17 75 146 413 368 5 0 0 13 57 110 170 330 338 6 
4 34 120 259 550 57 0 0 0 8 70 132 316 489 9 0 0 10 47 95 144 279 438 11 
3 22 87 256 587 69 0 0 0 9 42 115 309 540 9 0 0 9 30 59 130 266 511 19 
0 7 12 78 729 198 0 0 0 0 11 18 162 755 78 0 0 0 7 9 30 143 764 71 
0 0 31 163 692 138 0 0 0 0 7 42 237 685 53 0 0 0 4 19 77 222 656 46 
0 1 92 266 580 85 0 0 0 0 7 123 323 548 23 0 0 0 2 74 121 321 489 17 
0 0 44 338 634 8 0 0 0 0 6 80 574 363 1 0 0 0 8 49 160 519 288 0 
0 12 86 490 436 0 0 0 0 4 25 133 696 166 0 0 0 12 27 97 261 548 79 0 
0 11 156 591 264 2 0 0 0 4 56 251 645 68 0 0 0 8 69 176 353 387 31 0 
0 0 74 660 290 0 0 0 0 0 7 182 797 38 0 0 0 0 14 145 407 445 13 0 
0 5 69 684 264 2 0 0 0 1 23 148 813 38 1 0 0 3 32 101 491 384 13 0 
0 0 52 631 341 0 0 0 0 0 5 130 869 20 0 0 0 0 14 82 436 489 3 0 
0 0 13 579 432 0 0 0 0 0 1 103 889 31 0 0 0 0 1 54 425 537 7 0 
0 6 52 519 447 0 0 0 0 0 12 110 854 48 0 0 0 1 13 83 454 457 16 0 
0 3 35 391 592 3 0 0 0 0 9 60 835 120 0 0 0 1 15 45 283 655 25 0 
0 0 7 186 828 3 0 0 0 0 0 14 623 387 0 0 0 0 1 6 117 781 119 0 
0 0 8 131 885 0 0 0 0 0 0 19 555 450 0 0 0 0 1 8 64 834 117 0 
0 0 2 153 869 0 0 0 0 0 0 12 763 249 0 0 0 0 0 4 94 887 39 0 
0 0 12 257 753 2 0 0 0 0 2 35 797 190 0 0 0 0 4 29 191 776 24 0 
0 0 22 339 660 3 0 0 0 0 2 56 759 207 0 0 0 0 2 36 214 705 67 0 
0 4 87 360 563 10 0 0 0 0 25 135 680 184 0 0 0 0 25 104 256 573 66 0 
0 4 72 400 545 3 0 0 0 0 24 136 688 176 0 0 0 2 27 96 278 558 63 0 
0 6 71 332 612 3 0 0 0 0 20 123 626 255 0 0 0 2 22 85 245 551 119 0 
0 0 15 225 779 5 0 0 0 0 3 46 667 308 0 0 0 0 1 22 139 745 117 0 
0 0 3 145 868 8 0 0 0 0 0 15 541 468 0 0 0 0 0 10 82 725 207 0 
0 0 14 245 744 21 0 0 0 0 0 56 448 520 0 0 0 0 0 20 164 520 320 0 
0 1 15 184 767 57 0 0 0 0 1 32 387 600 4 0 0 0 1 15 105 470 430 3 
0 1 16 149 676 181 1 0 0 0 4 28 262 690 40 0 0 0 4 12 60 315 592 41 
0 0 34 130 634 226 0 0 0 0 8 37 207 684 88 0 0 0 9 18 57 205 653 82 
0 0 5 92 603 324 0 0 0 0 0 9 161 723 131 0 0 0 0 3 22 187 676 136 
0 0 7 95 697 225 0 0 0 0 0 16 181 743 84 0 0 0 0 4 31 208 694 87 
0 6 32 204 616 164 2 0 0 3 13 58 320 579 51 0 0 5 11 28 108 279 523 70 
0 14 62 263 618 67 0 0 0 2 25 96 404 479 18 0 0 3 21 59 144 352 426 19 
0 0 39 343 555 87 0 0 0 0 2 106 495 406 15 0 0 0 4 62 175 375 372 36 
0 6 54 378 502 84 0 0 0 0 14 105 550 332 23 0 0 3 8 69 198 419 287 40 
0 8 36 140 683 157 0 0 0 7 8 49 257 684 19 0 0 2 8 28 58 240 665 23 
1 14 49 167 686 107 0 0 0 2 32 49 313 616 12 0 0 2 21 38 68 270 603 22 
10 27 122 325 468 72 0 0 2 17 51 165 416 363 10 0 0 16 37 95 195 344 325 12 
6 32 128 360 433 65 0 0 1 11 67 176 400 360 9 0 0 10 41 123 184 336 319 11 
1 33 95 262 562 71 0 0 0 9 48 123 366 470 8 0 0 8 43 75 134 320 428 16 
0 18 63 309 572 62 0 0 0 5 26 87 414 484 8 0 0 6 19 49 137 361 444 8 
2 9 91 249 516 157 0 0 0 3 31 126 283 534 47 0 0 3 23 53 151 251 496 47 
0 4 21 148 696 155 0 0 0 0 7 36 240 706 35 0 0 0 6 12 53 235 677 41 
11 43 100 211 551 106 2 0 5 20 44 129 277 528 21 0 2 13 44 73 118 234 513 27 
12 29 98 232 544 105 4 0 2 16 36 131 300 483 56 0 1 18 31 70 135 277 441 51 
0 8 63 209 602 138 4 0 0 1 16 96 298 551 62 0 0 0 10 51 98 310 505 50 
0 28 114 285 501 96 0 0 0 5 43 157 359 435 25 0 0 3 38 91 168 334 360 30 
9 37 110 313 520 35 0 0 1 17 67 143 438 355 3 0 0 14 57 103 176 346 328 0 
2 23 105 390 498 6 0 0 0 7 45 155 558 256 3 0 0 4 39 77 215 466 221 2 
11 24 57 427 503 2 0 0 1 18 26 87 678 214 0 0 0 18 24 49 203 562 168 0 
14 99 159 466 277 9 0 0 4 43 113 180 593 91 0 0 1 44 106 121 276 422 54 0 
20 82 222 427 269 4 0 0 2 46 107 267 514 88 0 0 0 29 114 191 295 359 36 0 
4 65 133 434 378 10 0 0 0 25 81 174 587 157 0 0 0 20 72 119 260 453 100 0 
8 80 221 507 203 5 0 0 1 26 133 259 536 69 0 0 0 23 116 199 383 259 44 0 
6 62 175 346 419 16 0 0 0 32 87 203 491 210 1 0 0 25 81 142 244 388 144 0 
0 37 173 371 408 35 0 0 0 4 81 201 506 231 1 0 0 4 67 139 232 443 137 2 
11 65 199 327 361 61 0 0 0 22 115 224 399 259 5 0 0 17 109 158 205 346 186 3 
4 15 127 314 508 56 0 0 0 7 40 186 463 321 7 0 0 9 32 108 221 425 225 4 
0 22 80 265 604 53 0 0 0 3 35 120 465 397 4 0 0 2 32 67 168 433 314 8 
36 102 256 272 317 41 0 0 13 45 175 226 366 199 0 0 8 53 156 196 201 290 120 0 
6 51 179 311 444 33 0 0 4 16 88 212 426 278 0 0 2 26 77 145 227 357 188 2 
0 46 205 315 424 34 0 0 0 9 114 233 381 285 2 0 0 13 97 169 210 357 176 2 
15 151 253 242 347 16 0 0 2 70 181 250 363 156 2 0 3 85 160 209 175 336 56 0 
26 139 214 291 342 12 0 0 12 47 190 235 415 125 0 0 12 69 177 152 232 342 40 0 
8 166 218 240 372 20 0 0 6 35 231 174 420 155 3 0 0 59 225 137 177 379 44 3 
24 95 143 232 495 34 1 0 16 40 112 159 413 276 8 0 7 58 105 108 169 461 112 4 
10 80 125 230 551 28 0 0 1 41 96 129 443 311 3 0 1 43 92 96 142 487 162 1 
3 28 60 194 621 109 9 0 1 12 33 85 316 522 54 1 1 8 35 56 108 330 428 58 
0 22 92 227 556 122 5 0 0 12 37 124 317 475 59 0 0 17 25 82 139 302 403 56 
0 12 121 323 406 158 4 0 0 6 53 172 363 356 74 0 0 4 43 102 230 258 313 74 
4 77 133 363 386 61 0 0 4 27 94 229 359 302 9 0 1 38 86 137 243 271 241 7 
2 120 223 367 287 25 0 0 0 32 177 285 358 166 6 0 0 34 196 179 232 256 123 4 
6 69 225 357 352 15 0 0 1 23 117 289 392 201 1 0 1 39 119 210 210 276 164 5 
27 127 254 280 304 32 0 0 5 65 177 288 241 246 2 0 5 88 166 214 178 144 220 9 
51 156 313 305 193 6 0 0 3 109 227 303 265 117 0 0 7 146 223 231 184 126 105 2 
0 13 94 384 519 14 0 0 0 0 36 143 595 250 0 0 0 0 17 86 202 442 277 0 
0 0 36 328 639 21 0 0 0 0 0 84 578 361 1 0 0 0 0 31 140 468 383 2 
0 7 132 368 475 42 0 0 0 0 27 197 455 339 6 0 0 0 13 107 213 375 312 4 
0 18 76 368 525 37 0 0 0 5 31 106 531 349 2 0 0 2 24 65 158 446 325 4 
1 21 81 280 557 84 0 0 0 3 42 100 383 486 10 0 0 1 28 55 131 323 473 13 
2 43 133 282 430 134 0 0 0 12 61 157 315 449 30 0 0 10 50 104 164 237 418 41 
1 74 207 307 327 108 0 0 0 21 109 229 329 307 29 0 0 14 88 151 195 269 274 33 
0 52 136 298 476 62 0 0 0 16 68 176 347 403 14 0 0 11 61 101 195 281 358 17 
0 37 151 293 473 67 3 0 0 12 53 164 381 383 31 0 0 7 46 104 164 321 357 25 
2 34 166 406 378 33 5 0 0 8 62 221 426 298 9 0 0 5 56 125 233 341 251 13 
14 88 254 358 306 4 0 0 2 41 133 251 396 201 0 0 1 30 121 181 218 294 178 1 
2 114 229 418 258 3 0 0 0 26 146 255 480 117 0 0 0 28 121 163 291 338 83 0 
9 145 266 407 196 1 0 0 2 55 158 298 438 73 0 0 2 52 151 207 261 298 53 0 
27 89 310 340 257 1 0 0 14 40 147 317 395 111 0 0 3 45 141 232 214 329 60 0 
5 101 165 339 411 3 0 0 2 33 111 209 430 239 0 0 0 35 95 135 213 369 177 0 
0 20 261 427 307 9 0 0 0 0 74 299 488 163 0 0 0 0 39 225 269 372 119 0 
9 153 273 345 244 0 0 0 1 36 228 247 419 93 0 0 1 48 198 193 242 302 40 0 
0 75 272 339 330 8 0 0 0 9 149 280 432 154 0 0 0 12 132 220 205 351 104 0 
7 122 265 349 271 10 0 0 5 50 126 301 375 166 1 0 1 54 111 217 270 257 114 0 
11 87 230 299 347 50 0 0 2 44 107 263 290 314 4 0 0 30 99 190 220 249 232 4 
0 40 182 256 499 47 0 0 0 6 85 190 309 434 0 0 0 4 73 141 164 320 321 1 
3 72 307 322 303 17 0 0 0 10 149 313 368 182 2 0 0 12 133 240 211 304 122 2 
5 54 151 342 429 43 0 0 3 16 78 194 404 323 6 0 0 18 69 126 233 339 234 5 
3 49 136 309 470 57 0 0 0 12 69 178 362 400 3 0 0 15 45 130 202 318 310 4 
6 47 251 292 365 63 0 0 0 13 132 265 315 294 5 0 0 10 112 183 217 296 201 5 
11 97 214 328 314 60 0 0 1 39 131 216 380 248 9 0 1 42 114 175 218 311 158 5 
0 48 165 235 518 58 0 0 0 2 98 172 324 421 7 0 0 11 86 129 150 320 322 6 
0 57 167 382 366 52 0 0 0 15 100 215 390 303 1 0 0 17 93 116 267 327 201 3 
0 18 301 296 389 20 0 0 0 1 136 248 388 250 1 0 0 0 117 208 180 379 137 3 
0 20 202 316 462 24 0 0 0 1 67 236 393 326 1 0 0 3 68 162 198 389 204 0 
0 23 153 323 466 59 0 0 0 9 54 201 417 337 6 0 0 5 58 123 221 368 240 9 
0 63 239 289 396 37 0 0 0 7 121 242 329 323 2 0 0 12 106 191 191 297 226 1 
5 87 209 339 320 64 0 0 0 21 145 224 356 268 10 0 0 27 133 164 212 294 181 13 
2 66 177 326 377 76 0 0 0 21 120 185 383 286 29 0 0 25 110 119 209 290 245 26 
0 33 199 404 316 72 0 0 0 4 64 279 410 240 27 0 0 2 67 183 256 290 205 21 
24 79 356 295 233 37 0 0 9 35 169 349 284 167 11 0 8 40 162 265 182 224 130 13 
1 80 292 315 262 73 1 0 0 12 181 273 282 244 32 0 0 26 182 184 214 172 211 35 
0 76 267 424 234 23 0 0 0 15 154 321 411 112 11 0 0 36 146 193 272 281 82 14 
0 12 161 480 352 19 0 0 0 1 43 263 489 226 2 0 0 4 54 133 306 331 189 7 
0 9 293 408 303 11 0 0 0 4 67 369 460 124 0 0 0 5 65 282 246 324 102 0 
0 0 71 352 594 7 0 0 0 0 9 119 587 309 0 0 0 0 2 57 153 463 349 0 
0 8 86 372 542 16 0 0 0 0 31 137 567 285 4 0 0 0 19 74 190 454 281 6 
0 16 110 389 504 5 0 0 0 2 31 174 531 286 0 0 0 3 24 86 180 454 277 0 
1 44 248 395 311 24 1 0 0 14 83 267 463 193 4 0 0 14 59 167 241 367 170 6 
4 57 151 372 378 62 0 0 0 21 93 178 411 310 11 0 0 13 78 115 223 297 292 6 
0 3 128 236 524 131 2 0 0 0 35 153 282 512 42 0 0 0 9 107 142 241 483 42 
1 11 69 205 646 92 0 0 0 4 33 75 283 595 34 0 0 3 23 42 82 268 582 24 
5 114 228 259 365 53 0 0 0 43 125 250 306 292 8 0 0 33 108 187 171 253 257 15 
0 9 181 283 499 52 0 0 0 0 59 208 318 432 7 0 0 0 19 144 180 276 393 12 
0 11 111 317 513 72 0 0 0 0 33 131 387 455 18 0 0 0 21 75 158 340 419 11 
0 0 57 206 704 57 0 0 0 0 17 66 279 658 4 0 0 0 1 39 74 274 626 10 
0 0 25 240 731 28 0 0 0 0 0 30 378 614 2 0 0 0 0 11 59 362 589 3 
0 0 32 400 591 1 0 0 0 0 1 62 584 377 0 0 0 0 0 24 141 527 332 0 
0 4 141 368 511 0 0 0 0 0 22 156 515 331 0 0 0 0 17 81 218 448 260 0 
0 2 65 352 595 10 0 0 0 0 6 103 540 374 1 0 0 0 4 47 181 475 316 1 
0 19 113 322 568 2 0 0 0 6 36 152 534 296 0 0 0 3 34 98 161 507 221 0 
0 9 233 442 336 4 0 0 0 0 35 325 507 157 0 0 0 0 25 200 303 417 79 0 
0 2 188 378 445 11 0 0 0 0 13 224 551 236 0 0 0 0 10 146 237 500 131 0 
0 10 73 383 553 5 0 0 0 0 22 116 560 326 0 0 0 0 19 51 225 535 194 0 
0 9 95 334 578 8 0 0 0 0 25 140 509 350 0 0 0 0 18 83 187 488 248 0 
4 81 178 252 483 26 0 0 0 31 123 187 321 360 2 0 0 31 105 118 188 286 293 3 
5 23 67 149 740 40 0 0 2 10 42 62 281 627 0 0 0 10 30 39 87 342 516 0 
0 7 107 304 544 62 0 0 0 1 26 147 385 456 9 0 0 0 17 86 197 341 379 4 
0 0 30 212 740 42 0 0 0 0 5 57 388 569 5 0 0 0 5 21 100 432 466 0 
0 1 50 214 700 59 0 0 0 0 21 83 298 620 2 0 0 0 12 33 137 302 538 2 
0 8 42 202 738 34 0 0 0 1 13 73 272 664 1 0 0 0 11 33 90 316 574 0 
0 29 147 264 544 40 0 0 0 4 62 168 306 483 1 0 0 3 47 105 182 281 404 2 
0 14 97 177 630 106 0 0 0 5 40 106 262 592 19 0 0 5 31 61 109 307 500 11 
0 3 84 250 606 81 0 0 0 0 28 105 368 516 7 0 0 1 16 56 142 392 411 6 
0 0 53 217 646 108 0 0 0 0 12 92 291 611 18 0 0 0 5 37 122 296 547 17 
0 0 15 194 647 168 0 0 0 0 1 48 303 634 38 0 0 0 0 14 76 313 601 20 
0 8 63 250 479 223 1 0 0 0 26 102 266 535 95 0 0 0 13 46 144 245 487 89 
0 14 131 303 297 279 0 0 0 0 61 159 286 300 218 0 0 1 44 101 177 222 276 203 
0 11 140 213 466 194 0 0 0 0 47 160 230 457 130 0 0 1 42 92 136 194 422 137 
0 10 140 292 461 121 0 0 0 0 66 137 355 404 62 0 0 1 50 93 177 279 355 69 
0 40 212 318 390 64 0 0 0 4 99 238 330 342 11 0 0 5 87 148 218 269 275 22 
0 31 193 255 476 69 0 0 0 2 91 200 339 367 25 0 0 4 69 137 145 350 276 43 
1 30 175 342 436 40 0 0 0 8 69 211 394 316 26 0 0 6 67 139 173 360 238 41 
0 2 108 324 524 66 0 0 0 0 44 165 316 476 23 0 0 0 38 64 185 262 422 53 
0 0 57 270 613 84 0 0 0 0 18 78 367 517 44 0 0 0 3 53 107 303 456 102 
