0 0 0 0 0 85 323 616 0 0 0 0 0 0 0 1024 0 0 0 0 0 0 0 1024 
0 0 0 0 0 0 158 866 0 0 0 0 0 0 0 1024 0 0 0 0 0 0 0 1024 
0 0 0 0 0 0 7 1017 0 0 0 0 0 0 0 1024 0 0 0 0 0 0 0 1024 
0 0 0 0 0 109 144 771 0 0 0 0 0 0 0 1024 0 0 0 0 0 0 0 1024 
0 0 0 0 0 438 171 415 0 0 0 0 0 0 0 1024 0 0 0 0 0 0 0 1024 
0 0 0 0 0 535 460 29 0 0 0 0 0 0 0 1024 0 0 0 0 0 0 0 1024 
0 0 0 0 0 683 265 76 0 0 0 0 0 0 0 1024 0 0 0 0 0 0 0 1024 
0 0 0 0 0 650 248 126 0 0 0 0 0 0 0 1024 0 0 0 0 0 0 0 1024 
0 0 0 0 0 1006 18 0 0 0 0 0 0 0 0 1024 0 0 0 0 0 0 0 1024 
0 0 0 0 0 991 33 0 0 0 0 0 0 0 0 1024 0 0 0 0 0 0 0 1024 
0 0 0 0 0 1001 23 0 0 0 0 0 0 0 0 1024 0 0 0 0 0 0 0 1024 
0 0 0 0 0 1022 2 0 0 0 0 0 0 0 0 1024 0 0 0 0 0 0 0 1024 
0 0 0 0 0 954 70 0 0 0 0 0 0 0 0 1024 0 0 0 0 0 0 0 1024 
0 0 0 0 0 942 82 0 0 0 0 0 0 0 0 1024 0 0 0 0 0 0 0 1024 
0 0 0 0 0 491 533 0 0 0 0 0 0 0 0 1024 0 0 0 0 0 0 0 1024 
0 0 0 0 0 191 833 0 0 0 0 0 0 0 0 1024 0 0 0 0 0 0 0 1024 
0 0 0 0 0 120 796 108 0 0 0 0 0 0 0 1024 0 0 0 0 0 0 0 1024 
0 0 0 0 0 93 874 57 0 0 0 0 0 0 0 1024 0 0 0 0 0 0 0 1024 
0 0 0 0 0 33 991 0 0 0 0 0 0 0 0 1024 0 0 0 0 0 0 0 1024 
0 0 0 0 0 5 1019 0 0 0 0 0 0 0 0 1024 0 0 0 0 0 0 0 1024 
0 0 0 0 0 0 1024 0 0 0 0 0 0 0 0 1024 0 0 0 0 0 0 0 1024 
0 0 0 0 0 0 1024 0 0 0 0 0 0 0 0 1024 0 0 0 0 0 0 0 1024 
0 0 0 0 0 0 1024 0 0 0 0 0 0 0 0 1024 0 0 0 0 0 0 0 1024 
0 0 0 0 0 0 1024 0 0 0 0 0 0 0 0 1024 0 0 0 0 0 0 0 1024 
0 0 0 0 0 0 1024 0 0 0 0 0 0 0 0 1024 0 0 0 0 0 0 0 1024 
0 0 0 0 0 0 1024 0 0 0 0 0 0 0 0 1024 0 0 0 0 0 0 0 1024 
0 0 0 0 0 0 1024 0 0 0 0 0 0 0 0 1024 0 0 0 0 0 0 0 1024 
0 0 0 0 0 0 1024 0 0 0 0 0 0 0 0 1024 0 0 0 0 0 0 0 1024 
0 0 0 0 0 0 1024 0 0 0 0 0 0 0 0 1024 0 0 0 0 0 0 0 1024 
0 0 0 0 0 0 1024 0 0 0 0 0 0 0 0 1024 0 0 0 0 0 0 0 1024 
0 0 0 0 0 0 1024 0 0 0 0 0 0 0 0 1024 0 0 0 0 0 0 0 1024 
0 0 0 0 0 0 1024 0 0 0 0 0 0 0 0 1024 0 0 0 0 0 0 0 1024 
0 0 0 0 0 0 1024 0 0 0 0 0 0 0 0 1024 0 0 0 0 0 0 0 1024 
0 0 0 0 0 37 987 0 0 0 0 0 0 0 0 1024 0 0 0 0 0 0 0 1024 
0 0 0 0 0 132 892 0 0 0 0 0 0 0 0 1024 0 0 0 0 0 0 0 1024 
0 0 0 0 0 325 699 0 0 0 0 0 0 0 0 1024 0 0 0 0 0 0 0 1024 
0 0 0 0 0 823 201 0 0 0 0 0 0 0 0 1024 0 0 0 0 0 0 0 1024 
0 0 0 0 0 752 240 0 0 0 0 0 0 0 0 992 0 0 0 0 0 0 0 992 
0 0 0 0 0 193 328 503 0 0 0 0 0 0 0 1024 0 0 0 0 0 0 0 1024 
0 0 0 0 0 493 342 189 0 0 0 0 0 0 0 1024 0 0 0 0 0 0 0 1024 
0 0 0 0 0 394 532 98 0 0 0 0 0 0 0 1024 0 0 0 0 0 0 0 1024 
0 0 0 0 0 432 553 39 0 0 0 0 0 0 0 1024 0 0 0 0 0 0 0 1024 
0 0 0 0 0 473 549 2 0 0 0 0 0 0 0 1024 0 0 0 0 0 0 0 1024 
0 0 0 0 0 340 684 0 0 0 0 0 0 0 0 1024 0 0 0 0 0 0 0 1024 
0 0 0 0 0 200 787 37 0 0 0 0 0 0 0 1024 0 0 0 0 0 0 0 1024 
0 0 0 0 0 32 640 352 0 0 0 0 0 0 0 1024 0 0 0 0 0 0 0 1024 
0 0 0 0 0 62 476 486 0 0 0 0 0 0 0 1024 0 0 0 0 0 0 0 1024 
0 0 0 0 0 34 529 461 0 0 0 0 0 0 0 1024 0 0 0 0 0 0 0 1024 
0 0 0 0 0 11 525 488 0 0 0 0 0 0 0 1024 0 0 0 0 0 0 0 1024 
0 0 0 0 0 60 601 363 0 0 0 0 0 0 0 1024 0 0 0 0 0 0 0 1024 
0 0 0 0 0 79 787 158 0 0 0 0 0 0 0 1024 0 0 0 0 0 0 0 1024 
0 0 0 0 0 87 772 165 0 0 0 0 0 0 0 1024 0 0 0 0 0 0 0 1024 
0 0 0 0 0 19 553 452 0 0 0 0 0 0 0 1024 0 0 0 0 0 0 0 1024 
0 0 0 0 0 4 533 487 0 0 0 0 0 0 0 1024 0 0 0 0 0 0 0 1024 
0 0 0 0 0 0 0 1024 0 0 0 0 0 0 0 1024 0 0 0 0 0 0 0 1024 
0 0 0 0 0 0 39 985 0 0 0 0 0 0 0 1024 0 0 0 0 0 0 0 1024 
0 0 0 0 0 0 161 863 0 0 0 0 0 0 0 1024 0 0 0 0 0 0 0 1024 
0 0 0 0 0 0 386 638 0 0 0 0 0 0 0 1024 0 0 0 0 0 0 0 1024 
0 0 0 0 0 0 375 649 0 0 0 0 0 0 0 1024 0 0 0 0 0 0 0 1024 
0 0 0 0 0 0 276 748 0 0 0 0 0 0 0 1024 0 0 0 0 0 0 0 1024 
0 0 0 0 0 0 230 794 0 0 0 0 0 0 0 1024 0 0 0 0 0 0 0 1024 
0 0 0 0 0 0 271 753 0 0 0 0 0 0 0 1024 0 0 0 0 0 0 0 1024 
0 0 0 0 0 0 286 738 0 0 0 0 0 0 0 1024 0 0 0 0 0 0 0 1024 
0 0 0 0 0 0 254 770 0 0 0 0 0 0 0 1024 0 0 0 0 0 0 0 1024 
0 0 0 0 0 0 186 838 0 0 0 0 0 0 0 1024 0 0 0 0 0 0 0 1024 
0 0 0 0 0 0 385 639 0 0 0 0 0 0 0 1024 0 0 0 0 0 0 0 1024 
0 0 0 0 0 0 339 685 0 0 0 0 0 0 0 1024 0 0 0 0 0 0 0 1024 
0 0 0 0 0 0 489 535 0 0 0 0 0 0 0 1024 0 0 0 0 0 0 0 1024 
0 0 0 0 0 0 791 233 0 0 0 0 0 0 0 1024 0 0 0 0 0 0 0 1024 
0 0 0 0 0 0 754 270 0 0 0 0 0 0 0 1024 0 0 0 0 0 0 0 1024 
0 0 0 0 0 0 771 253 0 0 0 0 0 0 0 1024 0 0 0 0 0 0 0 1024 
0 0 0 0 0 0 793 231 0 0 0 0 0 0 0 1024 0 0 0 0 0 0 0 1024 
0 0 0 0 0 0 990 34 0 0 0 0 0 0 0 1024 0 0 0 0 0 0 0 1024 
0 0 0 0 0 0 875 149 0 0 0 0 0 0 0 1024 0 0 0 0 0 0 0 1024 
0 0 0 0 0 32 698 294 0 0 0 0 0 0 0 1024 0 0 0 0 0 0 0 1024 
0 0 0 0 0 48 689 255 0 0 0 0 0 0 0 992 0 0 0 0 0 0 0 992 
0 0 0 0 0 5 805 214 0 0 0 0 0 0 0 1024 0 0 0 0 0 0 0 1024 
0 0 0 0 0 76 844 104 0 0 0 0 0 0 0 1024 0 0 0 0 0 0 0 1024 
0 0 0 0 0 6 345 673 0 0 0 0 0 0 0 1024 0 0 0 0 0 0 0 1024 
0 0 0 0 0 4 207 813 0 0 0 0 0 0 0 1024 0 0 0 0 0 0 0 1024 
0 0 0 0 0 8 941 75 0 0 0 0 0 0 0 1024 0 0 0 0 0 0 0 1024 
0 0 0 0 0 0 1024 0 0 0 0 0 0 0 0 1024 0 0 0 0 0 0 0 1024 
0 0 0 0 0 0 1024 0 0 0 0 0 0 0 0 1024 0 0 0 0 0 0 0 1024 
0 0 0 0 0 0 915 109 0 0 0 0 0 0 0 1024 0 0 0 0 0 0 0 1024 
0 0 0 0 0 0 848 176 0 0 0 0 0 0 0 1024 0 0 0 0 0 0 0 1024 
0 0 0 0 0 0 849 175 0 0 0 0 0 0 0 1024 0 0 0 0 0 0 0 1024 
0 0 0 0 0 0 504 520 0 0 0 0 0 0 0 1024 0 0 0 0 0 0 0 1024 
0 0 0 0 0 0 85 939 0 0 0 0 0 0 0 1024 0 0 0 0 0 0 0 1024 
0 0 2 1 1 1 9 1010 0 0 1 2 0 0 2 1019 0 0 1 2 0 1 1 1019 
0 5 102 120 33 17 27 720 1 62 118 51 26 10 8 748 9 121 78 38 15 9 7 747 
0 1 219 120 82 33 22 547 0 173 122 88 45 21 10 565 19 238 100 58 22 14 8 565 
0 0 209 277 25 9 13 491 0 254 182 47 17 8 10 506 13 388 62 26 13 9 6 507 
0 1 184 212 44 29 70 484 0 156 194 68 19 9 21 557 0 287 108 33 13 6 22 555 
0 0 143 81 38 24 237 501 0 36 155 42 25 13 16 737 1 137 82 24 16 13 13 738 
0 0 28 47 11 17 92 829 0 1 49 15 14 12 11 922 0 28 28 14 14 8 10 922 
0 0 0 0 0 0 152 872 0 0 0 0 0 0 0 1024 0 0 0 0 0 0 0 1024 
0 0 0 0 0 0 0 1024 0 0 0 0 0 0 0 1024 0 0 0 0 0 0 0 1024 
0 0 0 0 0 0 0 1024 0 0 0 0 0 0 0 1024 0 0 0 0 0 0 0 1024 
0 0 0 0 0 0 0 1024 0 0 0 0 0 0 0 1024 0 0 0 0 0 0 0 1024 
0 0 0 0 0 0 21 1003 0 0 0 0 0 0 0 1024 0 0 0 0 0 0 0 1024 
0 0 0 0 0 0 7 1017 0 0 0 0 0 0 0 1024 0 0 0 0 0 0 0 1024 
0 0 0 0 0 0 0 1024 0 0 0 0 0 0 0 1024 0 0 0 0 0 0 0 1024 
0 0 0 0 0 0 0 1024 0 0 0 0 0 0 0 1024 0 0 0 0 0 0 0 1024 
0 0 0 0 0 0 0 1024 0 0 0 0 0 0 0 1024 0 0 0 0 0 0 0 1024 
0 0 0 0 0 0 0 1024 0 0 0 0 0 0 0 1024 0 0 0 0 0 0 0 1024 
0 0 0 0 0 0 14 1010 0 0 0 0 0 0 0 1024 0 0 0 0 0 0 0 1024 
0 0 0 0 0 0 227 797 0 0 0 0 0 0 0 1024 0 0 0 0 0 0 0 1024 
0 0 0 0 0 0 37 987 0 0 0 0 0 0 0 1024 0 0 0 0 0 0 0 1024 
0 0 0 0 0 0 0 1024 0 0 0 0 0 0 0 1024 0 0 0 0 0 0 0 1024 
0 0 0 0 0 0 40 984 0 0 0 0 0 0 0 1024 0 0 0 0 0 0 0 1024 
0 0 0 0 0 0 254 770 0 0 0 0 0 0 0 1024 0 0 0 0 0 0 0 1024 
0 0 0 0 0 0 51 973 0 0 0 0 0 0 0 1024 0 0 0 0 0 0 0 1024 
0 0 0 0 0 0 257 767 0 0 0 0 0 0 0 1024 0 0 0 0 0 0 0 1024 
0 0 0 0 0 0 613 379 0 0 0 0 0 0 0 992 0 0 0 0 0 0 0 992 
0 0 0 0 0 0 78 946 0 0 0 0 0 0 0 1024 0 0 0 0 0 0 0 1024 
0 0 0 0 0 0 65 959 0 0 0 0 0 0 0 1024 0 0 0 0 0 0 0 1024 
0 0 0 0 0 0 125 899 0 0 0 0 0 0 0 1024 0 0 0 0 0 0 0 1024 
0 0 0 0 0 0 59 965 0 0 0 0 0 0 0 1024 0 0 0 0 0 0 0 1024 
0 0 0 0 0 0 668 356 0 0 0 0 0 0 0 1024 0 0 0 0 0 0 0 1024 
0 0 0 0 0 0 530 494 0 0 0 0 0 0 0 1024 0 0 0 0 0 0 0 1024 
0 0 0 0 0 0 868 156 0 0 0 0 0 0 0 1024 0 0 0 0 0 0 0 1024 
0 0 0 0 0 0 1024 0 0 0 0 0 0 0 0 1024 0 0 0 0 0 0 0 1024 
0 0 0 0 0 0 899 125 0 0 0 0 0 0 0 1024 0 0 0 0 0 0 0 1024 
0 0 0 0 0 0 668 356 0 0 0 0 0 0 0 1024 0 0 0 0 0 0 0 1024 
0 0 0 0 0 0 568 456 0 0 0 0 0 0 0 1024 0 0 0 0 0 0 0 1024 
0 0 0 0 0 0 566 458 0 0 0 0 0 0 0 1024 0 0 0 0 0 0 0 1024 
0 3 57 48 29 9 481 397 0 18 82 16 14 9 10 875 0 56 45 16 14 10 7 876 
0 18 676 297 25 6 1 1 3 815 170 18 15 1 0 2 64 907 27 18 6 0 1 1 
0 38 430 551 5 0 0 0 12 791 221 0 0 0 0 0 124 900 0 0 0 0 0 0 
0 126 425 473 0 0 0 0 75 855 94 0 0 0 0 0 244 780 0 0 0 0 0 0 
0 149 420 451 4 0 0 0 63 888 68 5 0 0 0 0 186 829 7 2 0 0 0 0 
0 117 724 175 8 0 0 0 48 873 92 11 0 0 0 0 178 803 39 4 0 0 0 0 
0 35 572 348 47 22 0 0 8 816 113 64 21 1 1 0 103 795 76 47 1 1 1 0 
0 6 339 375 84 36 28 156 2 489 193 88 54 6 11 181 38 603 94 82 12 4 8 183 
0 0 134 187 32 8 10 653 0 149 152 30 19 9 7 658 11 249 58 19 16 10 6 655 
0 0 0 0 0 0 0 1024 0 0 0 0 0 0 0 1024 0 0 0 0 0 0 0 1024 
0 0 0 0 0 0 0 1024 0 0 0 0 0 0 0 1024 0 0 0 0 0 0 0 1024 
0 0 0 0 0 0 0 1024 0 0 0 0 0 0 0 1024 0 0 0 0 0 0 0 1024 
0 0 0 0 0 0 0 1024 0 0 0 0 0 0 0 1024 0 0 0 0 0 0 0 1024 
0 0 0 0 0 0 0 1024 0 0 0 0 0 0 0 1024 0 0 0 0 0 0 0 1024 
0 0 0 0 0 0 0 1024 0 0 0 0 0 0 0 1024 0 0 0 0 0 0 0 1024 
0 0 0 0 0 0 0 1024 0 0 0 0 0 0 0 1024 0 0 0 0 0 0 0 1024 
0 0 0 0 0 0 0 1024 0 0 0 0 0 0 0 1024 0 0 0 0 0 0 0 1024 
0 0 0 0 0 0 0 1024 0 0 0 0 0 0 0 1024 0 0 0 0 0 0 0 1024 
0 0 0 0 0 0 0 1024 0 0 0 0 0 0 0 1024 0 0 0 0 0 0 0 1024 
0 0 0 0 0 0 0 1024 0 0 0 0 0 0 0 1024 0 0 0 0 0 0 0 1024 
0 0 0 0 0 0 0 1024 0 0 0 0 0 0 0 1024 0 0 0 0 0 0 0 1024 
0 0 0 0 0 0 0 1024 0 0 0 0 0 0 0 1024 0 0 0 0 0 0 0 1024 
0 0 0 0 0 0 0 1024 0 0 0 0 0 0 0 1024 0 0 0 0 0 0 0 1024 
0 0 0 0 0 0 0 1024 0 0 0 0 0 0 0 1024 0 0 0 0 0 0 0 1024 
0 0 0 0 0 0 222 802 0 0 0 0 0 0 0 1024 0 0 0 0 0 0 0 1024 
0 0 0 0 0 0 329 663 0 0 0 0 0 0 0 992 0 0 0 0 0 0 0 992 
0 0 0 0 0 0 0 1024 0 0 0 0 0 0 0 1024 0 0 0 0 0 0 0 1024 
0 0 0 0 0 0 179 845 0 0 0 0 0 0 0 1024 0 0 0 0 0 0 0 1024 
0 0 0 0 0 0 579 445 0 0 0 0 0 0 0 1024 0 0 0 0 0 0 0 1024 
0 0 0 0 0 0 264 760 0 0 0 0 0 0 0 1024 0 0 0 0 0 0 0 1024 
0 0 0 0 0 0 208 816 0 0 0 0 0 0 0 1024 0 0 0 0 0 0 0 1024 
0 0 0 0 0 0 35 989 0 0 0 0 0 0 0 1024 0 0 0 0 0 0 0 1024 
0 0 0 0 0 0 127 897 0 0 0 0 0 0 0 1024 0 0 0 0 0 0 0 1024 
0 0 0 0 0 0 592 432 0 0 0 0 0 0 0 1024 0 0 0 0 0 0 0 1024 
0 0 0 0 0 0 874 150 0 0 0 0 0 0 0 1024 0 0 0 0 0 0 0 1024 
0 0 0 0 0 0 714 310 0 0 0 0 0 0 0 1024 0 0 0 0 0 0 0 1024 
0 0 0 0 0 0 364 660 0 0 0 0 0 0 0 1024 0 0 0 0 0 0 0 1024 
0 0 12 19 9 7 326 651 0 4 20 6 11 3 3 977 0 16 11 7 7 4 2 977 
0 1 447 292 32 20 163 69 0 313 377 48 29 10 10 237 0 636 74 42 18 7 12 235 
0 1 118 903 2 0 0 0 6 839 179 0 0 0 0 0 84 940 0 0 0 0 0 0 
0 10 233 680 101 0 0 0 26 712 286 0 0 0 0 0 264 760 0 0 0 0 0 0 
0 0 232 702 90 0 0 0 0 696 328 0 0 0 0 0 100 924 0 0 0 0 0 0 
0 0 540 484 0 0 0 0 0 924 100 0 0 0 0 0 31 993 0 0 0 0 0 0 
0 0 617 407 0 0 0 0 0 877 147 0 0 0 0 0 25 999 0 0 0 0 0 0 
0 0 551 473 0 0 0 0 0 709 315 0 0 0 0 0 39 983 2 0 0 0 0 0 
0 8 597 419 0 0 0 0 1 844 179 0 0 0 0 0 113 899 12 0 0 0 0 0 
0 28 365 334 10 11 23 253 0 464 253 15 8 12 10 262 58 610 60 7 8 13 10 258 
0 0 0 0 0 0 4 1020 0 0 0 0 0 0 0 1024 0 0 0 0 0 0 0 1024 
0 0 0 0 0 0 0 1024 0 0 0 0 0 0 0 1024 0 0 0 0 0 0 0 1024 
0 0 0 0 0 0 0 1024 0 0 0 0 0 0 0 1024 0 0 0 0 0 0 0 1024 
0 0 0 0 0 0 0 1024 0 0 0 0 0 0 0 1024 0 0 0 0 0 0 0 1024 
0 0 0 0 0 0 0 1024 0 0 0 0 0 0 0 1024 0 0 0 0 0 0 0 1024 
0 0 0 0 0 0 0 1024 0 0 0 0 0 0 0 1024 0 0 0 0 0 0 0 1024 
0 0 0 0 0 0 0 1024 0 0 0 0 0 0 0 1024 0 0 0 0 0 0 0 1024 
0 0 0 0 0 0 0 1024 0 0 0 0 0 0 0 1024 0 0 0 0 0 0 0 1024 
0 0 0 0 0 0 0 1024 0 0 0 0 0 0 0 1024 0 0 0 0 0 0 0 1024 
0 0 0 0 0 0 0 1024 0 0 0 0 0 0 0 1024 0 0 0 0 0 0 0 1024 
0 0 0 0 0 0 0 1024 0 0 0 0 0 0 0 1024 0 0 0 0 0 0 0 1024 
0 0 0 0 0 0 0 1024 0 0 0 0 0 0 0 1024 0 0 0 0 0 0 0 1024 
0 0 0 0 0 0 0 1024 0 0 0 0 0 0 0 1024 0 0 0 0 0 0 0 1024 
0 0 0 0 0 0 0 1024 0 0 0 0 0 0 0 1024 0 0 0 0 0 0 0 1024 
0 0 0 0 0 0 0 1024 0 0 0 0 0 0 0 1024 0 0 0 0 0 0 0 1024 
0 0 0 0 0 0 22 1002 0 0 0 0 0 0 0 1024 0 0 0 0 0 0 0 1024 
0 0 0 0 0 0 304 688 0 0 0 0 0 0 0 992 0 0 0 0 0 0 0 992 
0 0 0 0 0 0 667 357 0 0 0 0 0 0 0 1024 0 0 0 0 0 0 0 1024 
0 0 0 0 0 0 294 730 0 0 0 0 0 0 0 1024 0 0 0 0 0 0 0 1024 
0 0 0 0 0 0 89 935 0 0 0 0 0 0 0 1024 0 0 0 0 0 0 0 1024 
0 0 0 0 0 0 0 1024 0 0 0 0 0 0 0 1024 0 0 0 0 0 0 0 1024 
0 0 0 0 0 0 42 982 0 0 0 0 0 0 0 1024 0 0 0 0 0 0 0 1024 
0 0 0 0 0 0 11 1013 0 0 0 0 0 0 0 1024 0 0 0 0 0 0 0 1024 
0 0 0 0 0 0 0 1024 0 0 0 0 0 0 0 1024 0 0 0 0 0 0 0 1024 
0 0 0 0 0 0 0 1024 0 0 0 0 0 0 0 1024 0 0 0 0 0 0 0 1024 
0 0 0 0 0 0 3 1021 0 0 0 0 0 0 0 1024 0 0 0 0 0 0 0 1024 
0 0 0 0 0 0 11 1013 0 0 0 0 0 0 0 1024 0 0 0 0 0 0 0 1024 
0 0 0 0 0 0 2 1022 0 0 0 0 0 0 0 1024 0 0 0 0 0 0 0 1024 
0 4 276 204 23 13 39 465 0 135 299 46 21 10 11 502 3 320 127 42 11 11 11 499 
0 2 466 556 0 0 0 0 0 549 475 0 0 0 0 0 15 1008 1 0 0 0 0 0 
0 0 281 743 0 0 0 0 0 941 83 0 0 0 0 0 179 845 0 0 0 0 0 0 
0 6 278 740 0 0 0 0 3 973 48 0 0 0 0 0 128 896 0 0 0 0 0 0 
0 45 434 535 10 0 0 0 47 867 110 0 0 0 0 0 373 651 0 0 0 0 0 0 
0 0 43 906 75 0 0 0 0 776 248 0 0 0 0 0 164 860 0 0 0 0 0 0 
0 3 190 829 2 0 0 0 5 912 107 0 0 0 0 0 112 912 0 0 0 0 0 0 
0 2 283 739 0 0 0 0 2 523 499 0 0 0 0 0 32 992 0 0 0 0 0 0 
0 51 553 420 0 0 0 0 22 609 393 0 0 0 0 0 86 927 11 0 0 0 0 0 
0 0 648 210 62 30 63 11 0 252 571 65 48 11 6 71 0 706 158 63 16 6 5 70 
0 0 8 26 51 50 578 311 0 1 19 44 49 21 8 882 0 10 34 59 22 10 7 882 
0 0 0 0 0 0 450 574 0 0 0 0 0 0 0 1024 0 0 0 0 0 0 0 1024 
0 0 0 0 0 0 26 998 0 0 0 0 0 0 0 1024 0 0 0 0 0 0 0 1024 
0 0 0 0 0 0 0 1024 0 0 0 0 0 0 0 1024 0 0 0 0 0 0 0 1024 
0 0 0 0 0 0 0 1024 0 0 0 0 0 0 0 1024 0 0 0 0 0 0 0 1024 
0 0 0 0 0 0 0 1024 0 0 0 0 0 0 0 1024 0 0 0 0 0 0 0 1024 
0 0 0 0 0 0 0 1024 0 0 0 0 0 0 0 1024 0 0 0 0 0 0 0 1024 
0 0 0 0 0 0 0 1024 0 0 0 0 0 0 0 1024 0 0 0 0 0 0 0 1024 
0 0 0 0 0 0 0 1024 0 0 0 0 0 0 0 1024 0 0 0 0 0 0 0 1024 
0 0 0 0 0 0 0 1024 0 0 0 0 0 0 0 1024 0 0 0 0 0 0 0 1024 
0 0 0 0 0 0 0 1024 0 0 0 0 0 0 0 1024 0 0 0 0 0 0 0 1024 
0 0 0 0 0 0 0 1024 0 0 0 0 0 0 0 1024 0 0 0 0 0 0 0 1024 
0 0 0 0 0 0 13 1011 0 0 0 0 0 0 0 1024 0 0 0 0 0 0 0 1024 
0 0 0 0 0 0 107 917 0 0 0 0 0 0 0 1024 0 0 0 0 0 0 0 1024 
0 0 0 0 0 0 91 933 0 0 0 0 0 0 0 1024 0 0 0 0 0 0 0 1024 
0 0 0 0 0 0 478 546 0 0 0 0 0 0 0 1024 0 0 0 0 0 0 0 1024 
0 0 0 0 0 0 449 543 0 0 0 0 0 0 0 992 0 0 0 0 0 0 0 992 
0 0 0 0 0 0 518 506 0 0 0 0 0 0 0 1024 0 0 0 0 0 0 0 1024 
0 0 0 0 0 0 63 961 0 0 0 0 0 0 0 1024 0 0 0 0 0 0 0 1024 
0 0 0 0 0 0 129 895 0 0 0 0 0 0 0 1024 0 0 0 0 0 0 0 1024 
0 0 0 0 0 0 34 990 0 0 0 0 0 0 0 1024 0 0 0 0 0 0 0 1024 
0 0 0 0 0 0 119 905 0 0 0 0 0 0 0 1024 0 0 0 0 0 0 0 1024 
0 0 0 0 0 0 438 586 0 0 0 0 0 0 0 1024 0 0 0 0 0 0 0 1024 
0 0 0 0 0 0 133 891 0 0 0 0 0 0 0 1024 0 0 0 0 0 0 0 1024 
0 0 0 0 0 0 43 981 0 0 0 0 0 0 0 1024 0 0 0 0 0 0 0 1024 
0 0 0 0 0 0 0 1024 0 0 0 0 0 0 0 1024 0 0 0 0 0 0 0 1024 
0 0 0 0 0 0 27 997 0 0 0 0 0 0 0 1024 0 0 0 0 0 0 0 1024 
0 0 2 128 25 9 37 823 0 0 88 58 6 10 7 855 0 12 121 18 6 7 8 852 
0 0 88 865 36 5 2 28 0 124 792 61 11 4 4 28 2 801 164 19 3 3 4 28 
0 0 62 962 0 0 0 0 0 686 338 0 0 0 0 0 21 1003 0 0 0 0 0 0 
0 0 299 725 0 0 0 0 0 842 182 0 0 0 0 0 66 958 0 0 0 0 0 0 
0 0 97 926 1 0 0 0 1 912 111 0 0 0 0 0 198 826 0 0 0 0 0 0 
0 2 78 761 158 18 3 4 4 475 521 12 5 7 0 0 64 940 8 5 6 1 0 0 
0 0 98 477 392 9 8 40 4 347 604 16 9 5 6 33 118 840 12 8 5 5 10 26 
0 0 419 522 83 0 0 0 0 780 244 0 0 0 0 0 220 804 0 0 0 0 0 0 
0 1 265 758 0 0 0 0 2 658 364 0 0 0 0 0 97 927 0 0 0 0 0 0 
0 10 406 608 0 0 0 0 1 571 452 0 0 0 0 0 84 930 10 0 0 0 0 0 
0 4 295 724 1 0 0 0 2 457 565 0 0 0 0 0 25 996 3 0 0 0 0 0 
0 0 21 635 103 27 20 218 0 24 601 105 39 18 11 226 0 419 272 65 20 13 10 225 
0 0 0 0 1 0 8 1015 0 0 0 0 0 1 0 1023 0 0 0 0 0 1 0 1023 
0 0 0 0 0 0 0 1024 0 0 0 0 0 0 0 1024 0 0 0 0 0 0 0 1024 
0 0 0 0 0 0 0 1024 0 0 0 0 0 0 0 1024 0 0 0 0 0 0 0 1024 
0 0 0 0 0 0 0 1024 0 0 0 0 0 0 0 1024 0 0 0 0 0 0 0 1024 
0 0 0 0 0 0 0 1024 0 0 0 0 0 0 0 1024 0 0 0 0 0 0 0 1024 
0 0 0 0 0 0 0 1024 0 0 0 0 0 0 0 1024 0 0 0 0 0 0 0 1024 
0 0 0 0 0 0 2 1022 0 0 0 0 0 0 0 1024 0 0 0 0 0 0 0 1024 
0 0 0 0 0 0 0 1024 0 0 0 0 0 0 0 1024 0 0 0 0 0 0 0 1024 
0 0 0 0 0 0 0 1024 0 0 0 0 0 0 0 1024 0 0 0 0 0 0 0 1024 
0 0 0 0 0 0 0 1024 0 0 0 0 0 0 0 1024 0 0 0 0 0 0 0 1024 
0 0 0 0 0 0 0 1024 0 0 0 0 0 0 0 1024 0 0 0 0 0 0 0 1024 
0 0 0 0 0 0 0 1024 0 0 0 0 0 0 0 1024 0 0 0 0 0 0 0 1024 
0 0 0 0 0 0 0 1024 0 0 0 0 0 0 0 1024 0 0 0 0 0 0 0 1024 
0 0 0 0 0 0 0 1024 0 0 0 0 0 0 0 1024 0 0 0 0 0 0 0 1024 
0 0 0 0 0 0 87 937 0 0 0 0 0 0 0 1024 0 0 0 0 0 0 0 1024 
0 0 0 0 0 0 124 868 0 0 0 0 0 0 0 992 0 0 0 0 0 0 0 992 
0 0 0 0 0 0 297 727 0 0 0 0 0 0 0 1024 0 0 0 0 0 0 0 1024 
0 0 0 0 0 0 189 835 0 0 0 0 0 0 0 1024 0 0 0 0 0 0 0 1024 
0 0 0 0 0 0 300 724 0 0 0 0 0 0 0 1024 0 0 0 0 0 0 0 1024 
0 0 0 0 0 0 134 890 0 0 0 0 0 0 0 1024 0 0 0 0 0 0 0 1024 
0 0 0 0 0 0 2 1022 0 0 0 0 0 0 0 1024 0 0 0 0 0 0 0 1024 
0 0 0 0 0 0 72 952 0 0 0 0 0 0 0 1024 0 0 0 0 0 0 0 1024 
0 0 0 0 0 0 115 909 0 0 0 0 0 0 0 1024 0 0 0 0 0 0 0 1024 
0 0 0 0 0 0 73 951 0 0 0 0 0 0 0 1024 0 0 0 0 0 0 0 1024 
0 0 0 0 0 0 6 1018 0 0 0 0 0 0 0 1024 0 0 0 0 0 0 0 1024 
0 0 0 0 0 0 59 965 0 0 0 0 0 0 0 1024 0 0 0 0 0 0 0 1024 
0 0 2 449 54 8 82 429 0 15 422 52 10 10 8 507 0 242 238 13 9 9 9 504 
0 0 0 962 62 0 0 0 0 128 896 0 0 0 0 0 3 1021 0 0 0 0 0 0 
0 0 0 784 240 0 0 0 0 141 883 0 0 0 0 0 19 1002 3 0 0 0 0 0 
0 0 1 506 513 4 0 0 0 207 810 7 0 0 0 0 101 915 8 0 0 0 0 0 
0 0 1 574 266 11 13 159 0 362 471 8 7 8 7 161 73 754 10 6 9 6 12 154 
0 0 28 76 81 24 24 791 0 0 78 69 37 18 18 804 0 71 7 71 39 16 29 791 
0 0 28 67 97 23 23 786 0 2 60 113 22 17 17 793 0 50 58 71 19 20 19 787 
0 0 88 213 669 50 3 1 0 187 771 59 2 2 1 2 97 884 23 15 0 2 2 1 
0 0 522 470 32 0 0 0 0 922 102 0 0 0 0 0 339 685 0 0 0 0 0 0 
0 0 85 855 84 0 0 0 0 431 593 0 0 0 0 0 59 965 0 0 0 0 0 0 
0 0 60 962 2 0 0 0 0 288 736 0 0 0 0 0 6 1018 0 0 0 0 0 0 
0 0 13 1005 6 0 0 0 0 55 966 3 0 0 0 0 2 945 77 0 0 0 0 0 
0 0 8 200 56 52 21 687 0 0 41 180 49 47 16 691 0 18 42 179 58 20 16 691 
0 0 15 229 19 6 23 732 0 0 2 218 26 17 6 755 0 0 1 221 23 16 6 757 
0 0 5 173 18 10 51 767 0 0 0 162 19 11 12 820 0 0 0 143 31 15 14 821 
0 0 13 18 14 15 66 898 0 0 0 20 9 14 6 975 0 0 0 18 11 11 9 975 
0 0 0 0 1 12 153 858 0 0 0 0 0 1 6 1017 0 0 0 0 0 0 6 1018 
0 0 0 0 2 10 419 593 0 0 0 0 0 0 4 1020 0 0 0 0 0 0 2 1022 
0 0 0 0 0 3 208 813 0 0 0 0 0 0 0 1024 0 0 0 0 0 0 0 1024 
0 0 0 0 0 0 50 974 0 0 0 0 0 0 0 1024 0 0 0 0 0 0 0 1024 
0 0 0 0 0 2 30 992 0 0 0 0 0 0 2 1022 0 0 0 0 0 0 2 1022 
0 0 0 10 9 10 21 974 0 0 0 2 8 8 11 995 0 0 0 1 8 9 12 994 
0 0 50 62 11 12 49 840 0 0 39 61 16 7 9 892 0 0 9 87 18 8 8 894 
0 0 181 92 13 13 212 513 0 0 160 98 14 10 14 728 0 0 61 190 18 12 9 734 
0 0 328 41 10 14 305 326 0 0 301 53 13 9 10 638 0 0 127 216 20 10 12 639 
0 0 343 67 10 20 279 305 0 0 315 78 18 7 15 591 0 0 161 227 19 8 7 602 
0 1 349 68 7 25 332 242 0 0 331 63 21 5 15 589 0 0 202 184 29 4 9 596 
0 0 342 65 7 23 325 230 0 0 320 66 19 5 14 568 0 0 208 165 30 5 10 574 
0 0 0 0 17 156 446 405 0 0 0 0 0 0 169 855 0 0 0 0 0 0 0 1024 
0 0 0 0 0 233 285 506 0 0 0 0 0 0 28 996 0 0 0 0 0 0 0 1024 
0 0 0 0 0 331 81 612 0 0 0 0 0 0 1 1023 0 0 0 0 0 0 0 1024 
0 0 0 0 0 250 65 709 0 0 0 0 0 0 0 1024 0 0 0 0 0 0 0 1024 
0 0 0 0 0 25 80 919 0 0 0 0 0 0 0 1024 0 0 0 0 0 0 0 1024 
0 0 0 0 0 0 6 1018 0 0 0 0 0 0 0 1024 0 0 0 0 0 0 0 1024 
0 0 37 96 15 6 70 800 0 0 4 103 27 11 8 871 0 0 1 103 30 12 8 870 
0 0 124 176 12 10 65 637 0 0 32 242 28 9 9 704 0 0 7 267 32 5 12 701 
0 0 169 279 24 17 70 465 0 0 56 346 64 3 14 541 0 0 8 399 56 6 11 544 
0 0 191 394 15 9 22 393 0 0 68 483 35 14 8 416 0 0 18 541 27 14 8 416 
0 0 46 628 241 5 7 97 0 45 700 160 7 5 4 103 0 673 79 154 7 7 4 100 
0 0 0 594 416 14 0 0 0 73 921 30 0 0 0 0 13 994 17 0 0 0 0 0 
0 0 1 131 887 5 0 0 0 33 985 6 0 0 0 0 5 1019 0 0 0 0 0 0 
0 0 0 28 996 0 0 0 0 8 1016 0 0 0 0 0 5 1019 0 0 0 0 0 0 
0 0 280 422 304 5 4 9 0 1 579 414 11 1 6 12 0 351 120 521 13 1 7 11 
0 0 532 481 11 0 0 0 0 0 362 648 14 0 0 0 0 0 106 901 17 0 0 0 
0 0 562 459 3 0 0 0 0 0 338 683 3 0 0 0 0 0 67 951 6 0 0 0 
0 2 648 371 3 0 0 0 0 6 495 518 5 0 0 0 2 22 140 852 8 0 0 0 
0 2 474 475 68 5 0 0 0 432 378 214 0 0 0 0 48 440 227 308 1 0 0 0 
0 0 98 698 228 0 0 0 0 573 451 0 0 0 0 0 70 953 1 0 0 0 0 0 
0 0 2 924 98 0 0 0 0 267 757 0 0 0 0 0 8 1016 0 0 0 0 0 0 
0 0 8 1010 6 0 0 0 0 311 713 0 0 0 0 0 2 1002 20 0 0 0 0 0 
0 0 73 873 50 28 0 0 0 79 827 92 26 0 0 0 5 778 152 83 6 0 0 0 
0 0 219 643 80 46 32 4 0 7 366 556 55 37 3 0 0 162 174 632 51 5 0 0 
0 0 438 579 7 0 0 0 0 0 369 648 7 0 0 0 0 0 156 860 8 0 0 0 
0 0 340 645 39 0 0 0 0 0 314 659 51 0 0 0 0 0 182 796 42 4 0 0 
0 1 357 626 38 2 0 0 0 0 314 644 49 13 4 0 0 0 187 775 45 6 10 1 
0 0 350 629 38 7 0 0 0 0 298 673 33 10 5 5 0 0 187 790 21 9 11 6 
0 0 330 653 33 8 0 0 0 0 291 682 24 12 14 1 0 0 216 754 24 7 18 5 
0 0 475 489 52 8 0 0 0 0 453 524 18 21 7 1 0 0 275 698 20 8 20 3 
0 0 466 493 45 12 8 0 0 0 452 497 50 5 9 11 0 0 298 659 40 6 9 12 
0 1 477 500 46 0 0 0 0 0 461 531 30 2 0 0 0 0 362 632 28 2 0 0 
0 0 602 400 22 0 0 0 0 0 651 371 2 0 0 0 0 0 470 554 0 0 0 0 
0 2 711 297 14 0 0 0 0 0 739 285 0 0 0 0 0 0 550 473 1 0 0 0 
0 40 814 169 1 0 0 0 0 0 852 172 0 0 0 0 0 0 650 374 0 0 0 0 
0 31 837 156 0 0 0 0 0 0 871 153 0 0 0 0 0 0 756 268 0 0 0 0 
0 64 755 203 2 0 0 0 0 0 830 193 1 0 0 0 0 0 719 304 1 0 0 0 
0 83 710 199 0 0 0 0 0 0 803 189 0 0 0 0 0 0 683 309 0 0 0 0 
0 0 66 266 471 221 0 0 0 0 30 241 29 359 360 5 0 0 4 248 31 18 353 370 
0 0 71 349 351 253 0 0 0 0 36 292 31 313 295 57 0 0 3 298 34 25 312 352 
0 0 64 426 220 314 0 0 0 0 20 336 26 275 87 280 0 0 7 319 37 19 274 368 
0 0 96 589 82 257 0 0 0 0 58 278 194 209 33 252 0 0 27 291 35 117 271 283 
0 0 118 442 164 286 8 6 0 0 67 316 117 199 23 302 0 0 35 333 32 173 129 322 
0 0 196 523 37 143 41 84 0 0 75 593 33 34 23 266 0 0 49 609 32 23 29 282 
0 0 358 650 5 2 7 2 0 0 135 869 5 3 2 10 0 0 94 909 6 3 2 10 
0 0 667 353 4 0 0 0 0 0 398 622 4 0 0 0 0 0 212 808 4 0 0 0 
0 0 604 417 3 0 0 0 0 0 491 529 4 0 0 0 0 0 314 704 6 0 0 0 
0 0 593 431 0 0 0 0 0 0 443 581 0 0 0 0 0 0 259 765 0 0 0 0 
0 0 205 708 111 0 0 0 0 92 747 185 0 0 0 0 5 678 144 197 0 0 0 0 
0 0 9 511 479 25 0 0 0 44 945 35 0 0 0 0 1 1011 12 0 0 0 0 0 
0 0 0 345 679 0 0 0 0 1 1023 0 0 0 0 0 0 1024 0 0 0 0 0 0 
0 0 96 349 578 1 0 0 0 1 800 218 5 0 0 0 0 636 152 236 0 0 0 0 
0 0 647 352 25 0 0 0 0 0 663 349 12 0 0 0 0 8 406 605 5 0 0 0 
0 0 667 346 11 0 0 0 0 0 588 425 11 0 0 0 0 0 275 742 7 0 0 0 
0 0 566 447 11 0 0 0 0 0 468 544 12 0 0 0 0 0 224 791 9 0 0 0 
0 0 541 480 3 0 0 0 0 0 460 561 3 0 0 0 0 0 237 785 2 0 0 0 
0 0 523 492 9 0 0 0 0 1 499 522 2 0 0 0 1 3 298 720 2 0 0 0 
0 0 133 781 110 0 0 0 0 232 626 162 4 0 0 0 32 672 153 165 2 0 0 0 
0 0 2 925 97 0 0 0 0 117 907 0 0 0 0 0 2 1007 15 0 0 0 0 0 
0 0 28 946 50 0 0 0 0 122 902 0 0 0 0 0 2 1019 3 0 0 0 0 0 
0 0 206 688 98 27 5 0 0 195 779 15 34 1 0 0 26 936 24 37 1 0 0 0 
0 0 94 754 131 39 6 0 0 147 724 107 41 5 0 0 11 785 124 101 3 0 0 0 
0 1 488 509 26 0 0 0 0 40 574 404 6 0 0 0 4 80 439 500 1 0 0 0 
0 0 669 332 23 0 0 0 0 0 672 343 9 0 0 0 0 0 534 486 4 0 0 0 
0 0 586 422 16 0 0 0 0 0 598 421 5 0 0 0 0 0 527 496 1 0 0 0 
0 0 444 525 55 0 0 0 0 0 481 526 17 0 0 0 0 0 414 606 4 0 0 0 
0 0 481 474 69 0 0 0 0 0 520 481 23 0 0 0 0 0 436 582 6 0 0 0 
0 0 501 493 30 0 0 0 0 0 536 481 7 0 0 0 0 0 467 556 1 0 0 0 
0 0 405 562 57 0 0 0 0 0 440 560 24 0 0 0 0 0 468 552 4 0 0 0 
0 9 445 492 78 0 0 0 0 0 561 451 12 0 0 0 0 0 577 447 0 0 0 0 
0 16 824 182 2 0 0 0 0 1 878 145 0 0 0 0 0 0 839 185 0 0 0 0 
0 16 949 58 1 0 0 0 0 0 979 45 0 0 0 0 0 0 928 96 0 0 0 0 
0 87 837 99 1 0 0 0 0 1 941 82 0 0 0 0 0 0 931 93 0 0 0 0 
0 46 901 74 3 0 0 0 0 0 959 65 0 0 0 0 0 0 935 89 0 0 0 0 
0 49 817 155 3 0 0 0 0 0 894 130 0 0 0 0 0 0 884 140 0 0 0 0 
0 50 746 184 12 0 0 0 0 0 827 164 1 0 0 0 0 0 825 166 1 0 0 0 
0 4 473 544 3 0 0 0 0 0 392 631 1 0 0 0 0 0 272 750 2 0 0 0 
0 3 489 527 5 0 0 0 0 0 391 624 9 0 0 0 0 0 262 753 9 0 0 0 
0 0 487 532 5 0 0 0 0 0 415 609 0 0 0 0 0 0 287 735 2 0 0 0 
0 0 489 517 18 0 0 0 0 0 416 594 14 0 0 0 0 0 372 647 5 0 0 0 
0 0 428 570 26 0 0 0 0 0 358 654 12 0 0 0 0 0 349 675 0 0 0 0 
0 0 519 499 6 0 0 0 0 0 449 570 5 0 0 0 0 0 361 661 2 0 0 0 
0 0 537 480 7 0 0 0 0 0 433 584 7 0 0 0 0 0 363 661 0 0 0 0 
0 0 476 538 10 0 0 0 0 0 394 623 7 0 0 0 0 0 418 604 2 0 0 0 
0 0 528 491 5 0 0 0 0 0 488 535 1 0 0 0 0 0 450 574 0 0 0 0 
0 0 778 244 2 0 0 0 0 0 719 304 1 0 0 0 0 0 575 449 0 0 0 0 
0 0 216 807 1 0 0 0 0 587 375 62 0 0 0 0 7 826 132 59 0 0 0 0 
0 0 61 951 12 0 0 0 0 323 701 0 0 0 0 0 1 1023 0 0 0 0 0 0 
0 0 75 752 197 0 0 0 0 66 930 28 0 0 0 0 0 899 88 36 1 0 0 0 
0 0 490 495 39 0 0 0 0 4 604 413 3 0 0 0 0 80 478 463 3 0 0 0 
0 0 448 525 51 0 0 0 0 0 475 539 10 0 0 0 0 0 427 592 5 0 0 0 
0 0 588 422 14 0 0 0 0 0 524 490 10 0 0 0 0 0 368 654 2 0 0 0 
0 0 466 529 29 0 0 0 0 0 411 603 10 0 0 0 0 0 318 701 5 0 0 0 
0 0 526 466 32 0 0 0 0 0 485 527 12 0 0 0 0 0 348 674 2 0 0 0 
0 0 560 421 43 0 0 0 0 0 527 493 4 0 0 0 0 0 338 684 2 0 0 0 
0 0 199 713 112 0 0 0 0 0 582 425 17 0 0 0 0 309 223 484 8 0 0 0 
0 0 3 1011 10 0 0 0 0 24 1000 0 0 0 0 0 0 1022 2 0 0 0 0 0 
0 0 85 937 2 0 0 0 0 429 595 0 0 0 0 0 0 1023 1 0 0 0 0 0 
0 0 133 827 64 0 0 0 0 222 802 0 0 0 0 0 2 1022 0 0 0 0 0 0 
0 0 398 561 65 0 0 0 0 370 654 0 0 0 0 0 14 968 42 0 0 0 0 0 
0 0 440 457 105 16 5 1 0 104 663 225 22 9 1 0 13 383 411 203 13 1 0 0 
0 0 552 404 68 0 0 0 0 0 569 434 21 0 0 0 0 0 524 497 3 0 0 0 
0 2 557 405 60 0 0 0 0 0 583 438 3 0 0 0 0 0 539 484 1 0 0 0 
0 4 561 394 65 0 0 0 0 0 595 413 16 0 0 0 0 0 570 453 1 0 0 0 
0 3 670 320 31 0 0 0 0 0 710 311 3 0 0 0 0 0 675 347 2 0 0 0 
0 17 609 336 62 0 0 0 0 1 659 344 20 0 0 0 0 0 643 379 2 0 0 0 
0 3 527 350 144 0 0 0 0 0 619 395 10 0 0 0 0 0 610 411 3 0 0 0 
0 3 595 411 15 0 0 0 0 0 667 357 0 0 0 0 0 0 671 353 0 0 0 0 
0 38 585 374 27 0 0 0 0 0 716 308 0 0 0 0 0 0 684 340 0 0 0 0 
0 2 189 651 182 0 0 0 0 1 306 714 3 0 0 0 0 0 360 663 1 0 0 0 
0 4 179 751 90 0 0 0 0 1 260 761 2 0 0 0 0 0 353 671 0 0 0 0 
0 0 167 684 173 0 0 0 0 2 256 757 9 0 0 0 0 0 387 637 0 0 0 0 
0 4 331 666 23 0 0 0 0 1 475 548 0 0 0 0 0 0 570 454 0 0 0 0 
0 4 302 615 71 0 0 0 0 0 486 506 0 0 0 0 0 0 547 445 0 0 0 0 
0 11 696 311 6 0 0 0 0 0 673 349 2 0 0 0 0 0 585 436 3 0 0 0 
0 13 558 446 7 0 0 0 0 0 515 502 7 0 0 0 0 0 481 539 4 0 0 0 
0 0 501 511 12 0 0 0 0 0 467 552 5 0 0 0 0 0 446 578 0 0 0 0 
0 2 508 497 17 0 0 0 0 0 480 538 6 0 0 0 0 0 505 518 1 0 0 0 
0 3 635 385 1 0 0 0 0 0 577 446 1 0 0 0 0 0 585 439 0 0 0 0 
0 0 518 478 28 0 0 0 0 0 498 511 15 0 0 0 0 0 507 513 4 0 0 0 
0 10 547 444 23 0 0 0 0 0 526 489 9 0 0 0 0 0 514 510 0 0 0 0 
0 1 420 585 18 0 0 0 0 0 391 624 9 0 0 0 0 0 423 600 1 0 0 0 
0 0 543 478 3 0 0 0 0 0 509 514 1 0 0 0 0 0 559 465 0 0 0 0 
0 0 591 401 27 5 0 0 0 0 609 410 5 0 0 0 0 19 570 434 1 0 0 0 
0 0 289 717 18 0 0 0 0 338 654 32 0 0 0 0 6 805 183 30 0 0 0 0 
0 0 299 583 142 0 0 0 0 529 495 0 0 0 0 0 63 961 0 0 0 0 0 0 
0 0 295 607 122 0 0 0 0 117 608 298 1 0 0 0 20 352 375 277 0 0 0 0 
0 0 402 470 152 0 0 0 0 0 473 550 1 0 0 0 0 0 452 572 0 0 0 0 
0 0 388 539 96 1 0 0 0 0 390 608 25 1 0 0 0 0 372 650 2 0 0 0 
0 0 285 645 94 0 0 0 0 0 268 699 57 0 0 0 0 0 316 699 9 0 0 0 
0 0 174 781 69 0 0 0 0 0 133 861 30 0 0 0 0 0 190 827 7 0 0 0 
0 0 145 738 141 0 0 0 0 0 189 825 10 0 0 0 0 0 216 806 2 0 0 0 
0 0 186 692 146 0 0 0 0 0 247 767 10 0 0 0 0 0 237 783 4 0 0 0 
0 0 25 536 463 0 0 0 0 1 272 729 22 0 0 0 0 145 149 718 12 0 0 0 
0 0 14 840 170 0 0 0 0 143 858 23 0 0 0 0 0 976 34 14 0 0 0 0 
0 0 47 974 3 0 0 0 0 501 523 0 0 0 0 0 0 1024 0 0 0 0 0 0 
0 0 6 1018 0 0 0 0 0 466 558 0 0 0 0 0 0 1024 0 0 0 0 0 0 
0 0 41 982 1 0 0 0 0 408 616 0 0 0 0 0 0 1024 0 0 0 0 0 0 
0 0 67 761 174 21 1 0 0 110 727 148 38 1 0 0 1 808 70 144 1 0 0 0 
0 0 151 631 242 0 0 0 0 0 223 774 27 0 0 0 0 0 285 733 6 0 0 0 
0 0 184 550 290 0 0 0 0 0 276 742 6 0 0 0 0 0 315 706 3 0 0 0 
0 0 115 589 317 3 0 0 0 2 219 782 19 2 0 0 0 0 297 721 6 0 0 0 
0 0 283 570 168 3 0 0 0 2 464 546 12 0 0 0 0 0 470 547 7 0 0 0 
0 2 241 590 191 0 0 0 0 3 422 589 10 0 0 0 0 0 435 586 3 0 0 0 
0 0 86 436 502 0 0 0 0 1 248 770 5 0 0 0 0 1 279 744 0 0 0 0 
0 0 118 715 191 0 0 0 0 0 341 682 1 0 0 0 0 0 345 679 0 0 0 0 
0 0 175 713 136 0 0 0 0 1 355 666 2 0 0 0 0 0 395 629 0 0 0 0 
0 0 132 472 420 0 0 0 0 3 285 713 23 0 0 0 0 0 295 718 11 0 0 0 
0 0 211 707 106 0 0 0 0 11 392 618 3 0 0 0 0 0 421 601 2 0 0 0 
0 0 118 588 318 0 0 0 0 8 235 768 13 0 0 0 0 2 375 646 1 0 0 0 
0 0 218 616 177 13 0 0 0 10 395 595 24 0 0 0 0 1 446 566 11 0 0 0 
0 0 245 513 221 13 0 0 0 8 409 533 42 0 0 0 0 1 484 495 12 0 0 0 
0 44 404 307 50 72 126 21 0 4 446 335 85 130 24 0 0 13 470 360 155 26 0 0 
0 2 256 459 182 53 68 4 0 1 248 491 199 79 6 0 0 3 310 584 109 18 0 0 
0 1 252 627 114 21 9 0 0 0 265 679 62 18 0 0 0 1 322 662 38 1 0 0 
0 0 235 669 120 0 0 0 0 0 256 713 55 0 0 0 0 0 297 714 13 0 0 0 
0 0 187 733 104 0 0 0 0 0 197 763 64 0 0 0 0 0 276 728 20 0 0 0 
0 1 189 647 187 0 0 0 0 0 189 701 134 0 0 0 0 0 202 802 20 0 0 0 
0 0 186 787 51 0 0 0 0 1 187 805 31 0 0 0 0 1 306 713 4 0 0 0 
0 0 119 838 67 0 0 0 0 0 144 865 15 0 0 0 0 0 221 803 0 0 0 0 
0 0 166 778 80 0 0 0 0 0 214 786 24 0 0 0 0 0 288 732 4 0 0 0 
0 0 185 760 79 0 0 0 0 55 454 510 5 0 0 0 12 245 349 416 2 0 0 0 
0 0 363 654 7 0 0 0 1 839 184 0 0 0 0 0 194 830 0 0 0 0 0 0 
0 0 886 138 0 0 0 0 0 1008 16 0 0 0 0 0 506 518 0 0 0 0 0 0 
0 8 579 264 161 12 0 0 0 663 77 261 23 0 0 0 425 255 104 235 5 0 0 0 
0 0 145 583 295 1 0 0 0 0 206 790 28 0 0 0 0 0 307 713 4 0 0 0 
0 0 126 515 373 10 0 0 0 0 159 756 109 0 0 0 0 0 247 759 18 0 0 0 
0 0 121 559 274 70 0 0 0 0 150 686 183 5 0 0 0 1 257 733 33 0 0 0 
0 0 21 245 712 46 0 0 0 0 43 757 223 1 0 0 0 0 84 914 26 0 0 0 
0 0 68 531 423 2 0 0 0 0 159 781 84 0 0 0 0 0 217 791 16 0 0 0 
0 0 70 483 404 67 0 0 0 0 115 731 162 16 0 0 0 0 177 778 69 0 0 0 
0 0 61 457 490 16 0 0 0 28 125 771 100 0 0 0 0 31 143 814 36 0 0 0 
0 0 541 471 12 0 0 0 0 852 141 29 2 0 0 0 0 970 25 27 2 0 0 0 
0 0 591 433 0 0 0 0 0 966 58 0 0 0 0 0 0 1024 0 0 0 0 0 0 
0 0 256 768 0 0 0 0 0 625 399 0 0 0 0 0 2 1022 0 0 0 0 0 0 
0 0 277 747 0 0 0 0 0 580 444 0 0 0 0 0 10 1014 0 0 0 0 0 0 
0 0 164 822 38 0 0 0 0 497 527 0 0 0 0 0 4 1012 8 0 0 0 0 0 
0 0 83 483 362 93 3 0 0 45 255 513 183 28 0 0 2 143 231 577 71 0 0 0 
0 0 72 346 506 100 0 0 0 0 115 622 280 7 0 0 0 1 160 802 61 0 0 0 
0 0 102 338 419 164 1 0 0 1 178 552 274 19 0 0 0 0 216 773 34 1 0 0 
0 0 69 407 293 228 27 0 0 0 122 527 259 116 0 0 0 0 198 708 118 0 0 0 
0 0 50 305 473 196 0 0 0 0 99 581 317 27 0 0 0 0 163 817 44 0 0 0 
0 0 16 233 646 129 0 0 0 0 62 640 308 14 0 0 0 0 101 875 48 0 0 0 
0 0 27 301 579 105 12 0 0 0 104 586 292 42 0 0 0 0 152 792 80 0 0 0 
0 0 26 251 469 254 24 0 0 1 64 477 400 82 0 0 0 1 136 783 104 0 0 0 
0 0 7 343 406 258 10 0 0 0 37 557 353 77 0 0 0 0 75 863 86 0 0 0 
0 1 40 396 435 149 3 0 0 4 164 515 303 38 0 0 0 11 227 742 44 0 0 0 
0 0 27 255 563 167 12 0 0 4 94 520 380 26 0 0 0 9 221 760 34 0 0 0 
0 0 4 362 633 25 0 0 0 0 75 700 249 0 0 0 0 0 196 815 13 0 0 0 
0 0 13 306 654 19 0 0 0 0 90 681 221 0 0 0 0 0 187 797 8 0 0 0 
0 267 553 116 66 21 1 0 0 591 274 100 49 10 0 0 0 714 219 74 17 0 0 0 
0 58 612 134 101 78 38 3 0 461 280 123 96 60 4 0 0 587 229 132 68 8 0 0 
0 138 532 142 97 70 43 2 0 441 290 132 98 61 2 0 0 575 233 137 71 8 0 0 
0 214 406 180 120 49 41 14 0 498 174 195 81 52 24 0 0 542 208 187 55 32 0 0 
0 45 390 315 149 65 46 14 0 259 270 290 132 54 19 0 0 359 260 322 62 21 0 0 
0 41 252 434 158 66 57 16 0 123 218 466 127 71 19 0 0 181 272 470 87 14 0 0 
0 28 228 529 112 42 68 17 0 61 217 569 78 71 28 0 0 132 243 540 85 24 0 0 
0 0 121 612 98 51 109 33 0 12 125 658 65 110 54 0 0 30 210 611 133 40 0 0 
0 0 156 425 337 62 43 1 0 1 165 460 320 75 3 0 1 16 226 638 140 3 0 0 
0 0 39 593 376 16 0 0 0 390 77 328 228 1 0 0 120 306 93 480 25 0 0 0 
0 0 679 345 0 0 0 0 3 1021 0 0 0 0 0 0 542 482 0 0 0 0 0 0 
0 3 980 41 0 0 0 0 5 1019 0 0 0 0 0 0 880 144 0 0 0 0 0 0 
0 5 622 397 0 0 0 0 6 1018 0 0 0 0 0 0 554 470 0 0 0 0 0 0 
0 0 21 289 571 131 12 0 0 224 68 151 568 13 0 0 44 232 59 623 66 0 0 0 
0 0 2 71 767 184 0 0 0 0 8 102 838 76 0 0 0 1 30 747 246 0 0 0 
0 0 0 54 685 285 0 0 0 0 0 94 760 170 0 0 0 0 10 667 347 0 0 0 
0 0 0 2 634 388 0 0 0 0 0 3 851 170 0 0 0 0 0 611 412 1 0 0 
0 0 9 65 696 254 0 0 0 0 12 90 828 94 0 0 0 0 30 531 463 0 0 0 
0 0 2 17 588 415 2 0 0 0 2 22 730 269 1 0 0 0 8 246 768 2 0 0 
0 0 16 176 465 367 0 0 0 49 93 90 656 136 0 0 0 129 37 395 463 0 0 0 
0 0 184 840 0 0 0 0 0 920 104 0 0 0 0 0 1 1023 0 0 0 0 0 0 
0 0 650 374 0 0 0 0 0 1024 0 0 0 0 0 0 9 1015 0 0 0 0 0 0 
0 0 216 807 1 0 0 0 0 753 271 0 0 0 0 0 19 1001 4 0 0 0 0 0 
0 0 108 915 1 0 0 0 0 347 677 0 0 0 0 0 2 1005 17 0 0 0 0 0 
0 0 52 960 12 0 0 0 0 209 815 0 0 0 0 0 0 863 161 0 0 0 0 0 
0 0 40 407 255 302 20 0 0 44 402 116 347 115 0 0 0 224 317 195 288 0 0 0 
0 0 0 1 605 418 0 0 0 0 0 10 828 186 0 0 0 0 0 382 641 1 0 0 
0 0 0 0 676 348 0 0 0 0 0 10 838 176 0 0 0 0 0 450 573 1 0 0 
0 0 0 15 608 401 0 0 0 0 0 36 823 165 0 0 0 0 1 518 505 0 0 0 
0 0 0 10 577 437 0 0 0 0 0 41 819 164 0 0 0 0 2 498 524 0 0 0 
0 0 0 5 661 358 0 0 0 0 0 6 962 56 0 0 0 0 0 675 349 0 0 0 
0 0 1 3 838 182 0 0 0 0 1 51 959 13 0 0 0 1 4 708 311 0 0 0 
0 0 0 1 855 168 0 0 0 0 0 157 840 27 0 0 0 0 2 917 105 0 0 0 
0 0 0 5 875 144 0 0 0 0 0 150 869 5 0 0 0 0 11 991 22 0 0 0 
0 0 0 7 862 154 1 0 0 0 1 392 624 7 0 0 0 0 11 1005 8 0 0 0 
0 0 0 0 905 116 3 0 0 0 0 451 565 8 0 0 0 0 2 994 28 0 0 0 
0 0 0 0 942 82 0 0 0 0 0 338 685 1 0 0 0 0 4 991 29 0 0 0 
0 0 0 2 859 131 0 0 0 0 0 226 744 22 0 0 0 0 8 889 95 0 0 0 
0 529 491 4 0 0 0 0 0 918 106 0 0 0 0 0 0 954 70 0 0 0 0 0 
0 330 692 2 0 0 0 0 0 925 99 0 0 0 0 0 0 951 73 0 0 0 0 0 
0 476 546 2 0 0 0 0 0 825 199 0 0 0 0 0 0 822 202 0 0 0 0 0 
0 313 706 5 0 0 0 0 0 718 306 0 0 0 0 0 0 801 223 0 0 0 0 0 
0 367 525 132 0 0 0 0 0 686 338 0 0 0 0 0 0 880 144 0 0 0 0 0 
0 606 417 1 0 0 0 0 0 883 141 0 0 0 0 0 0 936 88 0 0 0 0 0 
0 605 410 5 4 0 0 0 0 857 159 5 3 0 0 0 0 958 61 4 1 0 0 0 
0 481 487 34 22 0 0 0 0 793 191 31 9 0 0 0 0 882 117 24 1 0 0 0 
0 332 484 51 56 51 44 6 0 763 88 47 58 53 14 1 3 806 72 68 63 11 1 0 
0 144 289 381 62 68 69 11 6 734 54 57 85 68 20 0 271 497 64 86 99 7 0 0 
0 0 507 517 0 0 0 0 3 1021 0 0 0 0 0 0 633 391 0 0 0 0 0 0 
0 0 552 472 0 0 0 0 0 1024 0 0 0 0 0 0 847 177 0 0 0 0 0 0 
0 0 299 725 0 0 0 0 0 1024 0 0 0 0 0 0 512 512 0 0 0 0 0 0 
0 0 9 732 222 61 0 0 0 630 86 72 221 15 0 0 128 580 48 221 47 0 0 0 
0 0 14 82 725 201 2 0 0 1 19 125 807 72 0 0 0 11 76 631 306 0 0 0 
0 0 5 25 491 493 10 0 0 0 8 37 597 378 4 0 0 6 25 402 575 16 0 0 
0 0 0 3 797 224 0 0 0 0 0 4 813 207 0 0 0 0 0 408 615 1 0 0 
0 0 0 2 459 557 6 0 0 0 0 3 715 303 3 0 0 0 0 392 620 12 0 0 
0 0 0 1 377 646 0 0 0 0 0 4 545 475 0 0 0 0 0 166 853 5 0 0 
0 0 23 274 296 431 0 0 0 220 76 18 449 261 0 0 1 283 24 202 498 16 0 0 
0 0 313 711 0 0 0 0 0 993 31 0 0 0 0 0 27 997 0 0 0 0 0 0 
0 0 459 565 0 0 0 0 0 1024 0 0 0 0 0 0 52 972 0 0 0 0 0 0 
0 0 254 770 0 0 0 0 0 959 65 0 0 0 0 0 68 956 0 0 0 0 0 0 
0 0 60 963 1 0 0 0 0 989 35 0 0 0 0 0 25 999 0 0 0 0 0 0 
0 0 60 964 0 0 0 0 0 1011 13 0 0 0 0 0 46 978 0 0 0 0 0 0 
0 0 145 844 27 4 4 0 0 843 155 19 5 2 0 0 93 895 28 5 3 0 0 0 
0 0 11 146 311 555 1 0 0 79 88 35 820 2 0 0 9 147 43 814 11 0 0 0 
0 0 0 0 358 666 0 0 0 0 0 4 989 31 0 0 0 0 0 923 101 0 0 0 
0 0 0 0 290 734 0 0 0 0 0 2 969 53 0 0 0 0 0 820 204 0 0 0 
0 0 0 0 261 756 7 0 0 0 0 4 804 215 1 0 0 0 0 720 300 4 0 0 
0 0 0 0 214 771 39 0 0 0 0 5 696 323 0 0 0 0 0 615 391 18 0 0 
0 0 0 0 458 561 5 0 0 0 0 19 845 160 0 0 0 0 0 815 205 4 0 0 
0 0 0 0 336 681 7 0 0 0 0 19 930 75 0 0 0 0 0 914 105 5 0 0 
0 0 0 1 596 427 0 0 0 0 0 103 921 0 0 0 0 0 5 1017 2 0 0 0 
0 0 0 65 580 379 0 0 0 0 0 239 785 0 0 0 0 0 0 1019 5 0 0 0 
0 0 0 37 617 370 0 0 0 0 0 257 767 0 0 0 0 0 0 1019 5 0 0 0 
0 0 0 103 516 405 0 0 0 0 0 265 759 0 0 0 0 0 4 966 54 0 0 0 
0 0 0 55 556 381 0 0 0 0 0 209 782 1 0 0 0 0 6 925 61 0 0 0 
0 387 151 127 99 178 47 35 0 585 97 176 114 32 20 0 36 600 184 150 36 18 0 0 
0 471 134 41 36 109 149 84 0 587 50 65 146 158 18 0 2 578 98 165 172 9 0 0 
0 430 278 170 74 14 37 21 0 543 254 146 29 45 7 0 0 623 283 63 53 2 0 0 
0 415 279 199 113 18 0 0 0 564 236 184 39 1 0 0 1 640 287 93 3 0 0 0 
0 485 237 212 83 7 0 0 0 593 240 176 14 1 0 0 0 677 291 51 5 0 0 0 
0 492 282 193 57 0 0 0 0 562 292 160 10 0 0 0 0 702 292 30 0 0 0 0 
0 610 167 223 24 0 0 0 0 644 242 137 1 0 0 0 0 736 271 17 0 0 0 0 
0 770 254 0 0 0 0 0 0 883 141 0 0 0 0 0 0 906 118 0 0 0 0 0 
0 181 339 213 60 76 100 55 20 567 174 66 83 102 12 0 118 548 145 102 101 10 0 0 
0 78 575 192 32 50 77 20 70 756 30 43 58 57 10 0 501 348 46 76 48 5 0 0 
0 108 910 6 0 0 0 0 153 871 0 0 0 0 0 0 956 68 0 0 0 0 0 0 
0 0 1020 4 0 0 0 0 67 957 0 0 0 0 0 0 997 27 0 0 0 0 0 0 
0 0 710 314 0 0 0 0 127 897 0 0 0 0 0 0 954 70 0 0 0 0 0 0 
0 27 235 692 36 33 1 0 0 759 178 39 45 3 0 0 285 580 102 45 12 0 0 0 
0 59 550 129 190 86 10 0 0 340 318 183 159 24 0 0 2 502 292 192 36 0 0 0 
0 34 369 253 175 149 41 3 0 175 327 250 184 80 8 0 0 338 357 230 94 5 0 0 
0 68 241 210 234 172 95 4 0 185 200 260 221 140 18 0 0 277 299 286 149 13 0 0 
0 28 155 205 314 185 114 23 0 98 137 274 332 133 50 0 2 168 257 391 171 35 0 0 
0 10 114 246 348 176 109 21 0 32 137 308 342 157 48 0 0 112 248 412 209 43 0 0 
0 0 52 517 210 126 78 41 0 452 58 124 213 113 64 0 22 464 117 218 133 70 0 0 
0 0 83 941 0 0 0 0 0 1024 0 0 0 0 0 0 210 814 0 0 0 0 0 0 
0 0 69 955 0 0 0 0 0 1024 0 0 0 0 0 0 350 674 0 0 0 0 0 0 
0 0 25 999 0 0 0 0 0 1007 17 0 0 0 0 0 161 863 0 0 0 0 0 0 
0 0 0 1024 0 0 0 0 0 1013 11 0 0 0 0 0 39 985 0 0 0 0 0 0 
0 0 0 1024 0 0 0 0 0 1020 4 0 0 0 0 0 56 968 0 0 0 0 0 0 
0 0 0 1024 0 0 0 0 0 1024 0 0 0 0 0 0 255 769 0 0 0 0 0 0 
0 0 2 458 139 413 12 0 0 365 109 49 415 85 1 0 22 434 64 432 72 0 0 0 
0 0 0 4 219 779 22 0 0 0 0 37 734 251 2 0 0 0 32 833 158 1 0 0 
0 0 3 18 254 670 79 0 0 0 12 39 645 326 2 0 0 4 42 752 225 1 0 0 
0 0 0 7 314 645 54 4 0 0 0 41 750 227 6 0 0 0 47 852 120 5 0 0 
0 0 0 12 539 466 7 0 0 0 0 97 850 77 0 0 0 0 64 905 55 0 0 0 
0 0 4 30 666 320 4 0 0 0 8 140 820 56 0 0 0 2 88 906 28 0 0 0 
0 0 40 82 672 230 0 0 0 6 53 198 763 4 0 0 0 23 120 878 3 0 0 0 
0 1 11 89 721 202 0 0 0 2 18 334 667 3 0 0 0 11 156 856 1 0 0 0 
0 8 60 205 640 111 0 0 0 19 75 385 545 0 0 0 0 40 227 754 3 0 0 0 
0 1 33 289 581 119 1 0 0 6 50 536 416 16 0 0 0 22 267 719 16 0 0 0 
0 8 57 265 527 167 0 0 0 17 84 512 406 5 0 0 0 38 321 663 2 0 0 0 
0 11 77 354 382 168 0 0 0 34 102 520 335 1 0 0 0 54 346 589 3 0 0 0 
0 52 131 291 36 25 130 359 68 382 42 29 35 439 29 0 329 156 36 38 462 3 0 0 
0 54 207 243 40 18 118 344 98 373 54 28 20 403 48 0 359 150 41 28 422 24 0 0 
0 32 124 198 77 54 187 352 59 218 84 83 104 380 96 0 187 128 108 119 436 46 0 0 
0 54 153 255 93 24 133 312 0 143 210 196 40 361 74 0 0 190 307 91 391 45 0 0 
0 31 314 236 82 9 115 237 0 181 306 171 19 292 55 0 0 319 324 38 311 32 0 0 
0 2 244 364 117 10 99 188 0 63 364 290 22 242 43 0 0 219 471 50 254 30 0 0 
0 27 274 375 97 18 59 174 0 71 408 283 31 125 106 0 0 276 465 53 153 77 0 0 
0 194 190 263 96 110 120 51 6 495 174 112 111 108 18 0 60 565 139 144 108 8 0 0 
0 127 583 257 22 21 10 4 68 873 29 25 16 10 3 0 484 476 29 22 11 2 0 0 
5 176 728 115 0 0 0 0 147 877 0 0 0 0 0 0 791 233 0 0 0 0 0 0 
45 319 660 0 0 0 0 0 264 760 0 0 0 0 0 0 729 295 0 0 0 0 0 0 
0 176 842 6 0 0 0 0 206 818 0 0 0 0 0 0 900 124 0 0 0 0 0 0 
0 68 723 233 0 0 0 0 186 838 0 0 0 0 0 0 967 57 0 0 0 0 0 0 
0 145 383 390 49 16 38 3 10 785 138 34 16 37 4 0 216 667 72 28 41 0 0 0 
0 131 546 54 103 80 80 30 0 518 196 107 92 85 26 0 1 621 165 124 103 10 0 0 
0 230 588 18 30 73 70 15 0 627 204 34 75 75 9 0 0 706 151 83 80 4 0 0 
0 596 426 1 1 0 0 0 1 906 116 0 1 0 0 0 0 941 82 1 0 0 0 0 
0 375 640 8 1 0 0 0 0 843 178 3 0 0 0 0 0 928 93 3 0 0 0 0 
0 563 416 26 17 2 0 0 0 877 118 21 8 0 0 0 0 941 65 16 2 0 0 0 
0 99 255 605 64 1 0 0 0 785 195 39 5 0 0 0 148 765 100 11 0 0 0 0 
0 0 90 934 0 0 0 0 14 1008 2 0 0 0 0 0 377 647 0 0 0 0 0 0 
0 0 249 775 0 0 0 0 34 990 0 0 0 0 0 0 809 215 0 0 0 0 0 0 
0 0 595 429 0 0 0 0 3 1017 4 0 0 0 0 0 903 121 0 0 0 0 0 0 
0 0 212 812 0 0 0 0 0 1022 2 0 0 0 0 0 606 418 0 0 0 0 0 0 
0 0 37 987 0 0 0 0 0 1017 7 0 0 0 0 0 328 696 0 0 0 0 0 0 
0 0 0 1023 1 0 0 0 0 1024 0 0 0 0 0 0 419 605 0 0 0 0 0 0 
0 0 63 819 84 40 13 5 0 768 119 82 37 13 5 0 235 606 112 46 20 5 0 0 
0 58 198 239 233 180 86 30 0 217 226 268 192 81 40 0 5 315 332 236 101 35 0 0 
0 3 107 266 361 197 81 9 0 38 234 356 297 84 15 0 7 159 397 355 95 11 0 0 
0 5 79 285 353 172 106 24 0 29 147 390 316 109 33 0 7 110 373 397 111 26 0 0 
0 7 172 210 271 210 121 33 0 16 217 270 319 155 46 1 2 199 267 370 155 31 0 0 
0 4 110 254 347 226 63 20 0 27 186 408 300 78 25 0 4 120 369 425 85 21 0 0 
0 3 29 155 729 105 3 0 0 21 103 603 295 2 0 0 0 57 488 477 2 0 0 0 
0 13 65 222 682 42 0 0 0 28 131 602 259 4 0 0 0 73 516 432 3 0 0 0 
0 5 22 139 683 142 32 1 0 13 67 437 482 24 1 0 0 34 323 635 29 3 0 0 
0 0 22 154 601 200 46 1 0 7 70 550 363 32 2 0 0 34 411 528 48 3 0 0 
0 0 43 178 539 225 37 2 0 13 111 461 421 17 1 0 0 68 410 520 24 2 0 0 
0 0 21 216 548 205 2 0 0 4 79 536 362 11 0 0 1 39 483 468 1 0 0 0 
0 0 0 0 0 6 165 853 0 0 0 0 15 917 92 0 0 0 0 30 978 16 0 0 
0 0 0 0 8 25 202 789 0 0 1 18 32 914 59 0 0 1 18 37 962 6 0 0 
0 0 0 0 0 8 224 792 0 0 0 1 32 935 56 0 0 0 0 41 977 6 0 0 
0 0 0 0 0 17 296 711 0 0 0 4 45 867 108 0 0 0 8 80 909 27 0 0 
0 0 0 0 2 29 353 640 0 0 0 8 68 759 189 0 0 0 10 105 833 76 0 0 
0 0 0 0 0 26 325 673 0 0 0 7 77 768 172 0 0 0 12 105 837 70 0 0 
0 0 0 0 0 3 227 794 0 0 0 0 20 759 245 0 0 0 0 41 865 118 0 0 
0 0 15 11 13 33 313 639 0 22 6 22 82 678 214 0 9 18 23 98 802 74 0 0 
0 31 199 13 13 30 319 419 25 204 15 22 60 613 85 0 106 136 23 122 625 12 0 0 
0 45 733 14 11 18 114 89 17 740 29 15 24 190 9 0 162 622 14 40 185 1 0 0 
0 17 1006 1 0 0 0 0 0 1019 5 0 0 0 0 0 54 970 0 0 0 0 0 0 
0 26 998 0 0 0 0 0 0 1024 0 0 0 0 0 0 93 931 0 0 0 0 0 0 
0 1 1011 8 1 1 2 0 0 947 73 1 1 2 0 0 172 847 2 2 1 0 0 0 
0 6 492 266 27 10 30 193 0 467 300 27 11 44 174 1 69 608 113 19 87 128 0 0 
0 21 736 92 32 35 14 94 0 750 95 31 37 18 93 0 6 819 47 41 31 80 0 0 
0 67 758 67 60 48 24 0 0 749 126 70 55 24 0 0 3 826 94 77 24 0 0 0 
0 443 377 98 36 47 22 1 0 729 184 33 47 26 5 0 3 804 128 52 35 2 0 0 
5 598 421 0 0 0 0 0 1 836 187 0 0 0 0 0 2 871 151 0 0 0 0 0 
1 625 397 1 0 0 0 0 0 905 119 0 0 0 0 0 0 925 99 0 0 0 0 0 
0 152 268 587 17 0 0 0 0 909 114 1 0 0 0 0 149 841 34 0 0 0 0 0 
0 25 691 308 0 0 0 0 33 991 0 0 0 0 0 0 556 468 0 0 0 0 0 0 
0 86 841 97 0 0 0 0 84 940 0 0 0 0 0 0 634 390 0 0 0 0 0 0 
0 10 956 58 0 0 0 0 52 972 0 0 0 0 0 0 688 336 0 0 0 0 0 0 
0 6 612 406 0 0 0 0 33 991 0 0 0 0 0 0 589 435 0 0 0 0 0 0 
0 0 280 744 0 0 0 0 7 1017 0 0 0 0 0 0 452 572 0 0 0 0 0 0 
0 0 399 625 0 0 0 0 11 1013 0 0 0 0 0 0 640 384 0 0 0 0 0 0 
0 215 321 487 1 0 0 0 19 994 10 1 0 0 0 0 260 758 6 0 0 0 0 0 
0 484 439 77 17 1 6 0 10 860 111 35 2 6 0 0 37 881 87 13 6 0 0 0 
0 550 196 74 74 61 59 10 71 658 71 83 69 67 5 0 131 642 98 85 66 2 0 0 
1 119 424 163 117 125 74 1 8 458 187 161 145 65 0 0 24 575 183 177 65 0 0 0 
0 28 226 205 243 218 90 14 0 122 252 290 242 107 11 0 37 279 293 304 111 0 0 0 
0 29 199 193 185 261 145 12 0 118 228 232 273 161 12 0 30 263 249 329 150 3 0 0 
0 27 191 230 190 179 181 26 0 107 246 245 208 196 22 0 14 241 298 254 209 8 0 0 
0 39 200 225 241 144 149 26 0 107 261 296 173 150 37 0 22 255 348 211 157 31 0 0 
0 0 83 163 410 137 188 43 0 24 184 430 141 182 63 0 4 116 464 196 196 48 0 0 
0 8 171 224 276 165 150 30 0 74 251 349 167 142 41 0 3 197 418 216 167 23 0 0 
0 54 206 202 250 142 135 35 0 116 272 315 157 126 38 0 3 242 408 195 153 23 0 0 
0 76 211 210 221 129 109 36 0 135 277 288 137 115 40 0 4 290 356 184 127 31 0 0 
0 0 0 0 0 0 139 885 0 0 0 0 18 799 207 0 0 0 0 48 961 15 0 0 
0 0 0 0 0 0 106 918 0 0 0 0 16 833 175 0 0 0 0 42 976 6 0 0 
0 0 0 0 0 5 131 888 0 0 0 0 26 884 114 0 0 0 1 37 965 21 0 0 
0 0 0 0 2 54 295 673 0 0 0 9 147 750 118 0 0 0 17 195 802 10 0 0 
0 0 0 0 22 96 352 554 0 0 0 57 132 753 82 0 0 0 64 183 770 7 0 0 
0 0 0 0 0 7 661 356 0 0 0 4 45 950 25 0 0 0 6 118 894 6 0 0 
0 0 0 0 0 18 725 281 0 0 0 3 64 954 3 0 0 0 4 186 833 1 0 0 
0 0 0 0 0 0 566 458 0 0 0 0 24 976 24 0 0 0 0 109 911 4 0 0 
0 0 0 0 5 27 574 418 0 0 1 16 71 894 42 0 0 2 16 225 779 2 0 0 
0 0 513 31 47 67 247 119 0 444 100 66 116 279 19 0 0 531 79 178 236 0 0 0 
0 0 1024 0 0 0 0 0 0 1003 21 0 0 0 0 0 0 1024 0 0 0 0 0 0 
0 0 1020 4 0 0 0 0 0 976 48 0 0 0 0 0 1 1015 8 0 0 0 0 0 
0 0 383 58 29 31 239 284 0 341 113 26 39 446 59 0 2 433 44 61 467 17 0 0 
0 0 0 0 0 0 354 670 0 0 0 0 25 758 241 0 0 0 0 64 874 86 0 0 
0 0 1 2 1 1 101 918 0 1 2 1 6 523 490 1 0 2 2 21 651 348 0 0 
0 0 164 33 10 8 38 771 0 106 91 10 8 176 626 7 0 191 16 9 363 445 0 0 
0 122 134 67 66 61 30 544 0 230 78 71 71 74 491 9 3 271 90 77 153 419 11 0 
0 414 147 8 10 14 39 392 0 546 18 14 15 60 327 44 0 559 21 24 92 314 14 0 
0 329 98 8 8 11 35 535 0 411 24 8 11 128 406 36 9 418 17 12 246 322 0 0 
0 46 508 115 12 14 74 255 0 592 77 12 20 153 165 5 10 645 25 28 218 96 2 0 
0 0 1024 0 0 0 0 0 0 1022 2 0 0 0 0 0 9 1015 0 0 0 0 0 0 
0 3 1013 8 0 0 0 0 1 1012 11 0 0 0 0 0 26 998 0 0 0 0 0 0 
0 2 1021 1 0 0 0 0 2 1020 2 0 0 0 0 0 78 946 0 0 0 0 0 0 
0 0 1023 1 0 0 0 0 0 1024 0 0 0 0 0 0 247 777 0 0 0 0 0 0 
0 1 1023 0 0 0 0 0 15 1009 0 0 0 0 0 0 258 766 0 0 0 0 0 0 
0 2 967 55 0 0 0 0 2 1019 3 0 0 0 0 0 129 895 0 0 0 0 0 0 
0 16 561 390 39 14 4 0 0 918 75 20 10 1 0 0 88 880 39 14 3 0 0 0 
0 496 427 44 45 10 2 0 7 885 75 44 12 1 0 0 41 890 63 28 2 0 0 0 
0 551 471 2 0 0 0 0 18 1001 5 0 0 0 0 0 100 924 0 0 0 0 0 0 
0 128 872 23 1 0 0 0 4 991 26 3 0 0 0 0 58 956 10 0 0 0 0 0 
0 203 694 105 19 2 1 0 0 872 112 35 3 2 0 0 43 897 73 8 3 0 0 0 
0 374 476 46 35 32 42 19 45 815 36 38 31 41 18 0 217 671 42 43 45 6 0 0 
0 92 504 129 78 103 89 29 1 577 120 108 103 95 20 0 58 590 150 126 99 1 0 0 
0 94 488 180 123 94 32 13 5 526 204 140 98 46 5 0 59 608 177 129 48 3 0 0 
0 102 439 161 185 113 20 4 4 521 156 188 136 18 1 0 86 533 216 170 18 1 0 0 
0 27 336 235 219 150 52 5 0 322 212 248 178 60 4 0 30 422 288 221 62 1 0 0 
0 113 379 287 206 39 0 0 16 374 296 271 67 0 0 0 41 505 360 116 2 0 0 0 
0 193 300 251 202 44 2 0 21 411 234 253 69 4 0 0 50 489 327 123 3 0 0 0 
0 0 0 0 0 0 62 962 0 0 0 0 4 485 535 0 0 0 0 23 879 122 0 0 
0 0 0 0 0 0 56 968 0 0 0 0 16 594 414 0 0 0 0 23 945 56 0 0 
0 0 0 0 0 0 88 936 0 0 0 0 7 730 287 0 0 0 0 30 981 13 0 0 
0 0 0 0 0 7 125 892 0 0 0 5 32 718 269 0 0 0 5 52 960 7 0 0 
0 0 0 0 3 12 151 858 0 0 0 4 47 590 383 0 0 1 6 82 901 34 0 0 
0 0 0 3 18 34 243 726 0 0 10 26 86 546 356 0 0 11 27 122 782 82 0 0 
0 0 0 9 18 43 327 627 0 2 15 29 72 841 65 0 1 15 29 128 845 6 0 0 
0 0 0 30 35 84 623 252 0 9 27 53 152 773 10 0 0 38 53 301 632 0 0 0 
0 0 0 28 90 102 608 196 0 4 77 65 146 719 13 0 0 57 86 283 598 0 0 0 
0 0 705 52 41 44 130 52 0 544 210 49 50 170 1 0 0 721 80 76 147 0 0 0 
0 0 1024 0 0 0 0 0 0 996 28 0 0 0 0 0 18 1006 0 0 0 0 0 0 
0 3 1021 0 0 0 0 0 0 1003 21 0 0 0 0 0 24 999 1 0 0 0 0 0 
0 5 894 70 13 12 30 0 2 730 242 12 26 12 0 0 10 916 59 27 12 0 0 0 
0 0 187 107 68 128 450 84 0 176 133 94 177 437 7 0 35 250 115 312 312 0 0 0 
0 0 168 85 114 219 405 33 0 191 81 145 265 338 4 0 24 224 169 351 256 0 0 0 
0 0 17 146 128 191 372 170 0 98 111 141 223 429 22 0 22 160 162 270 410 0 0 0 
0 0 59 200 79 107 327 252 0 216 56 97 128 426 101 0 35 219 109 162 490 9 0 0 
0 0 40 165 55 136 318 310 0 150 70 74 182 418 130 0 23 191 79 252 429 50 0 0 
0 0 18 231 131 294 296 54 0 95 179 151 367 224 8 0 11 247 179 429 157 1 0 0 
0 0 350 176 200 199 89 10 0 387 165 250 152 68 2 0 20 503 265 186 50 0 0 0 
0 1 1015 8 0 0 0 0 0 1015 9 0 0 0 0 0 12 1012 0 0 0 0 0 0 
0 0 1018 6 0 0 0 0 0 1024 0 0 0 0 0 0 30 994 0 0 0 0 0 0 
0 0 1016 8 0 0 0 0 0 1020 4 0 0 0 0 0 77 947 0 0 0 0 0 0 
0 77 943 4 0 0 0 0 41 983 0 0 0 0 0 0 217 807 0 0 0 0 0 0 
0 174 850 0 0 0 0 0 60 964 0 0 0 0 0 0 343 681 0 0 0 0 0 0 
0 0 982 42 0 0 0 0 0 1024 0 0 0 0 0 0 1 1023 0 0 0 0 0 0 
0 0 269 745 6 4 0 0 0 927 90 5 2 0 0 0 46 970 6 2 0 0 0 0 
0 316 436 135 54 62 21 0 2 840 62 53 62 5 0 0 128 754 73 65 4 0 0 0 
0 292 724 8 0 0 0 0 1 986 37 0 0 0 0 0 11 1013 0 0 0 0 0 0 
0 6 678 340 0 0 0 0 0 755 269 0 0 0 0 0 2 1019 3 0 0 0 0 0 
0 74 810 140 0 0 0 0 0 936 88 0 0 0 0 0 9 1015 0 0 0 0 0 0 
0 705 293 19 5 2 0 0 67 943 6 6 1 1 0 0 310 705 4 4 1 0 0 0 
0 132 869 19 4 0 0 0 0 984 33 6 1 0 0 0 17 992 14 1 0 0 0 0 
7 507 510 0 0 0 0 0 75 948 1 0 0 0 0 0 223 801 0 0 0 0 0 0 
0 415 609 0 0 0 0 0 68 956 0 0 0 0 0 0 278 746 0 0 0 0 0 0 
0 185 815 24 0 0 0 0 22 995 7 0 0 0 0 0 221 803 0 0 0 0 0 0 
0 283 731 10 0 0 0 0 62 961 1 0 0 0 0 0 226 798 0 0 0 0 0 0 
0 323 666 3 0 0 0 0 37 955 0 0 0 0 0 0 187 805 0 0 0 0 0 0 
0 0 0 0 0 0 9 1015 0 0 0 0 0 943 81 0 0 0 0 0 1024 0 0 0 
0 0 0 0 0 0 3 1021 0 0 0 0 0 971 53 0 0 0 0 0 1024 0 0 0 
0 0 0 0 0 0 0 1024 0 0 0 0 0 893 131 0 0 0 0 0 1019 5 0 0 
0 0 0 0 0 0 0 1024 0 0 0 0 0 796 228 0 0 0 0 0 993 31 0 0 
0 0 0 0 0 0 2 1022 0 0 0 0 0 557 467 0 0 0 0 0 1024 0 0 0 
0 0 0 0 0 0 3 1021 0 0 0 0 0 708 316 0 0 0 0 0 1024 0 0 0 
0 0 0 0 0 0 14 1010 0 0 0 0 0 885 139 0 0 0 0 0 1024 0 0 0 
0 0 0 0 0 0 108 916 0 0 0 0 0 952 72 0 0 0 0 5 1019 0 0 0 
0 0 0 0 0 0 27 997 0 0 0 0 0 1016 8 0 0 0 0 0 1024 0 0 0 
0 0 479 43 28 29 101 344 0 306 212 25 36 435 10 0 0 475 64 48 436 1 0 0 
0 0 1017 7 0 0 0 0 0 738 286 0 0 0 0 0 0 977 47 0 0 0 0 0 
0 0 1005 19 0 0 0 0 0 665 359 0 0 0 0 0 0 949 75 0 0 0 0 0 
0 0 991 33 0 0 0 0 0 826 198 0 0 0 0 0 0 984 40 0 0 0 0 0 
0 1 757 94 20 25 100 27 0 666 191 24 31 108 4 0 4 815 54 60 90 1 0 0 
0 0 52 22 31 174 667 78 0 56 27 55 470 407 9 0 0 73 69 628 253 1 0 0 
0 0 27 84 61 172 517 163 0 39 94 70 281 536 4 0 14 85 102 369 451 3 0 0 
0 0 49 100 77 212 459 127 0 113 56 105 272 475 3 0 5 140 117 355 407 0 0 0 
0 0 81 87 135 323 319 79 0 105 88 194 326 287 24 0 7 153 237 375 252 0 0 0 
0 0 0 6 189 649 146 34 0 1 15 392 503 101 12 0 0 7 432 500 85 0 0 0 
0 0 174 53 218 563 15 1 0 185 60 456 314 9 0 0 2 222 515 278 7 0 0 0 
0 0 1015 9 0 0 0 0 0 1008 16 0 0 0 0 0 0 1024 0 0 0 0 0 0 
0 0 1007 17 0 0 0 0 0 1017 7 0 0 0 0 0 6 1018 0 0 0 0 0 0 
0 70 938 16 0 0 0 0 16 1008 0 0 0 0 0 0 186 838 0 0 0 0 0 0 
0 112 912 0 0 0 0 0 17 1007 0 0 0 0 0 0 100 924 0 0 0 0 0 0 
0 1 1023 0 0 0 0 0 0 1024 0 0 0 0 0 0 1 1023 0 0 0 0 0 0 
0 0 885 139 0 0 0 0 0 1024 0 0 0 0 0 0 6 1018 0 0 0 0 0 0 
0 7 176 841 0 0 0 0 0 986 38 0 0 0 0 0 263 761 0 0 0 0 0 0 
2 142 503 336 32 9 0 0 19 905 67 30 3 0 0 0 452 514 52 6 0 0 0 0 
6 867 146 4 1 0 0 0 22 986 14 2 0 0 0 0 44 972 7 1 0 0 0 0 
0 237 739 48 0 0 0 0 2 997 25 0 0 0 0 0 10 1014 0 0 0 0 0 0 
0 42 939 43 0 0 0 0 0 999 25 0 0 0 0 0 32 992 0 0 0 0 0 0 
0 300 697 27 0 0 0 0 0 995 29 0 0 0 0 0 63 960 1 0 0 0 0 0 
0 113 752 159 0 0 0 0 18 968 38 0 0 0 0 0 113 911 0 0 0 0 0 0 
0 86 885 53 0 0 0 0 0 1001 23 0 0 0 0 0 77 947 0 0 0 0 0 0 
24 432 565 3 0 0 0 0 86 935 3 0 0 0 0 0 158 863 3 0 0 0 0 0 
37 321 652 14 0 0 0 0 54 970 0 0 0 0 0 0 129 895 0 0 0 0 0 0 
0 194 829 1 0 0 0 0 7 1016 1 0 0 0 0 0 29 995 0 0 0 0 0 0 
0 200 783 9 0 0 0 0 7 980 5 0 0 0 0 0 22 970 0 0 0 0 0 0 
0 0 0 0 0 0 40 984 0 0 0 0 0 1017 7 0 0 0 0 1 1023 0 0 0 
0 0 0 0 0 0 206 818 0 0 0 0 0 1024 0 0 0 0 0 12 1012 0 0 0 
0 0 0 0 0 0 686 338 0 0 0 0 52 972 0 0 0 0 0 240 784 0 0 0 
0 0 0 0 5 83 549 387 0 0 2 47 229 744 2 0 0 3 68 339 614 0 0 0 
0 0 0 6 36 93 474 415 0 2 19 72 252 657 22 0 1 22 90 419 492 0 0 0 
0 0 0 2 44 106 390 482 0 0 20 69 309 601 25 0 0 18 95 377 534 0 0 0 
0 0 0 17 44 85 373 505 0 6 36 68 194 672 48 0 1 35 92 311 585 0 0 0 
0 0 0 10 48 113 266 587 0 4 35 46 201 648 90 0 0 36 68 255 664 1 0 0 
0 0 0 36 53 49 190 696 0 16 46 60 77 761 64 0 4 50 71 131 766 2 0 0 
0 0 113 38 47 55 210 561 0 94 67 50 101 689 23 0 5 150 60 149 660 0 0 0 
0 0 780 31 16 22 58 117 0 636 171 20 28 168 1 0 1 795 28 44 156 0 0 0 
0 27 997 0 0 0 0 0 0 947 77 0 0 0 0 0 11 1013 0 0 0 0 0 0 
0 3 1020 1 0 0 0 0 1 945 78 0 0 0 0 0 17 1005 2 0 0 0 0 0 
0 11 1012 1 0 0 0 0 0 975 49 0 0 0 0 0 16 1007 1 0 0 0 0 0 
0 8 826 54 48 64 24 0 0 826 78 66 48 6 0 0 15 872 78 54 5 0 0 0 
0 0 375 144 78 149 255 23 0 430 124 92 260 117 1 0 41 492 118 278 95 0 0 0 
0 0 299 178 116 181 197 53 0 313 204 153 196 157 1 0 29 441 187 240 127 0 0 0 
0 0 316 155 131 281 92 49 0 333 181 187 234 85 4 0 43 436 218 250 77 0 0 0 
0 0 262 157 156 205 201 43 0 300 145 216 184 177 2 0 34 372 234 247 137 0 0 0 
0 0 284 157 103 239 191 50 0 376 92 169 229 155 3 0 27 417 185 262 133 0 0 0 
0 7 991 10 9 4 3 0 0 994 14 9 5 2 0 0 31 975 9 7 2 0 0 0 
0 36 988 0 0 0 0 0 0 1024 0 0 0 0 0 0 44 980 0 0 0 0 0 0 
0 293 731 0 0 0 0 0 11 1013 0 0 0 0 0 0 91 933 0 0 0 0 0 0 
0 139 881 4 0 0 0 0 40 984 0 0 0 0 0 0 145 879 0 0 0 0 0 0 
0 0 863 161 0 0 0 0 5 1018 1 0 0 0 0 0 104 920 0 0 0 0 0 0 
0 0 611 413 0 0 0 0 0 1024 0 0 0 0 0 0 65 959 0 0 0 0 0 0 
0 0 880 144 0 0 0 0 14 1008 2 0 0 0 0 0 194 830 0 0 0 0 0 0 
0 6 427 421 38 45 87 0 13 781 70 45 109 6 0 0 106 740 60 117 1 0 0 0 
0 307 81 154 34 72 149 227 0 475 75 68 123 275 8 0 33 493 88 150 260 0 0 0 
0 687 96 7 10 14 109 101 2 779 11 11 48 172 1 0 30 758 15 81 140 0 0 0 
0 863 161 0 0 0 0 0 6 1018 0 0 0 0 0 0 31 993 0 0 0 0 0 0 
0 926 98 0 0 0 0 0 10 1014 0 0 0 0 0 0 34 990 0 0 0 0 0 0 
0 526 445 53 0 0 0 0 18 998 8 0 0 0 0 0 114 910 0 0 0 0 0 0 
0 461 418 145 0 0 0 0 16 999 9 0 0 0 0 0 116 908 0 0 0 0 0 0 
0 592 427 5 0 0 0 0 19 1005 0 0 0 0 0 0 178 846 0 0 0 0 0 0 
30 863 131 0 0 0 0 0 73 951 0 0 0 0 0 0 242 782 0 0 0 0 0 0 
35 890 99 0 0 0 0 0 263 761 0 0 0 0 0 0 327 697 0 0 0 0 0 0 
45 868 79 0 0 0 0 0 308 684 0 0 0 0 0 0 352 640 0 0 0 0 0 0 
0 0 0 0 0 21 99 904 0 0 0 6 54 868 96 0 0 0 11 77 936 0 0 0 
0 0 0 0 0 5 169 850 0 0 0 2 39 951 32 0 0 0 4 104 916 0 0 0 
0 0 0 0 0 11 124 889 0 0 0 6 53 895 70 0 0 0 11 88 925 0 0 0 
0 0 0 0 1 21 171 831 0 0 0 7 85 869 63 0 0 0 7 106 910 1 0 0 
0 0 0 0 0 17 220 787 0 0 0 3 45 945 31 0 0 0 5 70 945 4 0 0 
0 0 0 0 0 0 103 921 0 0 0 0 4 998 22 0 0 0 0 15 1009 0 0 0 
0 0 0 0 0 0 106 918 0 0 0 0 8 987 29 0 0 0 0 29 995 0 0 0 
0 0 0 0 0 3 161 860 0 0 0 1 17 999 7 0 0 0 1 51 972 0 0 0 
0 0 0 0 0 7 143 874 0 0 0 4 34 978 8 0 0 0 8 92 924 0 0 0 
0 0 0 0 0 2 118 904 0 0 0 1 18 1002 3 0 0 0 2 82 940 0 0 0 
0 0 4 4 2 16 164 834 0 1 5 6 50 941 21 0 0 7 14 129 872 2 0 0 
0 0 450 44 32 33 189 276 0 228 264 34 63 434 1 0 0 478 50 160 336 0 0 0 
0 0 1020 4 0 0 0 0 0 897 127 0 0 0 0 0 0 1022 2 0 0 0 0 0 
0 2 1022 0 0 0 0 0 2 967 55 0 0 0 0 0 3 1021 0 0 0 0 0 0 
0 1 1023 0 0 0 0 0 0 997 27 0 0 0 0 0 2 1022 0 0 0 0 0 0 
0 7 1017 0 0 0 0 0 2 994 28 0 0 0 0 0 6 1018 0 0 0 0 0 0 
0 0 1023 1 0 0 0 0 0 1010 14 0 0 0 0 0 52 969 3 0 0 0 0 0 
0 3 1021 0 0 0 0 0 1 996 27 0 0 0 0 0 25 997 2 0 0 0 0 0 
0 7 1015 2 0 0 0 0 0 968 56 0 0 0 0 0 59 964 1 0 0 0 0 0 
0 0 1024 0 0 0 0 0 0 966 58 0 0 0 0 0 14 1007 3 0 0 0 0 0 
0 3 1021 0 0 0 0 0 1 1001 22 0 0 0 0 0 67 954 3 0 0 0 0 0 
0 45 979 0 0 0 0 0 23 1000 1 0 0 0 0 0 119 905 0 0 0 0 0 0 
0 50 972 2 0 0 0 0 23 997 4 0 0 0 0 0 118 906 0 0 0 0 0 0 
0 26 991 7 0 0 0 0 12 1008 4 0 0 0 0 0 102 922 0 0 0 0 0 0 
0 2 1018 4 0 0 0 0 4 1014 6 0 0 0 0 0 89 935 0 0 0 0 0 0 
0 3 868 153 0 0 0 0 4 1016 4 0 0 0 0 0 38 986 0 0 0 0 0 0 
0 15 952 57 0 0 0 0 18 1006 0 0 0 0 0 0 129 895 0 0 0 0 0 0 
0 15 450 170 40 57 276 16 22 577 48 45 205 127 0 0 175 467 48 289 45 0 0 0 
0 10 444 234 139 41 82 74 17 601 140 92 40 134 0 0 411 315 127 78 93 0 0 0 
0 0 359 261 123 127 150 4 7 450 217 167 144 39 0 0 250 381 209 173 11 0 0 0 
0 398 94 88 52 83 299 10 1 528 75 66 246 108 0 0 43 532 93 305 51 0 0 0 
0 982 42 0 0 0 0 0 3 1021 0 0 0 0 0 0 4 1020 0 0 0 0 0 0 
0 1008 16 0 0 0 0 0 2 1022 0 0 0 0 0 0 49 975 0 0 0 0 0 0 
0 1002 22 0 0 0 0 0 6 1018 0 0 0 0 0 0 67 957 0 0 0 0 0 0 
0 1002 22 0 0 0 0 0 34 990 0 0 0 0 0 0 114 910 0 0 0 0 0 0 
0 814 210 0 0 0 0 0 21 1003 0 0 0 0 0 0 148 876 0 0 0 0 0 0 
0 840 184 0 0 0 0 0 64 960 0 0 0 0 0 0 372 652 0 0 0 0 0 0 
0 814 173 5 0 0 0 0 132 853 7 0 0 0 0 0 458 532 2 0 0 0 0 0 
0 0 0 0 0 0 49 975 0 0 0 0 9 836 179 0 0 0 0 30 994 0 0 0 
0 0 0 0 0 2 42 980 0 0 0 0 14 902 108 0 0 0 0 29 995 0 0 0 
0 0 0 0 0 0 36 988 0 0 0 0 1 854 169 0 0 0 0 8 1012 4 0 0 
0 0 0 0 0 0 71 953 0 0 0 0 11 915 98 0 0 0 0 33 991 0 0 0 
0 0 0 0 0 0 111 913 0 0 0 0 16 994 14 0 0 0 0 53 971 0 0 0 
0 0 0 0 0 0 98 926 0 0 0 0 19 988 17 0 0 0 0 57 967 0 0 0 
0 0 0 0 0 6 116 902 0 0 0 0 39 959 26 0 0 0 1 78 945 0 0 0 
0 0 0 0 0 0 42 982 0 0 0 0 0 1006 18 0 0 0 0 26 998 0 0 0 
0 0 0 0 0 2 58 964 0 0 0 0 16 966 42 0 0 0 3 45 975 1 0 0 
0 0 0 5 7 8 105 899 0 4 6 7 41 961 5 0 4 7 7 120 886 0 0 0 
0 0 0 4 5 8 353 654 0 2 6 7 58 950 1 0 2 6 8 446 562 0 0 0 
0 0 11 92 66 167 465 223 0 76 64 113 422 349 0 0 33 93 146 526 226 0 0 0 
0 23 679 57 38 26 49 152 9 638 114 44 23 196 0 0 151 603 50 47 173 0 0 0 
0 56 966 2 0 0 0 0 20 883 121 0 0 0 0 0 124 900 0 0 0 0 0 0 
0 3 1021 0 0 0 0 0 2 950 72 0 0 0 0 0 63 960 1 0 0 0 0 0 
0 12 1011 1 0 0 0 0 1 964 59 0 0 0 0 0 53 966 5 0 0 0 0 0 
0 3 1021 0 0 0 0 0 0 980 44 0 0 0 0 0 17 1006 1 0 0 0 0 0 
0 3 1021 0 0 0 0 0 0 978 46 0 0 0 0 0 23 997 4 0 0 0 0 0 
0 6 1018 0 0 0 0 0 0 976 48 0 0 0 0 0 15 1005 4 0 0 0 0 0 
0 18 1004 2 0 0 0 0 1 917 106 0 0 0 0 0 39 967 18 0 0 0 0 0 
0 12 1012 0 0 0 0 0 0 934 90 0 0 0 0 0 25 987 12 0 0 0 0 0 
0 11 1003 10 0 0 0 0 1 940 83 0 0 0 0 0 3 1006 15 0 0 0 0 0 
0 0 1023 1 0 0 0 0 0 990 34 0 0 0 0 0 0 1022 2 0 0 0 0 0 
0 0 986 38 0 0 0 0 0 809 215 0 0 0 0 0 0 988 36 0 0 0 0 0 
0 0 951 73 0 0 0 0 0 757 267 0 0 0 0 0 0 983 41 0 0 0 0 0 
0 0 1019 5 0 0 0 0 0 1007 17 0 0 0 0 0 0 1024 0 0 0 0 0 0 
0 0 969 39 7 7 2 0 0 941 67 7 7 2 0 0 0 1000 16 8 0 0 0 0 
0 0 93 22 22 69 747 71 0 93 22 38 584 287 0 0 0 114 51 785 74 0 0 0 
0 0 0 24 23 93 829 55 0 18 18 59 648 281 0 0 12 22 80 824 86 0 0 0 
0 3 163 17 7 35 607 192 18 155 12 20 370 448 1 0 157 28 23 500 316 0 0 0 
0 0 107 146 75 88 346 262 8 187 94 84 146 504 1 0 84 196 101 301 341 1 0 0 
0 16 124 12 10 40 87 735 0 138 15 31 57 650 133 0 5 145 44 74 756 0 0 0 
0 96 185 9 11 10 69 644 1 268 22 8 32 507 186 0 5 285 13 59 661 1 0 0 
0 356 81 9 8 7 51 512 1 434 12 10 22 490 55 0 39 407 12 40 525 1 0 0 
0 561 32 6 10 6 57 352 8 582 7 12 7 401 7 0 49 548 14 36 377 0 0 0 
0 575 60 23 8 11 79 268 4 618 32 12 24 334 0 0 38 607 22 54 303 0 0 0 
0 602 138 8 5 14 147 110 42 695 11 7 13 256 0 0 146 603 11 18 246 0 0 0 
0 473 182 68 17 23 116 113 38 633 51 23 19 228 0 0 147 559 48 18 219 1 0 0 
0 0 0 0 0 0 0 1024 0 0 0 0 0 555 469 0 0 0 0 0 1024 0 0 0 
0 0 0 0 0 4 38 982 0 0 0 3 13 914 94 0 0 0 4 36 984 0 0 0 
0 0 0 0 0 6 70 948 0 0 0 1 34 927 62 0 0 0 4 55 965 0 0 0 
0 0 0 0 0 0 51 973 0 0 0 0 14 932 78 0 0 0 0 43 981 0 0 0 
0 0 0 0 0 6 84 934 0 0 0 0 39 932 53 0 0 0 4 77 936 7 0 0 
0 0 0 0 0 3 76 945 0 0 0 1 34 975 14 0 0 0 2 62 957 3 0 0 
0 0 0 0 0 0 33 991 0 0 0 0 9 930 85 0 0 0 0 23 1001 0 0 0 
0 0 0 0 0 3 27 994 0 0 0 1 10 999 14 0 0 0 3 30 991 0 0 0 
0 0 0 0 0 8 75 941 0 0 0 2 29 988 5 0 0 0 8 100 916 0 0 0 
0 0 0 1 8 18 150 847 0 1 6 15 76 925 1 0 1 8 17 216 782 0 0 0 
0 0 0 6 3 11 97 907 0 4 5 6 43 965 1 0 4 4 10 271 735 0 0 0 
0 0 0 0 0 18 193 813 0 0 0 10 124 857 33 0 0 0 19 256 746 3 0 0 
0 0 0 1 4 3 101 915 0 0 1 4 47 721 251 0 0 1 5 96 918 4 0 0 
0 0 194 60 21 21 65 663 0 47 203 23 32 613 106 0 0 239 35 66 680 4 0 0 
0 0 503 83 24 26 38 350 0 188 392 28 33 358 25 0 0 557 55 48 364 0 0 0 
0 0 801 124 18 12 17 52 0 401 522 21 14 52 14 0 21 850 74 19 60 0 0 0 
0 0 984 40 0 0 0 0 0 600 424 0 0 0 0 0 16 970 38 0 0 0 0 0 
0 18 1005 1 0 0 0 0 1 698 325 0 0 0 0 0 21 994 9 0 0 0 0 0 
0 21 1000 3 0 0 0 0 4 820 200 0 0 0 0 0 50 969 5 0 0 0 0 0 
0 3 1020 1 0 0 0 0 0 956 68 0 0 0 0 0 5 1019 0 0 0 0 0 0 
0 0 1024 0 0 0 0 0 0 1022 2 0 0 0 0 0 15 1009 0 0 0 0 0 0 
0 1 1023 0 0 0 0 0 0 1023 1 0 0 0 0 0 19 1005 0 0 0 0 0 0 
0 0 1023 1 0 0 0 0 0 1018 6 0 0 0 0 0 6 1018 0 0 0 0 0 0 
0 0 991 33 0 0 0 0 0 948 76 0 0 0 0 0 0 1014 10 0 0 0 0 0 
0 0 771 253 0 0 0 0 0 431 593 0 0 0 0 0 0 986 38 0 0 0 0 0 
0 0 558 330 34 37 65 0 0 294 593 39 57 41 0 0 0 859 75 88 2 0 0 0 
0 0 166 112 29 38 639 40 0 100 175 32 287 429 1 0 0 260 57 623 84 0 0 0 
0 0 0 0 0 97 884 43 0 0 0 3 572 449 0 0 0 0 5 935 84 0 0 0 
0 0 5 26 28 297 659 9 0 21 18 65 812 108 0 0 9 25 99 873 18 0 0 0 
0 0 0 7 26 301 689 1 0 0 13 87 904 20 0 0 0 10 119 894 1 0 0 0 
0 0 0 0 0 346 678 0 0 0 0 14 1002 8 0 0 0 0 43 981 0 0 0 0 
0 0 0 0 0 469 512 43 0 0 0 82 839 103 0 0 0 0 110 860 54 0 0 0 
0 0 34 70 53 244 430 193 0 88 42 97 554 242 1 0 48 67 142 567 200 0 0 0 
0 0 20 54 38 238 408 266 0 63 27 55 541 338 0 0 21 62 77 577 287 0 0 0 
0 0 0 0 0 319 388 317 0 0 0 55 554 415 0 0 0 0 76 598 350 0 0 0 
0 0 0 0 0 58 719 247 0 0 0 1 607 412 4 0 0 0 16 690 318 0 0 0 
0 0 0 0 7 185 556 276 0 0 4 72 571 373 4 0 0 4 106 596 318 0 0 0 
0 0 0 0 19 219 506 248 0 0 5 103 503 377 4 0 0 6 129 561 296 0 0 0 
0 0 0 0 0 0 0 1024 0 0 0 0 0 836 188 0 0 0 0 0 1024 0 0 0 
0 0 4 10 10 12 47 941 0 11 11 13 29 757 203 0 7 13 12 43 949 0 0 0 
0 0 0 0 0 2 31 991 0 0 0 1 5 1005 13 0 0 0 2 20 1002 0 0 0 
0 0 0 0 0 0 23 1001 0 0 0 0 4 846 174 0 0 0 0 20 1004 0 0 0 
0 0 0 0 0 0 41 983 0 0 0 0 15 953 56 0 0 0 0 53 971 0 0 0 
0 0 0 0 0 1 126 897 0 0 0 1 61 941 21 0 0 0 3 136 885 0 0 0 
0 0 0 0 0 0 29 995 0 0 0 0 10 917 97 0 0 0 0 29 990 5 0 0 
0 0 0 0 4 4 24 992 0 0 2 3 16 980 23 0 0 3 5 25 991 0 0 0 
0 0 11 11 8 9 114 871 0 21 6 10 52 931 4 0 13 12 11 175 813 0 0 0 
0 0 8 12 9 21 144 830 0 15 13 14 96 885 1 0 14 13 21 223 753 0 0 0 
0 0 1 11 13 20 221 758 0 10 13 21 145 835 0 0 7 14 28 339 636 0 0 0 
0 0 3 9 10 11 63 928 0 10 10 12 32 798 162 0 10 9 14 74 906 11 0 0 
0 0 0 0 0 0 2 1022 0 0 0 0 1 603 420 0 0 0 0 3 1015 6 0 0 
0 0 0 0 0 0 6 1018 0 0 0 0 0 651 373 0 0 0 0 6 1014 4 0 0 
0 0 0 0 0 0 7 1017 0 0 0 0 1 533 490 0 0 0 0 13 1011 0 0 0 
0 0 0 0 1 2 6 1015 0 0 0 1 2 458 563 0 0 0 1 4 1018 1 0 0 
0 0 41 88 15 19 32 829 0 0 123 20 20 505 356 0 0 93 52 38 841 0 0 0 
0 0 288 100 15 13 25 583 0 96 291 15 14 366 242 0 0 357 46 21 600 0 0 0 
0 0 621 115 17 18 28 225 0 32 699 19 21 251 2 0 0 662 90 31 241 0 0 0 
0 0 968 44 4 3 4 1 0 133 879 3 5 4 0 0 0 953 62 6 3 0 0 0 
0 0 1019 5 0 0 0 0 0 649 375 0 0 0 0 0 0 1019 5 0 0 0 0 0 
0 0 1022 2 0 0 0 0 0 862 162 0 0 0 0 0 0 1021 3 0 0 0 0 0 
0 0 866 39 28 35 54 2 0 816 92 37 58 21 0 0 1 901 46 68 8 0 0 0 
0 0 481 50 31 36 399 27 0 450 79 34 135 326 0 0 0 522 46 392 64 0 0 0 
0 0 563 136 41 47 167 70 0 438 263 50 85 184 4 0 0 659 102 189 74 0 0 0 
0 0 110 122 64 110 511 107 0 75 161 90 293 405 0 0 0 207 131 519 167 0 0 0 
0 0 0 13 65 232 675 39 0 5 33 125 518 341 2 0 5 28 163 716 112 0 0 0 
0 0 2 19 36 336 627 4 0 17 22 70 808 107 0 0 12 28 114 851 19 0 0 0 
0 0 0 17 46 277 650 34 0 8 25 109 797 85 0 0 7 27 205 758 27 0 0 0 
0 0 0 0 29 815 180 0 0 0 0 420 604 0 0 0 0 1 627 396 0 0 0 0 
0 0 0 0 21 935 68 0 0 0 3 620 401 0 0 0 0 2 847 175 0 0 0 0 
0 0 0 0 132 848 44 0 0 0 22 705 297 0 0 0 0 22 793 209 0 0 0 0 
0 0 61 78 71 399 388 27 7 118 64 233 563 39 0 0 93 84 295 535 17 0 0 0 
0 0 100 331 106 206 239 42 0 412 88 151 305 63 5 0 154 333 222 274 41 0 0 0 
0 0 0 101 254 352 237 80 0 45 201 311 355 101 11 0 9 185 421 327 82 0 0 0 
0 0 7 241 107 300 217 152 0 180 138 100 403 202 1 0 19 263 159 440 143 0 0 0 
0 0 0 122 130 629 84 59 0 93 115 249 499 67 1 0 4 186 379 400 55 0 0 0 
0 0 0 43 132 743 59 15 0 28 77 356 497 34 0 0 4 86 469 417 16 0 0 0 
0 0 0 0 0 0 0 1024 0 0 0 0 0 328 696 0 0 0 0 0 1023 1 0 0 
0 0 2 5 7 13 51 946 0 5 5 14 33 520 447 0 5 6 10 51 950 2 0 0 
0 0 0 0 0 0 45 979 0 0 0 0 17 839 168 0 0 0 0 40 984 0 0 0 
0 0 0 0 0 4 16 1004 0 0 0 3 7 892 122 0 0 0 3 15 1005 1 0 0 
0 0 0 0 2 2 28 992 0 0 2 0 16 897 109 0 0 2 2 27 993 0 0 0 
0 0 0 0 1 5 94 924 0 0 0 5 50 954 15 0 0 1 5 114 904 0 0 0 
0 0 0 1 1 3 21 998 0 1 1 2 12 1005 3 0 1 1 3 22 997 0 0 0 
0 0 0 0 0 1 18 1005 0 0 0 1 10 1011 2 0 0 0 2 32 990 0 0 0 
0 0 5 16 32 49 165 757 0 16 31 45 92 835 5 0 17 31 49 258 669 0 0 0 
0 0 0 0 0 0 41 983 0 0 0 0 15 1009 0 0 0 0 0 113 911 0 0 0 
0 0 3 17 17 39 180 768 0 16 18 34 119 836 1 0 14 22 37 381 570 0 0 0 
0 0 0 1 1 6 101 915 0 1 0 2 57 788 176 0 1 0 6 114 898 5 0 0 
0 0 0 0 0 0 0 1024 0 0 0 0 0 260 764 0 0 0 0 0 999 25 0 0 
0 0 0 0 0 0 5 1019 0 0 0 0 2 170 852 0 0 0 0 5 1019 0 0 0 
0 0 0 0 0 2 46 976 0 0 0 2 19 573 430 0 0 0 4 54 966 0 0 0 
0 0 0 0 0 7 195 822 0 0 0 5 93 706 220 0 0 0 8 249 767 0 0 0 
0 0 0 0 0 7 113 904 0 0 0 3 55 830 136 0 0 0 7 177 840 0 0 0 
0 0 0 0 0 8 165 851 0 0 0 8 69 933 14 0 0 0 11 313 700 0 0 0 
0 0 0 0 2 3 229 790 0 0 1 4 68 951 0 0 0 3 5 337 679 0 0 0 
0 0 67 84 20 26 265 562 0 3 147 27 144 702 1 0 0 144 37 452 391 0 0 0 
0 0 351 121 33 43 105 371 0 107 364 45 81 427 0 0 0 446 73 152 353 0 0 0 
0 0 372 89 29 31 82 421 0 147 310 34 49 481 3 0 0 438 57 115 414 0 0 0 
0 0 227 65 49 51 174 458 0 91 202 58 102 570 1 0 0 276 85 260 403 0 0 0 
0 0 0 0 0 12 525 487 0 0 0 1 181 842 0 0 0 0 6 514 504 0 0 0 
0 0 0 0 0 194 728 102 0 0 0 3 545 476 0 0 0 0 89 791 144 0 0 0 
0 0 0 0 0 21 930 73 0 0 0 0 588 436 0 0 0 0 6 844 174 0 0 0 
0 0 0 0 0 286 724 14 0 0 0 64 727 233 0 0 0 0 122 854 48 0 0 0 
0 0 0 22 25 564 413 0 0 12 23 119 798 72 0 0 6 29 261 720 8 0 0 0 
0 0 13 227 130 291 308 55 0 98 212 267 368 79 0 0 22 288 342 335 37 0 0 0 
0 0 1 85 392 311 214 21 0 74 256 419 245 30 0 0 6 263 531 213 11 0 0 0 
0 0 8 246 682 38 39 11 0 148 659 153 27 37 0 0 40 652 270 51 11 0 0 0 
0 0 0 19 497 283 101 124 0 11 186 596 16 215 0 0 9 148 642 93 132 0 0 0 
0 0 81 78 134 431 192 108 0 143 64 496 113 208 0 0 48 148 511 199 118 0 0 0 
0 0 333 180 104 124 237 46 40 453 94 131 187 107 12 0 338 227 149 254 56 0 0 0 
0 0 249 414 116 136 99 10 5 587 158 115 118 41 0 0 320 405 127 153 19 0 0 0 
0 1 286 420 130 113 74 0 34 601 145 127 97 20 0 0 387 367 168 102 0 0 0 0 
0 0 94 408 145 161 200 16 8 416 164 155 200 80 1 0 189 371 180 261 23 0 0 0 
0 0 37 272 131 176 273 103 0 244 143 161 251 186 7 0 96 269 181 330 116 0 0 0 
0 0 0 0 0 0 2 1022 0 0 0 0 1 424 599 0 0 0 0 5 1018 1 0 0 
0 0 0 0 0 0 5 1019 0 0 0 0 0 244 780 0 0 0 0 4 1020 0 0 0 
0 0 0 0 0 0 4 1020 0 0 0 0 0 187 837 0 0 0 0 4 1016 4 0 0 
0 0 0 0 0 0 28 996 0 0 0 0 6 598 420 0 0 0 0 22 995 7 0 0 
0 0 0 0 0 2 45 977 0 0 0 0 21 867 136 0 0 0 0 39 985 0 0 0 
0 0 0 0 0 1 53 970 0 0 0 0 24 872 128 0 0 0 1 47 976 0 0 0 
0 0 0 0 0 8 42 974 0 0 0 5 33 956 30 0 0 0 10 51 963 0 0 0 
0 0 0 0 1 2 31 990 0 0 1 2 11 1005 5 0 0 1 2 48 973 0 0 0 
0 0 29 39 25 42 255 634 0 60 24 41 141 758 0 0 56 28 50 411 479 0 0 0 
0 0 0 0 0 0 117 907 0 0 0 0 70 954 0 0 0 0 0 324 700 0 0 0 
0 0 0 3 7 9 115 890 0 3 7 8 72 921 13 0 2 8 11 234 768 1 0 0 
0 0 0 0 0 0 31 993 0 0 0 0 8 811 205 0 0 0 0 54 962 8 0 0 
0 0 0 0 0 0 0 1024 0 0 0 0 0 154 870 0 0 0 0 0 982 42 0 0 
0 0 0 0 0 0 0 1024 0 0 0 0 0 337 687 0 0 0 0 0 1012 12 0 0 
0 0 0 0 0 1 20 1003 0 0 0 0 9 692 323 0 0 0 2 30 992 0 0 0 
0 0 0 0 0 0 22 1002 0 0 0 0 12 949 63 0 0 0 0 57 967 0 0 0 
0 0 0 0 0 0 15 1009 0 0 0 0 5 1019 0 0 0 0 0 59 965 0 0 0 
0 0 0 0 0 0 24 1000 0 0 0 0 5 1018 1 0 0 0 0 70 954 0 0 0 
0 0 0 0 0 3 84 937 0 0 0 2 45 970 7 0 0 0 5 187 832 0 0 0 
0 0 0 0 0 0 9 1015 0 0 0 0 0 1024 0 0 0 0 0 164 860 0 0 0 
0 0 0 0 0 0 233 791 0 0 0 0 62 956 6 0 0 0 0 336 688 0 0 0 
0 0 0 0 0 0 537 487 0 0 0 0 395 629 0 0 0 0 0 528 496 0 0 0 
0 0 0 0 0 14 784 226 0 0 0 3 678 341 2 0 0 0 4 780 240 0 0 0 
0 0 0 0 7 247 762 8 0 0 2 140 818 64 0 0 0 3 188 822 11 0 0 0 
0 0 4 77 209 562 172 0 0 56 134 469 365 0 0 0 8 164 583 269 0 0 0 0 
0 0 87 170 143 567 57 0 0 203 120 477 224 0 0 0 69 231 577 147 0 0 0 0 
0 0 62 73 191 623 75 0 0 89 85 502 347 1 0 0 35 121 646 222 0 0 0 0 
0 0 2 102 213 703 4 0 0 55 109 650 210 0 0 0 10 136 794 84 0 0 0 0 
0 0 3 130 289 451 151 0 0 77 236 494 186 31 0 0 34 232 569 185 4 0 0 0 
0 0 20 224 277 229 253 21 0 177 285 224 229 108 1 0 79 339 265 294 47 0 0 0 
0 0 18 156 154 220 295 181 0 141 143 194 224 306 16 0 53 186 224 313 248 0 0 0 
0 0 9 100 258 312 322 23 0 69 227 296 348 84 0 0 35 214 368 381 26 0 0 0 
0 0 23 140 170 317 372 2 0 113 151 271 421 68 0 0 76 166 334 447 1 0 0 0 
0 0 59 180 106 139 539 1 0 185 128 110 584 17 0 0 111 173 169 571 0 0 0 0 
0 0 38 131 65 117 642 31 0 133 79 76 568 168 0 0 55 147 99 704 19 0 0 0 
0 0 4 21 58 166 765 10 0 14 27 130 659 194 0 0 5 37 138 811 33 0 0 0 
0 0 0 0 10 248 763 3 0 0 0 72 883 69 0 0 0 1 95 921 7 0 0 0 
0 0 0 0 2 330 658 2 0 0 0 51 890 51 0 0 0 0 87 900 5 0 0 0 
0 0 0 0 0 0 2 990 0 0 0 0 1 417 574 0 0 0 0 5 986 1 0 0 
0 0 0 0 0 0 5 987 0 0 0 0 0 244 748 0 0 0 0 4 988 0 0 0 
0 0 0 0 0 0 4 988 0 0 0 0 0 167 825 0 0 0 0 4 984 4 0 0 
0 0 0 0 0 0 27 965 0 0 0 0 6 575 411 0 0 0 0 22 963 7 0 0 
0 0 0 0 0 2 45 945 0 0 0 0 21 851 120 0 0 0 0 39 953 0 0 0 
0 0 0 0 0 1 51 940 0 0 0 0 24 840 128 0 0 0 1 45 946 0 0 0 
0 0 0 0 0 7 39 946 0 0 0 5 31 926 30 0 0 0 9 48 935 0 0 0 
0 0 0 0 1 2 29 960 0 0 1 2 11 973 5 0 0 1 2 46 943 0 0 0 
0 0 29 37 25 40 253 608 0 60 22 39 139 732 0 0 54 28 48 402 460 0 0 0 
0 0 0 0 0 0 116 876 0 0 0 0 70 922 0 0 0 0 0 322 670 0 0 0 
0 0 0 2 6 7 113 864 0 3 5 7 70 894 13 0 2 6 9 232 742 1 0 0 
0 0 0 0 0 0 31 961 0 0 0 0 8 789 195 0 0 0 0 54 930 8 0 0 
0 0 0 0 0 0 0 992 0 0 0 0 0 151 841 0 0 0 0 0 951 41 0 0 
0 0 0 0 0 0 0 992 0 0 0 0 0 337 655 0 0 0 0 0 980 12 0 0 
0 0 0 0 0 0 13 979 0 0 0 0 4 677 311 0 0 0 0 23 969 0 0 0 
0 0 0 0 0 0 20 972 0 0 0 0 12 917 63 0 0 0 0 43 949 0 0 0 
0 0 0 0 0 0 9 983 0 0 0 0 1 991 0 0 0 0 0 47 945 0 0 0 
0 0 0 0 0 0 19 973 0 0 0 0 1 990 1 0 0 0 0 61 931 0 0 0 
0 0 0 0 0 3 84 905 0 0 0 2 45 939 6 0 0 0 5 187 800 0 0 0 
0 0 0 0 0 0 9 983 0 0 0 0 0 992 0 0 0 0 0 163 829 0 0 0 
0 0 0 0 0 0 233 759 0 0 0 0 62 927 3 0 0 0 0 335 657 0 0 0 
0 0 0 0 0 0 537 455 0 0 0 0 395 597 0 0 0 0 0 528 464 0 0 0 
0 0 0 0 0 14 784 194 0 0 0 3 678 309 2 0 0 0 4 780 208 0 0 0 
0 0 0 0 7 247 737 1 0 0 2 140 801 49 0 0 0 3 188 797 4 0 0 0 
0 0 4 77 209 542 160 0 0 56 134 469 333 0 0 0 8 164 573 247 0 0 0 0 
0 0 87 170 143 550 42 0 0 203 120 474 195 0 0 0 69 231 566 126 0 0 0 0 
0 0 62 73 191 593 73 0 0 89 85 478 339 1 0 0 35 121 622 214 0 0 0 0 
0 0 2 102 213 673 2 0 0 55 109 631 197 0 0 0 10 136 771 75 0 0 0 0 
0 0 3 130 288 446 125 0 0 77 235 489 160 31 0 0 34 232 564 158 4 0 0 0 
0 0 20 208 261 229 253 21 0 165 267 222 229 108 1 0 77 313 261 294 47 0 0 0 
0 0 17 142 151 220 284 178 0 130 137 193 222 294 16 0 49 174 222 300 247 0 0 0 
0 0 9 100 255 308 312 8 0 69 224 291 341 67 0 0 35 212 365 371 9 0 0 0 
0 0 23 133 169 313 352 2 0 107 149 270 401 65 0 0 75 159 332 425 1 0 0 0 
0 0 59 175 96 125 536 1 0 185 115 95 581 16 0 0 111 163 150 568 0 0 0 0 
0 0 38 113 56 112 642 31 0 121 65 74 564 168 0 0 53 125 95 700 19 0 0 0 
0 0 3 19 57 157 746 10 0 12 26 127 633 194 0 0 3 36 134 786 33 0 0 0 
0 0 0 0 9 231 749 3 0 0 0 59 869 64 0 0 0 1 82 902 7 0 0 0 
0 0 0 0 1 320 638 2 0 0 0 42 874 45 0 0 0 0 78 878 5 0 0 0 
