1022 2 0 0 0 0 0 0 0 304 717 3 0 0 0 0 0 0 56 960 8 0 0 0 
1021 1 2 0 0 0 0 0 0 51 917 54 2 0 0 0 0 0 0 866 156 2 0 0 
906 78 24 9 6 0 1 0 105 38 755 126 0 0 0 0 114 23 16 586 284 1 0 0 
809 128 45 32 7 3 0 0 554 75 387 8 0 0 0 0 580 49 29 334 32 0 0 0 
954 70 0 0 0 0 0 0 321 17 598 88 0 0 0 0 308 19 17 503 175 2 0 0 
973 51 0 0 0 0 0 0 0 11 794 219 0 0 0 0 0 0 1 646 377 0 0 0 
782 118 119 5 0 0 0 0 0 132 665 166 61 0 0 0 0 0 24 749 216 35 0 0 
606 234 146 6 0 0 0 0 0 311 397 259 25 0 0 0 0 0 156 557 261 18 0 0 
984 40 0 0 0 0 0 0 0 0 550 474 0 0 0 0 0 0 0 293 727 4 0 0 
669 355 0 0 0 0 0 0 0 0 188 772 64 0 0 0 0 0 0 55 823 146 0 0 
285 316 147 131 71 60 14 0 261 170 133 400 52 8 0 0 340 162 96 54 314 58 0 0 
804 200 13 5 1 1 0 0 996 22 5 1 0 0 0 0 1010 12 2 0 0 0 0 0 
713 310 1 0 0 0 0 0 1020 2 1 1 0 0 0 0 1020 2 1 1 0 0 0 0 
414 324 129 38 59 39 21 0 405 8 17 321 117 60 87 9 398 12 4 14 310 156 112 18 
0 142 368 141 138 196 39 0 0 0 3 276 265 193 282 5 0 0 0 3 358 280 371 12 
0 133 299 406 144 10 0 0 0 0 3 265 371 328 25 0 0 0 0 12 325 530 125 0 
160 856 8 0 0 0 0 0 0 0 1 553 469 1 0 0 0 0 0 0 421 602 1 0 
21 547 172 94 127 53 8 2 18 79 110 197 577 43 0 0 73 115 63 24 96 616 37 0 
120 513 142 145 77 25 2 0 706 186 101 30 1 0 0 0 826 148 45 5 0 0 0 0 
300 697 27 0 0 0 0 0 1023 1 0 0 0 0 0 0 1023 1 0 0 0 0 0 0 
336 662 26 0 0 0 0 0 1024 0 0 0 0 0 0 0 1024 0 0 0 0 0 0 0 
484 343 7 5 11 135 39 0 824 3 4 5 3 4 155 26 824 3 4 5 4 3 139 42 
22 77 527 149 146 83 20 0 30 2 2 13 512 261 203 1 30 2 2 2 3 663 318 4 
1 217 346 130 76 112 110 0 0 0 0 151 416 173 252 0 0 0 0 0 164 500 323 5 
0 257 651 116 0 0 0 0 0 0 0 4 421 591 8 0 0 0 0 0 0 604 420 0 
65 330 344 194 59 29 3 0 398 91 66 30 106 305 28 0 464 72 39 13 11 176 243 6 
19 780 224 1 0 0 0 0 1021 3 0 0 0 0 0 0 1024 0 0 0 0 0 0 0 
31 323 314 57 215 34 15 35 661 15 5 9 8 22 259 45 667 11 6 7 7 13 265 48 
62 310 469 33 41 34 44 31 862 9 3 2 1 3 70 74 868 4 3 1 1 6 82 59 
493 451 76 4 0 0 0 0 1021 3 0 0 0 0 0 0 1023 1 0 0 0 0 0 0 
51 166 309 441 57 0 0 0 216 5 3 5 48 600 147 0 215 4 4 4 7 188 600 2 
0 0 214 454 112 175 37 0 0 0 0 0 32 659 299 2 0 0 0 0 0 183 804 5 
0 0 15 400 290 168 127 24 0 0 0 0 0 181 638 205 0 0 0 0 0 0 795 229 
185 258 79 142 145 106 71 38 465 85 22 12 6 48 259 127 513 44 20 12 1 17 265 152 
141 574 135 1 1 10 80 82 819 30 2 1 3 6 15 148 843 7 1 1 7 2 30 133 
1 7 8 3 103 242 185 475 12 3 2 1 1 0 264 741 13 3 1 1 1 0 192 813 
5 26 39 18 33 228 189 486 80 3 4 1 2 1 197 736 82 3 2 2 1 2 170 762 
60 649 113 17 1 4 46 134 826 8 5 1 4 3 9 168 833 2 4 1 5 3 39 137 
69 377 16 12 224 172 87 67 448 7 4 8 1 10 408 138 448 6 5 8 1 8 400 148 
0 0 0 150 345 199 156 142 0 0 0 0 0 79 654 259 0 0 0 0 0 0 784 208 
20 11 11 1 3 1 312 665 19 9 14 1 2 1 8 970 20 11 11 1 2 1 18 960 
200 314 37 18 22 26 75 332 530 31 26 22 13 9 13 380 554 28 19 19 6 12 35 351 
489 208 12 6 6 5 7 291 689 17 7 5 4 6 3 293 698 9 7 5 6 3 13 283 
18 60 42 27 21 13 17 826 29 58 35 27 17 16 9 833 28 49 44 35 18 12 20 818 
49 60 57 61 37 51 36 673 78 50 62 72 47 24 18 673 63 73 63 84 40 21 22 658 
102 319 109 83 42 26 39 304 441 58 77 78 40 13 18 299 446 69 93 66 28 9 55 258 
200 584 38 1 9 4 103 85 783 22 17 1 9 2 53 137 787 15 19 5 6 2 94 96 
20 84 175 97 22 13 383 198 55 91 187 56 18 3 236 346 47 100 194 49 19 4 358 221 
602 295 70 29 18 9 1 0 800 195 21 7 1 0 0 0 792 210 19 2 1 0 0 0 
590 147 36 129 97 17 7 1 760 173 73 14 4 0 0 0 906 96 16 4 2 0 0 0 
703 309 11 1 0 0 0 0 1010 11 3 0 0 0 0 0 1011 12 1 0 0 0 0 0 
186 316 348 159 15 0 0 0 390 480 145 6 3 0 0 0 421 529 65 6 3 0 0 0 
416 193 171 101 50 50 30 13 608 182 134 58 30 12 0 0 639 217 116 40 12 0 0 0 
424 264 93 62 51 38 72 20 730 91 74 80 44 5 0 0 776 123 87 35 3 0 0 0 
621 399 4 0 0 0 0 0 1022 2 0 0 0 0 0 0 1022 2 0 0 0 0 0 0 
261 249 146 81 65 84 89 17 478 168 120 107 92 27 0 0 484 208 176 99 25 0 0 0 
87 339 397 131 48 17 3 2 365 419 191 44 3 2 0 0 447 413 145 15 3 1 0 0 
493 235 56 49 38 88 53 12 765 64 77 78 37 3 0 0 821 99 65 36 3 0 0 0 
866 153 3 2 0 0 0 0 1019 3 2 0 0 0 0 0 1021 2 1 0 0 0 0 0 
64 196 167 255 158 90 52 42 276 221 293 156 56 20 2 0 331 327 284 64 16 2 0 0 
185 210 74 82 93 132 141 107 457 106 112 154 105 69 19 2 548 168 158 113 25 10 2 0 
317 393 67 53 39 67 81 7 806 52 76 69 21 0 0 0 885 79 50 10 0 0 0 0 
288 736 0 0 0 0 0 0 1024 0 0 0 0 0 0 0 1024 0 0 0 0 0 0 0 
552 440 0 0 0 0 0 0 992 0 0 0 0 0 0 0 992 0 0 0 0 0 0 0 
118 162 122 94 123 254 131 20 276 195 186 262 96 9 0 0 367 249 299 100 9 0 0 0 
422 153 79 65 57 125 117 6 612 94 92 146 76 4 0 0 667 124 162 67 4 0 0 0 
816 36 12 9 14 48 80 9 850 17 24 60 66 7 0 0 863 22 76 53 10 0 0 0 
200 141 32 101 88 135 155 172 357 101 154 147 130 122 13 0 419 226 180 163 34 2 0 0 
197 197 178 189 101 73 51 38 498 239 109 95 42 31 7 3 650 195 88 53 21 11 2 4 
347 259 39 22 22 20 49 266 651 23 21 25 19 199 82 4 669 39 21 122 145 26 2 0 
762 60 9 12 23 39 68 51 828 16 42 59 46 33 0 0 838 48 83 55 0 0 0 0 
985 7 0 0 0 0 0 0 992 0 0 0 0 0 0 0 992 0 0 0 0 0 0 0 
0 3 36 183 523 226 21 0 29 165 580 215 3 0 0 0 117 550 309 16 0 0 0 0 
0 2 32 75 263 495 121 4 28 91 403 416 50 4 0 0 108 414 430 36 4 0 0 0 
0 0 14 21 94 679 174 10 19 28 294 586 60 5 0 0 52 381 506 48 5 0 0 0 
49 13 39 65 114 469 230 13 97 75 274 453 89 4 0 0 196 336 387 69 4 0 0 0 
275 68 22 48 80 349 134 16 359 53 205 306 56 3 9 1 412 271 241 55 8 4 1 0 
432 61 20 23 60 75 153 168 501 30 89 63 117 147 42 3 525 99 95 178 81 11 3 0 
232 146 93 90 83 169 130 49 412 144 153 161 86 35 1 0 519 218 174 79 2 0 0 0 
756 75 84 40 4 2 0 0 870 88 3 0 0 0 0 0 939 22 0 0 0 0 0 0 
