0 0 0 0 0 112 912 0 0 0 0 0 0 0 1024 0 0 0 0 0 0 0 87 937 
0 0 0 0 0 217 807 0 0 0 0 0 0 0 1024 0 0 0 0 0 0 0 132 892 
0 0 0 0 0 25 983 16 0 0 0 0 0 0 930 94 0 0 0 0 0 0 62 962 
0 0 0 0 0 14 1009 1 0 0 0 0 0 0 723 301 0 0 0 0 0 0 5 1019 
0 0 0 0 0 70 954 0 0 0 0 0 0 0 737 287 0 0 0 0 0 0 0 1024 
0 0 0 0 0 16 1008 0 0 0 0 0 0 0 683 341 0 0 0 0 0 0 0 1024 
0 0 0 0 0 12 1012 0 0 0 0 0 0 0 568 456 0 0 0 0 0 0 0 1024 
0 0 0 0 0 45 979 0 0 0 0 0 0 0 833 191 0 0 0 0 0 0 0 1024 
0 0 0 0 0 41 983 0 0 0 0 0 0 0 973 51 0 0 0 0 0 0 0 1024 
0 0 0 0 0 65 959 0 0 0 0 0 0 0 986 38 0 0 0 0 0 0 0 1024 
0 0 0 0 0 0 1024 0 0 0 0 0 0 0 1024 0 0 0 0 0 0 0 0 1024 
0 0 0 0 0 0 1024 0 0 0 0 0 0 0 1024 0 0 0 0 0 0 0 0 1024 
0 0 0 0 0 0 1024 0 0 0 0 0 0 0 1024 0 0 0 0 0 0 0 0 1024 
0 0 0 0 0 0 1024 0 0 0 0 0 0 0 1024 0 0 0 0 0 0 0 0 1024 
0 0 0 0 0 0 1024 0 0 0 0 0 0 0 1024 0 0 0 0 0 0 0 0 1024 
0 0 0 0 0 0 1024 0 0 0 0 0 0 0 1024 0 0 0 0 0 0 0 0 1024 
0 0 0 0 0 0 1024 0 0 0 0 0 0 0 1000 24 0 0 0 0 0 0 0 1024 
0 0 0 0 0 0 1024 0 0 0 0 0 0 0 1016 8 0 0 0 0 0 0 0 1024 
0 0 0 0 0 0 1024 0 0 0 0 0 0 0 1020 4 0 0 0 0 0 0 0 1024 
0 0 0 0 0 0 1024 0 0 0 0 0 0 0 963 61 0 0 0 0 0 0 0 1024 
0 0 0 0 0 0 1024 0 0 0 0 0 0 0 1022 2 0 0 0 0 0 0 0 1024 
0 0 0 0 0 0 1024 0 0 0 0 0 0 0 1024 0 0 0 0 0 0 0 0 1024 
0 0 0 0 0 0 1024 0 0 0 0 0 0 0 1016 8 0 0 0 0 0 0 48 976 
0 0 0 0 0 0 1024 0 0 0 0 0 0 0 1024 0 0 0 0 0 0 0 64 960 
0 0 0 0 0 8 1016 0 0 0 0 0 0 0 1024 0 0 0 0 0 0 0 288 736 
0 0 0 0 0 59 965 0 0 0 0 0 0 0 1024 0 0 0 0 0 0 0 538 486 
0 0 0 0 0 0 1024 0 0 0 0 0 0 0 1024 0 0 0 0 0 0 0 85 939 
0 0 0 0 0 0 1024 0 0 0 0 0 0 0 1024 0 0 0 0 0 0 0 0 1024 
0 0 0 0 0 0 1024 0 0 0 0 0 0 0 1024 0 0 0 0 0 0 0 0 1024 
0 0 0 0 0 33 991 0 0 0 0 0 0 0 1024 0 0 0 0 0 0 0 18 1006 
0 0 0 0 0 0 1024 0 0 0 0 0 0 0 1024 0 0 0 0 0 0 0 16 1008 
0 0 0 0 0 16 1008 0 0 0 0 0 0 0 1024 0 0 0 0 0 0 0 1 1023 
0 0 0 0 0 24 1000 0 0 0 0 0 0 0 1024 0 0 0 0 0 0 0 190 834 
0 0 0 0 0 168 856 0 0 0 0 0 0 0 1024 0 0 0 0 0 0 0 312 712 
0 0 0 0 0 184 840 0 0 0 0 0 0 0 1024 0 0 0 0 0 0 0 526 498 
0 0 0 0 0 312 712 0 0 0 0 0 0 0 1024 0 0 0 0 0 0 0 878 146 
0 0 0 0 0 408 616 0 0 0 0 0 0 24 1000 0 0 0 0 0 0 0 802 222 
0 0 0 0 0 403 589 0 0 0 0 0 0 21 971 0 0 0 0 0 0 0 760 232 
0 0 0 0 0 784 240 0 0 0 0 0 0 0 1024 0 0 0 0 0 0 0 952 72 
0 0 0 0 0 832 192 0 0 0 0 0 0 0 1024 0 0 0 0 0 0 0 972 52 
0 0 0 0 0 640 384 0 0 0 0 0 0 0 1024 0 0 0 0 0 0 0 859 165 
0 0 0 0 0 416 608 0 0 0 0 0 0 0 1024 0 0 0 0 0 0 0 631 393 
0 0 0 0 0 98 926 0 0 0 0 0 0 0 1024 0 0 0 0 0 0 0 260 764 
0 0 0 0 0 30 994 0 0 0 0 0 0 0 1024 0 0 0 0 0 0 0 5 1019 
0 0 0 0 0 80 944 0 0 0 0 0 0 0 1024 0 0 0 0 0 0 0 40 984 
0 0 0 0 0 96 928 0 0 0 0 0 0 0 1024 0 0 0 0 0 0 0 32 992 
0 0 0 0 0 16 1008 0 0 0 0 0 0 0 1024 0 0 0 0 0 0 0 1 1023 
0 0 0 0 0 0 1024 0 0 0 0 0 0 0 1007 17 0 0 0 0 0 0 0 1024 
0 0 0 0 0 0 1024 0 0 0 0 0 0 0 1024 0 0 0 0 0 0 0 0 1024 
0 0 0 0 0 0 1024 0 0 0 0 0 0 0 1023 1 0 0 0 0 0 0 0 1024 
0 0 0 0 0 0 1024 0 0 0 0 0 0 0 1024 0 0 0 0 0 0 0 0 1024 
0 0 0 0 0 0 1024 0 0 0 0 0 0 0 1024 0 0 0 0 0 0 0 0 1024 
0 0 0 0 0 0 1024 0 0 0 0 0 0 0 1024 0 0 0 0 0 0 0 0 1024 
0 0 0 0 0 0 1024 0 0 0 0 0 0 0 1024 0 0 0 0 0 0 0 0 1024 
0 0 0 0 0 0 1024 0 0 0 0 0 0 0 1024 0 0 0 0 0 0 0 0 1024 
0 0 0 0 0 0 1024 0 0 0 0 0 0 0 1024 0 0 0 0 0 0 0 0 1024 
0 0 0 0 0 0 1024 0 0 0 0 0 0 0 1024 0 0 0 0 0 0 0 0 1024 
0 0 0 0 0 0 1024 0 0 0 0 0 0 0 1024 0 0 0 0 0 0 0 0 1024 
0 0 0 0 0 0 1024 0 0 0 0 0 0 0 1024 0 0 0 0 0 0 0 0 1024 
0 0 0 0 0 120 904 0 0 0 0 0 0 0 1024 0 0 0 0 0 0 0 32 992 
0 0 0 0 0 73 951 0 0 0 0 0 0 16 1008 0 0 0 0 0 0 0 52 972 
0 0 0 0 0 208 816 0 0 0 0 0 0 32 992 0 0 0 0 0 0 0 88 936 
0 0 0 0 19 268 737 0 0 0 0 0 0 56 968 0 0 0 0 0 0 0 136 888 
0 0 0 0 32 264 728 0 0 0 0 0 0 64 960 0 0 0 0 0 0 0 344 680 
0 0 0 0 32 200 792 0 0 0 0 0 0 64 960 0 0 0 0 0 0 0 128 896 
0 0 0 0 32 200 792 0 0 0 0 0 0 64 960 0 0 0 0 0 0 0 104 920 
0 0 0 0 32 376 616 0 0 0 0 0 0 64 960 0 0 0 0 0 0 0 64 960 
0 0 0 0 32 434 558 0 0 0 0 0 0 56 968 0 0 0 0 0 0 0 89 935 
0 0 0 0 24 240 760 0 0 0 0 0 0 40 984 0 0 0 0 0 0 0 128 896 
0 0 0 0 0 520 504 0 0 0 0 0 0 40 984 0 0 0 0 0 0 0 176 848 
0 0 0 0 8 680 336 0 0 0 0 0 0 32 992 0 0 0 0 0 0 0 736 288 
0 0 0 0 0 824 200 0 0 0 0 0 0 16 1008 0 0 0 0 0 0 0 1024 0 
0 0 0 0 0 1008 16 0 0 0 0 0 0 0 1024 0 0 0 0 0 0 0 1024 0 
0 0 0 0 0 1024 0 0 0 0 0 0 0 56 968 0 0 0 0 0 0 0 1024 0 
0 0 0 0 0 1024 0 0 0 0 0 0 0 792 232 0 0 0 0 0 0 0 1024 0 
0 0 0 0 0 992 0 0 0 0 0 0 0 968 24 0 0 0 0 0 0 0 992 0 
0 0 0 0 36 537 371 80 0 0 0 3 22 151 804 44 0 0 0 9 17 208 788 2 
0 0 0 3 40 632 322 27 0 0 0 12 75 377 556 4 0 0 12 48 151 291 515 7 
0 0 0 0 43 749 159 73 0 0 0 0 11 463 528 22 0 0 0 1 30 146 837 10 
0 0 0 39 201 784 0 0 0 0 0 0 63 535 426 0 0 0 0 0 0 197 827 0 
0 0 0 0 312 712 0 0 0 0 0 0 136 471 417 0 0 0 0 0 0 276 484 264 
0 0 0 4 364 656 0 0 0 0 0 0 168 488 368 0 0 0 0 0 0 320 430 274 
0 0 0 0 422 538 64 0 0 0 0 0 158 455 411 0 0 0 0 0 0 397 363 264 
0 0 0 0 485 363 176 0 0 0 0 0 141 483 400 0 0 0 0 0 0 445 363 216 
0 0 0 0 542 385 97 0 0 0 0 0 24 575 425 0 0 0 0 0 0 478 348 198 
0 0 0 0 592 424 8 0 0 0 0 0 4 630 390 0 0 0 0 0 0 531 330 163 
0 0 0 0 656 272 96 0 0 0 0 0 0 672 352 0 0 0 0 0 0 575 260 189 
0 0 0 0 699 231 94 0 0 0 0 0 2 710 312 0 0 0 0 0 0 572 216 236 
0 0 0 0 750 34 240 0 0 0 0 0 8 744 272 0 0 0 0 0 0 633 127 264 
0 0 0 0 784 71 169 0 0 0 0 0 0 792 232 0 0 0 0 0 0 688 117 219 
0 0 0 0 816 123 85 0 0 0 0 0 0 840 184 0 0 0 0 0 0 673 167 184 
0 0 0 0 856 56 112 0 0 0 0 0 0 864 160 0 0 0 0 0 0 738 142 144 
0 0 0 0 880 64 80 0 0 0 0 0 0 904 120 0 0 0 0 0 0 749 163 112 
0 0 0 0 912 56 56 0 0 0 0 0 0 928 96 0 0 0 0 0 0 734 210 80 
0 0 0 0 936 48 40 0 0 0 0 0 2 950 72 0 0 0 0 0 0 814 154 56 
0 0 0 0 960 56 8 0 0 0 0 0 3 981 40 0 0 0 0 0 0 792 200 32 
0 0 0 0 967 57 0 0 0 0 0 0 2 1002 20 0 0 0 0 0 0 854 162 8 
0 0 0 0 984 40 0 0 0 0 0 0 9 1015 0 0 0 0 0 0 0 813 211 0 
0 0 0 0 976 48 0 0 0 0 0 0 63 961 0 0 0 0 0 0 0 896 128 0 
0 0 0 0 1024 0 0 0 0 0 0 0 49 975 0 0 0 0 0 0 0 968 56 0 
0 0 0 0 1024 0 0 0 0 0 0 0 101 923 0 0 0 0 0 0 0 975 49 0 
0 0 0 0 1023 1 0 0 0 0 0 0 190 834 0 0 0 0 0 0 0 992 32 0 
0 0 0 0 1024 0 0 0 0 0 0 0 336 688 0 0 0 0 0 0 0 1002 22 0 
0 0 0 0 1024 0 0 0 0 0 0 0 209 815 0 0 0 0 0 0 0 1024 0 0 
0 0 0 0 1024 0 0 0 0 0 0 0 472 552 0 0 0 0 0 0 0 1024 0 0 
0 0 0 0 1024 0 0 0 0 0 0 0 620 404 0 0 0 0 0 0 0 1016 8 0 
0 0 0 19 1005 0 0 0 0 0 0 0 749 275 0 0 0 0 0 0 0 1024 0 0 
0 0 0 30 994 0 0 0 0 0 0 0 790 234 0 0 0 0 0 0 0 1024 0 0 
0 0 0 6 1018 0 0 0 0 0 0 0 914 110 0 0 0 0 0 0 0 1016 8 0 
0 0 0 27 997 0 0 0 0 0 0 0 931 93 0 0 0 0 0 0 0 1000 24 0 
0 0 0 153 855 16 0 0 0 0 0 0 941 83 0 0 0 0 0 0 0 992 32 0 
0 0 0 258 742 24 0 0 0 0 0 0 928 96 0 0 0 0 0 0 0 960 64 0 
0 0 0 398 578 48 0 0 0 0 0 0 920 104 0 0 0 0 0 0 0 960 64 0 
0 0 0 335 611 46 0 0 0 0 0 0 876 116 0 0 0 0 0 0 3 912 77 0 
0 0 0 0 91 428 504 1 0 0 0 0 125 550 347 2 0 0 0 67 237 694 26 0 
0 0 9 93 58 122 742 0 0 0 13 88 60 258 605 0 0 2 90 49 86 753 44 0 
0 0 1 35 52 240 618 78 0 0 4 37 126 224 625 8 0 3 31 72 208 413 296 1 
0 0 0 11 225 281 314 193 0 0 0 16 222 302 395 89 0 0 3 64 219 362 346 30 
0 0 0 17 647 215 95 50 0 0 0 20 563 307 87 47 0 0 1 76 196 653 71 27 
0 0 0 8 996 14 3 3 0 0 0 0 418 598 6 2 0 0 0 0 11 1008 3 2 
0 0 0 0 1024 0 0 0 0 0 0 0 160 864 0 0 0 0 0 0 0 1023 1 0 
0 0 0 7 1017 0 0 0 0 0 0 0 172 852 0 0 0 0 0 0 0 1024 0 0 
0 0 0 10 1014 0 0 0 0 0 0 0 101 923 0 0 0 0 0 0 0 1021 3 0 
0 0 0 0 1022 2 0 0 0 0 0 0 64 959 1 0 0 0 0 0 0 1018 6 0 
0 0 0 6 1018 0 0 0 0 0 0 0 53 971 0 0 0 0 0 0 0 1024 0 0 
0 0 0 6 1018 0 0 0 0 0 0 0 45 979 0 0 0 0 0 0 0 1020 4 0 
0 0 0 0 1024 0 0 0 0 0 0 0 41 983 0 0 0 0 0 0 0 1024 0 0 
0 0 0 18 1006 0 0 0 0 0 0 0 10 1014 0 0 0 0 0 0 0 1023 1 0 
0 0 0 0 1024 0 0 0 0 0 0 0 4 1020 0 0 0 0 0 0 0 1021 3 0 
0 0 0 7 1017 0 0 0 0 0 0 0 37 987 0 0 0 0 0 0 0 1024 0 0 
0 0 0 0 1024 0 0 0 0 0 0 0 40 984 0 0 0 0 0 0 0 1018 6 0 
0 0 0 1 1023 0 0 0 0 0 0 0 75 949 0 0 0 0 0 0 0 1013 11 0 
0 0 0 0 1024 0 0 0 0 0 0 0 61 963 0 0 0 0 0 0 0 1015 9 0 
0 0 0 6 1018 0 0 0 0 0 0 0 171 853 0 0 0 0 0 0 0 1024 0 0 
0 0 0 40 984 0 0 0 0 0 0 0 235 789 0 0 0 0 0 0 0 1024 0 0 
0 0 0 16 1008 0 0 0 0 0 0 0 489 535 0 0 0 0 0 0 0 1024 0 0 
0 0 0 71 953 0 0 0 0 0 0 0 538 486 0 0 0 0 0 0 0 1024 0 0 
0 0 0 80 944 0 0 0 0 0 0 0 408 616 0 0 0 0 0 0 0 1024 0 0 
0 0 0 193 831 0 0 0 0 0 0 0 421 603 0 0 0 0 0 0 0 1024 0 0 
0 0 0 206 818 0 0 0 0 0 0 0 594 430 0 0 0 0 0 0 5 1017 2 0 
0 0 0 133 891 0 0 0 0 0 0 0 721 303 0 0 0 0 0 0 0 1024 0 0 
0 0 0 197 827 0 0 0 0 0 0 0 752 272 0 0 0 0 0 0 3 1021 0 0 
0 0 0 209 815 0 0 0 0 0 0 0 772 252 0 0 0 0 0 0 0 1024 0 0 
0 0 0 262 762 0 0 0 0 0 0 0 739 285 0 0 0 0 0 0 1 1023 0 0 
0 0 0 374 650 0 0 0 0 0 0 0 846 178 0 0 0 0 0 0 0 1024 0 0 
0 0 0 305 719 0 0 0 0 0 0 0 851 173 0 0 0 0 0 0 0 1024 0 0 
0 0 0 496 528 0 0 0 0 0 0 0 873 151 0 0 0 0 0 0 0 1024 0 0 
0 0 0 792 232 0 0 0 0 0 0 0 995 29 0 0 0 0 0 0 0 1024 0 0 
0 0 0 827 197 0 0 0 0 0 0 0 1016 8 0 0 0 0 0 0 4 1020 0 0 
0 0 0 691 333 0 0 0 0 0 0 0 1017 7 0 0 0 0 0 0 12 1012 0 0 
0 0 0 965 59 0 0 0 0 0 0 0 1023 1 0 0 0 0 0 0 3 1021 0 0 
0 0 0 929 63 0 0 0 0 0 0 0 991 1 0 0 0 0 0 0 6 986 0 0 
0 7 293 348 194 176 6 0 0 15 337 321 195 156 0 0 1 151 401 249 186 36 0 0 
0 0 29 471 459 65 0 0 0 0 31 600 372 21 0 0 0 23 244 659 98 0 0 0 
0 0 5 106 257 495 156 5 0 0 35 147 364 406 72 0 0 0 113 286 437 183 5 0 
0 0 0 0 8 496 467 53 0 0 0 2 103 551 360 8 0 0 0 12 417 394 201 0 
0 0 0 1 24 594 349 56 0 0 0 5 143 651 206 19 0 0 1 62 527 358 71 5 
0 0 0 3 31 245 598 147 0 0 0 10 98 549 331 36 0 0 4 69 413 412 125 1 
0 0 0 51 363 432 162 16 0 0 0 105 394 446 72 7 0 0 30 271 424 263 36 0 
0 0 0 28 811 185 0 0 0 0 0 32 318 674 0 0 0 0 2 78 220 724 0 0 
0 0 0 53 971 0 0 0 0 0 0 0 70 954 0 0 0 0 0 0 0 1024 0 0 
0 0 0 1 1023 0 0 0 0 0 0 0 23 1001 0 0 0 0 0 0 0 1024 0 0 
0 0 0 18 1006 0 0 0 0 0 0 0 36 988 0 0 0 0 0 0 0 1024 0 0 
0 0 0 5 1019 0 0 0 0 0 0 0 14 1010 0 0 0 0 0 0 0 1024 0 0 
0 0 0 43 981 0 0 0 0 0 0 0 63 961 0 0 0 0 0 0 0 1024 0 0 
0 0 0 21 1003 0 0 0 0 0 0 0 9 1015 0 0 0 0 0 0 0 1023 1 0 
0 0 0 46 978 0 0 0 0 0 0 0 54 970 0 0 0 0 0 0 0 1024 0 0 
0 0 0 34 990 0 0 0 0 0 0 0 66 958 0 0 0 0 0 0 0 1019 5 0 
0 0 0 44 980 0 0 0 0 0 0 0 78 946 0 0 0 0 0 0 0 1024 0 0 
0 0 0 92 932 0 0 0 0 0 0 0 114 910 0 0 0 0 0 0 0 1013 11 0 
0 0 0 56 968 0 0 0 0 0 0 0 79 945 0 0 0 0 0 0 1 1017 6 0 
0 0 0 71 953 0 0 0 0 0 0 0 251 773 0 0 0 0 0 0 0 1024 0 0 
0 0 0 134 890 0 0 0 0 0 0 0 280 744 0 0 0 0 0 0 0 1024 0 0 
0 0 0 80 944 0 0 0 0 0 0 0 195 829 0 0 0 0 0 0 0 1024 0 0 
0 0 0 226 798 0 0 0 0 0 0 0 378 646 0 0 0 0 0 0 0 1021 3 0 
0 0 0 254 770 0 0 0 0 0 0 0 391 633 0 0 0 0 0 0 0 1019 5 0 
0 0 0 321 703 0 0 0 0 0 0 0 491 533 0 0 0 0 0 0 4 1020 0 0 
0 0 0 312 712 0 0 0 0 0 0 0 463 561 0 0 0 0 0 0 1 1023 0 0 
0 0 0 322 702 0 0 0 0 0 0 0 568 456 0 0 0 0 0 0 0 1024 0 0 
0 0 0 191 833 0 0 0 0 0 0 0 619 405 0 0 0 0 0 0 12 1012 0 0 
0 0 0 410 614 0 0 0 0 0 0 0 567 457 0 0 0 0 0 0 8 1015 1 0 
0 0 0 497 527 0 0 0 0 0 0 0 662 362 0 0 0 0 0 0 17 1007 0 0 
0 0 0 261 763 0 0 0 0 0 0 0 624 400 0 0 0 0 0 0 5 1019 0 0 
0 0 0 501 523 0 0 0 0 0 0 0 799 225 0 0 0 0 0 0 4 1020 0 0 
0 0 0 466 558 0 0 0 0 0 0 0 733 291 0 0 0 0 0 0 10 1014 0 0 
0 0 0 638 386 0 0 0 0 0 0 0 847 177 0 0 0 0 0 0 7 1017 0 0 
0 0 0 746 278 0 0 0 0 0 0 0 918 106 0 0 0 0 0 0 62 962 0 0 
0 0 0 768 256 0 0 0 0 0 0 0 984 40 0 0 0 0 0 0 19 1005 0 0 
0 0 0 680 344 0 0 0 0 0 0 0 965 59 0 0 0 0 0 0 95 929 0 0 
0 0 0 840 152 0 0 0 0 0 0 0 975 17 0 0 0 0 0 0 179 813 0 0 
1 510 319 62 112 20 0 0 0 443 366 89 119 7 0 0 75 704 90 112 39 4 0 0 
12 457 379 155 19 2 0 0 11 457 372 153 27 4 0 0 130 679 184 28 3 0 0 0 
1 212 202 187 155 170 97 0 1 243 195 226 152 146 61 0 24 366 220 142 141 111 20 0 
0 0 0 0 6 778 240 0 0 0 0 0 283 703 38 0 0 0 0 63 796 165 0 0 
0 0 0 0 44 957 23 0 0 0 0 0 518 506 0 0 0 0 0 148 864 12 0 0 
0 0 0 0 7 562 452 3 0 0 0 0 196 766 62 0 0 0 0 76 834 114 0 0 
0 0 1 19 64 472 460 8 0 0 19 33 286 637 49 0 0 19 36 299 606 64 0 0 
0 0 0 15 593 334 82 0 0 0 5 189 539 291 0 0 0 5 73 562 234 150 0 0 
0 0 0 79 945 0 0 0 0 0 0 0 165 859 0 0 0 0 0 0 0 1022 2 0 
0 0 0 47 977 0 0 0 0 0 0 0 81 943 0 0 0 0 0 0 0 1024 0 0 
0 0 0 73 951 0 0 0 0 0 0 0 71 953 0 0 0 0 0 0 0 1022 2 0 
0 0 0 122 902 0 0 0 0 0 0 0 80 944 0 0 0 0 0 0 5 1019 0 0 
0 0 0 53 971 0 0 0 0 0 0 0 62 962 0 0 0 0 0 0 0 1021 3 0 
0 0 0 81 943 0 0 0 0 0 0 0 81 943 0 0 0 0 0 0 0 1024 0 0 
0 0 0 188 836 0 0 0 0 0 0 0 96 928 0 0 0 0 0 0 12 1012 0 0 
0 0 0 468 556 0 0 0 0 0 0 0 242 782 0 0 0 0 0 0 1 1023 0 0 
0 0 0 220 798 6 0 0 0 0 0 0 152 868 4 0 0 0 0 0 15 996 13 0 
0 0 0 139 885 0 0 0 0 0 0 0 105 919 0 0 0 0 0 0 2 1014 8 0 
0 0 0 37 987 0 0 0 0 0 0 0 101 923 0 0 0 0 0 0 0 1023 1 0 
0 0 0 94 930 0 0 0 0 0 0 0 165 859 0 0 0 0 0 0 3 1011 10 0 
0 0 0 174 850 0 0 0 0 0 0 0 149 875 0 0 0 0 0 0 1 1018 5 0 
0 0 0 221 803 0 0 0 0 0 0 0 144 880 0 0 0 0 0 0 4 1015 5 0 
0 0 0 179 845 0 0 0 0 0 0 0 187 837 0 0 0 0 0 0 14 1007 3 0 
0 0 0 200 824 0 0 0 0 0 0 0 250 774 0 0 0 0 0 0 3 1021 0 0 
0 0 0 187 837 0 0 0 0 0 0 0 204 820 0 0 0 0 0 0 0 1020 4 0 
0 0 0 174 850 0 0 0 0 0 0 0 253 771 0 0 0 0 0 0 7 1017 0 0 
0 0 0 242 782 0 0 0 0 0 0 0 256 768 0 0 0 0 0 0 12 1009 3 0 
0 0 0 522 502 0 0 0 0 0 0 0 457 567 0 0 0 0 0 0 40 983 1 0 
0 0 0 455 569 0 0 0 0 0 0 0 501 523 0 0 0 0 0 0 54 970 0 0 
0 0 0 533 491 0 0 0 0 0 0 0 573 451 0 0 0 0 0 0 42 982 0 0 
0 0 0 617 407 0 0 0 0 0 0 0 642 382 0 0 0 0 0 0 11 1013 0 0 
0 0 8 597 419 0 0 0 0 0 0 0 626 398 0 0 0 0 0 0 72 952 0 0 
0 0 0 502 522 0 0 0 0 0 0 0 685 339 0 0 0 0 0 0 41 983 0 0 
0 0 0 677 347 0 0 0 0 0 0 0 754 270 0 0 0 0 0 0 59 965 0 0 
0 0 0 652 372 0 0 0 0 0 0 0 690 334 0 0 0 0 0 0 44 980 0 0 
0 0 0 836 188 0 0 0 0 0 0 0 928 96 0 0 0 0 0 0 85 939 0 0 
0 0 0 981 43 0 0 0 0 0 0 0 1015 9 0 0 0 0 0 0 84 940 0 0 
0 0 17 929 46 0 0 0 0 0 0 0 963 29 0 0 0 0 0 0 129 863 0 0 
0 343 582 92 7 0 0 0 0 343 606 70 5 0 0 0 76 688 240 19 1 0 0 0 
1 449 502 56 10 5 1 0 3 579 373 57 7 4 1 0 66 746 181 21 6 4 0 0 
0 67 477 329 84 43 23 1 1 127 512 291 68 24 1 0 5 345 442 174 46 12 0 0 
0 0 4 12 74 617 316 1 0 1 8 28 478 506 3 0 0 4 24 450 511 35 0 0 
0 0 0 0 18 742 264 0 0 0 0 1 507 507 9 0 0 0 1 462 515 46 0 0 
0 0 0 0 18 169 831 6 0 0 0 8 79 871 66 0 0 0 4 54 842 124 0 0 
0 0 18 52 122 271 522 39 0 5 44 71 193 537 174 0 7 46 83 163 552 171 2 0 
0 0 0 24 204 490 253 53 0 0 15 45 424 453 87 0 0 11 38 323 502 150 0 0 
0 0 0 23 1001 0 0 0 0 0 0 0 162 862 0 0 0 0 0 1 3 1020 0 0 
0 0 0 177 847 0 0 0 0 0 0 0 326 698 0 0 0 0 0 0 22 1000 2 0 
0 0 0 112 912 0 0 0 0 0 0 0 208 816 0 0 0 0 0 0 16 1008 0 0 
0 0 0 95 929 0 0 0 0 0 0 0 150 874 0 0 0 0 0 0 0 1020 4 0 
0 0 0 198 826 0 0 0 0 0 0 0 174 850 0 0 0 0 0 0 9 1014 1 0 
0 0 0 89 935 0 0 0 0 0 0 0 209 815 0 0 0 0 0 0 3 1021 0 0 
0 0 0 238 786 0 0 0 0 0 0 0 201 823 0 0 0 0 0 0 3 1021 0 0 
0 0 0 272 752 0 0 0 0 0 0 0 203 821 0 0 0 0 0 0 1 1023 0 0 
0 0 0 410 614 0 0 0 0 0 0 0 337 687 0 0 0 0 0 0 28 996 0 0 
0 0 0 484 540 0 0 0 0 0 0 0 419 605 0 0 0 0 0 0 40 984 0 0 
0 0 0 310 714 0 0 0 0 0 0 0 325 699 0 0 0 0 0 0 21 997 6 0 
0 0 0 163 860 1 0 0 0 0 0 0 244 780 0 0 0 0 0 0 22 995 7 0 
0 0 0 177 842 5 0 0 0 0 0 0 219 805 0 0 0 0 0 0 9 1001 14 0 
0 0 0 203 821 0 0 0 0 0 0 0 225 799 0 0 0 0 0 0 14 1010 0 0 
0 0 0 290 734 0 0 0 0 0 0 0 354 670 0 0 0 0 0 0 13 1011 0 0 
0 0 0 368 656 0 0 0 0 0 0 0 342 682 0 0 0 0 0 0 15 998 11 0 
0 0 0 239 785 0 0 0 0 0 0 0 326 698 0 0 0 0 0 0 48 974 2 0 
0 0 0 368 656 0 0 0 0 0 0 0 435 589 0 0 0 0 0 0 11 1009 4 0 
0 0 0 369 655 0 0 0 0 0 0 0 423 600 1 0 0 0 0 0 39 975 10 0 
0 0 0 547 477 0 0 0 0 0 0 0 552 472 0 0 0 0 0 0 59 965 0 0 
0 0 0 363 661 0 0 0 0 0 0 0 486 538 0 0 0 0 0 0 42 982 0 0 
0 0 0 487 537 0 0 0 0 0 0 0 529 495 0 0 0 0 0 0 36 988 0 0 
0 0 6 710 308 0 0 0 0 0 0 0 743 281 0 0 0 0 0 0 136 888 0 0 
0 0 0 759 265 0 0 0 0 0 0 0 846 178 0 0 0 0 0 0 182 842 0 0 
0 0 9 903 112 0 0 0 0 0 0 0 896 128 0 0 0 0 0 0 214 810 0 0 
0 0 68 838 118 0 0 0 0 0 0 0 906 118 0 0 0 0 0 0 259 765 0 0 
0 0 1 943 80 0 0 0 0 0 0 0 926 98 0 0 0 0 0 0 186 838 0 0 
0 0 0 876 148 0 0 0 0 0 0 0 863 161 0 0 0 0 0 0 179 845 0 0 
0 0 0 955 69 0 0 0 0 0 0 0 986 38 0 0 0 0 0 0 300 724 0 0 
0 0 0 887 105 0 0 0 0 0 0 0 964 28 0 0 0 0 0 0 213 779 0 0 
0 49 422 519 34 0 0 0 0 48 419 510 47 0 0 0 3 96 570 348 7 0 0 0 
3 351 523 143 4 0 0 0 2 480 419 118 5 0 0 0 23 656 317 27 1 0 0 0 
0 34 287 330 344 29 0 0 0 58 299 352 299 16 0 0 0 90 318 373 236 7 0 0 
0 0 3 123 252 267 379 0 0 0 8 138 287 591 0 0 0 0 24 273 673 54 0 0 
0 0 0 0 0 204 820 0 0 0 0 0 74 938 12 0 0 0 0 84 872 68 0 0 
0 0 0 1 17 168 832 6 0 0 0 4 134 870 16 0 0 0 10 128 875 11 0 0 
0 0 0 0 16 169 793 46 0 0 0 11 123 835 55 0 0 0 7 118 840 59 0 0 
0 0 2 34 93 226 646 23 0 0 4 89 189 697 45 0 0 2 68 247 668 39 0 0 
0 0 0 306 698 20 0 0 0 0 0 21 577 426 0 0 0 0 2 23 142 857 0 0 
0 0 0 392 628 4 0 0 0 0 0 0 519 505 0 0 0 0 0 0 108 916 0 0 
0 0 0 440 584 0 0 0 0 0 0 0 462 562 0 0 0 0 0 0 66 958 0 0 
0 0 0 391 632 1 0 0 0 0 0 0 432 592 0 0 0 0 0 0 13 1009 2 0 
0 0 0 227 660 42 59 36 0 0 0 3 305 657 56 3 0 0 0 27 94 884 19 0 
0 0 0 233 419 160 190 22 0 0 0 1 361 640 22 0 0 0 0 77 309 638 0 0 
0 0 0 12 222 505 231 54 0 0 0 3 349 594 62 16 0 0 3 269 478 246 26 2 
0 0 0 151 274 254 153 192 0 0 0 0 325 432 204 63 0 0 3 110 271 524 116 0 
0 0 0 385 292 151 107 89 0 0 2 41 508 346 106 21 0 1 37 128 187 626 45 0 
0 0 0 263 169 148 322 122 0 0 0 3 331 467 212 11 0 0 1 74 366 561 22 0 
0 0 0 301 214 134 194 181 0 0 0 14 477 293 232 8 0 0 9 83 270 644 18 0 
0 0 0 359 445 23 86 111 0 0 0 0 538 332 120 34 0 0 0 7 203 751 63 0 
0 0 0 359 568 46 23 28 0 0 0 0 542 441 31 10 0 0 0 17 161 824 21 1 
0 0 0 336 665 23 0 0 0 0 0 1 441 582 0 0 0 0 0 3 47 974 0 0 
0 0 6 401 617 0 0 0 0 0 0 0 500 524 0 0 0 0 0 0 33 991 0 0 
0 0 0 439 585 0 0 0 0 0 0 0 506 518 0 0 0 0 0 0 51 973 0 0 
0 0 0 410 614 0 0 0 0 0 0 0 485 539 0 0 0 0 0 0 24 998 2 0 
0 0 1 681 342 0 0 0 0 0 0 0 659 365 0 0 0 0 0 0 115 907 2 0 
0 0 0 820 204 0 0 0 0 0 0 0 743 281 0 0 0 0 0 0 90 934 0 0 
0 0 0 668 356 0 0 0 0 0 0 0 697 327 0 0 0 0 0 0 79 945 0 0 
0 0 0 624 400 0 0 0 0 0 0 0 637 387 0 0 0 0 0 0 75 949 0 0 
0 0 0 602 422 0 0 0 0 0 0 0 744 280 0 0 0 0 0 0 72 952 0 0 
0 0 0 691 333 0 0 0 0 0 0 0 825 199 0 0 0 0 0 0 68 956 0 0 
0 0 9 887 128 0 0 0 0 0 0 0 951 73 0 0 0 0 0 0 347 677 0 0 
0 0 31 904 89 0 0 0 0 0 0 0 983 41 0 0 0 0 0 0 323 701 0 0 
0 0 27 990 7 0 0 0 0 0 0 1 1016 7 0 0 0 0 0 0 392 632 0 0 
0 0 65 957 2 0 0 0 0 0 0 0 983 41 0 0 0 0 0 0 521 503 0 0 
0 0 33 957 34 0 0 0 0 0 0 0 974 50 0 0 0 0 0 0 469 555 0 0 
0 0 73 885 66 0 0 0 0 0 0 0 965 59 0 0 0 0 0 0 531 493 0 0 
0 0 118 829 45 0 0 0 0 0 0 0 948 44 0 0 0 0 0 0 527 465 0 0 
0 121 341 319 172 71 0 0 0 114 354 360 180 16 0 0 27 269 421 194 113 0 0 0 
0 37 272 403 288 24 0 0 0 40 249 367 316 52 0 0 4 166 348 359 146 1 0 0 
0 32 305 364 243 57 20 3 0 47 318 370 224 52 11 2 10 156 337 350 139 25 7 0 
0 9 141 404 391 77 2 0 0 10 165 439 344 66 0 0 0 24 214 477 267 42 0 0 
0 1 16 64 333 400 210 0 0 2 30 225 373 393 1 0 0 6 150 372 453 43 0 0 
0 0 0 0 35 572 417 0 0 0 0 0 355 634 35 0 0 0 0 256 632 136 0 0 
0 0 0 0 3 213 784 24 0 0 0 0 117 707 200 0 0 0 0 68 611 345 0 0 
0 0 0 8 29 309 672 6 0 0 0 23 152 694 155 0 0 0 13 111 625 275 0 0 
0 0 5 107 373 216 262 61 0 2 8 59 430 392 129 4 4 6 33 206 304 419 52 0 
0 0 1 22 487 352 151 11 0 0 9 276 499 203 35 2 0 8 266 433 225 82 10 0 
0 0 0 21 170 419 285 129 0 0 1 74 422 374 136 17 0 4 109 332 343 201 34 1 
0 0 0 73 139 253 360 199 0 0 1 32 304 406 275 6 0 1 28 215 449 315 16 0 
0 0 0 2 320 271 199 232 0 0 0 156 340 242 279 7 0 0 111 369 268 254 22 0 
0 0 0 0 99 759 160 6 0 0 0 18 632 364 10 0 0 0 10 628 376 10 0 0 
0 0 0 0 16 721 286 1 0 0 0 0 446 533 45 0 0 0 0 322 617 85 0 0 
0 0 0 0 140 726 158 0 0 0 0 37 579 402 6 0 0 0 38 562 418 6 0 0 
0 0 0 15 294 601 107 7 0 0 6 156 657 192 13 0 0 5 144 644 215 16 0 0 
0 0 0 70 318 134 335 167 0 0 60 274 143 258 286 3 0 36 261 173 237 311 6 0 
0 0 0 2 49 174 681 118 0 0 0 12 117 445 441 9 0 0 5 98 318 578 25 0 
0 0 0 0 38 352 493 141 0 0 0 18 207 493 299 7 0 0 17 108 447 423 29 0 
0 0 0 0 73 278 494 179 0 0 0 9 205 460 343 7 0 0 1 154 437 410 22 0 
0 0 0 35 201 174 470 144 0 0 0 8 256 288 471 1 0 0 0 149 244 593 38 0 
0 0 0 331 429 27 208 29 0 0 0 1 430 379 214 0 0 0 0 1 143 763 117 0 
0 0 1 533 490 0 0 0 0 0 0 0 496 528 0 0 0 0 0 0 93 930 1 0 
0 0 0 439 585 0 0 0 0 0 0 0 509 515 0 0 0 0 0 0 110 913 1 0 
0 0 0 472 552 0 0 0 0 0 0 0 552 472 0 0 0 0 0 0 134 889 1 0 
0 0 2 542 435 24 11 10 0 0 0 0 532 468 10 14 0 0 0 0 42 948 15 19 
0 0 52 670 302 0 0 0 0 0 0 0 780 244 0 0 0 0 0 0 187 837 0 0 
0 0 9 773 242 0 0 0 0 0 0 0 829 195 0 0 0 0 0 0 164 860 0 0 
0 0 0 721 303 0 0 0 0 0 0 0 881 143 0 0 0 0 0 0 142 882 0 0 
0 0 0 751 273 0 0 0 0 0 0 0 879 145 0 0 0 0 0 0 103 921 0 0 
0 0 0 755 269 0 0 0 0 0 0 0 959 65 0 0 0 0 0 0 255 769 0 0 
0 0 8 830 186 0 0 0 0 0 0 0 984 40 0 0 0 0 0 0 417 607 0 0 
0 0 10 968 46 0 0 0 0 0 0 0 1003 21 0 0 0 0 0 0 404 620 0 0 
0 0 51 965 8 0 0 0 0 0 0 5 1016 3 0 0 0 0 0 0 632 392 0 0 
0 0 305 673 46 0 0 0 0 0 0 0 1022 2 0 0 0 0 0 0 805 219 0 0 
0 0 465 559 0 0 0 0 0 0 0 23 1000 1 0 0 0 0 0 0 894 130 0 0 
0 0 471 521 0 0 0 0 0 0 0 14 977 1 0 0 0 0 0 0 887 105 0 0 
0 3 27 152 640 201 1 0 0 7 34 153 660 170 0 0 3 13 80 282 614 32 0 0 
0 39 158 237 195 394 1 0 0 38 185 219 220 362 0 0 15 128 227 176 392 86 0 0 
0 53 173 263 290 234 11 0 0 47 185 300 312 175 5 0 2 130 252 312 246 81 1 0 
0 30 124 361 308 194 7 0 0 44 132 369 304 167 8 0 5 73 227 383 241 95 0 0 
0 1 31 123 334 406 127 2 0 1 39 199 433 329 23 0 0 3 73 385 480 81 2 0 
0 0 0 36 240 724 24 0 0 0 11 176 349 488 0 0 0 4 146 216 650 8 0 0 
0 0 118 177 189 403 135 2 0 66 156 107 369 301 25 0 23 202 99 202 419 79 0 0 
0 0 21 37 106 481 375 4 0 24 18 64 327 528 63 0 10 28 51 260 465 210 0 0 
0 0 1 40 285 563 134 1 0 0 15 114 638 239 18 0 0 19 101 563 307 34 0 0 
0 0 13 510 306 157 38 0 0 4 300 438 223 52 7 0 1 181 540 226 68 8 0 0 
0 0 18 247 358 250 144 7 0 0 145 448 234 179 18 0 0 132 448 220 184 40 0 0 
0 0 0 207 233 275 300 9 0 0 61 327 212 383 41 0 0 34 353 218 378 41 0 0 
0 0 0 222 420 320 62 0 0 0 63 448 349 157 7 0 0 15 387 395 209 18 0 0 
0 0 2 206 441 357 18 0 0 0 33 469 412 108 2 0 0 8 379 463 172 2 0 0 
0 0 0 129 332 505 58 0 0 0 26 371 412 214 1 0 0 3 336 389 293 3 0 0 
0 0 0 53 143 652 176 0 0 0 6 142 341 531 4 0 0 3 126 246 628 21 0 0 
0 0 0 117 306 447 154 0 0 0 32 293 321 378 0 0 0 13 214 340 450 7 0 0 
0 0 5 499 415 105 0 0 0 0 104 749 146 25 0 0 0 42 640 295 47 0 0 0 
0 0 3 270 377 219 154 1 0 0 79 463 264 216 2 0 0 21 395 371 235 2 0 0 
0 0 0 121 228 301 331 43 0 0 25 243 234 354 160 8 0 3 174 261 307 259 20 0 
0 0 0 0 75 561 353 35 0 0 0 26 422 420 154 2 0 0 13 343 434 228 6 0 
0 0 0 0 236 359 360 69 0 0 0 136 341 427 119 1 0 0 53 323 397 247 4 0 
0 0 0 28 141 320 468 67 0 0 15 85 202 467 255 0 0 4 79 110 400 413 18 0 
0 0 0 12 64 104 645 199 0 0 0 1 83 413 526 1 0 0 0 12 180 806 26 0 
0 0 14 333 203 123 339 12 0 0 0 0 490 376 158 0 0 0 0 4 379 622 19 0 
0 0 77 842 87 9 5 4 0 0 0 3 846 158 8 9 0 0 0 0 479 521 13 11 
0 0 18 823 139 36 8 0 0 0 0 0 759 229 32 4 0 0 0 0 300 676 41 7 
0 0 20 750 254 0 0 0 0 0 0 0 798 226 0 0 0 0 0 0 285 739 0 0 
0 0 3 691 327 3 0 0 0 0 0 0 756 267 1 0 0 0 0 0 246 771 7 0 
0 0 2 407 615 0 0 0 0 0 0 0 688 336 0 0 0 0 0 0 164 860 0 0 
0 0 0 325 699 0 0 0 0 0 0 0 611 413 0 0 0 0 0 0 137 887 0 0 
0 0 2 308 714 0 0 0 0 0 0 0 786 238 0 0 0 0 0 0 89 935 0 0 
0 0 0 677 347 0 0 0 0 0 0 0 867 157 0 0 0 0 0 0 142 882 0 0 
0 0 8 760 256 0 0 0 0 0 0 0 961 63 0 0 0 0 0 0 281 743 0 0 
0 0 14 719 291 0 0 0 0 0 0 0 993 31 0 0 0 0 0 0 314 710 0 0 
0 0 34 783 207 0 0 0 0 0 0 0 938 86 0 0 0 0 0 0 355 669 0 0 
0 0 0 990 34 0 0 0 0 0 0 1 1008 15 0 0 0 0 0 0 527 497 0 0 
0 0 0 977 15 0 0 0 0 0 0 0 990 2 0 0 0 0 0 0 614 378 0 0 
0 0 0 116 640 268 0 0 0 0 0 116 746 162 0 0 0 0 16 347 655 6 0 0 
0 0 0 160 446 415 3 0 0 0 0 157 476 390 1 0 0 0 2 240 666 116 0 0 
0 0 1 35 131 766 91 0 0 0 1 46 146 770 61 0 0 0 12 72 315 622 3 0 
0 0 13 122 487 392 10 0 0 0 16 133 530 339 6 0 0 2 59 226 606 130 1 0 
1 20 61 183 351 392 16 0 1 21 68 208 391 330 5 0 5 48 91 268 520 92 0 0 
0 0 3 70 293 559 99 0 0 0 13 152 458 398 3 0 0 1 86 379 477 80 1 0 
0 0 22 45 52 336 564 5 0 2 45 57 141 765 14 0 0 38 55 97 770 64 0 0 
0 0 1 27 235 553 201 7 0 1 13 94 502 388 26 0 0 11 108 415 451 39 0 0 
0 0 0 27 495 454 48 0 0 0 8 130 773 109 4 0 0 8 103 782 127 4 0 0 
0 0 0 81 676 262 5 0 0 0 28 257 728 11 0 0 0 13 220 761 30 0 0 0 
0 0 9 137 429 449 0 0 0 1 95 213 685 30 0 0 0 60 186 625 153 0 0 0 
0 0 4 171 609 234 6 0 0 0 92 383 522 27 0 0 0 18 360 580 66 0 0 0 
0 0 0 10 666 348 0 0 0 0 1 251 765 7 0 0 0 0 149 828 47 0 0 0 
0 0 0 0 273 749 2 0 0 0 0 23 980 21 0 0 0 0 6 904 114 0 0 0 
0 0 0 0 299 689 36 0 0 0 0 16 858 150 0 0 0 0 0 819 205 0 0 0 
0 0 0 1 379 615 29 0 0 0 0 72 636 316 0 0 0 0 30 623 371 0 0 0 
0 0 0 5 174 834 11 0 0 0 0 33 704 287 0 0 0 0 3 314 707 0 0 0 
0 0 0 0 409 572 43 0 0 0 0 47 728 249 0 0 0 0 6 557 455 6 0 0 
0 0 0 3 263 750 8 0 0 0 0 46 877 101 0 0 0 0 33 776 215 0 0 0 
0 0 0 12 280 649 83 0 0 0 4 128 662 229 1 0 0 4 102 665 253 0 0 0 
0 0 0 30 313 464 204 13 0 0 20 237 479 213 75 0 0 7 218 470 217 111 1 0 
0 0 0 0 28 350 501 145 0 0 0 1 186 451 385 1 0 0 0 129 419 466 10 0 
0 0 0 0 7 541 317 159 0 0 0 0 116 703 188 17 0 0 0 43 736 234 11 0 
0 0 0 1 234 573 95 121 0 0 0 33 538 304 139 10 0 0 15 411 433 157 8 0 
0 0 0 14 171 575 262 2 0 0 0 62 291 650 21 0 0 0 30 205 610 179 0 0 
0 0 98 800 69 55 2 0 0 0 0 1 942 81 0 0 0 0 0 0 822 202 0 0 
0 0 184 802 38 0 0 0 0 0 0 21 950 53 0 0 0 0 0 8 712 304 0 0 
0 0 73 888 63 0 0 0 0 0 0 0 827 191 6 0 0 0 0 0 623 391 10 0 
0 0 42 706 188 82 6 0 0 0 0 0 533 422 66 3 0 0 0 0 257 666 87 14 
0 0 17 778 198 28 3 0 0 0 0 0 587 404 32 1 0 0 0 0 180 794 44 6 
0 0 24 309 602 60 22 7 0 0 0 0 489 465 43 27 0 0 0 0 141 761 90 32 
0 0 2 604 378 36 4 0 0 0 0 0 664 328 28 4 0 0 0 0 232 730 54 8 
0 0 0 533 459 17 12 3 0 0 0 0 732 266 14 12 0 0 0 0 175 820 13 16 
0 0 16 747 261 0 0 0 0 0 0 0 779 245 0 0 0 0 0 0 170 854 0 0 
0 0 1 871 152 0 0 0 0 0 0 0 895 129 0 0 0 0 0 0 344 680 0 0 
0 0 14 893 117 0 0 0 0 0 0 1 962 61 0 0 0 0 0 0 385 639 0 0 
0 0 0 972 52 0 0 0 0 0 0 0 984 40 0 0 0 0 0 0 352 672 0 0 
0 0 3 959 30 0 0 0 0 0 0 0 965 27 0 0 0 0 0 0 411 581 0 0 
0 13 239 350 393 29 0 0 0 26 297 369 314 18 0 0 0 60 361 407 196 0 0 0 
0 0 4 241 608 171 0 0 0 0 2 257 635 130 0 0 0 0 9 446 480 89 0 0 
0 0 10 144 268 579 23 0 0 0 8 141 292 566 17 0 0 0 38 217 429 340 0 0 
0 32 222 211 369 187 3 0 0 28 223 242 366 162 3 0 10 157 207 300 305 45 0 0 
0 51 198 165 382 220 8 0 1 55 196 203 386 179 4 0 29 169 146 268 374 38 0 0 
0 15 84 199 355 357 14 0 0 9 101 225 394 292 3 0 0 53 148 272 457 94 0 0 
0 0 12 124 399 397 92 0 0 5 64 250 394 305 6 0 3 60 210 358 346 47 0 0 
0 0 0 38 605 377 4 0 0 0 10 292 694 28 0 0 0 6 247 722 49 0 0 0 
0 0 0 212 617 195 0 0 0 0 2 615 398 9 0 0 0 0 429 555 40 0 0 0 
0 0 0 41 862 121 0 0 0 0 1 455 568 0 0 0 0 0 222 802 0 0 0 0 
0 0 0 21 848 155 0 0 0 0 0 240 778 6 0 0 0 0 68 922 34 0 0 0 
0 0 0 109 894 21 0 0 0 0 1 676 347 0 0 0 0 0 422 602 0 0 0 0 
0 0 0 158 798 68 0 0 0 0 21 456 545 2 0 0 0 1 329 650 44 0 0 0 
0 0 0 227 677 120 0 0 0 0 3 473 544 4 0 0 0 0 260 713 51 0 0 0 
0 0 0 4 719 301 0 0 0 0 0 34 988 2 0 0 0 0 6 747 271 0 0 0 
0 0 1 37 443 350 10 183 0 0 11 69 746 7 12 179 0 0 19 657 152 5 11 180 
0 6 40 85 538 41 7 307 0 7 41 236 410 17 7 306 0 7 66 604 17 16 7 307 
0 4 52 120 619 111 10 108 0 4 67 202 561 72 10 108 1 3 87 686 123 6 11 107 
0 0 0 4 517 496 7 0 0 0 0 41 806 177 0 0 0 0 17 628 377 2 0 0 
0 0 0 0 172 850 2 0 0 0 0 3 743 278 0 0 0 0 3 411 610 0 0 0 
0 0 0 0 104 856 64 0 0 0 0 33 594 397 0 0 0 0 46 426 543 9 0 0 
0 0 0 0 127 896 1 0 0 0 0 2 554 467 1 0 0 0 0 152 859 13 0 0 
0 0 0 0 23 947 54 0 0 0 0 0 181 830 13 0 0 0 0 9 828 187 0 0 
0 0 0 0 185 839 0 0 0 0 0 18 465 541 0 0 0 0 0 111 894 19 0 0 
0 0 95 135 497 294 3 0 0 21 123 151 576 151 2 0 0 83 140 343 415 43 0 0 
0 0 10 268 332 351 40 23 0 0 11 58 625 263 31 36 0 2 25 132 599 199 28 39 
0 0 41 462 121 105 238 57 0 0 0 1 599 27 160 237 0 0 0 0 356 268 62 338 
0 0 10 471 143 125 175 100 0 0 0 0 472 176 156 220 0 0 0 0 313 296 150 265 
0 0 0 160 345 174 150 195 0 0 0 0 93 418 204 309 0 0 0 0 9 354 313 348 
0 0 0 102 437 217 114 154 0 0 0 0 15 494 276 239 0 0 0 0 0 305 438 281 
0 0 0 103 444 184 166 127 0 0 0 0 28 569 184 243 0 0 0 0 1 478 249 296 
0 0 0 96 666 214 35 13 0 0 0 0 2 675 300 47 0 0 0 0 0 501 452 71 
0 0 0 47 448 377 143 9 0 0 0 0 36 469 400 119 0 0 0 0 13 340 496 175 
0 0 0 135 286 298 257 48 0 0 0 0 184 226 359 255 0 0 0 0 49 294 360 321 
0 0 0 423 236 142 134 89 0 0 0 0 393 281 187 163 0 0 0 0 62 590 149 223 
0 0 0 629 346 48 1 0 0 0 0 0 572 399 51 2 0 0 0 0 235 718 65 6 
0 0 10 586 382 46 0 0 0 0 0 0 621 383 20 0 0 0 0 0 337 629 57 1 
0 0 17 710 250 15 0 0 0 0 0 0 712 272 8 0 0 0 0 0 429 533 30 0 
0 0 151 731 139 3 0 0 0 0 143 758 120 3 0 0 0 4 352 626 42 0 0 0 
0 0 39 231 596 158 0 0 0 0 42 283 557 142 0 0 0 7 76 545 361 35 0 0 
42 275 230 275 160 40 2 0 22 249 249 296 164 39 5 0 176 288 220 244 66 30 0 0 
1 222 534 190 66 10 1 0 1 243 524 188 59 8 1 0 170 498 237 96 17 6 0 0 
1 209 595 191 28 0 0 0 2 227 603 178 14 0 0 0 138 584 234 68 0 0 0 0 
0 22 226 377 248 147 4 0 0 37 305 347 248 87 0 0 16 180 359 290 163 16 0 0 
0 239 454 151 114 64 2 0 0 240 430 199 120 35 0 0 180 514 143 105 76 6 0 0 
1 279 368 108 223 45 0 0 0 225 403 237 156 3 0 0 276 428 144 171 5 0 0 0 
0 47 268 183 520 6 0 0 0 31 264 546 183 0 0 0 83 271 407 263 0 0 0 0 
0 0 7 152 850 15 0 0 0 0 31 819 174 0 0 0 0 11 673 340 0 0 0 0 
0 0 0 117 802 105 0 0 0 0 0 663 360 1 0 0 0 2 496 505 21 0 0 0 
0 0 0 324 658 40 2 0 0 0 98 825 99 2 0 0 0 58 633 327 6 0 0 0 
0 0 0 257 735 32 0 0 0 0 9 528 487 0 0 0 0 0 269 642 113 0 0 0 
0 0 7 301 643 24 7 42 0 0 18 669 279 10 6 42 0 0 128 805 35 8 6 42 
0 0 5 67 283 34 15 620 0 0 14 97 263 17 18 615 0 0 19 270 84 19 19 613 
0 0 0 0 0 0 0 1024 0 0 0 0 0 0 0 1024 0 0 0 0 0 0 0 1024 
0 0 0 0 0 0 3 1021 0 0 0 0 0 0 0 1024 0 0 0 0 0 0 0 1024 
0 0 1 3 2 2 39 977 0 0 2 2 2 2 18 998 0 0 2 2 2 2 15 1001 
0 1 18 78 169 91 29 638 0 1 18 91 226 22 19 647 0 1 29 174 145 10 16 649 
0 0 12 28 855 114 2 13 0 0 12 29 954 14 2 13 0 2 13 826 166 2 2 13 
0 0 0 1 566 457 0 0 0 0 0 3 1021 0 0 0 0 0 1 687 336 0 0 0 
0 0 0 1 465 558 0 0 0 0 0 4 771 249 0 0 0 0 3 212 797 12 0 0 
0 0 0 0 270 746 8 0 0 0 0 0 733 291 0 0 0 0 0 204 789 31 0 0 
0 0 0 0 150 864 10 0 0 0 0 0 590 432 2 0 0 0 0 80 925 19 0 0 
0 0 0 44 530 400 50 0 0 0 1 144 713 150 16 0 0 0 57 412 503 51 1 0 
0 0 5 12 178 313 507 9 0 0 10 15 216 579 203 1 0 2 14 28 374 562 44 0 
0 0 0 2 47 208 266 501 0 0 0 2 42 191 108 681 0 0 0 3 80 155 63 723 
0 0 0 0 0 8 187 829 0 0 0 0 0 0 44 980 0 0 0 0 0 0 16 1008 
0 0 0 0 0 25 171 828 0 0 0 0 0 0 60 964 0 0 0 0 0 0 51 973 
0 0 0 0 0 73 388 563 0 0 0 0 0 0 169 855 0 0 0 0 0 0 111 913 
0 0 0 0 0 31 436 557 0 0 0 0 0 0 88 936 0 0 0 0 0 0 53 971 
0 0 0 0 12 78 430 504 0 0 0 0 0 31 141 852 0 0 0 0 0 13 90 921 
0 0 0 0 4 202 423 395 0 0 0 0 0 20 268 736 0 0 0 0 0 2 205 817 
0 0 0 0 21 204 520 279 0 0 0 0 0 23 259 742 0 0 0 0 0 6 184 834 
0 0 0 0 106 437 405 76 0 0 0 0 0 30 492 502 0 0 0 0 0 12 402 610 
0 0 0 0 82 246 532 164 0 0 0 0 0 59 340 625 0 0 0 0 0 16 251 757 
0 0 0 0 56 220 462 286 0 0 0 0 0 100 248 676 0 0 0 0 0 37 234 753 
0 0 0 0 159 192 407 234 0 0 0 0 0 206 204 582 0 0 0 0 0 97 232 663 
0 0 141 573 245 65 0 0 0 0 183 546 250 45 0 0 0 8 350 449 216 1 0 0 
20 177 153 366 308 0 0 0 12 166 172 442 232 0 0 0 114 174 167 529 40 0 0 0 
9 534 455 22 4 0 0 0 20 546 431 22 5 0 0 0 249 685 79 11 0 0 0 0 
9 564 436 12 3 0 0 0 5 582 423 11 3 0 0 0 392 600 27 4 1 0 0 0 
17 294 381 299 33 0 0 0 7 321 447 232 17 0 0 0 214 466 302 39 3 0 0 0 
49 282 370 235 76 12 0 0 36 273 428 232 48 7 0 0 300 439 221 48 16 0 0 0 
3 330 636 47 8 0 0 0 5 398 584 32 5 0 0 0 259 683 74 8 0 0 0 0 
8 613 387 16 0 0 0 0 12 607 387 18 0 0 0 0 430 581 13 0 0 0 0 0 
1 311 510 153 49 0 0 0 0 355 524 117 28 0 0 0 217 581 162 54 10 0 0 0 
0 41 239 637 107 0 0 0 0 82 320 537 85 0 0 0 17 214 470 318 5 0 0 0 
0 0 49 612 363 0 0 0 0 0 105 841 78 0 0 0 0 2 535 487 0 0 0 0 
0 0 16 691 317 0 0 0 0 0 92 889 43 0 0 0 0 5 679 339 1 0 0 0 
0 67 98 554 283 21 1 0 0 100 97 601 219 7 0 0 11 130 392 390 94 7 0 0 
0 0 23 628 332 41 0 0 0 0 140 691 175 18 0 0 0 3 384 493 136 8 0 0 
0 0 25 503 359 112 4 21 0 0 104 583 235 79 2 21 0 2 259 483 210 47 2 21 
0 0 18 365 364 70 15 192 0 0 68 458 245 47 14 192 0 2 97 496 192 30 15 192 
0 0 24 354 251 116 22 257 0 0 54 397 199 95 21 258 0 0 140 335 170 97 21 261 
0 0 43 302 173 36 24 446 0 0 83 352 91 29 19 450 0 1 168 292 77 16 18 452 
0 2 26 163 112 39 5 677 0 2 46 198 73 23 7 675 0 6 82 173 61 21 7 674 
0 5 63 164 262 35 20 475 0 7 82 150 267 24 20 474 0 12 111 180 207 21 20 473 
0 0 6 125 874 19 0 0 0 0 6 191 824 3 0 0 0 1 11 646 365 1 0 0 
0 0 0 78 928 18 0 0 0 0 0 126 893 5 0 0 0 0 0 629 395 0 0 0 
0 0 0 41 772 209 2 0 0 0 0 79 762 181 2 0 0 0 0 228 611 183 2 0 
0 0 0 12 568 441 3 0 0 0 0 11 549 460 4 0 0 0 0 31 634 357 2 0 
0 0 0 17 890 117 0 0 0 0 0 51 882 91 0 0 0 0 0 193 752 79 0 0 
0 0 0 5 845 170 4 0 0 0 0 16 855 149 4 0 0 0 0 83 879 60 2 0 
0 0 0 7 71 131 63 752 0 0 0 11 69 158 28 758 0 0 0 15 70 157 23 759 
0 0 0 0 0 0 38 986 0 0 0 0 0 0 0 1024 0 0 0 0 0 0 0 1024 
0 0 0 0 0 9 222 793 0 0 0 0 0 0 48 976 0 0 0 0 0 0 35 989 
0 0 0 0 0 55 360 609 0 0 0 0 0 0 32 992 0 0 0 0 0 0 7 1017 
0 0 0 0 65 174 403 382 0 0 0 0 0 1 226 797 0 0 0 0 0 0 172 852 
0 0 0 0 116 124 463 321 0 0 0 0 0 52 229 743 0 0 0 0 0 29 210 785 
0 0 0 0 20 198 535 271 0 0 0 0 0 46 231 747 0 0 0 0 0 9 183 832 
0 0 0 0 64 484 412 64 0 0 0 0 0 42 569 413 0 0 0 0 0 10 395 619 
0 0 0 0 200 508 237 79 0 0 0 0 0 40 705 279 0 0 0 0 0 14 632 378 
0 0 0 0 2 74 492 456 0 0 0 0 0 6 123 895 0 0 0 0 0 4 71 949 
0 0 0 0 19 304 529 172 0 0 0 0 0 3 389 632 0 0 0 0 0 2 312 710 
0 0 0 0 16 170 492 314 0 0 0 0 0 6 258 728 0 0 0 0 0 3 210 779 
13 126 262 150 282 191 0 0 21 122 259 169 287 164 2 0 37 196 209 251 288 43 0 0 
60 418 394 134 18 0 0 0 42 437 381 144 20 0 0 0 252 416 288 66 2 0 0 0 
154 844 19 7 0 0 0 0 84 896 36 8 0 0 0 0 778 231 11 4 0 0 0 0 
57 867 100 0 0 0 0 0 35 886 103 0 0 0 0 0 572 452 0 0 0 0 0 0 
37 550 423 14 0 0 0 0 40 576 404 4 0 0 0 0 395 560 69 0 0 0 0 0 
104 622 298 0 0 0 0 0 90 653 279 2 0 0 0 0 347 635 42 0 0 0 0 0 
65 598 343 18 0 0 0 0 69 660 287 8 0 0 0 0 320 598 106 0 0 0 0 0 
15 528 453 28 0 0 0 0 17 671 313 23 0 0 0 0 240 702 82 0 0 0 0 0 
1 137 603 252 28 3 0 0 3 221 654 128 16 2 0 0 67 598 322 33 3 1 0 0 
0 24 593 395 12 0 0 0 0 20 679 316 9 0 0 0 0 170 757 97 0 0 0 0 
0 49 782 191 2 0 0 0 0 69 823 132 0 0 0 0 3 179 763 79 0 0 0 0 
10 137 783 94 0 0 0 0 13 184 823 4 0 0 0 0 38 534 451 1 0 0 0 0 
5 507 409 97 6 0 0 0 9 553 440 20 2 0 0 0 78 591 345 8 2 0 0 0 
5 411 345 180 57 26 0 0 4 480 345 130 59 6 0 0 19 559 304 90 49 3 0 0 
0 210 626 141 40 7 0 0 0 327 572 84 35 6 0 0 0 475 468 44 36 1 0 0 
0 1 310 419 245 49 0 0 0 31 452 333 195 13 0 0 0 148 407 291 172 6 0 0 
0 76 240 433 241 34 0 0 0 104 393 309 205 13 0 0 0 142 433 268 176 5 0 0 
0 180 391 277 137 39 0 0 0 217 439 232 122 14 0 0 0 293 399 222 103 7 0 0 
0 231 336 311 118 28 0 0 0 264 389 246 100 25 0 0 0 354 385 177 98 10 0 0 
0 137 363 243 250 31 0 0 0 182 376 203 231 32 0 0 0 240 346 192 223 23 0 0 
5 322 175 359 162 1 0 0 4 340 169 363 143 5 0 0 11 377 230 341 57 8 0 0 
0 0 13 439 572 0 0 0 0 0 22 469 533 0 0 0 0 4 120 589 311 0 0 0 
0 0 0 82 869 73 0 0 0 0 0 119 838 67 0 0 0 0 0 248 711 65 0 0 
0 0 0 23 705 290 6 0 0 0 0 23 705 290 6 0 0 0 0 23 705 290 6 0 
0 0 0 272 674 78 0 0 0 0 0 267 678 79 0 0 0 0 0 303 648 73 0 0 
0 0 4 247 749 24 0 0 0 0 0 272 740 12 0 0 0 0 7 478 531 8 0 0 
0 5 25 52 35 54 68 785 0 5 29 48 36 53 67 786 0 4 20 51 35 52 65 797 
0 3 14 23 18 30 41 895 0 3 14 23 19 29 45 891 0 3 12 19 23 28 37 902 
0 0 20 90 83 54 205 572 0 1 57 107 45 28 89 697 0 1 51 112 41 27 61 731 
0 0 2 3 17 178 369 455 0 0 1 5 17 49 267 685 0 0 1 4 14 36 184 785 
0 0 0 1 140 263 192 428 0 0 0 3 14 94 347 566 0 0 0 1 10 36 357 620 
0 0 2 6 111 134 368 403 0 0 1 8 19 94 163 739 0 0 1 5 19 66 140 793 
0 0 0 0 0 61 631 332 0 0 0 0 0 0 160 864 0 0 0 0 0 0 36 988 
0 0 0 0 0 360 598 66 0 0 0 0 0 7 637 380 0 0 0 0 0 1 335 688 
0 0 0 0 0 306 585 133 0 0 0 0 0 0 467 557 0 0 0 0 0 0 268 756 
0 0 0 0 0 44 397 583 0 0 0 0 0 0 97 927 0 0 0 0 0 0 33 991 
0 0 0 0 0 187 601 236 0 0 0 0 0 0 284 740 0 0 0 0 0 0 182 842 
0 0 0 0 1 299 481 211 0 0 0 0 0 19 368 605 0 0 0 0 0 1 271 720 
18 244 468 233 61 0 0 0 2 241 479 220 82 0 0 0 140 396 322 159 7 0 0 0 
60 387 426 120 31 0 0 0 37 380 456 135 16 0 0 0 419 390 168 47 0 0 0 0 
129 555 280 59 1 0 0 0 98 548 302 75 1 0 0 0 523 393 94 14 0 0 0 0 
25 782 217 0 0 0 0 0 16 822 186 0 0 0 0 0 288 721 15 0 0 0 0 0 
104 758 152 10 0 0 0 0 120 762 137 5 0 0 0 0 482 489 49 4 0 0 0 0 
25 559 419 21 0 0 0 0 29 594 383 18 0 0 0 0 242 643 138 1 0 0 0 0 
26 476 479 43 0 0 0 0 17 491 480 36 0 0 0 0 246 572 202 4 0 0 0 0 
57 515 435 17 0 0 0 0 38 513 436 37 0 0 0 0 393 574 57 0 0 0 0 0 
7 298 456 182 61 20 0 0 4 368 459 128 64 1 0 0 121 558 271 58 16 0 0 0 
0 13 105 493 278 135 0 0 0 24 226 532 153 89 0 0 6 81 485 312 139 1 0 0 
0 0 97 761 166 0 0 0 0 0 301 703 20 0 0 0 0 99 598 326 1 0 0 0 
0 2 117 772 126 7 0 0 0 16 181 751 70 6 0 0 0 35 446 479 60 4 0 0 
2 279 599 144 0 0 0 0 3 374 577 70 0 0 0 0 22 614 377 11 0 0 0 0 
10 465 538 11 0 0 0 0 16 639 369 0 0 0 0 0 66 921 37 0 0 0 0 0 
0 340 684 0 0 0 0 0 0 752 272 0 0 0 0 0 5 1008 11 0 0 0 0 0 
0 132 851 41 0 0 0 0 0 428 568 28 0 0 0 0 4 899 113 8 0 0 0 0 
0 640 384 0 0 0 0 0 0 697 327 0 0 0 0 0 0 920 104 0 0 0 0 0 
0 780 244 0 0 0 0 0 0 777 247 0 0 0 0 0 0 918 106 0 0 0 0 0 
0 971 53 0 0 0 0 0 0 960 64 0 0 0 0 0 0 1002 22 0 0 0 0 0 
38 978 8 0 0 0 0 0 9 1003 12 0 0 0 0 0 10 1007 7 0 0 0 0 0 
8 925 32 59 0 0 0 0 3 936 25 60 0 0 0 0 26 923 21 54 0 0 0 0 
0 85 107 444 388 0 0 0 0 86 112 664 162 0 0 0 0 84 230 679 31 0 0 0 
0 0 1 492 523 8 0 0 0 0 4 788 231 1 0 0 0 0 185 775 64 0 0 0 
0 0 1 195 822 6 0 0 0 0 0 369 651 4 0 0 0 0 24 894 103 3 0 0 
0 0 0 244 780 0 0 0 0 0 1 407 616 0 0 0 0 0 29 828 167 0 0 0 
0 0 19 294 663 17 21 10 0 0 38 369 572 13 21 11 0 0 91 668 218 11 23 13 
0 4 38 74 106 154 214 434 0 5 40 78 107 151 209 434 0 2 34 74 94 159 177 484 
0 1 78 301 150 120 134 240 0 9 221 194 118 113 126 243 0 12 208 188 125 108 130 253 
0 1 82 152 114 133 171 371 0 6 132 121 111 124 170 360 0 9 152 91 109 125 157 381 
0 2 6 42 104 180 177 513 0 2 6 45 104 184 172 511 0 2 5 41 95 174 168 539 
0 0 0 9 64 156 275 520 0 0 0 9 64 151 243 557 0 0 0 6 51 130 230 607 
0 0 2 10 43 52 150 767 0 0 2 16 37 40 111 818 0 0 2 8 37 39 82 856 
0 0 0 0 0 0 101 923 0 0 0 0 0 0 40 984 0 0 0 0 0 0 8 1016 
0 0 0 0 0 21 85 918 0 0 0 0 0 0 56 968 0 0 0 0 0 0 42 982 
0 0 0 0 0 17 135 872 0 0 0 0 0 0 42 982 0 0 0 0 0 0 31 993 
0 0 0 0 0 72 332 620 0 0 0 0 0 0 129 895 0 0 0 0 0 0 88 936 
0 0 0 0 0 120 572 332 0 0 0 0 0 0 270 754 0 0 0 0 0 0 136 888 
0 0 0 0 0 274 523 195 0 0 0 0 0 0 385 607 0 0 0 0 0 0 189 803 
86 573 330 35 0 0 0 0 45 542 363 73 1 0 0 0 439 451 133 1 0 0 0 0 
291 637 95 1 0 0 0 0 199 703 119 3 0 0 0 0 811 206 7 0 0 0 0 0 
60 617 326 21 0 0 0 0 33 600 373 18 0 0 0 0 557 425 41 1 0 0 0 0 
76 411 440 96 1 0 0 0 43 408 439 132 2 0 0 0 513 468 43 0 0 0 0 0 
178 408 364 61 13 0 0 0 165 383 377 85 14 0 0 0 673 299 35 16 1 0 0 0 
114 671 215 24 0 0 0 0 70 685 238 31 0 0 0 0 642 352 30 0 0 0 0 0 
211 665 147 1 0 0 0 0 183 685 154 2 0 0 0 0 644 365 15 0 0 0 0 0 
195 667 161 1 0 0 0 0 162 677 173 12 0 0 0 0 621 399 4 0 0 0 0 0 
10 557 447 10 0 0 0 0 7 634 362 21 0 0 0 0 256 707 61 0 0 0 0 0 
3 225 391 283 119 3 0 0 2 232 446 244 100 0 0 0 80 402 348 181 13 0 0 0 
0 10 100 298 272 337 7 0 0 8 135 317 288 274 2 0 0 56 302 280 380 6 0 0 
0 47 265 600 93 17 2 0 0 45 346 557 58 16 2 0 20 206 515 253 27 3 0 0 
0 536 395 92 1 0 0 0 1 787 165 70 1 0 0 0 7 864 137 16 0 0 0 0 
0 799 225 0 0 0 0 0 0 922 102 0 0 0 0 0 1 1020 3 0 0 0 0 0 
0 642 379 3 0 0 0 0 0 646 378 0 0 0 0 0 0 867 157 0 0 0 0 0 
0 376 634 14 0 0 0 0 0 439 585 0 0 0 0 0 0 725 299 0 0 0 0 0 
0 269 669 86 0 0 0 0 0 223 794 7 0 0 0 0 0 471 553 0 0 0 0 0 
0 23 937 64 0 0 0 0 0 39 976 9 0 0 0 0 0 260 764 0 0 0 0 0 
0 87 862 74 1 0 0 0 0 136 826 62 0 0 0 0 0 528 462 34 0 0 0 0 
0 545 476 3 0 0 0 0 0 634 389 1 0 0 0 0 0 843 181 0 0 0 0 0 
0 619 405 0 0 0 0 0 0 678 346 0 0 0 0 0 0 916 108 0 0 0 0 0 
0 522 295 205 2 0 0 0 0 520 329 174 1 0 0 0 0 672 224 128 0 0 0 0 
0 36 89 578 321 0 0 0 0 34 128 829 33 0 0 0 1 41 463 519 0 0 0 0 
0 0 28 517 416 63 0 0 0 0 21 663 340 0 0 0 0 0 80 913 31 0 0 0 
0 0 0 359 554 111 0 0 0 0 2 424 598 0 0 0 0 0 27 731 266 0 0 0 
0 0 7 117 666 185 38 11 0 0 14 176 697 85 40 12 0 0 16 291 590 72 43 12 
0 13 127 138 158 206 216 166 0 25 142 129 152 216 198 162 0 16 132 126 145 204 209 192 
0 11 408 253 120 78 70 84 0 77 476 151 106 74 57 83 0 55 502 144 110 69 51 93 
0 5 83 226 147 130 114 319 0 8 145 199 128 122 119 303 0 13 151 197 116 131 111 305 
0 0 2 13 14 31 43 921 0 0 3 12 14 31 44 920 0 0 1 12 14 31 42 924 
0 0 0 0 0 0 11 1013 0 0 0 0 0 0 11 1013 0 0 0 0 0 0 11 1013 
0 0 0 0 0 0 0 1024 0 0 0 0 0 0 0 1024 0 0 0 0 0 0 0 1024 
0 0 0 0 0 0 0 1024 0 0 0 0 0 0 0 1024 0 0 0 0 0 0 0 1024 
0 0 0 0 0 0 0 1024 0 0 0 0 0 0 0 1024 0 0 0 0 0 0 0 1024 
0 0 0 0 0 0 0 1024 0 0 0 0 0 0 0 1024 0 0 0 0 0 0 0 1024 
0 0 0 0 0 5 116 903 0 0 0 0 0 1 37 986 0 0 0 0 0 1 24 999 
0 0 0 0 0 13 403 608 0 0 0 0 0 0 105 919 0 0 0 0 0 0 50 974 
0 0 0 0 0 3 287 702 0 0 0 0 0 0 48 944 0 0 0 0 0 0 29 963 
498 463 61 2 0 0 0 0 426 495 101 2 0 0 0 0 895 122 7 0 0 0 0 0 
244 539 230 11 0 0 0 0 200 584 225 15 0 0 0 0 656 351 17 0 0 0 0 0 
38 471 463 51 1 0 0 0 30 463 461 68 2 0 0 0 584 411 29 0 0 0 0 0 
51 662 309 2 0 0 0 0 34 581 401 8 0 0 0 0 780 243 1 0 0 0 0 0 
45 465 473 40 1 0 0 0 37 419 503 64 1 0 0 0 675 338 11 0 0 0 0 0 
165 578 264 16 1 0 0 0 136 551 291 45 1 0 0 0 859 161 4 0 0 0 0 0 
155 485 336 48 0 0 0 0 117 460 329 118 0 0 0 0 610 401 13 0 0 0 0 0 
46 335 418 219 6 0 0 0 41 340 401 239 3 0 0 0 252 600 166 6 0 0 0 0 
99 473 330 119 3 0 0 0 75 431 322 183 13 0 0 0 474 472 74 4 0 0 0 0 
13 303 519 188 1 0 0 0 15 325 476 202 6 0 0 0 251 505 247 21 0 0 0 0 
1 86 423 334 171 9 0 0 1 60 405 353 192 13 0 0 91 370 267 221 74 1 0 0 
2 260 603 121 38 0 0 0 2 231 600 150 41 0 0 0 187 606 181 44 6 0 0 0 
10 209 502 303 0 0 0 0 8 232 574 210 0 0 0 0 114 454 441 15 0 0 0 0 
1 174 631 215 3 0 0 0 1 180 721 122 0 0 0 0 100 539 382 3 0 0 0 0 
0 37 523 433 31 0 0 0 0 120 760 142 2 0 0 0 14 342 633 35 0 0 0 0 
0 48 607 308 34 26 1 0 0 210 592 159 36 26 1 0 5 328 534 104 26 26 1 0 
0 28 500 247 64 140 45 0 0 76 588 117 45 128 70 0 0 182 528 77 40 111 77 9 
0 53 335 165 100 258 109 4 0 77 378 97 43 243 180 6 0 141 367 46 49 214 194 13 
0 29 247 143 221 364 20 0 0 43 253 122 138 415 53 0 0 58 247 114 121 416 68 0 
0 207 216 75 388 138 0 0 0 228 190 51 295 258 2 0 0 243 174 47 266 288 6 0 
0 188 492 53 228 63 0 0 0 187 481 56 163 136 1 0 0 232 431 58 131 166 6 0 
0 104 759 151 10 0 0 0 0 101 785 125 11 2 0 0 0 262 686 64 11 1 0 0 
0 151 476 273 124 0 0 0 0 137 505 341 41 0 0 0 0 224 557 243 0 0 0 0 
0 2 166 304 528 24 0 0 0 3 183 466 372 0 0 0 0 12 243 682 87 0 0 0 
0 0 0 47 636 341 0 0 0 0 0 112 904 8 0 0 0 0 7 622 395 0 0 0 
0 0 10 283 445 286 0 0 0 0 28 412 535 49 0 0 0 0 87 563 360 13 1 0 
0 10 104 187 225 260 211 27 0 12 154 159 230 262 189 18 0 12 139 152 219 250 218 34 
1 14 260 221 124 153 171 80 1 45 339 136 124 140 153 86 1 55 318 138 118 131 159 104 
0 1 241 306 75 68 64 269 0 14 425 125 67 63 59 271 0 19 434 113 61 63 52 282 
0 1 181 151 21 19 24 627 0 4 273 60 19 18 28 622 0 4 279 54 20 15 23 629 
0 0 0 0 0 0 0 1024 0 0 0 0 0 0 0 1024 0 0 0 0 0 0 0 1024 
0 0 0 0 0 0 0 1024 0 0 0 0 0 0 0 1024 0 0 0 0 0 0 0 1024 
0 0 0 0 0 0 0 1024 0 0 0 0 0 0 0 1024 0 0 0 0 0 0 0 1024 
0 0 0 0 0 0 0 1024 0 0 0 0 0 0 0 1024 0 0 0 0 0 0 0 1024 
0 0 0 0 0 0 0 1024 0 0 0 0 0 0 0 1024 0 0 0 0 0 0 0 1024 
0 0 0 0 0 0 0 1024 0 0 0 0 0 0 0 1024 0 0 0 0 0 0 0 1024 
0 0 0 0 0 0 0 1024 0 0 0 0 0 0 0 1024 0 0 0 0 0 0 0 1024 
0 0 0 0 0 0 0 992 0 0 0 0 0 0 0 992 0 0 0 0 0 0 0 992 
99 546 377 2 0 0 0 0 78 522 414 10 0 0 0 0 638 381 5 0 0 0 0 0 
144 477 393 10 0 0 0 0 127 400 483 14 0 0 0 0 740 279 5 0 0 0 0 0 
119 521 329 54 1 0 0 0 86 509 357 69 3 0 0 0 624 374 25 1 0 0 0 0 
213 667 141 3 0 0 0 0 176 637 196 15 0 0 0 0 667 350 7 0 0 0 0 0 
19 400 501 103 1 0 0 0 14 319 514 170 7 0 0 0 632 367 24 1 0 0 0 0 
80 457 406 77 4 0 0 0 64 365 464 124 7 0 0 0 678 310 35 1 0 0 0 0 
44 412 498 69 1 0 0 0 25 293 543 158 5 0 0 0 599 403 21 1 0 0 0 0 
151 428 330 111 4 0 0 0 121 377 341 169 16 0 0 0 629 351 42 2 0 0 0 0 
160 440 311 108 5 0 0 0 122 410 316 161 14 1 0 0 606 359 57 2 0 0 0 0 
2 219 580 213 10 0 0 0 1 142 547 310 24 0 0 0 439 527 57 1 0 0 0 0 
50 300 498 172 4 0 0 0 28 236 458 286 16 0 0 0 427 552 45 0 0 0 0 0 
3 277 529 211 4 0 0 0 2 236 514 259 13 0 0 0 359 563 99 3 0 0 0 0 
0 152 558 285 29 0 0 0 1 184 565 263 11 0 0 0 132 544 330 18 0 0 0 0 
0 40 291 622 67 4 0 0 0 71 569 323 59 2 0 0 19 232 706 61 6 0 0 0 
1 22 247 560 166 23 5 0 0 35 342 571 46 25 5 0 1 134 536 288 40 21 4 0 
0 1 23 224 359 227 163 27 0 2 37 289 269 215 183 29 0 2 86 291 219 196 190 40 
0 0 0 5 60 441 492 26 0 0 0 6 47 257 628 86 0 0 0 4 41 196 674 109 
0 0 0 0 16 233 729 46 0 0 0 0 3 157 734 130 0 0 0 0 1 129 716 178 
0 0 0 0 45 423 533 23 0 0 0 0 7 276 650 91 0 0 0 0 2 245 672 105 
0 0 0 0 377 518 129 0 0 0 0 0 143 575 302 4 0 0 0 0 136 547 332 9 
0 0 0 0 217 685 122 0 0 0 0 0 78 634 306 6 0 0 0 0 72 645 300 7 
0 2 149 87 206 337 237 6 0 11 154 64 155 313 314 13 0 37 141 45 137 315 324 25 
0 10 294 452 234 33 1 0 0 16 370 401 177 58 2 0 0 44 456 351 109 62 2 0 
0 0 254 405 353 12 0 0 0 0 319 458 247 0 0 0 0 8 411 467 138 0 0 0 
0 0 243 614 161 6 0 0 0 0 305 588 130 1 0 0 0 0 431 509 83 1 0 0 
0 0 186 487 288 42 16 5 0 0 199 524 252 32 13 4 0 1 299 467 209 32 13 3 
0 0 10 41 117 234 308 314 0 0 11 45 121 232 308 307 0 0 7 38 106 212 277 384 
0 3 63 192 159 178 203 226 0 10 117 164 148 171 195 219 0 10 124 155 151 160 181 243 
1 3 84 216 196 219 169 136 1 8 141 213 173 204 160 124 0 2 133 212 166 207 157 147 
0 7 264 369 107 95 84 98 0 29 454 195 91 89 78 88 0 26 474 173 93 98 73 87 
0 1 32 332 157 52 54 396 0 6 197 269 66 53 47 386 0 2 247 225 64 51 49 386 
0 1 29 222 145 19 17 591 0 2 165 193 49 11 15 589 0 3 211 166 28 11 16 589 
0 0 10 20 5 5 3 981 0 0 10 20 5 5 3 981 0 0 10 20 5 5 3 981 
0 0 0 0 0 0 0 1024 0 0 0 0 0 0 0 1024 0 0 0 0 0 0 0 1024 
0 0 0 0 0 0 0 1024 0 0 0 0 0 0 0 1024 0 0 0 0 0 0 0 1024 
0 0 0 0 0 0 0 1024 0 0 0 0 0 0 0 1024 0 0 0 0 0 0 0 1024 
0 0 0 0 0 0 0 1024 0 0 0 0 0 0 0 1024 0 0 0 0 0 0 0 1024 
0 0 0 0 0 0 0 992 0 0 0 0 0 0 0 992 0 0 0 0 0 0 0 992 
416 586 22 0 0 0 0 0 343 638 43 0 0 0 0 0 901 123 0 0 0 0 0 0 
318 644 62 0 0 0 0 0 243 674 106 1 0 0 0 0 886 135 3 0 0 0 0 0 
484 394 144 2 0 0 0 0 436 386 186 16 0 0 0 0 839 181 4 0 0 0 0 0 
279 415 307 23 0 0 0 0 225 389 356 54 0 0 0 0 741 263 20 0 0 0 0 0 
147 493 349 35 0 0 0 0 103 437 416 63 5 0 0 0 717 284 23 0 0 0 0 0 
371 347 230 74 2 0 0 0 325 317 265 104 13 0 0 0 778 205 40 1 0 0 0 0 
377 492 130 24 1 0 0 0 328 493 162 38 3 0 0 0 772 228 23 1 0 0 0 0 
288 497 204 30 5 0 0 0 255 482 238 39 9 1 0 0 763 235 20 5 1 0 0 0 
128 381 403 100 11 1 0 0 106 327 419 143 27 2 0 0 632 325 60 7 0 0 0 0 
151 429 345 99 0 0 0 0 120 369 354 166 15 0 0 0 588 400 36 0 0 0 0 0 
87 525 347 62 3 0 0 0 52 408 450 110 4 0 0 0 680 316 28 0 0 0 0 0 
62 371 431 151 9 0 0 0 44 359 408 196 17 0 0 0 489 480 51 4 0 0 0 0 
0 175 654 188 7 0 0 0 0 177 631 204 12 0 0 0 186 627 209 2 0 0 0 0 
15 353 446 190 18 2 0 0 31 386 429 156 20 2 0 0 271 576 165 12 0 0 0 0 
1 42 284 570 126 1 0 0 1 66 395 515 47 0 0 0 42 210 511 251 10 0 0 0 
0 0 10 455 350 142 55 12 0 0 32 521 261 144 54 12 0 0 240 329 245 147 51 12 
0 0 0 26 202 234 396 166 0 0 0 32 176 179 369 268 0 0 0 29 178 161 339 317 
0 0 0 0 0 37 601 386 0 0 0 0 0 4 300 720 0 0 0 0 0 3 241 780 
0 0 0 0 0 25 598 401 0 0 0 0 0 6 335 683 0 0 0 0 0 1 295 728 
0 0 0 0 3 125 700 196 0 0 0 0 0 24 532 468 0 0 0 0 0 21 485 518 
0 0 0 0 3 184 601 236 0 0 0 0 0 52 474 498 0 0 0 0 0 34 432 558 
0 0 0 0 4 185 597 238 0 0 0 0 1 70 579 374 0 0 0 0 1 65 553 405 
0 0 33 61 103 354 307 166 0 0 32 53 68 276 346 249 0 0 23 61 66 259 343 272 
0 0 427 107 76 168 159 87 0 0 431 96 49 157 168 123 0 0 431 95 51 145 168 134 
0 0 315 338 36 32 85 218 0 0 439 208 38 27 72 240 0 0 464 184 36 24 49 267 
0 0 16 372 172 130 149 185 0 0 44 401 127 114 141 197 0 0 68 387 111 116 140 202 
0 0 15 322 271 201 149 66 0 0 75 298 246 196 145 64 0 0 84 286 243 190 145 76 
0 0 6 30 61 228 384 315 0 0 11 37 53 227 382 314 0 0 6 35 51 172 393 367 
0 0 22 35 71 203 370 323 0 3 26 37 70 203 369 316 0 0 21 35 66 152 356 394 
0 0 17 104 118 153 221 411 0 0 33 117 100 145 217 412 0 0 17 122 95 133 201 456 
0 2 25 90 142 97 168 500 0 7 44 121 99 96 160 497 0 4 43 134 89 79 160 515 
0 3 104 302 165 84 107 259 0 18 296 197 90 70 106 247 0 13 307 188 92 66 100 258 
0 1 143 398 182 82 62 156 0 5 387 262 91 71 48 160 0 13 436 208 91 69 47 160 
0 2 211 317 51 33 54 356 0 10 430 113 32 33 46 360 0 23 423 100 39 29 39 371 
0 0 33 259 179 51 119 383 0 0 157 285 39 48 111 384 0 4 264 171 37 40 85 423 
0 0 5 86 83 42 44 764 0 0 9 120 56 31 34 774 0 0 13 123 48 28 36 776 
0 0 0 0 0 0 0 1024 0 0 0 0 0 0 0 1024 0 0 0 0 0 0 0 1024 
0 0 0 0 0 0 18 974 0 0 0 0 0 0 0 992 0 0 0 0 0 0 0 992 
287 690 47 0 0 0 0 0 311 644 69 0 0 0 0 0 724 294 6 0 0 0 0 0 
401 540 82 1 0 0 0 0 415 537 71 1 0 0 0 0 873 151 0 0 0 0 0 0 
708 314 2 0 0 0 0 0 674 341 9 0 0 0 0 0 917 107 0 0 0 0 0 0 
490 419 114 1 0 0 0 0 453 402 164 5 0 0 0 0 833 183 8 0 0 0 0 0 
514 421 80 8 1 0 0 0 465 414 127 16 2 0 0 0 872 146 6 0 0 0 0 0 
464 417 120 23 0 0 0 0 418 409 161 35 1 0 0 0 882 133 9 0 0 0 0 0 
532 361 126 4 1 0 0 0 500 356 153 14 1 0 0 0 874 142 8 0 0 0 0 0 
384 461 170 9 0 0 0 0 342 424 233 25 0 0 0 0 846 172 6 0 0 0 0 0 
721 285 16 2 0 0 0 0 691 304 25 4 0 0 0 0 923 93 8 0 0 0 0 0 
588 384 50 2 0 0 0 0 539 401 80 4 0 0 0 0 896 120 8 0 0 0 0 0 
262 447 239 66 10 0 0 0 204 416 306 83 14 1 0 0 738 229 46 11 0 0 0 0 
200 440 298 84 2 0 0 0 172 381 327 137 7 0 0 0 651 339 32 2 0 0 0 0 
12 151 467 318 74 2 0 0 11 107 424 369 109 4 0 0 442 445 121 16 0 0 0 0 
27 337 359 243 52 6 0 0 17 297 360 280 61 9 0 0 421 415 166 22 0 0 0 0 
0 47 348 515 110 4 0 0 0 47 507 411 58 1 0 0 68 287 529 138 2 0 0 0 
0 0 73 797 135 13 4 2 0 2 239 731 38 8 4 2 0 63 658 274 15 9 3 2 
0 0 22 197 137 75 265 328 0 0 24 205 125 52 184 434 0 10 114 170 81 30 150 469 
0 0 0 0 0 21 420 583 0 0 0 0 0 0 215 809 0 0 0 0 0 0 161 863 
0 0 0 0 0 14 585 425 0 0 0 0 0 0 309 715 0 0 0 0 0 0 234 790 
0 0 0 0 0 115 873 36 0 0 0 0 0 5 778 241 0 0 0 0 0 4 708 312 
0 0 0 0 64 584 278 98 0 0 0 0 4 189 652 179 0 0 0 0 4 187 638 195 
0 0 0 0 4 251 535 234 0 0 0 0 0 75 543 406 0 0 0 0 0 83 518 423 
0 0 0 0 4 36 414 570 0 0 0 0 0 16 262 746 0 0 0 0 0 15 246 763 
0 0 0 0 0 9 150 865 0 0 0 0 0 2 109 913 0 0 0 0 0 2 91 931 
0 0 0 0 0 1 72 951 0 0 0 0 0 0 53 971 0 0 0 0 0 0 36 988 
0 0 5 40 88 54 76 761 0 0 11 80 56 47 66 764 0 0 10 77 52 52 63 770 
0 0 1 52 59 101 133 678 0 0 12 67 51 96 126 672 0 0 6 66 52 94 120 686 
0 0 13 307 264 101 107 232 0 0 43 380 177 90 106 228 0 0 27 368 198 90 103 238 
0 0 35 254 184 195 139 217 0 0 124 237 141 178 137 207 0 0 88 254 150 180 137 215 
0 0 79 330 223 128 122 142 0 1 162 312 180 123 107 139 0 0 155 317 173 116 115 148 
0 1 37 258 208 144 129 247 0 2 86 292 150 136 122 236 0 1 86 297 139 136 123 242 
0 4 94 309 159 120 130 208 0 6 207 243 133 108 121 206 0 5 221 240 122 104 112 220 
0 1 41 96 92 95 183 516 0 3 57 97 78 97 183 509 0 0 50 93 84 88 174 535 
0 2 182 148 122 118 168 284 0 4 199 136 118 123 161 283 0 7 190 125 120 122 152 308 
0 0 78 185 46 66 105 544 0 0 166 94 45 68 83 568 0 0 168 91 41 67 87 570 
0 0 0 78 67 52 53 774 0 0 6 106 42 52 33 785 0 0 7 112 34 46 40 785 
0 0 0 4 12 25 193 790 0 0 0 4 7 19 71 923 0 0 0 4 7 13 53 947 
0 0 0 0 0 9 139 844 0 0 0 0 0 1 39 952 0 0 0 0 0 0 20 972 
521 471 32 0 0 0 0 0 581 410 33 0 0 0 0 0 778 243 3 0 0 0 0 0 
635 349 40 0 0 0 0 0 625 355 44 0 0 0 0 0 893 126 5 0 0 0 0 0 
677 340 7 0 0 0 0 0 618 395 11 0 0 0 0 0 922 102 0 0 0 0 0 0 
654 360 10 0 0 0 0 0 575 427 22 0 0 0 0 0 946 78 0 0 0 0 0 0 
728 225 65 6 0 0 0 0 693 252 67 12 0 0 0 0 893 119 12 0 0 0 0 0 
408 322 242 48 4 0 0 0 411 295 238 74 6 0 0 0 739 244 39 2 0 0 0 0 
617 328 68 11 0 0 0 0 567 364 76 17 0 0 0 0 917 93 14 0 0 0 0 0 
856 160 8 0 0 0 0 0 830 186 8 0 0 0 0 0 939 82 3 0 0 0 0 0 
597 240 137 46 4 0 0 0 565 247 140 64 8 0 0 0 850 134 36 4 0 0 0 0 
299 426 225 71 3 0 0 0 259 418 226 111 10 0 0 0 788 210 24 2 0 0 0 0 
462 266 202 84 10 0 0 0 426 280 191 105 22 0 0 0 751 232 36 5 0 0 0 0 
83 351 285 262 40 3 0 0 93 326 243 291 67 4 0 0 448 498 75 3 0 0 0 0 
68 470 326 148 12 0 0 0 46 428 331 193 26 0 0 0 661 309 52 2 0 0 0 0 
45 206 372 359 42 0 0 0 44 175 337 394 73 1 0 0 475 469 71 9 0 0 0 0 
5 165 354 415 83 2 0 0 4 147 298 420 151 4 0 0 382 498 133 11 0 0 0 0 
6 68 317 483 148 2 0 0 5 65 230 487 231 6 0 0 246 546 214 18 0 0 0 0 
0 126 354 372 150 22 0 0 0 77 292 435 186 34 0 0 260 462 191 67 41 3 0 0 
1 57 253 264 134 69 116 130 0 39 209 278 180 68 58 192 117 324 168 74 58 37 51 195 
0 7 54 117 122 130 457 137 0 3 43 108 121 133 248 368 12 96 82 78 92 55 199 410 
0 0 0 0 4 133 687 200 0 0 0 0 4 8 468 544 0 0 0 0 3 8 426 587 
0 0 0 0 0 161 505 358 0 0 0 0 0 25 455 544 0 0 0 0 0 20 395 609 
0 0 0 0 0 8 324 692 0 0 0 0 0 3 135 886 0 0 0 0 0 2 73 949 
0 0 0 0 0 5 144 875 0 0 0 0 0 2 99 923 0 0 0 0 0 2 71 951 
0 0 0 0 0 0 14 1010 0 0 0 0 0 0 7 1017 0 0 0 0 0 0 5 1019 
0 0 0 0 0 0 1 1023 0 0 0 0 0 0 1 1023 0 0 0 0 0 0 1 1023 
0 0 0 0 0 0 0 1024 0 0 0 0 0 0 0 1024 0 0 0 0 0 0 0 1024 
0 0 0 0 0 0 0 1024 0 0 0 0 0 0 0 1024 0 0 0 0 0 0 0 1024 
0 0 0 2 9 7 24 982 0 0 0 2 9 7 24 982 0 0 0 2 9 7 24 982 
0 0 0 28 60 30 36 870 0 0 0 42 52 31 34 865 0 0 0 37 55 31 35 866 
0 1 6 45 58 79 77 758 0 1 6 44 56 77 78 762 0 1 6 44 56 78 78 761 
0 0 3 50 75 100 110 686 0 0 18 58 70 94 115 669 0 0 8 58 68 89 100 701 
0 0 7 152 151 104 155 455 0 1 33 160 128 101 143 458 0 0 12 167 131 97 146 471 
0 0 9 94 110 117 181 513 0 0 13 135 78 98 182 518 0 0 15 124 78 97 162 548 
0 0 7 56 166 80 92 623 0 0 20 110 120 61 91 622 0 0 9 98 127 65 91 634 
0 0 0 2 2 7 16 997 0 0 0 1 3 5 10 1005 0 0 0 0 4 4 11 1005 
0 0 0 0 0 0 0 1024 0 0 0 0 0 0 0 1024 0 0 0 0 0 0 0 1024 
0 0 0 0 0 0 40 984 0 0 0 0 0 0 0 1024 0 0 0 0 0 0 0 1024 
0 0 0 0 0 0 104 888 0 0 0 0 0 0 1 991 0 0 0 0 0 0 0 992 
563 459 2 0 0 0 0 0 585 438 1 0 0 0 0 0 883 141 0 0 0 0 0 0 
934 90 0 0 0 0 0 0 919 105 0 0 0 0 0 0 997 27 0 0 0 0 0 0 
805 216 3 0 0 0 0 0 770 250 4 0 0 0 0 0 973 51 0 0 0 0 0 0 
802 221 1 0 0 0 0 0 749 271 4 0 0 0 0 0 978 46 0 0 0 0 0 0 
385 409 147 53 27 3 0 0 366 385 189 55 28 1 0 0 860 127 33 4 0 0 0 0 
333 434 170 65 21 1 0 0 309 428 197 68 21 1 0 0 816 167 37 4 0 0 0 0 
345 300 307 66 6 0 0 0 334 344 278 61 7 0 0 0 839 160 22 3 0 0 0 0 
319 155 287 204 57 2 0 0 312 129 273 229 72 9 0 0 595 284 119 25 1 0 0 0 
42 227 436 233 72 14 0 0 38 184 412 288 82 20 0 0 515 374 107 25 3 0 0 0 
79 338 347 183 70 7 0 0 57 283 361 224 86 13 0 0 557 325 106 36 0 0 0 0 
34 224 440 293 33 0 0 0 29 179 377 376 60 3 0 0 495 460 63 6 0 0 0 0 
28 197 508 272 19 0 0 0 17 170 459 336 41 1 0 0 542 441 41 0 0 0 0 0 
5 175 500 301 41 2 0 0 6 159 439 350 67 3 0 0 529 419 71 5 0 0 0 0 
55 336 482 142 9 0 0 0 42 275 458 224 25 0 0 0 679 318 26 1 0 0 0 0 
77 446 409 89 3 0 0 0 63 398 440 119 4 0 0 0 709 287 28 0 0 0 0 0 
20 368 477 147 12 0 0 0 14 320 483 188 19 0 0 0 636 351 35 2 0 0 0 0 
12 257 534 209 12 0 0 0 6 192 491 309 26 0 0 0 487 491 46 0 0 0 0 0 
15 289 419 259 42 0 0 0 19 264 386 293 61 1 0 0 397 486 132 9 0 0 0 0 
0 181 458 312 72 1 0 0 0 115 430 366 108 5 0 0 265 591 149 19 0 0 0 0 
0 7 175 418 201 126 41 56 0 7 112 428 232 132 39 74 47 339 188 159 114 87 19 71 
0 26 181 220 77 44 55 421 0 16 141 260 86 43 48 430 62 245 107 62 38 32 39 439 
2 68 212 205 93 48 42 354 2 36 196 247 104 45 34 360 115 271 123 53 42 28 26 366 
0 9 127 248 156 40 31 413 0 1 101 259 174 44 32 413 43 212 191 79 34 25 28 412 
0 0 17 141 66 33 36 731 0 0 8 129 83 35 36 733 0 19 112 62 39 32 31 729 
0 1 2 3 7 11 5 995 0 1 2 3 7 11 5 995 0 1 2 3 7 11 5 995 
0 0 0 0 0 0 0 1024 0 0 0 0 0 0 0 1024 0 0 0 0 0 0 0 1024 
0 0 0 0 0 0 0 1024 0 0 0 0 0 0 0 1024 0 0 0 0 0 0 0 1024 
0 0 0 0 0 0 0 1024 0 0 0 0 0 0 0 1024 0 0 0 0 0 0 0 1024 
0 0 0 0 0 0 2 1022 0 0 0 0 0 0 2 1022 0 0 0 0 0 0 2 1022 
0 0 0 0 0 0 17 1007 0 0 0 0 0 0 17 1007 0 0 0 0 0 0 12 1012 
0 0 0 0 0 11 94 919 0 0 0 0 0 9 64 951 0 0 0 0 0 4 46 974 
0 0 0 0 0 33 275 716 0 0 0 0 0 15 200 809 0 0 0 0 0 10 119 895 
0 0 0 9 5 87 316 607 0 0 0 3 11 27 216 767 0 0 0 3 11 11 141 858 
0 0 0 0 1 11 147 865 0 0 0 0 0 5 55 964 0 0 0 0 0 3 31 990 
0 0 0 0 0 0 138 886 0 0 0 0 0 0 1 1023 0 0 0 0 0 0 0 1024 
0 0 0 0 0 0 62 962 0 0 0 0 0 0 13 1011 0 0 0 0 0 0 8 1016 
0 0 0 0 0 0 6 1018 0 0 0 0 0 0 2 1022 0 0 0 0 0 0 1 1023 
0 0 0 0 0 0 27 965 0 0 0 0 0 0 5 987 0 0 0 0 0 0 2 990 
481 535 7 1 0 0 0 0 447 568 8 1 0 0 0 0 883 137 4 0 0 0 0 0 
613 385 25 1 0 0 0 0 621 370 30 3 0 0 0 0 887 128 9 0 0 0 0 0 
685 221 63 50 5 0 0 0 670 232 61 54 7 0 0 0 838 159 21 6 0 0 0 0 
228 498 263 32 3 0 0 0 231 497 255 38 3 0 0 0 851 147 24 2 0 0 0 0 
34 477 344 130 37 2 0 0 27 457 355 144 37 4 0 0 805 173 43 2 1 0 0 0 
65 516 336 94 13 0 0 0 60 491 352 102 19 0 0 0 858 137 27 2 0 0 0 0 
408 393 178 38 7 0 0 0 394 345 232 46 7 0 0 0 860 131 31 2 0 0 0 0 
37 415 426 117 27 2 0 0 37 377 426 150 31 3 0 0 691 283 46 4 0 0 0 0 
29 233 577 171 14 0 0 0 24 218 555 201 25 1 0 0 688 303 31 2 0 0 0 0 
69 384 431 136 4 0 0 0 63 341 442 171 7 0 0 0 682 319 22 1 0 0 0 0 
16 335 489 166 17 1 0 0 10 286 470 233 23 2 0 0 617 356 43 8 0 0 0 0 
79 380 395 149 15 4 2 0 63 327 406 194 26 6 2 0 652 316 47 5 2 2 0 0 
227 474 233 86 4 0 0 0 213 449 238 109 15 0 0 0 757 248 18 1 0 0 0 0 
137 455 342 83 7 0 0 0 91 423 373 128 9 0 0 0 702 304 18 0 0 0 0 0 
434 443 130 17 0 0 0 0 377 431 190 24 2 0 0 0 880 136 8 0 0 0 0 0 
522 358 131 13 0 0 0 0 474 355 169 25 1 0 0 0 850 168 6 0 0 0 0 0 
338 520 163 3 0 0 0 0 308 477 233 6 0 0 0 0 846 177 1 0 0 0 0 0 
303 303 287 110 20 1 0 0 272 280 285 152 34 1 0 0 651 299 62 11 1 0 0 0 
94 412 402 105 11 0 0 0 96 368 417 131 11 1 0 0 519 455 48 2 0 0 0 0 
17 352 386 226 43 0 0 0 9 289 384 251 90 1 0 0 422 480 118 4 0 0 0 0 
13 284 375 257 76 19 0 0 9 220 369 289 111 25 1 0 349 456 174 40 5 0 0 0 
90 255 296 303 73 7 0 0 64 230 273 343 104 10 0 0 414 417 171 20 2 0 0 0 
1 110 399 393 112 9 0 0 0 80 378 398 156 12 0 0 337 469 194 24 0 0 0 0 
22 179 376 367 75 3 2 0 14 145 362 398 99 4 2 0 291 495 211 21 3 1 2 0 
13 156 357 315 75 14 21 73 5 126 325 371 87 22 17 71 163 371 295 74 18 17 14 72 
9 54 239 158 67 36 20 441 9 43 195 209 77 36 18 437 24 237 165 63 51 30 15 439 
0 1 46 89 28 24 25 811 0 1 47 87 32 22 24 811 0 39 76 34 20 23 15 817 
0 0 0 1 4 4 11 1004 0 0 0 1 4 4 11 1004 0 0 0 1 4 4 11 1004 
0 0 0 0 0 1 52 971 0 0 0 0 0 1 38 985 0 0 0 0 0 1 26 997 
0 0 0 0 0 2 237 785 0 0 0 0 0 0 59 965 0 0 0 0 0 0 33 991 
0 0 0 0 0 1 74 949 0 0 0 0 0 0 32 992 0 0 0 0 0 0 11 1013 
0 0 0 0 4 54 315 651 0 0 0 0 0 27 148 849 0 0 0 0 0 14 99 911 
0 0 0 0 0 27 406 591 0 0 0 0 0 5 148 871 0 0 0 0 0 0 69 955 
0 0 0 0 0 12 338 674 0 0 0 0 0 0 146 878 0 0 0 0 0 0 88 936 
0 0 0 0 0 8 209 807 0 0 0 0 0 0 90 934 0 0 0 0 0 0 54 970 
0 0 0 0 2 118 224 680 0 0 0 0 0 49 218 757 0 0 0 0 0 9 192 823 
0 0 0 0 66 289 183 486 0 0 0 0 0 124 357 543 0 0 0 0 0 59 373 592 
0 0 0 0 71 303 251 367 0 0 0 0 0 133 384 475 0 0 0 0 0 73 390 529 
262 427 297 37 1 0 0 0 252 371 348 51 2 0 0 0 711 273 40 0 0 0 0 0 
164 564 247 47 2 0 0 0 96 560 276 86 6 0 0 0 733 255 33 3 0 0 0 0 
161 701 142 17 3 0 0 0 126 673 192 27 6 0 0 0 870 138 13 3 0 0 0 0 
295 505 165 44 15 0 0 0 274 520 159 56 15 0 0 0 912 97 15 0 0 0 0 0 
428 465 73 46 12 0 0 0 346 532 97 38 11 0 0 0 935 78 11 0 0 0 0 0 
286 584 105 43 6 0 0 0 238 613 119 47 7 0 0 0 914 94 15 1 0 0 0 0 
319 607 87 6 5 0 0 0 276 603 129 10 4 2 0 0 978 38 8 0 0 0 0 0 
344 461 188 30 1 0 0 0 333 456 201 32 2 0 0 0 936 83 5 0 0 0 0 0 
503 330 175 15 1 0 0 0 498 332 183 10 1 0 0 0 917 99 7 0 1 0 0 0 
726 238 52 8 0 0 0 0 709 246 59 10 0 0 0 0 924 88 12 0 0 0 0 0 
352 433 220 19 0 0 0 0 312 418 262 32 0 0 0 0 864 154 6 0 0 0 0 0 
364 390 217 46 7 0 0 0 298 367 282 65 11 1 0 0 819 181 19 5 0 0 0 0 
277 216 306 189 34 1 1 0 257 216 265 234 48 3 1 0 675 315 31 2 1 0 0 0 
186 373 337 109 18 1 0 0 143 329 360 169 21 2 0 0 722 268 27 7 0 0 0 0 
629 277 84 30 4 0 0 0 606 264 103 44 7 0 0 0 912 91 20 1 0 0 0 0 
470 101 170 196 73 13 1 0 457 106 133 215 92 18 2 1 650 224 116 27 6 1 0 0 
583 243 103 74 20 1 0 0 559 256 101 73 33 2 0 0 833 152 36 3 0 0 0 0 
159 563 262 35 5 0 0 0 115 525 308 69 7 0 0 0 693 302 26 3 0 0 0 0 
36 414 430 117 25 2 0 0 25 363 472 131 29 4 0 0 585 370 59 10 0 0 0 0 
13 282 470 228 29 2 0 0 6 246 450 274 46 2 0 0 537 422 59 6 0 0 0 0 
33 362 401 199 25 4 0 0 30 325 394 230 41 2 2 0 519 419 79 4 3 0 0 0 
8 235 547 189 40 5 0 0 7 182 540 240 46 9 0 0 504 428 80 12 0 0 0 0 
35 326 446 202 13 2 0 0 17 256 473 258 17 3 0 0 561 423 36 4 0 0 0 0 
47 265 489 188 32 3 0 0 31 233 461 250 44 5 0 0 473 453 84 13 1 0 0 0 
34 410 412 150 16 2 0 0 16 394 401 184 26 3 0 0 353 490 153 25 3 0 0 0 
26 289 364 177 84 45 21 18 22 273 363 187 86 50 21 22 132 388 232 112 83 40 18 19 
4 135 415 287 90 28 31 34 5 98 413 310 94 39 29 36 64 398 325 88 54 34 26 35 
0 103 255 257 89 32 28 260 0 55 267 290 96 32 29 255 62 270 248 93 34 30 28 259 
0 18 60 145 77 44 81 599 0 9 66 169 60 39 40 641 2 41 104 114 49 36 41 637 
0 0 1 11 13 6 9 984 0 0 1 15 13 2 9 984 0 0 4 12 13 3 9 983 
0 0 0 0 0 0 38 986 0 0 0 0 0 0 25 999 0 0 0 0 0 0 11 1013 
0 0 0 0 0 9 65 950 0 0 0 0 0 0 41 983 0 0 0 0 0 0 22 1002 
0 0 0 0 0 14 152 858 0 0 0 0 0 5 57 962 0 0 0 0 0 4 37 983 
0 0 0 0 27 425 435 137 0 0 0 0 0 63 618 343 0 0 0 0 0 36 536 452 
0 0 0 0 0 240 428 356 0 0 0 0 0 45 413 566 0 0 0 0 0 8 332 684 
0 0 0 0 0 112 616 296 0 0 0 0 0 5 344 675 0 0 0 0 0 1 225 798 
0 0 0 0 10 312 528 174 0 0 0 0 0 1 570 453 0 0 0 0 0 0 428 596 
0 0 0 0 13 304 494 181 0 0 0 0 0 13 485 494 0 0 0 0 0 7 395 590 
123 807 94 0 0 0 0 0 70 822 130 2 0 0 0 0 905 118 1 0 0 0 0 0 
492 481 49 2 0 0 0 0 430 522 68 4 0 0 0 0 896 125 3 0 0 0 0 0 
81 616 267 59 1 0 0 0 63 618 276 66 1 0 0 0 857 164 3 0 0 0 0 0 
426 354 177 60 7 0 0 0 383 384 183 63 11 0 0 0 898 102 21 3 0 0 0 0 
465 433 125 1 0 0 0 0 440 432 149 3 0 0 0 0 917 105 2 0 0 0 0 0 
730 220 55 18 1 0 0 0 692 243 63 22 4 0 0 0 947 68 9 0 0 0 0 0 
742 243 33 6 0 0 0 0 720 259 38 6 1 0 0 0 960 61 3 0 0 0 0 0 
418 452 125 23 5 1 0 0 427 448 116 26 6 1 0 0 901 110 12 1 0 0 0 0 
455 361 190 18 0 0 0 0 451 354 195 24 0 0 0 0 861 142 20 1 0 0 0 0 
352 278 279 96 19 0 0 0 344 251 280 126 23 0 0 0 766 212 40 6 0 0 0 0 
43 281 474 198 28 0 0 0 41 240 439 260 44 0 0 0 627 331 64 2 0 0 0 0 
230 377 307 106 4 0 0 0 220 355 330 111 8 0 0 0 775 218 31 0 0 0 0 0 
157 393 341 130 3 0 0 0 159 346 364 145 10 0 0 0 692 299 33 0 0 0 0 0 
42 373 399 172 34 4 0 0 35 321 409 203 47 9 0 0 634 317 62 10 1 0 0 0 
41 312 461 178 32 0 0 0 43 262 431 237 49 2 0 0 629 336 53 6 0 0 0 0 
69 421 384 124 24 2 0 0 48 388 389 169 28 1 1 0 676 295 45 6 2 0 0 0 
75 343 381 168 54 3 0 0 56 300 404 195 64 4 1 0 605 335 72 11 1 0 0 0 
97 426 311 148 38 3 1 0 80 395 312 187 46 3 1 0 504 423 83 13 1 0 0 0 
96 469 321 121 17 0 0 0 73 444 337 144 26 0 0 0 666 320 37 1 0 0 0 0 
25 228 368 344 59 0 0 0 21 192 325 381 104 1 0 0 505 417 98 4 0 0 0 0 
83 370 328 192 45 6 0 0 74 328 336 227 50 9 0 0 555 365 93 10 1 0 0 0 
139 589 258 36 2 0 0 0 99 559 308 55 3 0 0 0 737 271 15 1 0 0 0 0 
481 354 147 40 2 0 0 0 473 329 162 58 1 1 0 0 821 176 26 1 0 0 0 0 
497 382 102 38 5 0 0 0 461 359 153 37 14 0 0 0 832 163 27 2 0 0 0 0 
300 324 189 97 53 31 21 9 276 307 204 100 63 35 24 15 463 294 86 56 60 26 22 17 
339 258 138 90 86 51 34 28 320 260 143 79 85 63 35 39 355 244 126 76 87 62 34 40 
264 416 267 71 4 2 0 0 261 415 246 95 5 2 0 0 360 498 152 9 3 2 0 0 
217 307 348 132 19 1 0 0 213 258 364 156 32 1 0 0 342 476 171 28 6 1 0 0 
198 222 392 165 23 13 8 3 189 183 390 207 27 13 10 5 244 488 234 27 16 6 7 2 
245 82 217 228 75 39 28 110 238 84 200 230 86 47 28 111 280 184 237 102 48 35 30 108 
287 51 90 75 45 23 77 376 287 42 83 80 43 32 52 405 292 71 87 50 41 28 34 421 
152 7 6 13 12 34 97 703 151 7 5 13 14 11 55 768 151 8 4 11 15 9 59 767 
75 5 3 3 5 27 252 654 74 6 2 5 4 7 119 807 73 7 1 6 4 3 88 842 
196 11 13 16 13 104 286 385 191 14 14 12 15 24 215 539 189 15 13 13 15 17 154 608 
208 14 16 27 67 338 294 60 207 10 13 34 9 102 420 229 205 7 17 28 12 80 378 297 
158 10 10 5 80 580 174 7 152 12 5 9 19 146 595 86 152 10 7 9 13 102 610 121 
0 0 0 0 10 437 516 61 0 0 0 0 0 28 591 405 0 0 0 0 0 7 505 512 
0 0 0 0 0 302 623 67 0 0 0 0 0 1 545 446 0 0 0 0 0 1 426 565 
736 269 19 0 0 0 0 0 669 333 20 2 0 0 0 0 958 62 4 0 0 0 0 0 
627 306 64 25 2 0 0 0 588 330 79 25 2 0 0 0 931 86 6 1 0 0 0 0 
336 632 52 4 0 0 0 0 276 667 74 7 0 0 0 0 974 48 2 0 0 0 0 0 
280 511 198 35 0 0 0 0 254 521 210 38 1 0 0 0 901 113 10 0 0 0 0 0 
589 363 63 8 1 0 0 0 559 395 60 9 1 0 0 0 917 93 12 2 0 0 0 0 
322 577 122 3 0 0 0 0 332 555 135 2 0 0 0 0 960 63 1 0 0 0 0 0 
394 414 193 22 1 0 0 0 392 422 183 23 4 0 0 0 921 93 9 1 0 0 0 0 
380 397 205 40 2 0 0 0 372 420 185 46 1 0 0 0 864 154 6 0 0 0 0 0 
660 299 62 3 0 0 0 0 636 310 76 2 0 0 0 0 943 76 5 0 0 0 0 0 
515 406 96 7 0 0 0 0 472 415 123 14 0 0 0 0 866 146 12 0 0 0 0 0 
261 530 200 30 3 0 0 0 265 510 205 40 4 0 0 0 787 221 15 1 0 0 0 0 
215 387 291 116 15 0 0 0 181 384 304 136 19 0 0 0 692 276 53 3 0 0 0 0 
506 374 130 14 0 0 0 0 463 369 162 30 0 0 0 0 862 156 6 0 0 0 0 0 
154 564 252 48 6 0 0 0 115 521 307 75 6 0 0 0 794 207 22 1 0 0 0 0 
261 532 208 23 0 0 0 0 246 517 228 33 0 0 0 0 820 193 11 0 0 0 0 0 
409 371 191 40 9 4 0 0 390 356 206 49 18 5 0 0 841 148 17 12 6 0 0 0 
29 292 423 243 34 3 0 0 25 242 422 275 57 3 0 0 535 384 91 14 0 0 0 0 
51 456 349 135 30 3 0 0 44 410 370 158 39 3 0 0 694 272 55 3 0 0 0 0 
136 397 416 74 1 0 0 0 115 312 470 125 2 0 0 0 812 206 6 0 0 0 0 0 
76 346 389 175 34 4 0 0 74 338 354 202 50 6 0 0 668 278 68 10 0 0 0 0 
18 288 499 201 18 0 0 0 10 245 482 259 27 1 0 0 595 369 59 1 0 0 0 0 
172 377 254 189 30 2 0 0 122 401 233 227 36 5 0 0 615 361 41 7 0 0 0 0 
495 469 55 5 0 0 0 0 427 501 89 6 1 0 0 0 874 144 6 0 0 0 0 0 
335 407 240 35 6 1 0 0 299 377 287 52 8 1 0 0 791 201 23 7 2 0 0 0 
96 345 424 132 26 1 0 0 70 260 428 229 30 7 0 0 596 356 57 15 0 0 0 0 
281 248 330 95 22 21 14 13 274 212 341 125 24 21 13 14 615 245 80 26 13 19 13 13 
218 330 317 136 20 2 1 0 204 327 305 150 35 2 1 0 546 322 134 15 4 2 0 1 
202 514 257 49 2 0 0 0 182 479 276 84 3 0 0 0 514 437 68 5 0 0 0 0 
206 309 373 93 28 7 5 3 200 259 391 126 29 11 4 4 374 468 118 25 24 7 5 3 
197 263 368 141 35 7 6 7 192 259 351 174 28 5 8 7 342 422 180 38 23 5 6 8 
167 76 356 296 56 35 21 17 162 57 314 344 73 35 20 19 226 352 263 74 45 26 19 19 
158 63 145 131 59 50 43 375 159 41 167 142 55 43 35 382 160 146 134 69 48 45 39 383 
106 9 9 49 39 39 185 588 106 8 10 52 39 36 89 684 106 8 22 47 30 32 64 715 
198 16 10 8 17 27 232 516 196 9 17 8 12 16 88 678 196 8 16 9 12 15 49 719 
194 9 7 22 24 20 267 481 191 10 6 24 10 26 78 679 189 12 6 21 13 25 43 715 
268 18 13 16 20 131 288 270 265 17 14 11 17 27 199 474 264 17 15 10 17 29 169 503 
0 0 0 0 0 78 518 428 0 0 0 0 0 0 197 827 0 0 0 0 0 0 120 904 
0 0 0 0 0 51 516 425 0 0 0 0 0 0 153 839 0 0 0 0 0 0 92 900 
973 51 0 0 0 0 0 0 934 90 0 0 0 0 0 0 1015 9 0 0 0 0 0 0 
496 498 29 1 0 0 0 0 463 525 35 1 0 0 0 0 988 36 0 0 0 0 0 0 
669 331 24 0 0 0 0 0 637 358 29 0 0 0 0 0 998 26 0 0 0 0 0 0 
696 247 66 12 2 1 0 0 685 269 56 11 2 1 0 0 912 96 9 5 2 0 0 0 
514 359 131 19 1 0 0 0 513 373 122 15 1 0 0 0 856 151 16 1 0 0 0 0 
691 228 89 15 1 0 0 0 674 245 91 13 1 0 0 0 897 108 18 1 0 0 0 0 
680 226 86 23 5 3 0 1 666 221 99 28 6 3 0 1 876 123 16 5 3 0 1 0 
420 424 171 9 0 0 0 0 444 396 174 10 0 0 0 0 852 153 18 1 0 0 0 0 
368 304 297 50 4 1 0 0 376 331 277 34 5 1 0 0 863 138 18 4 1 0 0 0 
603 385 34 2 0 0 0 0 537 432 53 1 1 0 0 0 939 77 7 1 0 0 0 0 
350 457 193 24 0 0 0 0 311 450 230 32 1 0 0 0 860 154 10 0 0 0 0 0 
331 463 168 56 6 0 0 0 318 452 182 63 8 1 0 0 808 187 26 3 0 0 0 0 
613 295 101 15 0 0 0 0 577 282 139 25 1 0 0 0 901 114 8 1 0 0 0 0 
484 370 144 25 1 0 0 0 436 386 163 38 1 0 0 0 834 158 31 1 0 0 0 0 
383 425 167 46 3 0 0 0 339 388 230 57 10 0 0 0 863 132 28 1 0 0 0 0 
172 437 290 93 27 5 0 0 140 411 318 119 31 5 0 0 722 224 54 18 6 0 0 0 
152 488 305 76 2 1 0 0 148 459 315 97 4 1 0 0 772 228 22 2 0 0 0 0 
213 542 219 48 2 0 0 0 180 523 251 66 4 0 0 0 794 206 24 0 0 0 0 0 
324 368 228 85 16 3 0 0 283 353 246 115 21 6 0 0 761 217 37 9 0 0 0 0 
90 426 352 121 23 12 0 0 89 381 349 163 28 14 0 0 681 288 39 15 1 0 0 0 
104 498 343 73 5 1 0 0 74 471 376 93 9 1 0 0 762 230 30 2 0 0 0 0 
101 469 354 81 16 3 0 0 72 432 388 100 29 3 0 0 674 297 43 9 1 0 0 0 
461 421 101 32 9 0 0 0 404 449 114 40 14 3 0 0 849 140 25 9 1 0 0 0 
233 624 143 15 9 0 0 0 162 617 205 30 10 0 0 0 842 155 20 7 0 0 0 0 
118 468 326 86 25 1 0 0 75 405 367 140 31 6 0 0 674 266 71 13 0 0 0 0 
131 557 272 58 6 0 0 0 81 495 359 82 7 0 0 0 793 202 27 2 0 0 0 0 
119 655 204 40 5 1 0 0 93 594 280 51 5 1 0 0 686 292 36 8 1 1 0 0 
13 328 486 176 20 1 0 0 5 283 492 214 29 1 0 0 360 531 125 8 0 0 0 0 
16 562 387 53 6 0 0 0 10 485 442 79 8 0 0 0 529 429 60 6 0 0 0 0 
17 527 402 59 12 5 1 1 12 513 398 81 13 5 1 1 336 543 109 20 9 6 1 0 
7 372 514 129 2 0 0 0 2 288 513 214 7 0 0 0 244 677 98 5 0 0 0 0 
23 377 431 120 28 21 13 11 21 328 455 146 30 18 14 12 171 548 207 39 19 18 10 12 
9 191 517 259 25 2 8 13 3 140 481 343 33 4 7 13 120 558 280 40 4 3 6 13 
0 36 104 53 25 23 50 733 0 19 100 60 31 22 41 751 12 90 51 41 25 19 39 747 
0 0 0 0 0 0 50 974 0 0 0 0 0 0 8 1016 0 0 0 0 0 0 6 1018 
0 0 0 0 0 0 106 918 0 0 0 0 0 0 14 1010 0 0 0 0 0 0 1 1023 
0 0 0 0 0 2 386 636 0 0 0 0 0 0 86 938 0 0 0 0 0 0 27 997 
0 0 0 0 0 3 348 641 0 0 0 0 0 0 70 922 0 0 0 0 0 0 27 965 
921 71 0 0 0 0 0 0 880 112 0 0 0 0 0 0 982 10 0 0 0 0 0 0 
519 445 27 1 0 0 0 0 479 481 31 1 0 0 0 0 960 32 0 0 0 0 0 0 
673 303 16 0 0 0 0 0 644 327 21 0 0 0 0 0 975 17 0 0 0 0 0 0 
704 228 45 12 2 1 0 0 691 241 46 11 2 1 0 0 889 87 9 5 2 0 0 0 
556 321 99 15 1 0 0 0 557 324 96 14 1 0 0 0 839 137 15 1 0 0 0 0 
638 221 112 19 2 0 0 0 636 236 101 18 1 0 0 0 859 112 20 1 0 0 0 0 
663 205 97 18 5 3 0 1 651 212 96 23 6 3 0 1 861 109 13 5 3 0 1 0 
434 410 137 11 0 0 0 0 454 381 146 11 0 0 0 0 833 144 13 2 0 0 0 0 
317 325 295 50 4 1 0 0 327 352 273 34 5 1 0 0 823 145 19 4 1 0 0 0 
620 340 30 2 0 0 0 0 563 381 46 1 1 0 0 0 918 66 7 1 0 0 0 0 
314 456 200 22 0 0 0 0 274 445 242 30 1 0 0 0 856 132 4 0 0 0 0 0 
352 484 131 22 3 0 0 0 346 475 140 28 2 1 0 0 819 160 11 2 0 0 0 0 
550 332 99 11 0 0 0 0 519 308 146 18 1 0 0 0 876 108 7 1 0 0 0 0 
460 344 159 28 1 0 0 0 414 355 179 42 2 0 0 0 798 162 31 1 0 0 0 0 
312 420 210 47 3 0 0 0 287 346 289 60 10 0 0 0 815 148 28 1 0 0 0 0 
152 426 297 87 25 5 0 0 113 402 328 116 28 5 0 0 706 211 53 17 5 0 0 0 
194 475 266 54 2 1 0 0 186 450 279 72 4 1 0 0 770 204 16 2 0 0 0 0 
219 540 196 35 2 0 0 0 177 528 238 45 4 0 0 0 790 177 24 1 0 0 0 0 
324 366 209 77 14 2 0 0 285 354 224 106 19 4 0 0 747 204 35 6 0 0 0 0 
129 448 310 77 16 12 0 0 121 412 324 104 17 14 0 0 697 252 27 15 1 0 0 0 
106 483 330 68 4 1 0 0 71 466 361 85 8 1 0 0 746 215 29 2 0 0 0 0 
77 421 394 81 16 3 0 0 53 375 431 101 29 3 0 0 640 299 43 9 1 0 0 0 
375 420 142 45 10 0 0 0 323 428 164 57 17 3 0 0 805 145 32 9 1 0 0 0 
194 583 174 31 10 0 0 0 131 558 244 48 11 0 0 0 794 161 30 7 0 0 0 0 
129 490 274 75 23 1 0 0 88 438 317 116 27 6 0 0 685 231 64 12 0 0 0 0 
147 557 241 42 5 0 0 0 95 525 313 54 5 0 0 0 788 181 22 1 0 0 0 0 
118 632 196 38 4 3 1 0 100 581 257 46 5 3 0 0 665 275 37 9 3 3 0 0 
8 293 495 175 20 1 0 0 2 248 504 208 29 1 0 0 359 511 114 8 0 0 0 0 
19 542 373 50 8 0 0 0 17 473 419 75 8 0 0 0 537 393 53 9 0 0 0 0 
18 514 395 49 9 5 1 1 10 500 398 67 10 5 1 1 342 525 94 17 7 6 1 0 
8 425 451 108 0 0 0 0 3 344 456 185 4 0 0 0 239 670 81 2 0 0 0 0 
23 373 430 108 23 14 11 10 20 352 435 125 26 12 12 10 173 562 177 35 14 11 9 11 
28 236 496 204 18 1 4 5 9 189 464 292 27 2 4 5 150 586 217 27 3 0 4 5 
0 38 132 57 33 24 48 660 0 19 121 72 39 23 39 679 12 105 67 44 32 20 40 672 
0 0 0 0 0 0 11 981 0 0 0 0 0 0 0 992 0 0 0 0 0 0 0 992 
0 0 0 0 0 0 70 922 0 0 0 0 0 0 8 984 0 0 0 0 0 0 1 991 
0 0 0 0 0 1 299 692 0 0 0 0 0 0 57 935 0 0 0 0 0 0 20 972 
0 0 0 0 0 1 305 655 0 0 0 0 0 0 41 920 0 0 0 0 0 0 18 943 
