0 26 569 89 277 63 0 0 4 474 145 130 261 10 0 0 438 177 103 281 25 0 0 0 
2 250 771 1 0 0 0 0 36 905 83 0 0 0 0 0 829 195 0 0 0 0 0 0 
1 266 739 18 0 0 0 0 39 729 253 2 1 0 0 0 609 409 3 1 2 0 0 0 
91 347 456 123 7 0 0 0 150 664 43 159 8 0 0 0 575 226 40 46 118 19 0 0 
155 230 256 367 15 1 0 0 152 228 113 474 57 0 0 0 138 213 100 94 360 119 0 0 
0 18 431 575 0 0 0 0 1 15 17 967 24 0 0 0 0 9 17 14 696 288 0 0 
0 0 476 548 0 0 0 0 0 0 0 973 51 0 0 0 0 0 0 0 466 558 0 0 
0 1 415 556 16 4 0 0 0 7 12 908 65 0 0 0 4 13 11 9 390 565 0 0 
0 51 682 106 183 2 0 0 0 704 44 174 102 0 0 0 676 59 137 151 1 0 0 0 
0 251 773 0 0 0 0 0 40 973 11 0 0 0 0 0 923 101 0 0 0 0 0 0 
0 107 910 7 0 0 0 0 15 896 113 0 0 0 0 0 722 302 0 0 0 0 0 0 
32 325 667 0 0 0 0 0 144 880 0 0 0 0 0 0 947 77 0 0 0 0 0 0 
141 286 584 13 0 0 0 0 231 752 28 7 6 0 0 0 624 379 4 4 5 8 0 0 
117 345 254 308 0 0 0 0 224 385 89 131 195 0 0 0 353 312 24 27 49 259 0 0 
0 118 307 413 116 68 2 0 4 355 82 134 434 14 1 0 100 322 85 123 56 338 0 0 
3 80 338 232 216 120 3 0 6 214 254 183 314 20 1 0 57 380 164 234 50 107 0 0 
0 84 661 163 116 0 0 0 0 555 216 209 44 0 0 0 418 329 168 109 0 0 0 0 
0 18 986 20 0 0 0 0 0 819 205 0 0 0 0 0 393 631 0 0 0 0 0 0 
0 94 866 64 0 0 0 0 0 836 188 0 0 0 0 0 700 324 0 0 0 0 0 0 
0 198 826 0 0 0 0 0 15 1003 6 0 0 0 0 0 1007 17 0 0 0 0 0 0 
0 28 993 3 0 0 0 0 0 984 40 0 0 0 0 0 904 120 0 0 0 0 0 0 
227 200 597 0 0 0 0 0 337 670 17 0 0 0 0 0 887 136 1 0 0 0 0 0 
73 383 568 0 0 0 0 0 124 868 32 0 0 0 0 0 600 424 0 0 0 0 0 0 
0 279 712 1 0 0 0 0 16 859 117 0 0 0 0 0 456 536 0 0 0 0 0 0 
0 52 961 10 1 0 0 0 0 748 270 6 0 0 0 0 211 801 11 1 0 0 0 0 
0 49 975 0 0 0 0 0 0 986 38 0 0 0 0 0 875 149 0 0 0 0 0 0 
0 211 812 1 0 0 0 0 0 1012 12 0 0 0 0 0 964 60 0 0 0 0 0 0 
0 507 517 0 0 0 0 0 70 952 2 0 0 0 0 0 1001 23 0 0 0 0 0 0 
0 174 850 0 0 0 0 0 15 972 37 0 0 0 0 0 919 105 0 0 0 0 0 0 
0 92 922 10 0 0 0 0 13 850 161 0 0 0 0 0 722 302 0 0 0 0 0 0 
356 452 216 0 0 0 0 0 468 556 0 0 0 0 0 0 935 89 0 0 0 0 0 0 
221 419 352 0 0 0 0 0 325 629 38 0 0 0 0 0 845 147 0 0 0 0 0 0 
0 4 1020 0 0 0 0 0 0 949 75 0 0 0 0 0 476 548 0 0 0 0 0 0 
0 167 857 0 0 0 0 0 5 971 48 0 0 0 0 0 747 277 0 0 0 0 0 0 
0 395 605 4 1 19 0 0 0 999 0 5 1 1 18 0 831 168 0 4 1 1 3 16 
0 251 366 12 12 383 0 0 6 600 11 10 5 37 355 0 419 189 8 8 6 6 94 294 
0 450 363 12 13 186 0 0 26 765 25 11 7 24 166 0 616 190 15 6 8 7 51 131 
6 692 326 0 0 0 0 0 228 794 2 0 0 0 0 0 976 48 0 0 0 0 0 0 
165 823 36 0 0 0 0 0 621 403 0 0 0 0 0 0 1011 13 0 0 0 0 0 0 
395 592 5 0 0 0 0 0 750 242 0 0 0 0 0 0 943 49 0 0 0 0 0 0 
0 109 915 0 0 0 0 0 5 987 32 0 0 0 0 0 848 176 0 0 0 0 0 0 
0 321 703 0 0 0 0 0 17 1006 1 0 0 0 0 0 983 41 0 0 0 0 0 0 
0 101 392 9 8 142 331 41 1 481 12 8 6 8 227 281 256 226 10 8 6 6 9 503 
0 0 0 0 0 418 587 19 0 0 0 0 0 0 596 428 0 0 0 0 0 0 0 1024 
0 53 27 38 86 404 416 0 0 66 23 57 80 63 478 257 44 39 37 90 64 17 15 718 
38 837 57 17 16 42 17 0 337 581 19 20 16 46 5 0 821 114 21 19 47 2 0 0 
83 663 180 7 6 13 71 1 316 591 22 7 5 57 26 0 554 373 9 6 61 21 0 0 
66 876 49 1 0 0 0 0 325 664 3 0 0 0 0 0 657 334 1 0 0 0 0 0 
0 526 497 1 0 0 0 0 29 993 2 0 0 0 0 0 1000 23 1 0 0 0 0 0 
0 809 215 0 0 0 0 0 61 963 0 0 0 0 0 0 1001 23 0 0 0 0 0 0 
0 143 115 191 111 22 72 370 0 251 10 9 276 32 65 381 157 95 8 8 52 246 66 392 
0 0 0 350 77 20 101 476 0 0 0 0 410 31 91 492 0 0 0 0 142 288 105 489 
0 0 0 375 73 84 349 143 0 0 0 18 427 108 296 175 0 0 4 30 300 269 172 249 
0 2 7 24 45 676 263 7 0 5 15 28 146 770 60 0 4 15 31 195 724 55 0 0 
1 123 19 18 116 304 443 0 23 111 10 71 154 584 71 0 96 48 52 163 620 45 0 0 
85 431 51 23 128 212 62 0 176 377 18 80 162 174 5 0 362 207 59 176 184 4 0 0 
0 891 133 0 0 0 0 0 192 832 0 0 0 0 0 0 1022 2 0 0 0 0 0 0 
5 980 39 0 0 0 0 0 409 615 0 0 0 0 0 0 1019 5 0 0 0 0 0 0 
0 116 14 267 317 259 21 30 9 111 11 12 767 67 19 28 107 16 10 30 562 251 20 28 
0 0 0 282 389 317 31 5 0 0 0 2 844 142 33 3 0 0 0 47 741 199 33 4 
0 0 0 174 306 424 81 39 0 0 0 7 688 239 73 17 0 0 0 83 681 219 27 14 
0 0 0 0 21 688 303 12 0 0 0 2 214 731 77 0 0 0 2 223 724 75 0 0 
4 16 46 70 232 529 127 0 13 25 47 145 332 456 6 0 24 50 130 343 473 4 0 0 
28 24 63 132 246 381 118 0 41 35 82 198 285 335 16 0 54 81 191 326 326 14 0 0 
40 960 24 0 0 0 0 0 750 274 0 0 0 0 0 0 1024 0 0 0 0 0 0 0 
200 815 3 3 1 2 0 0 801 216 2 2 3 0 0 0 1015 3 3 2 1 0 0 0 
0 33 14 18 324 634 1 0 22 15 12 62 691 222 0 0 33 14 34 367 575 1 0 0 
0 12 14 41 300 629 28 0 2 19 26 82 540 352 3 0 12 23 55 382 544 8 0 0 
0 3 11 19 134 658 199 0 0 6 14 43 313 640 8 0 2 16 28 258 706 14 0 0 
0 0 2 2 32 514 432 42 0 0 2 11 176 691 126 18 0 2 10 177 679 136 19 1 
26 106 122 66 175 316 213 0 62 173 48 96 289 326 30 0 216 62 96 282 344 24 0 0 
25 101 93 38 92 404 239 0 58 140 37 52 181 490 34 0 176 57 52 189 487 31 0 0 
74 862 16 29 39 4 0 0 589 352 13 39 28 3 0 0 921 30 32 38 3 0 0 0 
165 841 1 4 8 5 0 0 716 291 2 5 10 0 0 0 1004 3 5 12 0 0 0 0 
597 130 12 17 99 169 0 0 650 86 10 35 200 43 0 0 698 42 36 176 72 0 0 0 
558 185 15 35 83 119 18 11 677 76 20 50 133 42 25 1 713 54 37 122 68 16 14 0 
428 356 18 29 49 88 34 22 565 230 24 34 72 58 18 23 706 108 27 74 62 21 14 12 
509 319 6 15 17 123 35 0 638 195 9 15 38 129 0 0 747 92 16 39 129 1 0 0 
542 385 8 12 12 35 30 0 621 311 10 16 11 54 1 0 755 184 15 10 60 0 0 0 
565 390 9 9 4 10 5 0 626 333 10 8 4 11 0 0 740 227 8 4 13 0 0 0 
301 697 16 6 4 0 0 0 514 491 11 5 3 0 0 0 995 16 8 5 0 0 0 0 
527 497 0 0 0 0 0 0 957 67 0 0 0 0 0 0 1024 0 0 0 0 0 0 0 
794 224 6 0 0 0 0 0 982 38 4 0 0 0 0 0 1017 4 3 0 0 0 0 0 
970 54 0 0 0 0 0 0 1017 7 0 0 0 0 0 0 1019 5 0 0 0 0 0 0 
1018 6 0 0 0 0 0 0 1021 3 0 0 0 0 0 0 1024 0 0 0 0 0 0 0 
1007 15 2 0 0 0 0 0 1010 12 2 0 0 0 0 0 1016 7 1 0 0 0 0 0 
916 17 12 16 62 1 0 0 917 18 11 45 33 0 0 0 925 17 20 62 0 0 0 0 
828 17 9 49 87 2 0 0 829 17 13 90 43 0 0 0 836 15 53 87 1 0 0 0 
376 596 13 7 0 0 0 0 586 393 9 4 0 0 0 0 972 12 8 0 0 0 0 0 
674 318 0 0 0 0 0 0 945 47 0 0 0 0 0 0 992 0 0 0 0 0 0 0 
761 171 60 0 0 0 0 0 886 67 39 0 0 0 0 0 916 53 23 0 0 0 0 0 
968 24 0 0 0 0 0 0 988 4 0 0 0 0 0 0 989 3 0 0 0 0 0 0 
992 0 0 0 0 0 0 0 992 0 0 0 0 0 0 0 992 0 0 0 0 0 0 0 
813 16 5 21 128 9 0 0 815 15 7 54 101 0 0 0 817 15 26 128 6 0 0 0 
630 16 15 50 271 10 0 0 630 19 16 161 164 2 0 0 638 20 74 256 4 0 0 0 
549 17 9 72 306 8 0 0 550 17 13 192 188 1 0 0 557 15 89 296 4 0 0 0 
