0 0 0 161 536 327 0 0 0 0 0 33 296 695 0 0 0 0 0 0 105 919 0 0 
0 0 0 0 167 857 0 0 0 0 0 0 2 1022 0 0 0 0 0 0 0 1024 0 0 
0 0 0 0 72 952 0 0 0 0 0 0 0 1024 0 0 0 0 0 0 0 1024 0 0 
0 0 0 0 0 1024 0 0 0 0 0 0 0 1024 0 0 0 0 0 0 0 1024 0 0 
0 0 0 0 0 1024 0 0 0 0 0 0 0 1024 0 0 0 0 0 0 0 1024 0 0 
0 0 0 0 0 1024 0 0 0 0 0 0 0 1024 0 0 0 0 0 0 0 1024 0 0 
129 195 26 10 8 645 11 0 315 28 9 11 10 649 2 0 325 20 7 13 14 644 1 0 
0 46 52 28 17 871 10 0 48 54 26 13 9 872 2 0 90 35 12 6 12 869 0 0 
0 0 0 0 0 1024 0 0 0 0 0 0 0 1024 0 0 0 0 0 0 0 1024 0 0 
0 0 0 0 0 1024 0 0 0 0 0 0 0 1024 0 0 0 0 0 0 0 1024 0 0 
0 0 0 0 44 980 0 0 0 0 0 0 0 1024 0 0 0 0 0 0 0 1024 0 0 
0 0 0 0 0 1024 0 0 0 0 0 0 0 1024 0 0 0 0 0 0 0 1024 0 0 
0 0 0 0 0 1024 0 0 0 0 0 0 0 1024 0 0 0 0 0 0 0 1024 0 0 
0 0 0 0 0 1024 0 0 0 0 0 0 0 1024 0 0 0 0 0 0 0 1024 0 0 
0 0 0 0 0 1024 0 0 0 0 0 0 0 1024 0 0 0 0 0 0 0 1024 0 0 
0 111 11 8 10 874 10 0 83 35 8 6 11 881 0 0 105 14 9 6 11 879 0 0 
77 715 83 66 55 27 1 0 745 144 76 49 3 7 0 0 895 90 28 2 3 6 0 0 
0 128 259 161 122 339 15 0 286 166 148 90 22 311 1 0 443 172 73 17 23 294 2 0 
0 0 0 0 0 1024 0 0 0 0 0 0 0 1024 0 0 0 0 0 0 0 1024 0 0 
0 0 0 0 0 1024 0 0 0 0 0 0 0 1024 0 0 0 0 0 0 0 1024 0 0 
0 0 0 0 62 962 0 0 0 0 0 0 2 1022 0 0 0 0 0 0 0 1024 0 0 
0 0 0 0 0 1024 0 0 0 0 0 0 0 1024 0 0 0 0 0 0 0 1024 0 0 
0 0 0 0 0 1024 0 0 0 0 0 0 0 1024 0 0 0 0 0 0 0 1024 0 0 
0 0 0 0 0 1024 0 0 0 0 0 0 0 1024 0 0 0 0 0 0 0 1024 0 0 
0 0 0 0 0 1024 0 0 0 0 0 0 0 1024 0 0 0 0 0 0 0 1024 0 0 
55 297 98 6 11 549 8 0 389 57 7 8 9 552 2 0 436 12 7 6 12 551 0 0 
5 425 323 105 93 65 8 0 714 120 86 59 10 35 0 0 852 101 24 8 9 30 0 0 
76 335 398 80 73 54 8 0 775 66 85 55 24 18 1 0 844 94 57 12 4 13 0 0 
0 0 0 5 9 1005 5 0 0 0 1 8 6 1009 0 0 0 0 6 6 12 1000 0 0 
0 0 0 0 0 1024 0 0 0 0 0 0 0 1024 0 0 0 0 0 0 0 1024 0 0 
0 154 490 9 298 73 0 0 12 602 30 8 132 240 0 0 140 476 25 6 29 348 0 0 
21 523 84 9 159 228 0 0 156 450 22 10 27 359 0 0 291 316 18 12 7 380 0 0 
0 233 430 15 30 316 0 0 25 551 90 10 26 322 0 0 163 440 62 10 19 330 0 0 
0 110 636 50 12 215 1 0 2 577 204 14 13 214 0 0 70 538 170 16 15 215 0 0 
0 168 514 97 20 223 2 0 2 354 395 35 16 221 1 0 9 435 306 36 15 221 2 0 
7 534 253 38 15 175 2 0 281 406 129 24 11 173 0 0 332 359 125 23 11 174 0 0 
2 332 210 95 152 222 11 0 49 478 176 127 39 152 3 0 163 538 132 21 25 140 5 0 
34 464 338 61 63 62 2 0 612 193 114 73 26 5 1 0 668 253 87 6 4 4 2 0 
0 21 656 71 11 262 3 0 0 35 656 67 13 253 0 0 1 88 617 63 5 250 0 0 
0 0 526 242 13 243 0 0 0 0 560 208 10 246 0 0 0 2 568 189 10 255 0 0 
4 304 675 41 0 0 0 0 131 401 492 0 0 0 0 0 312 702 10 0 0 0 0 0 
51 364 599 10 0 0 0 0 224 396 404 0 0 0 0 0 378 646 0 0 0 0 0 0 
14 392 613 5 0 0 0 0 145 499 380 0 0 0 0 0 364 660 0 0 0 0 0 0 
119 384 489 32 0 0 0 0 353 505 166 0 0 0 0 0 523 496 5 0 0 0 0 0 
129 379 195 150 129 42 0 0 507 218 210 86 3 0 0 0 683 279 62 0 0 0 0 0 
37 420 204 123 213 27 0 0 504 221 243 55 1 0 0 0 725 262 36 1 0 0 0 0 
9 138 295 258 159 165 0 0 150 375 285 166 48 0 0 0 508 351 165 0 0 0 0 0 
93 519 230 64 69 49 0 0 697 147 98 81 1 0 0 0 824 150 50 0 0 0 0 0 
6 403 346 67 94 108 0 0 141 442 282 119 40 0 0 0 467 383 169 5 0 0 0 0 
3 301 593 121 6 0 0 0 55 567 389 13 0 0 0 0 386 471 167 0 0 0 0 0 
3 305 470 235 11 0 0 0 106 638 272 8 0 0 0 0 697 323 4 0 0 0 0 0 
64 298 328 189 136 9 0 0 184 485 246 109 0 0 0 0 571 398 55 0 0 0 0 0 
591 319 67 36 11 0 0 0 840 138 40 6 0 0 0 0 951 68 5 0 0 0 0 0 
681 310 30 3 0 0 0 0 987 35 2 0 0 0 0 0 1013 11 0 0 0 0 0 0 
478 99 69 119 189 69 1 0 586 114 181 135 8 0 0 0 740 232 52 0 0 0 0 0 
131 480 78 149 149 37 0 0 639 133 178 71 3 0 0 0 804 175 44 1 0 0 0 0 
157 322 94 88 154 209 0 0 489 150 146 212 27 0 0 0 651 269 96 8 0 0 0 0 
53 706 81 35 48 101 0 0 798 55 53 95 23 0 0 0 848 112 62 2 0 0 0 0 
85 611 45 23 71 188 1 0 584 162 38 172 68 0 0 0 737 134 135 18 0 0 0 0 
123 760 97 44 0 0 0 0 654 320 50 0 0 0 0 0 862 160 2 0 0 0 0 0 
546 135 122 148 63 10 0 0 704 167 122 27 4 0 0 0 911 99 13 1 0 0 0 0 
893 70 28 25 8 0 0 0 958 37 22 7 0 0 0 0 994 23 7 0 0 0 0 0 
959 65 0 0 0 0 0 0 1024 0 0 0 0 0 0 0 1024 0 0 0 0 0 0 0 
544 219 48 36 82 94 1 0 761 62 82 118 1 0 0 0 817 159 48 0 0 0 0 0 
434 60 59 79 186 200 6 0 498 84 140 232 70 0 0 0 598 243 169 14 0 0 0 0 
112 394 29 32 352 105 0 0 503 34 105 377 5 0 0 0 537 256 231 0 0 0 0 0 
30 160 80 68 199 484 3 0 217 92 91 434 190 0 0 0 311 160 542 11 0 0 0 0 
3 257 104 34 38 587 1 0 283 87 38 46 570 0 0 0 357 61 585 21 0 0 0 0 
30 68 49 120 170 585 2 0 110 69 169 254 422 0 0 0 196 246 560 22 0 0 0 0 
5 69 77 216 483 174 0 0 69 85 355 510 5 0 0 0 139 507 378 0 0 0 0 0 
954 22 8 7 1 0 0 0 978 10 4 0 0 0 0 0 988 4 0 0 0 0 0 0 
905 65 9 13 0 0 0 0 968 11 13 0 0 0 0 0 972 18 2 0 0 0 0 0 
663 263 49 17 0 0 0 0 890 88 14 0 0 0 0 0 961 27 4 0 0 0 0 0 
114 362 148 102 129 136 1 0 491 168 156 173 4 0 0 0 638 269 85 0 0 0 0 0 
69 139 143 197 278 162 4 0 231 198 293 229 41 0 0 0 430 414 136 12 0 0 0 0 
18 43 19 24 500 388 0 0 56 24 114 792 6 0 0 0 79 303 610 0 0 0 0 0 
0 8 4 6 155 819 0 0 9 5 23 642 313 0 0 0 10 84 895 3 0 0 0 0 
0 0 0 0 5 986 1 0 0 0 0 39 953 0 0 0 0 2 971 19 0 0 0 0 
0 5 26 38 69 846 8 0 15 27 52 167 731 0 0 0 53 82 812 45 0 0 0 0 
0 0 0 35 506 451 0 0 0 3 138 800 51 0 0 0 19 388 585 0 0 0 0 0 
