46 19 187 155 19 0 0 598 46 19 183 159 19 0 0 598 46 21 191 149 19 0 0 598 
32 4 41 193 402 0 0 352 32 3 41 191 405 0 0 352 32 7 50 190 393 0 0 352 
32 0 0 3 414 90 11 474 32 0 0 5 418 86 10 473 32 0 0 5 405 86 15 481 
32 0 0 0 32 553 6 401 32 0 0 0 45 540 6 401 32 0 0 0 43 539 8 402 
32 0 0 0 5 635 0 352 32 0 0 0 8 632 0 352 32 0 0 0 8 632 0 352 
32 0 0 0 15 625 0 352 32 0 0 0 23 617 0 352 32 0 0 0 21 619 0 352 
32 0 7 15 106 503 9 352 32 0 8 16 146 462 8 352 32 0 9 14 140 471 6 352 
32 0 9 14 126 491 0 352 32 0 10 17 158 455 0 352 32 0 10 15 154 461 0 352 
32 3 4 48 578 6 1 352 32 3 6 44 581 4 2 352 32 1 7 48 579 4 0 353 
43 43 140 350 77 14 4 353 33 38 145 359 78 14 4 353 33 22 165 349 83 11 7 354 
51 17 123 202 40 10 4 545 48 12 124 208 41 10 4 545 48 7 134 198 45 7 7 546 
120 18 377 42 31 3 6 427 119 16 372 52 29 5 4 427 118 21 394 19 29 10 5 428 
36 44 147 723 19 7 5 43 29 50 139 731 20 7 5 43 40 43 194 673 20 5 5 44 
89 128 45 370 275 80 8 29 82 152 26 375 274 77 9 29 135 101 32 389 247 84 7 29 
0 0 1 45 416 540 3 19 0 0 1 43 425 533 3 19 0 0 1 49 428 524 3 19 
0 0 13 46 180 729 11 45 0 0 11 43 190 722 10 48 0 0 12 44 203 705 10 50 
41 21 8 33 192 710 6 13 42 18 10 28 199 707 5 15 47 13 11 29 208 696 4 16 
0 0 0 11 648 313 37 15 0 0 0 11 660 299 40 14 0 0 0 13 662 289 44 16 
61 66 45 184 571 92 5 0 64 57 49 187 582 79 6 0 64 64 45 194 573 81 3 0 
0 9 37 372 606 0 0 0 0 10 32 384 598 0 0 0 0 12 32 384 596 0 0 0 
0 53 364 598 9 0 0 0 0 42 358 613 11 0 0 0 0 33 382 588 20 1 0 0 
32 50 307 246 37 0 0 320 32 39 304 258 39 0 0 320 32 31 325 237 46 1 0 320 
608 0 0 32 0 0 0 384 608 0 0 32 0 0 0 384 358 250 0 32 0 0 0 384 
256 41 32 610 85 0 0 0 271 28 29 518 178 0 0 0 218 77 30 546 153 0 0 0 
104 59 28 619 206 2 3 3 145 22 24 472 353 2 3 3 147 21 24 509 315 2 3 3 
116 33 30 674 165 1 2 3 124 31 24 555 283 2 2 3 135 20 27 637 198 2 2 3 
250 75 83 428 156 7 6 19 302 22 65 437 166 6 6 20 209 117 74 442 150 7 5 20 
91 395 119 253 137 10 10 9 407 78 115 248 147 9 11 9 444 47 152 218 133 11 7 12 
6 414 87 326 150 21 19 1 362 62 72 324 157 14 28 5 403 24 82 321 146 14 26 8 
16 367 270 367 4 0 0 0 280 106 261 371 6 0 0 0 354 32 275 360 3 0 0 0 
258 291 333 137 4 1 0 0 476 72 325 142 7 2 0 0 482 72 334 129 6 1 0 0 
403 281 326 14 0 0 0 0 408 258 341 16 1 0 0 0 411 273 324 13 3 0 0 0 
282 213 139 28 9 1 0 320 285 193 155 28 10 1 0 320 286 203 143 26 13 1 0 320 
608 0 0 32 0 0 0 384 608 0 0 32 0 0 0 384 182 426 0 32 0 0 0 384 
74 7 12 96 835 0 0 0 74 8 11 15 916 0 0 0 7 68 12 26 911 0 0 0 
0 0 0 15 1009 0 0 0 0 0 0 0 1024 0 0 0 0 0 0 0 1024 0 0 0 
0 0 0 300 724 0 0 0 0 0 0 30 994 0 0 0 0 0 0 141 883 0 0 0 
674 91 55 204 0 0 0 0 757 9 37 159 62 0 0 0 259 509 32 224 0 0 0 0 
50 829 106 38 1 0 0 0 729 162 71 56 6 0 0 0 881 47 92 2 2 0 0 0 
3 826 184 9 2 0 0 0 338 506 169 9 2 0 0 0 733 231 53 7 0 0 0 0 
2 734 198 28 20 13 17 12 323 474 139 25 21 15 16 11 651 248 40 22 19 18 15 11 
102 761 157 4 0 0 0 0 767 114 134 9 0 0 0 0 811 179 26 8 0 0 0 0 
682 334 8 0 0 0 0 0 873 140 11 0 0 0 0 0 914 110 0 0 0 0 0 0 
500 140 0 32 0 0 0 320 555 85 0 32 0 0 0 320 581 59 0 32 0 0 0 320 
603 5 2 30 0 0 0 384 608 0 0 32 0 0 0 384 526 82 0 32 0 0 0 384 
141 440 17 89 337 0 0 0 563 20 15 17 409 0 0 0 564 15 17 21 407 0 0 0 
95 524 10 15 380 0 0 0 598 23 8 10 385 0 0 0 612 10 9 11 382 0 0 0 
218 459 11 113 223 0 0 0 613 65 10 15 321 0 0 0 670 10 9 49 286 0 0 0 
773 175 17 59 0 0 0 0 886 59 12 55 12 0 0 0 713 232 13 65 1 0 0 0 
172 852 0 0 0 0 0 0 903 98 23 0 0 0 0 0 967 50 7 0 0 0 0 0 
253 766 5 0 0 0 0 0 833 189 2 0 0 0 0 0 981 41 2 0 0 0 0 0 
284 720 20 0 0 0 0 0 753 268 3 0 0 0 0 0 873 149 2 0 0 0 0 0 
582 442 0 0 0 0 0 0 937 87 0 0 0 0 0 0 876 145 3 0 0 0 0 0 
981 43 0 0 0 0 0 0 975 49 0 0 0 0 0 0 763 261 0 0 0 0 0 0 
633 7 0 32 0 0 0 320 629 11 0 32 0 0 0 320 530 110 1 31 0 0 0 320 
600 8 0 32 0 0 0 384 579 29 0 32 0 0 0 384 577 28 3 32 0 0 0 384 
843 181 0 0 0 0 0 0 862 162 0 0 0 0 0 0 994 26 4 0 0 0 0 0 
848 176 0 0 0 0 0 0 797 222 5 0 0 0 0 0 962 38 18 6 0 0 0 0 
886 138 0 0 0 0 0 0 785 223 16 0 0 0 0 0 897 80 31 16 0 0 0 0 
958 66 0 0 0 0 0 0 831 153 39 1 0 0 0 0 845 109 26 35 9 0 0 0 
991 33 0 0 0 0 0 0 795 186 41 2 0 0 0 0 758 163 61 28 14 0 0 0 
991 33 0 0 0 0 0 0 793 206 25 0 0 0 0 0 753 193 55 18 5 0 0 0 
908 115 1 0 0 0 0 0 718 246 60 0 0 0 0 0 696 212 62 45 9 0 0 0 
906 109 9 0 0 0 0 0 686 261 77 0 0 0 0 0 653 208 100 63 0 0 0 0 
922 70 31 1 0 0 0 0 627 352 41 4 0 0 0 0 544 289 176 15 0 0 0 0 
595 27 18 32 0 0 0 320 430 186 23 33 0 0 0 320 356 217 68 31 0 0 0 320 
275 75 123 11 21 2 0 517 242 94 117 30 22 2 0 517 283 68 110 22 21 3 0 517 
785 15 0 0 0 0 0 224 615 173 12 0 0 0 0 224 549 139 109 3 0 0 0 224 
796 4 0 0 0 0 0 224 687 97 16 0 0 0 0 224 667 62 57 14 0 0 0 224 
751 48 1 0 0 0 0 224 620 95 83 2 0 0 0 224 610 49 66 63 12 0 0 224 
624 162 14 0 0 0 0 224 544 126 74 46 10 0 0 224 545 94 42 47 55 17 0 224 
604 193 3 0 0 0 0 224 537 130 59 74 0 0 0 224 541 94 39 26 54 46 0 224 
614 172 14 0 0 0 0 224 564 95 47 84 10 0 0 224 565 68 33 25 67 42 0 224 
522 248 30 0 0 0 0 224 476 91 90 135 8 0 0 224 476 71 40 25 148 40 0 224 
591 158 51 0 0 0 0 224 527 58 198 17 0 0 0 224 518 50 80 94 58 0 0 224 
610 185 5 0 0 0 0 224 563 223 14 0 0 0 0 224 700 58 36 6 0 0 0 224 
402 107 0 24 0 0 0 459 358 144 7 23 1 0 0 459 453 24 26 21 9 0 0 459 
234 61 121 10 19 2 0 545 215 67 114 29 20 2 0 545 238 58 108 21 19 3 0 545 
690 14 0 0 0 0 0 288 533 159 12 0 0 0 0 288 471 126 104 3 0 0 0 288 
700 4 0 0 0 0 0 288 601 87 16 0 0 0 0 288 582 57 52 13 0 0 0 288 
657 46 1 0 0 0 0 288 542 81 79 2 0 0 0 288 535 39 59 61 10 0 0 288 
538 152 14 0 0 0 0 288 479 106 63 46 10 0 0 288 480 79 37 36 55 17 0 288 
524 177 3 0 0 0 0 288 470 118 48 68 0 0 0 288 476 84 35 20 43 46 0 288 
529 162 13 0 0 0 0 288 489 81 41 83 10 0 0 288 490 57 28 23 64 42 0 288 
441 233 30 0 0 0 0 288 401 76 84 135 8 0 0 288 401 60 35 22 146 40 0 288 
518 140 46 0 0 0 0 288 482 51 154 17 0 0 0 288 477 42 71 61 53 0 0 288 
524 179 1 0 0 0 0 288 475 220 9 0 0 0 0 288 613 56 29 6 0 0 0 288 
344 105 0 21 0 0 0 491 298 144 7 20 1 0 0 491 393 24 26 18 9 0 0 491 
