0 0 677 347 0 0 0 0 0 2 1022 0 0 0 0 0 0 651 373 0 0 0 0 0 
0 0 1024 0 0 0 0 0 0 73 951 0 0 0 0 0 0 971 53 0 0 0 0 0 
0 0 1024 0 0 0 0 0 0 194 830 0 0 0 0 0 0 1024 0 0 0 0 0 0 
0 0 1024 0 0 0 0 0 0 206 818 0 0 0 0 0 0 1024 0 0 0 0 0 0 
0 0 1024 0 0 0 0 0 0 178 846 0 0 0 0 0 0 973 51 0 0 0 0 0 
0 2 547 240 95 47 23 70 0 40 658 127 78 34 21 66 0 391 350 105 65 28 22 63 
0 0 1024 0 0 0 0 0 0 354 670 0 0 0 0 0 0 991 33 0 0 0 0 0 
0 19 1005 0 0 0 0 0 0 932 92 0 0 0 0 0 0 1024 0 0 0 0 0 0 
85 337 602 0 0 0 0 0 95 873 56 0 0 0 0 0 104 917 3 0 0 0 0 0 
64 570 390 0 0 0 0 0 84 921 19 0 0 0 0 0 99 925 0 0 0 0 0 0 
0 588 436 0 0 0 0 0 0 1015 9 0 0 0 0 0 0 1024 0 0 0 0 0 0 
0 777 247 0 0 0 0 0 0 1024 0 0 0 0 0 0 0 1024 0 0 0 0 0 0 
0 704 320 0 0 0 0 0 0 1012 12 0 0 0 0 0 0 1024 0 0 0 0 0 0 
0 204 820 0 0 0 0 0 0 738 286 0 0 0 0 0 0 986 38 0 0 0 0 0 
0 25 999 0 0 0 0 0 0 461 563 0 0 0 0 0 0 962 62 0 0 0 0 0 
0 6 1006 12 0 0 0 0 0 287 737 0 0 0 0 0 0 830 194 0 0 0 0 0 
0 0 841 183 0 0 0 0 0 29 993 2 0 0 0 0 0 657 367 0 0 0 0 0 
0 0 681 313 28 2 0 0 0 8 931 65 20 0 0 0 0 393 590 36 5 0 0 0 
0 0 345 402 84 44 23 94 0 5 605 169 69 32 20 92 0 186 525 105 50 25 19 82 
0 0 243 781 0 0 0 0 0 0 964 60 0 0 0 0 0 233 791 0 0 0 0 0 
0 0 1024 0 0 0 0 0 0 0 1024 0 0 0 0 0 0 970 54 0 0 0 0 0 
0 0 1024 0 0 0 0 0 0 57 967 0 0 0 0 0 0 1018 6 0 0 0 0 0 
0 0 971 53 0 0 0 0 0 14 1010 0 0 0 0 0 0 1013 11 0 0 0 0 0 
0 0 780 160 39 15 9 21 0 0 905 61 18 13 7 20 0 658 271 40 21 7 7 20 
0 0 683 275 40 7 4 15 0 0 883 94 23 7 3 14 0 408 529 51 12 8 2 14 
0 0 1024 0 0 0 0 0 0 100 924 0 0 0 0 0 0 1015 9 0 0 0 0 0 
0 12 1012 0 0 0 0 0 0 426 598 0 0 0 0 0 0 1023 1 0 0 0 0 0 
32 41 951 0 0 0 0 0 59 669 296 0 0 0 0 0 60 947 17 0 0 0 0 0 
66 52 906 0 0 0 0 0 78 627 319 0 0 0 0 0 85 922 17 0 0 0 0 0 
0 13 1011 0 0 0 0 0 0 738 286 0 0 0 0 0 0 1022 2 0 0 0 0 0 
0 62 962 0 0 0 0 0 0 918 106 0 0 0 0 0 0 1024 0 0 0 0 0 0 
0 29 995 0 0 0 0 0 0 830 194 0 0 0 0 0 0 1022 2 0 0 0 0 0 
0 1 908 96 15 4 0 0 0 256 707 49 12 0 0 0 0 705 287 26 6 0 0 0 
0 11 408 405 86 41 22 51 0 28 655 186 51 37 18 49 9 266 513 97 46 29 19 45 
0 0 495 529 0 0 0 0 0 9 996 19 0 0 0 0 0 363 661 0 0 0 0 0 
0 0 123 843 58 0 0 0 0 2 666 356 0 0 0 0 0 180 840 4 0 0 0 0 
0 0 133 887 4 0 0 0 0 0 827 197 0 0 0 0 0 136 888 0 0 0 0 0 
0 0 259 733 0 0 0 0 0 0 992 0 0 0 0 0 0 197 795 0 0 0 0 0 
0 175 687 162 0 0 0 0 32 250 742 0 0 0 0 0 141 589 294 0 0 0 0 0 
0 0 1024 0 0 0 0 0 0 64 960 0 0 0 0 0 0 1020 4 0 0 0 0 0 
0 0 949 75 0 0 0 0 0 117 907 0 0 0 0 0 0 1020 4 0 0 0 0 0 
0 0 188 711 125 0 0 0 0 37 788 199 0 0 0 0 0 763 261 0 0 0 0 0 
0 0 711 272 20 9 6 6 0 0 955 37 15 6 5 6 0 876 102 22 9 7 4 4 
0 0 125 801 78 10 5 5 0 2 798 193 15 7 4 5 0 564 416 21 12 4 3 4 
0 0 982 42 0 0 0 0 0 33 991 0 0 0 0 0 0 1022 2 0 0 0 0 0 
0 0 929 95 0 0 0 0 0 270 753 1 0 0 0 0 0 998 26 0 0 0 0 0 
0 0 927 97 0 0 0 0 0 443 576 5 0 0 0 0 1 994 29 0 0 0 0 0 
0 0 979 45 0 0 0 0 0 189 835 0 0 0 0 0 0 1015 9 0 0 0 0 0 
0 0 934 90 0 0 0 0 0 190 834 0 0 0 0 0 0 1001 23 0 0 0 0 0 
0 0 1006 18 0 0 0 0 0 345 675 4 0 0 0 0 0 959 65 0 0 0 0 0 
0 0 729 155 58 30 17 35 0 81 704 116 50 24 15 34 0 492 333 87 44 22 14 32 
0 0 692 327 5 0 0 0 0 40 922 62 0 0 0 0 0 505 513 6 0 0 0 0 
0 0 7 883 134 0 0 0 0 0 499 509 16 0 0 0 0 15 954 51 4 0 0 0 
0 0 32 990 2 0 0 0 0 0 830 194 0 0 0 0 0 29 995 0 0 0 0 0 
0 34 38 473 479 0 0 0 18 43 90 873 0 0 0 0 44 46 895 39 0 0 0 0 
0 58 212 656 98 0 0 0 35 179 454 356 0 0 0 0 129 211 684 0 0 0 0 0 
0 84 621 261 26 0 0 0 21 388 563 20 0 0 0 0 204 442 346 0 0 0 0 0 
0 349 619 42 6 3 3 2 174 781 54 7 3 3 1 1 326 670 18 3 5 1 1 0 
0 538 425 45 16 0 0 0 103 863 44 14 0 0 0 0 78 875 57 14 0 0 0 0 
0 352 435 128 81 23 3 2 0 618 342 38 21 3 2 0 6 896 107 11 4 0 0 0 
0 233 178 246 248 7 13 99 0 331 219 308 52 9 25 80 0 410 473 27 17 18 11 68 
0 327 413 237 31 13 1 2 3 440 530 37 10 2 2 0 0 944 75 3 1 1 0 0 
0 96 320 241 273 82 12 0 0 326 233 278 167 12 8 0 35 413 452 103 9 5 7 0 
0 46 704 261 13 0 0 0 32 367 594 31 0 0 0 0 188 764 72 0 0 0 0 0 
0 29 486 336 173 0 0 0 9 299 475 235 6 0 0 0 133 604 287 0 0 0 0 0 
0 68 522 279 137 18 0 0 0 298 518 173 35 0 0 0 1 762 235 26 0 0 0 0 
0 107 373 383 140 21 0 0 0 197 618 178 31 0 0 0 0 758 239 27 0 0 0 0 
0 50 179 470 255 70 0 0 0 128 466 318 112 0 0 0 0 520 431 73 0 0 0 0 
0 82 809 133 0 0 0 0 0 466 547 11 0 0 0 0 0 988 36 0 0 0 0 0 
0 160 864 0 0 0 0 0 4 732 288 0 0 0 0 0 44 980 0 0 0 0 0 0 
0 58 601 338 27 0 0 0 19 237 681 87 0 0 0 0 111 576 337 0 0 0 0 0 
0 39 400 365 219 1 0 0 29 394 133 463 5 0 0 0 125 396 474 29 0 0 0 0 
0 50 667 223 84 0 0 0 36 655 236 97 0 0 0 0 173 647 201 3 0 0 0 0 
0 15 573 176 92 28 41 99 13 602 196 52 27 26 24 84 86 626 117 32 27 28 24 84 
0 0 788 191 43 2 0 0 0 771 212 40 1 0 0 0 33 839 134 18 0 0 0 0 
0 0 697 261 34 0 0 0 0 691 271 30 0 0 0 0 2 840 135 15 0 0 0 0 
0 0 657 367 0 0 0 0 0 393 631 0 0 0 0 0 0 934 90 0 0 0 0 0 
0 119 883 22 0 0 0 0 97 864 63 0 0 0 0 0 144 880 0 0 0 0 0 0 
0 0 21 376 404 88 81 54 0 40 603 156 96 69 59 1 89 655 127 76 69 8 0 0 
0 0 23 148 63 49 120 621 0 24 128 72 44 48 201 507 83 142 41 38 87 162 132 339 
0 0 13 381 292 188 108 42 0 18 406 266 184 115 35 0 138 453 237 131 60 5 0 0 
0 0 27 24 52 166 193 562 0 12 35 37 124 142 164 510 46 21 88 139 112 79 117 422 
0 0 102 371 292 89 88 82 0 88 388 288 88 70 55 47 133 503 184 66 55 30 22 31 
0 5 71 159 166 128 90 405 3 71 161 161 122 77 70 359 93 238 164 79 53 51 73 273 
0 12 98 267 186 120 85 256 0 84 287 193 95 90 41 234 68 363 198 71 51 37 40 196 
0 81 87 194 191 198 112 161 0 128 233 194 175 90 51 153 76 366 260 92 32 31 40 127 
0 40 180 68 103 126 115 392 0 130 140 93 115 93 99 354 35 202 208 104 71 36 63 305 
0 282 319 214 133 57 19 0 15 541 271 121 52 24 0 0 83 764 131 38 8 0 0 0 
0 234 701 79 10 0 0 0 166 748 98 12 0 0 0 0 343 611 66 4 0 0 0 0 
0 18 633 299 37 7 9 21 8 690 253 36 6 9 13 9 179 703 84 22 7 14 9 6 
0 0 132 220 118 76 92 386 0 144 207 119 70 68 77 339 0 264 137 97 72 62 63 329 
0 1 400 422 134 30 22 15 0 377 461 126 34 12 3 11 21 580 316 58 31 5 7 6 
0 0 0 0 36 116 174 698 0 0 1 46 93 105 189 590 0 0 10 78 107 93 216 520 
0 0 234 418 148 96 34 94 0 239 440 140 86 21 46 52 0 413 348 114 42 41 22 44 
0 141 289 407 93 28 17 17 0 413 444 77 26 18 14 0 8 597 294 56 8 22 7 0 
0 0 377 608 35 3 1 0 0 214 787 22 1 0 0 0 0 654 317 38 15 0 0 0 
0 75 770 121 16 18 16 8 43 753 173 44 11 0 0 0 118 820 42 35 9 0 0 0 
0 3 29 413 308 78 132 61 0 37 589 132 86 124 53 3 172 531 109 112 84 16 0 0 
0 0 50 306 158 196 209 105 0 50 296 139 193 204 126 16 129 317 157 216 139 60 6 0 
0 0 11 446 269 125 58 115 0 11 489 245 114 59 68 38 101 524 186 83 66 58 6 0 
0 3 71 83 213 224 171 259 0 36 109 201 169 177 187 145 104 149 190 193 147 195 45 1 
0 1 85 516 177 103 85 57 0 76 551 153 107 80 54 3 153 537 169 74 68 23 0 0 
0 0 71 357 92 151 209 144 0 46 400 70 155 185 94 74 144 353 87 230 105 72 33 0 
0 0 10 444 162 122 157 129 0 25 440 176 101 147 82 53 151 413 143 127 113 46 23 8 
0 0 104 320 224 155 100 121 4 90 335 219 166 92 37 81 229 350 199 108 50 32 33 23 
0 0 44 203 233 171 132 241 0 34 208 231 156 128 131 136 116 280 214 119 112 82 64 37 
0 62 482 220 201 32 27 0 9 461 333 163 32 26 0 0 134 793 44 26 27 0 0 0 
0 0 680 260 77 7 0 0 0 596 320 99 9 0 0 0 0 719 232 73 0 0 0 0 
0 0 282 484 98 74 48 38 2 291 490 96 71 41 26 7 55 587 203 65 56 37 20 1 
0 0 11 102 130 229 181 371 0 10 81 152 164 204 131 282 0 39 135 162 186 147 108 247 
0 104 345 204 223 109 29 10 2 405 265 207 108 27 7 3 93 452 225 176 51 19 8 0 
0 0 13 37 190 320 238 226 0 13 54 196 292 212 96 161 0 28 115 271 255 166 43 146 
0 0 199 313 223 87 63 139 0 223 312 211 90 45 33 110 9 368 277 154 56 36 32 92 
0 95 273 276 243 90 15 0 15 352 322 220 76 7 0 0 36 438 289 186 40 3 0 0 
412 511 45 43 13 0 0 0 822 126 38 38 0 0 0 0 890 63 13 12 46 0 0 0 
344 572 86 7 4 6 5 0 823 175 16 8 2 0 0 0 897 80 40 7 0 0 0 0 
0 0 51 618 169 90 70 26 0 60 653 132 86 70 21 2 159 625 101 80 53 6 0 0 
0 0 55 468 326 148 27 0 0 42 441 367 146 28 0 0 159 499 302 64 0 0 0 0 
0 0 73 550 132 107 99 63 0 63 572 147 91 97 46 8 170 511 146 82 85 28 2 0 
0 0 44 221 335 238 137 49 0 36 241 313 248 134 46 6 116 301 327 166 101 12 1 0 
0 0 99 518 153 109 102 43 0 88 539 150 119 89 36 3 168 518 130 125 61 22 0 0 
0 0 36 425 321 136 80 26 0 64 432 298 141 72 17 0 170 490 197 111 49 7 0 0 
0 0 6 526 195 197 82 18 0 42 506 211 185 65 15 0 220 396 231 132 41 4 0 0 
0 0 113 382 204 154 97 74 0 121 405 195 148 88 63 4 228 370 180 140 66 40 0 0 
0 0 37 363 228 270 109 17 0 34 377 237 250 115 11 0 152 362 271 196 42 1 0 0 
22 271 233 349 105 14 12 18 243 266 401 73 11 11 19 0 320 584 82 8 21 9 0 0 
0 155 578 197 57 19 13 5 213 490 235 71 15 0 0 0 286 437 185 82 31 3 0 0 
0 32 87 645 221 39 0 0 30 142 665 168 19 0 0 0 37 414 487 86 0 0 0 0 
0 0 168 402 326 76 38 14 0 149 440 305 77 39 9 5 3 296 502 144 56 15 6 2 
0 0 288 502 214 20 0 0 0 295 527 186 16 0 0 0 72 408 437 107 0 0 0 0 
0 2 117 516 293 76 13 7 0 97 554 280 71 14 8 0 17 222 566 171 36 10 2 0 
0 0 483 402 100 28 11 0 0 459 421 106 28 10 0 0 0 605 330 67 17 5 0 0 
0 0 330 466 194 2 0 0 0 352 485 155 0 0 0 0 0 456 450 86 0 0 0 0 
56 842 126 0 0 0 0 0 790 228 6 0 0 0 0 0 835 186 3 0 0 0 0 0 
30 804 143 31 13 3 0 0 714 234 57 13 6 0 0 0 842 146 23 12 1 0 0 0 
0 61 98 509 217 70 42 27 71 127 566 137 62 35 25 1 300 527 118 38 36 5 0 0 
9 65 62 414 284 116 43 31 75 79 435 272 101 30 19 13 241 485 213 51 12 20 2 0 
0 28 86 452 217 121 85 35 26 110 542 141 113 64 21 7 201 544 138 81 49 11 0 0 
0 56 37 233 339 221 91 47 59 41 311 302 193 77 23 18 161 401 263 139 39 21 0 0 
3 33 65 389 289 110 102 33 62 50 501 224 89 75 13 10 185 549 137 95 46 9 3 0 
0 27 54 382 333 147 55 26 50 80 488 253 101 35 9 8 196 540 191 72 14 11 0 0 
0 20 55 413 276 165 56 39 44 65 507 231 113 45 9 10 178 500 237 68 29 12 0 0 
8 26 74 331 256 165 122 42 53 83 394 215 167 84 17 11 220 403 195 151 40 14 1 0 
0 43 42 341 259 251 52 36 39 56 361 283 215 38 19 13 179 398 300 101 30 15 1 0 
20 383 177 265 160 15 3 1 458 124 345 84 11 2 0 0 465 462 85 10 2 0 0 0 
0 18 790 216 0 0 0 0 176 824 24 0 0 0 0 0 242 756 26 0 0 0 0 0 
0 1 261 637 119 6 0 0 12 599 346 66 1 0 0 0 104 633 254 33 0 0 0 0 
0 3 650 353 18 0 0 0 9 621 371 23 0 0 0 0 118 692 214 0 0 0 0 0 
0 9 518 489 8 0 0 0 9 516 498 1 0 0 0 0 103 685 236 0 0 0 0 0 
0 1 598 421 4 0 0 0 0 529 488 7 0 0 0 0 71 696 255 2 0 0 0 0 
0 23 737 264 0 0 0 0 38 578 408 0 0 0 0 0 140 740 144 0 0 0 0 0 
0 19 484 477 12 0 0 0 33 432 512 15 0 0 0 0 97 638 257 0 0 0 0 0 
64 709 143 98 9 1 0 0 27 718 149 113 15 2 0 0 2 242 560 117 96 5 2 0 
33 696 222 43 7 5 17 1 44 682 228 44 24 2 0 0 26 125 623 197 39 14 0 0 
0 181 158 332 134 49 158 12 181 194 212 261 170 6 0 0 175 226 384 35 139 65 0 0 
41 174 97 286 235 26 72 93 191 153 140 331 129 76 3 1 179 185 316 136 73 125 7 3 
41 564 156 103 44 44 41 31 16 413 332 90 53 42 39 39 2 20 311 412 90 59 41 89 
49 524 227 78 50 35 29 32 26 451 306 88 49 45 21 38 6 35 324 395 93 57 48 66 
74 550 205 94 65 25 11 0 29 549 243 90 76 21 14 2 5 53 514 236 98 72 28 18 
50 644 249 67 11 2 1 0 26 677 233 62 23 1 2 0 7 238 527 173 59 17 1 2 
83 666 257 16 2 0 0 0 24 796 186 16 2 0 0 0 3 511 372 126 10 2 0 0 
102 722 185 14 1 0 0 0 57 803 152 11 1 0 0 0 15 587 329 86 6 1 0 0 
100 681 187 44 12 0 0 0 34 743 195 50 2 0 0 0 1 351 533 110 29 0 0 0 
77 583 228 66 32 17 16 5 51 519 296 82 34 25 14 3 0 118 464 297 71 29 23 22 
34 506 250 132 25 46 27 4 26 439 345 108 28 42 31 5 0 68 316 415 101 40 26 58 
30 419 253 208 48 41 15 10 25 570 216 96 47 49 9 12 9 239 274 296 81 50 45 30 
63 654 187 78 23 14 5 0 37 656 195 92 21 18 5 0 2 233 436 223 87 18 20 5 
97 617 193 87 20 7 3 0 99 629 187 72 27 6 3 1 9 463 304 153 67 18 6 4 
95 545 225 94 25 21 10 9 120 637 131 63 33 16 13 11 36 517 269 77 41 45 13 26 
122 332 445 63 20 13 7 22 186 617 109 50 19 14 6 23 152 561 122 74 44 28 13 30 
85 221 589 50 12 8 9 18 208 604 95 42 6 9 11 17 299 423 84 99 34 14 16 23 
27 806 127 53 11 0 0 0 15 812 133 48 16 0 0 0 0 377 482 103 45 16 1 0 
20 308 482 194 20 0 0 0 15 288 488 208 25 0 0 0 0 18 316 499 169 19 3 0 
0 0 7 263 565 187 2 0 0 0 49 812 163 0 0 0 0 0 375 639 10 0 0 0 
0 14 20 22 169 622 173 4 0 12 20 112 483 311 81 5 0 5 33 350 350 223 58 5 
85 606 152 62 59 26 19 15 35 425 365 60 64 33 23 19 1 89 408 335 53 62 29 47 
96 566 109 58 55 50 28 62 14 591 135 75 58 45 39 67 0 30 567 110 90 53 64 110 
98 473 107 61 80 51 56 98 34 482 132 63 86 61 54 112 0 27 463 133 75 57 87 182 
102 549 100 68 39 33 54 79 30 519 170 80 50 33 50 92 0 19 459 214 81 56 45 150 
120 548 100 68 39 38 55 56 61 545 148 69 36 43 55 67 0 38 500 191 66 54 44 131 
122 563 107 75 48 44 22 43 60 556 159 82 40 50 32 45 0 49 534 170 83 47 50 91 
224 560 106 62 25 10 5 32 105 602 166 66 36 11 6 32 1 203 507 163 62 27 23 38 
259 532 101 52 20 12 8 40 134 548 195 57 30 10 9 41 0 245 422 209 45 25 24 54 
398 402 120 64 15 16 6 3 214 483 214 66 20 14 8 5 5 461 233 212 57 24 16 16 
352 443 134 60 17 4 6 8 256 516 133 81 19 5 4 10 10 433 297 187 48 22 12 15 
359 468 99 55 13 21 7 2 278 529 110 56 18 23 7 3 6 444 394 94 34 17 23 12 
408 412 110 60 23 11 0 0 249 548 130 61 17 19 0 0 17 510 322 89 53 17 16 0 
522 306 115 43 37 1 0 0 447 366 129 35 45 2 0 0 26 632 182 111 41 31 1 0 
440 306 124 69 50 31 4 0 440 302 126 73 42 36 5 0 34 553 201 94 67 38 35 2 
504 271 82 46 53 28 7 1 477 284 89 52 47 30 12 1 102 508 179 71 48 45 26 13 
173 430 370 31 14 6 0 0 164 305 509 27 13 6 0 0 2 165 258 535 41 17 6 0 
7 93 213 328 335 48 0 0 4 97 230 379 313 1 0 0 0 28 209 459 321 7 0 0 
0 0 0 20 412 433 159 0 0 0 37 397 457 133 0 0 0 0 286 323 404 11 0 0 
0 0 0 4 332 190 486 12 0 0 3 224 244 358 195 0 0 0 82 269 278 255 140 0 
105 437 161 87 115 77 42 0 36 434 204 100 118 69 56 7 2 166 416 172 121 61 55 31 
50 699 174 14 73 14 0 0 16 523 374 18 35 58 0 0 0 55 496 356 23 21 46 27 
24 723 223 16 16 9 9 4 1 309 642 31 18 9 10 4 0 3 293 644 33 26 15 10 
37 797 83 34 16 32 3 22 1 540 369 22 26 41 3 22 0 0 523 371 25 35 40 30 
29 524 371 28 17 25 13 17 0 473 442 19 33 20 18 19 0 0 449 447 28 34 38 28 
4 570 373 12 10 13 9 33 0 395 541 18 10 11 13 36 0 0 368 543 32 15 11 55 
9 631 276 31 7 9 9 52 1 581 313 48 8 9 8 56 0 0 561 320 22 41 13 67 
33 834 69 13 11 9 11 44 0 591 332 21 12 11 10 47 0 0 547 361 16 23 12 65 
73 729 106 38 30 20 13 15 23 602 259 51 36 21 12 20 0 34 563 259 64 39 30 35 
43 887 10 28 24 30 2 0 6 893 33 34 26 28 4 0 0 0 807 123 26 33 19 16 
126 776 25 36 22 13 9 17 42 855 23 36 28 14 10 16 0 352 533 28 25 40 19 27 
279 553 62 57 19 15 24 15 69 746 67 59 26 16 22 19 0 293 514 48 65 38 15 51 
780 108 21 50 21 19 16 9 604 281 17 55 20 18 17 12 7 854 23 22 53 19 17 29 
726 73 134 71 20 0 0 0 723 73 121 83 24 0 0 0 32 723 41 92 120 16 0 0 
820 46 30 48 48 0 0 0 821 45 30 55 41 0 0 0 129 718 26 29 74 16 0 0 
22 165 288 540 9 0 0 0 22 137 282 577 6 0 0 0 0 76 150 781 16 1 0 0 
0 0 18 230 528 247 1 0 0 0 6 709 309 0 0 0 0 0 116 865 43 0 0 0 
0 0 0 0 251 698 75 0 0 0 0 321 650 53 0 0 0 0 105 652 260 7 0 0 
0 0 0 0 27 584 411 2 0 0 0 26 423 554 21 0 0 0 7 139 605 273 0 0 
21 73 194 55 58 343 279 1 18 56 197 61 57 290 335 10 1 28 213 74 63 291 323 31 
111 567 243 24 28 39 6 6 55 421 438 28 18 32 24 8 6 128 399 381 29 13 15 53 
9 755 117 9 26 102 6 0 0 692 180 11 25 19 92 5 0 0 686 179 17 12 20 110 
0 1023 1 0 0 0 0 0 0 1016 8 0 0 0 0 0 0 0 1024 0 0 0 0 0 
439 423 52 20 35 28 24 3 448 412 53 23 35 26 24 3 0 450 425 40 22 38 30 19 
475 361 76 40 8 31 15 18 480 349 78 44 9 33 14 17 2 478 348 74 49 10 33 30 
525 381 25 17 21 51 4 0 525 380 24 19 18 50 8 0 37 488 381 25 17 19 48 9 
549 366 20 28 25 32 4 0 543 365 24 26 25 36 5 0 124 429 361 19 30 22 34 5 
428 466 50 25 37 11 6 1 420 465 53 30 34 14 7 1 208 235 456 40 33 32 14 6 
709 227 24 64 0 0 0 0 704 226 30 64 0 0 0 0 440 266 227 27 64 0 0 0 
765 140 31 29 30 29 0 0 754 153 27 31 34 25 0 0 646 167 95 26 34 32 24 0 
663 250 42 20 37 12 0 0 621 282 50 20 33 18 0 0 572 233 119 23 26 25 26 0 
850 65 77 10 16 3 3 0 833 65 93 8 18 4 3 0 800 65 72 55 10 17 2 3 
992 31 1 0 0 0 0 0 993 20 11 0 0 0 0 0 990 10 17 7 0 0 0 0 
981 11 0 0 0 0 0 0 984 8 0 0 0 0 0 0 981 11 0 0 0 0 0 0 
0 0 298 628 98 0 0 0 0 0 374 644 6 0 0 0 0 0 469 555 0 0 0 0 
0 0 0 263 693 68 0 0 0 0 242 734 48 0 0 0 0 11 664 349 0 0 0 0 
0 0 0 72 710 231 11 0 0 0 106 751 161 6 0 0 0 3 535 456 30 0 0 0 
0 0 0 14 597 397 16 0 0 0 10 607 384 23 0 0 0 0 209 666 147 2 0 0 
0 4 16 87 706 211 0 0 0 1 13 150 715 143 2 0 0 1 17 314 564 125 3 0 
28 320 106 261 220 75 14 0 19 212 205 218 264 86 20 0 8 59 230 316 267 101 35 8 
117 890 17 0 0 0 0 0 65 915 40 4 0 0 0 0 0 201 816 7 0 0 0 0 
13 780 76 88 64 3 0 0 3 771 94 30 102 24 0 0 0 11 790 67 13 25 118 0 
987 37 0 0 0 0 0 0 996 28 0 0 0 0 0 0 0 1011 13 0 0 0 0 0 
1024 0 0 0 0 0 0 0 1024 0 0 0 0 0 0 0 17 1007 0 0 0 0 0 0 
1024 0 0 0 0 0 0 0 1024 0 0 0 0 0 0 0 372 652 0 0 0 0 0 0 
802 120 49 14 13 12 14 0 812 164 20 12 16 0 0 0 600 270 111 14 13 16 0 0 
833 163 12 3 4 3 5 1 843 164 6 4 5 2 0 0 702 228 79 4 4 5 2 0 
1024 0 0 0 0 0 0 0 1024 0 0 0 0 0 0 0 955 69 0 0 0 0 0 0 
1024 0 0 0 0 0 0 0 1024 0 0 0 0 0 0 0 1024 0 0 0 0 0 0 0 
715 229 51 12 5 8 4 0 743 224 45 7 5 0 0 0 695 138 171 9 6 5 0 0 
1024 0 0 0 0 0 0 0 1024 0 0 0 0 0 0 0 1021 3 0 0 0 0 0 0 
1024 0 0 0 0 0 0 0 1024 0 0 0 0 0 0 0 1024 0 0 0 0 0 0 0 
980 12 0 0 0 0 0 0 978 11 3 0 0 0 0 0 977 6 9 0 0 0 0 0 
0 0 38 799 186 1 0 0 0 3 584 433 4 0 0 0 0 41 838 145 0 0 0 0 
0 0 0 305 667 52 0 0 0 0 299 678 47 0 0 0 0 5 722 292 5 0 0 0 
0 0 0 65 703 231 25 0 0 0 107 702 198 17 0 0 0 5 468 486 64 1 0 0 
0 0 0 11 428 496 89 0 0 0 12 421 511 80 0 0 0 0 119 616 268 21 0 0 
0 0 6 10 173 777 57 1 0 0 2 38 390 563 31 0 0 0 4 124 463 390 43 0 
7 153 223 94 30 396 121 0 3 134 211 113 42 144 377 0 0 109 221 121 46 95 430 2 
84 711 44 21 15 24 102 23 28 753 56 19 16 21 102 29 1 223 594 33 18 16 102 37 
310 264 122 145 166 16 1 0 308 268 110 52 259 23 4 0 120 287 206 92 56 62 190 11 
1021 3 0 0 0 0 0 0 1023 1 0 0 0 0 0 0 0 1024 0 0 0 0 0 0 
1022 2 0 0 0 0 0 0 1022 2 0 0 0 0 0 0 63 961 0 0 0 0 0 0 
1024 0 0 0 0 0 0 0 1024 0 0 0 0 0 0 0 775 249 0 0 0 0 0 0 
878 125 15 5 1 0 0 0 898 113 8 4 1 0 0 0 850 130 38 4 2 0 0 0 
1018 6 0 0 0 0 0 0 1019 5 0 0 0 0 0 0 1010 14 0 0 0 0 0 0 
1024 0 0 0 0 0 0 0 1024 0 0 0 0 0 0 0 1023 1 0 0 0 0 0 0 
1002 15 7 0 0 0 0 0 1008 12 4 0 0 0 0 0 1003 16 5 0 0 0 0 0 
790 113 72 49 0 0 0 0 797 94 132 1 0 0 0 0 774 68 129 53 0 0 0 0 
774 47 111 92 0 0 0 0 782 56 175 11 0 0 0 0 769 42 101 112 0 0 0 0 
774 57 146 47 0 0 0 0 784 63 157 20 0 0 0 0 757 59 139 69 0 0 0 0 
770 88 109 23 2 0 0 0 769 95 102 24 2 0 0 0 747 67 121 53 4 0 0 0 
0 0 30 778 183 1 0 0 0 5 578 405 4 0 0 0 0 46 816 130 0 0 0 0 
0 0 0 283 661 48 0 0 0 0 279 668 45 0 0 0 0 4 696 286 6 0 0 0 
0 0 0 58 674 231 29 0 0 0 98 671 202 21 0 0 0 5 436 481 66 4 0 0 
0 0 0 11 383 505 93 0 0 0 12 380 516 84 0 0 0 0 105 576 288 23 0 0 
0 0 6 8 129 787 60 2 0 0 2 28 352 570 40 0 0 0 4 104 441 393 50 0 
5 149 201 70 26 406 135 0 2 132 197 79 37 137 408 0 0 108 203 91 39 88 461 2 
82 657 43 21 16 24 121 28 27 698 55 19 17 21 120 35 2 217 542 33 18 17 119 44 
325 245 114 120 167 16 2 3 322 249 104 52 234 23 5 3 130 288 188 91 57 57 167 14 
988 4 0 0 0 0 0 0 991 1 0 0 0 0 0 0 0 992 0 0 0 0 0 0 
990 2 0 0 0 0 0 0 990 2 0 0 0 0 0 0 63 929 0 0 0 0 0 0 
992 0 0 0 0 0 0 0 992 0 0 0 0 0 0 0 750 242 0 0 0 0 0 0 
864 113 11 4 0 0 0 0 883 99 6 4 0 0 0 0 840 117 31 3 1 0 0 0 
973 7 5 4 3 0 0 0 974 6 4 5 3 0 0 0 965 13 6 5 2 1 0 0 
990 2 0 0 0 0 0 0 992 0 0 0 0 0 0 0 991 1 0 0 0 0 0 0 
938 19 18 17 0 0 0 0 944 24 24 0 0 0 0 0 939 24 27 2 0 0 0 0 
742 102 87 61 0 0 0 0 749 85 157 1 0 0 0 0 727 64 120 81 0 0 0 0 
726 54 120 92 0 0 0 0 735 63 183 11 0 0 0 0 719 47 107 119 0 0 0 0 
742 57 146 47 0 0 0 0 752 63 157 20 0 0 0 0 725 59 139 69 0 0 0 0 
745 82 109 23 2 0 0 0 744 89 102 24 2 0 0 0 722 65 117 53 4 0 0 0 
