1024 0 0 0 0 0 0 0 1024 0 0 0 0 0 0 0 1024 0 0 0 0 0 0 0 
673 281 70 0 0 0 0 0 676 348 0 0 0 0 0 0 675 349 0 0 0 0 0 0 
0 305 719 0 0 0 0 0 0 997 27 0 0 0 0 0 0 1024 0 0 0 0 0 0 
0 0 1024 0 0 0 0 0 0 666 358 0 0 0 0 0 0 1024 0 0 0 0 0 0 
0 0 1024 0 0 0 0 0 0 400 624 0 0 0 0 0 0 1024 0 0 0 0 0 0 
0 0 1016 8 0 0 0 0 0 432 592 0 0 0 0 0 0 1024 0 0 0 0 0 0 
0 0 1024 0 0 0 0 0 0 582 442 0 0 0 0 0 0 1024 0 0 0 0 0 0 
8 79 937 0 0 0 0 0 8 914 102 0 0 0 0 0 8 1016 0 0 0 0 0 0 
306 294 424 0 0 0 0 0 308 716 0 0 0 0 0 0 325 699 0 0 0 0 0 0 
1024 0 0 0 0 0 0 0 1024 0 0 0 0 0 0 0 1024 0 0 0 0 0 0 0 
1024 0 0 0 0 0 0 0 1024 0 0 0 0 0 0 0 1024 0 0 0 0 0 0 0 
935 89 0 0 0 0 0 0 1024 0 0 0 0 0 0 0 1024 0 0 0 0 0 0 0 
516 508 0 0 0 0 0 0 965 59 0 0 0 0 0 0 1024 0 0 0 0 0 0 0 
634 358 0 0 0 0 0 0 934 58 0 0 0 0 0 0 992 0 0 0 0 0 0 0 
1024 0 0 0 0 0 0 0 1024 0 0 0 0 0 0 0 1024 0 0 0 0 0 0 0 
704 40 280 0 0 0 0 0 704 144 176 0 0 0 0 0 704 299 21 0 0 0 0 0 
0 0 848 176 0 0 0 0 0 106 918 0 0 0 0 0 0 739 285 0 0 0 0 0 
0 0 345 679 0 0 0 0 0 0 1024 0 0 0 0 0 0 500 524 0 0 0 0 0 
0 0 120 904 0 0 0 0 0 0 1024 0 0 0 0 0 0 454 570 0 0 0 0 0 
0 0 32 992 0 0 0 0 0 0 1016 8 0 0 0 0 0 448 576 0 0 0 0 0 
0 0 184 840 0 0 0 0 0 0 1024 0 0 0 0 0 0 799 225 0 0 0 0 0 
0 0 558 466 0 0 0 0 0 3 1021 0 0 0 0 0 0 1024 0 0 0 0 0 0 
208 32 749 35 0 0 0 0 216 214 594 0 0 0 0 0 220 804 0 0 0 0 0 0 
985 39 0 0 0 0 0 0 986 38 0 0 0 0 0 0 986 38 0 0 0 0 0 0 
1024 0 0 0 0 0 0 0 1024 0 0 0 0 0 0 0 1024 0 0 0 0 0 0 0 
743 281 0 0 0 0 0 0 800 224 0 0 0 0 0 0 1004 20 0 0 0 0 0 0 
0 1024 0 0 0 0 0 0 29 995 0 0 0 0 0 0 1022 2 0 0 0 0 0 0 
0 992 0 0 0 0 0 0 99 893 0 0 0 0 0 0 988 4 0 0 0 0 0 0 
1024 0 0 0 0 0 0 0 1024 0 0 0 0 0 0 0 1024 0 0 0 0 0 0 0 
745 16 155 108 0 0 0 0 748 15 261 0 0 0 0 0 753 80 191 0 0 0 0 0 
32 32 75 884 1 0 0 0 32 32 893 67 0 0 0 0 42 35 947 0 0 0 0 0 
32 26 6 673 287 0 0 0 32 32 353 607 0 0 0 0 32 32 960 0 0 0 0 0 
23 9 32 253 707 0 0 0 32 14 114 864 0 0 0 0 32 32 960 0 0 0 0 0 
0 32 2 182 808 0 0 0 3 29 88 904 0 0 0 0 24 40 960 0 0 0 0 0 
0 19 13 315 677 0 0 0 0 32 316 676 0 0 0 0 11 71 942 0 0 0 0 0 
0 0 32 735 257 0 0 0 0 14 712 298 0 0 0 0 0 267 757 0 0 0 0 0 
194 32 97 701 0 0 0 0 196 32 793 3 0 0 0 0 205 478 341 0 0 0 0 0 
962 54 8 0 0 0 0 0 964 53 7 0 0 0 0 0 965 54 5 0 0 0 0 0 
1024 0 0 0 0 0 0 0 1024 0 0 0 0 0 0 0 1024 0 0 0 0 0 0 0 
706 303 15 0 0 0 0 0 731 293 0 0 0 0 0 0 1007 17 0 0 0 0 0 0 
0 868 156 0 0 0 0 0 0 1024 0 0 0 0 0 0 999 25 0 0 0 0 0 0 
0 903 89 0 0 0 0 0 0 992 0 0 0 0 0 0 959 33 0 0 0 0 0 0 
829 103 49 27 16 0 0 0 849 111 41 20 3 0 0 0 858 128 17 19 2 0 0 0 
1024 0 0 0 0 0 0 0 1024 0 0 0 0 0 0 0 1024 0 0 0 0 0 0 0 
850 123 44 7 0 0 0 0 798 215 11 0 0 0 0 0 828 118 78 0 0 0 0 0 
924 43 24 15 18 0 0 0 704 221 77 22 0 0 0 0 704 17 296 7 0 0 0 0 
1023 1 0 0 0 0 0 0 977 43 4 0 0 0 0 0 969 19 34 2 0 0 0 0 
823 84 62 45 10 0 0 0 875 70 67 12 0 0 0 0 895 80 44 5 0 0 0 0 
153 184 217 225 229 16 0 0 168 380 440 34 1 1 0 0 725 223 70 5 0 1 0 0 
578 118 88 99 67 28 27 19 558 130 182 65 22 39 12 16 729 123 64 39 27 20 12 10 
756 157 87 15 6 3 0 0 798 169 45 6 4 2 0 0 858 140 15 6 4 1 0 0 
968 22 32 2 0 0 0 0 971 19 32 2 0 0 0 0 976 16 31 1 0 0 0 0 
1024 0 0 0 0 0 0 0 1024 0 0 0 0 0 0 0 1024 0 0 0 0 0 0 0 
703 51 270 0 0 0 0 0 705 319 0 0 0 0 0 0 1018 6 0 0 0 0 0 0 
0 89 935 0 0 0 0 0 0 1024 0 0 0 0 0 0 988 36 0 0 0 0 0 0 
0 136 856 0 0 0 0 0 0 992 0 0 0 0 0 0 926 66 0 0 0 0 0 0 
656 334 27 6 1 0 0 0 228 767 27 2 0 0 0 0 186 479 357 2 0 0 0 0 
978 46 0 0 0 0 0 0 967 57 0 0 0 0 0 0 1008 16 0 0 0 0 0 0 
550 288 84 74 28 0 0 0 528 295 199 2 0 0 0 0 601 274 149 0 0 0 0 0 
101 156 228 307 231 1 0 0 88 302 503 130 1 0 0 0 122 388 512 2 0 0 0 0 
704 229 83 8 0 0 0 0 732 217 75 0 0 0 0 0 797 179 48 0 0 0 0 0 
420 336 193 56 19 0 0 0 569 345 83 27 0 0 0 0 788 170 61 5 0 0 0 0 
150 269 329 138 76 55 5 2 215 465 182 82 67 9 2 2 461 320 144 69 24 4 2 0 
401 308 169 98 45 2 1 0 462 333 138 74 16 1 0 0 599 290 94 40 0 1 0 0 
464 300 146 81 30 3 0 0 506 311 140 55 11 1 0 0 564 325 101 29 5 0 0 0 
594 272 56 79 23 0 0 0 807 83 59 71 4 0 0 0 831 77 85 30 1 0 0 0 
985 38 1 0 0 0 0 0 1013 10 1 0 0 0 0 0 1016 8 0 0 0 0 0 0 
682 120 222 0 0 0 0 0 739 284 1 0 0 0 0 0 989 35 0 0 0 0 0 0 
169 38 809 8 0 0 0 0 178 834 12 0 0 0 0 0 987 37 0 0 0 0 0 0 
152 36 800 4 0 0 0 0 159 828 5 0 0 0 0 0 957 35 0 0 0 0 0 0 
68 299 333 307 8 9 0 0 448 183 117 262 9 5 0 0 474 189 258 89 9 5 0 0 
793 187 44 0 0 0 0 0 827 197 0 0 0 0 0 0 999 25 0 0 0 0 0 0 
158 405 163 73 199 26 0 0 195 453 137 157 80 2 0 0 331 401 120 136 36 0 0 0 
67 154 70 79 396 258 0 0 19 563 103 224 105 10 0 0 355 255 211 163 40 0 0 0 
244 82 25 45 354 263 11 0 364 621 39 0 0 0 0 0 935 65 24 0 0 0 0 0 
134 125 40 35 380 291 19 0 324 664 26 10 0 0 0 0 968 38 12 6 0 0 0 0 
177 65 24 66 389 303 0 0 408 595 18 3 0 0 0 0 989 25 10 0 0 0 0 0 
106 27 77 150 453 207 4 0 363 584 66 10 1 0 0 0 944 57 17 6 0 0 0 0 
44 59 61 274 418 162 6 0 418 583 22 1 0 0 0 0 935 84 5 0 0 0 0 0 
47 63 89 334 393 98 0 0 612 409 3 0 0 0 0 0 1020 1 3 0 0 0 0 0 
28 32 239 430 287 8 0 0 806 218 0 0 0 0 0 0 1022 2 0 0 0 0 0 0 
14 145 369 362 134 0 0 0 923 99 2 0 0 0 0 0 1021 3 0 0 0 0 0 0 
101 251 384 270 18 0 0 0 965 59 0 0 0 0 0 0 1024 0 0 0 0 0 0 0 
136 285 316 240 15 0 0 0 949 43 0 0 0 0 0 0 992 0 0 0 0 0 0 0 
0 321 684 19 0 0 0 0 1024 0 0 0 0 0 0 0 1024 0 0 0 0 0 0 0 
409 281 260 60 14 0 0 0 587 412 25 0 0 0 0 0 976 30 18 0 0 0 0 0 
635 163 113 70 43 0 0 0 929 95 0 0 0 0 0 0 999 25 0 0 0 0 0 0 
0 3 31 81 144 677 41 47 74 856 85 9 0 0 0 0 1007 17 0 0 0 0 0 0 
0 0 0 0 23 264 575 162 5 398 588 33 0 0 0 0 996 16 12 0 0 0 0 0 
0 0 0 7 27 227 522 241 11 318 670 22 3 0 0 0 1003 15 6 0 0 0 0 0 
0 0 0 0 58 299 541 126 8 427 582 6 1 0 0 0 1018 4 2 0 0 0 0 0 
0 0 0 0 16 287 569 152 4 396 621 3 0 0 0 0 1021 3 0 0 0 0 0 0 
0 0 0 0 55 403 537 29 0 434 568 21 1 0 0 0 1014 10 0 0 0 0 0 0 
0 0 0 13 189 472 346 4 71 575 370 8 0 0 0 0 1023 1 0 0 0 0 0 0 
0 0 17 86 281 536 104 0 80 738 203 3 0 0 0 0 1024 0 0 0 0 0 0 0 
0 0 14 222 485 286 17 0 240 731 53 0 0 0 0 0 1024 0 0 0 0 0 0 0 
0 0 135 297 506 86 0 0 404 618 2 0 0 0 0 0 1024 0 0 0 0 0 0 0 
0 0 128 254 575 35 0 0 363 627 2 0 0 0 0 0 992 0 0 0 0 0 0 0 
303 450 268 3 0 0 0 0 1012 12 0 0 0 0 0 0 1014 10 0 0 0 0 0 0 
739 250 35 0 0 0 0 0 935 89 0 0 0 0 0 0 998 26 0 0 0 0 0 0 
260 739 19 6 0 0 0 0 868 156 0 0 0 0 0 0 1021 3 0 0 0 0 0 0 
2 291 108 147 147 57 182 90 277 463 282 2 0 0 0 0 1005 18 1 0 0 0 0 0 
0 0 0 27 55 22 672 248 21 100 903 0 0 0 0 0 1024 0 0 0 0 0 0 0 
0 0 0 10 90 106 202 616 19 125 356 497 21 6 0 0 970 39 9 3 3 0 0 0 
0 0 0 0 7 52 260 705 1 42 514 466 1 0 0 0 1023 1 0 0 0 0 0 0 
0 0 0 0 6 39 211 768 3 38 289 683 11 0 0 0 989 33 2 0 0 0 0 0 
0 0 0 0 0 87 529 408 0 15 774 235 0 0 0 0 1014 10 0 0 0 0 0 0 
0 0 0 0 1 226 523 274 0 119 676 227 2 0 0 0 948 76 0 0 0 0 0 0 
0 0 0 0 21 319 674 10 0 266 701 57 0 0 0 0 1018 6 0 0 0 0 0 0 
0 0 0 8 275 660 81 0 27 669 321 7 0 0 0 0 1016 8 0 0 0 0 0 0 
0 0 49 308 457 208 2 0 248 723 53 0 0 0 0 0 1023 1 0 0 0 0 0 0 
0 0 49 316 571 56 0 0 246 713 33 0 0 0 0 0 990 2 0 0 0 0 0 0 
631 81 25 22 40 125 98 2 704 92 162 52 14 0 0 0 927 61 27 9 0 0 0 0 
179 660 13 14 20 68 69 1 656 229 123 15 1 0 0 0 942 77 5 0 0 0 0 0 
0 1024 0 0 0 0 0 0 218 806 0 0 0 0 0 0 972 52 0 0 0 0 0 0 
0 512 188 107 81 88 48 0 109 868 47 0 0 0 0 0 952 72 0 0 0 0 0 0 
0 28 252 135 94 450 65 0 90 753 181 0 0 0 0 0 965 59 0 0 0 0 0 0 
0 0 0 89 32 68 119 716 73 60 114 695 52 28 2 0 802 153 28 27 12 2 0 0 
0 0 0 0 0 10 299 715 0 0 501 487 36 0 0 0 886 130 8 0 0 0 0 0 
0 0 0 0 3 48 467 506 0 32 578 390 22 2 0 0 929 82 10 3 0 0 0 0 
0 0 0 0 0 72 577 375 0 33 796 187 8 0 0 0 998 26 0 0 0 0 0 0 
0 0 0 0 1 436 579 8 0 315 690 18 1 0 0 0 1012 11 1 0 0 0 0 0 
0 0 0 47 264 498 215 0 41 687 296 0 0 0 0 0 1024 0 0 0 0 0 0 0 
0 0 0 26 347 645 6 0 28 874 122 0 0 0 0 0 1024 0 0 0 0 0 0 0 
0 0 153 432 433 6 0 0 469 550 5 0 0 0 0 0 1024 0 0 0 0 0 0 0 
0 0 193 445 353 1 0 0 471 516 5 0 0 0 0 0 991 1 0 0 0 0 0 0 
0 0 0 0 170 755 65 2 5 869 84 22 12 0 0 0 940 24 16 12 0 0 0 0 
20 356 44 90 122 277 83 0 146 664 182 0 0 0 0 0 815 177 0 0 0 0 0 0 
0 992 0 0 0 0 0 0 1 991 0 0 0 0 0 0 924 68 0 0 0 0 0 0 
0 492 500 0 0 0 0 0 0 992 0 0 0 0 0 0 950 42 0 0 0 0 0 0 
0 0 540 154 68 89 96 45 101 681 141 61 8 0 0 0 889 89 7 7 0 0 0 0 
0 0 3 14 24 39 464 448 13 41 703 235 0 0 0 0 928 60 4 0 0 0 0 0 
0 0 0 0 0 56 784 152 0 54 916 22 0 0 0 0 992 0 0 0 0 0 0 0 
0 0 0 0 0 172 740 80 0 119 811 61 1 0 0 0 940 49 3 0 0 0 0 0 
0 0 0 0 68 491 386 47 1 446 467 39 39 0 0 0 931 55 6 0 0 0 0 0 
0 0 0 0 89 657 166 80 0 527 287 146 32 0 0 0 872 105 13 2 0 0 0 0 
0 0 0 75 325 302 117 173 55 547 95 273 22 0 0 0 863 109 19 1 0 0 0 0 
0 0 0 58 181 172 197 384 19 286 242 374 71 0 0 0 931 59 2 0 0 0 0 0 
0 0 69 125 166 171 290 171 108 294 409 155 25 1 0 0 953 34 4 1 0 0 0 0 
0 0 110 137 181 226 240 67 144 362 369 79 7 0 0 0 943 17 1 0 0 0 0 0 
