1024 0 0 0 0 0 0 0 1024 0 0 0 0 0 0 0 1024 0 0 0 0 0 0 0 
1024 0 0 0 0 0 0 0 1024 0 0 0 0 0 0 0 1024 0 0 0 0 0 0 0 
1024 0 0 0 0 0 0 0 1024 0 0 0 0 0 0 0 1024 0 0 0 0 0 0 0 
683 341 0 0 0 0 0 0 747 277 0 0 0 0 0 0 849 175 0 0 0 0 0 0 
256 201 357 197 13 0 0 0 261 304 382 77 0 0 0 0 331 369 319 5 0 0 0 0 
422 141 138 137 144 39 3 0 455 174 197 133 41 24 0 0 485 258 178 48 46 9 0 0 
635 167 69 61 47 45 0 0 676 166 89 58 35 0 0 0 708 191 92 33 0 0 0 0 
178 226 259 191 162 8 0 0 247 335 257 169 16 0 0 0 273 434 262 55 0 0 0 0 
303 608 113 0 0 0 0 0 319 640 65 0 0 0 0 0 447 552 25 0 0 0 0 0 
982 42 0 0 0 0 0 0 1023 1 0 0 0 0 0 0 1024 0 0 0 0 0 0 0 
718 306 0 0 0 0 0 0 967 57 0 0 0 0 0 0 1024 0 0 0 0 0 0 0 
613 378 1 0 0 0 0 0 872 120 0 0 0 0 0 0 992 0 0 0 0 0 0 0 
1024 0 0 0 0 0 0 0 1024 0 0 0 0 0 0 0 1024 0 0 0 0 0 0 0 
1024 0 0 0 0 0 0 0 1024 0 0 0 0 0 0 0 1024 0 0 0 0 0 0 0 
979 45 0 0 0 0 0 0 1019 5 0 0 0 0 0 0 1024 0 0 0 0 0 0 0 
770 205 49 0 0 0 0 0 788 236 0 0 0 0 0 0 822 202 0 0 0 0 0 0 
328 201 446 49 0 0 0 0 333 277 405 9 0 0 0 0 407 382 235 0 0 0 0 0 
508 180 98 86 147 5 0 0 570 192 131 131 0 0 0 0 601 266 157 0 0 0 0 0 
41 186 160 190 179 201 67 0 112 224 259 224 148 57 0 0 144 370 317 127 63 3 0 0 
32 242 344 306 89 7 4 0 99 436 406 79 2 2 0 0 186 600 225 10 3 0 0 0 
146 564 311 3 0 0 0 0 157 631 234 2 0 0 0 0 188 698 138 0 0 0 0 0 
437 587 0 0 0 0 0 0 748 276 0 0 0 0 0 0 1024 0 0 0 0 0 0 0 
218 776 30 0 0 0 0 0 589 432 3 0 0 0 0 0 1010 14 0 0 0 0 0 0 
217 677 98 0 0 0 0 0 479 501 12 0 0 0 0 0 963 29 0 0 0 0 0 0 
1024 0 0 0 0 0 0 0 1024 0 0 0 0 0 0 0 1024 0 0 0 0 0 0 0 
979 45 0 0 0 0 0 0 1005 19 0 0 0 0 0 0 1024 0 0 0 0 0 0 0 
320 595 109 0 0 0 0 0 528 478 18 0 0 0 0 0 957 67 0 0 0 0 0 0 
424 509 50 14 14 6 6 1 509 460 23 17 7 6 1 1 650 352 13 4 2 2 1 0 
330 274 196 120 85 17 2 0 391 327 261 27 16 2 0 0 454 411 158 1 0 0 0 0 
707 96 78 109 23 8 3 0 730 189 63 32 8 2 0 0 802 191 27 4 0 0 0 0 
276 155 179 215 136 54 9 0 316 252 268 143 42 3 0 0 380 401 197 44 2 0 0 0 
479 318 117 71 36 2 1 0 571 301 89 55 7 1 0 0 695 233 68 25 3 0 0 0 
308 349 339 21 5 0 2 0 349 410 257 6 0 2 0 0 413 447 161 1 2 0 0 0 
200 609 187 11 7 2 3 5 416 554 39 5 3 2 4 1 980 32 4 2 5 1 0 0 
142 573 298 11 0 0 0 0 377 565 82 0 0 0 0 0 923 101 0 0 0 0 0 0 
62 545 360 25 0 0 0 0 276 638 78 0 0 0 0 0 920 72 0 0 0 0 0 0 
974 50 0 0 0 0 0 0 988 36 0 0 0 0 0 0 1024 0 0 0 0 0 0 0 
545 467 12 0 0 0 0 0 709 314 1 0 0 0 0 0 998 26 0 0 0 0 0 0 
18 447 426 33 12 16 19 53 93 585 233 20 12 13 20 48 584 330 11 14 15 18 27 25 
2 36 69 67 124 199 79 448 53 172 237 38 28 36 74 386 431 65 31 40 92 209 128 28 
0 13 22 83 162 145 147 452 12 169 140 64 91 120 173 255 295 82 146 160 183 61 47 50 
40 21 13 37 243 148 186 336 53 103 225 58 96 166 111 212 311 108 161 161 74 91 62 56 
65 16 15 37 252 126 179 334 72 157 149 91 105 162 79 209 330 114 154 156 78 61 61 70 
90 36 115 136 144 173 121 209 151 221 86 114 148 95 68 141 411 200 111 80 93 56 52 21 
75 92 345 136 229 85 42 20 466 104 107 223 89 17 17 1 639 264 80 23 17 1 0 0 
158 269 278 152 66 38 41 22 584 173 138 52 43 22 11 1 807 117 62 25 11 2 0 0 
224 465 168 72 43 18 22 12 489 373 88 34 17 17 5 1 875 88 38 15 6 2 0 0 
245 559 136 23 6 9 7 7 404 525 37 5 8 8 5 0 931 35 12 11 3 0 0 0 
635 389 0 0 0 0 0 0 764 260 0 0 0 0 0 0 1022 2 0 0 0 0 0 0 
221 564 188 14 5 6 4 22 359 515 108 6 4 7 5 20 832 149 2 7 4 7 7 16 
51 324 211 167 88 55 43 85 191 505 127 45 39 26 28 63 469 353 55 40 31 28 20 28 
57 266 312 199 83 44 36 27 395 360 109 72 42 16 17 13 717 165 77 26 18 14 7 0 
153 232 57 28 49 420 82 3 336 84 38 23 70 451 21 1 405 69 228 309 9 4 0 0 
529 284 100 46 51 13 1 0 695 154 74 51 44 6 0 0 809 113 64 32 6 0 0 0 
563 333 76 35 8 6 3 0 796 152 48 17 6 4 1 0 916 72 23 8 5 0 0 0 
708 183 45 38 23 21 6 0 790 113 41 34 22 18 6 0 873 59 39 38 13 1 1 0 
482 209 79 112 123 8 8 3 583 136 67 123 96 10 6 3 715 195 87 12 9 5 1 0 
590 264 77 35 55 3 0 0 775 122 45 32 50 0 0 0 870 106 46 2 0 0 0 0 
336 532 134 18 3 1 0 0 786 205 25 5 3 0 0 0 944 72 4 3 1 0 0 0 
200 569 105 58 21 13 12 14 707 178 52 20 16 6 11 2 888 60 26 9 8 1 0 0 
342 587 95 0 0 0 0 0 512 472 40 0 0 0 0 0 943 81 0 0 0 0 0 0 
139 541 195 24 21 15 19 70 296 490 103 19 18 15 23 60 505 383 18 20 14 22 38 24 
63 224 273 166 115 76 52 55 338 319 122 82 63 46 39 15 587 241 81 64 31 13 7 0 
169 357 339 102 43 12 1 1 680 216 85 31 11 1 0 0 849 132 39 3 1 0 0 0 
137 206 88 23 42 509 19 0 269 151 27 13 36 512 16 0 400 50 157 402 15 0 0 0 
330 336 149 96 89 24 0 0 537 217 111 65 74 20 0 0 722 180 107 15 0 0 0 0 
581 313 58 35 25 9 1 2 747 170 49 27 21 8 0 2 869 99 35 15 3 1 2 0 
604 183 74 41 39 45 26 12 694 132 52 35 40 41 21 9 784 86 51 52 36 8 7 0 
463 371 119 50 21 0 0 0 675 233 75 33 8 0 0 0 877 115 26 5 1 0 0 0 
417 258 136 97 86 22 6 2 542 204 119 87 54 10 5 3 720 190 79 21 10 4 0 0 
801 84 54 59 26 0 0 0 823 67 56 59 19 0 0 0 888 100 35 1 0 0 0 0 
572 238 81 69 22 10 0 0 731 117 69 53 14 8 0 0 830 103 44 14 1 0 0 0 
307 416 201 12 10 12 12 54 540 232 156 14 7 14 16 45 758 166 16 8 12 18 33 13 
14 455 176 162 79 50 46 42 205 543 112 70 45 26 11 12 445 449 61 37 19 6 7 0 
128 231 223 172 106 77 49 38 469 233 150 71 47 26 20 8 703 186 77 28 25 5 0 0 
442 374 143 42 12 11 0 0 728 219 53 9 10 5 0 0 899 92 18 11 4 0 0 0 
261 115 20 22 237 340 29 0 340 48 14 18 195 385 24 0 388 37 355 233 11 0 0 0 
500 172 69 121 142 16 4 0 605 110 59 121 114 13 2 0 711 177 114 15 5 2 0 0 
602 216 92 70 23 19 2 0 746 143 58 29 32 16 0 0 851 81 39 30 16 7 0 0 
594 258 59 42 32 25 12 2 747 135 46 39 21 20 12 4 846 69 49 26 21 11 2 0 
439 333 112 60 36 11 26 7 574 260 90 39 47 13 1 0 812 112 57 40 3 0 0 0 
648 264 64 37 10 1 0 0 789 188 40 6 1 0 0 0 893 109 20 1 1 0 0 0 
551 205 76 98 82 4 5 3 667 112 66 99 69 4 4 3 761 147 94 12 7 3 0 0 
600 142 77 69 93 3 6 2 639 112 75 71 83 3 7 2 761 130 80 8 5 6 2 0 
182 634 59 14 28 17 15 43 601 249 53 18 9 11 11 40 679 222 20 9 11 14 31 6 
156 277 169 148 105 55 36 46 360 367 119 56 32 22 15 21 653 197 74 27 25 14 2 0 
109 237 259 183 117 46 24 17 460 272 120 74 29 22 11 4 729 152 63 24 19 5 0 0 
322 314 147 70 39 33 42 25 591 176 80 33 32 42 25 13 761 94 55 38 35 9 0 0 
209 130 25 11 129 469 19 0 279 71 16 12 123 477 14 0 346 25 366 248 7 0 0 0 
331 218 89 91 202 61 0 0 468 101 91 79 186 67 0 0 595 161 212 23 1 0 0 0 
478 269 149 58 24 9 5 0 589 230 108 25 25 14 1 0 789 123 28 30 18 3 1 0 
638 211 76 42 20 3 1 1 739 129 72 38 10 2 1 1 843 97 40 9 2 1 0 0 
557 218 65 60 33 37 19 3 633 162 68 44 30 35 15 5 751 119 46 44 20 8 3 1 
674 217 55 33 7 3 3 0 715 215 38 15 3 3 3 0 866 99 15 5 4 3 0 0 
591 220 74 92 7 2 3 3 691 158 120 14 2 2 2 3 821 138 18 8 4 3 0 0 
357 169 87 262 84 2 0 0 409 148 214 125 64 1 0 0 545 329 83 4 0 0 0 0 
