0 186 509 329 0 0 0 0 0 477 547 0 0 0 0 0 714 310 0 0 0 0 0 0 
0 235 413 376 0 0 0 0 0 494 468 62 0 0 0 0 730 294 0 0 0 0 0 0 
3 188 411 422 0 0 0 0 15 428 504 77 0 0 0 0 651 373 0 0 0 0 0 0 
100 87 361 476 0 0 0 0 139 233 628 24 0 0 0 0 623 401 0 0 0 0 0 0 
5 154 268 597 0 0 0 0 39 233 599 153 0 0 0 0 350 674 0 0 0 0 0 0 
0 64 198 762 0 0 0 0 25 151 837 11 0 0 0 0 204 820 0 0 0 0 0 0 
0 46 162 816 0 0 0 0 16 125 877 6 0 0 0 0 183 841 0 0 0 0 0 0 
0 59 166 799 0 0 0 0 0 153 871 0 0 0 0 0 196 828 0 0 0 0 0 0 
0 144 154 726 0 0 0 0 53 131 840 0 0 0 0 0 253 771 0 0 0 0 0 0 
0 85 346 593 0 0 0 0 9 170 845 0 0 0 0 0 302 722 0 0 0 0 0 0 
0 0 165 311 49 136 127 236 0 9 387 74 57 130 128 239 74 321 59 40 78 124 122 206 
652 79 69 64 36 28 32 64 656 79 72 58 32 31 33 63 697 73 85 35 38 31 44 21 
0 172 690 121 5 12 3 21 7 615 350 12 6 11 4 19 745 229 10 10 6 5 4 15 
0 147 376 501 0 0 0 0 3 310 711 0 0 0 0 0 782 242 0 0 0 0 0 0 
0 66 583 343 0 0 0 0 5 250 737 0 0 0 0 0 881 111 0 0 0 0 0 0 
0 1024 0 0 0 0 0 0 444 580 0 0 0 0 0 0 1024 0 0 0 0 0 0 0 
6 1018 0 0 0 0 0 0 592 432 0 0 0 0 0 0 1024 0 0 0 0 0 0 0 
10 1012 2 0 0 0 0 0 489 535 0 0 0 0 0 0 1024 0 0 0 0 0 0 0 
47 746 198 33 0 0 0 0 100 875 20 29 0 0 0 0 956 56 12 0 0 0 0 0 
0 15 665 76 198 70 0 0 1 631 64 137 175 16 0 0 675 61 233 55 0 0 0 0 
0 0 465 128 22 256 153 0 0 109 474 28 115 282 16 0 465 143 68 241 107 0 0 0 
0 0 71 505 29 164 255 0 0 0 545 47 56 335 41 0 91 488 32 253 160 0 0 0 
0 0 56 491 37 209 231 0 0 0 544 32 99 320 29 0 122 438 32 293 139 0 0 0 
0 0 379 250 22 296 77 0 0 1 610 32 156 207 18 0 349 277 116 219 63 0 0 0 
0 36 463 355 137 33 0 0 0 85 750 82 101 6 0 0 400 452 131 41 0 0 0 0 
0 30 324 320 92 76 55 127 1 64 440 157 102 75 54 131 200 253 129 140 72 62 62 106 
732 97 58 32 31 37 29 8 724 103 58 35 32 39 26 7 781 88 49 35 34 29 8 0 
0 67 588 360 8 1 0 0 7 404 602 9 2 0 0 0 916 95 10 3 0 0 0 0 
11 89 808 61 16 27 7 5 35 525 402 16 26 15 2 3 841 129 29 19 2 4 0 0 
24 70 898 0 0 0 0 0 39 790 163 0 0 0 0 0 849 135 8 0 0 0 0 0 
271 753 0 0 0 0 0 0 725 299 0 0 0 0 0 0 1024 0 0 0 0 0 0 0 
18 1006 0 0 0 0 0 0 389 635 0 0 0 0 0 0 1024 0 0 0 0 0 0 0 
540 439 20 8 2 5 7 3 640 357 6 4 4 6 5 2 963 40 4 3 9 3 2 0 
309 591 124 0 0 0 0 0 220 636 168 0 0 0 0 0 341 510 173 0 0 0 0 0 
162 456 316 55 25 10 0 0 161 420 317 91 26 9 0 0 389 248 240 135 12 0 0 0 
13 70 97 9 21 24 54 736 21 141 20 15 19 44 32 732 162 19 21 16 43 58 455 250 
3 26 174 12 9 13 19 768 8 136 63 8 9 27 5 768 168 37 11 13 27 0 480 288 
15 31 147 15 4 8 8 796 26 96 80 9 8 5 10 790 148 58 10 4 8 34 442 320 
18 63 81 10 5 5 11 831 28 118 21 6 6 5 30 810 133 38 4 6 10 81 553 199 
202 505 194 85 8 3 0 27 275 389 209 111 11 2 1 26 496 183 200 117 1 22 5 0 
92 400 283 74 30 48 61 36 75 394 300 75 33 46 60 41 185 399 222 47 36 61 41 33 
818 53 74 54 25 0 0 0 823 61 76 47 17 0 0 0 865 91 53 15 0 0 0 0 
0 104 903 17 0 0 0 0 5 650 369 0 0 0 0 0 862 159 3 0 0 0 0 0 
9 136 877 2 0 0 0 0 24 890 110 0 0 0 0 0 903 119 2 0 0 0 0 0 
12 94 886 0 0 0 0 0 26 888 78 0 0 0 0 0 882 108 2 0 0 0 0 0 
1004 20 0 0 0 0 0 0 953 71 0 0 0 0 0 0 977 47 0 0 0 0 0 0 
571 327 40 29 17 20 20 0 764 126 47 31 18 18 20 0 823 93 45 26 15 17 5 0 
582 382 25 11 14 5 5 0 410 549 26 12 12 7 8 0 722 253 19 17 9 4 0 0 
87 365 380 147 36 7 1 1 46 383 364 176 44 8 2 1 111 398 356 115 36 6 1 1 
37 136 173 295 226 98 51 8 21 145 192 313 221 107 24 1 60 209 248 253 200 51 2 1 
0 0 0 0 0 0 11 1013 0 0 0 0 0 0 14 1010 0 0 0 0 1 11 20 992 
0 0 0 0 0 0 0 1024 0 0 0 0 0 0 0 1024 0 0 0 0 0 0 0 1024 
0 0 0 0 0 0 0 1024 0 0 0 0 0 0 0 1024 0 0 0 0 0 0 0 1024 
0 0 0 0 0 0 0 1024 0 0 0 0 0 0 0 1024 0 0 0 0 0 0 0 1024 
2 230 277 255 176 54 28 2 63 258 259 214 154 67 9 0 252 320 136 170 127 19 0 0 
218 277 181 146 105 53 40 4 210 289 185 148 93 49 42 8 259 304 185 142 61 44 25 4 
895 60 61 8 0 0 0 0 888 92 40 4 0 0 0 0 954 60 10 0 0 0 0 0 
476 134 406 5 2 0 1 0 469 503 49 0 2 0 1 0 948 73 0 2 0 1 0 0 
492 330 192 4 5 1 0 0 442 569 4 3 5 1 0 0 887 128 2 3 3 1 0 0 
556 234 196 2 3 1 0 0 477 486 23 2 4 0 0 0 834 134 19 3 2 0 0 0 
798 226 0 0 0 0 0 0 421 591 12 0 0 0 0 0 538 482 4 0 0 0 0 0 
962 62 0 0 0 0 0 0 875 149 0 0 0 0 0 0 901 123 0 0 0 0 0 0 
296 469 99 75 49 24 9 3 360 443 100 60 44 10 4 3 688 242 68 16 4 2 3 1 
173 464 232 118 31 5 1 0 155 458 237 132 35 6 1 0 245 440 202 111 20 5 1 0 
30 116 126 115 156 155 94 232 20 108 127 122 175 134 150 188 36 119 141 143 156 183 176 70 
0 13 46 31 35 102 54 743 9 43 24 25 84 65 62 712 65 25 32 103 40 111 253 395 
25 197 95 101 45 43 53 465 126 141 109 75 45 45 71 412 299 129 53 40 58 54 15 376 
10 152 61 55 77 74 87 508 90 106 56 79 82 69 132 410 188 96 90 78 79 84 25 384 
0 13 20 16 23 56 70 826 2 28 13 21 32 61 88 779 33 17 22 66 56 294 123 413 
0 95 169 173 186 148 113 140 6 105 193 162 191 169 136 62 68 199 176 188 203 125 55 10 
393 156 126 173 135 34 7 0 360 195 126 174 128 33 8 0 406 188 155 199 51 24 1 0 
991 33 0 0 0 0 0 0 944 80 0 0 0 0 0 0 923 101 0 0 0 0 0 0 
844 163 10 1 2 4 0 0 467 533 17 1 2 4 0 0 433 583 1 1 6 0 0 0 
0 687 324 3 10 0 0 0 0 302 709 4 8 1 0 0 21 721 272 9 1 0 0 0 
0 406 586 0 0 0 0 0 0 79 800 113 0 0 0 0 0 355 593 44 0 0 0 0 
713 259 31 13 7 1 0 0 607 338 54 15 7 3 0 0 668 294 43 15 4 0 0 0 
799 210 14 1 0 0 0 0 711 277 32 4 0 0 0 0 759 247 17 1 0 0 0 0 
835 185 4 0 0 0 0 0 789 235 0 0 0 0 0 0 860 164 0 0 0 0 0 0 
754 263 7 0 0 0 0 0 721 293 10 0 0 0 0 0 762 253 9 0 0 0 0 0 
567 361 81 10 3 2 0 0 539 388 80 13 4 0 0 0 618 306 87 9 4 0 0 0 
284 486 210 33 3 2 1 5 321 443 216 33 4 1 2 4 399 432 156 28 3 1 2 3 
211 468 227 74 17 27 0 0 265 390 235 102 32 0 0 0 313 413 189 104 5 0 0 0 
143 376 276 82 59 70 16 2 175 328 278 94 77 56 15 1 246 346 229 98 51 40 14 0 
72 351 260 122 60 60 79 20 144 262 254 124 80 55 68 37 240 270 167 124 72 57 61 33 
183 332 173 113 61 47 67 48 238 302 134 112 55 62 48 73 337 249 112 100 52 62 40 72 
576 216 135 56 37 4 0 0 553 210 152 56 47 6 0 0 575 218 129 59 39 4 0 0 
931 44 41 5 3 0 0 0 895 70 39 16 3 1 0 0 878 90 40 13 3 0 0 0 
702 113 110 66 32 1 0 0 597 171 130 69 54 3 0 0 548 219 141 77 37 2 0 0 
138 683 88 68 45 2 0 0 97 586 186 96 49 10 0 0 120 664 121 93 26 0 0 0 
116 712 79 47 31 7 0 0 84 491 315 56 31 15 0 0 94 714 110 47 26 1 0 0 
875 132 17 0 0 0 0 0 861 143 20 0 0 0 0 0 877 137 10 0 0 0 0 0 
771 180 73 0 0 0 0 0 767 173 84 0 0 0 0 0 775 200 49 0 0 0 0 0 
821 163 40 0 0 0 0 0 800 184 40 0 0 0 0 0 794 194 36 0 0 0 0 0 
777 196 51 0 0 0 0 0 759 196 69 0 0 0 0 0 766 195 63 0 0 0 0 0 
724 172 113 15 0 0 0 0 718 176 115 15 0 0 0 0 739 156 115 14 0 0 0 0 
644 165 166 49 0 0 0 0 637 163 165 59 0 0 0 0 651 157 163 53 0 0 0 0 
739 102 111 68 4 0 0 0 726 114 111 68 5 0 0 0 753 94 109 65 3 0 0 0 
681 141 97 69 36 0 0 0 674 147 97 69 36 1 0 0 697 131 96 77 23 0 0 0 
739 98 66 71 47 3 0 0 735 98 64 68 56 3 0 0 754 95 66 57 49 3 0 0 
666 124 96 83 44 7 4 0 663 125 97 83 45 7 4 0 680 127 95 80 31 10 1 0 
643 123 119 123 12 4 0 0 624 136 124 115 25 0 0 0 643 139 112 124 6 0 0 0 
786 143 68 25 2 0 0 0 806 98 88 26 6 0 0 0 831 72 89 27 5 0 0 0 
465 60 162 267 53 17 0 0 447 61 105 286 96 23 6 0 447 68 97 273 109 23 7 0 
495 223 227 54 25 0 0 0 478 129 262 106 46 3 0 0 476 145 261 94 42 6 0 0 
521 286 149 34 2 0 0 0 500 167 242 73 10 0 0 0 500 183 226 74 9 0 0 0 
968 56 0 0 0 0 0 0 965 59 0 0 0 0 0 0 993 31 0 0 0 0 0 0 
787 235 2 0 0 0 0 0 770 251 3 0 0 0 0 0 887 137 0 0 0 0 0 0 
667 294 57 6 0 0 0 0 637 310 67 10 0 0 0 0 763 236 25 0 0 0 0 0 
608 324 86 6 0 0 0 0 600 305 103 16 0 0 0 0 712 248 64 0 0 0 0 0 
720 217 73 14 0 0 0 0 705 221 84 14 0 0 0 0 787 195 42 0 0 0 0 0 
483 346 168 26 1 0 0 0 455 349 174 45 1 0 0 0 488 334 177 24 1 0 0 0 
698 250 51 25 0 0 0 0 679 262 58 25 0 0 0 0 796 175 33 20 0 0 0 0 
656 237 77 51 3 0 0 0 640 241 88 52 3 0 0 0 768 167 56 33 0 0 0 0 
671 193 107 43 10 0 0 0 647 205 116 42 14 0 0 0 753 172 67 31 1 0 0 0 
711 153 104 56 0 0 0 0 708 156 101 57 2 0 0 0 755 168 64 37 0 0 0 0 
771 134 76 43 0 0 0 0 771 127 80 46 0 0 0 0 791 145 62 26 0 0 0 0 
643 169 81 38 34 24 28 7 623 209 85 45 20 30 12 0 726 189 67 22 18 2 0 0 
870 131 18 5 0 0 0 0 861 136 20 7 0 0 0 0 900 109 14 1 0 0 0 0 
887 101 36 0 0 0 0 0 866 107 51 0 0 0 0 0 897 102 25 0 0 0 0 0 
860 117 12 3 0 0 0 0 836 130 23 3 0 0 0 0 857 124 8 3 0 0 0 0 
1024 0 0 0 0 0 0 0 1024 0 0 0 0 0 0 0 1024 0 0 0 0 0 0 0 
1024 0 0 0 0 0 0 0 1024 0 0 0 0 0 0 0 1024 0 0 0 0 0 0 0 
1024 0 0 0 0 0 0 0 1024 0 0 0 0 0 0 0 1024 0 0 0 0 0 0 0 
1024 0 0 0 0 0 0 0 1024 0 0 0 0 0 0 0 1024 0 0 0 0 0 0 0 
1024 0 0 0 0 0 0 0 1024 0 0 0 0 0 0 0 1024 0 0 0 0 0 0 0 
744 257 23 0 0 0 0 0 696 295 33 0 0 0 0 0 740 270 14 0 0 0 0 0 
984 40 0 0 0 0 0 0 984 40 0 0 0 0 0 0 987 37 0 0 0 0 0 0 
1024 0 0 0 0 0 0 0 1024 0 0 0 0 0 0 0 1024 0 0 0 0 0 0 0 
1024 0 0 0 0 0 0 0 1024 0 0 0 0 0 0 0 1024 0 0 0 0 0 0 0 
1024 0 0 0 0 0 0 0 1024 0 0 0 0 0 0 0 1024 0 0 0 0 0 0 0 
1024 0 0 0 0 0 0 0 1024 0 0 0 0 0 0 0 1024 0 0 0 0 0 0 0 
978 44 2 0 0 0 0 0 975 45 4 0 0 0 0 0 981 41 2 0 0 0 0 0 
1024 0 0 0 0 0 0 0 1024 0 0 0 0 0 0 0 1024 0 0 0 0 0 0 0 
1024 0 0 0 0 0 0 0 1024 0 0 0 0 0 0 0 1024 0 0 0 0 0 0 0 
992 0 0 0 0 0 0 0 992 0 0 0 0 0 0 0 992 0 0 0 0 0 0 0 
992 0 0 0 0 0 0 0 992 0 0 0 0 0 0 0 992 0 0 0 0 0 0 0 
992 0 0 0 0 0 0 0 992 0 0 0 0 0 0 0 992 0 0 0 0 0 0 0 
992 0 0 0 0 0 0 0 992 0 0 0 0 0 0 0 992 0 0 0 0 0 0 0 
992 0 0 0 0 0 0 0 992 0 0 0 0 0 0 0 992 0 0 0 0 0 0 0 
992 0 0 0 0 0 0 0 992 0 0 0 0 0 0 0 992 0 0 0 0 0 0 0 
898 94 0 0 0 0 0 0 838 154 0 0 0 0 0 0 862 130 0 0 0 0 0 0 
957 35 0 0 0 0 0 0 957 35 0 0 0 0 0 0 965 27 0 0 0 0 0 0 
992 0 0 0 0 0 0 0 992 0 0 0 0 0 0 0 992 0 0 0 0 0 0 0 
992 0 0 0 0 0 0 0 992 0 0 0 0 0 0 0 992 0 0 0 0 0 0 0 
992 0 0 0 0 0 0 0 992 0 0 0 0 0 0 0 992 0 0 0 0 0 0 0 
992 0 0 0 0 0 0 0 992 0 0 0 0 0 0 0 992 0 0 0 0 0 0 0 
992 0 0 0 0 0 0 0 992 0 0 0 0 0 0 0 992 0 0 0 0 0 0 0 
992 0 0 0 0 0 0 0 992 0 0 0 0 0 0 0 992 0 0 0 0 0 0 0 
992 0 0 0 0 0 0 0 992 0 0 0 0 0 0 0 992 0 0 0 0 0 0 0 
961 0 0 0 0 0 0 0 961 0 0 0 0 0 0 0 961 0 0 0 0 0 0 0 
