0 0 0 3 67 244 543 167 0 1 24 187 429 306 68 9 22 187 498 261 53 3 0 0 
0 0 1 33 163 265 154 408 0 21 126 256 147 247 220 7 178 185 211 279 169 2 0 0 
0 0 0 0 14 154 64 792 0 0 9 90 117 216 592 0 14 52 155 463 340 0 0 0 
0 0 1 1 47 270 192 513 0 1 16 210 271 237 270 19 27 75 405 365 145 7 0 0 
0 0 2 10 76 594 127 215 0 5 11 563 211 82 150 2 12 36 741 199 36 0 0 0 
0 0 5 51 245 271 161 291 0 14 92 366 194 173 165 20 46 160 408 271 109 25 5 0 
0 0 0 0 26 127 381 490 0 0 0 142 259 581 42 0 0 14 332 616 62 0 0 0 
0 0 0 0 0 0 431 593 0 0 0 0 223 723 78 0 0 0 18 928 78 0 0 0 
0 0 1 23 117 64 470 349 1 9 82 92 415 421 4 0 21 97 322 554 30 0 0 0 
0 0 15 19 83 423 313 171 8 18 23 262 543 161 9 0 32 83 682 208 16 3 0 0 
0 0 7 31 89 132 375 390 1 18 51 107 380 437 29 1 37 67 287 571 54 8 0 0 
0 0 0 2 36 144 322 520 0 0 11 130 219 635 25 4 3 36 209 723 39 14 0 0 
0 0 0 0 0 7 645 372 0 0 0 1 497 526 0 0 0 2 154 863 5 0 0 0 
0 0 0 0 1 119 804 100 0 0 0 54 837 133 0 0 0 13 562 447 2 0 0 0 
0 0 0 21 145 278 505 75 0 2 116 205 536 165 0 0 11 161 541 293 18 0 0 0 
0 2 20 12 16 41 420 513 17 10 18 19 339 509 109 3 43 18 291 538 128 6 0 0 
0 3 29 57 212 208 140 375 22 40 140 271 154 239 122 36 126 245 269 225 117 42 0 0 
0 0 0 17 66 47 68 826 0 6 56 47 51 314 440 110 70 50 73 551 233 40 7 0 
0 1 7 33 26 38 83 836 3 28 21 37 55 122 626 132 54 45 71 477 355 22 0 0 
0 7 44 166 375 192 64 176 6 100 341 295 83 51 85 63 190 417 189 115 41 20 52 0 
0 2 87 180 203 359 80 113 33 154 144 367 178 55 72 21 251 204 355 139 66 9 0 0 
0 0 3 22 73 223 89 614 1 16 55 67 216 163 503 3 67 33 224 292 406 2 0 0 
0 0 0 4 70 75 31 844 0 0 48 84 32 42 767 51 76 76 24 137 708 3 0 0 
0 0 2 21 68 83 75 775 0 6 58 76 72 122 581 109 89 75 61 254 510 35 0 0 
0 0 1 6 31 135 191 660 0 6 13 117 168 171 404 145 18 78 215 335 335 43 0 0 
8 17 17 8 81 283 427 183 24 18 22 288 259 331 67 15 40 89 510 279 76 17 13 0 
23 24 25 9 110 150 641 42 39 32 9 228 267 430 19 0 61 22 612 302 19 7 1 0 
55 125 99 46 35 78 466 120 177 96 58 33 439 150 62 9 233 85 316 282 75 27 6 0 
27 69 14 7 9 47 836 15 67 43 9 14 861 25 5 0 107 11 562 332 12 0 0 0 
67 108 113 82 122 145 290 97 153 121 110 190 298 117 30 5 250 155 266 269 54 11 19 0 
0 13 5 20 303 328 218 137 16 7 60 469 347 118 7 0 32 119 571 273 27 2 0 0 
20 75 41 48 92 246 388 114 98 48 52 185 356 230 45 10 144 63 205 480 100 27 5 0 
1 36 28 69 175 165 299 251 41 30 97 176 249 299 116 16 95 126 228 364 161 49 1 0 
5 31 23 84 193 114 353 221 39 35 88 225 331 251 52 3 88 138 341 338 81 34 4 0 
0 12 36 101 185 287 326 77 21 39 125 328 406 95 10 0 74 173 518 216 39 4 0 0 
0 6 26 90 232 119 304 247 15 33 121 234 257 284 77 3 79 155 306 338 138 8 0 0 
0 11 17 44 163 180 187 422 19 25 133 169 201 225 202 50 90 192 225 327 146 42 2 0 
0 0 0 10 34 38 97 845 0 3 19 37 41 124 485 315 40 40 70 295 405 105 65 4 
0 0 7 48 89 63 97 720 0 29 72 67 56 143 404 253 107 72 109 284 291 155 6 0 
0 0 20 58 257 155 89 445 2 33 226 186 77 99 153 248 104 282 163 134 157 99 54 31 
0 0 18 84 151 510 89 172 3 55 108 253 410 29 41 125 95 123 403 239 101 63 0 0 
0 0 0 11 46 913 53 1 0 2 46 292 680 3 1 0 9 62 657 294 2 0 0 0 
0 0 4 45 164 415 282 114 0 23 151 268 440 65 68 9 142 237 333 247 63 2 0 0 
1 17 25 38 41 68 130 704 23 35 40 35 89 122 356 324 65 58 101 221 387 175 17 0 
4 4 70 36 80 174 288 368 6 48 77 136 275 148 164 170 129 139 346 103 207 98 2 0 
326 176 161 69 24 29 104 135 421 188 113 31 41 96 76 58 547 152 99 78 62 63 22 1 
251 339 15 13 8 47 293 58 565 39 14 11 266 111 18 0 547 71 68 272 39 24 3 0 
411 350 34 11 14 34 110 60 690 102 13 18 108 48 29 16 713 82 17 36 84 60 31 1 
63 420 2 3 3 5 123 405 431 54 3 3 498 35 0 0 436 49 3 2 97 186 122 129 
107 180 253 43 33 29 51 328 237 345 72 92 101 77 48 52 172 283 84 38 38 24 46 339 
0 38 366 66 47 9 19 479 35 375 74 89 82 74 97 198 42 354 87 18 11 8 11 493 
42 221 304 113 120 70 42 112 105 500 172 188 35 15 7 2 176 478 152 47 31 36 6 98 
0 216 191 73 192 188 132 32 0 417 81 418 80 28 0 0 63 760 161 27 13 0 0 0 
19 74 107 72 107 321 196 128 83 119 89 355 192 144 41 1 177 401 182 177 80 7 0 0 
32 144 50 39 245 387 121 6 184 48 47 485 227 29 4 0 246 508 190 60 13 6 1 0 
12 65 28 31 127 534 202 25 82 30 84 380 372 69 7 0 160 433 292 112 24 2 1 0 
0 0 6 32 170 568 139 109 2 9 75 568 196 91 63 20 49 522 231 131 67 24 0 0 
0 1 8 21 20 55 172 747 2 17 16 37 68 270 375 239 43 42 118 411 286 123 1 0 
0 2 15 20 30 58 127 772 3 18 21 35 63 114 305 465 49 40 73 206 385 257 14 0 
0 2 33 49 143 101 115 581 7 49 117 120 114 53 66 498 97 163 130 69 188 277 74 26 
0 0 0 0 28 188 65 743 0 0 3 133 127 32 99 630 21 47 150 106 138 223 291 48 
0 0 0 0 37 213 153 621 0 0 10 173 164 36 147 494 0 63 236 141 149 141 137 157 
12 16 29 40 81 228 322 296 25 31 47 163 368 124 42 224 78 124 254 270 58 55 109 76 
17 126 221 127 74 138 244 77 47 281 160 89 272 113 23 39 285 245 322 104 18 25 25 0 
0 141 250 147 94 291 101 0 5 448 137 208 225 1 0 0 147 209 238 363 67 0 0 0 
38 69 133 172 136 238 170 68 112 182 174 204 265 16 14 57 87 154 197 329 167 38 41 11 
3 16 24 19 220 588 152 2 26 19 109 555 309 6 0 0 11 20 20 328 543 100 2 0 
40 96 112 133 157 280 168 38 141 206 275 282 69 37 9 5 112 52 97 140 183 234 77 129 
0 0 0 0 0 0 95 929 0 0 0 270 387 206 145 16 0 0 0 0 0 6 56 962 
11 27 37 81 78 58 146 586 114 96 91 215 154 55 155 144 13 27 23 74 59 80 81 667 
0 0 0 0 0 0 14 1010 0 0 0 0 0 21 113 890 0 0 0 0 0 0 15 1009 
0 12 69 162 68 55 101 557 134 144 315 171 102 79 69 10 30 64 179 68 82 138 172 291 
0 21 73 112 146 207 281 184 3 241 765 10 5 0 0 0 4 151 167 292 281 125 4 0 
278 134 74 70 88 142 170 68 339 134 97 92 172 129 50 11 394 145 103 210 105 50 17 0 
1 2 18 68 770 164 1 0 2 30 99 857 36 0 0 0 66 786 171 1 0 0 0 0 
58 42 29 29 246 594 25 1 97 36 40 610 224 17 0 0 161 670 167 23 3 0 0 0 
399 76 72 17 18 188 250 4 464 90 19 228 222 1 0 0 527 432 62 3 0 0 0 0 
5 20 32 7 12 276 399 273 31 27 12 308 397 119 88 42 71 618 138 129 66 2 0 0 
0 0 4 12 27 67 182 732 1 5 15 88 70 145 216 484 34 92 70 157 275 305 91 0 
0 0 7 30 60 73 72 782 0 6 62 71 58 40 60 727 32 78 78 47 43 70 138 538 
0 0 0 0 16 210 238 560 0 0 1 177 132 320 190 204 0 6 201 500 151 59 45 62 
0 0 0 0 1 29 122 872 0 0 0 6 107 66 128 717 0 7 101 197 109 100 135 375 
0 1 17 35 67 75 52 777 1 9 42 81 64 43 108 676 28 79 82 59 130 143 227 276 
0 45 226 243 419 42 29 20 0 257 330 354 43 22 1 17 95 215 566 118 11 3 9 7 
0 20 35 160 359 435 12 3 35 104 210 626 37 12 0 0 27 66 292 535 94 10 0 0 
23 20 15 99 394 393 72 8 41 22 103 617 202 30 9 0 45 14 91 534 313 26 1 0 
8 36 14 58 210 204 481 13 46 31 125 178 599 33 12 0 38 12 32 635 278 26 3 0 
14 29 32 53 59 182 637 18 50 54 74 75 263 492 16 0 28 24 25 363 487 70 22 5 
0 27 13 8 5 66 827 78 38 6 14 30 390 518 28 0 5 23 13 368 481 38 26 70 
0 41 15 11 9 130 502 316 53 11 9 87 255 551 54 4 11 38 11 119 469 63 38 275 
0 0 0 0 0 0 40 984 0 0 2 141 233 137 154 357 0 0 0 0 0 0 36 988 
0 21 29 148 126 52 45 603 161 165 349 210 93 25 21 0 30 42 187 79 41 116 287 242 
0 0 1 30 192 212 173 416 1 54 712 112 114 31 0 0 1 13 230 233 244 243 60 0 
125 140 59 57 283 164 124 72 239 79 168 193 159 119 51 16 271 185 225 163 100 51 25 4 
0 0 2 68 779 166 8 1 0 17 242 737 23 5 0 0 35 376 599 13 1 0 0 0 
168 8 6 51 562 228 1 0 175 5 150 673 21 0 0 0 183 468 348 25 0 0 0 0 
970 47 7 0 0 0 0 0 980 43 1 0 0 0 0 0 982 42 0 0 0 0 0 0 
601 89 112 29 12 9 94 78 641 148 50 8 140 36 1 0 704 220 91 9 0 0 0 0 
18 12 43 21 24 85 290 531 36 41 34 103 411 309 22 68 86 378 427 47 15 16 55 0 
0 0 1 11 39 91 78 804 0 5 33 66 53 106 86 675 18 57 126 76 97 130 200 320 
0 0 1 224 65 178 262 294 0 101 190 153 349 230 1 0 17 253 221 493 40 0 0 0 
0 0 1 63 39 214 339 368 0 38 52 184 481 232 37 0 23 66 336 545 53 1 0 0 
0 0 0 0 51 245 275 453 0 0 25 241 294 213 173 78 7 66 279 423 183 35 16 15 
0 0 0 100 244 256 281 143 0 4 185 370 299 103 48 15 6 54 444 289 157 62 12 0 
0 15 35 188 736 46 4 0 33 65 417 499 8 2 0 0 12 40 471 466 30 3 2 0 
26 14 21 115 490 292 49 17 40 35 144 567 187 32 18 1 44 29 382 522 22 21 4 0 
0 0 0 0 0 262 762 0 0 0 0 0 1019 5 0 0 0 0 0 1024 0 0 0 0 
0 0 0 0 0 247 752 25 0 0 0 0 452 549 22 1 0 0 13 680 330 1 0 0 
0 0 0 0 0 137 880 7 0 0 0 0 428 576 20 0 0 0 9 659 348 8 0 0 
5 27 7 6 6 219 671 83 34 9 11 49 221 669 30 1 17 16 8 197 630 52 29 75 
0 0 35 34 16 264 346 329 18 42 326 623 15 0 0 0 0 31 34 12 140 202 208 397 
0 0 24 98 162 291 283 166 22 182 752 68 0 0 0 0 0 45 194 321 307 134 23 0 
0 16 6 11 313 419 214 45 18 33 485 105 304 77 2 0 16 9 288 459 237 15 0 0 
18 150 32 86 612 108 11 7 177 76 604 142 14 8 2 1 125 245 460 102 73 18 0 1 
0 0 0 41 873 110 0 0 0 18 709 295 2 0 0 0 1 154 845 24 0 0 0 0 
147 141 83 82 456 41 20 54 332 72 370 163 34 23 28 2 228 143 469 73 37 15 10 49 
345 339 110 86 38 17 14 75 671 242 20 1 39 17 34 0 489 265 110 49 20 1 27 63 
332 263 178 79 49 35 21 67 618 205 88 45 4 7 39 18 494 238 98 55 27 40 8 64 
79 159 225 58 25 126 324 28 286 300 52 111 257 14 3 1 368 527 90 20 6 4 5 4 
0 0 1 20 123 255 397 228 0 8 102 352 387 45 80 50 56 692 105 89 74 8 0 0 
0 0 0 64 879 80 1 0 0 21 864 134 5 0 0 0 16 825 166 17 0 0 0 0 
0 0 0 40 776 93 115 0 0 3 813 67 141 0 0 0 4 821 198 1 0 0 0 0 
0 0 11 36 187 521 244 25 6 38 215 417 308 38 2 0 41 221 558 192 12 0 0 0 
0 0 0 57 213 475 111 168 2 90 285 396 168 83 0 0 33 452 281 194 58 6 0 0 
0 0 1 282 403 228 97 13 1 13 588 316 95 10 1 0 5 133 561 178 77 66 4 0 
39 46 218 490 208 13 6 4 75 187 569 167 15 5 5 1 116 322 524 48 6 6 2 0 
36 96 102 17 9 483 269 12 56 109 77 15 511 245 10 1 124 110 29 690 61 7 3 0 
43 205 46 5 10 162 450 103 60 224 12 10 152 312 249 5 192 109 241 401 58 23 0 0 
40 215 98 21 8 179 407 56 53 286 31 8 212 293 139 2 164 202 78 397 138 45 0 0 
35 118 241 43 3 457 118 9 50 290 95 4 453 120 11 1 106 284 45 487 88 10 4 0 
22 50 218 308 203 217 1 5 78 269 631 36 4 1 5 0 80 229 316 243 130 23 3 0 
0 11 132 468 244 163 6 0 23 244 738 13 5 1 0 0 33 445 346 197 2 1 0 0 
119 156 78 43 132 330 139 27 297 76 227 107 260 49 7 1 281 83 160 303 158 37 2 0 
15 41 18 492 404 27 24 3 59 66 829 53 15 2 0 0 58 674 233 29 18 12 0 0 
0 1 3 199 690 53 11 67 3 19 833 100 11 9 15 34 4 179 628 114 23 12 15 49 
40 50 49 80 231 120 131 323 132 231 166 99 79 84 113 120 90 58 151 164 142 129 92 198 
0 8 10 84 481 109 96 236 40 581 99 51 48 34 58 113 0 10 81 306 189 196 63 179 
30 71 50 63 84 209 148 369 152 140 240 118 43 72 115 144 107 185 135 111 94 97 84 211 
30 36 46 32 63 210 254 353 223 147 133 202 47 54 75 143 199 232 79 32 88 81 102 211 
0 1 12 12 98 414 227 260 100 131 220 456 51 21 43 2 166 354 75 60 74 70 45 180 
338 180 234 223 46 3 0 0 578 372 53 21 0 0 0 0 589 184 48 62 140 1 0 0 
177 118 171 59 161 290 48 0 322 188 111 318 83 2 0 0 407 329 258 27 2 1 0 0 
7 100 67 173 205 371 97 4 167 245 241 282 86 3 0 0 433 220 271 90 10 0 0 0 
0 23 60 236 278 419 8 0 79 424 315 202 4 0 0 0 599 323 102 0 0 0 0 0 
1 106 47 126 187 373 177 7 142 105 260 351 162 3 1 0 249 296 311 156 11 1 0 0 
40 152 218 146 155 257 49 7 194 203 227 195 179 20 6 0 329 340 140 182 26 6 1 0 
1 38 291 270 133 139 85 67 106 237 504 160 17 0 0 0 132 653 221 18 0 0 0 0 
25 78 192 411 187 123 8 0 127 322 522 50 3 0 0 0 266 642 98 17 1 0 0 0 
28 102 161 341 101 147 104 40 135 285 431 137 30 6 0 0 275 496 156 79 12 5 1 0 
27 143 89 387 83 102 161 32 200 170 480 136 27 9 2 0 322 490 182 29 1 0 0 0 
131 167 45 111 59 134 352 25 320 79 474 148 3 0 0 0 313 182 360 165 4 0 0 0 
184 142 87 44 73 156 316 22 405 95 315 171 36 2 0 0 363 135 295 211 20 0 0 0 
80 108 73 36 76 216 345 90 206 113 228 166 131 170 10 0 199 108 163 354 183 17 0 0 
143 116 92 186 202 171 52 62 313 161 277 207 54 4 4 4 314 294 223 94 49 23 25 2 
7 32 28 173 218 152 54 360 89 193 296 81 54 29 55 227 214 257 153 96 70 16 23 195 
1 25 40 53 181 85 97 542 123 159 102 61 65 50 73 391 179 174 77 87 73 34 13 387 
17 43 45 80 120 122 91 506 138 85 166 105 88 57 71 314 94 168 189 86 70 32 35 350 
29 33 44 62 156 80 115 505 125 175 89 90 74 60 50 361 214 170 82 69 64 18 29 378 
11 49 63 143 149 103 99 407 111 151 167 142 65 56 73 259 86 205 132 112 64 33 37 355 
11 67 108 235 206 90 138 169 128 189 313 191 91 30 30 52 137 193 198 96 28 24 27 321 
723 278 23 0 0 0 0 0 1017 7 0 0 0 0 0 0 1021 3 0 0 0 0 0 0 
367 172 5 8 16 428 28 0 543 7 6 443 25 0 0 0 532 158 270 64 0 0 0 0 
50 166 148 136 52 321 67 84 331 178 31 324 60 19 15 66 468 88 160 223 39 14 13 19 
108 110 678 58 43 6 7 14 807 152 15 11 9 6 10 14 876 87 11 10 5 15 11 9 
37 214 379 28 15 201 130 20 544 105 23 231 93 14 4 10 607 69 241 61 29 4 5 8 
93 434 108 115 61 117 74 22 586 71 113 49 146 39 8 12 609 153 71 123 40 11 6 11 
65 255 36 42 130 376 92 28 366 42 29 507 49 11 7 13 399 239 291 69 9 4 5 8 
177 179 110 177 159 138 51 33 427 169 189 145 51 14 9 20 616 245 87 35 18 4 6 13 
95 52 78 119 193 258 98 131 174 143 215 211 78 51 59 93 411 169 159 129 45 32 27 52 
145 90 84 144 131 98 103 229 276 198 110 106 71 39 46 178 469 177 84 64 39 27 67 97 
240 66 71 149 195 120 62 121 316 218 185 75 59 44 24 103 603 137 68 44 46 33 34 59 
105 71 96 127 180 132 89 224 230 177 173 89 59 56 67 173 427 166 67 67 64 43 65 125 
10 46 36 145 143 275 275 94 77 102 260 223 171 156 27 8 407 238 119 187 61 10 2 0 
26 66 106 160 206 244 143 73 145 183 263 220 131 39 18 25 509 209 168 84 24 16 14 0 
131 55 98 238 229 45 54 174 219 276 200 48 44 41 58 138 513 160 53 41 57 58 80 62 
175 179 60 94 178 164 91 83 330 165 246 130 41 22 33 57 647 182 52 26 19 30 25 43 
138 90 65 181 164 100 74 212 234 197 175 54 38 51 66 209 428 154 53 38 37 44 77 193 
269 159 66 87 162 88 68 125 401 135 171 68 46 55 60 88 521 188 63 69 71 50 38 24 
104 118 99 172 268 112 52 99 242 188 316 84 44 31 37 82 413 297 88 38 32 40 55 61 
47 66 78 98 272 282 147 34 167 136 304 242 137 33 5 0 583 293 97 38 10 3 0 0 
485 250 169 54 36 27 3 0 650 251 72 35 15 1 0 0 765 176 56 24 3 0 0 0 
204 167 134 44 115 314 43 3 465 60 51 394 51 3 0 0 458 290 232 37 7 0 0 0 
138 206 82 20 179 391 6 2 367 69 54 497 34 3 0 0 404 274 235 106 5 0 0 0 
222 174 159 75 184 186 18 6 381 183 76 312 27 13 19 13 401 406 143 21 16 6 19 12 
147 128 110 41 126 427 44 1 308 86 84 484 57 5 0 0 366 331 269 54 4 0 0 0 
325 99 30 119 126 249 57 19 412 46 137 256 103 49 18 3 422 271 217 44 45 4 12 9 
367 81 28 31 125 335 50 7 449 41 87 241 195 4 0 7 476 146 314 74 5 2 0 7 
253 164 64 43 63 286 90 61 398 106 100 85 261 17 10 47 485 121 243 101 20 13 12 29 
143 114 114 96 121 255 127 54 278 147 112 88 318 39 11 31 401 117 228 199 36 7 17 19 
221 128 116 101 95 221 131 11 402 164 87 65 266 39 1 0 516 124 179 194 9 2 0 0 
146 239 133 93 44 194 129 46 559 50 46 53 214 91 6 5 594 70 76 249 25 5 4 1 
325 119 110 64 28 183 157 38 507 96 37 20 295 46 11 12 542 94 80 263 23 13 7 2 
11 51 51 131 87 323 220 150 89 87 120 153 371 107 48 49 226 140 226 264 82 35 40 11 
157 96 149 94 113 260 108 47 311 172 81 91 325 38 5 1 408 146 188 211 68 3 0 0 
231 72 70 71 83 253 100 144 290 88 74 94 304 44 25 105 392 70 204 187 33 37 45 56 
235 117 69 66 136 254 122 25 375 86 58 151 309 41 4 0 434 79 284 165 43 19 0 0 
393 83 52 26 91 236 114 29 445 60 45 112 284 55 12 11 457 65 236 172 38 34 16 6 
385 83 13 23 76 280 79 85 459 40 21 119 259 88 21 17 462 61 178 175 93 33 18 4 
217 102 50 44 127 293 153 38 341 45 42 187 274 110 16 9 361 57 225 230 117 21 13 0 
583 132 70 63 64 59 29 24 660 101 77 67 59 35 11 14 664 140 79 75 27 13 12 14 
544 194 83 40 128 33 2 0 654 155 126 61 23 5 0 0 731 179 82 10 19 3 0 0 
377 121 39 46 103 327 11 0 454 103 37 367 53 10 0 0 502 289 200 10 17 6 0 0 
0 2 93 151 84 594 23 77 45 220 121 601 37 0 0 0 178 253 584 9 0 0 0 0 
0 0 181 541 183 21 33 65 171 600 224 29 0 0 0 0 436 517 71 0 0 0 0 0 
0 0 46 523 366 79 8 2 173 612 174 65 0 0 0 0 328 660 36 0 0 0 0 0 
0 0 4 698 244 73 5 0 164 165 574 97 24 0 0 0 224 726 74 0 0 0 0 0 
0 0 0 512 425 77 10 0 20 196 573 174 61 0 0 0 197 654 157 16 0 0 0 0 
0 0 0 389 472 136 27 0 40 184 486 207 107 0 0 0 218 509 222 75 0 0 0 0 
0 0 8 133 636 227 20 0 166 66 42 588 158 4 0 0 193 93 587 151 0 0 0 0 
0 0 24 17 501 379 99 4 120 104 5 207 539 49 0 0 135 89 73 488 230 9 0 0 
0 0 0 28 120 553 263 60 0 76 82 34 281 489 62 0 7 79 120 143 331 316 27 1 
0 0 0 58 158 615 164 29 17 140 55 52 411 339 10 0 41 134 89 255 372 132 1 0 
0 0 2 64 571 332 55 0 14 200 18 422 370 0 0 0 132 92 194 587 19 0 0 0 
0 0 0 54 659 273 38 0 43 173 16 334 455 3 0 0 155 73 112 655 29 0 0 0 
0 0 0 59 569 365 31 0 16 199 19 126 634 30 0 0 115 109 61 512 227 0 0 0 
0 0 0 63 360 551 50 0 8 181 44 55 602 134 0 0 56 156 80 90 611 31 0 0 
0 0 1 23 159 813 28 0 4 36 24 71 811 78 0 0 9 54 78 528 348 7 0 0 
0 0 0 0 36 988 0 0 0 0 0 56 968 0 0 0 0 0 101 923 0 0 0 0 
67 87 56 39 197 429 145 4 155 57 107 193 406 97 9 0 195 123 270 299 105 32 0 0 
492 190 77 99 137 29 0 0 625 172 163 53 11 0 0 0 756 204 50 11 3 0 0 0 
0 0 0 280 597 147 0 0 0 0 344 680 0 0 0 0 24 978 22 0 0 0 0 0 
0 0 6 127 600 285 6 0 0 8 231 763 22 0 0 0 26 854 143 1 0 0 0 0 
0 0 0 0 165 123 85 651 478 83 160 303 0 0 0 0 77 690 257 0 0 0 0 0 
0 0 0 0 0 1 85 938 521 87 317 99 0 0 0 0 110 545 354 15 0 0 0 0 
0 0 1 7 15 19 208 774 374 132 197 298 23 0 0 0 83 468 304 169 0 0 0 0 
0 0 2 67 104 312 225 314 125 38 170 381 309 1 0 0 27 249 616 125 5 2 0 0 
0 0 0 72 103 59 189 601 248 70 214 436 54 2 0 0 61 407 343 201 9 3 0 0 
0 0 0 94 122 14 88 706 454 35 207 324 4 0 0 0 54 627 152 190 1 0 0 0 
0 0 0 33 195 39 96 661 280 26 105 487 125 1 0 0 59 263 338 362 2 0 0 0 
0 0 0 6 125 120 52 721 440 32 45 232 270 5 0 0 24 448 49 401 102 0 0 0 
0 0 0 0 7 161 139 717 361 28 36 176 209 207 7 0 53 332 46 287 176 128 2 0 
0 0 0 0 23 204 108 689 417 49 27 138 296 97 0 0 49 401 47 289 215 23 0 0 
0 0 0 0 171 108 153 592 234 77 29 276 408 0 0 0 25 277 143 570 9 0 0 0 
0 0 0 3 146 115 205 555 300 57 29 302 335 1 0 0 48 296 97 578 5 0 0 0 
0 0 0 0 73 227 176 548 325 45 51 229 374 0 0 0 58 308 78 548 32 0 0 0 
0 0 0 0 44 257 263 460 300 12 18 289 370 35 0 0 32 278 93 438 183 0 0 0 
0 0 0 0 48 204 156 616 397 57 44 215 244 67 0 0 27 422 76 347 152 0 0 0 
0 0 0 0 65 825 84 50 11 7 13 238 731 24 0 0 12 8 465 489 50 0 0 0 
0 3 2 30 233 687 67 2 4 16 120 266 609 9 0 0 11 136 575 300 2 0 0 0 
15 65 45 121 328 429 21 0 99 81 285 350 207 2 0 0 144 309 524 47 0 0 0 0 
0 0 0 145 879 0 0 0 0 0 354 670 0 0 0 0 0 1024 0 0 0 0 0 0 
0 0 0 0 1024 0 0 0 0 0 0 1024 0 0 0 0 0 972 52 0 0 0 0 0 
7 13 173 153 529 66 35 48 57 232 154 562 15 4 0 0 185 522 305 8 4 0 0 0 
0 9 556 186 29 18 32 194 263 604 156 1 0 0 0 0 338 616 70 0 0 0 0 0 
0 2 279 244 46 17 74 362 236 415 315 58 0 0 0 0 157 716 98 53 0 0 0 0 
0 1 44 237 72 62 168 440 207 79 336 332 70 0 0 0 46 554 310 114 0 0 0 0 
0 0 21 139 56 42 125 641 289 101 294 302 38 0 0 0 82 532 247 163 0 0 0 0 
0 0 5 75 57 31 48 808 483 114 195 231 1 0 0 0 75 631 140 177 1 0 0 0 
0 0 0 25 60 24 88 827 469 50 151 277 77 0 0 0 72 521 149 280 2 0 0 0 
0 0 0 2 16 38 54 914 638 82 57 177 70 0 0 0 53 676 70 210 15 0 0 0 
0 0 0 0 7 48 105 864 404 73 25 329 193 0 0 0 94 385 30 507 8 0 0 0 
0 0 0 0 14 56 107 847 632 88 84 155 65 0 0 0 86 644 95 185 14 0 0 0 
0 0 0 9 48 68 133 766 375 92 87 306 163 1 0 0 114 363 152 378 17 0 0 0 
0 0 0 15 75 58 95 781 498 68 90 311 57 0 0 0 84 477 169 289 5 0 0 0 
0 0 0 5 115 96 168 640 402 101 71 302 148 0 0 0 58 422 222 318 4 0 0 0 
0 0 1 10 68 233 224 488 316 35 73 311 280 5 3 1 43 327 93 519 27 11 3 1 
0 0 0 0 39 112 115 758 461 119 89 251 8 38 36 22 24 588 188 136 54 34 0 0 
0 0 2 5 186 563 84 184 94 21 42 636 203 3 14 11 39 93 757 107 2 18 8 0 
0 0 10 68 849 73 19 5 9 43 93 849 30 0 0 0 6 98 836 31 16 21 11 5 
0 2 10 161 837 14 0 0 9 17 138 857 3 0 0 0 8 178 822 15 1 0 0 0 
135 179 81 476 153 0 0 0 195 189 582 58 0 0 0 0 378 622 24 0 0 0 0 0 
37 224 11 25 724 3 0 0 230 43 81 668 2 0 0 0 272 686 65 1 0 0 0 0 
28 19 93 13 835 36 0 0 33 74 48 862 7 0 0 0 100 702 220 2 0 0 0 0 
11 3 6 70 795 139 0 0 16 5 63 917 23 0 0 0 21 270 720 13 0 0 0 0 
0 0 46 230 234 514 0 0 61 97 175 691 0 0 0 0 129 236 659 0 0 0 0 0 
0 0 61 472 209 282 0 0 25 153 294 534 18 0 0 0 142 369 513 0 0 0 0 0 
0 0 32 707 151 134 0 0 144 70 552 172 86 0 0 0 198 571 251 4 0 0 0 0 
0 0 31 772 167 54 0 0 129 90 673 67 65 0 0 0 205 688 112 19 0 0 0 0 
0 0 44 817 160 3 0 0 186 36 671 113 18 0 0 0 200 485 333 6 0 0 0 0 
0 0 44 476 463 41 0 0 182 22 128 687 5 0 0 0 200 42 710 72 0 0 0 0 
0 0 2 83 857 60 12 10 12 99 64 696 138 12 3 0 21 94 269 613 13 12 2 0 
0 0 21 91 829 79 4 0 75 91 56 653 149 0 0 0 91 121 279 522 11 0 0 0 
0 0 46 227 693 58 0 0 127 84 14 674 125 0 0 0 160 57 626 169 12 0 0 0 
0 0 49 187 704 84 0 0 117 90 13 701 103 0 0 0 171 45 563 242 3 0 0 0 
0 0 37 233 681 73 0 0 138 64 36 699 87 0 0 0 155 55 539 273 2 0 0 0 
81 27 59 188 315 210 76 68 104 172 314 320 57 23 19 15 140 179 311 218 73 44 39 20 
135 64 63 152 170 103 99 238 160 100 107 176 111 97 68 205 160 145 205 110 97 78 101 128 
199 19 15 29 582 63 4 113 203 20 30 616 29 12 13 101 183 83 608 13 18 11 37 71 
0 4 16 28 593 190 126 67 77 166 181 593 7 0 0 0 18 38 611 148 104 60 27 18 
608 36 48 100 175 28 13 16 656 170 82 103 13 0 0 0 691 128 136 56 13 0 0 0 
52 361 323 280 8 0 0 0 79 630 306 8 1 0 0 0 986 30 5 3 0 0 0 0 
336 429 114 138 7 0 0 0 606 252 137 27 2 0 0 0 922 95 6 1 0 0 0 0 
377 212 159 116 159 1 0 0 418 250 184 169 3 0 0 0 803 207 14 0 0 0 0 0 
239 61 77 112 466 69 0 0 268 92 135 491 38 0 0 0 828 146 38 12 0 0 0 0 
114 207 318 37 69 279 0 0 173 432 68 284 67 0 0 0 585 107 311 21 0 0 0 0 
140 43 31 30 87 684 9 0 157 44 39 662 114 8 0 0 241 88 651 39 5 0 0 0 
69 11 4 4 30 893 13 0 79 6 3 140 787 9 0 0 81 5 875 48 15 0 0 0 
0 0 0 0 0 1024 0 0 0 0 0 0 1024 0 0 0 0 0 648 376 0 0 0 0 
0 0 0 0 0 1024 0 0 0 0 0 0 1024 0 0 0 0 0 85 939 0 0 0 0 
0 0 0 0 56 968 0 0 0 0 0 24 1000 0 0 0 0 0 24 1000 0 0 0 0 
0 0 0 0 64 960 0 0 0 0 0 32 992 0 0 0 0 0 32 992 0 0 0 0 
0 0 0 0 56 968 0 0 0 0 0 9 1015 0 0 0 0 0 24 1000 0 0 0 0 
0 0 0 0 21 1003 0 0 0 0 0 0 1024 0 0 0 0 0 24 1000 0 0 0 0 
0 0 0 0 0 1024 0 0 0 0 0 0 1024 0 0 0 0 0 0 1024 0 0 0 0 
0 1 14 135 238 543 72 21 10 186 216 130 465 17 0 0 243 207 239 332 3 0 0 0 
360 104 107 139 108 60 51 95 349 203 144 90 69 52 26 91 434 217 104 64 58 37 44 66 
167 48 37 110 404 247 2 9 191 47 87 564 121 5 2 7 189 149 578 61 27 7 7 6 
265 12 28 44 631 43 1 0 266 25 37 647 35 14 0 0 274 69 638 40 2 1 0 0 
108 58 65 94 648 51 0 0 167 191 126 540 0 0 0 0 265 163 589 7 0 0 0 0 
781 110 61 40 23 4 5 0 850 115 39 14 6 0 0 0 958 51 10 5 0 0 0 0 
