1024 0 0 0 0 0 0 0 1024 0 0 0 0 0 0 0 1024 0 0 0 0 0 0 0 
1024 0 0 0 0 0 0 0 1024 0 0 0 0 0 0 0 1024 0 0 0 0 0 0 0 
1024 0 0 0 0 0 0 0 1024 0 0 0 0 0 0 0 1024 0 0 0 0 0 0 0 
1024 0 0 0 0 0 0 0 1024 0 0 0 0 0 0 0 1024 0 0 0 0 0 0 0 
1024 0 0 0 0 0 0 0 1024 0 0 0 0 0 0 0 1024 0 0 0 0 0 0 0 
1024 0 0 0 0 0 0 0 1024 0 0 0 0 0 0 0 1024 0 0 0 0 0 0 0 
1024 0 0 0 0 0 0 0 1024 0 0 0 0 0 0 0 1024 0 0 0 0 0 0 0 
1024 0 0 0 0 0 0 0 1024 0 0 0 0 0 0 0 1024 0 0 0 0 0 0 0 
1024 0 0 0 0 0 0 0 1024 0 0 0 0 0 0 0 1024 0 0 0 0 0 0 0 
992 0 0 0 0 0 0 0 992 0 0 0 0 0 0 0 992 0 0 0 0 0 0 0 
672 0 1 15 79 18 155 84 704 2 65 29 0 126 98 0 728 72 0 0 82 142 0 0 
672 15 35 10 22 99 133 38 704 24 25 38 9 134 82 8 710 26 15 5 57 103 18 90 
672 0 1 12 12 61 134 132 704 1 8 18 27 62 64 140 704 21 39 6 6 8 28 212 
672 0 0 0 4 15 63 270 704 0 0 8 21 37 42 212 704 8 20 12 12 12 19 237 
672 0 0 38 16 11 180 107 704 0 48 6 3 180 18 65 709 46 4 1 66 129 11 58 
672 1 64 27 4 46 175 35 705 46 48 1 0 223 1 0 761 37 2 0 143 81 0 0 
672 0 0 9 23 36 80 204 704 5 27 37 5 82 30 134 718 54 4 9 62 104 69 4 
672 0 15 12 7 26 112 180 704 18 10 5 7 85 129 66 727 9 6 7 84 146 14 31 
672 0 0 0 13 17 64 258 704 0 2 21 35 43 201 18 710 48 39 3 20 184 12 8 
651 0 0 0 2 10 57 272 682 0 0 10 39 44 181 36 685 47 41 2 12 176 18 11 
0 0 0 27 100 127 173 597 0 0 57 154 294 181 170 168 56 223 202 89 94 188 20 152 
0 0 10 169 156 153 188 348 0 17 233 247 98 150 47 232 135 259 93 93 121 125 16 182 
0 4 52 200 243 154 193 178 0 41 331 282 55 121 63 131 167 454 65 47 59 97 54 81 
0 0 13 195 459 154 58 145 0 7 563 236 17 54 18 129 148 509 54 37 53 63 30 130 
0 0 26 280 354 73 145 146 0 26 519 152 15 163 24 125 207 453 38 26 87 88 20 105 
0 7 28 129 203 161 165 331 2 32 265 233 54 149 41 248 303 302 44 21 79 82 47 146 
1 17 29 133 249 113 168 314 1 35 193 286 88 150 40 231 245 367 50 19 96 86 46 115 
1 72 20 8 77 70 169 607 12 81 34 116 141 132 107 401 214 205 79 24 67 105 48 282 
3 67 30 11 39 58 168 648 16 77 21 76 184 162 58 430 151 265 161 39 19 57 37 295 
1 34 18 9 15 57 205 653 4 42 15 46 224 151 67 443 90 257 211 44 22 60 36 272 
0 0 0 8 115 270 534 97 0 1 150 335 440 41 15 42 352 479 68 20 16 9 16 64 
47 213 5 47 106 121 209 276 93 172 53 228 178 51 226 23 400 233 276 22 14 13 32 34 
106 43 23 50 82 68 12 640 101 60 55 130 31 303 344 0 168 80 652 25 12 30 28 29 
123 35 27 62 57 36 11 673 135 43 69 91 18 668 0 0 203 147 641 8 3 7 12 3 
140 21 18 103 10 8 89 635 143 30 115 10 441 285 0 0 211 562 251 0 0 0 0 0 
113 54 20 49 6 5 90 687 127 53 61 5 474 304 0 0 196 700 128 0 0 0 0 0 
105 55 9 7 7 7 3 831 98 72 9 7 20 566 252 0 173 178 673 0 0 0 0 0 
43 48 9 3 4 6 6 905 53 46 4 9 6 24 875 7 102 39 874 9 0 0 0 0 
88 258 33 18 28 27 113 459 112 256 45 73 134 212 192 0 605 155 257 7 0 0 0 0 
80 256 30 17 68 79 164 298 102 253 100 139 176 209 13 0 704 271 17 0 0 0 0 0 
0 0 7 11 185 479 236 106 0 7 360 398 227 32 0 0 248 693 83 0 0 0 0 0 
88 180 27 50 86 110 100 383 119 161 143 131 91 194 185 0 389 235 397 3 0 0 0 0 
0 0 0 0 0 0 0 1024 0 0 0 0 0 796 228 0 0 1 1023 0 0 0 0 0 
0 0 0 0 0 0 0 1024 0 0 0 0 195 829 0 0 0 41 983 0 0 0 0 0 
0 0 0 0 0 0 43 981 0 0 0 0 863 161 0 0 0 615 409 0 0 0 0 0 
0 0 0 0 0 0 2 1022 0 0 0 0 512 512 0 0 0 664 360 0 0 0 0 0 
0 0 0 0 0 0 0 1024 0 0 0 0 63 961 0 0 0 355 669 0 0 0 0 0 
0 0 0 0 0 0 0 1024 0 0 0 0 0 982 42 0 0 274 750 0 0 0 0 0 
222 157 19 82 109 71 52 312 250 138 160 144 58 269 5 0 532 269 223 0 0 0 0 0 
222 157 27 86 192 201 105 2 250 145 227 309 61 0 0 0 645 308 39 0 0 0 0 0 
245 66 61 122 203 232 67 28 294 107 195 332 59 11 3 23 626 352 26 0 5 3 3 9 
226 61 96 161 79 30 200 171 230 189 157 64 311 73 0 0 490 402 132 0 0 0 0 0 
0 0 0 0 0 0 588 436 0 0 0 0 868 156 0 0 0 646 378 0 0 0 0 0 
0 0 0 0 0 0 816 208 0 0 0 0 1024 0 0 0 0 947 77 0 0 0 0 0 
0 0 0 0 0 0 1017 7 0 0 0 0 1024 0 0 0 0 1010 14 0 0 0 0 0 
0 0 0 0 0 0 942 82 0 0 0 0 1024 0 0 0 0 1024 0 0 0 0 0 0 
0 0 0 0 0 0 735 289 0 0 0 0 1020 4 0 0 0 1024 0 0 0 0 0 0 
0 0 0 0 0 0 630 394 0 0 0 0 968 56 0 0 0 1024 0 0 0 0 0 0 
370 24 64 108 128 21 232 77 379 101 149 82 304 9 0 0 600 395 29 0 0 0 0 0 
370 24 99 211 224 63 1 0 381 168 246 187 10 0 0 0 773 206 13 0 0 0 0 0 
102 790 75 54 3 0 0 0 453 539 32 0 0 0 0 0 914 110 0 0 0 0 0 0 
109 790 56 43 10 5 10 1 440 540 20 12 12 0 0 0 945 74 5 0 0 0 0 0 
126 788 45 1 16 16 32 0 485 474 1 28 36 0 0 0 904 115 5 0 0 0 0 0 
90 739 113 13 4 18 47 0 480 460 18 5 61 0 0 0 868 141 15 0 0 0 0 0 
115 730 77 16 9 42 35 0 562 353 24 19 66 0 0 0 878 139 7 0 0 0 0 0 
140 723 40 6 10 29 76 0 597 307 8 26 86 0 0 0 865 139 20 0 0 0 0 0 
269 312 257 41 8 61 76 0 391 461 30 32 110 0 0 0 810 197 17 0 0 0 0 0 
110 711 22 5 10 52 114 0 612 229 10 57 116 0 0 0 792 214 18 0 0 0 0 0 
195 611 100 58 0 28 32 0 610 353 1 27 33 0 0 0 894 117 13 0 0 0 0 0 
159 526 165 142 0 0 0 0 529 458 5 0 0 0 0 0 867 125 0 0 0 0 0 0 
237 727 25 3 0 0 0 0 620 364 8 0 0 0 0 0 868 124 0 0 0 0 0 0 
216 740 26 8 2 0 0 0 620 360 12 0 0 0 0 0 907 85 0 0 0 0 0 0 
225 657 55 38 9 8 0 0 596 342 40 12 2 0 0 0 874 111 7 0 0 0 0 0 
267 562 78 47 22 13 3 0 607 329 34 15 7 0 0 0 841 146 5 0 0 0 0 0 
350 613 29 0 0 0 0 0 706 286 0 0 0 0 0 0 924 68 0 0 0 0 0 0 
222 381 337 51 1 0 0 0 444 497 50 1 0 0 0 0 908 79 5 0 0 0 0 0 
34 222 640 93 3 0 0 0 159 742 84 7 0 0 0 0 838 145 9 0 0 0 0 0 
178 709 105 0 0 0 0 0 604 382 6 0 0 0 0 0 861 131 0 0 0 0 0 0 
181 764 47 0 0 0 0 0 686 306 0 0 0 0 0 0 851 141 0 0 0 0 0 0 
172 740 49 0 0 0 0 0 651 310 0 0 0 0 0 0 836 125 0 0 0 0 0 0 
