0 0 0 15 509 500 0 0 1024 0 0 0 0 0 0 0 1024 0 0 0 0 0 0 0 
0 0 0 0 106 879 24 15 998 14 9 2 1 0 0 0 1012 10 2 0 0 0 0 0 
0 0 0 0 0 706 318 0 968 56 0 0 0 0 0 0 1024 0 0 0 0 0 0 0 
0 0 0 0 0 305 719 0 874 150 0 0 0 0 0 0 1024 0 0 0 0 0 0 0 
0 0 0 0 0 405 619 0 1004 20 0 0 0 0 0 0 1024 0 0 0 0 0 0 0 
0 1 3 3 8 234 775 0 993 31 0 0 0 0 0 0 1022 2 0 0 0 0 0 0 
0 0 0 0 0 17 986 21 892 114 8 5 3 1 1 0 1008 12 3 1 0 0 0 0 
0 0 0 0 0 0 1024 0 744 280 0 0 0 0 0 0 1024 0 0 0 0 0 0 0 
0 0 0 0 0 1 1004 19 481 529 8 6 0 0 0 0 1008 12 4 0 0 0 0 0 
0 0 0 0 0 0 1024 0 221 803 0 0 0 0 0 0 1024 0 0 0 0 0 0 0 
0 0 0 0 0 0 996 28 35 979 10 0 0 0 0 0 1014 10 0 0 0 0 0 0 
0 0 0 0 0 2 930 92 13 988 23 0 0 0 0 0 1007 17 0 0 0 0 0 0 
0 0 0 0 0 0 503 521 1 1023 0 0 0 0 0 0 1024 0 0 0 0 0 0 0 
0 0 0 0 0 0 42 982 0 1008 16 0 0 0 0 0 1021 3 0 0 0 0 0 0 
0 0 0 0 0 0 10 1014 0 963 61 0 0 0 0 0 1016 8 0 0 0 0 0 0 
0 0 0 0 0 0 8 984 0 746 246 0 0 0 0 0 976 16 0 0 0 0 0 0 
0 0 0 0 0 273 587 164 473 499 52 0 0 0 0 0 1015 9 0 0 0 0 0 0 
0 0 0 0 0 112 723 189 429 495 85 15 0 0 0 0 972 52 0 0 0 0 0 0 
0 0 0 0 6 7 733 278 265 665 72 22 0 0 0 0 952 70 2 0 0 0 0 0 
0 0 0 0 1 23 661 339 114 795 104 11 0 0 0 0 924 96 4 0 0 0 0 0 
0 0 0 0 6 45 711 262 449 488 86 1 0 0 0 0 876 145 3 0 0 0 0 0 
0 1 14 11 28 74 593 303 632 268 124 0 0 0 0 0 763 253 8 0 0 0 0 0 
0 0 0 0 17 79 690 238 787 106 131 0 0 0 0 0 740 251 33 0 0 0 0 0 
0 0 0 0 28 83 661 252 770 95 158 1 0 0 0 0 691 301 32 0 0 0 0 0 
0 0 0 0 23 58 568 375 648 143 233 0 0 0 0 0 587 362 75 0 0 0 0 0 
0 0 0 26 61 68 439 430 481 406 121 5 2 2 2 5 605 358 52 5 3 1 0 0 
0 0 0 1 46 48 422 507 289 681 54 0 0 0 0 0 548 456 20 0 0 0 0 0 
0 0 0 0 41 41 482 460 308 570 146 0 0 0 0 0 623 401 0 0 0 0 0 0 
0 3 12 22 37 184 307 459 422 292 310 0 0 0 0 0 725 299 0 0 0 0 0 0 
0 0 0 0 0 40 14 970 53 241 730 0 0 0 0 0 674 350 0 0 0 0 0 0 
0 0 0 9 174 155 167 519 367 393 255 9 0 0 0 0 824 200 0 0 0 0 0 0 
0 0 0 4 36 70 77 805 125 618 247 2 0 0 0 0 899 93 0 0 0 0 0 0 
0 0 0 0 0 0 0 1024 0 992 32 0 0 0 0 0 792 232 0 0 0 0 0 0 
0 0 0 0 0 7 21 996 18 74 929 3 0 0 0 0 477 547 0 0 0 0 0 0 
0 0 0 0 25 162 100 737 245 120 618 41 0 0 0 0 325 699 0 0 0 0 0 0 
0 0 0 0 0 1 4 1019 4 76 755 189 0 0 0 0 36 796 192 0 0 0 0 0 
0 0 0 0 11 3 48 962 151 297 464 112 0 0 0 0 48 359 466 151 0 0 0 0 
0 0 0 3 15 13 15 978 60 161 300 394 108 1 0 0 36 267 632 88 1 0 0 0 
0 0 0 2 13 16 14 979 35 87 289 54 396 163 0 0 32 496 376 120 0 0 0 0 
0 0 0 0 0 8 13 1003 19 58 264 95 406 182 0 0 12 513 361 138 0 0 0 0 
0 0 0 0 0 0 0 1024 0 75 246 305 380 18 0 0 0 292 616 116 0 0 0 0 
0 0 0 0 0 0 0 1024 3 177 115 503 226 0 0 0 0 209 781 34 0 0 0 0 
0 0 0 0 0 0 19 1005 104 145 458 298 19 0 0 0 15 134 757 118 0 0 0 0 
0 0 0 0 0 6 127 891 204 385 435 0 0 0 0 0 79 199 544 202 0 0 0 0 
0 0 0 5 46 64 117 792 436 580 8 0 0 0 0 0 196 529 299 0 0 0 0 0 
0 0 0 0 8 8 18 990 94 61 668 201 0 0 0 0 33 826 165 0 0 0 0 0 
0 0 0 0 15 50 19 940 80 37 904 3 0 0 0 0 137 887 0 0 0 0 0 0 
0 0 0 0 4 22 7 959 30 81 878 3 0 0 0 0 176 816 0 0 0 0 0 0 
0 0 0 0 0 0 0 1024 0 343 669 12 0 0 0 0 34 990 0 0 0 0 0 0 
0 0 0 0 0 0 0 1024 0 0 922 102 0 0 0 0 0 1024 0 0 0 0 0 0 
0 0 0 0 0 0 0 1024 0 0 455 462 100 7 0 0 0 996 28 0 0 0 0 0 
0 0 0 0 0 0 0 1024 0 0 150 533 289 49 3 0 0 788 236 0 0 0 0 0 
0 0 0 0 0 0 0 1024 0 505 388 79 52 0 0 0 0 157 740 127 0 0 0 0 
0 0 0 0 0 0 0 1024 0 124 781 119 0 0 0 0 0 11 941 72 0 0 0 0 
0 0 0 0 0 0 0 1024 0 27 607 350 40 0 0 0 0 81 897 46 0 0 0 0 
0 0 0 0 0 0 0 1024 0 35 655 319 15 0 0 0 0 27 919 78 0 0 0 0 
0 0 0 0 0 0 0 1024 0 170 744 110 0 0 0 0 0 0 883 141 0 0 0 0 
0 0 0 0 0 0 0 1024 0 100 823 101 0 0 0 0 0 0 903 121 0 0 0 0 
0 0 0 0 0 0 0 1024 0 254 754 16 0 0 0 0 0 22 903 99 0 0 0 0 
0 0 0 0 0 0 0 1024 0 620 404 0 0 0 0 0 0 227 786 11 0 0 0 0 
0 0 0 0 0 2 65 957 274 743 7 0 0 0 0 0 69 702 253 0 0 0 0 0 
0 0 0 0 0 0 1 1023 68 60 32 629 198 28 9 0 9 856 159 0 0 0 0 0 
0 0 0 0 0 0 0 1024 0 22 265 513 115 61 37 11 32 969 23 0 0 0 0 0 
0 0 0 0 0 3 56 933 49 79 631 225 8 0 0 0 140 851 1 0 0 0 0 0 
0 0 0 0 0 0 0 1024 0 0 430 179 69 45 28 273 13 720 62 39 35 22 32 101 
0 0 0 0 0 0 212 812 152 107 462 193 43 24 18 25 265 737 16 6 0 0 0 0 
0 0 0 0 0 0 94 930 63 153 173 236 160 137 59 43 198 809 17 0 0 0 0 0 
0 0 0 0 0 0 0 1024 0 0 0 0 221 121 100 582 2 466 151 92 55 38 44 176 
0 0 0 0 0 0 68 956 408 386 53 51 126 0 0 0 39 826 159 0 0 0 0 0 
0 0 0 0 0 0 47 977 400 574 50 0 0 0 0 0 12 687 325 0 0 0 0 0 
0 0 0 0 0 0 6 1018 246 625 153 0 0 0 0 0 0 524 500 0 0 0 0 0 
0 0 0 0 0 0 9 1015 266 639 119 0 0 0 0 0 1 536 487 0 0 0 0 0 
0 0 0 0 0 0 93 931 386 553 85 0 0 0 0 0 14 653 357 0 0 0 0 0 
0 0 0 0 0 0 42 982 342 616 66 0 0 0 0 0 5 654 365 0 0 0 0 0 
0 0 0 0 0 0 89 935 406 578 40 0 0 0 0 0 41 738 245 0 0 0 0 0 
0 0 0 0 0 0 149 875 541 480 3 0 0 0 0 0 67 864 93 0 0 0 0 0 
0 0 0 13 24 82 459 446 902 122 0 0 0 0 0 0 370 653 1 0 0 0 0 0 
0 0 0 0 0 0 69 955 114 14 32 430 247 76 48 63 87 843 84 6 4 0 0 0 
0 0 0 0 0 0 0 1024 0 9 44 35 133 165 59 579 58 419 98 75 45 40 64 225 
0 0 0 0 0 0 99 893 42 134 86 383 176 143 26 2 222 770 0 0 0 0 0 0 
0 0 0 0 0 0 0 1024 0 1 822 101 34 23 14 29 42 967 15 0 0 0 0 0 
0 0 56 297 99 30 14 528 491 24 276 123 85 13 7 5 551 473 0 0 0 0 0 0 
0 0 1 114 378 115 42 374 649 66 68 115 41 32 35 18 668 339 17 0 0 0 0 0 
0 0 0 0 0 0 0 1024 0 0 26 516 261 107 57 57 11 749 264 0 0 0 0 0 
0 0 0 0 23 148 475 378 733 16 55 151 69 0 0 0 298 601 122 3 0 0 0 0 
0 0 0 0 0 164 741 119 1024 0 0 0 0 0 0 0 328 696 0 0 0 0 0 0 
0 0 0 0 0 32 749 243 1024 0 0 0 0 0 0 0 111 913 0 0 0 0 0 0 
0 0 0 0 0 46 745 233 1022 2 0 0 0 0 0 0 117 907 0 0 0 0 0 0 
0 0 0 0 0 270 590 164 1024 0 0 0 0 0 0 0 298 726 0 0 0 0 0 0 
0 0 0 0 0 300 623 101 1024 0 0 0 0 0 0 0 459 565 0 0 0 0 0 0 
0 0 0 0 33 443 478 70 1024 0 0 0 0 0 0 0 661 363 0 0 0 0 0 0 
0 0 0 8 92 487 392 45 1024 0 0 0 0 0 0 0 784 240 0 0 0 0 0 0 
0 7 35 98 225 500 159 0 1024 0 0 0 0 0 0 0 959 65 0 0 0 0 0 0 
0 0 0 0 9 60 37 918 109 19 0 510 209 91 53 33 121 881 22 0 0 0 0 0 
0 0 0 67 48 52 21 836 184 16 52 279 226 78 55 134 207 722 53 20 15 7 0 0 
0 0 0 129 266 92 62 443 526 69 77 189 117 12 1 1 592 378 18 4 0 0 0 0 
0 84 109 78 63 74 35 581 428 304 292 0 0 0 0 0 516 508 0 0 0 0 0 0 
0 8 160 341 154 91 48 222 788 51 185 0 0 0 0 0 793 231 0 0 0 0 0 0 
0 0 20 228 475 134 82 85 931 50 41 2 0 0 0 0 908 96 20 0 0 0 0 0 
8 75 33 34 90 67 42 675 327 113 381 203 0 0 0 0 341 388 295 0 0 0 0 0 
0 0 6 28 59 72 125 734 324 55 564 81 0 0 0 0 226 129 627 42 0 0 0 0 
0 0 23 28 57 88 127 701 408 101 269 246 0 0 0 0 240 203 581 0 0 0 0 0 
0 5 56 39 24 40 139 721 421 344 89 150 20 0 0 0 209 326 433 56 0 0 0 0 
0 4 42 11 15 22 163 767 427 371 89 67 70 0 0 0 131 372 425 96 0 0 0 0 
0 0 0 5 25 63 179 752 457 358 73 125 11 0 0 0 117 385 496 26 0 0 0 0 
0 0 0 0 12 147 165 700 537 306 61 120 0 0 0 0 163 366 495 0 0 0 0 0 
0 0 0 16 56 233 150 569 601 240 109 74 0 0 0 0 350 341 333 0 0 0 0 0 
0 0 0 44 105 226 61 588 459 37 521 7 0 0 0 0 395 223 406 0 0 0 0 0 
0 10 40 123 170 113 41 527 503 200 321 0 0 0 0 0 476 524 24 0 0 0 0 0 
9 20 13 21 35 14 15 897 123 79 595 227 0 0 0 0 134 890 0 0 0 0 0 0 
0 0 23 67 225 21 18 670 349 56 614 5 0 0 0 0 377 647 0 0 0 0 0 0 
0 0 36 361 469 47 45 34 940 36 16 0 0 0 0 0 945 47 0 0 0 0 0 0 
0 637 230 44 46 53 14 0 1014 9 1 0 0 0 0 0 1003 20 1 0 0 0 0 0 
0 131 707 64 46 69 7 0 1018 6 0 0 0 0 0 0 1017 7 0 0 0 0 0 0 
0 72 558 229 60 89 15 1 1017 7 0 0 0 0 0 0 1015 8 1 0 0 0 0 0 
0 19 454 298 73 83 68 29 999 20 5 0 0 0 0 0 974 49 1 0 0 0 0 0 
0 0 541 183 93 139 55 13 1017 4 3 0 0 0 0 0 958 64 2 0 0 0 0 0 
0 0 343 391 97 126 44 23 1022 2 0 0 0 0 0 0 954 68 2 0 0 0 0 0 
0 32 189 443 216 82 22 40 1013 11 0 0 0 0 0 0 961 55 8 0 0 0 0 0 
0 72 242 425 279 6 0 0 1022 2 0 0 0 0 0 0 1018 6 0 0 0 0 0 0 
2 143 253 375 247 4 0 0 1022 2 0 0 0 0 0 0 1019 5 0 0 0 0 0 0 
1 212 206 263 266 31 28 17 1013 11 0 0 0 0 0 0 979 35 10 0 0 0 0 0 
0 5 91 240 384 118 101 85 1014 10 0 0 0 0 0 0 871 147 6 0 0 0 0 0 
0 0 58 119 360 104 123 260 896 53 75 0 0 0 0 0 713 263 48 0 0 0 0 0 
0 0 53 112 396 151 117 195 850 136 38 0 0 0 0 0 757 261 6 0 0 0 0 0 
43 55 48 85 475 66 51 201 836 147 41 0 0 0 0 0 824 200 0 0 0 0 0 0 
0 0 48 141 401 131 57 246 781 202 41 0 0 0 0 0 859 162 3 0 0 0 0 0 
0 0 91 280 321 165 66 69 939 49 4 0 0 0 0 0 892 95 5 0 0 0 0 0 
3 340 92 93 273 210 11 2 1018 6 0 0 0 0 0 0 1012 12 0 0 0 0 0 0 
0 303 216 58 117 273 57 0 1017 7 0 0 0 0 0 0 1021 3 0 0 0 0 0 0 
0 19 585 57 86 169 108 0 985 39 0 0 0 0 0 0 1020 4 0 0 0 0 0 0 
0 41 749 7 33 135 59 0 1018 6 0 0 0 0 0 0 1015 9 0 0 0 0 0 0 
0 47 767 53 46 103 8 0 1024 0 0 0 0 0 0 0 1024 0 0 0 0 0 0 0 
0 39 826 102 25 22 5 5 1013 8 3 0 0 0 0 0 1014 10 0 0 0 0 0 0 
0 15 515 373 40 74 7 0 1024 0 0 0 0 0 0 0 1019 5 0 0 0 0 0 0 
0 34 287 524 56 108 6 9 1013 7 4 0 0 0 0 0 1009 14 1 0 0 0 0 0 
7 88 182 576 64 95 12 0 1024 0 0 0 0 0 0 0 1020 4 0 0 0 0 0 0 
0 70 215 460 108 117 42 12 1008 10 6 0 0 0 0 0 991 33 0 0 0 0 0 0 
0 29 196 414 237 104 44 0 1024 0 0 0 0 0 0 0 1021 3 0 0 0 0 0 0 
0 32 177 253 385 78 86 13 1007 11 6 0 0 0 0 0 1005 19 0 0 0 0 0 0 
0 30 146 223 455 70 100 0 1024 0 0 0 0 0 0 0 1016 8 0 0 0 0 0 0 
0 18 156 137 528 67 99 19 1023 1 0 0 0 0 0 0 989 35 0 0 0 0 0 0 
4 69 167 157 306 77 131 113 940 66 17 0 1 0 0 0 917 105 1 1 0 0 0 0 
1 75 93 167 230 74 134 218 822 122 47 0 1 0 0 0 794 194 3 1 0 0 0 0 
0 54 70 77 149 459 203 12 931 93 0 0 0 0 0 0 978 46 0 0 0 0 0 0 
0 0 7 27 150 267 510 63 729 295 0 0 0 0 0 0 932 92 0 0 0 0 0 0 
0 3 158 134 154 118 306 151 715 309 0 0 0 0 0 0 945 79 0 0 0 0 0 0 
0 34 83 172 153 192 245 145 789 234 1 0 0 0 0 0 973 51 0 0 0 0 0 0 
0 0 0 70 273 194 337 150 799 225 0 0 0 0 0 0 975 49 0 0 0 0 0 0 
0 0 4 20 184 302 312 202 723 301 0 0 0 0 0 0 962 62 0 0 0 0 0 0 
0 0 14 72 185 259 365 129 813 210 1 0 0 0 0 0 960 64 0 0 0 0 0 0 
0 0 95 81 71 319 404 54 895 129 0 0 0 0 0 0 995 29 0 0 0 0 0 0 
0 0 93 235 106 191 370 29 922 102 0 0 0 0 0 0 987 37 0 0 0 0 0 0 
0 0 169 216 49 137 418 35 890 134 0 0 0 0 0 0 980 44 0 0 0 0 0 0 
0 0 270 256 37 91 268 102 854 170 0 0 0 0 0 0 993 31 0 0 0 0 0 0 
0 0 160 404 37 95 223 105 837 186 1 0 0 0 0 0 968 56 0 0 0 0 0 0 
0 0 94 594 77 119 130 10 970 54 0 0 0 0 0 0 999 25 0 0 0 0 0 0 
0 0 68 680 15 67 171 23 956 68 0 0 0 0 0 0 1005 19 0 0 0 0 0 0 
0 0 499 274 27 73 146 5 962 62 0 0 0 0 0 0 1013 11 0 0 0 0 0 0 
0 6 796 37 22 36 82 13 940 52 0 0 0 0 0 0 976 16 0 0 0 0 0 0 
1 534 216 187 43 43 0 0 1023 1 0 0 0 0 0 0 1022 2 0 0 0 0 0 0 
0 2 154 304 173 338 53 0 992 32 0 0 0 0 0 0 1007 17 0 0 0 0 0 0 
0 0 22 109 132 401 318 42 839 172 13 0 0 0 0 0 933 91 0 0 0 0 0 0 
0 0 5 59 107 278 493 82 750 274 0 0 0 0 0 0 913 111 0 0 0 0 0 0 
0 0 4 45 125 240 454 156 683 337 4 0 0 0 0 0 888 136 0 0 0 0 0 0 
0 0 3 62 126 218 457 158 691 328 5 0 0 0 0 0 892 132 0 0 0 0 0 0 
0 0 71 156 169 211 314 103 824 199 1 0 0 0 0 0 947 77 0 0 0 0 0 0 
0 0 13 21 66 151 280 493 424 587 13 0 0 0 0 0 844 180 0 0 0 0 0 0 
0 0 0 4 27 197 131 665 310 703 11 0 0 0 0 0 847 177 0 0 0 0 0 0 
0 0 26 221 95 206 89 387 608 410 6 0 0 0 0 0 914 110 0 0 0 0 0 0 
0 4 267 287 158 121 58 129 871 149 4 0 0 0 0 0 966 56 2 0 0 0 0 0 
0 0 147 332 154 130 223 38 939 85 0 0 0 0 0 0 1015 9 0 0 0 0 0 0 
0 0 75 193 190 141 306 119 809 212 3 0 0 0 0 0 973 51 0 0 0 0 0 0 
0 0 17 121 242 272 269 103 828 196 0 0 0 0 0 0 986 38 0 0 0 0 0 0 
0 0 122 110 197 249 256 90 860 164 0 0 0 0 0 0 993 31 0 0 0 0 0 0 
1 170 210 104 160 155 131 61 876 116 0 0 0 0 0 0 969 23 0 0 0 0 0 0 
21 824 127 20 0 0 0 0 992 0 0 0 0 0 0 0 991 1 0 0 0 0 0 0 
0 33 538 399 22 0 0 0 992 0 0 0 0 0 0 0 992 0 0 0 0 0 0 0 
0 1 230 454 144 53 38 72 897 68 27 0 0 0 0 0 951 41 0 0 0 0 0 0 
0 0 77 469 304 111 31 0 974 18 0 0 0 0 0 0 974 18 0 0 0 0 0 0 
0 0 27 371 420 132 41 1 978 14 0 0 0 0 0 0 980 12 0 0 0 0 0 0 
0 0 19 389 431 115 33 5 976 13 3 0 0 0 0 0 972 20 0 0 0 0 0 0 
1 122 326 334 180 25 3 1 987 4 1 0 0 0 0 0 985 7 0 0 0 0 0 0 
0 0 11 331 232 172 201 45 870 118 4 0 0 0 0 0 936 56 0 0 0 0 0 0 
0 0 0 59 65 205 287 376 499 483 10 0 0 0 0 0 839 153 0 0 0 0 0 0 
0 0 0 0 0 48 253 691 190 792 10 0 0 0 0 0 776 216 0 0 0 0 0 0 
0 0 51 41 29 25 111 735 191 790 11 0 0 0 0 0 788 204 0 0 0 0 0 0 
0 0 79 183 25 19 46 640 316 670 6 0 0 0 0 0 835 157 0 0 0 0 0 0 
0 0 71 176 64 26 36 619 349 614 29 0 0 0 0 0 837 155 0 0 0 0 0 0 
0 0 17 142 112 58 85 578 352 628 12 0 0 0 0 0 853 139 0 0 0 0 0 0 
0 0 122 115 80 37 200 438 420 571 1 0 0 0 0 0 897 95 0 0 0 0 0 0 
1 99 144 66 25 76 283 267 503 457 1 0 0 0 0 0 894 67 0 0 0 0 0 0 
