0 0 0 0 0 0 1024 0 0 0 0 0 0 1024 0 0 0 0 0 1024 0 0 0 0 
0 0 0 0 0 0 1024 0 0 0 0 0 0 1024 0 0 0 0 0 855 169 0 0 0 
0 0 0 0 0 0 1024 0 0 0 0 0 0 1024 0 0 0 0 0 922 102 0 0 0 
0 281 62 33 1 58 589 0 2 341 31 4 68 578 0 0 190 186 56 592 0 0 0 0 
10 343 671 0 0 0 0 0 66 958 0 0 0 0 0 0 1001 23 0 0 0 0 0 0 
0 323 701 0 0 0 0 0 55 969 0 0 0 0 0 0 932 92 0 0 0 0 0 0 
0 616 383 25 0 0 0 0 272 731 21 0 0 0 0 0 947 77 0 0 0 0 0 0 
343 437 187 49 6 2 0 0 603 362 55 4 0 0 0 0 872 146 6 0 0 0 0 0 
30 744 180 55 15 0 0 0 588 366 52 18 0 0 0 0 864 129 31 0 0 0 0 0 
1 849 112 30 0 0 0 0 648 311 33 0 0 0 0 0 878 107 7 0 0 0 0 0 
0 0 0 0 0 0 1024 0 0 0 0 0 0 872 152 0 0 0 0 216 808 0 0 0 
0 0 0 0 0 0 939 85 0 0 0 0 0 290 734 0 0 0 0 0 1024 0 0 0 
0 0 0 0 0 0 618 406 0 0 0 0 0 208 816 0 0 0 0 63 961 0 0 0 
0 248 40 32 0 57 643 4 0 288 25 7 74 588 42 0 187 131 81 517 108 0 0 0 
0 0 944 80 0 0 0 0 0 1024 0 0 0 0 0 0 658 366 0 0 0 0 0 0 
0 0 541 483 0 0 0 0 0 1024 0 0 0 0 0 0 278 746 0 0 0 0 0 0 
0 152 819 49 4 0 0 0 84 926 11 3 0 0 0 0 740 280 4 0 0 0 0 0 
3 246 165 227 137 98 46 102 119 375 192 130 72 35 34 67 434 278 143 48 27 25 22 47 
84 573 271 40 52 4 0 0 470 428 96 26 4 0 0 0 788 189 39 6 2 0 0 0 
74 780 138 0 0 0 0 0 602 380 10 0 0 0 0 0 884 108 0 0 0 0 0 0 
0 0 0 0 0 0 772 252 0 0 0 0 0 51 973 0 0 0 0 0 1024 0 0 0 
0 0 0 0 0 0 68 956 0 0 0 0 0 0 1024 0 0 0 0 0 533 491 0 0 
0 0 0 0 0 0 0 1024 0 0 0 0 0 0 1024 0 0 0 0 0 264 760 0 0 
0 196 92 3 29 0 556 148 0 288 0 28 4 336 368 0 76 216 28 230 474 0 0 0 
77 93 416 432 6 0 0 0 136 888 0 0 0 0 0 0 572 452 0 0 0 0 0 0 
58 102 221 643 0 0 0 0 102 874 48 0 0 0 0 0 263 761 0 0 0 0 0 0 
121 76 819 8 0 0 0 0 179 845 0 0 0 0 0 0 799 225 0 0 0 0 0 0 
639 209 176 0 0 0 0 0 809 215 0 0 0 0 0 0 1006 18 0 0 0 0 0 0 
226 745 53 0 0 0 0 0 690 334 0 0 0 0 0 0 1010 14 0 0 0 0 0 0 
233 733 26 0 0 0 0 0 799 193 0 0 0 0 0 0 980 12 0 0 0 0 0 0 
0 0 0 11 56 19 354 584 0 1 44 31 63 71 800 14 26 61 95 35 564 210 20 13 
0 0 2 28 225 22 97 650 0 7 63 194 40 72 632 16 44 168 142 52 42 554 19 3 
0 0 0 6 416 29 75 498 0 0 40 397 36 64 468 19 23 181 301 42 61 405 11 0 
0 103 188 190 238 40 146 119 2 257 235 230 48 86 166 0 96 647 38 58 156 29 0 0 
142 615 267 0 0 0 0 0 480 544 0 0 0 0 0 0 761 263 0 0 0 0 0 0 
175 689 158 2 0 0 0 0 479 541 4 0 0 0 0 0 874 149 1 0 0 0 0 0 
267 618 139 0 0 0 0 0 540 476 8 0 0 0 0 0 885 139 0 0 0 0 0 0 
501 487 34 2 0 0 0 0 794 223 7 0 0 0 0 0 960 64 0 0 0 0 0 0 
516 448 60 0 0 0 0 0 752 272 0 0 0 0 0 0 949 75 0 0 0 0 0 0 
485 506 1 0 0 0 0 0 742 250 0 0 0 0 0 0 943 49 0 0 0 0 0 0 
0 0 4 583 437 0 0 0 0 4 393 627 0 0 0 0 8 860 127 29 0 0 0 0 
23 26 7 136 832 0 0 0 37 19 54 914 0 0 0 0 52 849 123 0 0 0 0 0 
291 76 17 34 606 0 0 0 340 40 20 624 0 0 0 0 374 364 286 0 0 0 0 0 
392 80 114 242 179 17 0 0 445 60 257 242 20 0 0 0 487 442 86 9 0 0 0 0 
245 64 394 254 65 2 0 0 289 174 472 85 4 0 0 0 362 602 60 0 0 0 0 0 
262 214 503 42 3 0 0 0 399 461 159 5 0 0 0 0 600 418 6 0 0 0 0 0 
814 146 64 0 0 0 0 0 899 114 11 0 0 0 0 0 972 52 0 0 0 0 0 0 
437 520 64 3 0 0 0 0 834 176 14 0 0 0 0 0 940 80 4 0 0 0 0 0 
931 74 19 0 0 0 0 0 961 63 0 0 0 0 0 0 1011 13 0 0 0 0 0 0 
925 67 0 0 0 0 0 0 983 9 0 0 0 0 0 0 991 1 0 0 0 0 0 0 
571 98 31 324 0 0 0 0 621 72 328 3 0 0 0 0 639 383 2 0 0 0 0 0 
518 92 338 63 13 0 0 0 566 382 53 23 0 0 0 0 608 391 25 0 0 0 0 0 
225 135 356 222 70 16 0 0 323 210 384 83 24 0 0 0 414 518 73 18 1 0 0 0 
0 105 445 463 9 2 0 0 24 234 743 20 3 0 0 0 119 896 8 1 0 0 0 0 
250 537 185 52 0 0 0 0 426 473 125 0 0 0 0 0 719 305 0 0 0 0 0 0 
868 156 0 0 0 0 0 0 1018 6 0 0 0 0 0 0 1022 2 0 0 0 0 0 0 
913 108 3 0 0 0 0 0 995 29 0 0 0 0 0 0 1010 14 0 0 0 0 0 0 
881 142 1 0 0 0 0 0 1014 10 0 0 0 0 0 0 1019 5 0 0 0 0 0 0 
1007 17 0 0 0 0 0 0 1022 2 0 0 0 0 0 0 1024 0 0 0 0 0 0 0 
888 104 0 0 0 0 0 0 978 14 0 0 0 0 0 0 992 0 0 0 0 0 0 0 
499 166 321 6 0 0 0 0 565 409 18 0 0 0 0 0 736 256 0 0 0 0 0 0 
246 284 453 9 0 0 0 0 476 511 5 0 0 0 0 0 550 442 0 0 0 0 0 0 
397 371 168 53 3 0 0 0 687 226 75 4 0 0 0 0 804 184 4 0 0 0 0 0 
34 677 177 102 2 0 0 0 607 216 162 7 0 0 0 0 714 277 1 0 0 0 0 0 
311 643 38 0 0 0 0 0 674 318 0 0 0 0 0 0 896 96 0 0 0 0 0 0 
707 255 30 0 0 0 0 0 850 142 0 0 0 0 0 0 952 40 0 0 0 0 0 0 
984 8 0 0 0 0 0 0 990 2 0 0 0 0 0 0 991 1 0 0 0 0 0 0 
959 33 0 0 0 0 0 0 992 0 0 0 0 0 0 0 992 0 0 0 0 0 0 0 
992 0 0 0 0 0 0 0 992 0 0 0 0 0 0 0 992 0 0 0 0 0 0 0 
961 0 0 0 0 0 0 0 961 0 0 0 0 0 0 0 961 0 0 0 0 0 0 0 
