991 15 4 1 1 2 2 8 999 7 4 1 2 2 1 8 1002 8 1 0 3 2 4 4 
1024 0 0 0 0 0 0 0 1024 0 0 0 0 0 0 0 1024 0 0 0 0 0 0 0 
749 229 10 3 7 2 6 18 960 22 7 5 5 4 7 14 975 12 2 5 5 5 6 14 
715 309 0 0 0 0 0 0 1024 0 0 0 0 0 0 0 1024 0 0 0 0 0 0 0 
189 835 0 0 0 0 0 0 1024 0 0 0 0 0 0 0 1024 0 0 0 0 0 0 0 
138 821 16 8 5 4 6 26 952 22 7 5 5 5 4 24 969 8 6 3 5 6 5 22 
113 911 0 0 0 0 0 0 1024 0 0 0 0 0 0 0 1024 0 0 0 0 0 0 0 
130 814 56 0 5 5 4 10 974 26 1 3 7 2 4 7 980 20 0 4 4 6 3 7 
127 877 18 2 0 0 0 0 997 25 2 0 0 0 0 0 1009 14 1 0 0 0 0 0 
116 829 49 1 9 6 0 14 954 38 4 7 7 0 2 12 969 20 6 5 10 0 2 12 
150 855 13 2 2 0 1 1 996 22 2 2 0 1 1 0 1007 11 2 2 0 1 1 0 
276 748 0 0 0 0 0 0 1018 6 0 0 0 0 0 0 1022 2 0 0 0 0 0 0 
580 403 7 8 6 2 4 14 978 12 5 7 4 4 2 12 971 16 6 7 3 5 3 13 
848 144 0 0 0 0 0 0 992 0 0 0 0 0 0 0 992 0 0 0 0 0 0 0 
980 14 7 3 4 4 3 9 990 8 4 2 5 4 4 7 991 8 5 1 6 2 5 6 
1024 0 0 0 0 0 0 0 1024 0 0 0 0 0 0 0 1024 0 0 0 0 0 0 0 
820 166 14 3 4 4 2 11 981 18 3 3 4 3 4 8 982 17 3 4 3 3 5 7 
343 627 17 4 8 5 9 11 962 21 7 6 6 9 2 11 961 20 10 6 5 8 4 10 
206 751 26 7 2 10 7 15 943 34 11 3 9 9 5 10 956 21 11 3 8 10 5 10 
172 780 30 12 9 2 4 15 951 29 15 6 4 4 4 11 957 24 11 10 2 6 5 9 
228 711 38 10 9 10 2 16 939 39 9 8 11 2 5 11 952 25 10 8 7 7 4 11 
275 701 34 0 3 1 7 3 997 13 0 2 2 4 6 0 996 14 0 2 2 3 7 0 
328 576 76 11 8 6 7 12 941 39 11 8 6 8 2 9 947 27 14 12 4 4 6 10 
384 640 0 0 0 0 0 0 1024 0 0 0 0 0 0 0 1024 0 0 0 0 0 0 0 
437 511 27 12 11 7 4 15 931 44 11 10 8 4 6 10 933 35 17 9 5 9 3 13 
503 521 0 0 0 0 0 0 1016 8 0 0 0 0 0 0 1008 16 0 0 0 0 0 0 
699 242 39 11 9 11 2 11 934 16 40 6 9 6 2 11 918 30 38 8 9 8 2 11 
900 76 16 0 0 0 0 0 975 1 16 0 0 0 0 0 967 9 16 0 0 0 0 0 
1024 0 0 0 0 0 0 0 1024 0 0 0 0 0 0 0 1024 0 0 0 0 0 0 0 
1024 0 0 0 0 0 0 0 1024 0 0 0 0 0 0 0 1024 0 0 0 0 0 0 0 
1024 0 0 0 0 0 0 0 1024 0 0 0 0 0 0 0 1024 0 0 0 0 0 0 0 
850 118 46 10 0 0 0 0 1024 0 0 0 0 0 0 0 1024 0 0 0 0 0 0 0 
591 132 38 86 121 56 0 0 734 26 105 158 1 0 0 0 736 24 260 4 0 0 0 0 
196 12 16 59 315 426 0 0 208 14 182 514 106 0 0 0 208 15 521 280 0 0 0 0 
144 15 17 18 328 502 0 0 155 17 114 475 263 0 0 0 155 17 269 583 0 0 0 0 
98 14 15 14 335 548 0 0 110 14 41 468 391 0 0 0 110 13 63 838 0 0 0 0 
64 14 12 18 345 571 0 0 72 16 31 428 477 0 0 0 72 13 34 905 0 0 0 0 
37 13 14 22 341 597 0 0 42 14 26 445 497 0 0 0 40 16 15 953 0 0 0 0 
0 19 13 64 355 573 0 0 19 13 96 499 397 0 0 0 16 16 47 945 0 0 0 0 
0 0 0 201 442 381 0 0 0 0 221 672 131 0 0 0 0 0 179 845 0 0 0 0 
0 0 0 328 594 102 0 0 0 2 346 648 28 0 0 0 0 8 458 558 0 0 0 0 
415 57 8 205 304 3 0 0 470 12 227 283 0 0 0 0 460 28 304 200 0 0 0 0 
233 763 28 0 0 0 0 0 1024 0 0 0 0 0 0 0 1024 0 0 0 0 0 0 0 
692 332 0 0 0 0 0 0 1024 0 0 0 0 0 0 0 1024 0 0 0 0 0 0 0 
873 151 0 0 0 0 0 0 1024 0 0 0 0 0 0 0 1024 0 0 0 0 0 0 0 
231 267 84 150 141 87 43 21 815 147 44 18 0 0 0 0 1000 24 0 0 0 0 0 0 
197 113 92 88 135 287 112 0 498 135 39 141 191 20 0 0 639 33 110 242 0 0 0 0 
0 0 0 0 0 459 565 0 0 0 0 0 921 103 0 0 0 0 0 1024 0 0 0 0 
0 0 0 0 0 281 743 0 0 0 0 0 766 258 0 0 0 0 0 1012 12 0 0 0 
0 0 0 0 0 233 791 0 0 0 0 0 706 318 0 0 0 0 0 953 71 0 0 0 
0 0 0 0 0 144 863 17 0 0 0 0 643 381 0 0 0 0 0 686 338 0 0 0 
0 0 0 0 0 192 772 60 0 0 0 0 605 419 0 0 0 0 0 640 384 0 0 0 
0 0 0 0 0 311 713 0 0 0 0 0 692 332 0 0 0 0 0 693 331 0 0 0 
0 0 0 0 0 732 292 0 0 0 0 0 982 42 0 0 0 0 0 970 54 0 0 0 
0 18 14 16 159 717 100 0 20 13 19 318 654 0 0 0 22 18 22 962 0 0 0 0 
161 227 89 51 159 301 4 0 500 13 19 264 196 0 0 0 502 18 22 450 0 0 0 0 
0 507 211 84 54 45 27 96 685 122 49 41 23 11 18 75 855 35 29 7 6 18 13 61 
68 952 3 1 0 0 0 0 1020 3 1 0 0 0 0 0 1020 3 1 0 0 0 0 0 
245 597 168 12 2 0 0 0 869 147 7 1 0 0 0 0 1009 13 2 0 0 0 0 0 
0 67 164 189 102 252 174 76 78 466 395 85 0 0 0 0 879 145 0 0 0 0 0 0 
74 75 38 39 117 104 374 203 255 162 255 0 19 91 111 131 568 100 4 57 55 52 69 119 
0 0 0 0 0 0 578 446 0 0 0 0 16 719 266 23 0 0 0 597 238 86 83 20 
0 0 0 0 0 0 320 704 0 0 0 0 0 769 255 0 0 0 0 328 627 69 0 0 
0 0 0 0 0 0 355 669 0 0 0 0 0 580 444 0 0 0 0 0 711 302 11 0 
0 0 0 0 0 0 497 527 0 0 0 0 0 321 703 0 0 0 0 0 489 499 36 0 
0 0 0 0 0 0 476 548 0 0 0 0 0 246 778 0 0 0 0 0 381 486 157 0 
0 0 0 0 0 0 577 447 0 0 0 0 0 680 344 0 0 0 0 0 856 168 0 0 
0 0 0 0 0 0 768 256 0 0 0 0 62 940 22 0 0 0 0 144 880 0 0 0 
44 14 14 10 17 122 779 24 59 15 9 29 347 565 0 0 61 15 15 490 443 0 0 0 
118 69 139 233 20 122 291 0 539 15 9 29 212 188 0 0 541 15 15 313 108 0 0 0 
0 822 146 37 19 0 0 0 968 33 23 0 0 0 0 0 993 31 0 0 0 0 0 0 
0 370 372 195 87 0 0 0 928 96 0 0 0 0 0 0 1024 0 0 0 0 0 0 0 
9 33 442 117 303 118 2 0 378 619 25 1 1 0 0 0 998 22 4 0 0 0 0 0 
0 0 1 104 276 503 94 46 40 530 331 86 8 6 11 12 783 188 17 8 5 7 8 8 
4 240 114 17 124 285 110 130 291 474 106 2 3 16 2 130 846 23 2 3 4 16 4 126 
0 424 116 9 8 7 145 315 424 115 9 8 4 27 313 124 528 16 8 5 123 116 115 113 
0 460 27 9 3 8 182 335 454 30 8 6 8 40 478 0 477 10 11 7 185 270 64 0 
0 409 20 6 6 8 189 386 393 34 6 5 8 11 567 0 416 13 5 7 7 174 394 8 
0 356 15 9 7 8 276 353 347 21 7 7 9 9 605 19 363 7 7 7 10 68 545 17 
0 305 10 8 8 5 434 254 299 11 10 7 6 8 678 5 304 9 9 8 4 83 607 0 
0 251 8 7 6 8 626 118 243 13 8 7 4 10 739 0 250 9 7 6 8 605 139 0 
0 192 9 7 7 9 289 511 187 11 9 5 9 297 506 0 192 10 6 9 503 304 0 0 
101 133 10 15 18 15 406 326 232 12 16 15 55 427 267 0 235 16 20 80 490 182 1 0 
108 76 51 291 146 12 244 64 640 8 12 11 52 183 86 0 643 11 14 78 194 52 0 0 
70 273 411 208 25 8 10 19 899 50 29 12 7 10 8 9 940 33 14 9 6 13 5 4 
47 104 47 436 260 97 29 4 788 83 105 42 5 1 0 0 975 38 7 4 0 0 0 0 
49 98 41 42 437 138 183 36 566 161 80 205 9 3 0 0 970 49 0 4 1 0 0 0 
146 180 38 43 255 353 6 3 432 561 17 10 2 2 0 0 981 29 10 1 3 0 0 0 
137 255 98 59 124 211 26 114 488 347 22 26 36 85 20 0 845 70 75 28 6 0 0 0 
26 333 299 43 13 19 25 266 462 229 27 23 143 139 1 0 702 246 76 0 0 0 0 0 
0 512 231 8 12 6 27 228 681 74 11 26 114 118 0 0 786 188 47 3 0 0 0 0 
0 400 443 9 13 11 9 139 668 189 9 16 83 58 1 0 859 136 29 0 0 0 0 0 
0 569 376 11 8 10 15 35 791 166 10 19 34 4 0 0 955 67 2 0 0 0 0 0 
3 634 375 10 2 0 0 0 793 227 4 0 0 0 0 0 992 31 1 0 0 0 0 0 
12 693 319 0 0 0 0 0 813 211 0 0 0 0 0 0 1011 13 0 0 0 0 0 0 
18 750 255 1 0 0 0 0 888 136 0 0 0 0 0 0 1013 11 0 0 0 0 0 0 
88 787 108 17 17 7 0 0 939 85 0 0 0 0 0 0 1015 9 0 0 0 0 0 0 
82 318 71 110 368 43 0 0 832 160 0 0 0 0 0 0 988 4 0 0 0 0 0 0 
311 557 119 30 3 3 1 0 954 46 16 4 3 1 0 0 992 24 4 3 1 0 0 0 
269 582 125 28 15 2 3 0 943 32 29 17 2 1 0 0 972 33 14 5 0 0 0 0 
316 579 61 30 25 12 1 0 898 58 32 24 10 2 0 0 952 34 28 8 2 0 0 0 
309 566 56 43 38 7 5 0 863 67 43 33 13 5 0 0 915 62 37 5 5 0 0 0 
251 647 51 37 23 8 5 2 897 59 33 21 9 5 0 0 943 44 25 7 5 0 0 0 
123 502 71 66 56 30 21 155 684 97 29 27 30 93 62 2 770 61 85 71 27 10 0 0 
15 323 16 14 24 15 67 550 338 21 19 18 18 75 508 27 357 24 55 91 124 217 156 0 
64 616 46 25 35 32 43 163 685 45 26 43 29 75 112 9 725 41 85 53 45 52 23 0 
111 558 40 31 32 23 43 186 651 61 33 29 106 109 35 0 689 151 89 44 37 14 0 0 
78 527 57 45 31 32 53 201 608 70 45 47 147 89 18 0 684 160 83 44 43 10 0 0 
219 407 84 38 41 30 54 151 644 81 47 49 145 55 3 0 749 147 83 39 6 0 0 0 
150 306 79 47 31 46 50 315 478 61 68 64 157 196 0 0 582 300 118 10 14 0 0 0 
6 201 46 18 38 40 75 600 254 54 24 40 376 276 0 0 345 502 145 25 7 0 0 0 
7 106 45 49 166 55 60 504 283 120 18 29 379 163 0 0 425 462 91 14 0 0 0 0 
389 525 57 39 5 7 1 1 920 50 40 6 6 1 1 0 960 50 8 5 1 0 0 0 
188 718 44 37 25 8 3 1 896 54 39 24 6 3 2 0 954 46 18 3 2 1 0 0 
180 722 43 33 44 2 0 0 900 50 30 42 2 0 0 0 938 57 29 0 0 0 0 0 
247 722 38 6 7 3 1 0 982 35 4 1 1 1 0 0 1001 19 2 1 1 0 0 0 
302 616 49 17 22 15 3 0 924 55 16 16 10 3 0 0 950 48 20 4 2 0 0 0 
228 683 37 22 24 25 5 0 894 52 21 26 25 6 0 0 935 34 27 26 2 0 0 0 
130 760 46 33 24 30 1 0 877 75 33 16 23 0 0 0 928 58 25 13 0 0 0 0 
35 855 50 22 21 25 14 2 885 62 33 15 20 7 2 0 921 59 19 18 5 2 0 0 
43 840 38 17 26 16 33 11 862 56 20 22 15 27 22 0 883 46 31 25 12 22 5 0 
88 799 61 29 14 15 13 5 861 89 27 12 13 13 9 0 903 66 18 15 14 8 0 0 
111 802 40 19 14 21 17 0 880 73 18 14 26 13 0 0 920 53 14 29 8 0 0 0 
146 669 65 28 17 37 32 30 814 63 40 37 42 28 0 0 857 99 25 21 18 4 0 0 
200 733 35 25 16 5 10 0 923 34 36 17 8 6 0 0 942 34 34 9 5 0 0 0 
218 558 69 24 21 34 28 40 770 77 48 30 54 11 2 0 847 86 31 17 9 2 0 0 
366 658 0 0 0 0 0 0 1004 20 0 0 0 0 0 0 1017 7 0 0 0 0 0 0 
109 852 41 11 9 2 0 0 967 51 6 0 0 0 0 0 997 27 0 0 0 0 0 0 
128 877 9 5 2 3 0 0 999 12 7 3 2 1 0 0 1009 7 5 3 0 0 0 0 
170 714 56 51 20 12 1 0 888 74 49 10 2 1 0 0 940 74 8 2 0 0 0 0 
117 777 39 36 37 16 2 0 850 74 41 41 16 2 0 0 900 71 44 9 0 0 0 0 
154 719 49 22 49 25 6 0 874 70 41 27 12 0 0 0 936 58 30 0 0 0 0 0 
113 752 50 29 46 29 5 0 828 72 39 44 34 7 0 0 813 128 55 24 4 0 0 0 
159 754 48 22 35 6 0 0 873 76 31 33 11 0 0 0 897 86 34 7 0 0 0 0 
28 621 245 28 49 43 10 0 786 97 27 54 45 15 0 0 818 71 69 66 0 0 0 0 
58 746 160 33 17 10 0 0 870 91 36 16 11 0 0 0 933 62 21 7 1 0 0 0 
66 725 181 27 24 1 0 0 892 76 27 29 0 0 0 0 940 73 11 0 0 0 0 0 
26 982 16 0 0 0 0 0 1003 21 0 0 0 0 0 0 1011 13 0 0 0 0 0 0 
532 441 31 11 5 3 1 0 968 40 15 1 0 0 0 0 995 25 4 0 0 0 0 0 
518 423 31 11 5 3 1 0 936 40 15 1 0 0 0 0 963 25 4 0 0 0 0 0 
359 633 0 0 0 0 0 0 972 20 0 0 0 0 0 0 985 7 0 0 0 0 0 0 
100 846 36 7 3 0 0 0 947 43 2 0 0 0 0 0 971 21 0 0 0 0 0 0 
120 872 0 0 0 0 0 0 992 0 0 0 0 0 0 0 992 0 0 0 0 0 0 0 
180 699 44 44 15 10 0 0 880 67 42 3 0 0 0 0 926 65 1 0 0 0 0 0 
80 782 39 36 37 16 2 0 818 74 41 41 16 2 0 0 868 71 44 9 0 0 0 0 
166 666 51 28 50 25 6 0 838 74 41 27 12 0 0 0 905 57 30 0 0 0 0 0 
88 756 39 29 46 29 5 0 814 57 36 44 34 7 0 0 794 116 54 24 4 0 0 0 
139 732 41 25 39 11 5 0 838 73 34 36 11 0 0 0 867 84 34 7 0 0 0 0 
48 570 244 28 49 43 10 0 746 105 27 54 45 15 0 0 778 79 69 66 0 0 0 0 
73 710 157 28 14 10 0 0 831 99 34 17 11 0 0 0 877 79 26 9 1 0 0 0 
67 608 183 50 69 14 1 0 770 78 36 88 20 0 0 0 813 95 45 39 0 0 0 0 
20 913 20 5 21 4 9 0 928 24 7 21 4 8 0 0 939 18 20 9 6 0 0 0 
493 442 33 14 6 3 1 0 931 43 17 1 0 0 0 0 962 26 4 0 0 0 0 0 
493 417 31 11 5 3 1 0 905 40 15 1 0 0 0 0 932 25 4 0 0 0 0 0 
