1024 0 0 0 0 0 0 0 1024 0 0 0 0 0 0 0 1024 0 0 0 0 0 0 0 
1024 0 0 0 0 0 0 0 1024 0 0 0 0 0 0 0 1024 0 0 0 0 0 0 0 
1024 0 0 0 0 0 0 0 1024 0 0 0 0 0 0 0 1024 0 0 0 0 0 0 0 
1024 0 0 0 0 0 0 0 1024 0 0 0 0 0 0 0 1024 0 0 0 0 0 0 0 
1024 0 0 0 0 0 0 0 1024 0 0 0 0 0 0 0 1024 0 0 0 0 0 0 0 
1024 0 0 0 0 0 0 0 1024 0 0 0 0 0 0 0 1024 0 0 0 0 0 0 0 
1024 0 0 0 0 0 0 0 1024 0 0 0 0 0 0 0 1024 0 0 0 0 0 0 0 
1024 0 0 0 0 0 0 0 1024 0 0 0 0 0 0 0 1024 0 0 0 0 0 0 0 
1024 0 0 0 0 0 0 0 1024 0 0 0 0 0 0 0 1024 0 0 0 0 0 0 0 
1024 0 0 0 0 0 0 0 1024 0 0 0 0 0 0 0 1024 0 0 0 0 0 0 0 
1024 0 0 0 0 0 0 0 1024 0 0 0 0 0 0 0 1024 0 0 0 0 0 0 0 
1024 0 0 0 0 0 0 0 1024 0 0 0 0 0 0 0 1024 0 0 0 0 0 0 0 
1024 0 0 0 0 0 0 0 1024 0 0 0 0 0 0 0 1024 0 0 0 0 0 0 0 
1024 0 0 0 0 0 0 0 1024 0 0 0 0 0 0 0 1024 0 0 0 0 0 0 0 
1024 0 0 0 0 0 0 0 1024 0 0 0 0 0 0 0 1024 0 0 0 0 0 0 0 
1024 0 0 0 0 0 0 0 1024 0 0 0 0 0 0 0 1024 0 0 0 0 0 0 0 
1024 0 0 0 0 0 0 0 1024 0 0 0 0 0 0 0 1024 0 0 0 0 0 0 0 
1024 0 0 0 0 0 0 0 1024 0 0 0 0 0 0 0 1024 0 0 0 0 0 0 0 
987 24 13 0 0 0 0 0 1008 16 0 0 0 0 0 0 1016 8 0 0 0 0 0 0 
1024 0 0 0 0 0 0 0 1024 0 0 0 0 0 0 0 1024 0 0 0 0 0 0 0 
1024 0 0 0 0 0 0 0 1024 0 0 0 0 0 0 0 1024 0 0 0 0 0 0 0 
1024 0 0 0 0 0 0 0 1024 0 0 0 0 0 0 0 1024 0 0 0 0 0 0 0 
1024 0 0 0 0 0 0 0 1024 0 0 0 0 0 0 0 1024 0 0 0 0 0 0 0 
1024 0 0 0 0 0 0 0 1024 0 0 0 0 0 0 0 1024 0 0 0 0 0 0 0 
1002 22 0 0 0 0 0 0 1002 22 0 0 0 0 0 0 1002 22 0 0 0 0 0 0 
1024 0 0 0 0 0 0 0 1024 0 0 0 0 0 0 0 1024 0 0 0 0 0 0 0 
902 100 22 0 0 0 0 0 1023 1 0 0 0 0 0 0 1024 0 0 0 0 0 0 0 
487 119 80 77 66 77 76 42 665 100 78 65 60 56 0 0 765 72 78 51 55 3 0 0 
176 84 81 76 45 41 52 469 222 88 92 65 55 54 121 327 215 89 76 82 70 113 105 274 
836 84 36 20 10 7 12 19 918 54 14 12 13 11 2 0 941 42 15 15 11 0 0 0 
1024 0 0 0 0 0 0 0 1024 0 0 0 0 0 0 0 1024 0 0 0 0 0 0 0 
1024 0 0 0 0 0 0 0 1024 0 0 0 0 0 0 0 1024 0 0 0 0 0 0 0 
1024 0 0 0 0 0 0 0 1024 0 0 0 0 0 0 0 1024 0 0 0 0 0 0 0 
1024 0 0 0 0 0 0 0 1024 0 0 0 0 0 0 0 1024 0 0 0 0 0 0 0 
1024 0 0 0 0 0 0 0 1024 0 0 0 0 0 0 0 1024 0 0 0 0 0 0 0 
1024 0 0 0 0 0 0 0 1024 0 0 0 0 0 0 0 1024 0 0 0 0 0 0 0 
1003 13 8 0 0 0 0 0 1012 12 0 0 0 0 0 0 1009 15 0 0 0 0 0 0 
1024 0 0 0 0 0 0 0 1024 0 0 0 0 0 0 0 1024 0 0 0 0 0 0 0 
1024 0 0 0 0 0 0 0 1024 0 0 0 0 0 0 0 1024 0 0 0 0 0 0 0 
1024 0 0 0 0 0 0 0 1024 0 0 0 0 0 0 0 1024 0 0 0 0 0 0 0 
1024 0 0 0 0 0 0 0 1024 0 0 0 0 0 0 0 1024 0 0 0 0 0 0 0 
1024 0 0 0 0 0 0 0 1024 0 0 0 0 0 0 0 1024 0 0 0 0 0 0 0 
1024 0 0 0 0 0 0 0 1024 0 0 0 0 0 0 0 1024 0 0 0 0 0 0 0 
1024 0 0 0 0 0 0 0 1024 0 0 0 0 0 0 0 1024 0 0 0 0 0 0 0 
1024 0 0 0 0 0 0 0 1024 0 0 0 0 0 0 0 1024 0 0 0 0 0 0 0 
1024 0 0 0 0 0 0 0 1024 0 0 0 0 0 0 0 1024 0 0 0 0 0 0 0 
1024 0 0 0 0 0 0 0 1024 0 0 0 0 0 0 0 1024 0 0 0 0 0 0 0 
1024 0 0 0 0 0 0 0 1024 0 0 0 0 0 0 0 1024 0 0 0 0 0 0 0 
1024 0 0 0 0 0 0 0 1024 0 0 0 0 0 0 0 1024 0 0 0 0 0 0 0 
1008 16 0 0 0 0 0 0 1008 16 0 0 0 0 0 0 1008 16 0 0 0 0 0 0 
604 415 5 0 0 0 0 0 1024 0 0 0 0 0 0 0 1024 0 0 0 0 0 0 0 
12 217 542 253 0 0 0 0 666 357 1 0 0 0 0 0 996 28 0 0 0 0 0 0 
0 0 1 208 333 316 150 16 0 161 371 291 167 34 0 0 92 373 332 183 44 0 0 0 
0 0 0 0 0 138 376 510 0 0 0 160 324 273 147 120 0 0 122 345 251 174 85 47 
157 96 102 115 171 219 115 49 372 170 202 160 83 37 0 0 506 186 207 92 28 5 0 0 
980 36 8 0 0 0 0 0 1024 0 0 0 0 0 0 0 1024 0 0 0 0 0 0 0 
1024 0 0 0 0 0 0 0 1024 0 0 0 0 0 0 0 1024 0 0 0 0 0 0 0 
888 136 0 0 0 0 0 0 1024 0 0 0 0 0 0 0 1024 0 0 0 0 0 0 0 
661 362 1 0 0 0 0 0 1024 0 0 0 0 0 0 0 1024 0 0 0 0 0 0 0 
964 60 0 0 0 0 0 0 1024 0 0 0 0 0 0 0 1024 0 0 0 0 0 0 0 
1014 10 0 0 0 0 0 0 1021 3 0 0 0 0 0 0 1022 2 0 0 0 0 0 0 
1024 0 0 0 0 0 0 0 1024 0 0 0 0 0 0 0 1024 0 0 0 0 0 0 0 
1024 0 0 0 0 0 0 0 1024 0 0 0 0 0 0 0 1024 0 0 0 0 0 0 0 
1024 0 0 0 0 0 0 0 1024 0 0 0 0 0 0 0 1024 0 0 0 0 0 0 0 
1024 0 0 0 0 0 0 0 1024 0 0 0 0 0 0 0 1024 0 0 0 0 0 0 0 
1024 0 0 0 0 0 0 0 1024 0 0 0 0 0 0 0 1024 0 0 0 0 0 0 0 
1024 0 0 0 0 0 0 0 1024 0 0 0 0 0 0 0 1024 0 0 0 0 0 0 0 
1024 0 0 0 0 0 0 0 1024 0 0 0 0 0 0 0 1024 0 0 0 0 0 0 0 
1024 0 0 0 0 0 0 0 1024 0 0 0 0 0 0 0 1024 0 0 0 0 0 0 0 
1024 0 0 0 0 0 0 0 1024 0 0 0 0 0 0 0 1024 0 0 0 0 0 0 0 
1024 0 0 0 0 0 0 0 1024 0 0 0 0 0 0 0 1024 0 0 0 0 0 0 0 
1024 0 0 0 0 0 0 0 1024 0 0 0 0 0 0 0 1024 0 0 0 0 0 0 0 
1024 0 0 0 0 0 0 0 1024 0 0 0 0 0 0 0 1024 0 0 0 0 0 0 0 
1024 0 0 0 0 0 0 0 1024 0 0 0 0 0 0 0 1024 0 0 0 0 0 0 0 
838 88 37 15 9 3 7 27 871 71 26 11 8 6 5 26 903 45 17 14 5 5 9 26 
576 404 44 0 0 0 0 0 1024 0 0 0 0 0 0 0 1024 0 0 0 0 0 0 0 
102 170 251 496 5 0 0 0 513 511 0 0 0 0 0 0 979 45 0 0 0 0 0 0 
0 0 0 339 631 54 0 0 0 417 584 23 0 0 0 0 310 632 82 0 0 0 0 0 
0 0 0 0 582 442 0 0 0 72 753 199 0 0 0 0 21 696 307 0 0 0 0 0 
0 0 74 571 351 28 0 0 210 642 172 0 0 0 0 0 619 397 8 0 0 0 0 0 
328 299 323 56 5 4 6 3 932 66 8 4 4 4 3 3 977 24 8 2 4 3 2 4 
976 43 5 0 0 0 0 0 1019 5 0 0 0 0 0 0 1024 0 0 0 0 0 0 0 
408 558 58 0 0 0 0 0 1024 0 0 0 0 0 0 0 1024 0 0 0 0 0 0 0 
0 269 496 169 76 14 0 0 946 62 13 3 0 0 0 0 1009 14 1 0 0 0 0 0 
14 310 116 112 59 63 69 281 420 113 62 62 62 56 62 187 459 102 70 63 63 56 55 156 
423 287 116 63 43 26 25 41 667 144 63 42 31 25 20 32 665 143 68 39 30 30 13 36 
1024 0 0 0 0 0 0 0 1024 0 0 0 0 0 0 0 1024 0 0 0 0 0 0 0 
1024 0 0 0 0 0 0 0 1024 0 0 0 0 0 0 0 1024 0 0 0 0 0 0 0 
1024 0 0 0 0 0 0 0 1024 0 0 0 0 0 0 0 1024 0 0 0 0 0 0 0 
1024 0 0 0 0 0 0 0 1024 0 0 0 0 0 0 0 1024 0 0 0 0 0 0 0 
1018 6 0 0 0 0 0 0 1020 4 0 0 0 0 0 0 1020 4 0 0 0 0 0 0 
1024 0 0 0 0 0 0 0 1024 0 0 0 0 0 0 0 1024 0 0 0 0 0 0 0 
1024 0 0 0 0 0 0 0 1024 0 0 0 0 0 0 0 1024 0 0 0 0 0 0 0 
1024 0 0 0 0 0 0 0 1024 0 0 0 0 0 0 0 1024 0 0 0 0 0 0 0 
1024 0 0 0 0 0 0 0 1024 0 0 0 0 0 0 0 1024 0 0 0 0 0 0 0 
1018 6 0 0 0 0 0 0 1021 3 0 0 0 0 0 0 1020 4 0 0 0 0 0 0 
1024 0 0 0 0 0 0 0 1024 0 0 0 0 0 0 0 1024 0 0 0 0 0 0 0 
1024 0 0 0 0 0 0 0 1024 0 0 0 0 0 0 0 1024 0 0 0 0 0 0 0 
1024 0 0 0 0 0 0 0 1024 0 0 0 0 0 0 0 1024 0 0 0 0 0 0 0 
600 134 113 59 22 21 22 53 657 97 109 47 22 20 18 54 695 75 94 47 29 17 18 49 
870 115 37 2 0 0 0 0 976 46 2 0 0 0 0 0 988 36 0 0 0 0 0 0 
596 160 39 229 0 0 0 0 855 169 0 0 0 0 0 0 1024 0 0 0 0 0 0 0 
0 0 0 744 280 0 0 0 3 952 69 0 0 0 0 0 899 125 0 0 0 0 0 0 
0 0 0 304 720 0 0 0 1 795 228 0 0 0 0 0 782 242 0 0 0 0 0 0 
0 0 0 600 422 2 0 0 128 892 4 0 0 0 0 0 1024 0 0 0 0 0 0 0 
53 407 166 154 61 49 55 79 586 177 40 22 28 41 46 84 736 57 22 18 34 38 39 80 
735 145 62 19 19 12 10 22 880 52 23 15 14 9 9 22 918 29 13 15 13 5 12 19 
435 561 28 0 0 0 0 0 1024 0 0 0 0 0 0 0 1024 0 0 0 0 0 0 0 
0 293 224 73 294 140 0 0 576 221 186 41 0 0 0 0 795 200 29 0 0 0 0 0 
0 0 0 0 9 54 473 488 0 0 22 151 503 176 103 69 0 32 264 344 186 113 56 29 
1 274 177 138 143 127 86 78 589 136 87 50 52 34 43 33 594 143 104 54 37 34 26 32 
749 275 0 0 0 0 0 0 1024 0 0 0 0 0 0 0 1024 0 0 0 0 0 0 0 
1010 14 0 0 0 0 0 0 1024 0 0 0 0 0 0 0 1024 0 0 0 0 0 0 0 
1023 1 0 0 0 0 0 0 1023 1 0 0 0 0 0 0 1023 1 0 0 0 0 0 0 
1024 0 0 0 0 0 0 0 1024 0 0 0 0 0 0 0 1024 0 0 0 0 0 0 0 
1024 0 0 0 0 0 0 0 1024 0 0 0 0 0 0 0 1024 0 0 0 0 0 0 0 
1005 19 0 0 0 0 0 0 1013 11 0 0 0 0 0 0 1019 5 0 0 0 0 0 0 
858 85 63 18 0 0 0 0 909 66 46 3 0 0 0 0 944 70 10 0 0 0 0 0 
625 109 59 40 19 29 116 27 635 99 57 28 17 21 39 128 684 83 36 25 15 24 41 116 
577 135 93 31 31 58 91 8 652 125 19 24 34 24 59 87 707 82 20 24 36 33 80 42 
991 28 5 0 0 0 0 0 1016 8 0 0 0 0 0 0 1015 9 0 0 0 0 0 0 
953 71 0 0 0 0 0 0 1022 2 0 0 0 0 0 0 1024 0 0 0 0 0 0 0 
1003 21 0 0 0 0 0 0 1024 0 0 0 0 0 0 0 1024 0 0 0 0 0 0 0 
1024 0 0 0 0 0 0 0 1024 0 0 0 0 0 0 0 1024 0 0 0 0 0 0 0 
652 175 58 36 28 22 15 38 741 112 41 39 18 22 18 33 789 79 30 38 23 18 12 35 
40 114 773 97 0 0 0 0 963 61 0 0 0 0 0 0 1024 0 0 0 0 0 0 0 
33 90 291 306 134 67 44 59 424 270 126 50 43 32 24 55 660 160 53 37 26 25 17 46 
0 0 91 928 5 0 0 0 241 772 11 0 0 0 0 0 1003 21 0 0 0 0 0 0 
323 22 89 517 19 48 6 0 432 503 14 9 12 33 21 0 923 18 9 8 15 32 17 2 
28 11 15 568 348 53 1 0 552 455 2 6 2 6 1 0 1004 5 0 6 2 6 1 0 
5 69 380 348 199 23 0 0 947 77 0 0 0 0 0 0 1024 0 0 0 0 0 0 0 
654 197 169 4 0 0 0 0 998 22 4 0 0 0 0 0 1003 21 0 0 0 0 0 0 
229 779 9 7 0 0 0 0 999 11 11 3 0 0 0 0 1002 11 11 0 0 0 0 0 
187 205 386 67 173 6 0 0 822 193 8 0 1 0 0 0 987 35 1 1 0 0 0 0 
183 22 8 9 13 305 442 42 205 29 364 326 65 10 5 20 341 409 209 26 8 8 11 12 
107 128 123 231 253 85 51 46 578 222 44 34 36 38 30 42 681 144 40 43 29 27 28 32 
282 403 209 112 11 4 3 0 968 13 18 8 3 4 6 4 982 15 8 10 4 3 2 0 
416 208 52 45 31 40 56 176 650 58 52 34 30 36 57 107 639 64 49 33 32 35 44 128 
658 184 118 42 11 8 1 2 925 73 15 4 1 1 3 2 936 64 14 3 2 1 2 2 
977 47 0 0 0 0 0 0 1024 0 0 0 0 0 0 0 1024 0 0 0 0 0 0 0 
978 35 11 0 0 0 0 0 993 31 0 0 0 0 0 0 1001 23 0 0 0 0 0 0 
893 77 24 26 4 0 0 0 953 34 29 8 0 0 0 0 969 34 21 0 0 0 0 0 
751 171 19 31 52 0 0 0 898 34 33 56 3 0 0 0 915 44 48 16 1 0 0 0 
931 36 12 15 20 8 0 2 950 15 13 19 7 15 3 2 957 16 19 5 8 8 11 0 
1024 0 0 0 0 0 0 0 1024 0 0 0 0 0 0 0 1024 0 0 0 0 0 0 0 
1024 0 0 0 0 0 0 0 1024 0 0 0 0 0 0 0 1024 0 0 0 0 0 0 0 
1024 0 0 0 0 0 0 0 1024 0 0 0 0 0 0 0 1024 0 0 0 0 0 0 0 
1024 0 0 0 0 0 0 0 1024 0 0 0 0 0 0 0 1024 0 0 0 0 0 0 0 
1024 0 0 0 0 0 0 0 1024 0 0 0 0 0 0 0 1024 0 0 0 0 0 0 0 
1000 11 8 0 2 0 2 1 999 11 8 1 2 0 2 1 1000 13 6 1 1 1 1 1 
0 0 611 413 0 0 0 0 821 203 0 0 0 0 0 0 1015 9 0 0 0 0 0 0 
0 0 7 213 279 244 117 164 9 167 263 130 112 117 72 154 116 311 149 106 86 67 57 132 
0 0 128 888 8 0 0 0 403 588 33 0 0 0 0 0 1001 23 0 0 0 0 0 0 
371 439 214 0 0 0 0 0 1024 0 0 0 0 0 0 0 1024 0 0 0 0 0 0 0 
15 12 645 352 0 0 0 0 1024 0 0 0 0 0 0 0 1024 0 0 0 0 0 0 0 
0 849 152 23 0 0 0 0 1024 0 0 0 0 0 0 0 1024 0 0 0 0 0 0 0 
278 739 7 0 0 0 0 0 1024 0 0 0 0 0 0 0 1024 0 0 0 0 0 0 0 
215 705 31 18 3 29 16 7 932 8 16 14 5 23 9 17 945 9 16 6 21 9 5 13 
13 592 382 29 8 0 0 0 1018 6 0 0 0 0 0 0 1024 0 0 0 0 0 0 0 
6 13 5 15 192 792 1 0 77 938 9 0 0 0 0 0 1017 7 0 0 0 0 0 0 
0 1 262 649 98 14 0 0 987 37 0 0 0 0 0 0 1024 0 0 0 0 0 0 0 
0 73 658 249 42 2 0 0 902 108 11 1 2 0 0 0 981 39 2 2 0 0 0 0 
0 26 62 83 353 310 152 38 106 212 392 207 79 28 0 0 165 421 234 98 64 39 3 0 
13 54 268 469 165 55 0 0 798 189 37 0 0 0 0 0 926 91 7 0 0 0 0 0 
314 342 164 190 14 0 0 0 998 15 9 2 0 0 0 0 1007 14 3 0 0 0 0 0 
732 63 162 45 17 5 0 0 1024 0 0 0 0 0 0 0 1024 0 0 0 0 0 0 0 
693 36 76 82 88 47 2 0 1024 0 0 0 0 0 0 0 1024 0 0 0 0 0 0 0 
308 179 64 49 91 137 177 19 491 144 86 32 46 4 58 163 480 97 127 33 20 42 9 216 
503 177 52 57 195 40 0 0 831 158 23 11 1 0 0 0 796 174 25 17 5 7 0 0 
554 53 115 200 100 2 0 0 1024 0 0 0 0 0 0 0 1024 0 0 0 0 0 0 0 
433 275 101 175 40 0 0 0 1024 0 0 0 0 0 0 0 1024 0 0 0 0 0 0 0 
465 122 42 94 206 92 3 0 1024 0 0 0 0 0 0 0 1024 0 0 0 0 0 0 0 
463 69 68 48 86 162 101 27 1020 4 0 0 0 0 0 0 1011 13 0 0 0 0 0 0 
556 233 53 26 28 52 59 17 977 44 3 0 0 0 0 0 973 46 5 0 0 0 0 0 
1024 0 0 0 0 0 0 0 1024 0 0 0 0 0 0 0 1024 0 0 0 0 0 0 0 
0 0 571 453 0 0 0 0 1024 0 0 0 0 0 0 0 1024 0 0 0 0 0 0 0 
0 298 345 378 3 0 0 0 917 103 4 0 0 0 0 0 1004 20 0 0 0 0 0 0 
0 876 120 28 0 0 0 0 1003 21 0 0 0 0 0 0 1024 0 0 0 0 0 0 0 
730 238 56 0 0 0 0 0 1024 0 0 0 0 0 0 0 1024 0 0 0 0 0 0 0 
271 578 175 0 0 0 0 0 1024 0 0 0 0 0 0 0 1024 0 0 0 0 0 0 0 
68 944 12 0 0 0 0 0 1024 0 0 0 0 0 0 0 1024 0 0 0 0 0 0 0 
6 1018 0 0 0 0 0 0 1024 0 0 0 0 0 0 0 1024 0 0 0 0 0 0 0 
360 664 0 0 0 0 0 0 1024 0 0 0 0 0 0 0 1024 0 0 0 0 0 0 0 
0 737 222 17 48 0 0 0 1016 8 0 0 0 0 0 0 1024 0 0 0 0 0 0 0 
0 0 0 0 1004 20 0 0 625 399 0 0 0 0 0 0 1024 0 0 0 0 0 0 0 
0 20 852 152 0 0 0 0 1024 0 0 0 0 0 0 0 1024 0 0 0 0 0 0 0 
3 694 233 25 44 23 2 0 987 34 3 0 0 0 0 0 983 34 7 0 0 0 0 0 
4 40 176 392 286 119 7 0 555 459 8 2 0 0 0 0 846 168 8 2 0 0 0 0 
13 15 259 256 297 126 48 10 783 174 41 17 8 1 0 0 807 151 37 20 7 2 0 0 
59 19 89 238 254 179 167 19 695 208 92 26 3 0 0 0 667 214 96 41 6 0 0 0 
2 40 159 340 289 175 19 0 956 64 4 0 0 0 0 0 941 76 7 0 0 0 0 0 
9 83 342 285 214 90 1 0 1003 21 0 0 0 0 0 0 1003 21 0 0 0 0 0 0 
5 164 381 236 187 38 13 0 1024 0 0 0 0 0 0 0 1024 0 0 0 0 0 0 0 
3 170 341 257 211 39 3 0 1020 4 0 0 0 0 0 0 1014 10 0 0 0 0 0 0 
0 127 316 297 228 52 4 0 1007 17 0 0 0 0 0 0 994 30 0 0 0 0 0 0 
0 46 170 378 330 97 3 0 991 33 0 0 0 0 0 0 973 51 0 0 0 0 0 0 
0 2 110 389 356 123 41 3 943 74 7 0 0 0 0 0 918 94 12 0 0 0 0 0 
0 0 84 290 346 198 102 4 824 181 19 0 0 0 0 0 799 189 36 0 0 0 0 0 
21 75 201 211 246 180 87 3 592 248 124 40 6 13 1 0 595 220 144 45 5 13 2 0 
448 191 132 64 129 54 6 0 441 148 150 96 109 55 25 0 442 156 140 97 112 51 26 0 
0 2 192 830 0 0 0 0 1024 0 0 0 0 0 0 0 1024 0 0 0 0 0 0 0 
0 442 140 442 0 0 0 0 1023 1 0 0 0 0 0 0 1024 0 0 0 0 0 0 0 
0 1024 0 0 0 0 0 0 1024 0 0 0 0 0 0 0 1024 0 0 0 0 0 0 0 
487 537 0 0 0 0 0 0 1024 0 0 0 0 0 0 0 1024 0 0 0 0 0 0 0 
598 426 0 0 0 0 0 0 1024 0 0 0 0 0 0 0 1024 0 0 0 0 0 0 0 
76 940 4 4 0 0 0 0 1019 5 0 0 0 0 0 0 1019 5 0 0 0 0 0 0 
19 955 6 6 9 26 3 0 1007 17 0 0 0 0 0 0 1002 21 1 0 0 0 0 0 
150 638 18 24 17 34 87 56 866 76 55 22 5 0 0 0 885 61 55 21 2 0 0 0 
0 351 182 69 152 119 109 42 871 99 36 18 0 0 0 0 862 112 32 18 0 0 0 0 
0 0 67 231 455 132 123 16 849 155 18 2 0 0 0 0 871 130 21 2 0 0 0 0 
0 58 385 275 155 124 26 1 902 114 8 0 0 0 0 0 874 143 7 0 0 0 0 0 
2 149 428 228 145 62 10 0 852 143 29 0 0 0 0 0 829 158 37 0 0 0 0 0 
8 341 316 173 99 71 16 0 873 130 21 0 0 0 0 0 851 138 35 0 0 0 0 0 
6 470 259 134 78 57 17 3 930 84 10 0 0 0 0 0 910 100 14 0 0 0 0 0 
15 432 283 137 84 42 22 9 959 60 5 0 0 0 0 0 945 74 5 0 0 0 0 0 
23 410 267 168 90 36 24 6 981 37 6 0 0 0 0 0 971 44 9 0 0 0 0 0 
21 392 297 153 104 46 10 1 996 28 0 0 0 0 0 0 977 47 0 0 0 0 0 0 
13 371 300 182 97 57 4 0 991 33 0 0 0 0 0 0 986 35 3 0 0 0 0 0 
14 271 319 214 139 58 8 1 985 39 0 0 0 0 0 0 972 51 1 0 0 0 0 0 
12 258 329 194 143 73 14 1 953 69 2 0 0 0 0 0 914 110 0 0 0 0 0 0 
8 264 313 217 149 70 3 0 922 100 2 0 0 0 0 0 906 109 9 0 0 0 0 0 
12 243 324 208 173 63 1 0 905 116 3 0 0 0 0 0 879 138 7 0 0 0 0 0 
2 267 268 239 183 65 0 0 909 114 1 0 0 0 0 0 905 118 1 0 0 0 0 0 
188 180 147 193 236 80 0 0 599 239 75 70 23 18 0 0 589 249 77 69 23 17 0 0 
486 140 204 121 73 0 0 0 486 149 196 122 71 0 0 0 487 152 207 108 70 0 0 0 
0 0 846 107 43 23 5 0 1002 22 0 0 0 0 0 0 995 27 2 0 0 0 0 0 
0 374 491 28 61 46 24 0 950 48 26 0 0 0 0 0 956 48 20 0 0 0 0 0 
1 563 61 264 69 42 21 3 955 48 20 1 0 0 0 0 957 45 21 1 0 0 0 0 
60 505 19 139 162 72 57 10 912 63 37 10 2 0 0 0 910 69 34 11 0 0 0 0 
128 141 35 236 233 140 75 36 819 123 58 19 5 0 0 0 810 131 65 17 1 0 0 0 
15 116 26 193 286 194 113 81 711 182 91 38 2 0 0 0 700 193 92 39 0 0 0 0 
1 20 23 200 355 215 126 84 681 185 112 45 1 0 0 0 671 184 118 49 2 0 0 0 
0 2 51 152 351 242 173 53 672 245 86 13 8 0 0 0 698 218 92 14 2 0 0 0 
0 27 125 248 322 203 78 21 857 127 23 15 2 0 0 0 843 141 28 11 1 0 0 0 
0 66 285 258 227 156 29 3 931 86 7 0 0 0 0 0 914 102 8 0 0 0 0 0 
0 77 458 228 148 105 8 0 960 58 6 0 0 0 0 0 946 71 7 0 0 0 0 0 
1 183 485 168 112 74 1 0 954 66 4 0 0 0 0 0 944 70 10 0 0 0 0 0 
0 215 540 142 56 70 1 0 969 54 1 0 0 0 0 0 966 57 1 0 0 0 0 0 
0 313 457 166 61 25 2 0 972 52 0 0 0 0 0 0 966 58 0 0 0 0 0 0 
1 309 397 190 107 20 0 0 978 46 0 0 0 0 0 0 964 60 0 0 0 0 0 0 
2 268 463 191 83 17 0 0 1001 23 0 0 0 0 0 0 999 25 0 0 0 0 0 0 
0 130 540 209 107 38 0 0 996 28 0 0 0 0 0 0 977 47 0 0 0 0 0 0 
0 53 273 362 199 92 42 3 946 76 2 0 0 0 0 0 920 103 1 0 0 0 0 0 
0 3 243 162 232 220 129 35 901 102 17 4 0 0 0 0 868 135 19 2 0 0 0 0 
0 1 12 290 270 122 175 154 802 163 54 5 0 0 0 0 760 206 53 5 0 0 0 0 
0 3 46 38 301 267 226 143 815 107 66 31 5 0 0 0 815 104 84 21 0 0 0 0 
0 4 94 93 155 189 288 201 748 210 50 16 0 0 0 0 727 233 52 12 0 0 0 0 
30 31 113 188 303 184 108 67 826 154 41 3 0 0 0 0 817 164 43 0 0 0 0 0 
419 209 107 114 155 20 0 0 582 159 88 62 108 24 1 0 580 147 106 63 109 18 1 0 
594 94 92 118 126 0 0 0 596 93 94 116 125 0 0 0 602 92 91 120 119 0 0 0 
0 0 130 299 378 162 55 0 869 108 47 0 0 0 0 0 863 115 46 0 0 0 0 0 
0 0 33 220 384 270 116 1 862 99 63 0 0 0 0 0 855 121 48 0 0 0 0 0 
0 0 0 82 504 183 212 43 788 134 98 4 0 0 0 0 781 147 94 2 0 0 0 0 
0 0 0 46 543 229 97 109 808 87 86 42 1 0 0 0 810 86 97 31 0 0 0 0 
0 0 0 20 349 487 96 72 885 53 34 43 9 0 0 0 876 66 37 44 1 0 0 0 
0 0 0 24 418 384 116 82 856 63 36 35 33 1 0 0 856 68 39 47 14 0 0 0 
0 0 0 16 398 348 155 107 815 102 55 45 7 0 0 0 829 91 64 39 1 0 0 0 
0 0 0 97 306 256 211 154 756 127 61 75 5 0 0 0 759 136 65 64 0 0 0 0 
0 0 3 169 244 218 233 157 746 140 65 69 4 0 0 0 735 151 80 58 0 0 0 0 
0 6 15 238 260 219 182 104 781 111 72 53 7 0 0 0 795 107 74 48 0 0 0 0 
0 0 21 262 245 238 202 56 879 106 39 0 0 0 0 0 892 104 28 0 0 0 0 0 
0 0 31 367 305 139 118 64 903 95 26 0 0 0 0 0 911 98 15 0 0 0 0 0 
0 0 36 261 328 219 119 61 925 55 44 0 0 0 0 0 928 63 33 0 0 0 0 0 
0 0 52 101 300 298 154 119 821 121 82 0 0 0 0 0 821 149 54 0 0 0 0 0 
0 10 47 376 249 217 69 56 904 99 21 0 0 0 0 0 899 105 20 0 0 0 0 0 
0 1 152 360 281 133 97 0 869 141 14 0 0 0 0 0 855 153 16 0 0 0 0 0 
0 22 181 244 334 191 52 0 878 143 3 0 0 0 0 0 845 167 12 0 0 0 0 0 
0 7 308 242 281 160 26 0 930 94 0 0 0 0 0 0 891 127 6 0 0 0 0 0 
0 72 274 401 130 71 68 8 936 81 7 0 0 0 0 0 917 96 11 0 0 0 0 0 
0 36 203 449 161 132 41 2 926 91 7 0 0 0 0 0 912 90 22 0 0 0 0 0 
1 148 146 147 118 121 199 144 684 203 70 51 16 0 0 0 691 196 108 29 0 0 0 0 
64 645 87 25 20 20 54 109 870 35 35 60 23 1 0 0 871 33 57 58 5 0 0 0 
209 227 53 82 93 93 143 124 691 169 95 27 37 5 0 0 684 181 94 21 40 4 0 0 
532 98 47 213 105 29 0 0 572 56 47 146 169 34 0 0 563 58 47 73 225 58 0 0 
632 57 69 194 53 19 0 0 632 58 67 193 50 24 0 0 632 56 71 185 54 26 0 0 
0 0 38 226 457 230 73 0 869 155 0 0 0 0 0 0 872 152 0 0 0 0 0 0 
0 0 0 4 188 612 220 0 825 199 0 0 0 0 0 0 829 195 0 0 0 0 0 0 
0 0 0 0 0 900 106 18 968 56 0 0 0 0 0 0 964 60 0 0 0 0 0 0 
0 0 0 0 2 461 516 45 938 43 40 3 0 0 0 0 938 54 32 0 0 0 0 0 
0 0 0 0 17 144 740 123 835 100 88 1 0 0 0 0 825 132 67 0 0 0 0 0 
0 0 0 0 43 254 546 181 836 82 98 8 0 0 0 0 819 111 92 2 0 0 0 0 
0 0 0 0 94 386 404 140 826 99 93 6 0 0 0 0 818 131 74 1 0 0 0 0 
0 0 0 0 179 472 261 112 840 101 75 8 0 0 0 0 833 122 67 2 0 0 0 0 
0 0 0 3 390 302 207 122 772 183 69 0 0 0 0 0 773 184 67 0 0 0 0 0 
0 0 0 1 687 113 149 74 947 48 25 4 0 0 0 0 931 62 31 0 0 0 0 0 
0 0 0 119 657 78 88 82 876 58 44 46 0 0 0 0 872 73 58 21 0 0 0 0 
0 0 21 336 319 125 130 93 880 59 50 35 0 0 0 0 872 70 61 21 0 0 0 0 
0 0 5 623 124 76 87 109 878 49 54 43 0 0 0 0 882 59 74 9 0 0 0 0 
0 2 132 206 159 217 192 116 857 97 64 6 0 0 0 0 864 106 51 3 0 0 0 0 
0 0 143 522 207 67 51 34 948 54 22 0 0 0 0 0 952 67 5 0 0 0 0 0 
0 19 215 243 276 121 124 26 905 112 7 0 0 0 0 0 937 82 5 0 0 0 0 0 
0 13 501 268 156 83 3 0 994 30 0 0 0 0 0 0 993 30 1 0 0 0 0 0 
0 59 601 149 103 109 3 0 1004 20 0 0 0 0 0 0 997 27 0 0 0 0 0 0 
0 40 686 184 86 28 0 0 1021 3 0 0 0 0 0 0 1020 4 0 0 0 0 0 0 
41 362 143 170 286 22 0 0 985 12 12 7 7 1 0 0 975 24 14 6 5 0 0 0 
314 261 110 73 110 89 59 8 661 160 76 52 67 8 0 0 660 170 77 66 50 1 0 0 
600 188 42 72 100 22 0 0 718 84 39 63 109 11 0 0 735 72 46 96 71 4 0 0 
445 164 52 144 158 43 18 0 523 102 45 127 179 30 18 0 514 110 46 116 189 30 19 0 
225 221 38 337 133 59 11 0 346 100 35 204 259 68 12 0 349 95 35 92 368 66 19 0 
321 52 85 474 42 50 0 0 327 44 47 498 48 57 3 0 323 47 46 487 54 64 3 0 
106 117 314 276 168 43 0 0 852 58 107 7 0 0 0 0 851 61 105 7 0 0 0 0 
13 16 115 304 376 164 36 0 1023 1 0 0 0 0 0 0 1018 6 0 0 0 0 0 0 
0 1 7 30 264 401 293 28 884 140 0 0 0 0 0 0 882 141 1 0 0 0 0 0 
0 0 9 12 22 347 428 206 778 210 36 0 0 0 0 0 763 222 39 0 0 0 0 0 
0 0 0 0 0 104 623 297 796 182 46 0 0 0 0 0 788 223 13 0 0 0 0 0 
0 0 0 0 0 4 699 321 693 222 109 0 0 0 0 0 674 247 103 0 0 0 0 0 
0 0 0 0 0 3 901 120 943 60 21 0 0 0 0 0 935 68 21 0 0 0 0 0 
0 0 0 0 17 35 958 14 1014 10 0 0 0 0 0 0 1012 12 0 0 0 0 0 0 
0 0 0 0 0 492 532 0 1006 18 0 0 0 0 0 0 1011 13 0 0 0 0 0 0 
0 0 0 1 63 681 270 9 896 107 21 0 0 0 0 0 889 129 6 0 0 0 0 0 
0 0 0 2 395 370 247 10 861 147 16 0 0 0 0 0 853 160 11 0 0 0 0 0 
0 0 81 279 321 250 92 1 859 159 6 0 0 0 0 0 881 137 6 0 0 0 0 0 
0 0 1 601 198 203 21 0 932 92 0 0 0 0 0 0 962 62 0 0 0 0 0 0 
0 27 218 441 134 191 13 0 938 86 0 0 0 0 0 0 952 72 0 0 0 0 0 0 
0 0 618 185 110 111 0 0 991 33 0 0 0 0 0 0 981 43 0 0 0 0 0 0 
0 187 543 223 38 33 0 0 1017 7 0 0 0 0 0 0 1010 14 0 0 0 0 0 0 
0 0 1023 1 0 0 0 0 1024 0 0 0 0 0 0 0 1024 0 0 0 0 0 0 0 
0 136 670 122 57 39 0 0 1024 0 0 0 0 0 0 0 1024 0 0 0 0 0 0 0 
31 408 370 99 85 31 0 0 1007 5 9 3 0 0 0 0 1003 9 9 3 0 0 0 0 
235 275 232 257 17 8 0 0 673 69 64 202 12 4 0 0 682 68 52 153 69 0 0 0 
213 113 34 101 322 222 19 0 208 118 26 70 308 256 38 0 204 121 30 52 337 246 34 0 
279 101 70 177 340 46 11 0 263 113 48 141 372 68 19 0 253 121 42 136 385 64 23 0 
381 71 51 325 163 30 3 0 381 69 49 332 156 25 12 0 389 67 44 329 157 24 14 0 
448 33 114 381 24 24 0 0 455 26 60 434 21 26 2 0 450 30 43 431 40 27 3 0 
457 32 383 111 24 17 0 0 457 32 373 121 24 17 0 0 456 32 360 133 24 19 0 0 
336 89 277 322 0 0 0 0 355 101 353 215 0 0 0 0 369 115 413 127 0 0 0 0 
451 166 274 97 33 3 0 0 571 126 257 53 17 0 0 0 590 165 226 41 2 0 0 0 
226 96 289 148 126 96 43 0 720 104 186 14 0 0 0 0 721 127 170 6 0 0 0 0 
91 69 98 105 240 189 216 16 926 52 46 0 0 0 0 0 934 52 38 0 0 0 0 0 
2 10 17 87 243 322 262 81 1004 20 0 0 0 0 0 0 1006 18 0 0 0 0 0 0 
0 0 0 27 379 452 158 8 1013 11 0 0 0 0 0 0 1005 19 0 0 0 0 0 0 
0 0 5 98 376 114 262 169 821 201 2 0 0 0 0 0 811 212 1 0 0 0 0 0 
0 0 0 0 219 138 556 111 813 209 2 0 0 0 0 0 797 226 1 0 0 0 0 0 
0 0 0 55 149 303 472 45 808 213 3 0 0 0 0 0 815 207 2 0 0 0 0 0 
0 0 0 0 51 635 332 6 890 134 0 0 0 0 0 0 846 178 0 0 0 0 0 0 
0 0 0 2 404 486 132 0 928 96 0 0 0 0 0 0 932 92 0 0 0 0 0 0 
0 0 53 230 677 51 13 0 1012 12 0 0 0 0 0 0 1013 11 0 0 0 0 0 0 
0 0 7 998 19 0 0 0 1024 0 0 0 0 0 0 0 1024 0 0 0 0 0 0 0 
10 174 394 325 117 4 0 0 1018 6 0 0 0 0 0 0 1016 8 0 0 0 0 0 0 
0 0 846 103 58 17 0 0 1024 0 0 0 0 0 0 0 1023 1 0 0 0 0 0 0 
0 9 559 158 213 85 0 0 1018 6 0 0 0 0 0 0 1022 2 0 0 0 0 0 0 
4 471 189 123 195 42 0 0 1022 2 0 0 0 0 0 0 1021 3 0 0 0 0 0 0 
189 114 626 59 31 5 0 0 1021 3 0 0 0 0 0 0 1023 1 0 0 0 0 0 0 
493 280 180 71 0 0 0 0 920 88 16 0 0 0 0 0 944 72 8 0 0 0 0 0 
297 131 384 160 45 7 0 0 362 160 198 220 74 9 1 0 362 158 179 181 127 15 2 0 
325 191 76 336 76 20 0 0 321 185 68 129 285 32 4 0 319 187 65 29 365 53 6 0 
345 69 36 432 142 0 0 0 350 62 32 239 341 0 0 0 343 66 28 66 518 3 0 0 
248 80 73 605 18 0 0 0 248 71 60 554 91 0 0 0 248 65 61 217 433 0 0 0 
183 153 198 478 12 0 0 0 180 153 100 574 17 0 0 0 198 128 82 562 54 0 0 0 
320 109 505 88 2 0 0 0 337 90 359 232 6 0 0 0 351 76 310 280 7 0 0 0 
0 0 30 994 0 0 0 0 0 0 70 954 0 0 0 0 0 1 232 791 0 0 0 0 
2 7 48 933 13 19 2 0 4 12 115 870 12 11 0 0 7 20 214 763 19 1 0 0 
217 72 85 559 85 6 0 0 237 70 131 550 33 3 0 0 254 86 270 396 17 1 0 0 
380 104 280 227 33 0 0 0 416 156 273 156 23 0 0 0 442 188 328 53 13 0 0 0 
465 155 256 61 17 43 27 0 660 181 166 17 0 0 0 0 661 220 135 8 0 0 0 0 
185 241 244 212 71 30 41 0 674 282 61 7 0 0 0 0 685 304 34 1 0 0 0 0 
78 174 179 362 46 76 108 1 948 75 1 0 0 0 0 0 961 63 0 0 0 0 0 0 
16 28 148 313 125 258 136 0 1003 21 0 0 0 0 0 0 989 35 0 0 0 0 0 0 
0 2 402 539 52 29 0 0 1024 0 0 0 0 0 0 0 1024 0 0 0 0 0 0 0 
0 0 149 362 201 292 20 0 1019 5 0 0 0 0 0 0 1018 6 0 0 0 0 0 0 
0 138 386 142 99 179 80 0 1024 0 0 0 0 0 0 0 1015 9 0 0 0 0 0 0 
0 249 202 88 92 366 27 0 999 25 0 0 0 0 0 0 1015 9 0 0 0 0 0 0 
0 43 69 709 118 85 0 0 1023 1 0 0 0 0 0 0 1019 5 0 0 0 0 0 0 
40 80 317 200 190 197 0 0 994 30 0 0 0 0 0 0 1000 24 0 0 0 0 0 0 
0 8 579 80 271 86 0 0 1019 5 0 0 0 0 0 0 1012 12 0 0 0 0 0 0 
0 0 914 38 59 13 0 0 1024 0 0 0 0 0 0 0 1024 0 0 0 0 0 0 0 
848 81 81 14 0 0 0 0 1024 0 0 0 0 0 0 0 1024 0 0 0 0 0 0 0 
178 169 418 190 69 0 0 0 974 49 1 0 0 0 0 0 988 36 0 0 0 0 0 0 
583 328 108 4 1 0 0 0 674 293 54 2 1 0 0 0 818 177 26 2 1 0 0 0 
320 186 459 25 34 0 0 0 320 279 363 23 39 0 0 0 317 383 264 22 38 0 0 0 
137 74 754 28 31 0 0 0 137 104 724 26 33 0 0 0 136 278 551 27 32 0 0 0 
30 247 725 12 10 0 0 0 31 316 653 10 14 0 0 0 39 529 433 10 13 0 0 0 
195 227 602 0 0 0 0 0 219 426 379 0 0 0 0 0 239 716 69 0 0 0 0 0 
396 386 242 0 0 0 0 0 449 548 27 0 0 0 0 0 505 519 0 0 0 0 0 0 
671 323 11 19 0 0 0 0 680 313 12 17 2 0 0 0 683 310 12 18 1 0 0 0 
0 0 79 945 0 0 0 0 0 0 101 923 0 0 0 0 0 0 98 926 0 0 0 0 
0 0 9 1015 0 0 0 0 0 0 20 1004 0 0 0 0 0 0 29 995 0 0 0 0 
0 0 2 996 26 0 0 0 0 0 4 1017 3 0 0 0 0 0 7 1017 0 0 0 0 
0 0 7 911 106 0 0 0 0 1 17 990 16 0 0 0 0 5 82 930 7 0 0 0 
102 45 130 694 53 0 0 0 112 74 223 595 20 0 0 0 114 95 265 538 12 0 0 0 
484 122 123 285 9 1 0 0 513 119 255 133 4 0 0 0 538 158 209 116 3 0 0 0 
347 326 285 66 0 0 0 0 390 408 218 8 0 0 0 0 490 471 62 1 0 0 0 0 
630 274 57 18 29 16 0 0 845 149 30 0 0 0 0 0 924 80 20 0 0 0 0 0 
424 412 137 13 27 11 0 0 889 128 7 0 0 0 0 0 965 56 3 0 0 0 0 0 
302 208 210 80 124 93 7 0 1024 0 0 0 0 0 0 0 1024 0 0 0 0 0 0 0 
266 573 58 58 67 2 0 0 1024 0 0 0 0 0 0 0 1024 0 0 0 0 0 0 0 
579 420 13 10 2 0 0 0 1024 0 0 0 0 0 0 0 1024 0 0 0 0 0 0 0 
215 108 174 342 185 0 0 0 1024 0 0 0 0 0 0 0 1022 2 0 0 0 0 0 0 
689 328 7 0 0 0 0 0 1024 0 0 0 0 0 0 0 1024 0 0 0 0 0 0 0 
511 368 108 37 0 0 0 0 1024 0 0 0 0 0 0 0 1024 0 0 0 0 0 0 0 
15 33 847 122 7 0 0 0 1015 8 1 0 0 0 0 0 1020 3 1 0 0 0 0 0 
613 385 26 0 0 0 0 0 780 231 13 0 0 0 0 0 978 45 1 0 0 0 0 0 
215 474 332 3 0 0 0 0 439 389 196 0 0 0 0 0 597 285 142 0 0 0 0 0 
6 712 306 0 0 0 0 0 5 827 192 0 0 0 0 0 8 887 129 0 0 0 0 0 
44 898 82 0 0 0 0 0 42 906 76 0 0 0 0 0 39 889 96 0 0 0 0 0 
248 773 3 0 0 0 0 0 248 773 3 0 0 0 0 0 248 776 0 0 0 0 0 0 
462 522 9 16 15 0 0 0 469 514 8 15 18 0 0 0 471 512 8 16 17 0 0 0 
600 271 99 25 29 0 0 0 611 288 69 23 33 0 0 0 635 306 27 24 32 0 0 0 
593 235 142 26 28 0 0 0 587 346 35 23 33 0 0 0 592 352 24 24 32 0 0 0 
459 485 30 34 16 0 0 0 452 497 21 27 27 0 0 0 480 468 20 24 32 0 0 0 
0 0 590 402 0 0 0 0 0 0 592 400 0 0 0 0 0 0 590 402 0 0 0 0 
0 0 93 899 0 0 0 0 0 0 98 894 0 0 0 0 0 0 104 888 0 0 0 0 
0 0 37 955 0 0 0 0 0 0 47 945 0 0 0 0 0 0 81 911 0 0 0 0 
0 0 23 969 0 0 0 0 0 0 39 953 0 0 0 0 0 0 53 939 0 0 0 0 
0 0 9 972 11 0 0 0 0 0 34 950 8 0 0 0 0 0 39 947 6 0 0 0 
36 64 111 773 7 1 0 0 51 62 163 715 1 0 0 0 64 71 151 705 1 0 0 0 
62 39 391 500 0 0 0 0 74 71 522 325 0 0 0 0 83 350 298 261 0 0 0 0 
608 129 240 14 1 0 0 0 644 219 122 7 0 0 0 0 687 248 50 7 0 0 0 0 
465 342 184 1 0 0 0 0 551 398 43 0 0 0 0 0 738 244 10 0 0 0 0 0 
833 102 43 12 2 0 0 0 906 77 9 0 0 0 0 0 932 54 6 0 0 0 0 0 
804 111 50 16 11 0 0 0 908 61 23 0 0 0 0 0 923 47 22 0 0 0 0 0 
950 19 12 9 2 0 0 0 992 0 0 0 0 0 0 0 992 0 0 0 0 0 0 0 
512 138 236 69 37 0 0 0 985 6 1 0 0 0 0 0 985 4 3 0 0 0 0 0 
992 0 0 0 0 0 0 0 992 0 0 0 0 0 0 0 992 0 0 0 0 0 0 0 
943 28 12 9 0 0 0 0 991 1 0 0 0 0 0 0 990 2 0 0 0 0 0 0 
18 45 438 203 288 0 0 0 990 1 1 0 0 0 0 0 990 1 1 0 0 0 0 0 
632 223 108 19 10 0 0 0 782 168 42 0 0 0 0 0 855 117 20 0 0 0 0 0 
412 257 291 17 8 7 0 0 486 259 219 9 10 9 0 0 608 188 172 7 9 8 0 0 
265 107 539 23 42 16 0 0 262 274 372 24 33 27 0 0 262 345 303 21 37 24 0 0 
47 222 651 23 38 11 0 0 46 302 570 24 31 19 0 0 46 397 477 24 32 16 0 0 
0 362 630 0 0 0 0 0 0 491 501 0 0 0 0 0 0 700 292 0 0 0 0 0 
1 669 322 0 0 0 0 0 11 879 102 0 0 0 0 0 11 965 16 0 0 0 0 0 
114 823 55 0 0 0 0 0 140 841 11 0 0 0 0 0 215 777 0 0 0 0 0 0 
661 331 0 0 0 0 0 0 735 257 0 0 0 0 0 0 834 158 0 0 0 0 0 0 
991 1 0 0 0 0 0 0 991 1 0 0 0 0 0 0 991 1 0 0 0 0 0 0 
