0 321 575 128 0 0 0 0 1 949 74 0 0 0 0 0 200 824 0 0 0 0 0 0 
0 38 773 213 0 0 0 0 0 960 64 0 0 0 0 0 236 788 0 0 0 0 0 0 
0 0 16 296 247 137 49 279 0 101 496 110 29 16 20 252 33 662 42 23 29 34 71 130 
0 0 0 60 308 180 105 371 0 12 366 206 66 20 27 327 10 500 147 35 24 53 85 170 
0 0 97 557 242 52 76 0 0 285 555 94 90 0 0 0 61 774 176 13 0 0 0 0 
0 102 738 107 22 43 12 0 0 878 85 34 27 0 0 0 217 744 59 4 0 0 0 0 
0 181 808 35 0 0 0 0 0 1017 7 0 0 0 0 0 184 840 0 0 0 0 0 0 
0 116 884 24 0 0 0 0 0 1016 8 0 0 0 0 0 292 732 0 0 0 0 0 0 
0 348 630 46 0 0 0 0 0 1024 0 0 0 0 0 0 250 774 0 0 0 0 0 0 
0 402 535 55 0 0 0 0 0 992 0 0 0 0 0 0 233 759 0 0 0 0 0 0 
0 0 251 697 76 0 0 0 1 471 552 0 0 0 0 0 235 789 0 0 0 0 0 0 
0 24 342 493 165 0 0 0 2 485 535 2 0 0 0 0 158 854 12 0 0 0 0 0 
0 42 260 146 243 217 97 19 0 396 297 247 69 15 0 0 121 670 210 23 0 0 0 0 
0 1 174 223 142 53 320 111 0 298 245 86 287 95 13 0 78 449 416 56 25 0 0 0 
0 29 151 45 132 171 213 283 1 186 175 224 171 131 94 42 52 237 295 311 87 38 4 0 
0 129 134 169 126 201 171 94 8 302 270 185 144 71 33 11 67 398 363 145 37 14 0 0 
1 163 246 159 185 133 79 58 55 381 272 162 81 46 23 4 173 475 273 70 27 6 0 0 
0 189 348 148 162 87 62 28 34 538 239 114 60 27 10 2 268 498 191 45 14 8 0 0 
0 423 349 252 0 0 0 0 0 984 40 0 0 0 0 0 323 701 0 0 0 0 0 0 
0 394 218 380 0 0 0 0 0 917 75 0 0 0 0 0 177 815 0 0 0 0 0 0 
0 36 317 390 241 33 7 0 7 722 279 16 0 0 0 0 323 672 29 0 0 0 0 0 
0 10 494 353 167 0 0 0 4 663 349 8 0 0 0 0 292 695 37 0 0 0 0 0 
0 0 244 519 261 0 0 0 1 689 334 0 0 0 0 0 76 908 40 0 0 0 0 0 
0 0 22 439 434 82 37 10 0 385 585 42 12 0 0 0 22 776 216 10 0 0 0 0 
0 0 4 57 127 356 370 110 0 57 380 416 166 5 0 0 0 231 604 137 49 3 0 0 
0 0 41 260 287 293 122 21 0 279 487 235 23 0 0 0 15 468 461 75 5 0 0 0 
0 21 163 396 266 163 15 0 0 495 473 56 0 0 0 0 45 712 244 22 1 0 0 0 
0 144 386 317 155 21 1 0 50 663 270 41 0 0 0 0 157 705 156 6 0 0 0 0 
0 19 472 533 0 0 0 0 5 875 144 0 0 0 0 0 249 775 0 0 0 0 0 0 
0 19 391 561 21 0 0 0 5 837 149 1 0 0 0 0 280 708 4 0 0 0 0 0 
0 135 258 251 165 111 46 58 42 583 238 103 58 0 0 0 396 489 131 8 0 0 0 0 
18 202 625 141 22 16 0 0 43 936 45 0 0 0 0 0 526 476 22 0 0 0 0 0 
10 394 448 128 19 19 6 0 198 824 2 0 0 0 0 0 362 654 8 0 0 0 0 0 
0 199 505 265 50 5 0 0 245 775 4 0 0 0 0 0 225 785 14 0 0 0 0 0 
1 110 248 408 178 52 26 1 221 624 151 26 2 0 0 0 211 689 119 5 0 0 0 0 
11 149 261 346 140 86 31 0 216 713 88 7 0 0 0 0 260 673 91 0 0 0 0 0 
36 506 223 97 77 48 34 3 325 673 26 0 0 0 0 0 369 600 55 0 0 0 0 0 
81 854 89 0 0 0 0 0 262 756 6 0 0 0 0 0 538 486 0 0 0 0 0 0 
0 77 803 79 35 30 0 0 18 932 69 5 0 0 0 0 420 599 5 0 0 0 0 0 
0 53 623 159 95 53 9 0 56 757 153 26 0 0 0 0 412 561 19 0 0 0 0 0 
0 266 204 198 165 118 51 22 34 666 236 79 9 0 0 0 466 505 51 2 0 0 0 0 
0 399 477 99 49 0 0 0 77 862 85 0 0 0 0 0 611 409 4 0 0 0 0 0 
0 841 167 16 0 0 0 0 613 411 0 0 0 0 0 0 629 393 2 0 0 0 0 0 
0 558 381 82 3 0 0 0 484 540 0 0 0 0 0 0 362 662 0 0 0 0 0 0 
6 313 520 167 18 0 0 0 442 582 0 0 0 0 0 0 327 693 4 0 0 0 0 0 
0 360 495 143 26 0 0 0 453 569 2 0 0 0 0 0 316 704 4 0 0 0 0 0 
8 746 219 44 7 0 0 0 623 400 1 0 0 0 0 0 467 553 4 0 0 0 0 0 
14 1002 8 0 0 0 0 0 307 717 0 0 0 0 0 0 618 406 0 0 0 0 0 0 
1 151 654 78 73 59 8 0 22 862 112 28 0 0 0 0 429 585 7 3 0 0 0 0 
1 64 538 138 115 127 9 0 67 650 232 40 2 1 0 0 413 531 39 8 1 0 0 0 
29 357 127 151 151 121 57 31 105 661 218 38 2 0 0 0 539 434 43 8 0 0 0 0 
0 608 191 89 87 30 16 3 105 811 92 15 1 0 0 0 636 376 11 1 0 0 0 0 
5 1019 0 0 0 0 0 0 912 112 0 0 0 0 0 0 839 185 0 0 0 0 0 0 
0 1023 1 0 0 0 0 0 735 289 0 0 0 0 0 0 553 471 0 0 0 0 0 0 
0 1001 23 0 0 0 0 0 677 347 0 0 0 0 0 0 459 565 0 0 0 0 0 0 
0 1023 1 0 0 0 0 0 679 345 0 0 0 0 0 0 551 473 0 0 0 0 0 0 
104 920 0 0 0 0 0 0 869 155 0 0 0 0 0 0 802 222 0 0 0 0 0 0 
111 913 0 0 0 0 0 0 382 642 0 0 0 0 0 0 636 388 0 0 0 0 0 0 
0 335 427 97 54 29 56 26 69 780 82 55 36 2 0 0 404 576 36 7 1 0 0 0 
0 202 242 170 102 82 92 102 67 523 169 118 94 19 2 0 355 513 89 27 6 2 0 0 
2 347 48 51 50 58 95 373 155 349 190 150 80 47 29 24 304 502 132 65 15 6 0 0 
37 597 155 24 19 61 55 76 249 576 63 73 47 11 3 2 581 383 52 5 3 0 0 0 
110 885 29 0 0 0 0 0 931 93 0 0 0 0 0 0 912 112 0 0 0 0 0 0 
0 858 166 0 0 0 0 0 840 184 0 0 0 0 0 0 405 619 0 0 0 0 0 0 
1 643 254 17 14 27 22 46 629 279 38 24 15 10 8 21 414 532 30 10 14 10 6 8 
20 620 204 50 22 21 26 61 533 349 44 24 21 12 11 30 407 513 29 25 11 8 6 25 
158 714 144 8 0 0 0 0 904 120 0 0 0 0 0 0 679 345 0 0 0 0 0 0 
185 839 0 0 0 0 0 0 540 484 0 0 0 0 0 0 983 41 0 0 0 0 0 0 
0 875 99 25 15 10 0 0 195 814 13 2 0 0 0 0 412 612 0 0 0 0 0 0 
32 662 117 66 40 22 3 50 179 717 37 20 12 27 0 0 355 589 40 7 1 0 0 0 
10 685 159 68 49 15 7 31 208 737 25 16 9 9 9 11 543 434 18 12 8 7 2 0 
56 790 127 37 5 3 2 4 367 624 20 5 2 3 3 0 661 345 8 3 2 4 1 0 
665 359 0 0 0 0 0 0 853 171 0 0 0 0 0 0 896 128 0 0 0 0 0 0 
357 649 18 0 0 0 0 0 592 432 0 0 0 0 0 0 642 382 0 0 0 0 0 0 
119 533 195 86 31 16 19 25 308 597 60 40 19 0 0 0 457 528 35 4 0 0 0 0 
114 353 249 143 37 33 39 56 211 594 99 57 54 8 1 0 383 580 55 4 1 0 1 0 
487 537 0 0 0 0 0 0 784 240 0 0 0 0 0 0 837 187 0 0 0 0 0 0 
349 667 8 0 0 0 0 0 653 370 1 0 0 0 0 0 757 267 0 0 0 0 0 0 
296 721 7 0 0 0 0 0 548 476 0 0 0 0 0 0 596 428 0 0 0 0 0 0 
222 711 59 0 0 0 0 0 455 537 0 0 0 0 0 0 515 477 0 0 0 0 0 0 
10 989 25 0 0 0 0 0 164 860 0 0 0 0 0 0 604 420 0 0 0 0 0 0 
358 607 59 0 0 0 0 0 548 476 0 0 0 0 0 0 748 276 0 0 0 0 0 0 
675 316 33 0 0 0 0 0 844 179 1 0 0 0 0 0 851 173 0 0 0 0 0 0 
177 826 19 2 0 0 0 0 565 456 3 0 0 0 0 0 608 415 1 0 0 0 0 0 
541 442 41 0 0 0 0 0 749 275 0 0 0 0 0 0 796 228 0 0 0 0 0 0 
624 380 20 0 0 0 0 0 804 220 0 0 0 0 0 0 822 202 0 0 0 0 0 0 
831 193 0 0 0 0 0 0 949 75 0 0 0 0 0 0 979 45 0 0 0 0 0 0 
515 507 2 0 0 0 0 0 830 194 0 0 0 0 0 0 818 206 0 0 0 0 0 0 
941 78 5 0 0 0 0 0 970 54 0 0 0 0 0 0 984 40 0 0 0 0 0 0 
814 173 5 0 0 0 0 0 868 124 0 0 0 0 0 0 899 93 0 0 0 0 0 0 
264 703 25 0 0 0 0 0 470 522 0 0 0 0 0 0 710 282 0 0 0 0 0 0 
428 488 76 0 0 0 0 0 621 371 0 0 0 0 0 0 730 262 0 0 0 0 0 0 
480 480 32 0 0 0 0 0 827 165 0 0 0 0 0 0 818 174 0 0 0 0 0 0 
503 488 1 0 0 0 0 0 768 224 0 0 0 0 0 0 766 226 0 0 0 0 0 0 
473 497 22 0 0 0 0 0 687 305 0 0 0 0 0 0 789 203 0 0 0 0 0 0 
521 471 0 0 0 0 0 0 790 202 0 0 0 0 0 0 834 158 0 0 0 0 0 0 
800 192 0 0 0 0 0 0 947 45 0 0 0 0 0 0 971 21 0 0 0 0 0 0 
554 403 20 15 0 0 0 0 799 193 0 0 0 0 0 0 809 183 0 0 0 0 0 0 
989 3 0 0 0 0 0 0 990 2 0 0 0 0 0 0 990 2 0 0 0 0 0 0 
957 4 0 0 0 0 0 0 959 2 0 0 0 0 0 0 958 3 0 0 0 0 0 0 
