0 144 672 208 0 0 0 0 14 602 408 0 0 0 0 0 681 343 0 0 0 0 0 0 
0 76 643 305 0 0 0 0 5 446 573 0 0 0 0 0 525 499 0 0 0 0 0 0 
0 0 200 824 0 0 0 0 0 47 975 2 0 0 0 0 40 984 0 0 0 0 0 0 
0 0 14 1010 0 0 0 0 0 2 959 63 0 0 0 0 1 1023 0 0 0 0 0 0 
0 0 76 948 0 0 0 0 0 8 980 36 0 0 0 0 3 1021 0 0 0 0 0 0 
0 0 581 146 160 137 0 0 0 388 341 120 175 0 0 0 380 370 138 136 0 0 0 0 
0 0 1 58 370 43 25 527 0 0 6 301 173 19 12 513 0 2 223 260 27 3 12 497 
0 0 0 68 120 58 16 762 0 0 7 103 151 4 22 737 0 0 6 277 12 12 9 708 
0 0 2 70 82 71 30 769 0 0 9 104 143 0 4 764 0 1 43 213 9 20 7 731 
0 0 0 64 152 46 14 748 0 0 14 110 150 11 21 718 0 0 54 249 8 5 13 695 
0 0 3 58 277 19 30 637 0 0 11 303 53 16 26 615 0 1 229 158 18 5 25 588 
0 68 423 121 378 34 0 0 0 462 116 331 115 0 0 0 521 67 371 65 0 0 0 0 
0 0 571 453 0 0 0 0 0 269 755 0 0 0 0 0 425 599 0 0 0 0 0 0 
0 0 428 596 0 0 0 0 0 119 905 0 0 0 0 0 224 800 0 0 0 0 0 0 
0 38 810 176 0 0 0 0 0 627 397 0 0 0 0 0 716 308 0 0 0 0 0 0 
0 393 599 0 0 0 0 0 168 797 27 0 0 0 0 0 971 21 0 0 0 0 0 0 
0 0 25 897 63 39 0 0 0 0 911 48 65 0 0 0 38 896 33 30 27 0 0 0 
0 0 6 927 91 0 0 0 0 0 694 330 0 0 0 0 1 939 84 0 0 0 0 0 
0 0 0 421 498 16 61 28 0 0 135 787 13 8 64 17 0 452 476 10 5 7 63 11 
0 0 0 180 844 0 0 0 0 0 10 1014 0 0 0 0 0 278 746 0 0 0 0 0 
0 0 0 478 546 0 0 0 0 0 198 826 0 0 0 0 0 685 339 0 0 0 0 0 
0 0 168 498 70 288 0 0 0 35 615 84 290 0 0 0 198 537 1 288 0 0 0 0 
0 0 13 25 78 108 18 782 0 0 3 80 141 2 29 769 0 0 66 158 1 29 2 768 
0 0 0 0 0 0 0 1024 0 0 0 0 0 0 0 1024 0 0 0 0 0 0 0 1024 
0 0 0 0 0 0 0 1024 0 0 0 0 0 0 0 1024 0 0 0 0 0 0 0 1024 
0 0 0 0 0 0 0 1024 0 0 0 0 0 0 0 1024 0 0 0 0 0 0 0 1024 
0 0 0 0 0 0 7 1017 0 0 0 0 0 0 16 1008 0 0 0 0 5 6 20 993 
0 0 312 239 110 363 0 0 0 246 281 103 394 0 0 0 377 143 139 365 0 0 0 0 
0 0 118 804 102 0 0 0 0 31 690 303 0 0 0 0 112 896 16 0 0 0 0 0 
0 0 0 732 290 2 0 0 0 0 512 506 4 1 1 0 0 908 103 4 4 0 5 0 
0 0 12 894 41 20 55 2 0 1 804 146 11 12 49 1 12 927 25 3 4 17 36 0 
0 0 317 675 0 0 0 0 0 177 810 5 0 0 0 0 274 718 0 0 0 0 0 0 
0 0 0 205 112 651 56 0 0 0 73 179 248 484 40 0 5 159 68 59 635 63 35 0 
0 0 0 236 788 0 0 0 0 0 12 1012 0 0 0 0 0 360 664 0 0 0 0 0 
0 0 1 16 983 5 13 6 0 4 12 978 2 4 18 6 0 32 952 2 5 3 25 5 
0 0 0 0 1024 0 0 0 0 0 0 1022 2 0 0 0 0 0 1024 0 0 0 0 0 
0 0 0 88 936 0 0 0 0 0 48 976 0 0 0 0 0 156 868 0 0 0 0 0 
0 0 1 636 99 288 0 0 0 0 578 158 288 0 0 0 32 691 20 281 0 0 0 0 
0 38 51 52 85 210 27 561 6 73 40 66 238 15 28 558 59 70 68 218 12 19 5 573 
4 19 86 13 36 151 29 686 7 85 10 45 117 44 15 701 49 80 28 128 3 0 3 733 
0 27 69 32 33 134 57 672 0 89 28 39 63 101 32 672 47 79 31 124 7 0 19 717 
2 38 63 20 32 120 60 689 15 78 21 37 64 90 9 710 58 74 18 128 8 2 5 731 
5 61 45 28 25 107 9 744 17 85 31 22 98 15 5 751 77 54 22 83 9 1 13 765 
0 9 105 387 93 430 0 0 0 60 419 104 441 0 0 0 256 286 100 382 0 0 0 0 
0 0 1 336 687 0 0 0 0 0 260 764 0 0 0 0 5 586 433 0 0 0 0 0 
0 0 0 0 1024 0 0 0 0 0 0 1024 0 0 0 0 0 97 927 0 0 0 0 0 
0 0 1 168 826 3 25 1 0 2 27 962 0 8 25 0 0 365 612 4 6 4 31 2 
0 0 0 788 204 0 0 0 0 0 596 396 0 0 0 0 0 940 52 0 0 0 0 0 
0 0 0 16 292 715 1 0 0 0 0 256 54 714 0 0 0 71 153 30 683 87 0 0 
0 0 0 0 1024 0 0 0 0 0 0 1024 0 0 0 0 0 21 1003 0 0 0 0 0 
0 0 0 0 1017 7 0 0 0 0 0 891 133 0 0 0 0 0 1024 0 0 0 0 0 
0 0 0 9 980 35 0 0 0 0 5 703 316 0 0 0 0 41 965 18 0 0 0 0 
0 0 0 56 956 12 0 0 0 0 23 877 124 0 0 0 0 142 873 9 0 0 0 0 
21 45 19 618 112 209 0 0 22 51 490 247 214 0 0 0 65 738 26 195 0 0 0 0 
45 243 8 9 6 711 2 0 11 273 11 8 701 20 0 0 126 147 16 735 0 0 0 0 
2 318 0 0 11 599 94 0 3 317 0 0 463 241 0 0 22 296 2 703 1 0 0 0 
14 306 0 6 26 490 182 0 3 317 0 0 236 468 0 0 38 282 0 687 17 0 0 0 
55 265 0 0 6 559 139 0 34 286 0 0 399 305 0 0 118 197 5 699 5 0 0 0 
186 102 8 10 8 707 3 0 59 223 11 12 704 15 0 0 234 41 16 733 0 0 0 0 
120 8 28 405 68 395 0 0 114 34 388 88 400 0 0 0 256 368 25 375 0 0 0 0 
0 0 7 297 720 0 0 0 0 3 227 793 1 0 0 0 18 403 603 0 0 0 0 0 
0 0 0 33 991 0 0 0 0 0 16 1004 4 0 0 0 0 77 947 0 0 0 0 0 
0 0 0 2 1022 0 0 0 0 0 0 1024 0 0 0 0 0 30 994 0 0 0 0 0 
0 0 0 147 845 0 0 0 0 0 25 967 0 0 0 0 0 637 355 0 0 0 0 0 
0 0 0 179 446 338 61 0 0 0 117 473 34 400 0 0 1 285 274 15 283 166 0 0 
0 0 0 51 973 0 0 0 0 0 26 965 33 0 0 0 0 104 914 6 0 0 0 0 
0 0 14 35 959 16 0 0 0 0 25 697 302 0 0 0 0 81 889 53 1 0 0 0 
7 40 26 49 875 27 0 0 15 34 42 527 406 0 0 0 21 50 899 50 1 3 0 0 
48 28 11 41 879 17 0 0 43 36 19 794 127 3 2 0 54 46 879 15 23 3 4 0 
170 128 29 569 123 5 0 0 82 213 456 253 18 2 0 0 220 732 31 12 16 11 2 0 
412 516 19 24 34 11 7 1 165 766 18 22 27 12 10 4 685 250 12 20 9 30 10 8 
115 816 18 28 21 25 1 0 103 830 16 29 32 14 0 0 247 692 17 34 21 12 1 0 
115 819 23 21 21 23 2 0 99 840 21 24 36 4 0 0 222 716 18 41 22 5 0 0 
364 569 22 27 42 0 0 0 211 721 22 36 32 2 0 0 682 246 7 41 33 15 0 0 
747 189 21 26 20 21 0 0 510 430 24 23 30 6 1 0 873 70 31 21 17 9 3 0 
450 69 25 423 30 17 9 1 443 81 407 51 10 16 16 0 561 415 4 6 9 12 16 1 
75 29 27 191 702 0 0 0 76 34 116 781 17 0 0 0 84 251 636 26 18 9 0 0 
29 36 28 38 892 1 0 0 32 34 40 910 8 0 0 0 34 85 893 10 2 0 0 0 
15 19 12 96 877 1 3 1 9 30 46 933 0 2 3 1 15 225 774 5 1 0 2 2 
0 0 5 118 869 0 0 0 0 1 82 909 0 0 0 0 0 515 477 0 0 0 0 0 
248 42 20 89 625 0 0 0 253 39 40 691 1 0 0 0 246 414 364 0 0 0 0 0 
390 89 53 44 447 1 0 0 402 84 53 476 9 0 0 0 415 153 444 3 9 0 0 0 
750 177 46 25 22 4 0 0 800 133 48 27 10 4 2 0 866 79 51 13 9 5 1 0 
724 225 22 34 16 3 0 0 792 151 27 33 16 5 0 0 887 58 23 30 15 9 2 0 
631 239 59 34 43 15 3 0 635 248 50 44 31 14 2 0 801 114 55 25 13 13 3 0 
520 338 35 57 42 21 9 2 533 340 42 42 39 19 8 1 765 136 39 24 36 14 9 1 
624 210 55 22 25 33 36 19 653 186 50 22 26 36 33 18 786 73 20 35 27 30 31 22 
343 475 59 46 32 52 16 1 394 443 45 50 41 39 11 1 681 167 41 66 26 27 15 1 
447 359 42 56 66 46 8 0 473 337 42 62 68 41 1 0 719 106 32 80 43 36 8 0 
508 344 49 55 57 11 0 0 629 230 42 66 42 15 0 0 770 100 28 58 41 25 2 0 
527 293 38 48 54 51 13 0 600 213 51 42 73 30 14 1 716 114 42 72 33 24 21 2 
625 217 61 50 31 22 15 3 676 183 61 41 23 20 13 7 791 99 51 30 16 16 9 12 
710 169 66 29 31 11 8 0 764 141 53 17 28 9 12 0 839 67 47 17 27 16 10 1 
722 193 39 36 32 2 0 0 757 168 43 31 24 0 1 0 872 85 28 18 14 5 1 1 
831 106 40 24 23 0 0 0 868 80 42 27 4 2 1 0 904 70 34 12 2 2 0 0 
552 81 25 74 260 0 0 0 563 61 54 303 10 1 0 0 560 320 96 6 10 0 0 0 
634 161 42 52 123 8 3 1 686 114 52 145 15 9 3 0 718 131 135 14 9 12 5 0 
620 283 73 21 13 6 8 0 670 241 66 28 8 4 6 1 827 94 57 24 9 4 4 5 
416 471 58 42 22 4 6 5 464 441 39 37 25 10 4 4 808 104 28 33 31 6 12 2 
389 478 23 17 71 29 12 5 417 458 19 13 78 22 14 3 706 180 8 10 64 38 16 2 
585 358 54 17 3 1 1 5 618 350 29 15 4 1 4 3 803 176 21 9 6 4 3 2 
573 304 26 21 35 39 19 7 599 288 18 22 43 30 20 4 778 114 17 17 41 34 20 3 
330 526 58 15 65 23 6 1 395 502 18 11 74 16 7 1 744 164 6 8 58 35 7 2 
343 573 64 26 14 3 1 0 381 562 38 29 12 1 1 0 668 290 22 28 12 3 1 0 
327 539 51 10 50 39 8 0 426 474 22 6 55 31 10 0 738 173 7 10 39 44 12 1 
280 589 38 32 75 8 2 0 373 523 10 24 80 12 2 0 747 152 6 14 89 14 1 1 
375 545 49 12 22 11 8 2 441 514 14 16 19 7 11 2 715 243 11 19 14 8 10 4 
390 437 53 29 48 32 17 18 479 373 39 19 45 35 19 15 748 114 25 27 32 40 21 17 
635 252 35 37 25 28 11 1 643 265 16 35 28 21 15 1 842 62 22 22 35 19 14 8 
710 248 12 11 11 12 14 6 775 182 15 6 13 15 14 4 904 56 16 5 14 14 11 4 
673 288 37 13 4 6 3 0 705 260 35 14 1 5 4 0 889 89 17 21 5 3 0 0 
619 287 35 17 18 9 4 3 701 211 30 14 18 14 4 0 838 73 28 19 11 17 6 0 
428 589 2 4 1 0 0 0 524 496 1 2 0 1 0 0 1002 18 2 2 0 0 0 0 
232 792 0 0 0 0 0 0 292 732 0 0 0 0 0 0 984 40 0 0 0 0 0 0 
250 724 14 8 8 3 6 11 309 672 14 4 5 7 6 7 918 69 11 6 7 4 7 2 
517 507 0 0 0 0 0 0 530 494 0 0 0 0 0 0 905 119 0 0 0 0 0 0 
700 319 2 3 0 0 0 0 761 259 2 2 0 0 0 0 1010 10 4 0 0 0 0 0 
572 452 0 0 0 0 0 0 681 343 0 0 0 0 0 0 1024 0 0 0 0 0 0 0 
201 814 6 1 1 1 0 0 268 752 2 2 0 0 0 0 1006 14 4 0 0 0 0 0 
289 567 57 110 1 0 0 0 428 451 39 105 1 0 0 0 809 90 20 86 19 0 0 0 
191 812 21 0 0 0 0 0 314 709 1 0 0 0 0 0 938 86 0 0 0 0 0 0 
145 870 9 0 0 0 0 0 223 796 5 0 0 0 0 0 980 44 0 0 0 0 0 0 
538 466 19 1 0 0 0 0 666 348 10 0 0 0 0 0 976 35 12 1 0 0 0 0 
469 554 1 0 0 0 0 0 624 400 0 0 0 0 0 0 1007 17 0 0 0 0 0 0 
914 109 1 0 0 0 0 0 1003 19 1 1 0 0 0 0 1019 2 3 0 0 0 0 0 
753 184 14 10 13 9 18 23 790 158 10 6 11 19 17 13 935 19 11 10 19 13 11 6 
610 413 1 0 0 0 0 0 715 307 2 0 0 0 0 0 1013 10 1 0 0 0 0 0 
650 323 9 6 1 1 1 1 776 200 10 2 2 1 1 0 953 29 7 0 3 0 0 0 
605 236 112 19 25 22 5 0 663 195 103 16 21 24 2 0 750 117 96 22 30 9 0 0 
443 336 72 45 33 46 36 13 535 267 56 40 33 44 39 10 688 117 52 42 34 55 28 8 
463 337 51 22 25 34 37 55 500 330 32 20 23 29 31 59 727 107 41 22 25 20 44 38 
522 408 29 31 7 5 13 9 620 319 17 22 15 10 14 7 869 70 17 17 25 13 13 0 
712 264 9 9 4 6 12 8 777 201 5 2 5 8 20 6 943 31 2 5 14 9 13 7 
623 309 15 10 5 5 7 50 717 224 10 6 7 3 5 52 912 28 7 6 6 11 49 5 
459 537 28 0 0 0 0 0 688 331 5 0 0 0 0 0 936 88 0 0 0 0 0 0 
393 474 112 1 3 3 5 33 577 352 48 3 5 3 4 32 813 161 3 5 3 5 18 16 
91 731 202 0 0 0 0 0 304 610 110 0 0 0 0 0 766 258 0 0 0 0 0 0 
172 756 96 0 0 0 0 0 354 631 39 0 0 0 0 0 914 110 0 0 0 0 0 0 
706 176 96 3 3 6 6 28 818 124 39 5 1 4 3 30 861 111 9 6 4 9 13 11 
760 238 26 0 0 0 0 0 824 196 4 0 0 0 0 0 951 71 1 0 1 0 0 0 
823 107 16 6 3 7 35 27 865 66 9 5 9 14 42 14 901 21 10 14 23 23 32 0 
789 145 17 14 12 23 22 2 852 101 15 2 16 23 14 1 927 29 16 16 24 12 0 0 
729 171 66 23 11 14 10 0 782 117 58 27 12 21 7 0 830 54 62 40 16 17 5 0 
491 152 52 37 30 52 101 77 544 111 43 18 68 56 135 17 585 64 43 45 59 114 81 1 
1024 0 0 0 0 0 0 0 1024 0 0 0 0 0 0 0 1019 3 1 1 0 0 0 0 
971 49 2 1 0 0 1 0 1001 22 1 0 0 0 0 0 1022 2 0 0 0 0 0 0 
132 276 44 33 36 252 129 122 222 217 41 25 240 111 108 60 382 79 49 144 195 89 83 3 
240 216 144 146 83 140 54 1 318 170 102 151 163 95 24 1 384 141 87 170 194 37 11 0 
95 423 93 70 77 100 144 22 224 370 51 51 95 118 108 7 516 127 59 64 114 130 14 0 
70 356 194 76 55 118 119 36 109 432 114 44 96 110 89 30 287 309 90 100 102 93 36 7 
37 438 162 54 78 158 82 15 94 475 76 80 111 148 35 5 356 236 94 85 174 69 10 0 
81 227 208 95 97 128 105 83 90 295 181 120 49 178 50 61 168 353 140 82 148 60 64 9 
23 309 277 49 105 76 148 37 53 461 119 92 50 153 76 20 230 371 92 86 130 85 29 1 
21 329 173 68 120 110 165 38 47 399 109 106 85 174 76 28 278 240 117 88 175 88 38 0 
104 200 244 112 88 155 90 31 127 326 136 110 98 168 39 20 244 287 156 79 160 56 36 6 
35 465 151 63 94 134 47 35 128 457 71 78 107 125 27 31 345 270 79 117 113 25 65 10 
112 291 117 104 110 124 75 91 147 323 105 98 113 111 60 67 318 229 107 85 112 58 113 2 
124 348 73 58 58 159 193 11 264 238 61 21 100 236 104 0 411 104 54 84 224 140 7 0 
235 217 112 122 171 155 12 0 314 181 75 209 190 52 3 0 388 132 175 191 120 18 0 0 
355 223 82 81 121 72 58 0 467 158 67 107 133 51 9 0 603 67 84 148 61 29 0 0 
407 220 294 86 17 0 0 0 402 435 127 49 9 2 0 0 739 211 51 19 4 0 0 0 
814 114 59 19 17 1 0 0 865 99 31 11 16 2 0 0 932 49 23 17 3 0 0 0 
606 354 11 6 22 24 1 0 805 167 5 8 34 5 0 0 925 55 8 25 11 0 0 0 
223 197 61 103 78 340 22 0 309 151 82 95 249 137 1 0 445 100 82 213 181 3 0 0 
7 132 116 79 86 123 177 304 27 169 79 94 141 87 259 168 98 129 99 107 151 149 215 76 
9 50 34 19 31 14 27 840 10 55 39 25 20 16 92 767 19 72 31 25 10 42 438 387 
0 5 13 7 4 3 7 985 0 2 10 7 2 4 3 996 0 0 0 0 1 8 615 400 
0 11 35 7 8 6 11 946 1 25 6 7 10 2 9 964 13 9 4 5 1 1 631 360 
0 3 59 3 27 4 0 928 0 7 27 29 1 0 7 953 23 9 0 0 0 0 476 516 
0 43 24 7 11 9 13 917 3 44 12 11 4 2 3 945 11 16 6 17 4 9 468 493 
0 5 9 3 3 3 5 996 0 2 5 3 4 2 4 1004 0 0 0 0 0 2 652 370 
0 0 0 0 0 0 0 1024 0 0 0 0 0 0 85 939 0 0 0 0 0 0 606 418 
0 5 2 4 2 2 26 983 3 6 3 2 3 4 163 840 12 3 5 2 5 43 579 375 
7 111 118 133 117 95 165 278 21 134 136 132 140 70 192 199 85 126 155 153 101 152 209 43 
190 183 131 73 260 185 2 0 273 199 95 193 246 18 0 0 429 156 170 223 46 0 0 0 
758 136 44 30 24 0 0 0 798 117 35 36 6 0 0 0 867 66 44 15 0 0 0 0 
46 275 421 223 27 0 0 0 40 617 186 147 2 0 0 0 551 196 195 50 0 0 0 0 
397 116 267 84 114 14 0 0 393 338 103 76 76 6 0 0 681 134 90 73 14 0 0 0 
766 177 30 7 8 4 0 0 810 149 14 5 14 0 0 0 937 23 9 20 3 0 0 0 
220 308 36 63 83 274 8 0 312 248 37 78 208 107 2 0 520 87 50 191 139 5 0 0 
1 87 138 77 105 132 114 338 9 158 85 100 165 71 107 297 68 130 125 131 134 67 158 179 
0 6 10 5 3 3 7 958 0 8 12 3 2 3 11 953 0 7 12 6 3 11 135 818 
0 0 0 0 0 0 0 992 0 0 0 0 0 0 0 992 0 0 0 0 0 0 120 872 
0 0 0 0 0 0 0 992 0 0 0 0 0 0 0 992 0 0 0 0 0 0 177 815 
0 0 0 0 0 0 0 992 0 0 0 0 0 0 0 992 0 0 0 0 0 0 49 943 
0 0 0 0 0 0 0 992 0 0 0 0 0 0 0 992 0 0 0 0 0 0 60 932 
0 0 0 0 0 0 0 992 0 0 0 0 0 0 0 992 0 0 0 0 0 0 151 841 
0 0 0 0 0 0 0 992 0 0 0 0 0 0 0 992 0 0 0 0 0 0 105 887 
0 0 0 0 0 0 0 992 0 0 0 0 0 0 0 992 0 0 0 0 0 0 252 740 
1 73 116 131 104 96 61 410 4 116 137 118 141 34 96 346 44 160 133 137 84 62 315 57 
141 245 176 113 231 84 2 0 204 300 146 162 171 9 0 0 436 212 148 181 11 2 2 0 
315 150 280 150 64 2 0 0 332 333 168 108 20 0 0 0 590 211 110 44 6 0 0 0 
