0 281 743 0 0 0 0 0 0 1024 0 0 0 0 0 0 1 814 209 0 0 0 0 0 
0 0 764 110 32 32 63 23 0 914 58 36 16 0 0 0 0 909 86 21 8 0 0 0 
0 0 87 127 50 83 530 147 0 347 659 18 0 0 0 0 0 598 426 0 0 0 0 0 
0 0 0 0 412 496 104 12 0 904 120 0 0 0 0 0 93 890 41 0 0 0 0 0 
0 0 4 802 202 16 0 0 0 1024 0 0 0 0 0 0 103 921 0 0 0 0 0 0 
0 0 158 784 82 0 0 0 0 849 175 0 0 0 0 0 1 984 39 0 0 0 0 0 
0 0 64 260 389 259 52 0 0 299 461 218 43 3 0 0 0 465 384 164 11 0 0 0 
0 0 0 153 335 419 111 6 0 140 350 214 284 33 3 0 0 305 339 343 31 6 0 0 
0 0 0 83 330 463 148 0 0 251 421 211 141 0 0 0 0 325 465 191 43 0 0 0 
0 0 0 255 342 247 161 19 0 454 302 124 130 14 0 0 0 574 234 174 42 0 0 0 
0 0 0 183 198 355 169 119 0 416 308 104 103 93 0 0 66 485 220 114 137 2 0 0 
0 0 78 419 426 101 0 0 8 803 173 40 0 0 0 0 396 518 104 6 0 0 0 0 
0 0 5 247 417 267 88 0 66 703 174 81 0 0 0 0 442 435 141 6 0 0 0 0 
0 0 97 483 428 16 0 0 303 707 14 0 0 0 0 0 716 308 0 0 0 0 0 0 
0 0 89 834 101 0 0 0 469 555 0 0 0 0 0 0 842 182 0 0 0 0 0 0 
0 0 391 633 0 0 0 0 623 401 0 0 0 0 0 0 972 52 0 0 0 0 0 0 
0 0 687 337 0 0 0 0 661 363 0 0 0 0 0 0 975 49 0 0 0 0 0 0 
0 0 682 342 0 0 0 0 635 389 0 0 0 0 0 0 1014 10 0 0 0 0 0 0 
0 0 513 476 35 0 0 0 573 451 0 0 0 0 0 0 891 133 0 0 0 0 0 0 
0 0 163 317 368 176 0 0 360 479 182 3 0 0 0 0 637 282 105 0 0 0 0 0 
0 0 0 245 513 266 0 0 56 684 177 107 0 0 0 0 531 297 196 0 0 0 0 0 
0 0 3 444 357 220 0 0 13 722 145 144 0 0 0 0 529 285 167 43 0 0 0 0 
0 0 77 422 217 252 56 0 0 691 147 125 61 0 0 0 457 313 114 140 0 0 0 0 
0 0 1 482 314 212 15 0 0 763 104 153 4 0 0 0 113 699 172 40 0 0 0 0 
0 0 0 346 321 216 141 0 0 667 174 156 27 0 0 0 0 791 101 132 0 0 0 0 
0 0 0 303 314 320 87 0 0 469 338 139 76 2 0 0 0 618 312 94 0 0 0 0 
0 0 0 481 261 252 30 0 0 574 366 82 2 0 0 0 0 710 272 42 0 0 0 0 
0 0 10 479 535 0 0 0 0 959 65 0 0 0 0 0 2 1011 11 0 0 0 0 0 
0 0 0 79 547 349 49 0 0 941 83 0 0 0 0 0 26 994 4 0 0 0 0 0 
0 0 0 11 475 492 43 3 0 940 84 0 0 0 0 0 308 692 24 0 0 0 0 0 
0 0 0 15 40 367 414 188 2 376 499 140 7 0 0 0 44 443 468 69 0 0 0 0 
0 5 317 124 126 311 132 9 342 330 243 109 0 0 0 0 475 317 199 33 0 0 0 0 
0 824 195 5 0 0 0 0 390 634 0 0 0 0 0 0 621 403 0 0 0 0 0 0 
0 781 243 0 0 0 0 0 84 940 0 0 0 0 0 0 168 856 0 0 0 0 0 0 
0 270 652 78 13 9 2 0 1 1019 4 0 0 0 0 0 110 914 0 0 0 0 0 0 
0 3 440 98 88 360 35 0 0 1000 24 0 0 0 0 0 38 980 6 0 0 0 0 0 
0 0 21 767 212 24 0 0 0 1024 0 0 0 0 0 0 18 1006 0 0 0 0 0 0 
0 0 0 696 328 0 0 0 0 368 636 20 0 0 0 0 0 743 281 0 0 0 0 0 
0 0 0 0 135 244 179 466 0 0 54 201 182 182 83 322 0 0 170 200 213 100 47 294 
0 0 0 0 0 17 91 916 0 0 0 0 46 98 40 840 0 0 0 35 113 40 24 812 
0 0 0 0 0 426 448 150 0 0 0 470 344 87 40 83 0 0 48 652 196 42 18 68 
0 0 0 0 47 751 213 13 0 0 267 702 46 9 0 0 0 26 616 355 23 4 0 0 
0 0 0 0 381 551 64 28 0 1 911 71 21 20 0 0 0 534 425 37 28 0 0 0 
0 0 0 78 778 163 5 0 0 571 438 15 0 0 0 0 0 944 74 6 0 0 0 0 
0 0 0 83 891 50 0 0 0 816 208 0 0 0 0 0 7 1008 9 0 0 0 0 0 
0 0 0 470 554 0 0 0 0 1006 18 0 0 0 0 0 69 955 0 0 0 0 0 0 
0 0 0 810 214 0 0 0 1 1023 0 0 0 0 0 0 172 852 0 0 0 0 0 0 
0 0 0 1002 22 0 0 0 21 1003 0 0 0 0 0 0 393 631 0 0 0 0 0 0 
0 0 34 976 14 0 0 0 30 994 0 0 0 0 0 0 458 566 0 0 0 0 0 0 
0 0 11 359 653 1 0 0 37 987 0 0 0 0 0 0 247 777 0 0 0 0 0 0 
0 0 0 135 889 0 0 0 24 999 1 0 0 0 0 0 131 893 0 0 0 0 0 0 
0 0 0 4 668 352 0 0 4 816 204 0 0 0 0 0 59 961 4 0 0 0 0 0 
0 0 0 49 318 657 0 0 0 303 721 0 0 0 0 0 55 818 151 0 0 0 0 0 
0 0 0 61 517 399 47 0 0 475 497 52 0 0 0 0 33 734 257 0 0 0 0 0 
0 0 0 1 821 184 18 0 0 494 494 34 2 0 0 0 20 886 102 16 0 0 0 0 
0 0 0 0 355 652 17 0 0 162 783 79 0 0 0 0 5 546 470 3 0 0 0 0 
0 0 0 0 0 365 613 46 0 3 280 560 152 22 7 0 0 79 564 329 46 6 0 0 
0 0 0 0 5 146 288 585 0 0 15 111 283 98 39 478 0 0 97 299 126 31 30 441 
0 0 0 0 154 395 206 269 0 0 127 316 226 140 67 148 0 10 254 337 167 87 36 133 
0 0 0 564 457 3 0 0 0 425 575 24 0 0 0 0 0 727 297 0 0 0 0 0 
0 0 0 26 376 390 232 0 0 488 536 0 0 0 0 0 7 821 196 0 0 0 0 0 
0 0 298 80 74 405 136 31 12 694 305 13 0 0 0 0 365 586 73 0 0 0 0 0 
0 274 496 100 29 28 68 29 181 756 71 16 0 0 0 0 837 128 59 0 0 0 0 0 
0 702 297 25 0 0 0 0 547 477 0 0 0 0 0 0 906 118 0 0 0 0 0 0 
0 23 406 595 0 0 0 0 397 627 0 0 0 0 0 0 1003 21 0 0 0 0 0 0 
0 507 517 0 0 0 0 0 464 560 0 0 0 0 0 0 918 106 0 0 0 0 0 0 
0 722 302 0 0 0 0 0 20 1004 0 0 0 0 0 0 608 416 0 0 0 0 0 0 
0 501 436 87 0 0 0 0 0 963 61 0 0 0 0 0 190 782 52 0 0 0 0 0 
0 45 540 406 33 0 0 0 0 803 209 12 0 0 0 0 18 912 94 0 0 0 0 0 
0 0 86 575 363 0 0 0 0 305 708 11 0 0 0 0 6 803 215 0 0 0 0 0 
0 0 0 18 196 269 190 351 0 0 78 278 185 169 79 235 0 42 270 228 142 106 43 193 
0 0 0 0 0 0 45 979 0 0 0 0 3 107 122 792 0 0 0 33 147 90 47 707 
0 0 0 0 23 186 607 208 0 0 25 159 582 139 48 71 0 51 294 383 184 57 14 41 
0 0 0 0 30 352 489 153 0 0 133 566 289 36 0 0 7 309 325 380 3 0 0 0 
0 0 0 1 67 475 280 201 0 43 211 488 224 49 9 0 33 322 599 68 2 0 0 0 
0 0 8 93 429 349 117 28 0 383 420 169 52 0 0 0 258 592 173 1 0 0 0 0 
0 0 70 308 606 40 0 0 1 852 171 0 0 0 0 0 485 539 0 0 0 0 0 0 
0 0 75 803 146 0 0 0 19 1001 4 0 0 0 0 0 533 491 0 0 0 0 0 0 
0 0 54 483 449 38 0 0 34 902 86 2 0 0 0 0 526 498 0 0 0 0 0 0 
0 0 55 384 484 101 0 0 9 828 183 4 0 0 0 0 500 524 0 0 0 0 0 0 
0 0 66 335 520 103 0 0 24 852 148 0 0 0 0 0 504 520 0 0 0 0 0 0 
0 0 77 146 673 98 30 0 35 820 124 45 0 0 0 0 586 438 0 0 0 0 0 0 
0 0 6 73 613 252 80 0 0 750 189 85 0 0 0 0 401 623 0 0 0 0 0 0 
0 0 0 49 391 482 102 0 2 459 450 113 0 0 0 0 301 723 0 0 0 0 0 0 
0 0 0 55 182 711 66 10 2 136 789 91 6 0 0 0 272 443 309 0 0 0 0 0 
0 0 0 0 56 302 565 101 0 72 204 637 33 78 0 0 107 114 609 194 0 0 0 0 
0 0 0 1 74 395 459 95 0 54 346 496 49 36 43 0 53 150 505 304 12 0 0 0 
0 0 0 52 212 644 116 0 0 70 533 417 4 0 0 0 24 310 654 36 0 0 0 0 
0 0 0 0 56 176 485 307 0 0 50 346 370 148 64 46 0 42 207 461 219 65 18 12 
0 0 0 0 0 0 0 1024 0 0 0 0 0 0 17 1007 0 0 0 0 4 32 15 973 
0 0 0 0 10 242 217 555 0 0 8 142 204 169 126 375 0 0 64 213 202 149 88 308 
0 0 105 176 577 166 0 0 0 210 730 84 0 0 0 0 0 544 467 13 0 0 0 0 
0 0 730 103 54 137 0 0 0 926 98 0 0 0 0 0 54 949 21 0 0 0 0 0 
0 115 909 0 0 0 0 0 1 1023 0 0 0 0 0 0 580 444 0 0 0 0 0 0 
0 697 226 101 0 0 0 0 139 885 0 0 0 0 0 0 795 229 0 0 0 0 0 0 
0 455 354 215 0 0 0 0 579 445 0 0 0 0 0 0 942 82 0 0 0 0 0 0 
0 13 599 412 0 0 0 0 364 660 0 0 0 0 0 0 846 178 0 0 0 0 0 0 
0 0 947 30 24 20 3 0 100 867 24 19 14 0 0 0 810 166 25 19 4 0 0 0 
0 104 920 0 0 0 0 0 4 1020 0 0 0 0 0 0 919 105 0 0 0 0 0 0 
0 5 874 145 0 0 0 0 0 970 54 0 0 0 0 0 648 376 0 0 0 0 0 0 
0 0 141 821 62 0 0 0 0 609 389 26 0 0 0 0 118 820 86 0 0 0 0 0 
0 0 23 730 271 0 0 0 0 447 563 14 0 0 0 0 111 887 26 0 0 0 0 0 
0 0 0 214 417 320 73 0 0 11 551 361 99 2 0 0 2 800 195 27 0 0 0 0 
0 0 0 0 182 650 177 15 0 0 99 669 176 80 0 0 0 401 437 171 15 0 0 0 
0 0 0 0 186 554 282 2 0 0 127 717 180 0 0 0 0 713 308 3 0 0 0 0 
0 0 0 0 0 86 362 576 0 0 5 153 540 182 89 55 0 260 393 174 99 55 26 17 
0 0 0 0 20 135 408 461 0 0 34 214 364 134 86 192 15 269 267 131 91 91 75 85 
0 0 0 0 81 502 433 8 0 6 203 668 140 7 0 0 107 740 160 17 0 0 0 0 
0 0 0 35 616 350 23 0 0 163 730 131 0 0 0 0 706 317 1 0 0 0 0 0 
0 0 0 202 822 0 0 0 0 791 233 0 0 0 0 0 1023 1 0 0 0 0 0 0 
0 0 0 117 753 154 0 0 0 582 412 30 0 0 0 0 1004 20 0 0 0 0 0 0 
0 0 0 160 597 267 0 0 0 551 372 101 0 0 0 0 936 88 0 0 0 0 0 0 
0 0 0 44 408 502 70 0 0 293 502 229 0 0 0 0 815 209 0 0 0 0 0 0 
0 0 0 0 212 393 419 0 0 95 430 499 0 0 0 0 745 275 4 0 0 0 0 0 
0 0 0 0 256 435 290 43 0 94 557 309 64 0 0 0 657 367 0 0 0 0 0 0 
0 0 0 0 173 441 346 64 0 24 518 389 93 0 0 0 465 539 20 0 0 0 0 0 
0 0 0 0 42 344 501 137 0 4 150 526 342 2 0 0 149 650 217 8 0 0 0 0 
0 0 0 1 34 121 539 329 0 7 26 202 586 86 55 62 36 399 251 169 57 55 37 20 
0 0 0 0 19 244 471 290 0 0 40 356 571 31 13 13 18 570 327 67 20 12 10 0 
0 0 0 0 204 467 346 7 0 0 351 580 93 0 0 0 66 896 62 0 0 0 0 0 
0 0 0 0 140 546 335 3 0 0 163 606 227 28 0 0 1 574 383 64 2 0 0 0 
0 0 0 0 84 430 209 301 0 0 50 406 174 201 105 88 0 139 386 200 152 96 30 21 
0 0 0 62 394 351 188 29 0 6 440 324 196 47 10 1 4 610 272 102 29 7 0 0 
0 0 12 386 477 149 0 0 0 356 578 90 0 0 0 0 302 715 7 0 0 0 0 0 
0 0 99 575 350 0 0 0 0 783 241 0 0 0 0 0 933 91 0 0 0 0 0 0 
0 21 328 532 143 0 0 0 1 1000 23 0 0 0 0 0 951 73 0 0 0 0 0 0 
0 3 641 380 0 0 0 0 65 959 0 0 0 0 0 0 1000 24 0 0 0 0 0 0 
0 0 956 64 4 0 0 0 218 802 4 0 0 0 0 0 1005 19 0 0 0 0 0 0 
0 56 206 711 51 0 0 0 15 359 618 32 0 0 0 0 34 353 523 114 0 0 0 0 
0 51 428 291 107 101 42 4 0 526 298 81 75 40 4 0 249 540 72 79 73 11 0 0 
0 142 799 83 0 0 0 0 0 1022 2 0 0 0 0 0 643 381 0 0 0 0 0 0 
0 33 513 403 75 0 0 0 0 979 45 0 0 0 0 0 904 120 0 0 0 0 0 0 
0 0 141 235 642 6 0 0 0 508 516 0 0 0 0 0 861 163 0 0 0 0 0 0 
0 0 73 568 383 0 0 0 0 786 238 0 0 0 0 0 872 152 0 0 0 0 0 0 
0 0 0 271 620 133 0 0 0 222 802 0 0 0 0 0 509 515 0 0 0 0 0 0 
0 0 0 14 320 681 9 0 0 15 490 519 0 0 0 0 87 927 10 0 0 0 0 0 
0 0 0 0 115 494 286 129 0 0 108 559 240 117 0 0 3 551 284 151 35 0 0 0 
0 0 0 0 0 20 58 946 0 0 0 17 49 152 213 593 0 6 29 73 175 193 118 430 
0 0 0 0 0 14 18 992 0 0 0 10 15 39 66 894 0 2 10 25 45 78 108 756 
0 0 0 15 74 209 388 338 0 15 73 260 306 233 95 42 29 239 303 242 131 67 12 1 
0 0 0 15 109 560 340 0 0 40 249 685 50 0 0 0 87 847 90 0 0 0 0 0 
0 0 0 51 298 599 76 0 0 93 601 330 0 0 0 0 602 422 0 0 0 0 0 0 
0 0 0 76 229 605 114 0 0 146 578 300 0 0 0 0 879 145 0 0 0 0 0 0 
0 0 0 169 251 596 8 0 0 293 709 22 0 0 0 0 1018 6 0 0 0 0 0 0 
0 0 0 150 254 620 0 0 0 338 686 0 0 0 0 0 1024 0 0 0 0 0 0 0 
0 0 0 59 207 502 256 0 0 174 531 319 0 0 0 0 903 121 0 0 0 0 0 0 
0 0 0 57 142 282 476 67 0 111 314 522 77 0 0 0 528 495 1 0 0 0 0 0 
0 0 0 3 103 146 310 462 0 26 155 285 482 76 0 0 111 475 374 64 0 0 0 0 
0 0 0 0 1 61 97 865 0 0 8 79 171 345 237 184 10 66 149 336 233 156 66 8 
0 0 0 0 0 13 85 926 0 0 0 10 68 65 110 771 0 0 25 55 87 166 184 507 
0 0 0 0 8 160 88 768 0 0 70 120 109 225 187 313 6 145 106 181 200 175 109 102 
0 0 0 0 51 180 278 515 0 0 150 161 614 99 0 0 46 378 480 120 0 0 0 0 
0 0 0 0 48 246 512 218 0 0 130 548 345 1 0 0 29 849 144 2 0 0 0 0 
0 0 0 0 214 520 290 0 0 0 400 614 10 0 0 0 7 967 50 0 0 0 0 0 
0 0 0 153 369 483 19 0 0 106 767 151 0 0 0 0 227 792 5 0 0 0 0 0 
0 0 7 520 472 25 0 0 0 630 394 0 0 0 0 0 888 136 0 0 0 0 0 0 
0 0 167 578 279 0 0 0 0 980 44 0 0 0 0 0 968 56 0 0 0 0 0 0 
0 12 505 461 42 4 0 0 0 970 51 3 0 0 0 0 884 139 1 0 0 0 0 0 
0 0 177 633 122 57 28 7 7 825 101 53 26 12 0 0 755 181 54 26 8 0 0 0 
0 0 196 431 324 50 20 3 8 571 352 60 21 12 0 0 519 412 52 28 12 1 0 0 
0 0 0 835 189 0 0 0 0 132 521 371 0 0 0 0 0 157 383 484 0 0 0 0 
0 35 81 427 367 96 14 4 0 248 580 151 38 7 0 0 135 622 183 74 10 0 0 0 
0 61 291 550 87 25 10 0 0 667 278 57 12 10 0 0 296 643 62 13 10 0 0 0 
0 39 444 456 63 8 2 12 0 821 158 26 7 10 2 0 505 471 29 7 4 8 0 0 
24 112 150 215 291 187 43 2 56 321 361 218 46 22 0 0 309 588 63 47 17 0 0 0 
381 547 32 39 24 1 0 0 384 607 33 0 0 0 0 0 602 422 0 0 0 0 0 0 
94 834 39 54 3 0 0 0 85 927 12 0 0 0 0 0 227 797 0 0 0 0 0 0 
9 895 34 37 21 28 0 0 9 939 68 8 0 0 0 0 91 933 0 0 0 0 0 0 
0 859 69 18 54 22 2 0 0 920 86 18 0 0 0 0 92 930 2 0 0 0 0 0 
0 614 270 44 6 26 22 42 0 647 286 34 24 20 12 1 32 759 197 25 10 1 0 0 
0 566 131 231 9 23 1 63 0 623 173 163 6 15 10 34 30 670 267 15 11 20 11 0 
137 514 248 38 27 31 27 2 137 565 271 27 23 1 0 0 303 536 185 0 0 0 0 0 
283 576 43 26 35 55 6 0 291 637 57 39 0 0 0 0 467 557 0 0 0 0 0 0 
303 545 48 24 29 59 16 0 333 583 77 31 0 0 0 0 539 485 0 0 0 0 0 0 
310 411 164 11 52 58 18 0 315 523 157 29 0 0 0 0 502 522 0 0 0 0 0 0 
343 336 185 32 98 30 0 0 347 461 216 0 0 0 0 0 649 374 1 0 0 0 0 0 
369 334 161 15 36 90 19 0 370 441 181 32 0 0 0 0 633 391 0 0 0 0 0 0 
366 308 188 2 66 78 16 0 369 382 251 22 0 0 0 0 636 386 2 0 0 0 0 0 
372 265 195 32 23 118 19 0 389 317 278 40 0 0 0 0 638 314 72 0 0 0 0 0 
398 221 206 14 24 54 95 12 395 293 193 107 34 2 0 0 543 306 170 5 0 0 0 0 
345 263 172 52 9 17 57 109 350 322 178 18 61 48 19 28 472 248 201 50 19 18 13 3 
204 380 167 68 13 0 7 185 198 457 177 0 8 20 21 143 372 327 141 23 14 31 21 95 
119 465 184 16 16 17 18 189 111 554 135 31 27 55 51 60 283 471 106 39 48 35 14 28 
35 614 102 15 18 60 151 29 42 657 99 152 65 9 0 0 245 699 65 15 0 0 0 0 
0 704 32 31 60 145 52 0 0 760 159 105 0 0 0 0 202 822 0 0 0 0 0 0 
0 689 31 30 112 162 0 0 1 750 261 12 0 0 0 0 213 811 0 0 0 0 0 0 
28 644 32 11 169 140 0 0 30 702 243 49 0 0 0 0 330 691 3 0 0 0 0 0 
7 88 108 192 321 135 144 29 6 500 250 134 115 11 8 0 507 427 68 8 9 5 0 0 
0 1 93 298 388 150 89 5 1 569 234 160 59 0 1 0 607 373 39 4 0 1 0 0 
0 2 177 284 275 264 22 0 0 441 208 344 31 0 0 0 442 400 178 4 0 0 0 0 
0 0 106 156 531 231 0 0 11 225 517 265 6 0 0 0 288 568 168 0 0 0 0 0 
0 0 107 169 553 194 1 0 35 271 492 222 4 0 0 0 374 587 63 0 0 0 0 0 
0 0 0 730 294 0 0 0 0 173 533 318 0 0 0 0 0 162 319 543 0 0 0 0 
0 0 0 374 530 93 27 0 0 270 610 106 36 2 0 0 171 666 170 17 0 0 0 0 
0 0 178 564 163 111 8 0 0 609 243 141 30 1 0 0 369 503 127 25 0 0 0 0 
0 0 150 627 185 52 10 0 0 558 376 65 21 4 0 0 426 521 55 20 2 0 0 0 
0 32 32 28 295 505 121 11 11 58 169 466 275 45 0 0 100 303 509 109 3 0 0 0 
696 328 0 0 0 0 0 0 704 320 0 0 0 0 0 0 761 263 0 0 0 0 0 0 
326 698 0 0 0 0 0 0 326 698 0 0 0 0 0 0 401 623 0 0 0 0 0 0 
256 768 0 0 0 0 0 0 251 773 0 0 0 0 0 0 351 673 0 0 0 0 0 0 
0 400 484 12 1 75 52 0 0 442 447 7 8 120 0 0 2 788 95 11 103 25 0 0 
0 183 294 233 58 4 133 119 0 192 355 188 33 39 189 28 1 268 379 119 4 174 79 0 
0 160 56 255 297 0 11 245 0 161 188 204 215 0 46 210 0 192 245 330 1 7 228 21 
0 168 284 282 34 13 139 104 0 182 337 249 0 24 224 8 5 279 439 45 6 209 41 0 
0 420 348 0 20 14 222 0 0 457 311 0 28 179 49 0 0 657 111 1 73 182 0 0 
0 444 324 4 28 0 224 0 0 527 241 17 15 123 101 0 1 767 0 16 31 206 3 0 
0 266 502 32 0 0 126 98 0 441 327 32 0 0 224 0 0 768 0 32 0 175 49 0 
0 225 572 3 0 0 32 192 0 318 482 0 0 12 89 123 3 747 42 8 0 27 197 0 
0 245 555 0 7 25 0 192 0 378 422 0 10 22 46 146 0 769 31 0 8 39 174 3 
0 198 613 16 5 0 25 167 0 223 590 16 3 2 179 11 0 734 74 20 4 110 82 0 
0 192 461 179 4 24 4 160 0 211 544 77 8 24 145 15 0 499 333 0 8 151 33 0 
0 182 333 247 102 0 2 158 0 191 337 323 13 0 113 47 0 350 427 71 16 59 101 0 
1 167 306 203 188 16 14 129 0 176 369 284 39 18 120 18 7 220 480 155 9 116 37 0 
0 186 166 411 133 0 14 114 0 185 364 335 12 0 128 0 20 173 598 99 6 89 39 0 
0 179 419 298 7 13 12 96 0 182 528 186 14 14 81 19 10 440 440 6 14 78 36 0 
12 298 535 120 5 3 8 43 2 326 623 16 4 3 49 1 28 654 273 12 4 22 31 0 
203 821 0 0 0 0 0 0 202 822 0 0 0 0 0 0 342 682 0 0 0 0 0 0 
147 877 0 0 0 0 0 0 147 877 0 0 0 0 0 0 308 716 0 0 0 0 0 0 
262 762 0 0 0 0 0 0 254 770 0 0 0 0 0 0 538 486 0 0 0 0 0 0 
0 8 37 88 243 408 186 54 1 57 330 342 224 54 16 0 115 539 219 108 35 8 0 0 
0 0 26 100 663 200 26 9 0 91 685 191 42 14 1 0 143 788 56 27 10 0 0 0 
0 0 4 218 619 108 61 14 0 120 664 134 82 24 0 0 157 685 115 58 9 0 0 0 
0 0 2 20 994 8 0 0 0 45 979 0 0 0 0 0 529 495 0 0 0 0 0 0 
0 0 0 12 947 65 0 0 0 304 697 23 0 0 0 0 835 189 0 0 0 0 0 0 
0 0 16 591 417 0 0 0 0 166 394 464 0 0 0 0 0 135 250 639 0 0 0 0 
0 0 269 644 108 3 0 0 0 852 162 10 0 0 0 0 323 698 3 0 0 0 0 0 
0 20 526 399 75 4 0 0 0 812 200 12 0 0 0 0 552 455 17 0 0 0 0 0 
0 0 60 878 86 0 0 0 0 562 444 18 0 0 0 0 449 550 25 0 0 0 0 0 
0 32 33 322 482 155 0 0 23 212 363 400 26 0 0 0 244 397 354 29 0 0 0 0 
897 127 0 0 0 0 0 0 925 99 0 0 0 0 0 0 931 93 0 0 0 0 0 0 
587 437 0 0 0 0 0 0 587 437 0 0 0 0 0 0 637 387 0 0 0 0 0 0 
313 711 0 0 0 0 0 0 313 711 0 0 0 0 0 0 386 638 0 0 0 0 0 0 
0 359 153 0 1 126 385 0 0 391 121 0 25 482 5 0 0 480 32 0 323 189 0 0 
0 0 0 0 0 0 394 630 0 0 0 0 0 127 811 86 0 0 0 0 3 703 318 0 
0 0 0 0 0 0 1 1023 0 0 0 0 0 0 141 883 0 0 0 0 0 104 920 0 
0 0 0 0 0 0 635 389 0 0 0 0 0 3 996 25 0 0 0 0 0 996 28 0 
0 0 0 0 0 0 886 138 0 0 0 0 0 387 637 0 0 0 0 0 71 950 3 0 
0 0 0 0 0 0 1017 7 0 0 0 0 0 642 382 0 0 0 0 0 380 644 0 0 
0 0 0 0 0 0 472 552 0 0 0 0 0 6 1018 0 0 0 0 0 0 955 69 0 
0 0 0 0 0 0 222 802 0 0 0 0 0 0 762 262 0 0 0 0 0 659 365 0 
0 0 0 0 0 0 150 874 0 0 0 0 0 0 791 233 0 0 0 0 0 591 433 0 
0 0 0 0 0 0 18 1006 0 0 0 0 0 0 1024 0 0 0 0 0 0 881 143 0 
0 0 0 0 0 0 3 1021 0 0 0 0 0 0 857 167 0 0 0 0 0 792 232 0 
0 0 0 0 0 0 4 1020 0 0 0 0 0 0 802 222 0 0 0 0 0 744 280 0 
0 0 0 0 0 0 542 482 0 0 0 0 0 75 949 0 0 0 0 0 15 1009 0 0 
0 0 0 0 0 0 841 183 0 0 0 0 0 437 587 0 0 0 0 0 216 808 0 0 
0 0 0 0 0 0 818 206 0 0 0 0 0 308 716 0 0 0 0 0 113 909 2 0 
58 232 156 2 19 13 207 337 58 223 167 4 22 6 541 3 78 277 93 15 17 514 30 0 
544 480 0 0 0 0 0 0 553 471 0 0 0 0 0 0 625 399 0 0 0 0 0 0 
635 389 0 0 0 0 0 0 624 400 0 0 0 0 0 0 713 311 0 0 0 0 0 0 
674 329 21 0 0 0 0 0 675 349 0 0 0 0 0 0 826 198 0 0 0 0 0 0 
0 0 8 316 408 279 13 0 0 234 537 217 36 0 0 0 393 532 84 15 0 0 0 0 
0 0 5 393 616 10 0 0 0 297 711 16 0 0 0 0 475 539 10 0 0 0 0 0 
0 0 65 585 324 44 6 0 0 422 537 57 7 1 0 0 485 519 15 5 0 0 0 0 
0 0 0 268 756 0 0 0 0 664 360 0 0 0 0 0 1008 16 0 0 0 0 0 0 
0 0 0 307 717 0 0 0 0 906 118 0 0 0 0 0 1024 0 0 0 0 0 0 0 
0 0 187 774 63 0 0 0 0 200 437 387 0 0 0 0 3 140 216 665 0 0 0 0 
0 0 794 229 1 0 0 0 0 974 50 0 0 0 0 0 499 525 0 0 0 0 0 0 
0 8 805 211 0 0 0 0 0 978 46 0 0 0 0 0 761 263 0 0 0 0 0 0 
0 0 95 820 109 0 0 0 0 624 395 5 0 0 0 0 495 521 8 0 0 0 0 0 
0 32 89 366 389 148 0 0 26 351 236 376 35 0 0 0 349 288 315 72 0 0 0 0 
1007 17 0 0 0 0 0 0 1023 1 0 0 0 0 0 0 1023 1 0 0 0 0 0 0 
805 219 0 0 0 0 0 0 805 219 0 0 0 0 0 0 858 166 0 0 0 0 0 0 
392 632 0 0 0 0 0 0 392 632 0 0 0 0 0 0 438 586 0 0 0 0 0 0 
0 418 94 0 0 32 480 0 0 459 53 0 13 373 126 0 0 480 32 0 82 430 0 0 
0 0 0 0 0 0 796 228 0 0 0 0 0 497 506 21 0 0 0 0 11 863 150 0 
0 0 0 0 0 0 68 956 0 0 0 0 0 0 462 562 0 0 0 0 0 305 719 0 
0 0 0 0 0 0 0 1024 0 0 0 0 0 0 910 114 0 0 0 0 0 601 423 0 
0 0 0 0 0 0 299 725 0 0 0 0 0 14 1010 0 0 0 0 0 0 958 66 0 
0 0 0 0 0 2 1022 0 0 0 0 0 0 759 265 0 0 0 0 0 537 487 0 0 
0 0 0 0 0 0 1024 0 0 0 0 0 0 954 70 0 0 0 0 0 529 495 0 0 
0 0 0 0 0 0 1023 1 0 0 0 0 0 458 566 0 0 0 0 0 93 931 0 0 
0 0 0 0 0 0 1022 2 0 0 0 0 0 87 937 0 0 0 0 0 0 1024 0 0 
0 0 0 0 0 0 532 492 0 0 0 0 0 35 989 0 0 0 0 0 3 1017 4 0 
0 0 0 0 0 0 0 1024 0 0 0 0 0 0 740 284 0 0 0 0 0 487 537 0 
0 0 0 0 0 0 0 1024 0 0 0 0 0 0 671 353 0 0 0 0 0 583 441 0 
0 0 0 0 0 0 653 371 0 0 0 0 0 92 932 0 0 0 0 0 11 1013 0 0 
0 0 0 0 0 3 1021 0 0 0 0 0 0 1013 11 0 0 0 0 0 756 268 0 0 
0 0 0 0 0 0 943 81 0 0 0 0 0 633 391 0 0 0 0 0 286 738 0 0 
146 233 70 23 8 16 312 216 151 231 79 18 8 36 497 4 149 262 54 15 11 490 43 0 
681 343 0 0 0 0 0 0 679 345 0 0 0 0 0 0 725 299 0 0 0 0 0 0 
792 232 0 0 0 0 0 0 792 232 0 0 0 0 0 0 825 199 0 0 0 0 0 0 
802 190 17 15 0 0 0 0 810 196 18 0 0 0 0 0 915 109 0 0 0 0 0 0 
0 0 20 474 514 16 0 0 0 490 484 50 0 0 0 0 709 287 28 0 0 0 0 0 
0 0 52 961 11 0 0 0 0 963 61 0 0 0 0 0 939 85 0 0 0 0 0 0 
0 0 165 679 180 0 0 0 0 832 190 2 0 0 0 0 883 141 0 0 0 0 0 0 
0 0 0 1012 12 0 0 0 0 1022 2 0 0 0 0 0 1024 0 0 0 0 0 0 0 
0 0 0 864 160 0 0 0 0 1024 0 0 0 0 0 0 1024 0 0 0 0 0 0 0 
0 0 217 806 1 0 0 0 0 212 749 63 0 0 0 0 0 171 446 407 0 0 0 0 
0 0 888 136 0 0 0 0 8 1016 0 0 0 0 0 0 754 270 0 0 0 0 0 0 
0 16 803 204 1 0 0 0 0 994 30 0 0 0 0 0 933 91 0 0 0 0 0 0 
0 0 83 888 53 0 0 0 0 679 344 1 0 0 0 0 603 421 0 0 0 0 0 0 
0 32 404 56 462 70 0 0 26 422 214 358 4 0 0 0 413 238 350 23 0 0 0 0 
1021 3 0 0 0 0 0 0 1024 0 0 0 0 0 0 0 1024 0 0 0 0 0 0 0 
1010 14 0 0 0 0 0 0 1010 14 0 0 0 0 0 0 1016 8 0 0 0 0 0 0 
560 464 0 0 0 0 0 0 560 464 0 0 0 0 0 0 603 421 0 0 0 0 0 0 
0 486 26 0 25 74 413 0 0 498 14 8 23 464 17 0 0 501 11 17 272 223 0 0 
0 0 0 0 0 397 627 0 0 0 0 0 0 1021 3 0 0 0 0 0 705 319 0 0 
0 0 0 0 0 108 908 8 0 0 0 0 0 626 398 0 0 0 0 0 259 765 0 0 
0 0 0 0 0 0 576 448 0 0 0 0 0 144 880 0 0 0 0 0 7 932 85 0 
0 0 0 0 0 0 883 141 0 0 0 0 0 138 886 0 0 0 0 0 0 1024 0 0 
0 0 0 0 0 0 1024 0 0 0 0 0 0 929 95 0 0 0 0 0 238 786 0 0 
0 0 0 0 0 0 1024 0 0 0 0 0 0 794 230 0 0 0 0 0 292 732 0 0 
0 0 0 0 0 0 995 29 0 0 0 0 0 64 960 0 0 0 0 0 0 1024 0 0 
0 0 0 0 0 0 1020 4 0 0 0 0 0 631 393 0 0 0 0 0 215 809 0 0 
0 0 0 0 0 64 958 2 0 0 0 0 0 861 163 0 0 0 0 0 686 338 0 0 
0 0 0 0 0 0 846 178 0 0 0 0 0 441 583 0 0 0 0 0 165 859 0 0 
0 0 0 0 0 0 822 202 0 0 0 0 0 410 614 0 0 0 0 0 208 816 0 0 
0 0 0 0 0 0 994 30 0 0 0 0 0 781 243 0 0 0 0 0 503 521 0 0 
0 0 0 0 0 292 732 0 0 0 0 0 0 1024 0 0 0 0 0 0 985 39 0 0 
0 0 0 0 0 526 498 0 0 0 0 0 0 1022 2 0 0 0 0 0 920 104 0 0 
225 209 46 18 14 270 242 0 217 224 47 12 36 418 70 0 211 254 30 9 355 165 0 0 
1013 11 0 0 0 0 0 0 1013 11 0 0 0 0 0 0 1013 11 0 0 0 0 0 0 
1024 0 0 0 0 0 0 0 1024 0 0 0 0 0 0 0 1024 0 0 0 0 0 0 0 
906 54 32 32 0 0 0 0 928 64 32 0 0 0 0 0 961 51 12 0 0 0 0 0 
0 0 208 486 329 1 0 0 1 683 340 0 0 0 0 0 878 146 0 0 0 0 0 0 
0 0 308 716 0 0 0 0 0 1021 3 0 0 0 0 0 996 28 0 0 0 0 0 0 
0 0 329 531 164 0 0 0 0 914 110 0 0 0 0 0 948 76 0 0 0 0 0 0 
0 0 414 610 0 0 0 0 0 1024 0 0 0 0 0 0 1024 0 0 0 0 0 0 0 
0 0 196 828 0 0 0 0 0 1024 0 0 0 0 0 0 1024 0 0 0 0 0 0 0 
0 0 203 821 0 0 0 0 0 191 833 0 0 0 0 0 2 178 663 181 0 0 0 0 
0 47 957 20 0 0 0 0 167 857 0 0 0 0 0 0 921 103 0 0 0 0 0 0 
0 31 871 122 0 0 0 0 0 1019 5 0 0 0 0 0 973 51 0 0 0 0 0 0 
0 0 271 723 30 0 0 0 0 758 266 0 0 0 0 0 614 410 0 0 0 0 0 0 
0 32 386 238 360 8 0 0 15 450 306 253 0 0 0 0 431 257 315 21 0 0 0 0 
1009 15 0 0 0 0 0 0 1024 0 0 0 0 0 0 0 1024 0 0 0 0 0 0 0 
1019 5 0 0 0 0 0 0 1019 5 0 0 0 0 0 0 1019 5 0 0 0 0 0 0 
728 296 0 0 0 0 0 0 728 296 0 0 0 0 0 0 800 224 0 0 0 0 0 0 
0 504 8 14 18 412 68 0 0 512 0 32 0 480 0 0 2 510 1 31 448 32 0 0 
0 0 0 0 0 1024 0 0 0 0 0 0 0 1024 0 0 0 0 0 0 1024 0 0 0 
0 0 0 0 0 770 254 0 0 0 0 0 0 1024 0 0 0 0 0 0 990 34 0 0 
0 0 0 0 0 64 960 0 0 0 0 0 0 1000 24 0 0 0 0 0 410 614 0 0 
0 0 0 0 0 278 746 0 0 0 0 0 0 995 29 0 0 0 0 0 614 410 0 0 
0 0 0 0 0 589 435 0 0 0 0 0 0 1024 0 0 0 0 0 0 908 116 0 0 
0 0 0 0 0 356 668 0 0 0 0 0 0 997 27 0 0 0 0 0 860 164 0 0 
0 0 0 0 0 0 1020 4 0 0 0 0 0 269 755 0 0 0 0 0 51 973 0 0 
0 0 0 0 0 0 1024 0 0 0 0 0 0 231 793 0 0 0 0 0 40 984 0 0 
0 0 0 0 0 26 998 0 0 0 0 0 0 1019 5 0 0 0 0 0 661 363 0 0 
0 0 0 0 0 5 1019 0 0 0 0 0 0 1024 0 0 0 0 0 0 708 316 0 0 
0 0 0 0 0 0 1024 0 0 0 0 0 0 1024 0 0 0 0 0 0 726 298 0 0 
0 0 0 0 0 4 1020 0 0 0 0 0 0 975 49 0 0 0 0 0 786 238 0 0 
0 0 0 0 0 460 564 0 0 0 0 0 0 956 68 0 0 0 0 0 856 168 0 0 
0 0 0 0 0 891 133 0 0 0 0 0 0 1024 0 0 0 0 0 0 1024 0 0 0 
256 208 48 8 24 480 0 0 253 218 41 17 16 479 0 0 246 231 38 26 482 1 0 0 
1023 1 0 0 0 0 0 0 1023 1 0 0 0 0 0 0 1023 1 0 0 0 0 0 0 
1024 0 0 0 0 0 0 0 1024 0 0 0 0 0 0 0 1024 0 0 0 0 0 0 0 
912 37 22 53 0 0 0 0 927 51 46 0 0 0 0 0 949 75 0 0 0 0 0 0 
0 0 292 295 436 1 0 0 4 643 377 0 0 0 0 0 903 121 0 0 0 0 0 0 
0 0 294 642 88 0 0 0 5 1019 0 0 0 0 0 0 1005 19 0 0 0 0 0 0 
0 5 668 323 28 0 0 0 10 985 29 0 0 0 0 0 999 25 0 0 0 0 0 0 
0 0 974 50 0 0 0 0 0 1024 0 0 0 0 0 0 1024 0 0 0 0 0 0 0 
0 0 530 494 0 0 0 0 0 1024 0 0 0 0 0 0 1024 0 0 0 0 0 0 0 
0 0 185 839 0 0 0 0 0 149 509 366 0 0 0 0 6 130 263 625 0 0 0 0 
0 364 660 0 0 0 0 0 223 801 0 0 0 0 0 0 929 95 0 0 0 0 0 0 
0 152 872 0 0 0 0 0 4 1020 0 0 0 0 0 0 1002 22 0 0 0 0 0 0 
0 1 638 385 0 0 0 0 3 870 151 0 0 0 0 0 619 405 0 0 0 0 0 0 
0 14 421 556 33 0 0 0 0 500 375 149 0 0 0 0 381 293 327 23 0 0 0 0 
984 40 0 0 0 0 0 0 1024 0 0 0 0 0 0 0 1024 0 0 0 0 0 0 0 
1014 10 0 0 0 0 0 0 1014 10 0 0 0 0 0 0 1022 2 0 0 0 0 0 0 
907 117 0 0 0 0 0 0 907 117 0 0 0 0 0 0 929 95 0 0 0 0 0 0 
98 414 14 18 7 461 12 0 99 413 23 9 65 415 0 0 163 349 29 7 471 5 0 0 
0 0 0 0 0 1024 0 0 0 0 0 0 43 981 0 0 0 0 0 0 1024 0 0 0 
0 0 0 0 0 1024 0 0 0 0 0 0 516 508 0 0 0 0 0 3 1021 0 0 0 
0 0 0 0 0 767 257 0 0 0 0 0 70 954 0 0 0 0 0 0 978 46 0 0 
0 0 0 0 0 1010 14 0 0 0 0 0 58 966 0 0 0 0 0 0 1024 0 0 0 
0 0 0 0 0 1024 0 0 0 0 0 0 335 689 0 0 0 0 0 0 1024 0 0 0 
0 0 0 0 0 1022 2 0 0 0 0 0 650 374 0 0 0 0 0 67 957 0 0 0 
0 0 0 0 0 725 299 0 0 0 0 0 346 678 0 0 0 0 0 19 941 64 0 0 
0 0 0 0 0 144 880 0 0 0 0 0 0 1018 6 0 0 0 0 0 582 442 0 0 
0 0 0 0 0 0 1024 0 0 0 0 0 0 1013 11 0 0 0 0 0 143 881 0 0 
0 0 0 0 0 0 1024 0 0 0 0 0 0 687 337 0 0 0 0 0 19 1005 0 0 
0 0 0 0 0 0 1024 0 0 0 0 0 0 465 559 0 0 0 0 0 1 1023 0 0 
0 0 0 0 0 0 978 46 0 0 0 0 0 27 997 0 0 0 0 0 0 1024 0 0 
0 0 0 0 0 0 940 84 0 0 0 0 0 22 1002 0 0 0 0 0 0 1024 0 0 
0 0 0 0 0 0 1024 0 0 0 0 0 0 692 332 0 0 0 0 0 279 745 0 0 
288 203 33 20 13 170 297 0 281 205 44 14 16 464 0 0 281 223 40 0 361 119 0 0 
1021 3 0 0 0 0 0 0 1021 3 0 0 0 0 0 0 1021 3 0 0 0 0 0 0 
1024 0 0 0 0 0 0 0 1024 0 0 0 0 0 0 0 1024 0 0 0 0 0 0 0 
875 41 25 83 0 0 0 0 894 79 51 0 0 0 0 0 941 83 0 0 0 0 0 0 
0 0 244 647 133 0 0 0 16 893 115 0 0 0 0 0 923 101 0 0 0 0 0 0 
0 0 332 663 29 0 0 0 21 1003 0 0 0 0 0 0 1001 23 0 0 0 0 0 0 
0 54 895 75 0 0 0 0 6 1018 0 0 0 0 0 0 1023 1 0 0 0 0 0 0 
0 0 1024 0 0 0 0 0 0 1024 0 0 0 0 0 0 1024 0 0 0 0 0 0 0 
0 0 555 469 0 0 0 0 0 1024 0 0 0 0 0 0 1024 0 0 0 0 0 0 0 
0 32 166 826 0 0 0 0 0 112 248 664 0 0 0 0 0 91 138 794 1 0 0 0 
0 527 497 0 0 0 0 0 143 881 0 0 0 0 0 0 823 201 0 0 0 0 0 0 
0 621 403 0 0 0 0 0 12 1012 0 0 0 0 0 0 1009 15 0 0 0 0 0 0 
0 150 831 43 0 0 0 0 12 981 31 0 0 0 0 0 637 387 0 0 0 0 0 0 
0 0 472 500 52 0 0 0 2 558 215 249 0 0 0 0 407 246 215 156 0 0 0 0 
966 58 0 0 0 0 0 0 1024 0 0 0 0 0 0 0 1023 1 0 0 0 0 0 0 
1020 4 0 0 0 0 0 0 1020 4 0 0 0 0 0 0 1022 2 0 0 0 0 0 0 
994 30 0 0 0 0 0 0 994 30 0 0 0 0 0 0 1007 17 0 0 0 0 0 0 
394 132 18 12 90 378 0 0 393 147 4 27 452 1 0 0 423 119 7 338 137 0 0 0 
0 0 0 0 0 1024 0 0 0 0 0 0 451 573 0 0 0 0 0 89 935 0 0 0 
0 0 0 0 88 936 0 0 0 0 0 0 1015 9 0 0 0 0 0 425 599 0 0 0 
0 0 0 0 28 994 2 0 0 0 0 0 829 195 0 0 0 0 0 117 905 2 0 0 
0 0 0 0 0 998 26 0 0 0 0 0 425 599 0 0 0 0 0 3 1020 1 0 0 
0 0 0 0 0 1024 0 0 0 0 0 0 1021 3 0 0 0 0 0 280 744 0 0 0 
0 0 0 0 0 1024 0 0 0 0 0 0 1024 0 0 0 0 0 0 488 536 0 0 0 
0 0 0 0 0 1024 0 0 0 0 0 0 1024 0 0 0 0 0 0 443 581 0 0 0 
0 0 0 0 0 861 163 0 0 0 0 0 326 698 0 0 0 0 0 16 987 21 0 0 
0 0 0 0 0 129 895 0 0 0 0 0 0 1024 0 0 0 0 0 0 973 51 0 0 
0 0 0 0 0 29 995 0 0 0 0 0 0 1024 0 0 0 0 0 0 774 250 0 0 
0 0 0 0 0 0 1024 0 0 0 0 0 0 921 103 0 0 0 0 0 374 650 0 0 
0 0 0 0 0 0 1024 0 0 0 0 0 0 279 745 0 0 0 0 0 11 1013 0 0 
0 0 0 0 0 0 1024 0 0 0 0 0 0 319 705 0 0 0 0 0 15 1009 0 0 
0 0 0 0 0 139 885 0 0 0 0 0 0 934 90 0 0 0 0 0 610 414 0 0 
312 199 43 13 13 262 182 0 297 219 41 11 20 436 0 0 303 222 33 18 374 74 0 0 
1024 0 0 0 0 0 0 0 1024 0 0 0 0 0 0 0 1024 0 0 0 0 0 0 0 
1024 0 0 0 0 0 0 0 1024 0 0 0 0 0 0 0 1024 0 0 0 0 0 0 0 
840 56 96 32 0 0 0 0 864 145 15 0 0 0 0 0 949 75 0 0 0 0 0 0 
0 0 601 423 0 0 0 0 20 998 6 0 0 0 0 0 962 62 0 0 0 0 0 0 
0 43 845 136 0 0 0 0 7 1017 0 0 0 0 0 0 997 27 0 0 0 0 0 0 
0 133 891 0 0 0 0 0 21 1003 0 0 0 0 0 0 1024 0 0 0 0 0 0 0 
0 0 1024 0 0 0 0 0 0 1024 0 0 0 0 0 0 1024 0 0 0 0 0 0 0 
0 0 1022 2 0 0 0 0 0 1024 0 0 0 0 0 0 1024 0 0 0 0 0 0 0 
0 49 155 820 0 0 0 0 0 93 293 638 0 0 0 0 0 66 153 805 0 0 0 0 
0 755 269 0 0 0 0 0 203 821 0 0 0 0 0 0 856 168 0 0 0 0 0 0 
0 846 178 0 0 0 0 0 70 954 0 0 0 0 0 0 967 57 0 0 0 0 0 0 
0 487 537 0 0 0 0 0 19 1005 0 0 0 0 0 0 626 398 0 0 0 0 0 0 
0 2 664 358 0 0 0 0 2 615 407 0 0 0 0 0 393 312 319 0 0 0 0 0 
960 64 0 0 0 0 0 0 1005 19 0 0 0 0 0 0 1024 0 0 0 0 0 0 0 
1024 0 0 0 0 0 0 0 1024 0 0 0 0 0 0 0 1024 0 0 0 0 0 0 0 
1023 1 0 0 0 0 0 0 1023 1 0 0 0 0 0 0 1023 1 0 0 0 0 0 0 
452 92 11 21 307 141 0 0 452 92 28 93 359 0 0 0 465 79 32 446 2 0 0 0 
0 0 0 0 3 1021 0 0 0 0 0 0 480 544 0 0 0 0 0 145 879 0 0 0 
0 0 0 0 151 873 0 0 0 0 0 0 788 236 0 0 0 0 0 306 718 0 0 0 
0 0 0 0 484 540 0 0 0 0 0 0 1024 0 0 0 0 0 0 950 74 0 0 0 
0 0 0 0 24 1000 0 0 0 0 0 0 719 305 0 0 0 0 0 245 779 0 0 0 
0 0 0 0 0 1024 0 0 0 0 0 0 878 146 0 0 0 0 0 341 683 0 0 0 
0 0 0 0 0 1024 0 0 0 0 0 0 626 398 0 0 0 0 0 70 954 0 0 0 
0 0 0 0 0 1024 0 0 0 0 0 0 913 111 0 0 0 0 0 329 695 0 0 0 
0 0 0 0 0 1024 0 0 0 0 0 0 711 313 0 0 0 0 0 30 994 0 0 0 
0 0 0 0 0 991 33 0 0 0 0 0 250 774 0 0 0 0 0 27 997 0 0 0 
0 0 0 0 0 730 294 0 0 0 0 0 61 963 0 0 0 0 0 2 1022 0 0 0 
0 0 0 0 0 342 682 0 0 0 0 0 0 1024 0 0 0 0 0 0 969 55 0 0 
0 0 0 0 0 32 992 0 0 0 0 0 0 1023 1 0 0 0 0 0 641 383 0 0 
0 0 0 0 0 184 840 0 0 0 0 0 0 1020 4 0 0 0 0 0 771 253 0 0 
0 0 0 0 0 929 95 0 0 0 0 0 41 983 0 0 0 0 0 2 1022 0 0 0 
338 212 30 20 16 408 0 0 327 231 24 22 263 157 0 0 330 230 30 89 345 0 0 0 
1024 0 0 0 0 0 0 0 1024 0 0 0 0 0 0 0 1024 0 0 0 0 0 0 0 
1024 0 0 0 0 0 0 0 1024 0 0 0 0 0 0 0 1024 0 0 0 0 0 0 0 
813 53 158 0 0 0 0 0 835 189 0 0 0 0 0 0 955 69 0 0 0 0 0 0 
0 29 890 105 0 0 0 0 24 1000 0 0 0 0 0 0 964 60 0 0 0 0 0 0 
0 142 882 0 0 0 0 0 26 998 0 0 0 0 0 0 1013 11 0 0 0 0 0 0 
0 310 714 0 0 0 0 0 39 985 0 0 0 0 0 0 1009 15 0 0 0 0 0 0 
0 243 781 0 0 0 0 0 0 1024 0 0 0 0 0 0 1024 0 0 0 0 0 0 0 
0 9 1015 0 0 0 0 0 2 1022 0 0 0 0 0 0 1024 0 0 0 0 0 0 0 
0 58 156 810 0 0 0 0 0 85 428 511 0 0 0 0 0 56 141 827 0 0 0 0 
0 915 109 0 0 0 0 0 307 695 22 0 0 0 0 0 697 308 19 0 0 0 0 0 
15 995 14 0 0 0 0 0 223 801 0 0 0 0 0 0 906 118 0 0 0 0 0 0 
0 675 349 0 0 0 0 0 49 975 0 0 0 0 0 0 593 431 0 0 0 0 0 0 
0 49 772 203 0 0 0 0 1 656 367 0 0 0 0 0 408 319 297 0 0 0 0 0 
948 71 5 0 0 0 0 0 992 32 0 0 0 0 0 0 1024 0 0 0 0 0 0 0 
1024 0 0 0 0 0 0 0 1024 0 0 0 0 0 0 0 1024 0 0 0 0 0 0 0 
1024 0 0 0 0 0 0 0 1024 0 0 0 0 0 0 0 1024 0 0 0 0 0 0 0 
498 49 29 19 389 40 0 0 498 54 24 110 338 0 0 0 508 54 19 443 0 0 0 0 
0 0 0 0 43 981 0 0 0 0 0 0 622 402 0 0 0 0 0 177 847 0 0 0 
0 0 0 0 0 1024 0 0 0 0 0 0 465 559 0 0 0 0 0 2 1022 0 0 0 
0 0 0 0 18 1006 0 0 0 0 0 0 1020 4 0 0 0 0 0 253 771 0 0 0 
0 0 0 0 99 925 0 0 0 0 0 0 1024 0 0 0 0 0 0 595 429 0 0 0 
0 0 0 0 0 1024 0 0 0 0 0 0 666 358 0 0 0 0 0 31 993 0 0 0 
0 0 0 0 0 1024 0 0 0 0 0 0 550 474 0 0 0 0 0 3 1021 0 0 0 
0 0 0 0 0 1024 0 0 0 0 0 0 45 979 0 0 0 0 0 0 1024 0 0 0 
0 0 0 0 0 1024 0 0 0 0 0 0 604 420 0 0 0 0 0 6 1018 0 0 0 
0 0 0 0 0 1024 0 0 0 0 0 0 1024 0 0 0 0 0 0 658 366 0 0 0 
0 0 0 0 0 1024 0 0 0 0 0 0 967 57 0 0 0 0 0 643 381 0 0 0 
0 0 0 0 5 1017 1 1 0 0 0 0 772 251 0 1 0 0 0 576 447 0 1 0 
0 0 0 0 112 900 12 0 0 0 0 0 749 275 0 0 0 0 0 593 431 0 0 0 
0 0 0 0 196 827 1 0 0 0 0 0 716 308 0 0 0 0 0 603 421 0 0 0 
0 0 0 0 380 644 0 0 0 0 0 0 881 143 0 0 0 0 0 724 300 0 0 0 
386 200 26 17 205 190 0 0 365 222 30 28 379 0 0 0 368 225 30 340 61 0 0 0 
1024 0 0 0 0 0 0 0 1024 0 0 0 0 0 0 0 1024 0 0 0 0 0 0 0 
1024 0 0 0 0 0 0 0 1024 0 0 0 0 0 0 0 1024 0 0 0 0 0 0 0 
780 61 183 0 0 0 0 0 797 227 0 0 0 0 0 0 966 58 0 0 0 0 0 0 
0 205 817 2 0 0 0 0 44 979 1 0 0 0 0 0 934 90 0 0 0 0 0 0 
0 394 630 0 0 0 0 0 37 987 0 0 0 0 0 0 1017 7 0 0 0 0 0 0 
2 789 233 0 0 0 0 0 70 954 0 0 0 0 0 0 1002 22 0 0 0 0 0 0 
0 978 46 0 0 0 0 0 12 1012 0 0 0 0 0 0 1023 1 0 0 0 0 0 0 
0 614 410 0 0 0 0 0 14 1010 0 0 0 0 0 0 1024 0 0 0 0 0 0 0 
0 59 166 799 0 0 0 0 0 94 763 167 0 0 0 0 0 67 122 835 0 0 0 0 
0 890 132 2 0 0 0 0 343 629 52 0 0 0 0 0 661 302 61 0 0 0 0 0 
34 960 30 0 0 0 0 0 383 641 0 0 0 0 0 0 1001 23 0 0 0 0 0 0 
21 773 230 0 0 0 0 0 147 858 19 0 0 0 0 0 660 364 0 0 0 0 0 0 
18 368 589 49 0 0 0 0 109 474 441 0 0 0 0 0 342 378 304 0 0 0 0 0 
993 31 0 0 0 0 0 0 1009 15 0 0 0 0 0 0 1021 3 0 0 0 0 0 0 
1024 0 0 0 0 0 0 0 1024 0 0 0 0 0 0 0 1024 0 0 0 0 0 0 0 
1024 0 0 0 0 0 0 0 1024 0 0 0 0 0 0 0 1024 0 0 0 0 0 0 0 
706 188 18 16 96 0 0 0 702 194 17 50 61 0 0 0 733 167 20 104 0 0 0 0 
289 368 52 3 105 203 4 0 290 367 52 8 259 44 4 0 327 334 48 61 215 39 0 0 
462 274 5 27 7 249 0 0 462 274 24 8 136 120 0 0 483 253 31 1 256 0 0 0 
501 235 0 32 0 256 0 0 501 235 3 29 224 32 0 0 502 234 31 2 255 0 0 0 
505 231 0 32 54 202 0 0 505 231 0 32 240 16 0 0 522 214 16 75 197 0 0 0 
512 224 0 26 17 245 0 0 512 224 0 32 204 52 0 0 528 208 0 66 222 0 0 0 
493 243 0 10 22 256 0 0 493 243 0 27 226 35 0 0 496 240 0 37 251 0 0 0 
462 273 1 0 32 256 0 0 462 274 0 5 62 221 0 0 497 239 0 31 257 0 0 0 
475 261 0 0 32 256 0 0 475 261 0 9 166 113 0 0 517 219 0 42 246 0 0 0 
507 229 0 4 61 223 0 0 507 229 0 30 258 0 0 0 548 188 0 236 52 0 0 0 
513 223 0 8 113 167 0 0 512 224 0 32 256 0 0 0 560 176 0 288 0 0 0 0 
517 219 0 32 170 86 0 0 515 221 0 32 256 0 0 0 567 169 21 267 0 0 0 0 
522 214 0 32 256 0 0 0 514 222 0 49 239 0 0 0 573 163 16 272 0 0 0 0 
516 220 0 32 256 0 0 0 512 224 8 29 251 0 0 0 588 148 30 258 0 0 0 0 
526 210 0 32 256 0 0 0 521 215 20 13 255 0 0 0 571 165 32 256 0 0 0 0 
739 169 14 7 95 0 0 0 736 172 20 15 81 0 0 0 763 145 20 96 0 0 0 0 
1024 0 0 0 0 0 0 0 1024 0 0 0 0 0 0 0 1024 0 0 0 0 0 0 0 
1024 0 0 0 0 0 0 0 1024 0 0 0 0 0 0 0 1024 0 0 0 0 0 0 0 
743 232 49 0 0 0 0 0 772 252 0 0 0 0 0 0 941 83 0 0 0 0 0 0 
0 298 718 8 0 0 0 0 60 964 0 0 0 0 0 0 988 36 0 0 0 0 0 0 
21 817 186 0 0 0 0 0 157 867 0 0 0 0 0 0 953 71 0 0 0 0 0 0 
10 883 131 0 0 0 0 0 178 846 0 0 0 0 0 0 1015 9 0 0 0 0 0 0 
0 703 299 22 0 0 0 0 47 977 0 0 0 0 0 0 1014 10 0 0 0 0 0 0 
5 806 184 29 0 0 0 0 80 944 0 0 0 0 0 0 1011 13 0 0 0 0 0 0 
0 52 256 716 0 0 0 0 0 92 882 50 0 0 0 0 0 62 116 846 0 0 0 0 
0 912 98 14 0 0 0 0 428 510 86 0 0 0 0 0 804 124 55 41 0 0 0 0 
23 989 12 0 0 0 0 0 393 631 0 0 0 0 0 0 992 32 0 0 0 0 0 0 
87 790 147 0 0 0 0 0 300 724 0 0 0 0 0 0 785 239 0 0 0 0 0 0 
12 393 473 146 0 0 0 0 58 584 382 0 0 0 0 0 355 343 326 0 0 0 0 0 
949 75 0 0 0 0 0 0 984 40 0 0 0 0 0 0 1018 6 0 0 0 0 0 0 
1024 0 0 0 0 0 0 0 1024 0 0 0 0 0 0 0 1024 0 0 0 0 0 0 0 
1024 0 0 0 0 0 0 0 1024 0 0 0 0 0 0 0 1024 0 0 0 0 0 0 0 
1002 22 0 0 0 0 0 0 1002 22 0 0 0 0 0 0 1003 21 0 0 0 0 0 0 
276 748 0 0 0 0 0 0 261 763 0 0 0 0 0 0 478 546 0 0 0 0 0 0 
129 895 0 0 0 0 0 0 129 895 0 0 0 0 0 0 234 790 0 0 0 0 0 0 
173 851 0 0 0 0 0 0 173 851 0 0 0 0 0 0 268 756 0 0 0 0 0 0 
158 866 0 0 0 0 0 0 158 866 0 0 0 0 0 0 303 721 0 0 0 0 0 0 
168 856 0 0 0 0 0 0 168 856 0 0 0 0 0 0 340 684 0 0 0 0 0 0 
158 866 0 0 0 0 0 0 158 866 0 0 0 0 0 0 281 743 0 0 0 0 0 0 
132 892 0 0 0 0 0 0 132 892 0 0 0 0 0 0 297 727 0 0 0 0 0 0 
171 853 0 0 0 0 0 0 171 853 0 0 0 0 0 0 389 635 0 0 0 0 0 0 
444 580 0 0 0 0 0 0 444 580 0 0 0 0 0 0 760 264 0 0 0 0 0 0 
861 163 0 0 0 0 0 0 860 164 0 0 0 0 0 0 1010 14 0 0 0 0 0 0 
1017 7 0 0 0 0 0 0 1017 7 0 0 0 0 0 0 1020 4 0 0 0 0 0 0 
1019 5 0 0 0 0 0 0 1019 5 0 0 0 0 0 0 1023 1 0 0 0 0 0 0 
1024 0 0 0 0 0 0 0 1024 0 0 0 0 0 0 0 1024 0 0 0 0 0 0 0 
1024 0 0 0 0 0 0 0 1024 0 0 0 0 0 0 0 1024 0 0 0 0 0 0 0 
1024 0 0 0 0 0 0 0 1024 0 0 0 0 0 0 0 1024 0 0 0 0 0 0 0 
1024 0 0 0 0 0 0 0 1024 0 0 0 0 0 0 0 1024 0 0 0 0 0 0 0 
1024 0 0 0 0 0 0 0 1024 0 0 0 0 0 0 0 1024 0 0 0 0 0 0 0 
684 124 216 0 0 0 0 0 707 317 0 0 0 0 0 0 948 76 0 0 0 0 0 0 
52 604 368 0 0 0 0 0 162 862 0 0 0 0 0 0 977 47 0 0 0 0 0 0 
194 810 20 0 0 0 0 0 357 667 0 0 0 0 0 0 973 51 0 0 0 0 0 0 
28 969 27 0 0 0 0 0 306 718 0 0 0 0 0 0 981 43 0 0 0 0 0 0 
9 747 268 0 0 0 0 0 143 881 0 0 0 0 0 0 960 64 0 0 0 0 0 0 
3 673 348 0 0 0 0 0 61 963 0 0 0 0 0 0 1004 20 0 0 0 0 0 0 
0 57 256 711 0 0 0 0 0 93 872 59 0 0 0 0 0 65 115 844 0 0 0 0 
0 882 124 18 0 0 0 0 426 484 113 1 0 0 0 0 761 139 67 57 0 0 0 0 
19 1003 2 0 0 0 0 0 227 797 0 0 0 0 0 0 987 37 0 0 0 0 0 0 
0 955 69 0 0 0 0 0 213 811 0 0 0 0 0 0 792 232 0 0 0 0 0 0 
0 442 552 30 0 0 0 0 76 633 315 0 0 0 0 0 312 460 252 0 0 0 0 0 
928 96 0 0 0 0 0 0 958 66 0 0 0 0 0 0 1010 14 0 0 0 0 0 0 
1024 0 0 0 0 0 0 0 1024 0 0 0 0 0 0 0 1024 0 0 0 0 0 0 0 
1024 0 0 0 0 0 0 0 1024 0 0 0 0 0 0 0 1024 0 0 0 0 0 0 0 
1018 6 0 0 0 0 0 0 1018 6 0 0 0 0 0 0 1020 4 0 0 0 0 0 0 
354 670 0 0 0 0 0 0 354 670 0 0 0 0 0 0 701 323 0 0 0 0 0 0 
198 826 0 0 0 0 0 0 198 826 0 0 0 0 0 0 660 364 0 0 0 0 0 0 
231 793 0 0 0 0 0 0 231 793 0 0 0 0 0 0 622 402 0 0 0 0 0 0 
260 764 0 0 0 0 0 0 249 775 0 0 0 0 0 0 694 330 0 0 0 0 0 0 
332 692 0 0 0 0 0 0 332 692 0 0 0 0 0 0 686 338 0 0 0 0 0 0 
326 698 0 0 0 0 0 0 326 698 0 0 0 0 0 0 671 353 0 0 0 0 0 0 
285 739 0 0 0 0 0 0 285 739 0 0 0 0 0 0 735 289 0 0 0 0 0 0 
293 731 0 0 0 0 0 0 293 731 0 0 0 0 0 0 741 283 0 0 0 0 0 0 
406 618 0 0 0 0 0 0 400 624 0 0 0 0 0 0 810 214 0 0 0 0 0 0 
778 246 0 0 0 0 0 0 775 249 0 0 0 0 0 0 958 66 0 0 0 0 0 0 
1008 16 0 0 0 0 0 0 1008 16 0 0 0 0 0 0 1022 2 0 0 0 0 0 0 
1021 3 0 0 0 0 0 0 1021 3 0 0 0 0 0 0 1023 1 0 0 0 0 0 0 
1023 1 0 0 0 0 0 0 1023 1 0 0 0 0 0 0 1023 1 0 0 0 0 0 0 
1024 0 0 0 0 0 0 0 1024 0 0 0 0 0 0 0 1024 0 0 0 0 0 0 0 
1024 0 0 0 0 0 0 0 1024 0 0 0 0 0 0 0 1024 0 0 0 0 0 0 0 
1024 0 0 0 0 0 0 0 1024 0 0 0 0 0 0 0 1024 0 0 0 0 0 0 0 
1024 0 0 0 0 0 0 0 1024 0 0 0 0 0 0 0 1024 0 0 0 0 0 0 0 
661 209 154 0 0 0 0 0 696 328 0 0 0 0 0 0 969 55 0 0 0 0 0 0 
214 221 108 139 160 76 40 66 262 219 91 207 96 57 29 63 392 128 220 121 62 34 20 47 
331 169 51 82 119 111 52 109 336 199 91 113 117 43 33 92 384 180 122 123 68 42 20 85 
610 414 0 0 0 0 0 0 765 259 0 0 0 0 0 0 1005 19 0 0 0 0 0 0 
103 889 32 0 0 0 0 0 620 404 0 0 0 0 0 0 1014 10 0 0 0 0 0 0 
32 987 5 0 0 0 0 0 299 725 0 0 0 0 0 0 1022 2 0 0 0 0 0 0 
0 69 472 483 0 0 0 0 0 108 907 9 0 0 0 0 0 83 258 683 0 0 0 0 
0 852 172 0 0 0 0 0 406 474 144 0 0 0 0 0 726 151 136 11 0 0 0 0 
75 948 1 0 0 0 0 0 336 688 0 0 0 0 0 0 999 25 0 0 0 0 0 0 
138 753 133 0 0 0 0 0 361 663 0 0 0 0 0 0 868 156 0 0 0 0 0 0 
78 635 311 0 0 0 0 0 168 823 33 0 0 0 0 0 284 729 11 0 0 0 0 0 
973 51 0 0 0 0 0 0 998 26 0 0 0 0 0 0 1021 3 0 0 0 0 0 0 
1024 0 0 0 0 0 0 0 1024 0 0 0 0 0 0 0 1024 0 0 0 0 0 0 0 
1024 0 0 0 0 0 0 0 1024 0 0 0 0 0 0 0 1024 0 0 0 0 0 0 0 
1024 0 0 0 0 0 0 0 1024 0 0 0 0 0 0 0 1024 0 0 0 0 0 0 0 
783 241 0 0 0 0 0 0 772 252 0 0 0 0 0 0 919 105 0 0 0 0 0 0 
585 417 22 0 0 0 0 0 581 418 25 0 0 0 0 0 797 213 14 0 0 0 0 0 
607 334 75 8 0 0 0 0 594 347 69 14 0 0 0 0 742 207 70 5 0 0 0 0 
573 432 19 0 0 0 0 0 549 456 19 0 0 0 0 0 830 185 9 0 0 0 0 0 
653 371 0 0 0 0 0 0 653 371 0 0 0 0 0 0 827 197 0 0 0 0 0 0 
817 207 0 0 0 0 0 0 817 207 0 0 0 0 0 0 990 34 0 0 0 0 0 0 
834 190 0 0 0 0 0 0 834 190 0 0 0 0 0 0 998 26 0 0 0 0 0 0 
751 273 0 0 0 0 0 0 751 273 0 0 0 0 0 0 994 30 0 0 0 0 0 0 
652 372 0 0 0 0 0 0 622 402 0 0 0 0 0 0 896 128 0 0 0 0 0 0 
676 345 3 0 0 0 0 0 676 347 1 0 0 0 0 0 836 188 0 0 0 0 0 0 
754 218 43 9 0 0 0 0 747 226 42 9 0 0 0 0 816 183 24 1 0 0 0 0 
809 192 23 0 0 0 0 0 812 192 20 0 0 0 0 0 830 188 6 0 0 0 0 0 
915 109 0 0 0 0 0 0 913 111 0 0 0 0 0 0 938 86 0 0 0 0 0 0 
1022 2 0 0 0 0 0 0 1022 2 0 0 0 0 0 0 1023 1 0 0 0 0 0 0 
1024 0 0 0 0 0 0 0 1024 0 0 0 0 0 0 0 1024 0 0 0 0 0 0 0 
1024 0 0 0 0 0 0 0 1024 0 0 0 0 0 0 0 1024 0 0 0 0 0 0 0 
1024 0 0 0 0 0 0 0 1024 0 0 0 0 0 0 0 1024 0 0 0 0 0 0 0 
692 332 0 0 0 0 0 0 795 229 0 0 0 0 0 0 1002 22 0 0 0 0 0 0 
763 151 48 23 13 6 5 15 762 166 39 15 8 9 6 19 795 138 32 14 10 10 7 18 
812 138 47 24 3 0 0 0 815 171 35 3 0 0 0 0 831 184 9 0 0 0 0 0 
1018 6 0 0 0 0 0 0 1021 3 0 0 0 0 0 0 1023 1 0 0 0 0 0 0 
345 679 0 0 0 0 0 0 658 366 0 0 0 0 0 0 1023 1 0 0 0 0 0 0 
0 1024 0 0 0 0 0 0 263 761 0 0 0 0 0 0 1014 10 0 0 0 0 0 0 
0 80 778 166 0 0 0 0 0 121 863 36 4 0 0 0 0 104 577 343 0 0 0 0 
0 822 202 0 0 0 0 0 355 511 158 0 0 0 0 0 664 174 186 0 0 0 0 0 
97 926 1 0 0 0 0 0 412 612 0 0 0 0 0 0 998 26 0 0 0 0 0 0 
5 819 195 5 0 0 0 0 144 880 0 0 0 0 0 0 842 182 0 0 0 0 0 0 
52 226 734 12 0 0 0 0 91 880 53 0 0 0 0 0 152 871 1 0 0 0 0 0 
762 182 80 0 0 0 0 0 814 210 0 0 0 0 0 0 905 119 0 0 0 0 0 0 
1000 18 6 0 0 0 0 0 1003 21 0 0 0 0 0 0 1007 17 0 0 0 0 0 0 
850 80 49 45 0 0 0 0 856 103 65 0 0 0 0 0 889 135 0 0 0 0 0 0 
713 40 36 54 181 0 0 0 719 53 86 166 0 0 0 0 739 156 129 0 0 0 0 0 
700 36 31 1 256 0 0 0 704 34 30 256 0 0 0 0 721 47 256 0 0 0 0 0 
658 78 2 30 256 0 0 0 663 73 32 256 0 0 0 0 687 81 256 0 0 0 0 0 
612 105 20 31 212 44 0 0 628 89 44 251 12 0 0 0 629 117 277 1 0 0 0 0 
631 105 2 28 186 72 0 0 650 86 25 261 2 0 0 0 667 97 260 0 0 0 0 0 
646 90 0 32 164 92 0 0 691 45 29 239 20 0 0 0 723 45 256 0 0 0 0 0 
662 62 12 18 151 119 0 0 690 43 21 264 6 0 0 0 713 45 266 0 0 0 0 0 
670 34 27 5 129 159 0 0 669 36 31 279 9 0 0 0 684 52 288 0 0 0 0 0 
671 33 31 1 42 246 0 0 667 38 31 229 59 0 0 0 684 52 288 0 0 0 0 0 
640 59 8 15 17 285 0 0 643 61 15 52 253 0 0 0 683 37 291 13 0 0 0 0 
606 66 13 19 6 314 0 0 606 71 27 66 254 0 0 0 645 59 315 5 0 0 0 0 
608 64 0 19 35 298 0 0 614 58 8 235 109 0 0 0 645 40 339 0 0 0 0 0 
609 34 29 0 342 10 0 0 631 34 7 352 0 0 0 0 641 34 349 0 0 0 0 0 
593 31 22 62 316 0 0 0 597 32 68 327 0 0 0 0 616 200 208 0 0 0 0 0 
562 36 24 256 146 0 0 0 576 32 318 98 0 0 0 0 588 364 72 0 0 0 0 0 
728 44 35 186 31 0 0 0 740 46 232 6 0 0 0 0 759 256 9 0 0 0 0 0 
808 25 31 136 24 0 0 0 815 41 153 15 0 0 0 0 823 182 19 0 0 0 0 0 
811 29 17 146 21 0 0 0 813 36 166 9 0 0 0 0 831 189 4 0 0 0 0 0 
349 475 116 84 0 0 0 0 420 515 89 0 0 0 0 0 885 139 0 0 0 0 0 0 
1019 5 0 0 0 0 0 0 1019 5 0 0 0 0 0 0 1019 5 0 0 0 0 0 0 
1024 0 0 0 0 0 0 0 1024 0 0 0 0 0 0 0 1024 0 0 0 0 0 0 0 
1024 0 0 0 0 0 0 0 1024 0 0 0 0 0 0 0 1024 0 0 0 0 0 0 0 
627 397 0 0 0 0 0 0 906 118 0 0 0 0 0 0 1023 1 0 0 0 0 0 0 
0 1024 0 0 0 0 0 0 482 542 0 0 0 0 0 0 1022 2 0 0 0 0 0 0 
0 89 890 20 25 0 0 0 6 595 360 29 14 20 0 0 5 495 477 23 22 1 1 0 
1 775 170 35 28 11 4 0 323 549 32 22 41 20 19 18 536 285 74 12 33 28 19 37 
57 809 137 21 0 0 0 0 201 714 100 9 0 0 0 0 636 313 45 26 4 0 0 0 
1 611 161 251 0 0 0 0 46 656 322 0 0 0 0 0 336 626 62 0 0 0 0 0 
0 505 189 330 0 0 0 0 1 654 369 0 0 0 0 0 149 867 8 0 0 0 0 0 
0 241 266 490 27 0 0 0 5 354 614 51 0 0 0 0 53 894 77 0 0 0 0 0 
134 160 115 372 243 0 0 0 137 208 373 306 0 0 0 0 160 559 305 0 0 0 0 0 
24 27 62 195 713 3 0 0 25 63 223 713 0 0 0 0 33 255 736 0 0 0 0 0 
0 0 0 29 970 25 0 0 0 0 29 981 14 0 0 0 0 75 945 4 0 0 0 0 
0 0 0 2 720 302 0 0 0 0 3 842 179 0 0 0 0 5 1000 19 0 0 0 0 
0 0 0 0 411 613 0 0 0 0 0 584 440 0 0 0 0 5 975 44 0 0 0 0 
0 0 0 0 145 879 0 0 0 0 0 383 641 0 0 0 0 0 994 30 0 0 0 0 
0 0 0 0 86 938 0 0 0 0 0 213 811 0 0 0 0 0 686 338 0 0 0 0 
0 0 0 0 98 926 0 0 0 0 0 192 832 0 0 0 0 0 608 416 0 0 0 0 
0 0 0 0 22 1002 0 0 0 0 0 112 912 0 0 0 0 0 551 473 0 0 0 0 
0 0 0 0 22 1002 0 0 0 0 0 195 829 0 0 0 0 0 644 380 0 0 0 0 
0 0 0 0 0 1024 0 0 0 0 0 135 889 0 0 0 0 0 735 289 0 0 0 0 
0 0 0 0 0 1024 0 0 0 0 0 22 1002 0 0 0 0 0 730 294 0 0 0 0 
0 0 0 0 0 1024 0 0 0 0 0 68 956 0 0 0 0 0 886 138 0 0 0 0 
0 0 0 0 1 1023 0 0 0 0 0 277 747 0 0 0 0 0 1004 20 0 0 0 0 
0 0 0 0 292 732 0 0 0 0 0 871 153 0 0 0 0 44 980 0 0 0 0 0 
0 0 0 4 1006 14 0 0 0 0 69 955 0 0 0 0 0 367 657 0 0 0 0 0 
0 0 0 42 982 0 0 0 0 0 194 830 0 0 0 0 0 770 254 0 0 0 0 0 
0 5 27 205 787 0 0 0 0 56 399 569 0 0 0 0 7 818 199 0 0 0 0 0 
0 119 176 203 497 18 10 1 0 183 401 397 23 14 6 0 6 807 155 30 17 8 1 0 
0 58 142 189 449 121 40 25 0 126 282 364 145 57 37 13 1 517 228 140 87 32 18 1 
1 151 184 286 102 138 56 106 3 246 337 78 131 94 44 91 62 457 119 103 130 55 47 51 
257 177 194 170 115 72 31 8 268 243 209 141 78 64 16 5 283 315 210 108 71 30 7 0 
364 440 179 37 3 1 0 0 397 545 67 12 3 0 0 0 524 445 50 4 1 0 0 0 
482 452 90 0 0 0 0 0 539 451 34 0 0 0 0 0 650 374 0 0 0 0 0 0 
493 486 45 0 0 0 0 0 642 367 15 0 0 0 0 0 899 125 0 0 0 0 0 0 
227 787 10 0 0 0 0 0 488 536 0 0 0 0 0 0 789 235 0 0 0 0 0 0 
332 329 130 55 66 62 23 27 331 309 87 63 47 44 55 88 346 233 99 72 49 46 39 140 
548 251 112 28 20 18 14 33 576 178 96 41 29 17 17 70 578 146 59 78 25 26 17 95 
237 627 131 29 0 0 0 0 292 596 128 8 0 0 0 0 378 543 87 16 0 0 0 0 
314 541 162 7 0 0 0 0 324 625 75 0 0 0 0 0 389 606 29 0 0 0 0 0 
451 558 15 0 0 0 0 0 516 503 5 0 0 0 0 0 597 425 2 0 0 0 0 0 
356 322 106 95 145 0 0 0 377 362 85 171 29 0 0 0 464 327 185 48 0 0 0 0 
18 398 365 165 72 6 0 0 64 537 282 118 23 0 0 0 92 690 202 40 0 0 0 0 
12 254 277 283 168 30 0 0 12 388 267 273 84 0 0 0 61 477 375 111 0 0 0 0 
18 350 376 165 96 19 0 0 20 493 342 117 50 2 0 0 60 663 219 79 3 0 0 0 
13 481 380 88 62 0 0 0 26 706 217 71 4 0 0 0 172 711 139 2 0 0 0 0 
0 93 690 69 138 34 0 0 0 781 54 188 1 0 0 0 706 159 159 0 0 0 0 0 
0 110 609 62 162 81 0 0 0 718 84 198 24 0 0 0 664 168 186 6 0 0 0 0 
0 64 640 26 158 136 0 0 0 704 79 136 105 0 0 0 663 142 187 32 0 0 0 0 
0 37 639 37 149 162 0 0 0 675 105 122 122 0 0 0 669 131 216 8 0 0 0 0 
0 4 668 54 143 155 0 0 0 672 146 74 132 0 0 0 670 161 142 51 0 0 0 0 
0 0 691 91 107 135 0 0 0 690 128 126 80 0 0 0 660 199 151 14 0 0 0 0 
0 24 667 103 102 128 0 0 3 700 114 144 63 0 0 0 693 151 170 10 0 0 0 0 
0 35 589 167 123 110 0 0 3 715 119 117 70 0 0 0 689 196 136 3 0 0 0 0 
0 159 554 113 97 101 0 0 0 734 168 73 49 0 0 0 720 206 95 3 0 0 0 0 
0 282 465 126 81 70 0 0 0 772 154 96 2 0 0 0 745 195 84 0 0 0 0 0 
0 290 518 124 85 7 0 0 2 832 159 31 0 0 0 0 779 228 17 0 0 0 0 0 
0 584 232 187 21 0 0 0 8 850 166 0 0 0 0 0 828 195 1 0 0 0 0 0 
4 778 91 145 6 0 0 0 58 838 128 0 0 0 0 0 835 189 0 0 0 0 0 0 
44 844 95 41 0 0 0 0 75 911 38 0 0 0 0 0 648 376 0 0 0 0 0 0 
246 739 39 0 0 0 0 0 250 754 20 0 0 0 0 0 302 718 4 0 0 0 0 0 
71 614 103 58 51 56 46 25 105 620 87 55 57 57 26 17 233 519 83 66 57 44 20 2 
131 401 202 98 104 76 7 5 151 443 174 94 117 38 6 1 245 438 150 122 57 8 4 0 
383 464 78 37 26 36 0 0 396 474 68 35 29 22 0 0 474 427 63 27 33 0 0 0 
309 414 144 81 45 31 0 0 354 408 135 66 39 22 0 0 419 414 109 53 29 0 0 0 
745 225 48 6 0 0 0 0 751 249 22 2 0 0 0 0 810 200 14 0 0 0 0 0 
836 182 6 0 0 0 0 0 853 171 0 0 0 0 0 0 896 128 0 0 0 0 0 0 
828 196 0 0 0 0 0 0 860 164 0 0 0 0 0 0 965 59 0 0 0 0 0 0 
986 38 0 0 0 0 0 0 986 38 0 0 0 0 0 0 988 36 0 0 0 0 0 0 
590 290 66 63 15 0 0 0 591 314 67 49 3 0 0 0 683 246 80 15 0 0 0 0 
393 445 131 54 1 0 0 0 402 462 132 28 0 0 0 0 484 447 85 8 0 0 0 0 
458 435 106 25 0 0 0 0 478 442 95 9 0 0 0 0 532 440 52 0 0 0 0 0 
394 277 171 119 60 3 0 0 417 295 191 89 32 0 0 0 463 349 163 48 1 0 0 0 
240 425 163 76 102 18 0 0 250 453 142 87 92 0 0 0 329 459 118 110 8 0 0 0 
245 416 160 133 68 2 0 0 263 452 168 95 46 0 0 0 320 459 180 65 0 0 0 0 
296 516 142 67 3 0 0 0 311 535 149 29 0 0 0 0 435 477 110 2 0 0 0 0 
436 511 58 16 3 0 0 0 478 485 48 13 0 0 0 0 589 403 26 6 0 0 0 0 
427 443 93 50 11 0 0 0 465 436 81 42 0 0 0 0 562 373 75 14 0 0 0 0 
55 475 227 94 38 135 0 0 124 517 190 55 138 0 0 0 257 495 160 112 0 0 0 0 
0 33 44 18 25 902 2 0 0 74 17 47 886 0 0 0 58 38 335 593 0 0 0 0 
0 13 83 18 14 889 7 0 0 94 20 17 893 0 0 0 90 25 170 739 0 0 0 0 
0 47 49 26 6 869 27 0 0 96 26 6 896 0 0 0 96 32 194 702 0 0 0 0 
0 12 98 18 14 855 27 0 0 111 17 20 876 0 0 0 121 10 265 628 0 0 0 0 
6 63 150 51 70 677 3 4 19 202 43 91 663 1 1 4 139 117 380 377 6 0 1 4 
0 23 77 28 9 887 0 0 0 100 28 51 845 0 0 0 114 18 712 180 0 0 0 0 
0 0 96 15 19 894 0 0 0 96 21 35 872 0 0 0 96 32 707 189 0 0 0 0 
0 24 59 13 26 902 0 0 1 83 15 160 765 0 0 0 85 25 746 168 0 0 0 0 
0 29 20 17 31 927 0 0 0 47 20 217 740 0 0 0 43 38 926 17 0 0 0 0 
0 6 12 13 43 950 0 0 0 18 15 392 599 0 0 0 18 49 950 7 0 0 0 0 
0 0 0 0 240 784 0 0 0 0 6 837 181 0 0 0 0 157 865 2 0 0 0 0 
0 7 23 65 696 233 0 0 0 28 157 837 2 0 0 0 10 434 580 0 0 0 0 0 
154 654 99 100 17 0 0 0 160 689 137 38 0 0 0 0 249 691 82 2 0 0 0 0 
812 181 19 12 0 0 0 0 836 162 17 9 0 0 0 0 876 125 20 3 0 0 0 0 
698 251 59 16 0 0 0 0 709 251 56 8 0 0 0 0 757 235 31 1 0 0 0 0 
580 194 83 98 53 15 1 0 586 210 95 94 31 8 0 0 621 206 116 67 14 0 0 0 
431 232 204 87 47 20 3 0 433 278 197 77 27 12 0 0 467 332 156 50 18 1 0 0 
500 166 96 67 87 100 8 0 510 194 80 82 81 77 0 0 531 203 92 99 98 1 0 0 
602 251 156 15 0 0 0 0 604 320 96 4 0 0 0 0 635 359 30 0 0 0 0 0 
738 190 96 0 0 0 0 0 737 228 59 0 0 0 0 0 747 266 11 0 0 0 0 0 
1004 20 0 0 0 0 0 0 1004 20 0 0 0 0 0 0 1004 20 0 0 0 0 0 0 
1024 0 0 0 0 0 0 0 1024 0 0 0 0 0 0 0 1024 0 0 0 0 0 0 0 
1024 0 0 0 0 0 0 0 1024 0 0 0 0 0 0 0 1024 0 0 0 0 0 0 0 
1003 21 0 0 0 0 0 0 1003 21 0 0 0 0 0 0 1011 13 0 0 0 0 0 0 
1008 16 0 0 0 0 0 0 1008 16 0 0 0 0 0 0 1008 16 0 0 0 0 0 0 
946 78 0 0 0 0 0 0 945 79 0 0 0 0 0 0 962 62 0 0 0 0 0 0 
957 67 0 0 0 0 0 0 958 66 0 0 0 0 0 0 967 57 0 0 0 0 0 0 
970 54 0 0 0 0 0 0 970 54 0 0 0 0 0 0 981 43 0 0 0 0 0 0 
972 52 0 0 0 0 0 0 972 52 0 0 0 0 0 0 991 33 0 0 0 0 0 0 
960 64 0 0 0 0 0 0 960 64 0 0 0 0 0 0 969 55 0 0 0 0 0 0 
942 82 0 0 0 0 0 0 954 70 0 0 0 0 0 0 971 53 0 0 0 0 0 0 
309 581 63 19 12 40 0 0 391 549 25 14 45 0 0 0 532 419 26 46 1 0 0 0 
35 515 28 9 23 413 1 0 33 540 14 24 413 0 0 0 88 495 76 365 0 0 0 0 
8 164 20 11 13 787 21 0 16 173 13 17 805 0 0 0 39 154 79 752 0 0 0 0 
0 0 0 0 0 961 63 0 0 0 0 0 1024 0 0 0 0 0 197 827 0 0 0 0 
0 0 0 0 34 839 74 77 0 0 0 16 890 48 41 29 0 0 168 753 51 14 38 0 
23 58 24 91 143 585 42 58 27 66 44 171 604 46 46 20 36 66 202 580 68 50 22 0 
0 28 17 37 24 894 21 3 0 33 30 34 896 25 6 0 0 37 501 452 24 10 0 0 
0 0 1 38 65 920 0 0 0 0 49 75 900 0 0 0 1 31 709 283 0 0 0 0 
0 0 0 1 59 964 0 0 0 3 47 53 921 0 0 0 5 61 863 95 0 0 0 0 
0 0 0 0 7 1017 0 0 0 0 1 115 908 0 0 0 0 2 1017 5 0 0 0 0 
81 466 50 31 24 372 0 0 112 484 36 196 196 0 0 0 230 392 397 5 0 0 0 0 
132 451 60 15 50 316 0 0 176 456 30 327 35 0 0 0 260 392 360 12 0 0 0 0 
34 103 46 29 275 537 0 0 59 120 36 794 15 0 0 0 137 81 806 0 0 0 0 0 
361 663 0 0 0 0 0 0 362 662 0 0 0 0 0 0 404 620 0 0 0 0 0 0 
900 123 1 0 0 0 0 0 902 121 1 0 0 0 0 0 913 111 0 0 0 0 0 0 
971 53 0 0 0 0 0 0 971 53 0 0 0 0 0 0 978 46 0 0 0 0 0 0 
958 65 0 0 0 1 0 0 958 65 0 0 0 1 0 0 971 52 0 0 0 1 0 0 
960 64 0 0 0 0 0 0 960 64 0 0 0 0 0 0 963 61 0 0 0 0 0 0 
971 53 0 0 0 0 0 0 971 53 0 0 0 0 0 0 984 40 0 0 0 0 0 0 
975 49 0 0 0 0 0 0 975 49 0 0 0 0 0 0 983 41 0 0 0 0 0 0 
1016 8 0 0 0 0 0 0 1016 8 0 0 0 0 0 0 1016 8 0 0 0 0 0 0 
1022 2 0 0 0 0 0 0 1022 2 0 0 0 0 0 0 1022 2 0 0 0 0 0 0 
