841 0 0 0 0 0 2 181 841 0 0 0 0 0 2 181 841 0 0 0 0 0 2 181 
928 0 0 0 0 0 0 96 928 0 0 0 0 0 0 96 928 0 0 0 0 0 0 96 
418 83 427 0 0 0 4 92 928 0 0 0 0 0 0 96 928 0 0 0 0 0 0 96 
928 0 0 0 0 0 0 96 928 0 0 0 0 0 0 96 928 0 0 0 0 0 0 96 
918 10 0 0 0 0 0 96 918 10 0 0 0 0 0 96 918 10 0 0 0 0 0 96 
928 0 0 0 0 0 0 96 928 0 0 0 0 0 0 96 928 0 0 0 0 0 0 96 
719 28 13 13 11 16 40 184 730 19 8 13 10 19 58 167 735 16 10 5 15 25 52 166 
652 15 10 26 42 26 46 207 658 10 20 23 43 46 52 172 662 7 27 32 47 60 40 149 
601 151 37 28 51 42 10 104 613 162 21 32 74 14 11 97 625 157 26 60 46 5 9 96 
554 22 38 68 76 101 51 114 560 25 53 73 118 62 35 98 567 36 74 125 79 44 3 96 
498 20 85 75 62 71 84 129 501 52 83 65 75 87 58 103 502 96 64 79 90 80 17 96 
438 51 260 149 18 11 1 96 446 119 280 66 8 9 0 96 457 206 217 35 11 2 0 96 
864 63 1 0 0 0 0 96 864 64 0 0 0 0 0 96 868 60 0 0 0 0 0 96 
928 0 0 0 0 0 0 96 928 0 0 0 0 0 0 96 928 0 0 0 0 0 0 96 
605 106 112 18 0 0 1 182 841 0 0 0 0 0 0 183 841 0 0 0 0 0 1 182 
928 0 0 0 0 0 0 96 928 0 0 0 0 0 0 96 928 0 0 0 0 0 0 96 
969 12 23 17 3 0 0 0 973 25 22 4 0 0 0 0 977 26 19 2 0 0 0 0 
596 62 180 153 33 0 0 0 1022 2 0 0 0 0 0 0 1023 1 0 0 0 0 0 0 
1007 17 0 0 0 0 0 0 1024 0 0 0 0 0 0 0 1024 0 0 0 0 0 0 0 
1021 3 0 0 0 0 0 0 1024 0 0 0 0 0 0 0 1024 0 0 0 0 0 0 0 
998 26 0 0 0 0 0 0 1024 0 0 0 0 0 0 0 1024 0 0 0 0 0 0 0 
86 72 78 34 49 82 205 418 141 111 224 356 53 52 32 55 259 383 166 72 50 27 24 43 
0 43 80 59 68 77 155 542 5 110 194 480 100 63 45 27 82 452 219 106 89 39 21 16 
0 165 398 75 43 84 44 215 0 518 160 251 73 13 9 0 79 737 99 74 30 5 0 0 
0 0 15 54 150 355 394 56 0 0 50 141 327 427 73 6 0 17 90 307 506 94 10 0 
0 1 523 159 107 86 86 62 0 332 300 122 101 88 67 14 0 521 165 134 80 95 29 0 
0 1 622 269 101 25 6 0 0 170 627 163 51 12 1 0 0 483 394 103 37 7 0 0 
896 38 90 0 0 0 0 0 896 128 0 0 0 0 0 0 896 128 0 0 0 0 0 0 
912 112 0 0 0 0 0 0 1017 7 0 0 0 0 0 0 1022 2 0 0 0 0 0 0 
614 101 53 97 39 23 1 96 794 131 3 0 0 0 0 96 900 28 0 0 0 0 0 96 
928 0 0 0 0 0 0 96 928 0 0 0 0 0 0 96 928 0 0 0 0 0 0 96 
1024 0 0 0 0 0 0 0 1024 0 0 0 0 0 0 0 1024 0 0 0 0 0 0 0 
554 177 67 22 39 33 34 98 807 78 41 19 18 20 10 31 867 48 29 20 16 18 20 6 
980 44 0 0 0 0 0 0 1024 0 0 0 0 0 0 0 1024 0 0 0 0 0 0 0 
989 21 5 4 5 0 0 0 873 141 4 6 0 0 0 0 1009 6 9 0 0 0 0 0 
840 157 20 4 3 0 0 0 680 148 104 51 37 1 3 0 957 49 14 2 2 0 0 0 
142 75 52 30 58 137 339 191 182 86 498 96 67 53 30 12 393 359 78 66 51 35 26 16 
0 51 76 63 78 177 358 221 8 93 344 214 165 129 44 27 96 327 157 125 143 77 59 40 
0 95 572 28 18 44 150 117 0 601 343 62 11 7 0 0 66 906 33 15 4 0 0 0 
0 43 661 294 10 15 1 0 0 361 624 17 13 9 0 0 3 958 39 11 13 0 0 0 
0 28 883 113 0 0 0 0 0 662 357 5 0 0 0 0 0 1011 12 1 0 0 0 0 
0 401 620 3 0 0 0 0 0 941 83 0 0 0 0 0 0 1016 8 0 0 0 0 0 
810 147 67 0 0 0 0 0 848 168 8 0 0 0 0 0 863 159 2 0 0 0 0 0 
906 118 0 0 0 0 0 0 1024 0 0 0 0 0 0 0 1024 0 0 0 0 0 0 0 
444 239 52 35 27 27 53 147 710 72 51 51 17 10 17 96 766 67 58 14 12 11 0 96 
928 0 0 0 0 0 0 96 928 0 0 0 0 0 0 96 928 0 0 0 0 0 0 96 
1024 0 0 0 0 0 0 0 1024 0 0 0 0 0 0 0 1024 0 0 0 0 0 0 0 
654 164 54 34 10 30 27 51 895 27 23 23 18 17 16 5 906 36 17 28 11 21 5 0 
1008 16 0 0 0 0 0 0 1024 0 0 0 0 0 0 0 1024 0 0 0 0 0 0 0 
1006 16 2 0 0 0 0 0 1022 2 0 0 0 0 0 0 1022 2 0 0 0 0 0 0 
794 202 26 2 0 0 0 0 976 46 2 0 0 0 0 0 990 32 2 0 0 0 0 0 
751 116 23 6 49 52 27 0 859 37 116 12 0 0 0 0 871 90 39 24 0 0 0 0 
681 120 8 9 23 135 32 16 806 18 161 22 12 5 0 0 845 131 28 15 5 0 0 0 
739 49 157 7 3 59 10 0 772 165 87 0 0 0 0 0 800 215 9 0 0 0 0 0 
701 21 296 6 0 0 0 0 710 232 82 0 0 0 0 0 715 309 0 0 0 0 0 0 
623 25 366 10 0 0 0 0 632 312 80 0 0 0 0 0 637 383 4 0 0 0 0 0 
510 431 82 1 0 0 0 0 530 485 9 0 0 0 0 0 558 463 3 0 0 0 0 0 
953 71 0 0 0 0 0 0 978 46 0 0 0 0 0 0 984 40 0 0 0 0 0 0 
863 160 1 0 0 0 0 0 1022 2 0 0 0 0 0 0 1023 1 0 0 0 0 0 0 
168 566 60 28 38 29 16 119 739 104 37 21 17 5 3 98 820 52 34 14 2 4 2 96 
171 647 90 16 3 1 0 96 816 90 19 3 0 0 0 96 873 47 7 1 0 0 0 96 
206 764 53 0 1 0 0 0 976 47 0 1 0 0 0 0 987 36 1 0 0 0 0 0 
239 410 108 30 21 26 31 159 662 98 27 25 30 45 67 70 703 75 23 28 33 63 71 28 
197 473 195 18 12 8 10 111 791 78 20 9 7 14 28 77 840 33 18 9 8 15 54 47 
345 353 86 25 18 30 18 149 716 71 24 20 21 18 27 127 743 54 24 18 17 24 19 125 
449 233 60 39 32 37 32 142 687 70 32 33 36 30 46 90 722 51 39 32 30 27 57 66 
580 129 53 42 64 57 39 60 699 61 38 66 64 42 34 20 725 52 42 63 69 42 16 15 
614 204 42 28 41 32 22 41 824 41 26 35 38 13 15 32 844 38 22 38 18 20 14 30 
692 126 30 16 20 12 14 114 812 37 14 16 15 9 14 107 829 28 14 15 9 9 14 106 
565 225 89 41 22 26 18 38 753 120 46 22 25 18 10 30 811 89 31 18 22 15 11 27 
706 179 83 44 10 2 0 0 848 120 41 14 1 0 0 0 905 87 30 2 0 0 0 0 
686 129 98 54 39 3 7 8 796 142 60 7 2 6 4 7 879 97 27 3 2 8 5 3 
648 136 123 92 25 0 0 0 906 74 37 7 0 0 0 0 919 74 30 1 0 0 0 0 
970 54 0 0 0 0 0 0 1024 0 0 0 0 0 0 0 1024 0 0 0 0 0 0 0 
290 527 64 37 7 3 0 96 891 28 9 0 0 0 0 96 896 27 5 0 0 0 0 96 
339 287 109 74 78 34 7 96 646 130 128 22 2 0 0 96 728 160 37 3 0 0 0 96 
549 272 125 29 40 7 2 0 783 163 53 20 3 2 0 0 875 125 16 5 2 1 0 0 
329 95 80 48 88 107 115 162 426 89 32 83 100 108 99 87 469 60 73 92 122 104 91 13 
371 414 68 33 38 34 29 37 768 126 69 46 14 1 0 0 893 108 20 2 1 0 0 0 
382 77 20 18 10 62 54 401 450 25 18 32 70 29 39 361 456 24 19 53 60 36 75 301 
395 223 97 55 49 58 40 107 609 142 57 52 60 35 10 59 687 116 65 43 34 17 13 49 
186 121 71 80 75 57 47 387 311 93 97 66 36 81 64 276 365 110 92 75 38 38 81 225 
349 183 91 63 78 62 64 134 551 115 101 77 59 29 28 64 616 128 86 47 38 27 25 57 
330 184 117 65 84 100 66 78 539 112 80 83 87 62 24 37 590 81 60 80 74 60 37 42 
56 134 97 62 65 105 186 319 186 109 54 65 134 153 131 192 238 84 45 67 135 141 96 218 
226 432 229 58 36 25 11 7 537 325 96 39 16 7 3 1 681 254 54 23 8 4 0 0 
161 132 38 51 100 132 115 295 291 63 61 116 121 87 77 208 339 54 38 51 108 129 86 219 
320 494 118 29 18 28 2 15 652 262 46 23 16 10 1 14 725 219 31 13 9 12 1 14 
405 541 66 9 3 0 0 0 881 129 9 5 0 0 0 0 917 98 6 3 0 0 0 0 
211 696 16 5 0 0 0 96 901 23 4 0 0 0 0 96 904 22 2 0 0 0 0 96 
137 615 43 50 3 15 11 150 626 159 54 9 13 13 42 108 754 71 22 17 29 33 6 92 
35 545 247 70 72 36 8 11 423 401 89 85 19 7 0 0 693 206 105 17 3 0 0 0 
9 625 231 80 65 14 0 0 371 511 104 34 4 0 0 0 622 366 34 2 0 0 0 0 
266 103 153 116 180 94 48 64 397 287 218 103 18 1 0 0 685 235 83 20 1 0 0 0 
377 92 169 110 92 69 42 73 424 262 112 82 57 35 21 31 563 214 86 57 42 31 31 0 
428 367 94 64 27 19 16 9 731 146 79 26 22 16 4 0 785 140 53 20 16 9 1 0 
263 533 57 67 29 11 14 50 695 209 44 18 30 28 0 0 822 136 29 36 1 0 0 0 
235 62 78 100 26 14 24 485 326 153 19 9 13 33 28 443 449 43 9 8 11 19 36 449 
99 179 89 165 99 67 60 266 215 140 140 116 76 51 45 241 257 115 80 82 76 79 56 279 
209 294 231 78 58 47 79 28 465 322 94 46 62 29 6 0 532 283 82 50 55 17 4 1 
94 475 257 116 33 18 13 18 179 524 207 71 21 11 11 0 253 487 207 56 18 2 1 0 
413 105 53 44 35 28 26 320 510 72 40 29 24 22 21 306 558 46 33 23 18 12 28 306 
344 214 75 42 54 69 87 139 491 125 48 57 74 80 44 105 507 102 48 65 95 58 41 108 
153 703 121 28 10 2 3 4 466 479 54 14 3 3 5 0 515 460 35 5 2 6 1 0 
383 488 36 15 6 0 0 96 754 150 22 2 0 0 0 96 806 106 16 0 0 0 0 96 
271 211 95 72 50 52 23 218 442 61 110 74 63 22 57 163 476 102 81 76 55 49 5 148 
349 473 40 23 33 10 0 64 701 155 31 39 2 0 0 64 759 118 48 3 0 0 0 64 
29 811 45 8 7 15 12 65 525 364 9 14 15 1 0 64 679 215 30 4 0 0 0 64 
36 334 178 90 92 53 51 158 247 365 173 120 21 2 0 64 469 300 131 27 1 0 0 64 
27 315 311 86 104 79 6 64 95 492 178 138 24 1 0 64 237 495 170 24 2 0 0 64 
364 194 98 92 36 22 31 155 508 153 108 43 30 60 26 64 610 181 106 23 8 3 21 40 
341 203 197 109 74 4 0 64 520 275 69 56 8 0 0 64 669 193 47 19 0 0 0 64 
8 71 153 258 156 98 54 194 109 291 222 112 51 32 26 149 336 291 116 31 12 18 46 142 
128 331 94 148 111 78 23 79 246 276 143 136 84 30 2 75 294 252 119 110 80 42 16 79 
46 477 290 47 26 13 17 76 199 667 54 8 0 0 0 64 255 630 42 1 0 0 1 63 
42 225 541 105 8 4 2 65 60 556 269 35 5 2 1 64 83 589 234 18 1 2 1 64 
328 165 86 77 67 60 30 179 557 122 52 41 18 21 11 170 628 106 29 23 19 8 12 167 
67 41 22 25 33 63 131 610 100 28 27 52 96 120 160 409 105 34 30 70 105 121 153 374 
203 318 13 12 23 49 76 298 424 107 14 25 51 80 102 189 431 103 14 29 53 91 75 196 
210 411 164 41 15 0 0 151 439 268 124 10 0 0 0 151 510 255 74 2 0 0 0 151 
