0 416 283 304 3 5 1 12 0 417 580 8 5 2 3 9 0 604 401 3 4 4 8 0 
0 416 76 422 16 8 24 62 0 419 475 35 13 22 26 34 0 491 440 32 13 20 17 11 
0 416 0 608 0 0 0 0 0 416 607 1 0 0 0 0 0 416 608 0 0 0 0 0 
0 416 0 513 30 11 9 45 0 416 325 212 12 9 6 44 0 416 477 64 6 11 7 43 
0 416 0 608 0 0 0 0 0 416 530 78 0 0 0 0 0 416 607 1 0 0 0 0 
0 416 0 608 0 0 0 0 0 416 590 18 0 0 0 0 0 416 608 0 0 0 0 0 
0 416 0 608 0 0 0 0 0 416 608 0 0 0 0 0 0 416 608 0 0 0 0 0 
0 416 245 363 0 0 0 0 0 416 608 0 0 0 0 0 0 419 605 0 0 0 0 0 
0 416 608 0 0 0 0 0 0 436 588 0 0 0 0 0 0 645 379 0 0 0 0 0 
0 507 517 0 0 0 0 0 0 882 142 0 0 0 0 0 0 978 46 0 0 0 0 0 
0 232 718 72 1 1 0 0 0 403 619 1 1 0 0 0 0 936 86 1 1 0 0 0 
0 78 676 256 2 6 0 6 0 207 802 3 3 3 0 6 0 818 192 2 5 1 0 6 
0 0 335 677 2 2 3 5 0 109 903 1 3 3 2 3 0 606 406 2 2 3 2 3 
0 0 152 872 0 0 0 0 0 72 952 0 0 0 0 0 0 500 524 0 0 0 0 0 
0 0 50 932 12 1 12 17 0 66 925 3 6 14 7 3 12 356 627 10 9 10 0 0 
0 0 7 982 8 3 9 15 0 9 974 14 1 9 7 10 0 345 646 6 4 8 8 7 
0 0 52 949 4 2 5 12 0 80 921 4 2 4 5 8 0 572 429 4 3 4 4 8 
0 0 690 334 0 0 0 0 0 295 727 2 0 0 0 0 0 701 321 2 0 0 0 0 
0 29 979 4 1 3 1 7 0 689 323 0 4 0 5 3 2 945 65 3 1 2 6 0 
0 454 570 0 0 0 0 0 0 1015 9 0 0 0 0 0 0 1015 9 0 0 0 0 0 
0 151 102 71 96 236 244 124 0 216 78 106 279 234 53 58 5 259 150 449 88 22 27 24 
0 293 126 149 283 173 0 0 0 352 156 315 201 0 0 0 0 427 488 109 0 0 0 0 
0 221 129 111 104 293 151 15 0 305 128 118 350 108 1 14 1 400 242 356 11 11 3 0 
0 470 289 80 85 90 7 3 0 691 124 111 94 0 1 3 0 770 204 46 0 0 2 2 
0 309 98 67 5 21 456 68 0 393 79 7 323 216 6 0 4 421 47 132 409 8 3 0 
0 0 105 28 11 12 385 483 0 48 88 8 102 778 0 0 3 80 57 12 872 0 0 0 
0 0 87 19 11 11 545 351 0 51 55 13 271 634 0 0 0 62 53 10 899 0 0 0 
0 17 52 24 3 20 908 0 0 63 23 10 519 409 0 0 0 62 34 13 915 0 0 0 
0 502 70 28 30 27 367 0 0 555 38 34 365 32 0 0 3 566 40 109 306 0 0 0 
0 447 287 220 36 32 1 1 0 565 358 64 35 1 1 0 2 625 362 33 1 1 0 0 
0 45 73 111 628 158 0 9 0 108 26 660 220 1 1 8 0 125 727 162 1 2 7 0 
0 0 0 96 903 25 0 0 0 0 0 952 72 0 0 0 0 0 1000 24 0 0 0 0 
0 2 40 132 755 95 0 0 0 26 96 775 127 0 0 0 2 81 893 48 0 0 0 0 
0 19 253 506 243 3 0 0 0 99 555 356 14 0 0 0 0 540 484 0 0 0 0 0 
0 215 301 9 1 2 35 461 0 496 26 3 12 115 115 257 7 491 27 15 119 194 165 6 
0 43 135 6 8 8 5 819 0 168 11 7 9 151 193 485 3 157 26 6 226 236 327 43 
0 45 79 13 7 3 32 845 0 118 15 9 85 213 221 363 8 112 19 5 340 335 204 1 
0 8 63 9 3 10 145 786 0 67 10 4 147 188 201 407 2 68 11 6 401 302 234 0 
0 273 157 128 68 15 79 304 0 388 131 98 58 96 93 160 11 474 128 38 157 99 113 4 
0 445 326 154 99 0 0 0 0 713 130 181 0 0 0 0 0 804 219 1 0 0 0 0 
0 54 160 396 101 83 90 140 0 273 355 296 51 34 2 13 37 465 386 60 57 10 9 0 
0 0 8 576 109 67 49 215 0 88 483 376 54 23 0 0 1 380 527 87 29 0 0 0 
0 0 7 362 277 36 20 322 0 100 393 500 29 2 0 0 1 261 665 91 6 0 0 0 
0 0 55 486 73 31 24 355 0 132 682 178 19 6 4 3 0 497 443 71 5 4 3 1 
0 0 369 46 25 8 25 551 0 304 594 126 0 0 0 0 0 506 472 46 0 0 0 0 
0 0 342 130 29 39 51 433 0 187 691 145 1 0 0 0 1 611 384 27 1 0 0 0 
0 3 425 115 27 21 36 397 0 98 561 307 58 0 0 0 0 575 301 148 0 0 0 0 
0 96 493 33 25 24 58 295 1 296 650 77 0 0 0 0 1 732 288 3 0 0 0 0 
0 107 339 223 54 42 83 176 0 452 449 66 9 15 21 12 6 686 274 10 25 23 0 0 
0 0 472 528 22 2 0 0 0 181 751 92 0 0 0 0 0 761 262 1 0 0 0 0 
0 0 9 26 114 262 222 391 5 819 187 13 0 0 0 0 10 734 243 37 0 0 0 0 
0 0 14 41 47 163 245 514 6 639 343 36 0 0 0 0 4 602 385 33 0 0 0 0 
0 0 20 63 21 22 151 747 0 544 437 43 0 0 0 0 1 461 505 57 0 0 0 0 
0 0 21 158 44 52 63 686 1 373 565 85 0 0 0 0 0 350 583 91 0 0 0 0 
0 0 4 63 76 44 149 688 3 481 401 133 6 0 0 0 6 450 493 73 2 0 0 0 
0 0 6 37 92 86 122 681 2 394 432 164 32 0 0 0 13 352 490 161 8 0 0 0 
0 0 0 0 0 4 56 964 0 570 344 53 57 0 0 0 0 345 553 115 11 0 0 0 
0 0 0 0 8 22 145 849 2 667 340 15 0 0 0 0 3 622 382 17 0 0 0 0 
0 0 0 0 4 97 483 440 3 781 232 8 0 0 0 0 8 735 275 6 0 0 0 0 
0 0 183 173 70 308 222 68 2 550 461 11 0 0 0 0 6 870 148 0 0 0 0 0 
0 186 498 81 34 46 82 97 1 598 417 5 3 0 0 0 3 660 354 5 2 0 0 0 
0 0 33 40 31 25 127 768 3 573 433 15 0 0 0 0 1 413 534 76 0 0 0 0 
0 2 158 156 68 150 116 374 4 454 478 87 1 0 0 0 3 408 518 93 2 0 0 0 
0 0 38 60 64 44 109 709 5 504 210 158 141 6 0 0 17 337 353 266 51 0 0 0 
0 0 1 6 27 34 72 884 10 571 268 125 46 4 0 0 15 104 571 298 36 0 0 0 
0 0 0 5 36 35 52 896 1 631 316 61 15 0 0 0 0 139 600 275 10 0 0 0 
0 2 9 14 25 14 41 919 0 625 355 41 3 0 0 0 0 55 710 259 0 0 0 0 
0 0 11 35 29 31 119 799 4 629 346 45 0 0 0 0 0 300 543 179 2 0 0 0 
0 0 10 41 36 65 302 570 0 714 301 9 0 0 0 0 0 565 406 53 0 0 0 0 
0 0 0 15 27 317 460 205 0 951 71 2 0 0 0 0 0 863 161 0 0 0 0 0 
11 495 308 46 13 28 33 58 2 777 203 7 3 0 0 0 4 791 187 8 2 0 0 0 
17 316 36 47 16 18 64 478 1 781 186 24 0 0 0 0 0 654 280 54 4 0 0 0 
12 318 93 68 45 139 101 216 7 700 210 68 7 0 0 0 3 658 256 49 26 0 0 0 
8 343 32 33 46 28 65 437 3 592 68 162 159 8 0 0 22 445 194 260 69 2 0 0 
0 341 27 16 2 14 17 575 0 791 113 52 32 4 0 0 0 384 393 172 43 0 0 0 
16 304 32 32 2 8 42 556 0 703 230 50 9 0 0 0 0 384 310 289 9 0 0 0 
6 324 33 46 24 13 58 488 0 670 283 36 3 0 0 0 3 407 336 246 0 0 0 0 
0 320 39 53 15 12 63 490 2 695 251 44 0 0 0 0 0 502 300 188 2 0 0 0 
3 329 42 61 30 37 104 386 0 759 216 17 0 0 0 0 0 629 284 74 5 0 0 0 
0 352 37 21 38 130 293 121 0 937 40 15 0 0 0 0 0 880 91 18 3 0 0 0 
