14 9 0 0 0 61 11 3 4 0 2 21 42 6 34 32 18 17 3 2 6 3 0 12 0 0 0 0 0 0 0 0 
37 141 0 1 0 49 0 0 26 3 0 37 3 0 1 1 0 1 0 0 0 0 0 0 0 0 0 0 0 0 0 0 
0 19 0 0 0 20 0 0 1 0 0 23 0 0 0 1 0 0 0 0 0 0 0 0 0 0 0 0 0 0 0 0 
1 0 176 1278 60 71 144 65 132 680 155 41 40 151 128 35 103 46 77 88 75 69 69 1257 0 0 0 0 0 0 0 0 
0 5 4 30 3 18 0 8 1 29 21 8 7 13 2 2 5 2 0 1 1 0 0 0 0 0 0 0 0 0 0 0 
181 1772 0 0 0 208 967 0 760 0 0 0 0 0 0 0 0 0 0 0 0 0 0 0 0 0 0 0 0 0 0 0 
15 2 5 0 0 47 18 38 51 32 4 13 16 9 2 6 1 3 2 0 1 1 2 5 0 0 0 0 0 0 0 0 
20 1 0 27 0 16 0 2 0 34 0 2 1 6 1 1 3 1 1 1 0 2 0 7 0 0 0 0 0 0 0 0 
4 3 0 0 0 11 4 6 1 0 9 31 14 0 2 12 3 11 0 3 3 1 0 2 0 0 0 0 0 0 0 0 
14 8 0 0 0 30 0 0 0 0 0 24 4 0 0 0 0 0 0 0 0 0 0 0 0 0 0 0 0 0 0 0 
15 6 0 0 0 22 0 0 6 0 0 16 1 0 0 6 0 13 0 0 2 0 1 0 0 0 0 0 0 0 0 0 
6 8 0 0 0 27 11 0 28 0 0 0 0 0 0 0 0 0 0 0 0 0 0 0 0 0 0 0 0 0 0 0 
15 4 0 0 0 27 1 0 3 0 0 6 10 0 0 6 0 30 0 0 1 3 0 11 0 0 0 0 0 0 0 0 
10 16 3 0 0 32 7 8 15 1 3 28 8 0 1 2 1 11 0 0 1 1 0 17 0 0 0 0 0 0 0 0 
18 112 1 0 3 60 2 15 31 27 4 21 4 2 0 0 0 0 0 0 0 0 0 0 0 0 0 0 0 0 0 0 
13 67 5 26 1 175 2 15 33 10 27 103 24 25 9 10 14 15 5 3 7 2 2 111 0 0 0 0 0 0 0 0 
33 37 0 0 0 22 0 16 18 1 1 24 28 0 0 9 1 0 1 0 0 0 0 1 0 0 0 0 0 0 0 0 
14 16 22 4 0 3 0 8 0 10 47 7 1 7 3 0 5 2 0 0 0 0 0 5 0 0 0 0 0 0 0 0 
32 6 0 44 0 4 2 0 2 5 1 11 13 4 5 4 3 10 1 0 2 1 3 16 0 0 0 0 0 0 0 0 
6 0 0 0 0 13 4 0 2 0 0 38 24 0 0 22 0 17 0 1 3 0 0 35 0 0 0 0 0 0 0 0 
2 17 8 121 5 12 4 1 6 41 20 39 14 14 7 9 5 8 2 5 6 2 1 76 0 0 0 0 0 0 0 0 
0 2 3 0 0 26 20 23 8 0 0 2 10 0 1 2 0 3 0 0 0 0 0 0 0 0 0 0 0 0 0 0 
0 4 0 5 0 8 6 9 11 52 2 7 10 2 1 7 0 5 1 1 0 0 0 9 0 0 0 0 0 0 0 0 
8 39 0 0 0 17 1 2 8 0 0 16 14 0 0 5 0 0 0 0 0 0 0 0 0 0 0 0 0 0 0 0 
89 110 0 0 38 122 39 64 66 39 1 53 32 1 0 25 1 16 5 2 11 10 5 39 0 0 0 0 0 0 0 0 
0 9 0 11 0 5 6 0 4 5 0 4 7 0 2 9 1 0 0 1 0 0 0 0 0 0 0 0 0 0 0 0 
10 21 0 0 0 17 0 0 6 0 0 14 2 0 0 3 1 3 0 0 0 0 0 0 0 0 0 0 0 0 0 0 
8 8 0 0 0 65 15 0 2 0 0 18 2 0 0 4 0 2 0 0 1 0 0 5 0 0 0 0 0 0 0 0 
10 32 0 0 0 67 45 2 81 0 2 9 16 0 0 6 0 9 0 0 1 1 0 4 0 0 0 0 0 0 0 0 
12 11 23 42 10 18 0 12 10 71 37 18 12 20 9 2 9 8 7 2 1 0 1 10 0 0 0 0 0 0 0 0 
2 10 3 0 0 14 0 15 9 18 11 14 14 2 2 10 5 6 0 0 0 0 0 15 0 0 0 0 0 0 0 0 
0 0 30 104 6 0 0 0 3 49 24 2 7 37 32 7 53 43 36 30 36 55 42 172 0 0 0 0 0 0 0 0 
12 3 0 0 0 10 3 12 2 3 3 6 2 1 0 2 4 4 2 0 1 0 0 0 0 0 0 0 0 0 0 0 
6 12 0 0 0 13 0 16 4 3 1 5 10 0 0 0 0 1 0 0 0 0 0 9 0 0 0 0 0 0 0 0 
14 17 2 0 0 1 0 4 0 0 1 27 14 1 0 7 0 0 0 0 0 0 0 0 0 0 0 0 0 0 0 0 
0 11 0 0 0 30 14 6 10 0 0 5 2 0 0 2 0 0 0 0 0 0 0 0 0 0 0 0 0 0 0 0 
10 14 2 3 1 47 0 4 11 30 4 20 3 4 1 4 0 0 1 0 0 1 0 0 0 0 0 0 0 0 0 0 
0 12 1 4 0 30 1 3 0 11 5 3 3 6 3 6 0 0 0 0 0 0 0 0 0 0 0 0 0 0 0 0 
18 0 0 0 0 13 0 7 0 11 1 4 1 0 0 6 0 0 0 0 0 0 0 3 0 0 0 0 0 0 0 0 
4 17 0 0 0 8 1 0 13 0 0 7 0 0 0 7 0 3 0 0 0 0 0 4 0 0 0 0 0 0 0 0 
2 13 1 67 5 31 0 0 24 43 2 4 0 0 0 0 0 0 0 0 0 0 0 0 0 0 0 0 0 0 0 0 
100 362 455 103 112 150 185 104 265 107 190 125 198 159 193 153 173 47 100 55 40 34 29 449 0 0 0 0 0 0 0 0 
13 2 0 0 0 21 0 5 16 7 1 17 26 0 0 11 0 20 0 0 0 0 0 11 0 0 0 0 0 0 0 0 
3 1 0 6 0 14 0 6 0 4 0 4 2 0 0 0 0 0 0 0 0 0 0 0 0 0 0 0 0 0 0 0 
0 3 0 43 1 16 13 6 11 26 1 12 8 0 0 0 0 0 0 0 0 0 0 0 0 0 0 0 0 0 0 0 
4 1 0 0 0 14 0 11 0 8 3 18 24 1 1 1 0 0 1 3 0 0 0 6 0 0 0 0 0 0 0 0 
24 0 1 13 0 7 1 14 0 2 9 4 1 17 1 1 2 1 1 1 0 0 0 0 0 0 0 0 0 0 0 0 
13 16 0 0 0 21 1 3 17 8 0 1 0 0 0 0 0 0 0 0 0 0 0 0 0 0 0 0 0 0 0 0 
60 49 0 3 0 102 27 16 40 19 1 12 3 2 0 1 0 0 0 0 1 0 0 0 0 0 0 0 0 0 0 0 
1 0 3 11 0 8 2 4 2 3 23 6 10 12 10 8 12 20 12 8 7 9 5 109 0 0 0 0 0 0 0 0 
