0 0 0 0 0 5 0 5 0 15 0 3 0 11 0 0 0 2 0 0 30 0 0 0 2 0 7 0 0 0 0 0 
252 35 194 0 102 113 36 72 77 176 0 22 155 36 49 7 27 74 39 1 255 0 5 0 5 50 3 100 1 0 6 8 
0 5 0 0 22 124 0 31 0 0 102 6 64 28 0 174 40 110 0 0 166 0 48 0 75 32 54 0 0 0 21 0 
0 4 0 0 2 37 0 1 0 0 0 1 1 3 0 2 1 0 0 0 28 0 6 0 7 3 0 0 0 0 0 0 
0 25 0 0 3 5 0 126 0 0 0 12 428 73 0 49 126 1 0 0 23 0 296 0 480 0 128 0 3 0 72 0 
0 13 0 0 116 133 0 94 0 0 2053 0 0 97 0 0 46 287 3 0 70 0 6 0 1474 62 156 0 3 303 25 0 
20 40 0 0 7 540 5 72 0 25 0 32 6 241 22 12 2 26 82 1 376 1 1 27 30 15 57 88 39 39 41 53 
0 202 0 0 170 404 0 20 0 0 0 8 76 215 0 856 6 0 249 0 780 0 9 0 136 0 816 0 231 97 525 0 
0 469 0 0 72 0 0 109 0 23 0 16 0 124 1 3 27 307 0 0 43 0 1230 0 879 0 109 0 19 1 33 1476 
0 34 0 0 4 709 0 81 0 0 0 130 18 161 0 309 19 0 42 0 262 3 64 0 70 0 79 3 32 35 54 0 
0 430 0 0 70 32 0 1 0 73 0 35 91 8 1 241 191 43 0 0 57 0 0 0 12 9 149 0 57 0 380 20 
125 1 185 0 18 441 1264 29 370 138 36 37 241 31 15 39 38 260 1 29 55 0 1 63 0 45 15 0 0 0 5 244 
0 0 0 0 0 2 0 9 0 3 0 13 0 14 0 1 2 0 0 0 10 0 1 8 0 0 0 0 0 1 0 0 
0 0 0 0 74 457 0 25 0 0 0 0 0 36 0 98 131 193 0 0 48 0 32 0 52 14 27 0 0 0 13 0 
0 40 0 0 2 13 0 166 0 21 0 9 148 48 0 48 73 16 70 0 79 0 79 0 11 2 1 2 57 2 4 9 
0 0 0 0 8 110 35 48 0 0 1 1 4 289 0 0 0 9 44 95 205 26 0 109 0 8 0 165 0 18 3 0 
0 0 0 0 0 32 0 1 0 0 0 9 0 19 0 11 0 0 0 0 24 0 0 0 0 0 3 0 0 0 0 0 
0 2 0 0 0 3 0 19 0 3 0 14 0 14 2 0 0 0 0 0 13 0 2 7 0 0 0 0 0 1 0 0 
0 0 31 0 0 2 7 5 4 0 0 0 0 11 0 3 2 3 0 8 7 0 1 14 0 0 0 0 0 0 2 0 
37 1 0 0 550 1811 0 401 0 0 251 65 49 522 0 466 75 601 0 0 1082 0 102 0 450 194 268 0 0 0 179 0 
0 55 0 0 3 3 0 179 0 20 6 9 137 71 0 60 73 22 85 0 74 0 71 0 5 1 2 3 67 5 3 8 
0 43 0 0 18 456 0 257 0 0 255 9 29 493 0 0 129 475 270 0 1004 189 75 235 60 142 13 139 79 460 15 0 
0 9 0 0 122 70 0 78 0 0 36 1 1 134 0 0 4 47 0 0 102 0 23 0 6 88 5 0 0 0 42 0 
0 16 0 0 33 758 0 58 0 24 54 12 13 147 0 141 262 392 17 0 281 0 30 0 332 88 127 0 18 146 123 0 
0 7 0 0 6 19 0 21 0 0 0 0 0 4 0 0 3 2 0 0 20 0 5 0 1 0 0 0 0 0 0 0 
0 64 0 0 1 0 0 12 0 0 16 6 36 26 0 20 51 75 8 0 18 0 99 0 132 51 141 0 89 0 143 0 
0 0 0 0 0 44 0 22 0 0 0 0 0 3 0 6 1 1 0 0 19 0 0 0 0 0 0 0 0 0 0 0 
1 517 0 0 13 40 0 2 0 0 0 11 238 81 0 98 1247 0 167 0 397 0 0 0 151 0 732 0 822 26 317 0 
0 113 0 0 1188 1373 0 48 0 0 0 0 0 88 0 6 4 0 42 0 520 0 27 0 14 0 12 0 218 1 96 0 
0 0 0 0 0 2 0 0 0 0 0 0 0 1 0 0 0 0 0 0 3 0 0 0 0 16 10 0 0 0 48 0 
0 165 4 0 326 75 264 371 296 50 0 23 120 138 8 10 19 20 118 397 408 0 3 44 2 350 0 431 29 0 34 171 
0 0 0 0 0 18 0 15 0 0 0 4 3 18 0 4 4 0 0 0 10 0 0 4 0 0 0 0 0 0 0 0 
0 0 0 0 44 57 0 95 0 0 17 6 95 66 1 1 85 16 0 0 109 0 3 0 69 37 1 0 0 0 7 59 
0 3 0 0 34 65 0 54 0 0 22 12 18 33 0 494 8 134 0 0 97 0 0 0 0 19 4 0 1 0 2 0 
0 7 0 0 72 886 0 38 0 0 3 27 21 133 0 109 30 72 1 0 318 0 71 0 189 0 82 0 11 0 20 0 
217 635 313 0 306 133 232 15 199 0 151 28 572 217 0 1094 121 509 360 426 337 259 2 110 6 17 89 348 869 183 281 1 
0 37 0 0 39 127 0 226 0 20 109 8 73 330 0 222 77 159 2 0 200 14 93 5 168 114 27 0 0 77 1 0 
0 0 0 0 0 3 0 19 0 6 0 0 0 11 0 1 2 10 0 0 11 0 8 0 10 0 7 0 0 0 0 0 
0 0 0 0 0 41 0 4 0 0 0 1 0 13 0 6 1 6 1 0 3 0 0 0 0 1 0 0 0 3 0 0 
377 2 36 0 1 384 2 25 6 0 195 0 0 103 0 0 0 26 139 4 202 0 0 0 6 33 38 12 17 0 9 0 
0 0 0 0 0 2 0 27 0 0 0 0 0 46 0 0 2 0 0 0 7 0 2 0 0 0 4 0 0 0 0 0 
1 1 0 0 0 136 0 529 0 1097 0 47 0 363 36 137 254 5 1 0 230 0 164 0 37 0 29 0 3 0 2 0 
79 80 0 0 1 2 0 28 0 0 0 11 21 80 0 49 14 0 53 0 88 4 3 0 1 0 7 56 74 13 104 0 
0 1 0 0 0 25 0 0 0 0 0 0 0 5 0 0 0 26 0 0 16 0 0 0 0 0 0 0 0 5 2 0 
3 0 3 4 7 163 1 141 0 3 0 84 0 119 12 1 1 28 0 0 135 14 2 28 8 0 32 2 0 5 4 0 
0 0 0 0 1 14 0 2 0 0 0 0 0 34 0 0 0 0 1 0 28 0 0 0 0 0 0 0 0 3 7 0 
0 163 0 0 44 0 0 32 0 0 0 20 13 31 0 271 51 0 11 0 51 0 87 24 67 0 124 0 65 16 32 0 
271 7 119 0 15 262 35 6 96 0 80 0 0 17 0 26 18 109 118 344 74 0 17 0 42 61 6 175 0 0 2 0 
0 9 0 0 0 7 0 12 0 0 0 5 0 12 2 1 3 0 0 0 22 0 4 0 0 0 2 0 2 0 7 0 
0 66 0 0 108 87 0 36 0 0 0 24 32 105 54 0 3 1 0 0 122 0 49 0 103 0 56 0 11 0 51 142 
