0 0 78 37 76 114 119 224 1 0 0 0 0 0 2 11 0 0 0 0 0 103 0 0 0 3 0 0 0 0 0 0 
76 7 20 11 9 158 55 72 33 12 34 12 12 18 15 8 17 2 5 10 39 172 0 0 16 1 36 2 26 135 42 52 
402 0 177 238 154 3835 118 258 231 367 106 108 270 304 364 229 22 128 0 0 96 2227 0 0 18 350 598 0 414 735 149 28 
0 0 0 37 39 202 207 79 44 20 0 0 0 2 0 5 0 0 0 15 98 225 0 0 0 1 16 6 2 1 0 0 
3 5 0 1 8 14 4 2 3 0 7 3 0 0 0 0 1 0 0 0 0 11 0 0 0 0 1 0 0 1 0 0 
33 0 12 3 15 111 61 29 193 4 0 0 39 1 13 0 0 0 0 0 1 119 0 0 1 0 6 2 1 54 18 52 
5 0 47 11 47 54 58 41 71 15 0 0 34 1 5 8 2 0 0 0 15 241 0 0 9 1 15 41 9 38 16 56 
0 0 0 0 8 877 265 69 10 2 0 0 0 0 0 0 0 0 0 0 0 303 0 0 0 0 1 0 0 1 0 0 
0 0 8 7 9 10 10 10 12 4 0 0 0 0 0 2 0 0 0 0 1 4 0 0 2 0 7 2 0 0 0 0 
392 3 14 1 1748 1630 1470 307 430 16 16 79 1 29 7 0 0 5 0 0 359 651 0 0 43 2 172 133 44 295 7 0 
18 0 49 1 18 299 78 119 256 4 8 5 5 8 5 0 0 0 0 0 67 82 0 1 4 0 51 19 17 35 50 1 
2 0 0 0 0 26 0 1 19 0 0 0 0 0 0 0 0 0 6 0 0 1 1 0 3 0 0 1 0 4 0 0 
10 0 1 3 0 3 2 5 2 3 1 0 1 2 0 1 0 2 0 0 0 9 0 0 0 3 4 0 5 9 4 0 
62 2 62 9 105 195 15 53 27 5 11 12 90 5 17 2 7 6 6 3 14 318 1 1 24 3 11 23 6 21 30 54 
10 0 171 122 1051 1033 702 1182 144 60 0 0 5 1 19 5 3 0 0 13 138 21 0 0 0 5 5 0 0 7 229 15 
221 9 30 5 5 229 23 15 37 15 85 98 29 12 66 15 34 19 10 6 0 0 0 0 26 47 16 2 18 22 6 0 
2 0 0 3 6 25 1 0 0 7 0 0 1 1 0 2 0 0 0 0 6 2 0 0 1 1 3 0 2 1 0 0 
109 0 0 3 209 885 242 108 307 7 0 11 0 2 1 0 0 1 8 4 80 353 0 0 27 1 77 38 3 258 1 1 
50 0 130 27 6 501 70 150 23 34 8 60 109 28 33 5 0 3 0 0 13 224 0 0 0 30 38 0 19 90 23 26 
8 0 2 0 0 3 1 6 4 0 0 1 2 0 1 0 11 0 0 0 5 30 0 0 0 0 0 0 0 4 7 3 
0 0 3 20 9 46 91 54 35 72 0 0 14 3 43 1 20 0 0 0 66 0 0 0 0 22 12 0 0 2 8 1 
7 0 0 0 30 675 35 13 92 0 0 0 0 1 1 0 1 0 0 0 10 159 0 0 1 0 7 0 0 17 4 0 
0 0 27 11 31 458 597 102 100 30 0 0 0 0 0 1 0 0 1 2 0 414 0 0 0 1 6 1 0 0 0 0 
96 3 7 87 298 776 535 125 260 26 0 3 4 8 3 42 242 17 94 6 811 22 0 0 253 1 34 57 4 74 0 0 
0 0 8 34 0 78 86 59 40 14 0 0 9 3 1 0 0 0 0 0 0 8 0 0 7 0 9 11 0 3 14 0 
2 0 3 4 29 69 16 51 15 5 0 0 3 6 5 3 2 0 0 0 36 63 0 0 1 4 17 2 1 14 0 1 
0 0 0 83 3 319 216 117 87 60 0 0 0 0 0 0 0 0 0 0 0 30 0 0 0 0 0 0 0 0 135 0 
41 5 15 2 169 72 35 56 18 1 8 1 0 1 0 2 3 2 0 9 31 156 0 0 12 0 15 50 7 56 1 0 
0 0 0 0 5 22 15 0 19 6 0 0 2 1 5 0 0 0 0 0 0 3 0 0 0 0 8 0 0 0 2 0 
0 0 2 0 0 0 25 14 8 9 0 0 0 0 1 0 0 0 0 0 0 0 0 0 0 0 0 0 0 0 3 2 
4 2 16 18 36 100 90 68 160 10 0 1 0 0 0 1 14 1 2 7 4 158 0 9 33 3 11 61 0 41 0 0 
0 0 0 6 6 10 8 26 4 3 0 0 0 0 0 0 0 0 0 0 0 0 0 0 0 1 0 0 0 0 0 0 
0 0 0 1 3 11 7 5 4 6 0 0 0 0 2 0 0 0 0 0 1 5 0 0 0 0 4 1 0 3 10 1 
1088 0 34 42 224 983 2 88 8 32 9 20 20 24 36 2 22 0 0 0 59 33 0 0 0 5 25 0 20 121 80 95 
0 0 2 3 6 17 6 9 3 2 0 0 0 0 0 0 0 0 0 0 1 7 0 0 0 0 2 0 0 6 0 0 
3 0 0 0 1 32 2 2 7 1 0 2 0 0 0 0 0 0 0 0 0 0 0 0 0 0 6 0 0 5 0 3 
29 0 0 11 5 255 124 52 182 12 4 1 1 0 0 0 5 0 0 4 6 113 0 0 4 2 31 18 7 87 58 91 
411 29 98 23 0 1496 3183 454 87 6 167 384 0 2 2 9 42 2 14 355 0 387 0 3 50 3 12 489 2 120 24 0 
2 0 0 9 16 9 11 1 16 9 0 0 0 1 3 1 0 0 0 0 1 0 0 0 0 0 15 0 0 5 0 0 
0 448 212 87 176 424 84 120 56 82 39 0 1094 278 485 243 271 221 418 352 0 1392 0 340 339 323 68 248 160 14 53 7 
2 0 4 29 0 5 5 36 2 34 2 1 0 4 1 22 0 0 0 0 0 68 0 0 0 3 20 0 5 4 0 0 
1 0 0 0 0 26 1 0 18 0 0 1 0 0 0 0 0 0 0 0 0 7 0 0 0 0 0 0 0 10 0 0 
0 0 0 0 0 7 1 2 18 0 0 0 0 1 0 0 0 0 0 0 0 23 0 0 0 0 3 8 1 0 0 0 
402 0 79 80 17 624 115 208 96 113 259 588 35 60 60 47 5 43 32 21 3 178 0 0 138 30 128 12 112 128 11 176 
10 0 6 0 68 219 133 162 26 5 0 0 7 6 6 0 0 0 0 0 27 72 0 0 0 0 5 0 0 7 8 1 
0 0 99 56 5 155 21 136 8 47 0 0 5 1 13 0 0 0 0 0 34 142 0 0 0 1 19 0 0 2 24 0 
0 0 1 0 0 3 4 6 9 1 0 0 0 0 0 0 3 0 0 0 3 13 0 0 1 0 0 10 0 10 0 0 
0 0 1 0 4 22 3 0 8 0 3 0 0 0 0 0 6 0 0 0 0 0 0 0 9 0 1 5 2 0 0 0 
31 0 1 0 141 278 426 230 235 1 1 2 0 0 2 0 0 0 0 0 99 205 0 0 1 0 7 7 1 37 54 141 
12 0 0 0 0 8 12 0 0 0 0 1 0 0 0 0 3 0 1 4 0 0 0 0 6 0 0 6 0 11 0 0 
