0 0 0 0 0 0 0 1024 0 0 0 0 0 0 0 1024 0 0 0 0 0 0 0 1024 
0 0 0 0 0 0 0 1024 0 0 0 0 0 0 0 1024 0 0 0 0 0 0 0 1024 
0 0 0 0 0 0 3 1021 0 0 0 0 0 0 1 1023 0 0 0 0 0 0 0 1024 
0 0 0 0 0 0 0 1024 0 0 0 0 0 0 0 1024 0 0 0 0 0 0 0 1024 
0 0 0 0 0 0 0 1024 0 0 0 0 0 0 0 1024 0 0 0 0 0 0 0 1024 
0 0 0 0 0 0 0 1024 0 0 0 0 0 0 0 1024 0 0 0 0 0 0 0 1024 
0 0 0 0 0 0 0 1024 0 0 0 0 0 0 0 1024 0 0 0 0 0 0 0 1024 
0 0 0 0 0 0 0 1024 0 0 0 0 0 0 0 1024 0 0 0 0 0 0 0 1024 
0 0 0 0 0 0 0 1024 0 0 0 0 0 0 0 1024 0 0 0 0 0 0 0 1024 
0 0 0 0 0 0 0 1024 0 0 0 0 0 0 0 1024 0 0 0 0 0 0 0 1024 
0 0 0 0 0 0 0 1024 0 0 0 0 0 0 0 1024 0 0 0 0 0 0 0 1024 
0 0 0 0 0 0 0 1024 0 0 0 0 0 0 0 1024 0 0 0 0 0 0 0 1024 
0 0 0 0 0 0 0 1024 0 0 0 0 0 0 0 1024 0 0 0 0 0 0 0 1024 
0 0 0 0 0 0 0 1024 0 0 0 0 0 0 0 1024 0 0 0 0 0 0 0 1024 
0 0 0 0 0 0 0 1024 0 0 0 0 0 0 0 1024 0 0 0 0 0 0 0 1024 
0 0 0 15 61 66 5 877 0 0 0 21 84 37 6 876 0 0 0 10 55 77 6 876 
0 0 14 606 174 11 11 208 0 0 11 647 142 7 13 204 0 0 1 371 414 20 17 201 
0 0 415 598 11 0 0 0 0 0 260 756 8 0 0 0 0 0 49 814 160 1 0 0 
0 4 536 445 7 0 0 0 0 5 538 445 4 0 0 0 0 11 481 476 24 0 0 0 
0 0 0 0 0 0 0 1024 0 0 0 0 0 0 0 1024 0 0 0 0 0 0 0 1024 
0 0 0 0 0 0 0 1024 0 0 0 0 0 0 0 1024 0 0 0 0 0 0 0 1024 
0 0 0 0 0 0 0 1024 0 0 0 0 0 0 0 1024 0 0 0 0 0 0 0 1024 
0 0 0 0 0 0 0 1024 0 0 0 0 0 0 0 1024 0 0 0 0 0 0 0 1024 
0 0 0 0 0 0 0 1024 0 0 0 0 0 0 0 1024 0 0 0 0 0 0 0 1024 
0 0 0 0 0 0 0 1024 0 0 0 0 0 0 0 1024 0 0 0 0 0 0 0 1024 
0 0 0 0 0 0 0 1024 0 0 0 0 0 0 0 1024 0 0 0 0 0 0 0 1024 
0 0 0 0 0 0 0 1024 0 0 0 0 0 0 0 1024 0 0 0 0 0 0 0 1024 
0 0 0 0 0 0 0 1024 0 0 0 0 0 0 0 1024 0 0 0 0 0 0 0 1024 
0 0 0 0 0 0 0 1024 0 0 0 0 0 0 0 1024 0 0 0 0 0 0 0 1024 
0 0 0 0 0 0 0 1024 0 0 0 0 0 0 0 1024 0 0 0 0 0 0 0 1024 
0 0 0 0 0 0 0 1024 0 0 0 0 0 0 0 1024 0 0 0 0 0 0 0 1024 
0 0 0 0 0 0 0 1024 0 0 0 0 0 0 0 1024 0 0 0 0 0 0 0 1024 
0 0 0 0 0 0 0 1024 0 0 0 0 0 0 0 1024 0 0 0 0 0 0 0 1024 
0 0 0 19 18 4 6 977 0 0 1 27 11 4 6 975 0 0 0 23 15 5 6 975 
0 0 42 579 204 42 11 146 0 0 60 592 189 32 8 143 0 0 33 540 248 50 10 143 
0 0 129 866 29 0 0 0 0 0 171 842 11 0 0 0 0 0 170 820 34 0 0 0 
0 7 432 583 2 0 0 0 0 10 645 369 0 0 0 0 0 66 685 273 0 0 0 0 
0 17 667 306 2 0 0 0 0 25 830 137 0 0 0 0 0 184 791 17 0 0 0 0 
0 0 0 0 0 0 0 1024 0 0 0 0 0 0 0 1024 0 0 0 0 0 0 0 1024 
0 0 0 0 0 0 0 1024 0 0 0 0 0 0 0 1024 0 0 0 0 0 0 0 1024 
0 0 0 0 0 0 0 1024 0 0 0 0 0 0 0 1024 0 0 0 0 0 0 0 1024 
0 0 0 0 0 0 0 1024 0 0 0 0 0 0 0 1024 0 0 0 0 0 0 0 1024 
0 0 0 0 0 0 0 1024 0 0 0 0 0 0 0 1024 0 0 0 0 0 0 0 1024 
0 0 0 0 0 0 0 1024 0 0 0 0 0 0 0 1024 0 0 0 0 0 0 0 1024 
0 0 0 0 0 0 0 1024 0 0 0 0 0 0 0 1024 0 0 0 0 0 0 0 1024 
0 0 0 0 0 0 0 1024 0 0 0 0 0 0 0 1024 0 0 0 0 0 0 0 1024 
0 0 0 0 0 0 0 1024 0 0 0 0 0 0 0 1024 0 0 0 0 0 0 0 1024 
0 0 0 0 0 0 0 1024 0 0 0 0 0 0 0 1024 0 0 0 0 0 0 0 1024 
0 0 0 0 0 0 0 1024 0 0 0 0 0 0 0 1024 0 0 0 0 0 0 0 1024 
0 0 0 0 0 0 0 1024 0 0 0 0 0 0 0 1024 0 0 0 0 0 0 0 1024 
0 0 0 0 0 0 0 1024 0 0 0 0 0 0 0 1024 0 0 0 0 0 0 0 1024 
0 0 0 0 0 0 0 1024 0 0 0 0 0 0 0 1024 0 0 0 0 0 0 0 1024 
0 0 18 312 75 4 9 606 0 0 52 331 23 7 7 604 0 0 66 303 37 7 7 604 
0 0 44 860 120 0 0 0 0 0 127 871 26 0 0 0 0 2 336 660 26 0 0 0 
0 2 199 676 147 0 0 0 0 7 420 591 6 0 0 0 0 33 760 231 0 0 0 0 
0 40 835 148 1 0 0 0 0 58 889 76 1 0 0 0 1 280 731 11 1 0 0 0 
0 70 839 83 0 0 0 0 0 92 875 25 0 0 0 0 0 432 559 1 0 0 0 0 
0 0 0 0 0 0 0 1024 0 0 0 0 0 0 0 1024 0 0 0 0 0 0 0 1024 
0 0 0 0 0 0 0 1024 0 0 0 0 0 0 0 1024 0 0 0 0 0 0 0 1024 
0 0 0 0 0 0 0 1024 0 0 0 0 0 0 0 1024 0 0 0 0 0 0 0 1024 
0 0 0 0 0 0 0 1024 0 0 0 0 0 0 0 1024 0 0 0 0 0 0 0 1024 
0 0 0 0 0 0 0 1024 0 0 0 0 0 0 0 1024 0 0 0 0 0 0 0 1024 
0 0 0 0 0 0 0 1024 0 0 0 0 0 0 0 1024 0 0 0 0 0 0 0 1024 
0 0 0 0 0 0 0 1024 0 0 0 0 0 0 30 994 0 0 0 0 0 0 6 1018 
0 0 0 0 0 0 0 1024 0 0 0 0 0 0 0 1024 0 0 0 0 0 0 0 1024 
0 0 0 0 0 0 0 1024 0 0 0 0 0 0 0 1024 0 0 0 0 0 0 0 1024 
0 0 0 41 84 38 31 830 0 0 1 43 98 42 20 820 0 0 0 19 111 50 24 820 
0 0 0 31 65 173 136 619 0 0 0 35 113 215 91 570 0 0 0 8 108 234 94 580 
0 0 1 11 12 43 218 739 0 0 1 12 17 96 444 454 0 0 0 8 19 78 452 467 
0 0 30 245 76 49 86 538 0 0 27 262 76 75 99 485 0 0 13 232 113 67 111 488 
0 0 21 100 28 8 9 858 0 1 41 88 22 7 17 848 0 2 47 74 29 7 13 852 
0 0 119 739 84 6 6 70 0 4 314 619 8 6 6 67 0 35 602 303 5 6 5 68 
0 7 207 551 258 1 0 0 0 20 403 583 18 0 0 0 0 136 738 150 0 0 0 0 
0 39 430 465 90 0 0 0 0 83 579 354 8 0 0 0 0 271 705 48 0 0 0 0 
0 63 684 261 16 0 0 0 0 127 725 170 2 0 0 0 4 416 584 20 0 0 0 0 
0 152 754 85 1 0 0 0 0 260 699 33 0 0 0 0 3 656 331 2 0 0 0 0 
0 0 0 0 0 0 0 1024 0 0 0 0 0 0 3 1021 0 0 0 0 0 0 0 1024 
0 0 0 0 0 0 0 1024 0 0 0 0 0 0 1 1023 0 0 0 0 0 0 0 1024 
0 0 0 0 0 0 0 1024 0 0 0 0 0 0 0 1024 0 0 0 0 0 0 0 1024 
0 0 0 0 0 0 0 1024 0 0 0 0 0 0 10 1014 0 0 0 0 0 0 0 1024 
0 0 0 0 0 0 0 1024 0 0 0 0 0 0 6 1018 0 0 0 0 0 0 2 1022 
0 0 0 0 0 0 0 1024 0 0 0 0 0 0 156 868 0 0 0 0 0 0 120 904 
0 0 0 0 17 34 52 921 0 0 0 0 25 41 314 644 0 0 0 0 21 40 271 692 
0 0 69 213 55 118 80 489 0 0 29 258 74 139 66 458 0 0 0 262 75 149 72 466 
0 0 175 635 52 34 22 106 0 0 117 698 60 31 24 94 0 0 12 685 164 44 19 100 
0 0 101 739 128 28 9 19 0 0 94 751 135 18 7 19 0 0 23 615 335 22 10 19 
0 0 121 523 145 105 121 9 0 0 113 554 158 134 56 9 0 0 29 494 268 147 77 9 
0 0 198 566 96 81 83 0 0 0 209 568 101 112 34 0 0 0 68 651 139 114 52 0 
0 3 553 430 22 6 4 6 0 3 461 524 21 5 6 4 0 1 156 786 63 8 5 5 
0 1 401 562 40 5 5 10 0 3 585 394 23 5 5 9 0 48 614 297 47 4 4 10 
0 28 526 446 24 0 0 0 0 59 705 259 1 0 0 0 2 244 725 53 0 0 0 0 
0 69 639 292 24 0 0 0 0 139 713 168 4 0 0 0 4 450 542 28 0 0 0 0 
1 142 746 134 1 0 0 0 0 244 720 60 0 0 0 0 5 655 361 3 0 0 0 0 
0 25 682 315 2 0 0 0 0 108 781 135 0 0 0 0 1 515 504 4 0 0 0 0 
0 159 667 165 1 0 0 0 6 260 656 70 0 0 0 0 39 607 341 5 0 0 0 0 
0 5 124 54 9 8 5 819 0 9 148 32 6 7 308 514 1 31 146 14 4 7 189 632 
0 0 10 144 27 5 7 831 0 0 49 129 6 5 419 416 0 1 125 51 7 6 354 480 
0 0 122 257 33 13 12 587 0 1 139 270 8 12 227 367 0 0 158 249 11 11 156 439 
0 0 74 266 99 8 20 557 0 0 62 371 8 10 426 147 0 0 136 295 9 12 346 226 
0 0 0 301 65 13 136 509 0 0 27 329 13 57 497 101 0 0 165 192 12 50 457 148 
0 0 26 439 77 10 61 411 0 0 74 454 16 17 444 19 0 0 131 390 21 14 428 40 
0 0 188 550 191 23 66 6 0 0 255 616 63 38 52 0 0 0 155 702 72 30 65 0 
0 0 262 683 79 0 0 0 0 0 275 735 14 0 0 0 0 0 138 861 24 1 0 0 
0 0 156 681 182 2 2 1 0 1 258 751 10 3 1 0 0 1 207 802 10 3 0 1 
0 0 154 687 170 8 1 4 0 0 245 750 18 7 0 4 0 0 251 732 30 7 0 4 
0 0 210 672 135 7 0 0 0 0 330 653 40 1 0 0 0 0 366 608 49 1 0 0 
0 0 277 494 253 0 0 0 0 0 369 652 3 0 0 0 0 3 578 443 0 0 0 0 
0 1 208 587 228 0 0 0 0 12 384 621 7 0 0 0 0 87 642 295 0 0 0 0 
0 5 312 647 60 0 0 0 0 17 606 395 6 0 0 0 0 169 808 47 0 0 0 0 
0 15 433 536 40 0 0 0 0 63 673 286 2 0 0 0 3 322 672 27 0 0 0 0 
0 99 684 221 20 0 0 0 2 201 719 98 4 0 0 0 16 614 359 35 0 0 0 0 
0 143 690 191 0 0 0 0 0 207 759 58 0 0 0 0 21 644 358 1 0 0 0 0 
1 153 665 203 2 0 0 0 3 269 696 56 0 0 0 0 20 659 342 3 0 0 0 0 
1 110 642 236 3 0 0 0 2 265 642 83 0 0 0 0 33 612 345 2 0 0 0 0 
54 447 413 110 0 0 0 0 77 428 443 76 0 0 0 0 296 344 376 8 0 0 0 0 
19 277 239 480 9 0 0 0 33 278 364 349 0 0 0 0 172 268 531 53 0 0 0 0 
0 13 102 813 96 0 0 0 0 18 276 730 0 0 0 0 7 49 857 111 0 0 0 0 
0 0 117 797 110 0 0 0 0 3 312 709 0 0 0 0 0 16 863 145 0 0 0 0 
0 0 86 827 111 0 0 0 0 0 269 755 0 0 0 0 0 8 836 180 0 0 0 0 
0 0 78 727 219 0 0 0 0 0 221 803 0 0 0 0 0 6 751 267 0 0 0 0 
0 0 172 552 300 0 0 0 0 2 340 670 12 0 0 0 0 8 753 255 8 0 0 0 
0 0 17 424 583 0 0 0 0 0 105 919 0 0 0 0 0 0 702 322 0 0 0 0 
0 0 54 419 551 0 0 0 0 0 164 853 7 0 0 0 0 5 747 272 0 0 0 0 
0 0 40 441 539 4 0 0 0 0 181 806 37 0 0 0 0 2 758 264 0 0 0 0 
0 6 104 630 284 0 0 0 0 23 254 738 9 0 0 0 0 58 745 221 0 0 0 0 
0 2 199 557 265 1 0 0 0 17 402 576 29 0 0 0 0 115 765 144 0 0 0 0 
0 23 290 567 144 0 0 0 0 60 511 437 16 0 0 0 4 207 744 69 0 0 0 0 
0 38 373 455 157 1 0 0 0 110 538 360 16 0 0 0 5 333 619 67 0 0 0 0 
0 86 654 268 16 0 0 0 0 196 700 126 2 0 0 0 15 559 437 13 0 0 0 0 
0 14 645 365 0 0 0 0 0 86 841 97 0 0 0 0 6 553 465 0 0 0 0 0 
7 179 745 93 0 0 0 0 13 301 673 37 0 0 0 0 42 715 265 2 0 0 0 0 
2 378 614 30 0 0 0 0 5 487 518 14 0 0 0 0 70 792 162 0 0 0 0 0 
10 543 396 43 0 0 0 0 23 623 315 31 0 0 0 0 143 718 122 9 0 0 0 0 
67 815 142 0 0 0 0 0 101 843 80 0 0 0 0 0 600 421 3 0 0 0 0 0 
204 731 89 0 0 0 0 0 272 685 67 0 0 0 0 0 696 328 0 0 0 0 0 0 
205 572 231 15 1 0 0 0 231 593 193 7 0 0 0 0 491 501 32 0 0 0 0 0 
0 140 512 348 24 0 0 0 0 179 619 226 0 0 0 0 42 372 597 13 0 0 0 0 
0 62 476 430 56 0 0 0 0 106 616 302 0 0 0 0 16 282 694 32 0 0 0 0 
0 52 609 330 33 0 0 0 0 73 727 224 0 0 0 0 14 198 780 32 0 0 0 0 
0 18 683 289 34 0 0 0 0 28 817 179 0 0 0 0 3 126 874 21 0 0 0 0 
1 147 480 328 68 0 0 0 2 202 572 247 1 0 0 0 27 374 586 37 0 0 0 0 
0 90 298 443 193 0 0 0 1 109 438 476 0 0 0 0 18 149 771 86 0 0 0 0 
0 0 228 601 195 0 0 0 0 10 494 511 9 0 0 0 0 71 815 138 0 0 0 0 
0 17 381 534 92 0 0 0 0 60 632 320 12 0 0 0 0 206 733 85 0 0 0 0 
0 3 143 757 121 0 0 0 0 18 478 522 6 0 0 0 2 175 813 34 0 0 0 0 
0 32 361 559 72 0 0 0 0 98 584 335 7 0 0 0 15 356 621 32 0 0 0 0 
0 55 448 514 7 0 0 0 0 149 688 187 0 0 0 0 21 405 590 8 0 0 0 0 
0 59 652 306 7 0 0 0 2 185 732 105 0 0 0 0 17 646 356 5 0 0 0 0 
0 62 699 259 4 0 0 0 1 144 792 87 0 0 0 0 27 633 358 6 0 0 0 0 
2 388 538 95 1 0 0 0 9 496 488 30 1 0 0 0 101 710 211 2 0 0 0 0 
25 468 504 26 1 0 0 0 29 591 389 14 1 0 0 0 134 780 105 5 0 0 0 0 
7 389 578 18 0 0 0 0 10 476 501 5 0 0 0 0 95 831 66 0 0 0 0 0 
42 904 78 0 0 0 0 0 133 855 36 0 0 0 0 0 690 333 1 0 0 0 0 0 
268 607 146 3 0 0 0 0 329 634 61 0 0 0 0 0 677 342 5 0 0 0 0 0 
667 340 17 0 0 0 0 0 726 292 6 0 0 0 0 0 938 83 3 0 0 0 0 0 
36 604 368 16 0 0 0 0 43 689 285 7 0 0 0 0 341 656 27 0 0 0 0 0 
8 273 595 134 14 0 0 0 30 421 484 83 6 0 0 0 221 689 112 2 0 0 0 0 
1 251 693 78 1 0 0 0 6 362 632 24 0 0 0 0 107 841 76 0 0 0 0 0 
2 229 658 127 8 0 0 0 7 352 605 58 2 0 0 0 112 728 180 4 0 0 0 0 
8 372 615 29 0 0 0 0 13 501 495 15 0 0 0 0 117 832 75 0 0 0 0 0 
5 336 563 105 12 1 2 0 13 396 533 70 9 3 0 0 88 696 219 18 0 3 0 0 
5 436 509 74 0 0 0 0 9 500 478 37 0 0 0 0 82 762 180 0 0 0 0 0 
0 208 423 366 27 0 0 0 5 280 586 152 1 0 0 0 74 531 412 7 0 0 0 0 
0 76 473 456 19 0 0 0 1 127 709 186 1 0 0 0 27 534 455 8 0 0 0 0 
0 8 673 338 5 0 0 0 0 78 838 107 1 0 0 0 3 678 340 3 0 0 0 0 
0 54 755 215 0 0 0 0 4 149 822 49 0 0 0 0 33 767 224 0 0 0 0 0 
0 126 740 158 0 0 0 0 2 247 733 42 0 0 0 0 77 743 204 0 0 0 0 0 
0 145 718 161 0 0 0 0 0 273 710 41 0 0 0 0 76 748 200 0 0 0 0 0 
0 129 756 138 1 0 0 0 1 229 723 71 0 0 0 0 38 840 145 1 0 0 0 0 
0 75 820 129 0 0 0 0 0 111 855 58 0 0 0 0 23 871 130 0 0 0 0 0 
0 32 871 89 0 0 0 0 0 98 870 24 0 0 0 0 14 837 141 0 0 0 0 0 
170 828 26 0 0 0 0 0 334 685 5 0 0 0 0 0 827 197 0 0 0 0 0 0 
12 666 330 14 1 1 0 0 68 757 192 6 1 0 0 0 422 578 23 0 1 0 0 0 
171 521 315 16 1 0 0 0 213 565 233 13 0 0 0 0 496 500 27 1 0 0 0 0 
109 623 280 12 0 0 0 0 142 680 193 9 0 0 0 0 453 559 12 0 0 0 0 0 
16 423 531 52 2 0 0 0 28 551 415 30 0 0 0 0 260 690 71 3 0 0 0 0 
17 420 526 50 7 2 1 1 46 531 411 28 4 3 1 0 223 709 80 6 2 4 0 0 
24 713 279 8 0 0 0 0 85 783 152 4 0 0 0 0 362 642 20 0 0 0 0 0 
0 529 488 7 0 0 0 0 6 735 279 4 0 0 0 0 144 867 13 0 0 0 0 0 
1 601 404 18 0 0 0 0 4 678 331 11 0 0 0 0 132 829 62 1 0 0 0 0 
11 672 340 1 0 0 0 0 27 759 238 0 0 0 0 0 217 783 24 0 0 0 0 0 
12 566 388 50 8 0 0 0 32 647 312 29 4 0 0 0 234 704 76 10 0 0 0 0 
20 476 513 15 0 0 0 0 38 521 456 9 0 0 0 0 201 775 48 0 0 0 0 0 
65 546 410 3 0 0 0 0 84 556 381 3 0 0 0 0 285 715 24 0 0 0 0 0 
104 546 341 33 0 0 0 0 141 576 289 18 0 0 0 0 387 585 52 0 0 0 0 0 
51 462 499 12 0 0 0 0 79 543 399 3 0 0 0 0 316 685 23 0 0 0 0 0 
10 443 529 42 0 0 0 0 41 556 408 19 0 0 0 0 250 730 44 0 0 0 0 0 
5 217 653 145 4 0 0 0 4 323 623 73 1 0 0 0 96 798 124 6 0 0 0 0 
0 178 793 53 0 0 0 0 0 264 735 25 0 0 0 0 58 891 75 0 0 0 0 0 
0 208 678 106 0 0 0 0 5 295 643 49 0 0 0 0 88 778 126 0 0 0 0 0 
638 385 1 0 0 0 0 0 713 310 1 0 0 0 0 0 983 40 1 0 0 0 0 0 
92 838 93 1 0 0 0 0 139 841 43 1 0 0 0 0 681 338 5 0 0 0 0 0 
22 669 329 4 0 0 0 0 63 736 222 3 0 0 0 0 447 569 8 0 0 0 0 0 
43 659 305 17 0 0 0 0 150 625 242 7 0 0 0 0 484 520 20 0 0 0 0 0 
388 512 116 6 0 1 1 0 488 466 65 3 1 0 1 0 716 288 17 1 1 1 0 0 
238 694 91 1 0 0 0 0 401 576 46 1 0 0 0 0 725 296 3 0 0 0 0 0 
41 534 446 3 0 0 0 0 109 693 222 0 0 0 0 0 333 678 13 0 0 0 0 0 
13 453 548 10 0 0 0 0 44 646 331 3 0 0 0 0 194 806 24 0 0 0 0 0 
10 738 274 2 0 0 0 0 56 809 158 1 0 0 0 0 291 720 13 0 0 0 0 0 
0 316 621 86 1 0 0 0 1 407 555 61 0 0 0 0 112 791 120 1 0 0 0 0 
0 303 574 142 5 0 0 0 9 484 447 84 0 0 0 0 140 767 117 0 0 0 0 0 
9 715 299 1 0 0 0 0 38 791 193 2 0 0 0 0 330 691 3 0 0 0 0 0 
25 527 465 7 0 0 0 0 43 551 423 7 0 0 0 0 274 722 28 0 0 0 0 0 
123 616 281 4 0 0 0 0 146 604 272 2 0 0 0 0 426 592 6 0 0 0 0 0 
48 799 177 0 0 0 0 0 82 760 182 0 0 0 0 0 434 588 2 0 0 0 0 0 
10 705 308 1 0 0 0 0 25 694 304 1 0 0 0 0 335 686 3 0 0 0 0 0 
2 423 557 42 0 0 0 0 5 554 433 32 0 0 0 0 200 779 45 0 0 0 0 0 
18 483 474 48 1 0 0 0 34 598 364 28 0 0 0 0 287 657 76 4 0 0 0 0 
6 370 531 84 1 0 0 0 17 465 460 50 0 0 0 0 172 702 118 0 0 0 0 0 
572 449 3 0 0 0 0 0 535 486 3 0 0 0 0 0 908 116 0 0 0 0 0 0 
112 891 21 0 0 0 0 0 132 850 42 0 0 0 0 0 735 288 1 0 0 0 0 0 
22 595 402 5 0 0 0 0 34 718 272 0 0 0 0 0 358 655 11 0 0 0 0 0 
17 517 457 33 0 0 0 0 33 520 440 31 0 0 0 0 321 675 28 0 0 0 0 0 
189 369 387 67 12 0 0 0 252 319 376 74 3 0 0 0 427 510 77 9 1 0 0 0 
30 440 513 41 0 0 0 0 52 471 471 30 0 0 0 0 287 712 24 1 0 0 0 0 
0 195 717 112 0 0 0 0 2 390 596 36 0 0 0 0 119 780 124 1 0 0 0 0 
5 349 649 21 0 0 0 0 9 549 465 1 0 0 0 0 147 835 41 1 0 0 0 0 
1 495 492 36 0 0 0 0 36 654 325 9 0 0 0 0 287 679 58 0 0 0 0 0 
0 194 788 42 0 0 0 0 2 460 549 13 0 0 0 0 73 889 62 0 0 0 0 0 
13 285 471 229 26 0 0 0 58 373 436 147 10 0 0 0 183 597 229 14 1 0 0 0 
6 273 589 146 10 0 0 0 15 358 561 88 2 0 0 0 153 768 102 1 0 0 0 0 
4 159 608 248 5 0 0 0 6 269 651 97 1 0 0 0 90 711 222 1 0 0 0 0 
0 182 638 202 2 0 0 0 3 233 687 101 0 0 0 0 104 741 179 0 0 0 0 0 
3 442 567 12 0 0 0 0 4 575 438 7 0 0 0 0 180 828 16 0 0 0 0 0 
1 283 686 54 0 0 0 0 5 423 563 33 0 0 0 0 120 841 62 1 0 0 0 0 
4 471 497 51 1 0 0 0 11 551 431 31 0 0 0 0 228 756 40 0 0 0 0 0 
6 408 571 39 0 0 0 0 22 513 469 20 0 0 0 0 182 796 46 0 0 0 0 0 
0 488 410 89 5 0 0 0 4 575 357 56 0 0 0 0 175 721 95 1 0 0 0 0 
638 353 1 0 0 0 0 0 549 442 1 0 0 0 0 0 894 98 0 0 0 0 0 0 
264 725 3 0 0 0 0 0 280 710 2 0 0 0 0 0 838 154 0 0 0 0 0 0 
22 528 390 52 0 0 0 0 34 637 298 23 0 0 0 0 366 540 85 1 0 0 0 0 
2 380 441 150 19 0 0 0 5 387 438 156 6 0 0 0 244 622 126 0 0 0 0 0 
95 338 325 222 12 0 0 0 125 322 320 223 2 0 0 0 314 497 174 7 0 0 0 0 
37 370 524 61 0 0 0 0 69 441 445 37 0 0 0 0 280 651 59 2 0 0 0 0 
0 359 595 38 0 0 0 0 7 611 360 14 0 0 0 0 193 759 40 0 0 0 0 0 
7 448 525 12 0 0 0 0 10 580 398 4 0 0 0 0 215 762 15 0 0 0 0 0 
1 202 713 76 0 0 0 0 1 399 570 22 0 0 0 0 81 812 99 0 0 0 0 0 
2 234 738 18 0 0 0 0 4 443 537 8 0 0 0 0 75 882 35 0 0 0 0 0 
12 308 550 112 8 1 1 0 37 365 507 75 7 1 0 0 168 670 140 12 1 1 0 0 
13 527 394 56 2 0 0 0 23 551 385 33 0 0 0 0 251 701 40 0 0 0 0 0 
14 284 527 163 4 0 0 0 21 359 553 57 2 0 0 0 168 650 172 2 0 0 0 0 
3 153 689 145 2 0 0 0 6 321 618 47 0 0 0 0 107 743 142 0 0 0 0 0 
3 513 462 14 0 0 0 0 15 702 266 9 0 0 0 0 259 717 16 0 0 0 0 0 
1 323 569 95 4 0 0 0 10 476 435 71 0 0 0 0 148 752 91 1 0 0 0 0 
3 299 506 166 18 0 0 0 8 408 445 129 2 0 0 0 182 671 138 1 0 0 0 0 
14 401 444 128 5 0 0 0 34 513 357 88 0 0 0 0 206 661 125 0 0 0 0 0 
0 370 515 72 4 0 0 0 1 530 387 43 0 0 0 0 109 762 89 1 0 0 0 0 
