0 11 54 689 238 0 0 32 0 16 202 759 15 0 0 32 0 15 41 876 60 0 0 32 
0 0 111 588 325 0 0 0 0 0 241 765 18 0 0 0 0 0 3 927 94 0 0 0 
0 0 35 972 17 0 0 0 0 0 78 946 0 0 0 0 0 0 0 1022 2 0 0 0 
0 0 0 1004 20 0 0 0 0 0 20 1004 0 0 0 0 0 0 0 1011 13 0 0 0 
0 0 0 804 220 0 0 0 0 0 25 988 11 0 0 0 0 0 0 991 33 0 0 0 
0 0 0 344 680 0 0 0 0 0 0 947 77 0 0 0 0 0 0 886 138 0 0 0 
0 0 0 123 708 31 27 135 0 0 0 499 333 28 24 140 0 0 0 434 377 40 25 148 
0 0 0 26 87 27 20 864 0 0 0 70 47 20 23 864 0 0 0 61 47 24 30 862 
0 0 0 0 0 0 0 1024 0 0 0 0 0 0 0 1024 0 0 0 0 0 0 0 1024 
0 0 0 0 0 0 0 1024 0 0 0 0 0 0 0 1024 0 0 0 0 0 0 0 1024 
0 0 0 0 0 0 0 1024 0 0 0 0 0 0 0 1024 0 0 0 0 0 0 0 1024 
0 0 0 0 0 0 0 1024 0 0 0 0 0 0 0 1024 0 0 0 0 0 0 0 1024 
0 0 0 0 0 0 0 1024 0 0 0 0 0 0 0 1024 0 0 0 0 0 0 0 1024 
0 0 0 0 0 0 0 1024 0 0 0 0 0 0 0 1024 0 0 0 0 0 0 0 1024 
0 0 0 0 0 0 0 1024 0 0 0 0 0 0 0 1024 0 0 0 0 0 0 0 1024 
0 0 0 0 0 0 0 1024 0 0 0 0 0 0 0 1024 0 0 0 0 0 0 0 1024 
0 0 0 0 0 0 0 1024 0 0 0 0 0 0 0 1024 0 0 0 0 0 0 0 1024 
0 0 0 0 0 0 0 1024 0 0 0 0 0 0 0 1024 0 0 0 0 0 0 0 1024 
0 0 0 0 0 0 0 1024 0 0 0 0 0 0 0 1024 0 0 0 0 0 0 0 1024 
0 0 0 0 0 0 0 1024 0 0 0 0 0 0 0 1024 0 0 0 0 0 0 0 1024 
0 0 0 0 0 0 0 1024 0 0 0 0 0 0 0 1024 0 0 0 0 0 0 0 1024 
0 0 0 0 0 0 0 1024 0 0 0 0 0 0 0 1024 0 0 0 0 0 0 0 1024 
0 0 0 0 0 0 0 1024 0 0 0 0 0 0 0 1024 0 0 0 0 0 0 0 1024 
0 0 0 0 0 0 0 1024 0 0 0 0 0 0 0 1024 0 0 0 0 0 0 0 1024 
0 0 0 0 0 0 0 1024 0 0 0 0 0 0 0 1024 0 0 0 0 0 0 0 1024 
0 0 0 0 0 0 0 1024 0 0 0 0 0 0 0 1024 0 0 0 0 0 0 0 1024 
0 0 0 0 0 0 0 1024 0 0 0 0 0 0 0 1024 0 0 0 0 0 0 0 1024 
0 0 0 0 0 0 0 1024 0 0 0 0 0 0 0 1024 0 0 0 0 0 0 0 1024 
0 0 0 0 0 0 0 1024 0 0 0 0 0 0 0 1024 0 0 0 0 0 0 0 1024 
0 0 0 0 0 0 0 1024 0 0 0 0 0 0 0 1024 0 0 0 0 0 0 0 1024 
0 0 0 0 0 0 0 1024 0 0 0 0 0 0 0 1024 0 0 0 0 0 0 0 1024 
0 0 0 0 0 0 0 1024 0 0 0 0 0 0 0 1024 0 0 0 0 0 0 0 1024 
0 0 0 0 0 0 0 1024 0 0 0 0 0 0 0 1024 0 0 0 0 0 0 0 1024 
0 0 0 0 0 0 0 1024 0 0 0 0 0 0 0 1024 0 0 0 0 0 0 0 1024 
0 0 0 0 0 0 0 1024 0 0 0 0 0 0 0 1024 0 0 0 0 0 0 0 1024 
0 0 0 0 0 0 0 1024 0 0 0 0 0 0 0 1024 0 0 0 0 0 0 0 1024 
0 0 0 0 0 0 0 1024 0 0 0 0 0 0 0 1024 0 0 0 0 0 0 0 1024 
0 0 0 0 0 0 0 1024 0 0 0 0 0 0 0 1024 0 0 0 0 0 0 0 1024 
0 0 0 0 0 0 0 1024 0 0 0 0 0 0 0 1024 0 0 0 0 0 0 0 1024 
0 0 0 0 0 0 0 1024 0 0 0 0 0 0 0 1024 0 0 0 0 0 0 0 1024 
0 0 0 0 0 0 0 1024 0 0 0 0 0 0 0 1024 0 0 0 0 0 0 0 1024 
0 0 0 0 0 0 0 1024 0 0 0 0 0 0 0 1024 0 0 0 0 0 0 0 1024 
0 0 0 0 0 0 0 1024 0 0 0 0 0 0 0 1024 0 0 0 0 0 0 0 1024 
0 0 0 0 0 0 0 1024 0 0 0 0 0 0 0 1024 0 0 0 0 0 0 0 1024 
0 0 0 0 0 0 0 1024 0 0 0 0 0 0 0 1024 0 0 0 0 0 0 0 1024 
0 0 0 0 0 0 0 1024 0 0 0 0 0 0 0 1024 0 0 0 0 0 0 0 1024 
0 0 0 0 0 0 0 1024 0 0 0 0 0 0 0 1024 0 0 0 0 0 0 0 1024 
0 0 0 0 0 0 0 1024 0 0 0 0 0 0 0 1024 0 0 0 0 0 0 0 1024 
0 0 60 605 327 0 0 32 0 0 195 754 43 0 0 32 0 0 27 849 116 0 0 32 
0 0 1 246 777 0 0 0 0 0 9 815 200 0 0 0 0 0 0 610 414 0 0 0 
0 0 18 555 451 0 0 0 0 0 62 851 111 0 0 0 0 0 0 735 289 0 0 0 
0 0 31 978 15 0 0 0 0 0 251 773 0 0 0 0 0 0 13 1011 0 0 0 0 
0 0 0 879 145 0 0 0 0 0 0 1023 1 0 0 0 0 0 0 1000 24 0 0 0 
0 0 0 578 446 0 0 0 0 0 3 990 31 0 0 0 0 0 0 955 69 0 0 0 
0 0 0 445 579 0 0 0 0 0 5 931 88 0 0 0 0 0 0 849 175 0 0 0 
0 0 0 117 669 29 29 180 0 0 4 457 322 31 24 186 0 0 0 380 385 38 27 194 
0 0 0 0 45 15 22 942 0 0 0 6 37 15 19 947 0 0 0 6 25 24 16 953 
0 0 0 0 0 0 0 1024 0 0 0 0 0 0 0 1024 0 0 0 0 0 0 0 1024 
0 0 0 0 0 0 0 1024 0 0 0 0 0 0 0 1024 0 0 0 0 0 0 0 1024 
0 0 0 0 0 0 0 1024 0 0 0 0 0 0 0 1024 0 0 0 0 0 0 0 1024 
0 0 0 0 0 0 0 1024 0 0 0 0 0 0 0 1024 0 0 0 0 0 0 0 1024 
0 0 0 0 0 0 0 1024 0 0 0 0 0 0 0 1024 0 0 0 0 0 0 0 1024 
0 0 0 0 0 0 0 1024 0 0 0 0 0 0 0 1024 0 0 0 0 0 0 0 1024 
0 0 0 0 0 0 0 1024 0 0 0 0 0 0 0 1024 0 0 0 0 0 0 0 1024 
0 0 0 0 0 0 0 1024 0 0 0 0 0 0 0 1024 0 0 0 0 0 0 0 1024 
0 0 0 0 0 0 0 1024 0 0 0 0 0 0 0 1024 0 0 0 0 0 0 0 1024 
0 0 0 0 0 0 0 1024 0 0 0 0 0 0 0 1024 0 0 0 0 0 0 0 1024 
0 0 0 0 0 0 0 1024 0 0 0 0 0 0 0 1024 0 0 0 0 0 0 0 1024 
0 0 0 0 0 0 0 1024 0 0 0 0 0 0 0 1024 0 0 0 0 0 0 0 1024 
0 0 0 0 0 0 0 1024 0 0 0 0 0 0 0 1024 0 0 0 0 0 0 0 1024 
0 0 0 0 0 0 0 1024 0 0 0 0 0 0 0 1024 0 0 0 0 0 0 0 1024 
0 0 0 0 0 0 0 1024 0 0 0 0 0 0 0 1024 0 0 0 0 0 0 0 1024 
0 0 0 0 0 0 0 1024 0 0 0 0 0 0 0 1024 0 0 0 0 0 0 0 1024 
0 0 0 0 0 0 0 1024 0 0 0 0 0 0 0 1024 0 0 0 0 0 0 0 1024 
0 0 0 0 0 0 0 1024 0 0 0 0 0 0 0 1024 0 0 0 0 0 0 0 1024 
0 0 0 0 0 0 0 1024 0 0 0 0 0 0 0 1024 0 0 0 0 0 0 0 1024 
0 0 0 0 0 0 0 1024 0 0 0 0 0 0 0 1024 0 0 0 0 0 0 0 1024 
0 0 0 0 0 0 0 1024 0 0 0 0 0 0 0 1024 0 0 0 0 0 0 0 1024 
0 0 0 0 0 0 0 1024 0 0 0 0 0 0 0 1024 0 0 0 0 0 0 0 1024 
0 0 0 0 0 0 0 1024 0 0 0 0 0 0 0 1024 0 0 0 0 0 0 0 1024 
0 0 0 0 0 0 0 1024 0 0 0 0 0 0 0 1024 0 0 0 0 0 0 0 1024 
0 0 0 0 0 0 0 1024 0 0 0 0 0 0 0 1024 0 0 0 0 0 0 0 1024 
0 0 0 0 0 0 0 1024 0 0 0 0 0 0 0 1024 0 0 0 0 0 0 0 1024 
0 0 0 0 0 0 0 1024 0 0 0 0 0 0 0 1024 0 0 0 0 0 0 0 1024 
0 0 0 0 0 0 0 1024 0 0 0 0 0 0 0 1024 0 0 0 0 0 0 0 1024 
0 0 0 0 0 0 0 1024 0 0 0 0 0 0 0 1024 0 0 0 0 0 0 0 1024 
0 0 0 0 0 0 0 1024 0 0 0 0 0 0 0 1024 0 0 0 0 0 0 0 1024 
0 0 0 0 0 0 0 1024 0 0 0 0 0 0 0 1024 0 0 0 0 0 0 0 1024 
0 0 0 0 0 0 0 1024 0 0 0 0 0 0 0 1024 0 0 0 0 0 0 0 1024 
0 0 0 0 0 0 0 1024 0 0 0 0 0 0 0 1024 0 0 0 0 0 0 0 1024 
0 0 0 0 0 0 0 1024 0 0 0 0 0 0 0 1024 0 0 0 0 0 0 0 1024 
0 0 0 0 0 0 0 1024 0 0 0 0 0 0 0 1024 0 0 0 0 0 0 0 1024 
0 0 0 0 0 0 0 1024 0 0 0 0 0 0 0 1024 0 0 0 0 0 0 0 1024 
0 0 0 0 0 0 0 1024 0 0 0 0 0 0 0 1024 0 0 0 0 0 0 0 1024 
0 0 0 0 0 0 0 1024 0 0 0 0 0 0 0 1024 0 0 0 0 0 0 0 1024 
0 0 0 0 0 0 0 1024 0 0 0 0 0 0 0 1024 0 0 0 0 0 0 0 1024 
0 0 12 168 780 32 0 32 0 0 21 478 493 0 0 32 0 0 10 482 500 0 0 32 
0 0 0 149 869 6 0 0 0 0 3 685 336 0 0 0 0 0 0 628 396 0 0 0 
0 0 34 328 662 0 0 0 0 0 96 726 202 0 0 0 0 0 8 702 314 0 0 0 
0 0 102 893 29 0 0 0 0 0 280 744 0 0 0 0 0 0 37 977 10 0 0 0 
0 0 1 918 105 0 0 0 0 0 78 946 0 0 0 0 0 0 7 991 26 0 0 0 
0 0 0 678 346 0 0 0 0 0 19 977 28 0 0 0 0 0 0 868 156 0 0 0 
0 0 0 237 787 0 0 0 0 0 0 790 234 0 0 0 0 0 0 633 391 0 0 0 
0 0 0 392 632 0 0 0 0 0 0 786 238 0 0 0 0 0 0 717 307 0 0 0 
0 0 0 8 583 53 44 336 0 0 0 155 432 51 42 344 0 0 0 122 436 69 41 356 
0 0 0 0 1 1 5 1017 0 0 0 0 1 2 4 1017 0 0 0 0 1 1 5 1017 
0 0 0 0 0 0 0 1024 0 0 0 0 0 0 0 1024 0 0 0 0 0 0 0 1024 
0 0 0 0 0 0 0 1024 0 0 0 0 0 0 0 1024 0 0 0 0 0 0 0 1024 
0 0 0 0 0 0 0 1024 0 0 0 0 0 0 0 1024 0 0 0 0 0 0 0 1024 
0 0 0 0 0 0 0 1024 0 0 0 0 0 0 0 1024 0 0 0 0 0 0 0 1024 
0 0 0 0 0 0 0 1024 0 0 0 0 0 0 0 1024 0 0 0 0 0 0 0 1024 
0 0 0 0 0 0 0 1024 0 0 0 0 0 0 0 1024 0 0 0 0 0 0 0 1024 
0 0 0 0 0 0 0 1024 0 0 0 0 0 0 0 1024 0 0 0 0 0 0 0 1024 
0 0 0 0 0 0 0 1024 0 0 0 0 0 0 0 1024 0 0 0 0 0 0 0 1024 
0 0 0 0 0 0 0 1024 0 0 0 0 0 0 0 1024 0 0 0 0 0 0 0 1024 
0 0 0 0 0 0 0 1024 0 0 0 0 0 0 0 1024 0 0 0 0 0 0 0 1024 
0 0 0 0 0 0 0 1024 0 0 0 0 0 0 0 1024 0 0 0 0 0 0 0 1024 
0 0 0 0 0 0 0 1024 0 0 0 0 0 0 0 1024 0 0 0 0 0 0 0 1024 
0 0 0 0 0 0 0 1024 0 0 0 0 0 0 0 1024 0 0 0 0 0 0 0 1024 
0 0 0 0 0 0 0 1024 0 0 0 0 0 0 0 1024 0 0 0 0 0 0 0 1024 
0 0 0 0 0 0 0 1024 0 0 0 0 0 0 0 1024 0 0 0 0 0 0 0 1024 
0 0 0 0 0 0 0 1024 0 0 0 0 0 0 0 1024 0 0 0 0 0 0 0 1024 
0 0 0 0 0 0 0 1024 0 0 0 0 0 0 0 1024 0 0 0 0 0 0 0 1024 
0 0 0 0 0 0 0 1024 0 0 0 0 0 0 0 1024 0 0 0 0 0 0 0 1024 
0 0 0 0 0 0 0 1024 0 0 0 0 0 0 0 1024 0 0 0 0 0 0 0 1024 
0 0 0 0 0 0 0 1024 0 0 0 0 0 0 0 1024 0 0 0 0 0 0 0 1024 
0 0 0 0 0 0 0 1024 0 0 0 0 0 0 0 1024 0 0 0 0 0 0 0 1024 
0 0 0 0 0 0 0 1024 0 0 0 0 0 0 0 1024 0 0 0 0 0 0 0 1024 
0 0 0 0 0 0 0 1024 0 0 0 0 0 0 0 1024 0 0 0 0 0 0 0 1024 
0 0 0 0 0 0 0 1024 0 0 0 0 0 0 0 1024 0 0 0 0 0 0 0 1024 
0 0 0 0 0 0 0 1024 0 0 0 0 0 0 0 1024 0 0 0 0 0 0 0 1024 
0 0 0 0 0 0 0 1024 0 0 0 0 0 0 0 1024 0 0 0 0 0 0 0 1024 
0 0 0 0 0 0 0 1024 0 0 0 0 0 0 0 1024 0 0 0 0 0 0 0 1024 
0 0 0 0 0 0 0 1024 0 0 0 0 0 0 0 1024 0 0 0 0 0 0 0 1024 
0 0 0 0 0 0 0 1024 0 0 0 0 0 0 0 1024 0 0 0 0 0 0 0 1024 
0 0 0 0 0 0 0 1024 0 0 0 0 0 0 0 1024 0 0 0 0 0 0 0 1024 
0 0 0 0 0 0 0 1024 0 0 0 0 0 0 0 1024 0 0 0 0 0 0 0 1024 
0 0 0 0 0 0 0 1024 0 0 0 0 0 0 0 1024 0 0 0 0 0 0 0 1024 
0 0 0 0 0 0 0 1024 0 0 0 0 0 0 0 1024 0 0 0 0 0 0 0 1024 
0 0 0 0 0 0 0 1024 0 0 0 0 0 0 0 1024 0 0 0 0 0 0 0 1024 
0 0 0 0 0 0 0 1024 0 0 0 0 0 0 0 1024 0 0 0 0 0 0 0 1024 
0 0 0 0 0 0 0 1024 0 0 0 0 0 0 0 1024 0 0 0 0 0 0 0 1024 
0 0 0 0 0 0 0 1024 0 0 0 0 0 0 0 1024 0 0 0 0 0 0 0 1024 
0 0 0 0 0 15 26 983 0 0 0 0 0 16 21 987 0 0 0 0 0 13 22 989 
0 0 22 308 659 3 0 32 0 0 32 756 204 0 0 32 0 0 26 733 233 0 0 32 
0 0 0 44 960 14 5 1 0 0 0 447 566 7 4 0 0 0 0 448 565 7 4 0 
0 0 0 190 820 14 0 0 0 0 0 530 494 0 0 0 0 0 0 575 449 0 0 0 
0 0 67 425 532 0 0 0 0 0 200 551 273 0 0 0 0 0 15 657 352 0 0 0 
0 0 59 903 62 0 0 0 0 0 239 772 13 0 0 0 0 0 48 934 42 0 0 0 
0 0 4 663 353 4 0 0 0 0 42 813 169 0 0 0 0 0 0 814 210 0 0 0 
0 0 2 235 779 8 0 0 0 0 10 389 625 0 0 0 0 0 0 370 654 0 0 0 
0 0 0 106 902 16 0 0 0 0 0 324 700 0 0 0 0 0 0 262 762 0 0 0 
0 0 0 235 789 0 0 0 0 0 0 717 307 0 0 0 0 0 0 578 446 0 0 0 
0 0 0 36 570 44 34 340 0 0 0 93 517 41 34 339 0 0 0 79 516 46 37 346 
0 0 0 0 15 12 8 989 0 0 0 0 14 12 9 989 0 0 0 0 7 15 11 991 
0 0 0 0 0 0 0 1024 0 0 0 0 0 0 0 1024 0 0 0 0 0 0 0 1024 
0 0 0 0 0 0 0 1024 0 0 0 0 0 0 0 1024 0 0 0 0 0 0 0 1024 
0 0 0 0 0 0 0 1024 0 0 0 0 0 0 0 1024 0 0 0 0 0 0 0 1024 
0 0 0 0 0 0 0 1024 0 0 0 0 0 0 0 1024 0 0 0 0 0 0 0 1024 
0 0 0 0 0 0 0 1024 0 0 0 0 0 0 0 1024 0 0 0 0 0 0 0 1024 
0 0 0 0 0 0 0 1024 0 0 0 0 0 0 0 1024 0 0 0 0 0 0 0 1024 
0 0 0 0 0 0 0 1024 0 0 0 0 0 0 0 1024 0 0 0 0 0 0 0 1024 
0 0 0 0 0 0 0 1024 0 0 0 0 0 0 0 1024 0 0 0 0 0 0 0 1024 
0 0 0 0 0 0 0 1024 0 0 0 0 0 0 0 1024 0 0 0 0 0 0 0 1024 
0 0 0 0 0 0 0 1024 0 0 0 0 0 0 0 1024 0 0 0 0 0 0 0 1024 
0 0 0 0 0 0 0 1024 0 0 0 0 0 0 0 1024 0 0 0 0 0 0 0 1024 
0 0 0 0 0 0 0 1024 0 0 0 0 0 0 0 1024 0 0 0 0 0 0 0 1024 
0 0 0 0 0 0 0 1024 0 0 0 0 0 0 0 1024 0 0 0 0 0 0 0 1024 
0 0 0 0 0 0 0 1024 0 0 0 0 0 0 0 1024 0 0 0 0 0 0 0 1024 
0 0 0 0 0 0 0 1024 0 0 0 0 0 0 0 1024 0 0 0 0 0 0 0 1024 
0 0 0 0 0 0 0 1024 0 0 0 0 0 0 0 1024 0 0 0 0 0 0 0 1024 
0 0 0 0 0 0 0 1024 0 0 0 0 0 0 0 1024 0 0 0 0 0 0 0 1024 
0 0 0 0 0 0 0 1024 0 0 0 0 0 0 0 1024 0 0 0 0 0 0 0 1024 
0 0 0 0 0 0 0 1024 0 0 0 0 0 0 0 1024 0 0 0 0 0 0 0 1024 
0 0 0 0 0 0 0 1024 0 0 0 0 0 0 0 1024 0 0 0 0 0 0 0 1024 
0 0 0 0 0 0 0 1024 0 0 0 0 0 0 0 1024 0 0 0 0 0 0 0 1024 
0 0 0 0 0 0 0 1024 0 0 0 0 0 0 0 1024 0 0 0 0 0 0 0 1024 
0 0 0 0 0 0 0 1024 0 0 0 0 0 0 0 1024 0 0 0 0 0 0 0 1024 
0 0 0 0 0 0 0 1024 0 0 0 0 0 0 0 1024 0 0 0 0 0 0 0 1024 
0 0 0 0 0 0 0 1024 0 0 0 0 0 0 0 1024 0 0 0 0 0 0 0 1024 
0 0 0 0 0 0 0 1024 0 0 0 0 0 0 0 1024 0 0 0 0 0 0 0 1024 
0 0 0 0 0 0 0 1024 0 0 0 0 0 0 0 1024 0 0 0 0 0 0 0 1024 
0 0 0 0 0 0 0 1024 0 0 0 0 0 0 0 1024 0 0 0 0 0 0 0 1024 
0 0 0 0 0 0 0 1024 0 0 0 0 0 0 0 1024 0 0 0 0 0 0 0 1024 
0 0 0 0 0 0 0 1024 0 0 0 0 0 0 0 1024 0 0 0 0 0 0 0 1024 
0 0 0 0 0 0 0 1024 0 0 0 0 0 0 0 1024 0 0 0 0 0 0 0 1024 
0 0 0 0 0 0 0 1024 0 0 0 0 0 0 0 1024 0 0 0 0 0 0 0 1024 
0 0 0 0 0 0 0 1024 0 0 0 0 0 0 0 1024 0 0 0 0 0 0 0 1024 
0 0 0 0 0 0 0 1024 0 0 0 0 0 0 0 1024 0 0 0 0 0 0 0 1024 
0 0 0 0 0 0 0 1024 0 0 0 0 0 0 0 1024 0 0 0 0 0 0 0 1024 
0 0 0 0 0 223 58 743 0 0 0 0 0 221 60 743 0 0 0 0 0 217 56 751 
0 0 0 0 0 812 68 144 0 0 0 0 18 800 58 148 0 0 0 0 334 475 56 159 
0 0 0 149 799 44 0 32 0 0 23 605 364 0 0 32 0 0 15 577 400 0 0 32 
0 0 0 282 740 2 0 0 0 0 0 763 261 0 0 0 0 0 5 768 251 0 0 0 
0 0 0 299 725 0 0 0 0 0 1 720 303 0 0 0 0 0 0 721 303 0 0 0 
0 0 0 249 775 0 0 0 0 0 0 611 413 0 0 0 0 0 0 624 400 0 0 0 
0 0 0 492 532 0 0 0 0 0 4 772 248 0 0 0 0 0 0 687 337 0 0 0 
0 0 24 992 8 0 0 0 0 0 350 674 0 0 0 0 0 0 11 999 14 0 0 0 
0 0 1 968 55 0 0 0 0 0 123 882 19 0 0 0 0 0 5 981 38 0 0 0 
0 0 0 337 687 0 0 0 0 0 0 635 389 0 0 0 0 0 0 608 416 0 0 0 
0 0 0 53 946 25 0 0 0 0 0 317 707 0 0 0 0 0 0 235 789 0 0 0 
0 0 0 80 944 0 0 0 0 0 0 261 763 0 0 0 0 0 0 199 825 0 0 0 
0 0 0 123 561 85 28 227 0 0 0 266 474 32 28 224 0 0 0 197 535 34 31 227 
0 0 0 16 345 51 37 575 0 0 0 68 301 45 43 567 0 0 0 52 306 52 43 571 
0 0 0 0 0 0 0 1024 0 0 0 0 0 0 0 1024 0 0 0 0 0 0 0 1024 
0 0 0 0 0 0 0 1024 0 0 0 0 0 0 0 1024 0 0 0 0 0 0 0 1024 
0 0 0 0 0 0 0 1024 0 0 0 0 0 0 0 1024 0 0 0 0 0 0 0 1024 
0 0 0 0 0 0 0 1024 0 0 0 0 0 0 0 1024 0 0 0 0 0 0 0 1024 
0 0 0 0 0 0 0 1024 0 0 0 0 0 0 0 1024 0 0 0 0 0 0 0 1024 
0 0 0 0 0 0 0 1024 0 0 0 0 0 0 0 1024 0 0 0 0 0 0 0 1024 
0 0 0 0 0 0 0 1024 0 0 0 0 0 0 0 1024 0 0 0 0 0 0 0 1024 
0 0 0 0 0 0 0 1024 0 0 0 0 0 0 0 1024 0 0 0 0 0 0 0 1024 
0 0 0 0 0 0 0 1024 0 0 0 0 0 0 0 1024 0 0 0 0 0 0 0 1024 
0 0 0 0 0 0 0 1024 0 0 0 0 0 0 0 1024 0 0 0 0 0 0 0 1024 
0 0 0 0 0 0 0 1024 0 0 0 0 0 0 0 1024 0 0 0 0 0 0 0 1024 
0 0 0 0 0 0 0 1024 0 0 0 0 0 0 0 1024 0 0 0 0 0 0 0 1024 
0 0 0 0 0 0 0 1024 0 0 0 0 0 0 0 1024 0 0 0 0 0 0 0 1024 
0 0 0 0 0 0 0 1024 0 0 0 0 0 0 0 1024 0 0 0 0 0 0 0 1024 
0 0 0 0 0 0 0 1024 0 0 0 0 0 0 0 1024 0 0 0 0 0 0 0 1024 
0 0 0 0 0 0 0 1024 0 0 0 0 0 0 0 1024 0 0 0 0 0 0 0 1024 
0 0 0 0 0 0 0 1024 0 0 0 0 0 0 0 1024 0 0 0 0 0 0 0 1024 
0 0 0 0 0 0 0 1024 0 0 0 0 0 0 0 1024 0 0 0 0 0 0 0 1024 
0 0 0 0 0 0 0 1024 0 0 0 0 0 0 0 1024 0 0 0 0 0 0 0 1024 
0 0 0 0 0 0 0 1024 0 0 0 0 0 0 0 1024 0 0 0 0 0 0 0 1024 
0 0 0 0 0 0 0 1024 0 0 0 0 0 0 0 1024 0 0 0 0 0 0 0 1024 
0 0 0 0 0 0 0 1024 0 0 0 0 0 0 0 1024 0 0 0 0 0 0 0 1024 
0 0 0 0 0 0 0 1024 0 0 0 0 0 0 0 1024 0 0 0 0 0 0 0 1024 
0 0 0 0 0 0 0 1024 0 0 0 0 0 0 0 1024 0 0 0 0 0 0 0 1024 
0 0 0 0 0 0 0 1024 0 0 0 0 0 0 0 1024 0 0 0 0 0 0 0 1024 
0 0 0 0 0 0 0 1024 0 0 0 0 0 0 0 1024 0 0 0 0 0 0 0 1024 
0 0 0 0 0 0 0 1024 0 0 0 0 0 0 0 1024 0 0 0 0 0 0 0 1024 
0 0 0 0 0 0 0 1024 0 0 0 0 0 0 0 1024 0 0 0 0 0 0 0 1024 
0 0 0 0 0 0 0 1024 0 0 0 0 0 0 0 1024 0 0 0 0 0 0 0 1024 
0 0 0 0 38 47 29 910 0 0 0 0 4 78 27 915 0 0 0 0 0 77 27 920 
0 0 0 0 147 109 39 729 0 0 0 0 43 214 41 726 0 0 0 0 0 245 41 738 
0 0 0 0 92 76 48 808 0 0 0 0 65 105 47 807 0 0 0 0 1 160 53 810 
0 0 0 0 53 314 70 587 0 0 0 0 36 321 66 601 0 0 0 0 6 335 67 616 
0 0 0 17 98 590 75 244 0 0 0 46 127 546 60 245 0 0 0 49 219 445 67 244 
0 0 37 244 86 646 10 1 0 0 112 201 96 606 8 1 0 0 93 225 280 417 8 1 
0 0 5 190 335 494 0 0 0 0 21 259 357 387 0 0 0 0 22 302 540 160 0 0 
0 0 1 31 894 66 0 32 0 0 3 299 689 1 0 32 0 0 3 280 709 0 0 32 
0 0 11 255 706 52 0 0 0 0 39 663 322 0 0 0 0 0 29 721 274 0 0 0 
0 0 47 530 447 0 0 0 0 0 140 802 82 0 0 0 0 0 64 825 135 0 0 0 
0 0 0 136 888 0 0 0 0 0 2 569 453 0 0 0 0 0 0 515 509 0 0 0 
0 0 0 93 931 0 0 0 0 0 5 416 603 0 0 0 0 0 0 387 637 0 0 0 
0 0 0 392 632 0 0 0 0 0 10 628 386 0 0 0 0 0 0 581 443 0 0 0 
0 0 1 927 95 1 0 0 0 0 124 873 27 0 0 0 0 0 0 1000 24 0 0 0 
0 0 12 424 549 39 0 0 0 0 129 447 448 0 0 0 0 0 6 576 442 0 0 0 
0 0 0 72 937 15 0 0 0 0 0 470 554 0 0 0 0 0 0 327 697 0 0 0 
0 0 0 501 523 0 0 0 0 0 1 832 191 0 0 0 0 0 0 718 306 0 0 0 
0 0 0 347 677 0 0 0 0 0 0 684 340 0 0 0 0 0 0 516 508 0 0 0 
0 0 0 119 814 37 15 39 0 0 0 236 709 23 16 40 0 0 0 179 750 33 16 46 
0 0 0 0 306 43 25 650 0 0 0 16 306 30 25 647 0 0 0 8 308 34 25 649 
0 0 0 0 24 17 9 974 0 0 0 0 25 13 10 976 0 0 0 0 23 15 9 977 
0 0 0 0 0 0 0 1024 0 0 0 0 0 0 0 1024 0 0 0 0 0 0 0 1024 
0 0 0 0 0 0 0 1024 0 0 0 0 0 0 0 1024 0 0 0 0 0 0 0 1024 
0 0 0 0 0 0 0 1024 0 0 0 0 0 0 0 1024 0 0 0 0 0 0 0 1024 
0 0 0 0 0 0 0 1024 0 0 0 0 0 0 0 1024 0 0 0 0 0 0 0 1024 
0 0 0 0 0 0 0 1024 0 0 0 0 0 0 0 1024 0 0 0 0 0 0 0 1024 
0 0 0 0 0 0 0 1024 0 0 0 0 0 0 0 1024 0 0 0 0 0 0 0 1024 
0 0 0 0 0 0 0 1024 0 0 0 0 0 0 0 1024 0 0 0 0 0 0 0 1024 
0 0 0 0 0 0 0 1024 0 0 0 0 0 0 0 1024 0 0 0 0 0 0 0 1024 
0 0 0 0 0 0 0 1024 0 0 0 0 0 0 0 1024 0 0 0 0 0 0 0 1024 
0 0 0 0 0 0 0 1024 0 0 0 0 0 0 0 1024 0 0 0 0 0 0 0 1024 
0 0 0 0 0 0 0 1024 0 0 0 0 0 0 0 1024 0 0 0 0 0 0 0 1024 
0 0 0 0 0 0 0 1024 0 0 0 0 0 0 0 1024 0 0 0 0 0 0 0 1024 
0 0 0 0 0 0 0 1024 0 0 0 0 0 0 0 1024 0 0 0 0 0 0 0 1024 
0 0 0 0 0 0 0 1024 0 0 0 0 0 0 0 1024 0 0 0 0 0 0 0 1024 
0 0 0 0 0 0 0 1024 0 0 0 0 0 0 0 1024 0 0 0 0 0 0 0 1024 
0 0 0 0 0 0 0 1024 0 0 0 0 0 0 0 1024 0 0 0 0 0 0 0 1024 
0 0 0 0 0 0 0 1024 0 0 0 0 0 0 0 1024 0 0 0 0 0 0 0 1024 
0 0 0 0 0 0 0 1024 0 0 0 0 0 0 0 1024 0 0 0 0 0 0 0 1024 
0 0 0 0 0 0 0 1024 0 0 0 0 0 0 0 1024 0 0 0 0 0 0 0 1024 
0 0 0 0 0 0 0 1024 0 0 0 0 0 0 0 1024 0 0 0 0 0 0 0 1024 
0 0 0 0 0 0 0 1024 0 0 0 0 0 0 0 1024 0 0 0 0 0 0 0 1024 
0 0 0 0 1 41 24 958 0 0 0 0 0 38 27 959 0 0 0 0 0 29 27 968 
0 0 0 0 37 291 46 650 0 0 0 0 1 323 48 652 0 0 0 0 0 302 63 659 
0 0 0 0 192 394 54 384 0 0 0 0 2 583 49 390 0 0 0 0 0 572 53 399 
0 0 0 0 46 699 43 236 0 0 0 0 3 740 43 238 0 0 0 0 0 733 40 251 
0 0 0 0 92 572 34 326 0 0 0 0 13 658 33 320 0 0 0 0 2 666 32 324 
0 0 0 0 314 135 63 512 0 0 0 0 103 338 61 522 0 0 0 0 0 424 62 538 
0 0 0 0 801 146 29 48 0 0 0 0 190 749 29 56 0 0 0 0 0 921 38 65 
0 0 0 0 899 125 0 0 0 0 0 0 530 494 0 0 0 0 0 0 0 1024 0 0 
0 0 0 54 859 111 0 0 0 0 0 85 830 109 0 0 0 0 0 59 376 589 0 0 
0 0 2 327 272 414 9 0 0 0 15 407 299 303 0 0 0 0 10 417 345 252 0 0 
0 0 0 376 470 178 0 0 0 0 11 519 428 66 0 0 0 0 11 579 410 24 0 0 
0 0 48 382 327 267 0 0 0 0 138 352 369 165 0 0 0 0 73 430 441 80 0 0 
0 0 96 608 263 57 0 0 0 0 196 627 180 21 0 0 0 0 152 726 141 5 0 0 
0 0 2 45 822 123 0 32 0 0 14 287 691 0 0 32 0 0 10 299 683 0 0 32 
0 0 13 219 690 102 0 0 0 0 65 533 426 0 0 0 0 0 45 547 432 0 0 0 
0 0 250 646 128 0 0 0 0 0 468 526 30 0 0 0 0 0 344 652 28 0 0 0 
0 0 0 113 848 63 0 0 0 0 0 578 439 7 0 0 0 0 0 529 493 2 0 0 
0 0 8 165 848 3 0 0 0 0 42 594 388 0 0 0 0 0 39 594 391 0 0 0 
0 0 0 126 897 1 0 0 0 0 3 503 518 0 0 0 0 0 0 441 583 0 0 0 
0 0 0 737 287 0 0 0 0 0 6 840 178 0 0 0 0 0 0 821 203 0 0 0 
0 0 0 433 581 10 0 0 0 0 57 601 366 0 0 0 0 0 2 583 439 0 0 0 
0 0 0 35 929 60 0 0 0 0 0 438 582 4 0 0 0 0 0 299 723 2 0 0 
0 0 0 352 628 44 0 0 0 0 0 749 274 1 0 0 0 0 0 639 383 2 0 0 
0 0 0 252 772 0 0 0 0 0 0 741 283 0 0 0 0 0 0 516 508 0 0 0 
0 0 0 46 978 0 0 0 0 0 0 218 806 0 0 0 0 0 0 97 927 0 0 0 
0 0 0 20 991 13 0 0 0 0 0 135 889 0 0 0 0 0 0 93 931 0 0 0 
0 0 0 25 717 56 28 198 0 0 0 81 682 37 26 198 0 0 0 38 718 42 25 201 
0 0 0 0 152 55 28 789 0 0 0 1 175 34 25 789 0 0 0 0 169 37 27 791 
0 0 0 0 0 0 0 1024 0 0 0 0 0 0 0 1024 0 0 0 0 0 0 0 1024 
0 0 0 0 0 0 0 1024 0 0 0 0 0 0 0 1024 0 0 0 0 0 0 0 1024 
0 0 0 0 0 0 0 1024 0 0 0 0 0 0 0 1024 0 0 0 0 0 0 0 1024 
0 0 0 0 0 0 0 1024 0 0 0 0 0 0 0 1024 0 0 0 0 0 0 0 1024 
0 0 0 0 0 0 0 1024 0 0 0 0 0 0 0 1024 0 0 0 0 0 0 0 1024 
0 0 0 0 0 0 0 1024 0 0 0 0 0 0 0 1024 0 0 0 0 0 0 0 1024 
0 0 0 0 0 0 0 1024 0 0 0 0 0 0 0 1024 0 0 0 0 0 0 0 1024 
0 0 0 0 0 0 0 1024 0 0 0 0 0 0 0 1024 0 0 0 0 0 0 0 1024 
0 0 0 0 0 0 0 1024 0 0 0 0 0 0 0 1024 0 0 0 0 0 0 0 1024 
0 0 0 0 0 0 0 1024 0 0 0 0 0 0 0 1024 0 0 0 0 0 0 0 1024 
0 0 0 0 0 0 0 1024 0 0 0 0 0 0 0 1024 0 0 0 0 0 0 0 1024 
0 0 0 0 0 0 0 1024 0 0 0 0 0 0 0 1024 0 0 0 0 0 0 0 1024 
0 0 0 0 0 0 0 1024 0 0 0 0 0 0 0 1024 0 0 0 0 0 0 0 1024 
0 0 0 0 0 0 0 1024 0 0 0 0 0 0 0 1024 0 0 0 0 0 0 0 1024 
0 0 0 0 0 0 0 1024 0 0 0 0 0 0 0 1024 0 0 0 0 0 0 0 1024 
0 0 0 0 0 0 0 1024 0 0 0 0 0 0 0 1024 0 0 0 0 0 0 0 1024 
0 0 0 0 0 0 0 1024 0 0 0 0 0 0 0 1024 0 0 0 0 0 0 0 1024 
0 0 0 0 0 0 0 1024 0 0 0 0 0 0 0 1024 0 0 0 0 0 0 0 1024 
0 0 0 0 0 1 4 1019 0 0 0 0 0 0 5 1019 0 0 0 0 0 0 4 1020 
0 0 0 0 12 345 58 609 0 0 0 0 0 348 61 615 0 0 0 0 0 307 80 637 
0 0 0 0 244 705 20 55 0 0 0 0 6 940 21 57 0 0 0 0 0 935 26 63 
0 0 0 0 469 555 0 0 0 0 0 0 10 1014 0 0 0 0 0 0 0 1024 0 0 
0 0 0 0 358 666 0 0 0 0 0 0 19 1005 0 0 0 0 0 0 0 1024 0 0 
0 0 0 0 144 880 0 0 0 0 0 0 16 1008 0 0 0 0 0 0 0 1024 0 0 
0 0 0 0 203 821 0 0 0 0 0 0 32 992 0 0 0 0 0 0 0 1024 0 0 
0 0 0 0 912 112 0 0 0 0 0 0 458 566 0 0 0 0 0 0 0 1024 0 0 
0 0 0 11 582 431 0 0 0 0 0 18 212 794 0 0 0 0 0 14 72 938 0 0 
0 0 17 258 437 302 10 0 0 0 25 262 362 375 0 0 0 0 1 289 218 516 0 0 
0 0 141 736 142 5 0 0 0 0 340 593 86 5 0 0 0 0 154 749 110 11 0 0 
0 0 53 824 147 0 0 0 0 0 159 794 71 0 0 0 0 0 64 902 58 0 0 0 
0 0 0 322 639 63 0 0 0 0 2 589 412 21 0 0 0 0 1 644 379 0 0 0 
0 0 122 553 253 96 0 0 0 0 250 505 227 42 0 0 0 0 151 587 268 18 0 0 
0 0 106 361 520 37 0 0 0 0 204 382 435 3 0 0 0 0 123 559 342 0 0 0 
0 0 0 102 841 49 0 32 0 0 2 373 617 0 0 32 0 0 3 331 658 0 0 32 
0 0 0 16 944 64 0 0 0 0 0 221 803 0 0 0 0 0 0 219 805 0 0 0 
0 0 1 189 712 122 0 0 0 0 46 377 590 11 0 0 0 0 11 395 610 8 0 0 
0 0 0 68 895 61 0 0 0 0 0 438 586 0 0 0 0 0 0 532 492 0 0 0 
0 0 0 86 928 10 0 0 0 0 0 506 518 0 0 0 0 0 0 569 455 0 0 0 
0 0 3 169 775 77 0 0 0 0 25 416 583 0 0 0 0 0 4 443 577 0 0 0 
0 0 0 341 612 71 0 0 0 0 28 484 512 0 0 0 0 0 7 500 517 0 0 0 
0 0 0 250 755 19 0 0 0 0 2 588 434 0 0 0 0 0 2 473 548 1 0 0 
0 0 0 218 793 13 0 0 0 0 0 666 354 4 0 0 0 0 0 634 388 2 0 0 
0 0 0 150 846 28 0 0 0 0 0 415 604 5 0 0 0 0 0 301 718 5 0 0 
0 0 0 314 706 4 0 0 0 0 0 591 433 0 0 0 0 0 0 454 570 0 0 0 
0 0 0 65 958 1 0 0 0 0 0 182 842 0 0 0 0 0 0 120 904 0 0 0 
0 0 0 305 706 13 0 0 0 0 0 443 581 0 0 0 0 0 0 365 659 0 0 0 
0 0 0 51 940 33 0 0 0 0 0 164 858 2 0 0 0 0 0 56 966 2 0 0 
0 0 0 4 774 113 29 104 0 0 0 27 790 71 28 108 0 0 0 13 797 77 27 110 
0 0 0 0 0 5 4 1015 0 0 0 0 0 5 4 1015 0 0 0 0 0 3 6 1015 
0 0 0 0 0 0 0 1024 0 0 0 0 0 0 0 1024 0 0 0 0 0 0 0 1024 
0 0 0 0 0 0 0 1024 0 0 0 0 0 0 0 1024 0 0 0 0 0 0 0 1024 
0 0 0 0 0 0 0 1024 0 0 0 0 0 0 0 1024 0 0 0 0 0 0 0 1024 
0 0 0 0 0 0 0 1024 0 0 0 0 0 0 0 1024 0 0 0 0 0 0 0 1024 
0 0 0 0 0 0 0 1024 0 0 0 0 0 0 0 1024 0 0 0 0 0 0 0 1024 
0 0 0 0 0 0 0 1024 0 0 0 0 0 0 0 1024 0 0 0 0 0 0 0 1024 
0 0 0 0 0 0 0 1024 0 0 0 0 0 0 0 1024 0 0 0 0 0 0 0 1024 
0 0 0 0 0 0 0 1024 0 0 0 0 0 0 0 1024 0 0 0 0 0 0 0 1024 
0 0 0 0 0 0 0 1024 0 0 0 0 0 0 0 1024 0 0 0 0 0 0 0 1024 
0 0 0 0 0 0 0 1024 0 0 0 0 0 0 0 1024 0 0 0 0 0 0 0 1024 
0 0 0 0 0 0 0 1024 0 0 0 0 0 0 0 1024 0 0 0 0 0 0 0 1024 
0 0 0 0 0 0 0 1024 0 0 0 0 0 0 0 1024 0 0 0 0 0 0 0 1024 
0 0 0 0 0 0 0 1024 0 0 0 0 0 0 0 1024 0 0 0 0 0 0 0 1024 
0 0 0 0 0 0 0 1024 0 0 0 0 0 0 0 1024 0 0 0 0 0 0 0 1024 
0 0 0 0 0 0 0 1024 0 0 0 0 0 0 0 1024 0 0 0 0 0 0 0 1024 
0 0 0 0 0 0 0 1024 0 0 0 0 0 0 0 1024 0 0 0 0 0 0 0 1024 
0 0 0 0 4 108 37 875 0 0 0 0 0 108 39 877 0 0 0 0 0 85 49 890 
0 0 0 0 25 684 55 260 0 0 0 0 1 696 52 275 0 0 0 0 0 680 57 287 
0 0 0 0 273 751 0 0 0 0 0 0 46 978 0 0 0 0 0 0 0 1024 0 0 
0 0 0 0 292 732 0 0 0 0 0 0 22 1002 0 0 0 0 0 0 0 1024 0 0 
0 0 0 0 250 774 0 0 0 0 0 0 56 968 0 0 0 0 0 0 0 1024 0 0 
0 0 0 0 296 728 0 0 0 0 0 0 101 923 0 0 0 0 0 0 0 1024 0 0 
0 0 0 0 237 787 0 0 0 0 0 0 102 922 0 0 0 0 0 0 0 1024 0 0 
0 0 0 0 134 890 0 0 0 0 0 0 34 990 0 0 0 0 0 0 0 1024 0 0 
0 0 0 47 360 617 0 0 0 0 0 56 181 787 0 0 0 0 0 32 94 898 0 0 
0 0 58 708 194 64 0 0 0 0 148 629 133 114 0 0 0 0 17 714 132 161 0 0 
0 0 372 648 4 0 0 0 0 0 659 364 1 0 0 0 0 0 301 721 2 0 0 0 
0 0 254 618 152 0 0 0 0 0 391 557 76 0 0 0 0 0 276 671 77 0 0 0 
0 0 158 801 65 0 0 0 0 0 358 631 35 0 0 0 0 0 199 800 25 0 0 0 
0 0 74 840 94 16 0 0 0 0 210 752 62 0 0 0 0 0 109 872 43 0 0 0 
0 2 239 356 386 41 0 0 0 2 346 323 340 13 0 0 0 2 297 386 339 0 0 0 
0 0 116 825 54 29 0 0 0 0 294 653 60 17 0 0 0 0 194 760 65 5 0 0 
0 4 11 123 854 0 0 32 0 4 17 445 526 0 0 32 0 1 15 358 618 0 0 32 
0 0 0 189 832 3 0 0 0 0 16 482 526 0 0 0 0 0 14 451 559 0 0 0 
0 0 0 13 749 262 0 0 0 0 0 186 836 2 0 0 0 0 0 135 884 5 0 0 
0 0 0 16 484 524 0 0 0 0 0 70 934 20 0 0 0 0 0 59 952 13 0 0 
0 0 0 33 499 492 0 0 0 0 0 85 828 111 0 0 0 0 0 99 868 57 0 0 
0 0 0 11 756 257 0 0 0 0 0 90 872 62 0 0 0 0 0 97 914 13 0 0 
0 0 0 13 919 92 0 0 0 0 0 137 873 14 0 0 0 0 0 124 891 9 0 0 
0 0 0 0 663 361 0 0 0 0 0 21 889 114 0 0 0 0 0 16 930 78 0 0 
0 0 0 32 424 568 0 0 0 0 0 83 613 328 0 0 0 0 0 81 765 178 0 0 
0 0 0 450 489 85 0 0 0 0 0 626 383 15 0 0 0 0 0 627 392 5 0 0 
0 0 0 74 709 228 13 0 0 0 0 243 648 133 0 0 0 0 0 195 712 117 0 0 
0 0 0 25 691 265 43 0 0 0 0 72 748 204 0 0 0 0 0 65 798 161 0 0 
0 0 0 8 890 126 0 0 0 0 0 45 957 22 0 0 0 0 0 40 961 23 0 0 
0 0 0 5 942 77 0 0 0 0 0 36 987 1 0 0 0 0 0 30 994 0 0 0 
0 0 0 130 851 43 0 0 0 0 0 315 709 0 0 0 0 0 0 200 821 3 0 0 
0 0 0 0 80 120 27 797 0 0 0 0 145 55 28 796 0 0 0 0 111 84 30 799 
0 0 0 0 0 0 0 1024 0 0 0 0 0 0 0 1024 0 0 0 0 0 0 0 1024 
0 0 0 0 0 0 0 1024 0 0 0 0 0 0 0 1024 0 0 0 0 0 0 0 1024 
0 0 0 0 0 0 0 1024 0 0 0 0 0 0 0 1024 0 0 0 0 0 0 0 1024 
0 0 0 0 0 0 0 1024 0 0 0 0 0 0 0 1024 0 0 0 0 0 0 0 1024 
0 0 0 0 0 0 0 1024 0 0 0 0 0 0 0 1024 0 0 0 0 0 0 0 1024 
0 0 0 0 0 0 0 1024 0 0 0 0 0 0 0 1024 0 0 0 0 0 0 0 1024 
0 0 0 0 0 0 0 1024 0 0 0 0 0 0 0 1024 0 0 0 0 0 0 0 1024 
0 0 0 0 0 0 0 1024 0 0 0 0 0 0 0 1024 0 0 0 0 0 0 0 1024 
0 0 0 0 0 0 0 1024 0 0 0 0 0 0 0 1024 0 0 0 0 0 0 0 1024 
0 0 0 0 0 0 0 1024 0 0 0 0 0 0 0 1024 0 0 0 0 0 0 0 1024 
0 0 0 0 0 0 0 1024 0 0 0 0 0 0 0 1024 0 0 0 0 0 0 0 1024 
0 0 0 0 0 0 0 1024 0 0 0 0 0 0 0 1024 0 0 0 0 0 0 0 1024 
0 0 0 0 0 0 0 1024 0 0 0 0 0 0 0 1024 0 0 0 0 0 0 0 1024 
0 0 0 0 0 0 0 1024 0 0 0 0 0 0 0 1024 0 0 0 0 0 0 0 1024 
0 0 0 0 0 5 5 1014 0 0 0 0 0 5 5 1014 0 0 0 0 0 2 6 1016 
0 0 0 0 1 403 54 566 0 0 0 0 0 397 54 573 0 0 0 0 0 344 93 587 
0 0 0 0 58 894 16 56 0 0 0 0 8 942 17 57 0 0 0 0 0 939 23 62 
0 0 0 0 177 847 0 0 0 0 0 0 34 990 0 0 0 0 0 0 0 1024 0 0 
0 0 0 0 351 673 0 0 0 0 0 0 121 903 0 0 0 0 0 0 0 1022 2 0 
0 0 0 0 87 937 0 0 0 0 0 0 59 965 0 0 0 0 0 0 0 1020 4 0 
0 0 0 0 124 900 0 0 0 0 0 0 57 967 0 0 0 0 0 0 1 1023 0 0 
0 0 0 0 165 859 0 0 0 0 0 0 149 875 0 0 0 0 0 0 0 1024 0 0 
0 0 0 0 370 654 0 0 0 0 0 0 208 816 0 0 0 0 0 0 0 1024 0 0 
0 0 30 211 146 637 0 0 0 0 59 192 100 673 0 0 0 0 21 187 108 708 0 0 
0 0 162 753 93 16 0 0 0 0 250 691 75 8 0 0 0 0 69 815 127 13 0 0 
0 0 144 872 8 0 0 0 0 0 326 698 0 0 0 0 0 0 101 914 9 0 0 0 
0 2 211 794 17 0 0 0 0 1 480 540 3 0 0 0 0 0 137 884 3 0 0 0 
0 0 165 828 31 0 0 0 0 0 246 771 7 0 0 0 0 0 77 939 8 0 0 0 
0 0 251 723 50 0 0 0 0 1 351 663 9 0 0 0 0 0 234 779 11 0 0 0 
0 0 255 768 1 0 0 0 0 2 646 376 0 0 0 0 0 0 466 558 0 0 0 0 
0 14 441 569 0 0 0 0 0 21 581 422 0 0 0 0 0 2 436 586 0 0 0 0 
0 0 177 847 0 0 0 0 0 0 537 487 0 0 0 0 0 0 539 485 0 0 0 0 
0 2 14 121 851 10 1 25 0 2 27 616 352 1 2 24 0 3 20 536 438 1 2 24 
0 0 0 156 842 26 0 0 0 0 17 606 401 0 0 0 0 0 13 561 450 0 0 0 
0 0 18 351 591 64 0 0 0 0 156 452 416 0 0 0 0 0 103 477 444 0 0 0 
0 0 0 2 984 38 0 0 0 0 0 185 839 0 0 0 0 0 0 140 884 0 0 0 
0 0 0 0 791 233 0 0 0 0 0 9 1004 11 0 0 0 0 0 8 1010 6 0 0 
0 0 0 0 349 675 0 0 0 0 0 0 895 129 0 0 0 0 0 0 907 117 0 0 
0 0 0 81 727 216 0 0 0 0 0 155 869 0 0 0 0 0 0 154 870 0 0 0 
0 0 0 157 706 161 0 0 0 0 21 351 623 29 0 0 0 0 10 334 666 14 0 0 
0 0 0 20 791 213 0 0 0 0 0 157 836 31 0 0 0 0 0 149 863 12 0 0 
0 0 0 457 546 21 0 0 0 0 5 630 387 2 0 0 0 0 0 583 441 0 0 0 
0 0 0 212 804 8 0 0 0 0 0 450 574 0 0 0 0 0 0 362 662 0 0 0 
0 0 0 48 909 67 0 0 0 0 0 251 764 9 0 0 0 0 0 177 841 6 0 0 
0 0 0 28 967 29 0 0 0 0 0 324 700 0 0 0 0 0 0 226 791 7 0 0 
0 0 0 1 912 111 0 0 0 0 0 36 980 8 0 0 0 0 0 39 981 4 0 0 
0 0 0 0 811 213 0 0 0 0 0 34 976 14 0 0 0 0 0 23 990 11 0 0 
0 0 0 0 350 308 31 335 0 0 0 5 540 116 29 334 0 0 0 5 538 115 30 336 
0 0 0 0 20 11 7 986 0 0 0 1 21 9 9 984 0 0 0 1 21 9 7 986 
0 0 0 0 0 0 0 1024 0 0 0 0 0 0 0 1024 0 0 0 0 0 0 0 1024 
0 0 0 0 0 0 0 1024 0 0 0 0 0 0 0 1024 0 0 0 0 0 0 0 1024 
0 0 0 0 0 0 0 1024 0 0 0 0 0 0 0 1024 0 0 0 0 0 0 0 1024 
0 0 0 0 0 0 0 1024 0 0 0 0 0 0 0 1024 0 0 0 0 0 0 0 1024 
0 0 0 0 0 0 0 1024 0 0 0 0 0 0 0 1024 0 0 0 0 0 0 0 1024 
0 0 0 0 0 0 0 1024 0 0 0 0 0 0 0 1024 0 0 0 0 0 0 0 1024 
0 0 0 0 0 0 0 1024 0 0 0 0 0 0 0 1024 0 0 0 0 0 0 0 1024 
0 0 0 0 0 0 0 1024 0 0 0 0 0 0 0 1024 0 0 0 0 0 0 0 1024 
0 0 0 0 0 0 0 1024 0 0 0 0 0 0 0 1024 0 0 0 0 0 0 0 1024 
0 0 0 0 0 0 0 1024 0 0 0 0 0 0 0 1024 0 0 0 0 0 0 0 1024 
0 0 0 0 0 0 0 1024 0 0 0 0 0 0 0 1024 0 0 0 0 0 0 0 1024 
0 0 0 0 0 29 14 981 0 0 0 0 0 29 14 981 0 0 0 0 0 17 21 986 
0 0 0 0 1 466 41 516 0 0 0 0 1 465 41 517 0 0 0 0 0 436 58 530 
0 0 0 0 0 848 35 141 0 0 0 0 0 846 35 143 0 0 0 0 0 816 55 153 
0 0 0 0 62 962 0 0 0 0 0 0 5 1019 0 0 0 0 0 0 0 1024 0 0 
0 0 0 0 29 995 0 0 0 0 0 0 26 998 0 0 0 0 0 0 0 1024 0 0 
0 0 0 0 29 995 0 0 0 0 0 0 18 1006 0 0 0 0 0 0 0 1024 0 0 
0 0 0 0 74 950 0 0 0 0 0 0 57 967 0 0 0 0 0 0 1 1023 0 0 
0 0 0 0 124 900 0 0 0 0 0 0 93 931 0 0 0 0 0 0 0 1023 1 0 
0 0 0 0 7 1017 0 0 0 0 0 0 1 1023 0 0 0 0 0 0 0 1021 3 0 
0 0 0 0 67 957 0 0 0 0 0 0 51 973 0 0 0 0 0 0 0 1024 0 0 
0 0 10 62 70 882 0 0 0 0 20 50 59 895 0 0 0 0 1 47 31 943 2 0 
0 0 110 802 57 55 0 0 0 0 246 676 33 69 0 0 0 0 25 870 47 82 0 0 
0 0 115 805 102 2 0 0 0 0 211 753 60 0 0 0 0 0 56 858 110 0 0 0 
0 0 67 603 349 5 0 0 0 0 145 595 284 0 0 0 0 0 62 648 314 0 0 0 
0 0 23 694 307 0 0 0 0 0 29 810 185 0 0 0 0 0 2 809 213 0 0 0 
0 0 107 597 314 6 0 0 0 0 151 683 190 0 0 0 0 0 87 757 180 0 0 0 
0 0 204 795 25 0 0 0 0 0 408 607 9 0 0 0 0 0 147 869 8 0 0 0 
0 13 552 431 27 1 0 0 0 35 706 265 18 0 0 0 0 2 567 440 15 0 0 0 
0 0 299 679 46 0 0 0 0 0 480 544 0 0 0 0 0 0 336 685 3 0 0 0 
0 0 148 875 1 0 0 0 0 0 291 733 0 0 0 0 0 0 226 798 0 0 0 0 
0 0 0 2 915 107 0 0 0 0 0 138 881 5 0 0 0 0 0 102 914 8 0 0 
0 0 0 12 922 90 0 0 0 0 0 428 596 0 0 0 0 0 0 407 617 0 0 0 
0 0 0 0 1012 12 0 0 0 0 0 494 530 0 0 0 0 0 0 459 565 0 0 0 
0 0 0 19 647 358 0 0 0 0 0 214 805 5 0 0 0 0 0 172 844 8 0 0 
0 0 0 129 600 295 0 0 0 0 4 312 707 1 0 0 0 0 7 304 706 7 0 0 
0 0 0 0 515 509 0 0 0 0 0 77 815 132 0 0 0 0 0 78 823 123 0 0 
0 0 0 25 587 412 0 0 0 0 0 87 869 68 0 0 0 0 0 93 869 62 0 0 
0 0 0 21 915 88 0 0 0 0 0 175 843 6 0 0 0 0 0 122 897 5 0 0 
0 0 0 40 930 54 0 0 0 0 0 235 789 0 0 0 0 0 0 192 832 0 0 0 
0 0 0 13 964 47 0 0 0 0 0 92 932 0 0 0 0 0 0 95 929 0 0 0 
0 0 0 219 777 28 0 0 0 0 0 473 551 0 0 0 0 0 0 350 674 0 0 0 
0 0 0 158 827 39 0 0 0 0 0 536 485 3 0 0 0 0 0 390 631 3 0 0 
0 0 0 15 607 402 0 0 0 0 0 126 769 129 0 0 0 0 0 90 833 101 0 0 
0 0 0 29 570 425 0 0 0 0 0 116 804 104 0 0 0 0 0 98 824 102 0 0 
0 0 0 0 481 541 2 0 0 0 0 8 860 156 0 0 0 0 0 9 900 115 0 0 
0 0 0 8 673 343 0 0 0 0 0 79 900 45 0 0 0 0 0 80 910 34 0 0 
0 0 0 16 409 231 34 334 0 0 0 69 505 86 29 335 0 0 0 59 511 88 30 336 
0 0 0 0 6 16 10 992 0 0 0 0 15 7 13 989 0 0 0 0 13 9 13 989 
0 0 0 0 0 0 0 1024 0 0 0 0 0 0 0 1024 0 0 0 0 0 0 0 1024 
0 0 0 0 0 0 0 1024 0 0 0 0 0 0 0 1024 0 0 0 0 0 0 0 1024 
0 0 0 0 0 0 0 1024 0 0 0 0 0 0 0 1024 0 0 0 0 0 0 0 1024 
0 0 0 0 0 0 0 1024 0 0 0 0 0 0 0 1024 0 0 0 0 0 0 0 1024 
0 0 0 0 0 0 0 1024 0 0 0 0 0 0 0 1024 0 0 0 0 0 0 0 1024 
0 0 0 0 0 0 0 1024 0 0 0 0 0 0 0 1024 0 0 0 0 0 0 0 1024 
0 0 0 0 0 0 0 1024 0 0 0 0 0 0 0 1024 0 0 0 0 0 0 0 1024 
0 0 0 0 0 16 40 968 0 0 0 0 0 17 39 968 0 0 0 0 0 0 35 989 
0 0 0 0 0 158 154 712 0 0 0 0 0 162 150 712 0 0 0 0 0 24 274 726 
0 0 0 0 11 381 100 532 0 0 0 0 2 379 93 550 0 0 0 0 0 320 140 564 
0 0 0 0 28 861 41 94 0 0 0 0 10 878 39 97 0 0 0 0 0 851 65 108 
0 0 0 0 31 993 0 0 0 0 0 0 17 1007 0 0 0 0 0 0 0 1005 19 0 
0 0 0 0 45 979 0 0 0 0 0 0 47 977 0 0 0 0 0 0 0 1012 12 0 
0 0 0 0 133 891 0 0 0 0 0 0 106 918 0 0 0 0 0 0 0 1024 0 0 
0 0 0 0 184 840 0 0 0 0 0 0 178 846 0 0 0 0 0 0 0 1024 0 0 
0 0 0 0 309 715 0 0 0 0 0 0 288 736 0 0 0 0 0 0 1 1023 0 0 
0 0 0 0 536 488 0 0 0 0 0 0 504 520 0 0 0 0 0 0 0 1024 0 0 
0 0 0 0 169 855 0 0 0 0 0 0 149 875 0 0 0 0 0 0 0 1024 0 0 
0 0 0 0 5 1019 0 0 0 0 0 0 6 1018 0 0 0 0 0 0 0 1021 3 0 
0 0 0 0 34 990 0 0 0 0 0 0 22 1002 0 0 0 0 0 0 0 1024 0 0 
0 0 26 273 213 512 0 0 0 0 43 271 165 545 0 0 0 0 11 221 174 617 1 0 
0 0 3 582 209 230 0 0 0 0 64 566 263 131 0 0 0 0 16 597 320 91 0 0 
0 0 6 92 838 88 0 0 0 0 9 150 860 5 0 0 0 0 3 114 904 3 0 0 
0 0 0 338 572 114 0 0 0 0 4 449 538 33 0 0 0 0 0 303 713 8 0 0 
0 0 35 476 446 67 0 0 0 0 61 573 373 17 0 0 0 0 34 518 469 3 0 0 
0 0 199 741 84 0 0 0 0 2 294 701 27 0 0 0 0 0 214 761 49 0 0 0 
0 0 139 688 183 14 0 0 0 0 235 636 153 0 0 0 0 0 102 768 154 0 0 0 
0 0 56 887 81 0 0 0 0 0 142 852 30 0 0 0 0 0 53 947 24 0 0 0 
0 9 450 465 100 0 0 0 0 38 546 426 14 0 0 0 0 14 424 564 22 0 0 0 
0 20 273 731 0 0 0 0 0 84 337 603 0 0 0 0 0 64 351 609 0 0 0 0 
0 0 0 0 893 131 0 0 0 0 0 27 997 0 0 0 0 0 0 21 1003 0 0 0 
0 0 0 1 659 364 0 0 0 0 0 80 932 12 0 0 0 0 0 93 910 21 0 0 
0 0 0 21 897 106 0 0 0 0 0 359 655 10 0 0 0 0 0 401 615 8 0 0 
0 0 21 205 749 49 0 0 0 0 100 453 471 0 0 0 0 0 71 500 453 0 0 0 
0 0 0 20 735 269 0 0 0 0 0 139 885 0 0 0 0 0 0 142 875 7 0 0 
0 0 0 74 807 143 0 0 0 0 0 420 603 1 0 0 0 0 0 439 585 0 0 0 
0 0 0 127 513 384 0 0 0 0 10 274 597 143 0 0 0 0 6 272 612 134 0 0 
0 0 0 81 627 316 0 0 0 0 3 257 697 67 0 0 0 0 3 233 722 66 0 0 
0 0 0 0 955 69 0 0 0 0 0 121 895 8 0 0 0 0 0 81 935 8 0 0 
0 0 0 0 765 259 0 0 0 0 0 9 940 75 0 0 0 0 0 11 931 82 0 0 
0 0 0 104 274 646 0 0 0 0 0 194 434 396 0 0 0 0 0 165 486 373 0 0 
0 0 0 441 570 13 0 0 0 0 0 642 382 0 0 0 0 0 0 496 527 1 0 0 
0 0 0 128 684 212 0 0 0 0 0 330 648 46 0 0 0 0 0 217 770 37 0 0 
0 0 0 42 563 419 0 0 0 0 0 200 758 66 0 0 0 0 0 135 809 80 0 0 
0 0 0 0 315 709 0 0 0 0 0 0 718 306 0 0 0 0 0 0 740 284 0 0 
0 0 0 0 330 694 0 0 0 0 0 7 791 226 0 0 0 0 0 7 811 206 0 0 
0 0 0 117 741 166 0 0 0 0 0 223 769 32 0 0 0 0 0 179 815 30 0 0 
0 0 0 41 413 379 26 165 0 0 0 101 557 178 26 162 0 0 0 64 564 208 25 163 
0 0 0 0 114 186 35 689 0 0 0 0 217 88 34 685 0 0 0 0 171 132 32 689 
0 0 0 0 0 196 44 784 0 0 0 0 1 193 48 782 0 0 0 0 0 85 145 794 
0 0 0 0 0 324 114 586 0 0 0 0 0 287 149 588 0 0 0 0 0 46 384 594 
0 0 0 0 0 21 15 988 0 0 0 0 0 21 15 988 0 0 0 0 0 4 27 993 
0 0 0 0 0 0 0 1024 0 0 0 0 0 0 0 1024 0 0 0 0 0 0 0 1024 
0 0 0 0 0 112 50 862 0 0 0 0 0 108 52 864 0 0 0 0 0 25 119 880 
0 0 0 0 0 397 91 536 0 0 0 0 0 386 94 544 0 0 0 0 0 185 271 568 
0 0 0 0 23 817 73 111 0 0 0 0 0 806 107 111 0 0 0 0 0 492 414 118 
0 0 0 0 51 973 0 0 0 0 0 0 1 1022 1 0 0 0 0 0 0 880 144 0 
0 0 0 0 12 1012 0 0 0 0 0 0 8 1016 0 0 0 0 0 0 0 1022 2 0 
0 0 0 0 89 935 0 0 0 0 0 0 85 939 0 0 0 0 0 0 0 1024 0 0 
0 0 0 0 81 943 0 0 0 0 0 0 41 983 0 0 0 0 0 0 0 1022 2 0 
0 0 0 0 86 938 0 0 0 0 0 0 75 949 0 0 0 0 0 0 0 1012 12 0 
0 0 0 0 176 848 0 0 0 0 0 0 108 916 0 0 0 0 0 0 0 1024 0 0 
0 0 0 0 127 897 0 0 0 0 0 0 124 900 0 0 0 0 0 0 0 1024 0 0 
0 0 0 0 489 535 0 0 0 0 0 0 472 552 0 0 0 0 0 0 0 1023 1 0 
0 0 0 0 84 940 0 0 0 0 0 0 88 936 0 0 0 0 0 0 0 1023 1 0 
0 0 0 0 0 1018 6 0 0 0 0 0 0 1024 0 0 0 0 0 0 0 1018 6 0 
0 0 0 0 0 1024 0 0 0 0 0 0 21 1003 0 0 0 0 0 0 4 1020 0 0 
0 0 0 30 124 870 0 0 0 0 1 48 132 843 0 0 0 0 0 34 108 882 0 0 
0 0 2 160 339 503 20 0 0 0 11 171 485 357 0 0 0 0 3 151 554 316 0 0 
0 0 0 21 749 254 0 0 0 0 0 51 829 144 0 0 0 0 0 29 889 106 0 0 
0 0 0 46 793 185 0 0 0 0 0 88 797 139 0 0 0 0 0 56 886 82 0 0 
0 0 42 117 176 689 0 0 0 0 47 110 531 336 0 0 0 0 12 119 646 247 0 0 
0 3 362 636 23 0 0 0 0 21 542 437 24 0 0 0 0 5 448 516 55 0 0 0 
0 0 65 900 59 0 0 0 0 0 178 819 27 0 0 0 0 0 143 853 28 0 0 0 
0 0 51 916 57 0 0 0 0 0 117 888 19 0 0 0 0 0 55 949 20 0 0 0 
0 0 228 738 58 0 0 0 0 0 377 608 39 0 0 0 0 0 270 727 27 0 0 0 
0 5 592 376 51 0 0 0 0 0 663 355 6 0 0 0 0 0 517 506 1 0 0 0 
0 13 520 477 14 0 0 0 0 23 596 403 2 0 0 0 0 2 495 520 7 0 0 0 
0 0 0 109 461 454 0 0 0 0 18 212 695 99 0 0 0 0 8 213 702 101 0 0 
0 0 0 84 491 449 0 0 0 0 6 188 646 184 0 0 0 0 5 236 627 156 0 0 
0 0 0 66 581 377 0 0 0 0 6 189 763 66 0 0 0 0 0 198 762 64 0 0 
0 0 1 109 796 118 0 0 0 0 26 258 738 2 0 0 0 0 25 359 640 0 0 0 
0 0 0 57 600 367 0 0 0 0 2 175 846 1 0 0 0 0 0 179 838 7 0 0 
0 0 0 17 658 349 0 0 0 0 0 77 938 9 0 0 0 0 0 80 936 8 0 0 
0 0 0 5 712 307 0 0 0 0 0 77 902 45 0 0 0 0 0 87 897 40 0 0 
0 0 0 57 452 512 3 0 0 0 5 165 601 253 0 0 0 0 2 157 635 230 0 0 
0 0 0 18 580 426 0 0 0 0 0 120 851 53 0 0 0 0 0 119 865 40 0 0 
0 0 0 31 766 219 8 0 0 0 0 110 868 46 0 0 0 0 0 97 883 44 0 0 
0 0 0 23 741 260 0 0 0 0 0 153 801 70 0 0 0 0 0 97 856 71 0 0 
0 0 0 110 665 249 0 0 0 0 0 237 703 84 0 0 0 0 0 148 783 93 0 0 
0 0 0 20 681 323 0 0 0 0 0 93 834 97 0 0 0 0 0 36 868 120 0 0 
0 0 0 32 682 310 0 0 0 0 0 134 802 88 0 0 0 0 0 88 827 109 0 0 
0 0 0 60 636 314 14 0 0 0 0 241 624 159 0 0 0 0 0 186 667 171 0 0 
0 0 0 0 301 723 0 0 0 0 0 15 726 283 0 0 0 0 0 3 724 297 0 0 
0 0 1 212 468 343 0 0 0 0 4 302 614 104 0 0 0 0 0 252 639 133 0 0 
0 0 0 106 601 317 0 0 0 0 0 241 567 216 0 0 0 0 0 122 659 243 0 0 
0 0 0 9 492 523 0 0 0 0 0 22 853 149 0 0 0 0 0 13 745 266 0 0 
0 0 0 6 264 740 14 0 0 0 0 29 355 616 24 0 0 0 0 10 289 378 347 0 
0 0 0 0 0 1011 13 0 0 0 0 0 0 974 50 0 0 0 0 0 0 180 844 0 
0 0 0 0 0 470 481 73 0 0 0 0 0 379 568 77 0 0 0 0 0 19 922 83 
0 0 0 0 0 628 180 216 0 0 0 0 0 574 230 220 0 0 0 0 0 293 502 229 
0 0 0 0 3 866 140 15 0 0 0 0 0 840 167 17 0 0 0 0 0 502 505 17 
0 0 0 0 122 902 0 0 0 0 0 0 3 1020 1 0 0 0 0 0 0 881 143 0 
0 0 0 0 25 999 0 0 0 0 0 0 5 1019 0 0 0 0 0 0 0 990 34 0 
0 0 0 0 54 970 0 0 0 0 0 0 28 996 0 0 0 0 0 0 0 1022 2 0 
0 0 0 0 103 921 0 0 0 0 0 0 49 975 0 0 0 0 0 0 3 1021 0 0 
0 0 0 0 24 1000 0 0 0 0 0 0 18 1006 0 0 0 0 0 0 0 1023 1 0 
0 0 0 0 103 886 35 0 0 0 0 0 48 963 13 0 0 0 0 0 0 944 80 0 
0 0 0 0 21 1003 0 0 0 0 0 0 44 980 0 0 0 0 0 0 0 1011 13 0 
0 0 0 0 16 1008 0 0 0 0 0 0 31 993 0 0 0 0 0 0 0 1018 6 0 
0 0 0 0 43 976 5 0 0 0 0 0 48 976 0 0 0 0 0 0 0 1005 19 0 
0 0 0 0 30 989 5 0 0 0 0 0 27 995 2 0 0 0 0 0 0 1013 11 0 
0 0 0 0 23 1000 1 0 0 0 0 0 44 980 0 0 0 0 0 0 2 1006 16 0 
0 0 0 0 52 972 0 0 0 0 0 0 59 965 0 0 0 0 0 0 7 1016 1 0 
0 0 0 20 299 705 0 0 0 0 0 43 485 496 0 0 0 0 0 41 312 670 1 0 
0 0 0 17 533 470 4 0 0 0 0 35 736 253 0 0 0 0 0 33 711 280 0 0 
0 0 0 2 844 178 0 0 0 0 0 27 979 18 0 0 0 0 0 23 970 31 0 0 
0 0 0 0 751 273 0 0 0 0 0 2 830 192 0 0 0 0 0 0 881 143 0 0 
0 0 27 288 447 258 4 0 0 0 46 358 411 209 0 0 0 0 42 362 475 145 0 0 
0 0 2 452 496 74 0 0 0 0 6 576 409 33 0 0 0 0 1 517 486 20 0 0 
0 0 96 675 246 7 0 0 0 16 177 661 168 2 0 0 0 0 139 656 229 0 0 0 
0 0 78 678 263 5 0 0 0 0 89 783 152 0 0 0 0 0 40 803 181 0 0 0 
0 0 130 839 55 0 0 0 0 0 238 770 16 0 0 0 0 0 138 861 25 0 0 0 
0 0 522 502 0 0 0 0 0 1 637 386 0 0 0 0 0 0 498 526 0 0 0 0 
0 0 346 661 17 0 0 0 0 1 399 616 8 0 0 0 0 0 329 686 9 0 0 0 
0 0 257 559 208 0 0 0 0 4 300 575 145 0 0 0 0 1 306 709 8 0 0 0 
0 0 0 157 785 82 0 0 0 0 31 273 720 0 0 0 0 0 7 261 750 6 0 0 
0 0 0 0 610 414 0 0 0 0 0 3 910 111 0 0 0 0 0 13 929 82 0 0 
0 0 0 2 622 400 0 0 0 0 0 42 967 15 0 0 0 0 0 38 977 9 0 0 
0 0 0 2 532 490 0 0 0 0 0 40 938 46 0 0 0 0 0 62 944 18 0 0 
0 0 0 113 750 161 0 0 0 0 9 306 701 8 0 0 0 0 10 322 684 8 0 0 
0 0 0 0 794 230 0 0 0 0 0 19 1002 3 0 0 0 0 0 38 985 1 0 0 
0 0 0 0 762 262 0 0 0 0 0 79 936 9 0 0 0 0 0 84 939 1 0 0 
0 0 0 14 657 353 0 0 0 0 0 57 956 11 0 0 0 0 0 59 960 5 0 0 
0 0 0 23 440 561 0 0 0 0 0 58 798 168 0 0 0 0 0 68 815 141 0 0 
0 0 0 5 500 519 0 0 0 0 0 74 767 183 0 0 0 0 0 61 792 171 0 0 
0 0 0 71 634 319 0 0 0 0 0 178 766 80 0 0 0 0 0 112 793 119 0 0 
0 0 0 0 759 265 0 0 0 0 0 3 928 93 0 0 0 0 0 0 882 142 0 0 
0 0 0 12 504 508 0 0 0 0 0 57 669 298 0 0 0 0 0 36 657 331 0 0 
0 0 0 1 323 700 0 0 0 0 0 13 652 359 0 0 0 0 0 10 616 398 0 0 
0 0 0 0 446 578 0 0 0 0 0 30 776 218 0 0 0 0 0 22 726 276 0 0 
0 0 0 0 121 890 13 0 0 0 0 16 431 577 0 0 0 0 0 2 399 623 0 0 
0 0 0 39 388 593 4 0 0 0 0 140 553 331 0 0 0 0 0 97 590 337 0 0 
0 0 0 1 832 191 0 0 0 0 0 49 956 19 0 0 0 0 0 17 968 39 0 0 
0 0 0 5 417 602 0 0 0 0 0 22 882 120 0 0 0 0 0 17 843 164 0 0 
0 0 0 0 307 715 2 0 0 0 0 25 500 497 2 0 0 0 0 2 494 462 66 0 
0 0 0 0 4 988 32 0 0 0 0 0 4 980 40 0 0 0 0 0 0 361 663 0 
0 0 0 0 0 970 54 0 0 0 0 0 0 947 77 0 0 0 0 0 0 388 636 0 
0 0 0 0 25 977 22 0 0 0 0 0 2 967 55 0 0 0 0 0 0 464 560 0 
0 0 0 0 61 958 5 0 0 0 0 0 29 984 11 0 0 0 0 0 0 857 167 0 
0 0 0 0 26 998 0 0 0 0 0 0 17 1007 0 0 0 0 0 0 0 1011 13 0 
0 0 0 0 19 1005 0 0 0 0 0 0 19 1005 0 0 0 0 0 0 0 1024 0 0 
0 0 0 0 80 944 0 0 0 0 0 0 52 972 0 0 0 0 0 0 0 1023 1 0 
0 0 0 0 12 1012 0 0 0 0 0 0 12 1012 0 0 0 0 0 0 0 1024 0 0 
0 0 0 0 117 907 0 0 0 0 0 0 44 980 0 0 0 0 0 0 0 1022 2 0 
0 0 0 0 109 915 0 0 0 0 0 0 16 1005 3 0 0 0 0 0 0 1009 15 0 
0 0 0 0 64 960 0 0 0 0 0 0 59 963 2 0 0 0 0 0 1 1011 12 0 
0 0 0 0 47 977 0 0 0 0 0 0 58 966 0 0 0 0 0 0 3 1012 9 0 
0 0 0 0 47 977 0 0 0 0 0 0 43 981 0 0 0 0 0 0 0 1024 0 0 
0 0 0 0 10 1013 1 0 0 0 0 0 47 977 0 0 0 0 0 0 1 1021 2 0 
0 0 0 0 70 954 0 0 0 0 0 0 134 890 0 0 0 0 0 0 56 968 0 0 
0 0 0 0 389 633 2 0 0 0 0 2 592 430 0 0 0 0 0 1 487 535 1 0 
0 0 0 10 687 327 0 0 0 0 0 24 940 60 0 0 0 0 0 21 864 139 0 0 
0 0 0 9 750 265 0 0 0 0 0 32 958 34 0 0 0 0 0 17 928 79 0 0 
0 0 0 80 756 188 0 0 0 0 1 124 877 22 0 0 0 0 0 119 869 36 0 0 
0 0 0 204 596 224 0 0 0 0 1 298 621 104 0 0 0 0 1 253 674 96 0 0 
0 0 7 365 595 57 0 0 0 0 24 442 548 10 0 0 0 0 10 364 638 12 0 0 
0 0 28 910 86 0 0 0 0 0 49 943 32 0 0 0 0 0 25 907 92 0 0 0 
0 0 70 903 51 0 0 0 0 0 171 834 19 0 0 0 0 0 81 902 41 0 0 0 
0 0 250 726 48 0 0 0 0 0 303 701 20 0 0 0 0 0 139 815 70 0 0 0 
0 0 320 635 69 0 0 0 0 1 445 533 45 0 0 0 0 0 356 658 10 0 0 0 
0 0 67 775 182 0 0 0 0 0 90 852 82 0 0 0 0 0 97 927 0 0 0 0 
0 0 4 773 247 0 0 0 0 0 0 908 116 0 0 0 0 0 19 1004 1 0 0 0 
0 0 11 742 271 0 0 0 0 0 12 811 201 0 0 0 0 0 112 880 32 0 0 0 
0 0 82 326 526 90 0 0 0 7 159 397 461 0 0 0 0 3 93 461 467 0 0 0 
0 0 0 29 792 203 0 0 0 0 0 128 895 1 0 0 0 0 0 75 949 0 0 0 
0 0 0 126 705 193 0 0 0 0 12 326 663 23 0 0 0 0 4 344 659 17 0 0 
0 0 0 0 500 524 0 0 0 0 0 0 986 38 0 0 0 0 0 1 994 29 0 0 
0 0 0 24 827 173 0 0 0 0 0 94 929 1 0 0 0 0 0 85 938 1 0 0 
0 0 0 1 682 341 0 0 0 0 0 24 944 56 0 0 0 0 0 32 948 44 0 0 
0 0 0 36 588 400 0 0 0 0 0 122 772 130 0 0 0 0 0 134 770 120 0 0 
0 0 0 9 507 508 0 0 0 0 0 47 880 97 0 0 0 0 0 37 918 69 0 0 
0 0 0 0 174 850 0 0 0 0 0 2 412 610 0 0 0 0 0 3 447 574 0 0 
0 0 0 0 290 734 0 0 0 0 0 3 839 182 0 0 0 0 0 3 855 166 0 0 
0 0 0 20 410 594 0 0 0 0 0 63 788 173 0 0 0 0 0 47 780 197 0 0 
0 0 0 47 670 307 0 0 0 0 0 124 804 96 0 0 0 0 0 105 779 140 0 0 
0 0 0 19 334 641 30 0 0 0 0 93 494 437 0 0 0 0 0 43 507 474 0 0 
0 0 0 3 391 587 43 0 0 0 0 46 560 418 0 0 0 0 0 25 548 451 0 0 
0 0 0 0 372 652 0 0 0 0 0 5 658 361 0 0 0 0 0 1 631 392 0 0 
0 0 0 0 211 809 4 0 0 0 0 6 605 413 0 0 0 0 0 6 590 428 0 0 
0 0 0 0 210 789 25 0 0 0 0 0 508 511 5 0 0 0 0 0 508 512 4 0 
0 0 0 0 396 625 3 0 0 0 0 22 635 367 0 0 0 0 0 3 581 440 0 0 
0 0 0 0 473 550 1 0 0 0 0 34 685 305 0 0 0 0 0 5 623 396 0 0 
0 0 0 0 146 878 0 0 0 0 0 19 491 514 0 0 0 0 0 1 418 605 0 0 
0 0 0 0 6 1018 0 0 0 0 0 0 52 972 0 0 0 0 0 0 21 964 39 0 
0 0 0 0 4 1020 0 0 0 0 0 0 3 1021 0 0 0 0 0 0 0 905 119 0 
0 0 0 0 3 1021 0 0 0 0 0 0 4 1020 0 0 0 0 0 0 0 957 67 0 
0 0 0 0 6 1018 0 0 0 0 0 0 3 1021 0 0 0 0 0 0 0 1010 14 0 
0 0 0 0 173 851 0 0 0 0 0 0 159 865 0 0 0 0 0 0 1 1023 0 0 
0 0 0 0 64 960 0 0 0 0 0 0 54 970 0 0 0 0 0 0 0 1008 16 0 
0 0 0 0 192 832 0 0 0 0 0 0 188 836 0 0 0 0 0 0 1 1020 3 0 
0 0 0 0 335 689 0 0 0 0 0 0 139 885 0 0 0 0 0 0 1 1019 4 0 
0 0 0 0 218 796 10 0 0 0 0 0 126 896 2 0 0 0 0 0 5 979 40 0 
0 0 0 0 80 944 0 0 0 0 0 0 37 987 0 0 0 0 0 0 3 1019 2 0 
0 0 0 0 26 984 14 0 0 0 0 0 48 975 1 0 0 0 0 0 2 960 62 0 
0 0 0 0 43 979 2 0 0 0 0 0 76 948 0 0 0 0 0 0 0 1012 12 0 
0 0 0 0 10 1014 0 0 0 0 0 0 27 997 0 0 0 0 0 0 5 1019 0 0 
0 0 0 5 107 903 9 0 0 0 0 8 169 845 2 0 0 0 0 1 121 885 17 0 
0 0 0 28 499 497 0 0 0 0 0 55 678 291 0 0 0 0 0 48 640 336 0 0 
0 0 0 50 584 390 0 0 0 0 0 115 811 98 0 0 0 0 0 101 799 124 0 0 
0 0 0 148 679 197 0 0 0 0 0 207 770 47 0 0 0 0 6 239 696 83 0 0 
0 0 3 200 676 145 0 0 0 0 8 331 639 46 0 0 0 0 13 363 592 56 0 0 
0 0 4 237 625 158 0 0 0 0 33 321 615 55 0 0 0 0 11 319 648 46 0 0 
0 0 3 325 643 53 0 0 0 0 36 449 529 10 0 0 0 0 47 422 541 14 0 0 
0 0 7 467 539 11 0 0 0 0 29 571 417 7 0 0 0 0 10 544 467 3 0 0 
0 0 16 820 188 0 0 0 0 0 53 936 35 0 0 0 0 0 32 919 73 0 0 0 
0 0 15 844 165 0 0 0 0 0 107 787 130 0 0 0 0 0 46 945 33 0 0 0 
0 0 25 552 432 15 0 0 0 0 30 678 315 1 0 0 0 0 25 793 206 0 0 0 
0 0 0 301 723 0 0 0 0 0 3 556 465 0 0 0 0 0 10 953 61 0 0 0 
0 0 0 445 570 9 0 0 0 0 0 572 449 3 0 0 0 0 12 986 26 0 0 0 
0 0 10 617 336 61 0 0 0 0 27 646 331 20 0 0 0 0 89 771 161 3 0 0 
0 0 0 269 648 107 0 0 0 0 1 302 701 20 0 0 0 0 18 688 318 0 0 0 
0 0 86 244 414 280 0 0 0 0 143 380 316 185 0 0 0 0 105 451 350 118 0 0 
0 0 0 99 654 271 0 0 0 0 0 208 789 27 0 0 0 0 2 211 795 16 0 0 
0 0 0 33 815 176 0 0 0 0 0 158 853 13 0 0 0 0 0 151 859 14 0 0 
0 0 0 27 760 237 0 0 0 0 0 66 956 2 0 0 0 0 0 71 953 0 0 0 
0 0 0 24 732 268 0 0 0 0 0 160 845 19 0 0 0 0 0 135 884 5 0 0 
0 0 0 0 632 392 0 0 0 0 0 75 904 45 0 0 0 0 0 61 940 23 0 0 
0 0 0 25 618 381 0 0 0 0 0 146 764 114 0 0 0 0 0 112 779 133 0 0 
0 0 0 1 561 462 0 0 0 0 0 32 871 121 0 0 0 0 0 25 883 116 0 0 
0 0 0 105 472 446 1 0 0 0 0 252 587 185 0 0 0 0 0 235 603 186 0 0 
0 0 0 16 368 640 0 0 0 0 0 93 502 429 0 0 0 0 0 80 521 423 0 0 
0 0 0 13 410 601 0 0 0 0 0 53 641 330 0 0 0 0 0 45 656 323 0 0 
0 0 0 22 548 454 0 0 0 0 0 51 899 74 0 0 0 0 0 36 920 68 0 0 
0 0 0 30 632 352 10 0 0 0 0 86 775 163 0 0 0 0 0 50 811 163 0 0 
0 0 0 18 192 814 0 0 0 0 0 36 420 568 0 0 0 0 0 39 388 597 0 0 
0 0 0 10 308 655 51 0 0 0 0 55 545 421 3 0 0 0 0 31 551 438 4 0 
0 0 0 2 227 795 0 0 0 0 0 19 651 354 0 0 0 0 0 14 642 368 0 0 
0 0 0 0 146 846 32 0 0 0 0 0 482 542 0 0 0 0 0 0 499 525 0 0 
0 0 0 0 71 928 25 0 0 0 0 0 298 719 7 0 0 0 0 0 280 738 6 0 
0 0 0 59 503 461 1 0 0 0 0 152 729 143 0 0 0 0 0 103 723 198 0 0 
0 0 0 0 459 564 1 0 0 0 0 2 826 196 0 0 0 0 0 0 767 257 0 0 
0 0 0 0 210 814 0 0 0 0 0 3 514 507 0 0 0 0 0 0 357 667 0 0 
0 0 0 0 28 996 0 0 0 0 0 0 32 992 0 0 0 0 0 0 8 1013 3 0 
0 0 0 0 22 1002 0 0 0 0 0 0 22 1002 0 0 0 0 0 0 0 1018 6 0 
0 0 0 0 104 912 8 0 0 0 0 0 127 895 2 0 0 0 0 0 4 984 36 0 
0 0 0 0 113 911 0 0 0 0 0 0 115 909 0 0 0 0 0 0 18 998 8 0 
0 0 0 0 358 666 0 0 0 0 0 0 379 645 0 0 0 0 0 0 32 992 0 0 
0 0 0 0 579 445 0 0 0 0 0 0 383 641 0 0 0 0 0 0 42 982 0 0 
0 0 0 0 229 754 41 0 0 0 0 0 188 828 8 0 0 0 0 0 12 974 38 0 
0 0 0 0 38 894 92 0 0 0 0 0 37 933 54 0 0 0 0 0 3 896 125 0 
0 0 0 0 81 943 0 0 0 0 0 0 99 925 0 0 0 0 0 0 12 1012 0 0 
0 0 0 0 215 809 0 0 0 0 0 0 322 702 0 0 0 0 0 0 72 951 1 0 
0 0 0 0 83 941 0 0 0 0 0 0 157 867 0 0 0 0 0 0 21 1002 1 0 
0 0 0 60 253 711 0 0 0 0 0 65 285 674 0 0 0 0 0 60 232 732 0 0 
0 0 0 10 538 476 0 0 0 0 0 37 643 344 0 0 0 0 0 63 615 346 0 0 
0 0 0 40 851 133 0 0 0 0 0 160 836 28 0 0 0 0 0 338 664 22 0 0 
0 0 0 9 628 387 0 0 0 0 0 34 872 118 0 0 0 0 0 20 837 167 0 0 
0 0 7 373 559 85 0 0 0 0 23 498 473 30 0 0 0 0 51 553 395 25 0 0 
0 0 2 354 656 12 0 0 0 0 16 603 405 0 0 0 0 0 37 638 349 0 0 0 
0 0 0 76 631 317 0 0 0 0 0 140 833 51 0 0 0 0 0 127 844 53 0 0 
0 0 0 119 880 25 0 0 0 0 5 207 812 0 0 0 0 0 6 243 775 0 0 0 
0 0 80 480 464 0 0 0 0 0 139 480 405 0 0 0 0 0 111 652 261 0 0 0 
0 0 0 8 991 25 0 0 0 0 0 90 933 1 0 0 0 0 0 546 478 0 0 0 
0 0 0 43 853 128 0 0 0 0 0 94 871 59 0 0 0 0 0 564 439 21 0 0 
0 0 0 150 705 164 5 0 0 0 0 350 560 114 0 0 0 0 17 666 274 67 0 0 
0 0 3 270 680 71 0 0 0 0 19 420 580 5 0 0 0 1 43 820 160 0 0 0 
0 0 0 85 579 360 0 0 0 0 6 202 615 201 0 0 0 0 39 310 658 17 0 0 
0 0 8 254 658 104 0 0 0 0 5 438 517 64 0 0 0 0 18 627 379 0 0 0 
0 0 5 581 435 3 0 0 0 0 22 670 332 0 0 0 0 0 172 761 91 0 0 0 
0 0 25 59 495 444 1 0 0 0 41 103 680 200 0 0 0 0 28 111 745 140 0 0 
0 0 0 126 647 251 0 0 0 0 0 270 724 30 0 0 0 0 1 228 765 30 0 0 
0 0 0 83 910 31 0 0 0 0 15 317 689 3 0 0 0 0 12 360 649 3 0 0 
0 0 0 104 765 155 0 0 0 0 7 269 745 3 0 0 0 0 9 274 726 15 0 0 
0 0 13 448 473 90 0 0 0 0 36 479 508 1 0 0 0 0 103 438 483 0 0 0 
0 0 0 19 731 274 0 0 0 0 1 77 889 57 0 0 0 0 2 77 908 37 0 0 
0 0 0 7 567 450 0 0 0 0 0 67 864 93 0 0 0 0 0 86 815 123 0 0 
0 0 0 7 611 406 0 0 0 0 0 125 844 55 0 0 0 0 0 98 868 58 0 0 
0 0 0 57 619 348 0 0 0 0 0 201 787 36 0 0 0 0 0 191 805 28 0 0 
0 0 0 22 617 385 0 0 0 0 0 104 848 72 0 0 0 0 0 105 801 118 0 0 
0 0 0 11 242 737 34 0 0 0 0 53 430 541 0 0 0 0 0 56 459 509 0 0 
0 0 0 0 145 871 8 0 0 0 0 0 391 633 0 0 0 0 0 0 403 621 0 0 
0 0 0 2 565 457 0 0 0 0 0 50 914 60 0 0 0 0 0 23 913 88 0 0 
0 0 0 54 598 372 0 0 0 0 0 186 684 154 0 0 0 0 0 145 706 173 0 0 
0 0 0 0 337 676 11 0 0 0 0 3 589 432 0 0 0 0 0 1 584 439 0 0 
0 0 0 17 375 627 5 0 0 0 0 51 694 279 0 0 0 0 0 39 664 321 0 0 
0 0 0 0 381 618 25 0 0 0 0 36 701 285 2 0 0 0 0 31 695 296 2 0 
0 0 0 5 323 675 21 0 0 0 0 37 684 297 6 0 0 0 0 35 687 296 6 0 
0 0 0 0 477 546 1 0 0 0 0 48 694 282 0 0 0 0 0 28 671 325 0 0 
0 0 0 0 336 688 0 0 0 0 0 20 775 229 0 0 0 0 0 6 652 366 0 0 
0 0 0 10 338 672 4 0 0 0 0 39 714 271 0 0 0 0 0 23 564 436 1 0 
0 0 0 0 163 858 3 0 0 0 0 0 294 730 0 0 0 0 0 0 200 824 0 0 
0 0 0 0 14 947 63 0 0 0 0 0 11 1001 12 0 0 0 0 0 2 878 144 0 
0 0 0 0 81 920 23 0 0 0 0 0 77 945 2 0 0 0 0 0 1 982 41 0 
0 0 0 0 425 599 0 0 0 0 0 0 425 599 0 0 0 0 0 0 26 998 0 0 
0 0 0 0 733 291 0 0 0 0 0 0 698 326 0 0 0 0 0 0 53 971 0 0 
0 0 0 0 301 723 0 0 0 0 0 0 285 739 0 0 0 0 0 0 30 992 2 0 
0 0 0 0 235 753 36 0 0 0 0 0 345 671 8 0 0 0 0 0 56 932 36 0 
0 0 0 0 302 721 1 0 0 0 0 0 456 568 0 0 0 0 0 0 94 929 1 0 
0 0 0 0 441 583 0 0 0 0 0 0 419 605 0 0 0 0 0 0 121 903 0 0 
0 0 0 0 183 841 0 0 0 0 0 0 285 739 0 0 0 0 0 0 56 968 0 0 
0 0 0 26 272 726 0 0 0 0 0 48 384 592 0 0 0 0 0 19 228 777 0 0 
0 0 1 181 496 333 13 0 0 0 13 221 538 250 2 0 0 0 14 213 477 316 4 0 
0 0 0 136 733 155 0 0 0 0 1 226 712 85 0 0 0 0 2 307 643 72 0 0 
0 0 0 222 763 39 0 0 0 0 12 432 568 12 0 0 0 0 21 641 354 8 0 0 
0 0 0 50 641 333 0 0 0 0 0 129 778 117 0 0 0 0 0 107 799 118 0 0 
0 0 89 552 370 13 0 0 0 0 132 622 261 9 0 0 0 0 222 617 178 7 0 0 
0 0 116 520 359 29 0 0 0 0 166 551 303 4 0 0 0 0 213 677 134 0 0 0 
0 0 17 355 605 47 0 0 0 0 51 440 528 5 0 0 0 0 117 658 249 0 0 0 
0 0 1 92 738 159 34 0 0 0 14 146 739 125 0 0 0 0 44 449 463 68 0 0 
0 0 0 110 488 325 101 0 0 0 0 250 444 326 4 0 0 0 5 416 402 201 0 0 
0 0 0 189 742 90 3 0 0 0 14 400 551 59 0 0 0 0 35 795 168 26 0 0 
0 0 0 65 870 88 1 0 0 0 0 106 855 63 0 0 0 0 3 806 198 17 0 0 
0 0 0 72 779 149 24 0 0 0 0 148 749 127 0 0 0 0 13 629 298 84 0 0 
0 0 0 107 852 65 0 0 0 0 0 232 767 25 0 0 0 0 1 737 285 1 0 0 
0 0 2 114 828 80 0 0 0 0 4 211 794 15 0 0 0 0 22 617 385 0 0 0 
0 0 0 712 312 0 0 0 0 0 0 841 183 0 0 0 0 0 267 735 22 0 0 0 
0 0 4 466 552 2 0 0 0 0 14 582 428 0 0 0 0 0 115 786 123 0 0 0 
0 0 0 0 366 658 0 0 0 0 0 10 570 444 0 0 0 0 0 40 556 428 0 0 
0 0 0 13 924 87 0 0 0 0 0 55 938 31 0 0 0 0 0 288 722 14 0 0 
0 0 0 95 762 167 0 0 0 0 0 186 835 3 0 0 0 0 0 470 554 0 0 0 
0 0 10 192 812 10 0 0 0 0 16 308 697 3 0 0 0 0 33 845 146 0 0 0 
0 0 53 323 633 15 0 0 0 0 95 362 558 9 0 0 0 0 129 681 214 0 0 0 
0 0 0 120 746 158 0 0 0 0 9 160 843 12 0 0 0 0 8 224 780 12 0 0 
0 0 0 319 691 14 0 0 0 0 0 441 573 10 0 0 0 0 3 555 452 14 0 0 
0 0 0 49 619 356 0 0 0 0 0 91 870 63 0 0 0 0 0 146 844 34 0 0 
0 0 0 58 618 348 0 0 0 0 0 159 736 129 0 0 0 0 0 195 714 115 0 0 
0 0 0 102 626 296 0 0 0 0 0 299 619 106 0 0 0 0 0 338 615 71 0 0 
0 0 0 92 633 299 0 0 0 0 0 253 639 132 0 0 0 0 0 289 599 136 0 0 
0 0 0 0 198 826 0 0 0 0 0 0 561 463 0 0 0 0 0 0 530 494 0 0 
0 0 0 0 350 656 18 0 0 0 0 10 705 309 0 0 0 0 0 5 687 332 0 0 
0 0 0 102 428 447 47 0 0 0 0 245 459 319 1 0 0 0 0 156 552 316 0 0 
0 0 0 15 574 435 0 0 0 0 0 56 779 189 0 0 0 0 0 36 771 217 0 0 
0 0 0 6 385 633 0 0 0 0 0 47 785 192 0 0 0 0 0 43 752 229 0 0 
0 0 0 29 484 511 0 0 0 0 0 104 743 177 0 0 0 0 0 59 736 229 0 0 
0 0 0 36 374 518 96 0 0 0 0 125 559 340 0 0 0 0 0 97 553 372 2 0 
0 0 0 1 395 597 31 0 0 0 0 44 598 380 2 0 0 0 0 17 588 414 5 0 
0 0 0 9 546 469 0 0 0 0 0 148 834 42 0 0 0 0 0 93 826 105 0 0 
0 0 0 0 264 760 0 0 0 0 0 7 812 205 0 0 0 0 0 0 623 401 0 0 
0 0 0 0 263 758 3 0 0 0 0 0 588 436 0 0 0 0 0 0 456 566 2 0 
0 0 0 0 91 921 12 0 0 0 0 0 120 900 4 0 0 0 0 0 15 988 21 0 
0 0 0 0 270 754 0 0 0 0 0 0 263 761 0 0 0 0 0 0 27 997 0 0 
0 0 0 0 93 931 0 0 0 0 0 0 98 926 0 0 0 0 0 0 2 1022 0 0 
0 0 0 0 284 730 10 0 0 0 0 0 325 698 1 0 0 0 0 0 63 958 3 0 
0 0 0 0 311 712 1 0 0 0 0 0 409 615 0 0 0 0 0 0 133 889 2 0 
0 0 0 0 260 764 0 0 0 0 0 0 425 599 0 0 0 0 0 0 132 892 0 0 
0 0 0 0 260 761 3 0 0 0 0 0 374 650 0 0 0 0 0 0 86 935 3 0 
0 0 0 0 93 891 40 0 0 0 0 0 170 845 9 0 0 0 0 0 45 944 35 0 
0 0 0 0 92 811 120 1 0 0 0 0 161 799 64 0 0 0 0 0 60 882 81 1 
0 0 0 338 547 103 33 3 0 0 0 494 421 76 32 1 0 0 0 370 516 102 35 1 
0 0 0 248 749 27 0 0 0 0 1 333 685 5 0 0 0 0 5 422 589 8 0 0 
0 0 0 116 809 77 22 0 0 0 0 280 681 57 6 0 0 0 2 441 530 47 4 0 
0 0 3 535 471 15 0 0 0 0 32 704 285 3 0 0 0 0 62 841 121 0 0 0 
0 0 0 3 744 277 0 0 0 0 0 24 980 20 0 0 0 0 0 98 917 9 0 0 
0 0 19 471 376 139 19 0 0 0 101 505 351 67 0 0 0 0 214 437 319 54 0 0 
0 0 19 218 499 209 79 0 0 0 58 324 454 186 2 0 0 0 130 450 345 99 0 0 
0 0 0 65 348 488 123 0 0 0 5 140 447 432 0 0 0 0 15 200 554 255 0 0 
0 0 0 12 203 659 150 0 0 0 3 21 351 648 1 0 0 0 9 108 542 365 0 0 
0 0 0 0 369 542 113 0 0 0 0 6 560 450 8 0 0 0 0 230 552 242 0 0 
0 0 0 70 449 287 218 0 0 0 0 182 471 295 76 0 0 0 5 341 381 289 8 0 
0 0 7 519 495 3 0 0 0 0 2 568 453 1 0 0 0 0 263 725 35 1 0 0 
0 0 3 410 611 0 0 0 0 0 2 388 634 0 0 0 0 0 242 763 19 0 0 0 
0 0 27 454 398 145 0 0 0 0 46 470 425 83 0 0 0 0 279 537 204 4 0 0 
0 0 89 576 327 32 0 0 0 0 147 584 281 12 0 0 0 0 543 422 59 0 0 0 
0 9 440 485 90 0 0 0 0 8 446 458 112 0 0 0 0 159 617 248 0 0 0 0 
0 0 361 627 36 0 0 0 0 0 318 687 19 0 0 0 0 124 789 111 0 0 0 0 
0 3 217 137 465 202 0 0 0 92 132 190 478 132 0 0 0 54 138 202 449 181 0 0 
0 0 0 94 349 581 0 0 0 0 10 173 419 422 0 0 0 0 5 169 426 424 0 0 
0 0 0 15 231 769 9 0 0 0 0 51 323 650 0 0 0 0 0 120 447 457 0 0 
0 0 0 46 576 402 0 0 0 0 0 106 742 176 0 0 0 0 9 234 752 29 0 0 
0 0 2 126 723 173 0 0 0 0 5 221 699 99 0 0 0 0 80 579 338 27 0 0 
0 0 0 8 867 147 2 0 0 0 0 25 939 60 0 0 0 0 2 334 671 17 0 0 
0 0 0 49 939 36 0 0 0 0 0 76 945 3 0 0 0 0 12 416 596 0 0 0 
0 0 0 12 909 103 0 0 0 0 0 27 980 17 0 0 0 0 0 295 726 3 0 0 
0 0 0 73 868 83 0 0 0 0 0 98 913 13 0 0 0 0 17 380 623 4 0 0 
0 0 0 48 856 120 0 0 0 0 0 80 925 19 0 0 0 0 0 339 685 0 0 0 
0 0 0 45 698 281 0 0 0 0 0 95 740 189 0 0 0 0 0 303 552 169 0 0 
0 0 0 3 457 564 0 0 0 0 0 11 638 375 0 0 0 0 0 140 588 296 0 0 
0 0 0 149 532 343 0 0 0 0 0 166 665 193 0 0 0 0 7 257 588 172 0 0 
0 0 0 50 670 304 0 0 0 0 0 51 840 133 0 0 0 0 1 127 793 103 0 0 
0 0 8 93 584 339 0 0 0 0 2 68 690 264 0 0 0 0 36 265 659 64 0 0 
0 0 0 11 456 557 0 0 0 0 0 28 710 286 0 0 0 0 0 70 703 251 0 0 
0 0 0 66 402 511 45 0 0 0 1 92 601 326 4 0 0 0 1 128 582 309 4 0 
0 0 11 278 547 188 0 0 0 0 22 350 590 62 0 0 0 0 36 375 554 59 0 0 
0 0 0 1 792 231 0 0 0 0 0 43 934 47 0 0 0 0 0 24 945 55 0 0 
0 0 0 0 643 381 0 0 0 0 0 60 889 75 0 0 0 0 0 9 863 152 0 0 
0 0 0 0 205 819 0 0 0 0 0 1 762 261 0 0 0 0 0 0 590 434 0 0 
0 0 0 0 178 843 3 0 0 0 0 15 584 425 0 0 0 0 0 7 463 554 0 0 
0 0 0 2 166 854 2 0 0 0 0 7 304 713 0 0 0 0 0 4 234 786 0 0 
0 0 0 0 66 958 0 0 0 0 0 0 87 937 0 0 0 0 0 0 27 995 2 0 
0 0 0 0 43 981 0 0 0 0 0 0 76 948 0 0 0 0 0 0 17 1007 0 0 
0 0 0 0 156 836 32 0 0 0 0 0 301 721 2 0 0 0 0 0 101 887 36 0 
0 0 0 0 387 637 0 0 0 0 0 0 617 407 0 0 0 0 0 0 263 760 1 0 
0 0 0 0 57 967 0 0 0 0 0 0 177 847 0 0 0 0 0 0 34 990 0 0 
0 0 0 0 94 921 9 0 0 0 0 0 162 862 0 0 0 0 0 0 58 963 3 0 
0 0 0 2 323 689 10 0 0 0 0 11 469 544 0 0 0 0 0 8 339 677 0 0 
0 0 4 285 436 291 8 0 0 0 22 348 464 190 0 0 0 0 8 307 479 230 0 0 
0 0 11 280 697 36 0 0 0 0 26 430 561 7 0 0 0 0 11 409 599 5 0 0 
0 0 6 724 291 3 0 0 0 0 11 815 198 0 0 0 0 0 55 844 125 0 0 0 
0 0 2 328 690 4 0 0 0 0 17 527 480 0 0 0 0 0 26 741 257 0 0 0 
0 0 0 219 710 95 0 0 0 0 30 390 573 31 0 0 0 0 52 654 311 7 0 0 
0 0 6 176 621 217 4 0 0 0 1 216 671 136 0 0 0 0 38 599 354 33 0 0 
0 0 2 350 475 154 43 0 0 0 18 350 498 146 12 0 0 0 133 617 164 103 7 0 
0 0 2 328 684 10 0 0 0 0 11 412 595 6 0 0 0 0 96 848 80 0 0 0 
0 0 0 186 639 179 20 0 0 0 0 198 699 127 0 0 0 0 43 586 337 58 0 0 
0 0 0 41 739 244 0 0 0 0 0 71 824 129 0 0 0 0 3 556 463 2 0 0 
0 0 0 0 483 395 146 0 0 0 0 3 567 429 25 0 0 0 1 315 461 247 0 0 
0 0 0 76 536 323 89 0 0 0 0 74 597 314 39 0 0 0 22 409 414 178 1 0 
0 0 1 240 710 73 0 0 0 0 0 214 763 47 0 0 0 0 107 688 227 2 0 0 
0 0 0 393 631 0 0 0 0 0 0 406 618 0 0 0 0 0 305 717 2 0 0 0 
0 0 13 257 754 0 0 0 0 0 24 288 712 0 0 0 0 3 159 849 13 0 0 0 
0 0 30 654 340 0 0 0 0 0 39 779 206 0 0 0 0 0 458 539 27 0 0 0 
13 109 194 415 293 0 0 0 23 117 199 484 201 0 0 0 57 174 339 433 21 0 0 0 
0 12 190 589 233 0 0 0 0 28 228 548 220 0 0 0 0 82 553 359 30 0 0 0 
1 355 668 0 0 0 0 0 89 863 70 2 0 0 0 0 23 677 317 6 1 0 0 0 
0 299 227 204 199 95 0 0 21 334 188 192 269 20 0 0 0 241 238 231 267 47 0 0 
0 26 79 164 424 303 28 0 0 41 84 164 492 243 0 0 0 15 83 187 602 137 0 0 
0 0 0 37 390 369 228 0 0 0 1 78 424 443 78 0 0 0 8 291 313 409 3 0 
0 0 0 14 419 535 56 0 0 0 0 34 555 433 2 0 0 0 0 273 548 203 0 0 
0 0 0 111 322 581 10 0 0 0 14 157 411 442 0 0 0 0 48 241 569 166 0 0 
0 0 0 11 432 579 2 0 0 0 0 30 622 372 0 0 0 0 1 135 766 122 0 0 
0 0 0 1 635 388 0 0 0 0 0 25 815 184 0 0 0 0 0 267 668 89 0 0 
0 0 0 0 354 636 34 0 0 0 0 2 543 479 0 0 0 0 0 70 679 275 0 0 
0 0 0 9 587 421 7 0 0 0 0 43 724 257 0 0 0 0 0 214 692 118 0 0 
0 0 0 52 745 223 4 0 0 0 0 84 861 79 0 0 0 0 9 493 507 15 0 0 
0 0 0 228 689 107 0 0 0 0 0 252 718 54 0 0 0 0 15 608 401 0 0 0 
0 0 0 90 658 276 0 0 0 0 0 91 754 179 0 0 0 0 14 330 679 1 0 0 
0 0 19 310 663 32 0 0 0 0 3 305 713 3 0 0 0 0 46 622 356 0 0 0 
0 0 23 459 542 0 0 0 0 0 16 379 625 4 0 0 0 0 89 722 213 0 0 0 
0 0 18 174 700 132 0 0 0 0 4 157 727 136 0 0 0 0 38 367 615 4 0 0 
0 0 10 305 629 67 13 0 0 0 17 341 612 54 0 0 0 0 19 570 393 42 0 0 
0 0 42 427 539 16 0 0 0 0 69 569 383 3 0 0 0 0 87 648 288 1 0 0 
0 0 0 3 744 277 0 0 0 0 0 64 875 85 0 0 0 0 0 78 840 106 0 0 
0 0 0 2 457 565 0 0 0 0 0 55 765 204 0 0 0 0 0 21 694 309 0 0 
0 0 0 0 185 839 0 0 0 0 0 16 757 251 0 0 0 0 0 2 515 507 0 0 
0 0 0 12 228 782 2 0 0 0 0 32 581 411 0 0 0 0 0 15 489 520 0 0 
0 0 0 0 155 842 27 0 0 0 0 0 331 685 8 0 0 0 0 0 238 777 9 0 
0 0 0 0 200 815 9 0 0 0 0 0 279 742 3 0 0 0 0 0 160 858 6 0 
0 0 0 0 140 884 0 0 0 0 0 0 288 736 0 0 0 0 0 0 96 927 1 0 
0 0 0 0 160 863 1 0 0 0 0 0 282 742 0 0 0 0 0 0 118 903 3 0 
0 0 0 0 319 703 2 0 0 0 0 0 434 590 0 0 0 0 0 0 291 732 1 0 
0 0 0 0 276 710 38 0 0 0 0 0 424 579 21 0 0 0 0 0 265 733 26 0 
0 0 0 1 489 521 13 0 0 0 0 10 653 360 1 0 0 0 0 71 585 359 9 0 
0 0 0 50 605 353 16 0 0 0 0 81 714 227 2 0 0 0 0 99 766 159 0 0 
0 0 6 443 512 63 0 0 0 0 83 477 420 44 0 0 0 0 29 470 485 40 0 0 
0 0 6 145 564 306 3 0 0 0 31 196 642 155 0 0 0 0 9 233 628 154 0 0 
0 0 2 255 715 52 0 0 0 0 7 293 709 15 0 0 0 0 14 502 498 10 0 0 
0 0 0 100 818 106 0 0 0 0 1 95 906 22 0 0 0 0 5 458 560 1 0 0 
0 0 135 568 306 15 0 0 0 0 124 564 331 5 0 0 0 7 310 603 103 1 0 0 
0 9 315 533 167 0 0 0 0 16 247 568 193 0 0 0 0 43 602 376 3 0 0 0 
0 0 31 502 489 2 0 0 0 0 20 449 552 3 0 0 0 0 189 782 53 0 0 0 
0 0 1 417 538 68 0 0 0 0 2 335 626 61 0 0 0 0 110 751 163 0 0 0 
0 0 8 301 668 47 0 0 0 0 12 281 695 36 0 0 0 0 100 753 171 0 0 0 
0 0 14 160 807 43 0 0 0 0 14 177 791 42 0 0 0 0 86 736 202 0 0 0 
0 0 1 378 632 13 0 0 0 0 1 348 673 2 0 0 0 0 118 840 66 0 0 0 
0 2 52 382 588 0 0 0 0 15 47 360 602 0 0 0 0 28 206 774 16 0 0 0 
0 0 65 376 578 5 0 0 0 4 95 414 511 0 0 0 0 13 240 692 79 0 0 0 
0 0 46 307 671 0 0 0 0 0 109 378 537 0 0 0 0 1 196 706 121 0 0 0 
0 0 22 332 670 0 0 0 0 0 30 422 572 0 0 0 0 0 123 850 51 0 0 0 
0 0 39 414 552 19 0 0 0 0 68 414 542 0 0 0 0 1 190 635 198 0 0 0 
0 0 23 530 465 6 0 0 0 0 42 557 421 4 0 0 0 0 122 778 120 4 0 0 
4 204 398 387 31 0 0 0 0 291 354 349 30 0 0 0 0 272 528 222 2 0 0 0 
0 431 518 75 0 0 0 0 7 729 285 3 0 0 0 0 0 460 529 35 0 0 0 0 
0 286 538 133 42 25 0 0 0 506 360 77 57 24 0 0 0 296 487 134 72 35 0 0 
0 0 16 305 657 46 0 0 0 0 72 381 563 8 0 0 0 0 32 404 550 38 0 0 
0 0 0 49 416 545 14 0 0 0 0 95 558 371 0 0 0 0 1 146 686 191 0 0 
0 0 0 18 289 717 0 0 0 0 0 40 534 450 0 0 0 0 0 167 743 114 0 0 
0 0 5 212 471 336 0 0 0 0 30 207 616 171 0 0 0 0 117 392 494 21 0 0 
0 0 0 38 215 770 1 0 0 0 0 58 336 630 0 0 0 0 11 112 580 321 0 0 
0 0 0 8 356 660 0 0 0 0 0 47 600 377 0 0 0 0 0 223 668 133 0 0 
0 0 0 103 671 250 0 0 0 0 5 156 741 122 0 0 0 0 12 444 484 84 0 0 
0 0 0 15 531 478 0 0 0 0 0 33 723 268 0 0 0 0 0 280 661 83 0 0 
0 0 0 21 848 155 0 0 0 0 0 59 929 36 0 0 0 0 0 441 554 29 0 0 
0 0 0 170 642 212 0 0 0 0 4 204 766 50 0 0 0 0 35 419 546 24 0 0 
0 0 2 236 684 102 0 0 0 0 3 301 681 39 0 0 0 0 41 649 319 15 0 0 
0 0 61 202 678 83 0 0 0 0 67 203 717 37 0 0 0 0 106 487 425 6 0 0 
0 2 240 397 283 102 0 0 0 0 220 415 315 74 0 0 0 7 391 312 308 6 0 0 
0 0 67 264 446 247 0 0 0 0 39 267 495 223 0 0 0 0 110 341 505 68 0 0 
0 0 0 1 463 545 15 0 0 0 0 7 575 441 1 0 0 0 0 53 832 139 0 0 
0 0 0 121 571 325 7 0 0 0 0 175 574 269 6 0 0 0 11 323 519 165 6 0 
0 0 0 6 358 655 5 0 0 0 0 27 506 491 0 0 0 0 0 59 663 302 0 0 
0 0 0 15 328 669 12 0 0 0 0 34 552 435 3 0 0 0 0 41 642 340 1 0 
0 0 0 0 152 864 8 0 0 0 0 0 285 737 2 0 0 0 0 1 367 654 2 0 
0 0 0 0 220 791 13 0 0 0 0 0 463 561 0 0 0 0 0 0 406 618 0 0 
0 0 0 0 167 818 39 0 0 0 0 6 280 734 4 0 0 0 0 0 256 761 7 0 
0 0 0 0 354 641 29 0 0 0 0 5 436 578 5 0 0 0 0 0 357 661 6 0 
0 0 0 0 274 734 16 0 0 0 0 2 356 664 2 0 0 0 0 0 269 748 7 0 
0 0 0 7 503 484 30 0 0 0 0 9 576 428 11 0 0 0 0 6 483 528 7 0 
0 0 1 80 388 529 25 1 0 0 0 89 489 433 13 0 0 0 0 77 447 481 18 1 
0 0 0 81 339 576 28 0 0 0 0 108 502 404 10 0 0 0 0 93 450 456 25 0 
0 0 9 68 690 248 9 0 0 0 11 115 716 178 4 0 0 0 2 240 649 127 6 0 
0 0 6 213 610 195 0 0 0 0 6 243 666 109 0 0 0 0 11 349 551 113 0 0 
0 0 17 134 549 324 0 0 0 0 25 176 663 160 0 0 0 0 10 198 638 178 0 0 
0 0 7 42 723 251 1 0 0 1 8 66 794 155 0 0 0 0 5 198 677 144 0 0 
0 0 8 304 598 114 0 0 0 0 13 286 669 56 0 0 0 0 39 489 408 88 0 0 
0 0 15 168 738 103 0 0 0 0 12 176 757 79 0 0 0 0 55 579 367 23 0 0 
0 0 98 474 306 146 0 0 0 0 84 474 382 84 0 0 0 0 233 458 320 13 0 0 
0 0 165 434 369 56 0 0 0 2 192 404 397 29 0 0 0 2 311 404 286 21 0 0 
0 1 400 275 311 37 0 0 0 13 360 321 319 11 0 0 0 73 495 229 227 0 0 0 
0 26 370 319 259 50 0 0 0 64 351 315 254 40 0 0 0 136 393 265 196 34 0 0 
0 0 322 236 266 199 1 0 0 7 328 254 285 150 0 0 0 79 376 197 278 94 0 0 
0 0 43 321 404 256 0 0 0 0 111 308 458 147 0 0 0 0 202 320 485 17 0 0 
0 0 106 154 426 338 0 0 0 5 136 136 544 203 0 0 0 39 175 200 609 1 0 0 
0 0 0 172 363 461 28 0 0 0 5 225 471 312 11 0 0 3 114 290 471 125 21 0 
0 0 0 65 535 424 0 0 0 0 0 108 647 269 0 0 0 0 5 397 568 54 0 0 
0 0 3 120 720 181 0 0 0 0 0 157 793 74 0 0 0 0 5 450 564 5 0 0 
0 88 298 294 334 10 0 0 0 54 286 328 356 0 0 0 0 139 353 341 191 0 0 0 
0 72 227 247 407 71 0 0 0 101 210 231 471 11 0 0 21 167 287 312 231 6 0 0 
0 0 31 261 678 54 0 0 0 0 45 241 712 26 0 0 0 0 135 666 223 0 0 0 
0 18 89 410 469 38 0 0 0 29 74 408 498 15 0 0 0 19 191 708 106 0 0 0 
181 450 322 34 33 4 0 0 440 319 239 17 9 0 0 0 247 474 287 8 8 0 0 0 
222 587 204 11 0 0 0 0 566 319 137 2 0 0 0 0 419 422 175 6 2 0 0 0 
48 238 214 287 166 71 0 0 121 208 290 197 153 55 0 0 56 186 269 290 151 72 0 0 
6 66 103 262 319 265 3 0 24 69 124 240 349 218 0 0 8 49 126 229 467 145 0 0 
0 0 0 3 368 635 18 0 0 0 0 3 510 508 3 0 0 0 0 3 731 289 1 0 
0 0 0 9 501 492 22 0 0 0 0 32 609 377 6 0 0 0 0 27 754 237 6 0 
0 0 0 0 214 765 45 0 0 0 0 0 332 676 16 0 0 0 0 0 471 543 10 0 
0 0 10 39 349 541 85 0 0 0 19 48 438 460 59 0 0 0 9 66 386 506 57 0 
0 0 1 26 306 686 5 0 0 0 3 36 379 606 0 0 0 0 0 31 366 624 3 0 
0 0 0 0 139 885 0 0 0 0 0 0 211 813 0 0 0 0 0 0 262 762 0 0 
0 0 0 0 156 855 13 0 0 0 0 0 208 808 8 0 0 0 0 0 188 829 7 0 
0 0 0 0 129 895 0 0 0 0 0 0 190 834 0 0 0 0 0 0 175 826 23 0 
0 0 0 0 151 823 50 0 0 0 0 0 324 633 67 0 0 0 0 0 290 578 150 6 
0 0 0 0 150 810 64 0 0 0 0 0 250 697 77 0 0 0 0 0 287 528 209 0 
0 0 0 0 119 697 189 19 0 0 0 0 200 585 212 27 0 0 0 0 264 368 308 84 
0 0 0 2 180 614 207 21 0 0 0 5 217 520 253 29 0 0 0 0 294 328 332 70 
0 0 0 0 96 740 166 22 0 0 0 0 141 628 224 31 0 0 0 0 161 430 371 62 
0 0 0 0 74 703 237 10 0 0 0 0 123 544 337 20 0 0 0 0 134 332 508 50 
0 0 0 11 80 716 206 11 0 0 0 14 89 484 413 24 0 0 0 12 68 381 526 37 
0 0 0 0 95 445 478 6 0 0 0 1 110 325 585 3 0 0 0 0 99 323 587 15 
0 0 0 0 23 499 494 8 0 0 0 0 32 428 554 10 0 0 0 0 24 385 589 26 
0 0 0 0 23 521 480 0 0 0 0 0 45 462 515 2 0 0 0 0 24 423 540 37 
0 0 0 0 17 372 635 0 0 0 0 0 31 363 625 5 0 0 0 0 11 338 637 38 
0 0 0 0 11 277 720 16 0 0 0 0 17 285 697 25 0 0 0 0 14 212 724 74 
0 0 0 4 43 182 785 10 0 0 0 4 43 166 802 9 0 0 0 1 35 127 796 65 
0 0 0 4 84 308 627 1 0 0 0 4 95 222 700 3 0 0 0 3 72 184 751 14 
0 0 0 15 117 284 608 0 0 0 0 13 126 166 715 4 0 0 0 8 108 166 725 17 
0 0 0 6 49 359 610 0 0 0 0 8 55 261 695 5 0 0 0 6 37 190 778 13 
0 0 0 14 83 530 397 0 0 0 0 19 93 421 491 0 0 0 0 7 83 250 678 6 
0 0 0 41 164 606 213 0 0 0 0 55 225 454 290 0 0 0 0 41 177 284 522 0 
0 0 0 11 154 652 207 0 0 0 0 20 234 417 353 0 0 0 0 11 167 296 550 0 
0 22 100 24 131 608 139 0 0 71 60 23 152 508 210 0 0 1 116 26 130 409 342 0 
0 32 111 51 129 631 70 0 0 100 62 48 128 576 110 0 0 17 130 54 124 422 277 0 
0 0 0 9 219 730 66 0 0 0 0 15 271 548 190 0 0 0 0 11 214 418 381 0 
0 0 0 14 147 840 23 0 0 0 1 21 184 766 52 0 0 0 0 11 173 689 151 0 
0 0 2 18 238 759 7 0 0 0 3 26 263 720 12 0 0 0 1 29 225 672 97 0 
0 0 0 14 265 728 17 0 0 0 1 18 280 705 20 0 0 0 1 15 243 634 131 0 
0 11 70 53 236 653 1 0 1 20 72 63 235 632 1 0 0 13 54 75 195 668 19 0 
0 6 52 21 237 698 10 0 0 23 44 45 214 689 9 0 0 14 48 47 203 683 28 1 
0 0 0 1 263 740 18 2 0 0 0 2 305 695 18 4 0 0 0 2 295 695 25 7 
0 0 0 3 275 746 0 0 0 0 0 13 312 697 2 0 0 0 0 28 283 688 25 0 
0 0 0 4 346 672 2 0 0 0 0 10 374 638 2 0 0 0 0 7 367 644 6 0 
0 0 0 3 416 605 0 0 0 0 0 10 400 614 0 0 0 0 0 19 361 640 4 0 
0 0 0 9 485 530 0 0 0 0 0 32 434 558 0 0 0 0 0 23 377 624 0 0 
0 0 0 74 595 355 0 0 0 0 0 87 586 351 0 0 0 0 0 89 510 423 2 0 
0 0 0 36 721 267 0 0 0 0 0 53 672 299 0 0 0 0 0 66 587 371 0 0 
0 0 0 12 717 295 0 0 0 0 0 12 686 326 0 0 0 0 0 19 603 402 0 0 
0 0 0 28 775 221 0 0 0 0 0 22 712 290 0 0 0 0 0 21 632 371 0 0 
0 11 167 295 344 205 2 0 1 37 194 299 285 192 16 0 3 30 154 298 236 278 25 0 
0 3 42 94 385 495 5 0 0 13 47 104 447 405 8 0 0 8 47 96 370 502 1 0 
0 0 4 73 760 187 0 0 0 0 5 90 766 163 0 0 0 0 5 74 672 273 0 0 
0 0 0 50 569 333 72 0 0 0 4 111 517 317 75 0 0 0 3 77 510 350 84 0 
0 0 3 159 397 465 0 0 0 0 10 163 431 420 0 0 0 0 1 136 437 450 0 0 
0 0 60 183 362 360 59 0 0 0 86 192 376 310 60 0 0 2 64 211 331 345 71 0 
0 0 0 7 298 708 11 0 0 0 0 9 369 630 16 0 0 0 0 5 341 653 25 0 
0 0 0 49 370 545 55 5 0 0 1 54 409 490 67 3 0 0 0 38 361 530 82 13 
0 0 0 6 405 569 44 0 0 0 0 8 464 510 42 0 0 0 0 0 361 591 72 0 
0 0 0 4 301 677 42 0 0 0 0 10 449 529 36 0 0 0 0 4 336 641 43 0 
0 0 0 0 324 685 15 0 0 0 0 0 421 596 7 0 0 0 0 0 337 665 22 0 
0 0 12 55 288 644 25 0 0 0 16 69 364 562 13 0 0 0 7 54 270 663 30 0 
0 0 16 23 129 743 110 3 0 0 21 29 170 700 100 4 0 0 10 32 87 745 140 10 
0 0 0 0 78 758 184 4 0 0 0 1 123 718 172 10 0 0 0 0 65 672 264 23 
0 0 0 0 114 722 182 6 0 0 0 0 173 692 159 0 0 0 0 0 111 670 232 11 
0 0 0 45 127 687 152 13 0 0 8 56 175 661 117 7 0 0 0 41 120 659 190 14 
0 0 0 31 89 521 381 2 0 0 0 65 73 524 362 0 0 0 0 46 77 417 468 16 
0 0 0 11 116 593 301 3 0 0 0 17 134 597 269 7 0 0 0 10 90 491 397 36 
0 0 0 95 319 497 112 1 0 0 3 123 347 413 137 1 0 0 0 82 283 460 197 2 
0 0 0 4 183 722 114 1 0 0 0 8 236 670 110 0 0 0 0 4 162 688 169 1 
0 0 0 11 45 585 372 11 0 0 1 16 54 619 333 1 0 0 0 16 34 533 429 12 
0 0 0 5 83 452 432 52 0 0 0 15 108 467 418 16 0 0 0 5 67 403 496 53 
0 0 0 12 195 571 239 7 0 0 0 30 235 564 193 2 0 0 0 14 185 574 239 12 
0 0 0 7 132 495 356 34 0 0 0 25 162 503 317 17 0 0 0 7 127 474 361 55 
0 0 0 16 91 507 372 38 0 0 0 20 118 507 357 22 0 0 0 14 90 469 410 41 
0 0 4 43 80 378 482 37 0 0 14 39 112 364 470 25 0 0 7 42 77 322 515 61 
0 0 5 58 186 417 301 57 0 0 21 65 231 384 286 37 0 0 13 58 201 356 350 46 
0 0 0 0 20 533 450 21 0 0 0 0 46 519 452 7 0 0 0 0 13 458 521 32 
0 0 0 0 66 599 359 0 0 0 0 0 93 568 363 0 0 0 0 0 41 479 504 0 
0 0 3 15 50 739 217 0 0 0 6 18 76 653 271 0 0 0 4 16 52 563 386 3 
0 0 0 21 51 722 229 1 0 0 2 21 54 686 261 0 0 0 0 18 38 509 448 11 
0 0 1 26 111 775 111 0 0 0 3 31 157 741 92 0 0 0 1 24 115 647 237 0 
0 0 0 7 56 901 59 1 0 0 0 8 75 893 48 0 0 0 0 7 40 840 135 2 
0 0 0 6 116 732 145 25 0 0 0 6 157 719 115 27 0 0 0 0 112 726 154 32 
0 0 8 17 223 715 61 0 0 0 11 15 270 693 35 0 0 0 6 12 146 790 70 0 
0 0 2 36 241 697 48 0 0 0 6 42 250 689 37 0 0 0 2 34 195 718 75 0 
0 0 0 0 232 757 35 0 0 0 0 0 257 743 24 0 0 0 0 0 178 806 40 0 
0 0 0 10 357 609 48 0 0 0 0 15 416 559 34 0 0 0 0 14 316 632 62 0 
0 0 0 1 352 613 54 4 0 0 0 3 398 568 54 1 0 0 0 2 309 649 60 4 
0 8 22 39 342 595 18 0 0 5 31 51 349 569 19 0 0 0 26 45 316 612 25 0 
0 0 0 0 296 728 0 0 0 0 0 0 300 724 0 0 0 0 0 0 242 782 0 0 
0 0 0 0 293 711 20 0 0 0 0 0 267 740 17 0 0 0 0 0 192 818 14 0 
0 0 0 103 560 361 0 0 0 0 0 79 569 376 0 0 0 0 0 73 503 448 0 0 
0 0 0 94 695 235 0 0 0 0 0 114 662 248 0 0 0 0 0 102 641 281 0 0 
0 0 0 69 791 164 0 0 0 0 0 71 739 214 0 0 0 0 0 64 648 312 0 0 
0 0 0 257 731 36 0 0 0 0 0 259 733 32 0 0 0 0 0 275 692 57 0 0 
0 0 0 237 773 14 0 0 0 0 0 171 841 12 0 0 0 0 0 178 825 21 0 0 
0 0 0 319 705 0 0 0 0 0 0 195 805 24 0 0 0 0 0 168 813 43 0 0 
0 0 0 11 423 575 15 0 0 0 0 7 302 680 35 0 0 0 0 0 220 752 52 0 
0 0 0 4 528 491 1 0 0 0 0 4 553 466 1 0 0 0 0 0 413 610 1 0 
0 0 0 0 327 697 0 0 0 0 0 0 372 652 0 0 0 0 0 0 261 761 2 0 
0 0 0 17 408 587 12 0 0 0 0 20 472 523 9 0 0 0 0 16 343 653 12 0 
0 0 0 0 143 881 0 0 0 0 0 2 168 854 0 0 0 0 0 1 134 889 0 0 
0 0 0 92 276 632 24 0 0 0 0 86 328 594 16 0 0 0 0 55 317 627 25 0 
0 0 11 30 404 573 6 0 0 0 10 90 475 446 3 0 0 0 2 51 396 558 17 0 
0 0 0 51 265 657 51 0 0 0 5 66 311 611 31 0 0 0 1 54 250 658 61 0 
0 0 24 94 216 524 166 0 0 0 38 116 223 528 119 0 0 0 30 99 214 543 135 3 
0 0 4 10 545 321 132 12 0 0 4 21 652 211 131 5 0 0 0 8 544 329 141 2 
0 0 0 12 436 531 45 0 0 0 0 17 569 403 35 0 0 0 0 14 397 562 51 0 
0 0 0 29 109 682 190 14 0 0 0 39 132 680 162 11 0 0 0 30 98 655 227 14 
0 0 0 35 243 437 287 22 0 0 0 47 257 444 261 15 0 0 0 35 204 446 316 23 
0 0 0 77 294 440 137 76 0 0 0 123 326 377 128 70 0 0 0 76 303 402 153 90 
0 0 0 59 442 523 0 0 0 0 0 122 699 203 0 0 0 0 0 58 582 384 0 0 
0 0 27 110 340 529 18 0 0 0 49 127 429 413 6 0 0 0 23 119 390 473 19 0 
0 0 0 1 79 540 374 30 0 0 0 17 74 589 319 25 0 0 0 2 54 514 395 59 
0 6 23 33 147 602 211 2 0 14 25 35 214 570 166 0 0 7 25 29 168 560 218 17 
0 0 0 4 84 601 335 0 0 0 0 9 108 645 262 0 0 0 0 8 62 607 347 0 
0 23 76 121 154 340 310 0 1 52 67 129 161 347 267 0 0 45 55 119 159 308 337 1 
0 0 1 4 95 794 130 0 0 0 1 4 166 750 103 0 0 0 1 4 98 768 153 0 
0 0 25 48 253 543 155 0 0 2 30 68 258 548 118 0 0 0 25 46 227 545 181 0 
0 0 0 0 121 669 234 0 0 0 0 1 193 643 187 0 0 0 0 0 116 662 243 3 
0 0 0 3 109 722 148 42 0 0 0 11 172 689 128 24 0 0 0 3 108 692 199 22 
0 0 25 237 240 368 136 18 0 0 91 221 247 389 66 10 0 0 4 274 234 388 108 16 
0 0 0 35 195 532 257 5 0 0 0 55 302 469 197 1 0 0 0 44 227 509 240 4 
0 0 0 9 72 627 300 16 0 0 0 15 114 643 246 6 0 0 0 10 72 619 302 21 
0 0 53 90 216 524 137 4 0 13 61 95 279 490 83 3 0 1 55 85 255 512 109 7 
0 0 0 6 61 553 398 6 0 0 0 14 90 590 330 0 0 0 0 12 65 541 406 0 
0 3 80 169 157 392 223 0 0 21 93 165 188 381 176 0 0 5 71 162 178 396 212 0 
0 50 56 193 132 318 264 11 34 40 116 140 135 348 210 1 17 46 92 147 137 326 253 6 
0 0 0 3 24 225 549 223 0 0 0 5 34 268 531 186 0 0 0 4 27 220 501 272 
0 0 0 0 40 534 303 147 0 0 0 0 82 540 298 104 0 0 0 0 51 515 317 141 
0 0 0 0 69 661 255 39 0 0 0 0 131 660 218 15 0 0 0 0 94 633 278 19 
0 0 0 34 436 436 118 0 0 0 0 81 456 396 91 0 0 0 0 82 417 406 119 0 
0 0 0 35 385 485 119 0 0 0 0 136 380 412 96 0 0 0 0 152 343 393 134 2 
0 0 0 57 405 507 55 0 0 0 3 83 469 426 43 0 0 0 4 65 432 465 58 0 
0 0 0 141 494 337 52 0 0 0 0 233 496 246 49 0 0 0 20 238 400 301 65 0 
0 0 2 32 463 526 1 0 0 0 4 60 571 388 1 0 0 0 1 62 504 452 5 0 
0 0 1 80 407 464 72 0 0 0 17 79 472 390 66 0 0 0 5 61 433 442 83 0 
0 0 0 2 506 472 40 4 0 0 0 15 576 394 33 6 0 0 0 27 514 444 34 5 
0 0 0 16 501 507 0 0 0 0 0 26 592 406 0 0 0 0 0 8 523 493 0 0 
0 0 0 45 511 467 1 0 0 0 0 79 490 455 0 0 0 0 0 77 437 510 0 0 
0 0 0 198 440 385 1 0 0 0 0 202 450 371 1 0 0 0 4 201 434 379 6 0 
0 0 3 372 339 302 8 0 0 0 3 376 355 285 5 0 0 0 24 327 339 327 7 0 
0 0 0 473 493 58 0 0 0 0 5 491 499 29 0 0 0 0 81 451 457 35 0 0 
0 0 0 279 654 91 0 0 0 0 4 267 672 81 0 0 0 0 10 253 642 119 0 0 
0 0 0 463 535 26 0 0 0 0 4 417 579 24 0 0 0 0 2 379 587 56 0 0 
0 0 2 166 448 408 0 0 0 0 7 189 442 386 0 0 0 0 5 166 369 484 0 0 
0 0 0 354 488 182 0 0 0 0 4 340 499 181 0 0 0 0 2 301 524 197 0 0 
0 0 0 0 670 354 0 0 0 0 0 0 703 321 0 0 0 0 0 0 562 461 1 0 
0 0 0 0 308 646 45 25 0 0 0 0 395 556 43 30 0 0 0 0 152 786 57 29 
0 0 0 28 333 584 67 12 0 0 0 44 425 479 52 24 0 0 0 37 261 648 68 10 
0 0 0 15 121 888 0 0 0 0 0 17 173 834 0 0 0 0 0 16 108 900 0 0 
0 0 8 41 210 763 2 0 0 0 12 50 279 683 0 0 0 0 12 39 207 766 0 0 
0 0 0 0 206 798 20 0 0 0 0 4 266 734 20 0 0 0 0 0 212 789 23 0 
0 0 0 0 360 664 0 0 0 0 0 1 424 599 0 0 0 0 0 1 351 672 0 0 
0 0 0 2 38 892 92 0 0 0 0 3 228 732 61 0 0 0 0 2 102 835 85 0 
0 0 45 62 365 533 19 0 0 3 61 63 450 441 6 0 0 0 55 56 340 550 23 0 
0 0 0 2 594 411 17 0 0 0 0 25 739 247 13 0 0 0 0 13 511 476 24 0 
0 0 0 0 327 678 19 0 0 0 0 0 496 519 9 0 0 0 0 0 270 719 35 0 
0 6 113 281 177 339 108 0 3 46 131 291 148 345 60 0 1 29 109 282 179 313 111 0 
0 19 42 126 355 412 67 3 7 18 64 160 401 312 62 0 5 16 51 130 383 368 71 0 
0 12 143 204 323 250 92 0 5 33 194 174 336 224 58 0 0 22 153 190 338 246 75 0 
0 0 106 195 95 474 150 4 0 0 136 202 78 477 131 0 0 0 98 211 97 407 208 3 
0 0 0 100 184 459 264 17 0 0 0 135 172 449 265 3 0 0 0 102 170 384 359 9 
0 0 116 212 173 435 88 0 0 0 167 176 165 454 62 0 0 0 92 218 167 456 91 0 
0 0 2 35 58 565 363 1 0 0 4 35 61 573 351 0 0 0 0 30 54 485 442 13 
0 0 0 2 28 616 378 0 0 0 0 3 57 694 270 0 0 0 0 2 41 636 345 0 
0 0 0 0 29 210 736 49 0 0 0 0 60 247 715 2 0 0 0 0 30 217 765 12 
0 0 0 0 117 246 344 317 0 0 0 12 136 249 549 78 0 0 0 4 124 259 505 132 
0 2 13 19 105 446 376 63 0 10 12 20 138 491 352 1 0 0 16 20 118 409 441 20 
0 0 11 43 193 480 198 99 0 0 21 47 288 403 239 26 0 0 13 41 224 455 254 37 
0 0 0 6 57 786 151 24 0 0 0 13 151 732 113 15 0 0 0 8 78 781 139 18 
0 55 47 52 138 633 99 0 34 41 42 60 173 589 85 0 20 46 42 54 150 588 124 0 
0 0 1 33 126 644 166 54 0 0 3 54 179 605 142 41 0 0 1 48 147 562 209 57 
0 0 0 0 168 665 154 37 0 0 0 11 260 586 144 23 0 0 0 0 198 633 178 15 
0 4 49 89 163 558 148 13 0 23 51 102 228 489 122 9 0 7 50 103 212 491 149 12 
0 0 0 2 85 597 328 12 0 0 0 11 164 584 258 7 0 0 0 2 132 581 297 12 
0 0 0 8 120 581 275 40 0 0 0 15 197 534 243 35 0 0 0 12 187 491 280 54 
0 0 4 33 123 688 163 13 0 0 9 49 163 667 129 7 0 0 6 39 148 648 174 9 
0 0 0 0 95 670 246 13 0 0 0 0 158 673 190 3 0 0 0 0 104 682 230 8 
0 0 0 40 259 547 178 0 0 0 0 93 270 549 112 0 0 0 0 109 226 486 203 0 
0 1 23 110 427 407 56 0 0 0 25 198 389 371 41 0 0 0 15 209 362 386 52 0 
0 0 0 61 253 504 206 0 0 0 0 88 290 473 173 0 0 0 1 88 259 493 183 0 
0 0 10 68 396 399 141 10 0 0 20 119 436 318 128 3 0 0 7 136 391 342 142 6 
0 0 0 6 277 470 223 48 0 0 0 34 278 462 183 67 0 0 0 57 241 434 221 71 
0 0 8 29 432 313 237 5 0 0 11 41 457 272 243 0 0 0 11 112 377 273 249 2 
1 23 85 192 248 420 55 0 8 19 74 196 250 422 55 0 0 17 34 213 267 413 80 0 
0 0 25 189 492 290 28 0 0 0 25 214 476 299 10 0 0 0 11 183 487 329 14 0 
0 0 1 32 384 591 16 0 0 0 0 49 416 548 11 0 0 0 0 32 408 555 29 0 
0 0 0 30 391 577 26 0 0 0 0 34 446 528 16 0 0 0 0 27 434 539 24 0 
0 0 0 30 554 431 9 0 0 0 0 29 580 407 8 0 0 0 0 22 535 452 15 0 
4 19 29 293 457 215 7 0 0 20 34 348 438 178 6 0 0 3 71 340 431 178 1 0 
0 0 0 44 406 574 0 0 0 0 1 58 403 562 0 0 0 0 1 44 361 618 0 0 
0 0 1 236 220 567 0 0 0 0 4 225 237 558 0 0 0 0 44 176 219 585 0 0 
0 0 0 90 760 174 0 0 0 0 0 128 766 130 0 0 0 0 0 98 754 172 0 0 
0 0 0 10 399 613 2 0 0 0 9 21 453 541 0 0 0 5 14 20 422 563 0 0 
0 48 134 212 369 261 0 0 0 46 145 201 392 240 0 0 0 18 138 205 352 311 0 0 
0 0 31 102 354 478 59 0 0 0 41 97 397 420 69 0 0 0 36 85 359 473 71 0 
0 0 0 0 50 919 55 0 0 0 0 0 76 889 59 0 0 0 0 0 30 900 94 0 
0 0 34 172 279 539 0 0 0 6 40 188 279 511 0 0 0 4 27 180 272 541 0 0 
0 0 0 62 306 629 27 0 0 0 0 60 354 587 23 0 0 0 0 36 302 641 45 0 
0 0 75 182 403 331 33 0 0 0 145 123 549 172 35 0 0 0 104 138 552 202 28 0 
0 0 0 0 619 405 0 0 0 0 0 3 821 200 0 0 0 0 0 9 767 248 0 0 
0 0 0 0 221 773 30 0 0 0 0 13 441 541 29 0 0 0 0 10 406 577 31 0 
0 0 0 0 42 946 36 0 0 0 0 0 96 918 10 0 0 0 0 0 21 973 30 0 
0 0 0 36 252 736 0 0 0 0 0 48 351 625 0 0 0 0 0 18 278 728 0 0 
0 0 0 99 290 620 15 0 0 0 0 120 318 582 4 0 0 0 0 74 274 659 17 0 
0 0 0 26 84 722 192 0 0 0 0 39 90 759 136 0 0 0 0 36 75 670 243 0 
0 0 0 10 162 704 146 2 0 0 1 18 235 638 132 0 0 0 0 22 166 644 181 11 
0 27 98 289 370 236 4 0 0 84 83 283 364 208 2 0 0 71 97 219 398 237 2 0 
4 45 32 146 549 248 0 0 24 35 28 192 519 226 0 0 0 47 30 91 541 315 0 0 
0 0 0 2 356 550 116 0 0 0 0 11 368 527 118 0 0 0 0 0 332 537 149 6 
0 0 0 4 148 536 336 0 0 0 0 11 164 529 320 0 0 0 0 0 140 491 382 11 
0 0 22 120 391 475 16 0 0 8 38 176 397 402 3 0 0 9 36 190 307 456 26 0 
68 134 157 250 232 172 11 0 165 111 190 188 240 130 0 0 149 129 180 169 249 146 2 0 
0 96 250 193 119 225 140 1 66 153 217 129 121 253 85 0 53 166 195 134 124 262 90 0 
0 0 0 17 371 436 200 0 0 0 0 76 431 434 83 0 0 0 0 80 416 438 90 0 
0 2 7 43 231 486 236 19 0 8 10 93 298 449 166 0 0 5 9 93 295 439 183 0 
0 0 26 71 160 721 46 0 0 3 57 51 287 572 54 0 0 2 48 54 169 608 143 0 
0 0 0 38 356 572 58 0 0 0 9 68 430 473 44 0 0 0 11 54 297 563 99 0 
0 0 0 0 424 566 34 0 0 0 0 4 552 445 23 0 0 0 0 0 452 508 64 0 
0 0 0 1 451 566 6 0 0 0 0 36 597 388 3 0 0 0 0 33 520 460 11 0 
0 0 0 0 591 421 12 0 0 0 0 45 752 221 6 0 0 0 0 28 745 245 6 0 
0 0 0 0 43 701 266 14 0 0 0 0 124 738 156 6 0 0 0 0 92 678 241 13 
0 43 115 98 115 479 123 51 20 72 108 74 148 457 123 22 7 58 86 107 77 483 173 33 
1 89 78 152 239 380 85 0 61 73 80 173 277 307 53 0 17 99 79 156 244 340 89 0 
0 2 25 119 341 513 24 0 0 3 30 174 400 402 15 0 0 2 17 101 365 514 25 0 
0 0 7 154 359 463 41 0 0 0 36 174 346 439 29 0 0 0 12 157 335 471 49 0 
0 0 0 125 182 577 140 0 0 0 0 159 248 516 101 0 0 0 53 98 178 539 156 0 
0 1 66 307 430 186 34 0 0 12 78 463 281 160 30 0 0 0 145 455 228 161 35 0 
0 0 19 146 480 357 22 0 0 0 28 291 435 265 5 0 0 0 27 291 384 300 22 0 
0 0 0 288 683 53 0 0 0 0 13 461 523 27 0 0 0 0 6 419 569 30 0 0 
0 0 6 139 237 567 75 0 0 0 0 177 301 488 58 0 0 0 30 157 270 495 72 0 
5 34 25 79 217 524 138 2 17 21 32 97 213 529 114 1 6 16 34 82 223 509 149 5 
35 228 430 292 34 2 3 0 149 257 334 248 31 5 0 0 129 286 218 330 54 7 0 0 
0 0 330 501 182 11 0 0 0 3 415 454 151 1 0 0 0 0 322 515 187 0 0 0 
0 0 0 111 392 521 0 0 0 0 5 139 445 435 0 0 0 0 6 135 442 441 0 0 
0 0 13 380 345 286 0 0 0 0 26 405 315 278 0 0 0 0 87 317 303 317 0 0 
0 0 13 183 419 409 0 0 0 0 17 211 420 374 2 0 0 0 15 216 423 355 15 0 
73 62 49 235 325 280 0 0 96 51 45 271 308 253 0 0 71 50 73 258 283 282 7 0 
0 26 47 107 839 5 0 0 1 49 51 204 719 0 0 0 6 50 57 264 640 7 0 0 
0 0 33 302 683 6 0 0 0 0 21 335 659 9 0 0 0 0 0 293 712 19 0 0 
0 26 56 120 299 512 11 0 0 37 74 141 319 446 7 0 0 33 64 164 334 421 8 0 
0 0 0 15 877 132 0 0 0 0 0 50 861 113 0 0 0 0 0 22 831 171 0 0 
0 0 0 0 728 296 0 0 0 0 0 8 700 316 0 0 0 0 0 7 621 396 0 0 
0 0 0 28 205 726 65 0 0 0 0 22 203 718 81 0 0 0 0 1 114 806 103 0 
0 0 0 0 98 870 56 0 0 0 0 0 117 851 56 0 0 0 0 0 75 876 73 0 
0 0 0 5 63 941 15 0 0 0 0 17 80 911 16 0 0 0 0 20 62 916 26 0 
0 0 0 31 192 796 5 0 0 0 0 46 196 782 0 0 0 0 0 44 206 770 4 0 
0 0 46 99 208 652 19 0 0 2 67 97 242 598 18 0 0 4 53 87 270 540 70 0 
0 0 0 3 458 525 38 0 0 0 0 22 499 482 21 0 0 0 0 11 412 564 37 0 
0 0 0 2 134 878 10 0 0 0 0 4 258 761 1 0 0 0 1 4 177 834 8 0 
12 50 43 118 138 660 2 1 45 31 71 85 287 505 0 0 30 35 43 104 181 631 0 0 
0 24 43 153 176 593 35 0 8 31 42 185 179 571 8 0 0 22 48 141 194 556 63 0 
0 0 0 93 92 641 198 0 0 0 10 114 77 673 150 0 0 0 2 99 92 449 382 0 
0 0 0 0 12 530 482 0 0 0 0 0 40 510 474 0 0 0 0 0 3 452 564 5 
0 0 0 0 106 587 329 2 0 0 0 14 126 573 311 0 0 0 0 5 103 542 364 10 
0 0 13 141 458 168 242 2 0 0 22 230 403 139 230 0 0 0 10 241 395 142 232 4 
0 0 12 233 333 388 58 0 0 0 4 304 320 341 55 0 0 0 1 132 453 341 97 0 
0 0 0 45 258 648 73 0 0 0 0 64 262 638 60 0 0 0 0 27 254 599 144 0 
0 0 0 0 41 882 101 0 0 0 0 9 62 879 74 0 0 0 0 0 46 823 155 0 
0 0 0 4 249 594 177 0 0 0 0 8 306 549 161 0 0 0 0 11 249 522 240 2 
0 0 0 7 101 500 374 42 0 0 2 22 117 481 387 15 0 0 10 36 88 416 428 46 
0 0 0 55 127 547 271 24 0 0 9 95 129 524 263 4 0 0 34 89 133 454 270 44 
0 0 0 0 85 766 173 0 0 0 0 0 238 639 147 0 0 0 0 0 275 567 182 0 
0 0 0 0 124 599 301 0 0 0 0 0 230 551 243 0 0 0 0 0 216 483 321 4 
0 0 0 0 692 267 57 8 0 0 0 0 786 183 54 1 0 0 0 0 704 258 61 1 
0 0 11 76 357 432 148 0 0 0 19 81 386 418 120 0 0 0 15 68 342 437 159 3 
0 5 106 274 568 43 19 9 0 18 171 314 461 36 21 3 0 7 124 330 494 42 17 10 
0 0 4 40 324 135 283 238 0 0 6 94 332 86 350 156 0 0 3 91 324 98 261 247 
0 0 0 0 22 267 646 89 0 0 0 0 54 266 680 24 0 0 0 0 36 281 589 118 
0 0 0 21 469 279 240 15 0 0 0 43 597 142 234 8 0 0 0 29 560 172 241 22 
0 0 0 53 395 507 69 0 0 0 15 64 482 418 45 0 0 0 17 55 449 404 99 0 
0 3 6 7 546 446 16 0 0 4 5 16 651 339 9 0 0 0 6 33 562 405 18 0 
0 40 60 134 693 97 0 0 7 64 51 223 611 68 0 0 0 37 79 149 673 86 0 0 
0 0 0 85 624 280 35 0 0 0 2 209 608 182 23 0 0 0 0 144 635 229 16 0 
0 0 0 39 557 366 62 0 0 0 4 104 589 281 46 0 0 0 2 84 555 322 61 0 
0 0 0 73 648 256 47 0 0 0 0 272 518 203 31 0 0 0 0 299 453 230 42 0 
0 0 7 225 628 159 5 0 0 0 11 442 469 102 0 0 0 0 5 531 373 113 2 0 
0 0 0 99 303 442 180 0 0 0 0 159 277 451 137 0 0 0 17 136 228 435 207 1 
0 0 0 842 122 48 12 0 0 0 49 889 33 43 10 0 0 0 340 598 33 34 19 0 
0 0 0 625 355 42 2 0 0 0 1 825 167 31 0 0 0 0 176 687 139 21 1 0 
0 3 117 629 159 109 7 0 0 27 205 614 75 101 2 0 4 45 320 475 74 106 0 0 
0 0 28 368 383 236 9 0 0 0 73 436 275 240 0 0 0 0 115 440 198 271 0 0 
0 0 0 148 862 14 0 0 0 0 0 238 786 0 0 0 0 0 7 284 733 0 0 0 
0 0 2 666 246 110 0 0 0 0 43 717 166 98 0 0 0 0 329 472 141 81 1 0 
0 0 3 596 315 104 6 0 0 0 62 648 220 92 2 0 0 0 154 579 192 97 2 0 
0 0 8 817 192 7 0 0 0 0 115 769 135 5 0 0 0 0 466 430 118 10 0 0 
0 0 0 942 82 0 0 0 0 0 46 950 28 0 0 0 0 0 306 707 11 0 0 0 
0 0 14 978 32 0 0 0 0 0 124 895 5 0 0 0 0 0 445 578 1 0 0 0 
0 0 0 0 676 348 0 0 0 0 0 0 675 349 0 0 0 0 0 0 312 712 0 0 
0 0 0 0 511 513 0 0 0 0 0 0 558 466 0 0 0 0 0 0 296 728 0 0 
0 0 0 1 343 680 0 0 0 0 0 2 468 554 0 0 0 0 0 0 267 757 0 0 
0 0 0 22 129 755 118 0 0 0 0 19 125 731 149 0 0 0 0 3 123 716 182 0 
0 0 0 0 1 549 474 0 0 0 0 0 4 542 478 0 0 0 0 0 1 523 492 8 
0 0 0 0 0 791 233 0 0 0 0 0 0 793 231 0 0 0 0 0 1 756 267 0 
0 0 0 0 43 953 28 0 0 0 0 0 75 916 33 0 0 0 0 0 49 922 53 0 
0 2 32 50 254 597 89 0 0 7 36 50 257 593 81 0 0 4 34 46 178 607 155 0 
0 0 0 0 101 716 207 0 0 0 0 2 121 694 207 0 0 0 0 0 103 505 416 0 
0 0 0 0 82 828 103 11 0 0 0 0 190 741 92 1 0 0 0 0 88 823 105 8 
0 0 75 125 159 583 82 0 0 29 82 157 229 494 33 0 2 19 65 154 231 524 29 0 
0 2 30 250 504 223 15 0 0 12 37 257 517 194 7 0 0 5 32 162 515 298 12 0 
0 0 46 166 432 370 10 0 0 0 58 157 438 359 12 0 0 0 7 144 288 556 29 0 
0 0 146 392 236 194 56 0 0 0 238 305 241 171 69 0 0 0 65 418 247 199 88 7 
0 1 53 166 422 376 6 0 0 11 52 176 453 326 6 0 0 1 43 150 380 428 22 0 
0 0 0 14 69 534 407 0 0 0 0 17 85 504 416 2 0 0 0 17 50 450 483 24 
0 25 80 200 419 170 130 0 10 35 91 268 363 138 119 0 0 31 65 234 400 166 125 3 
0 35 27 124 226 568 44 0 8 34 36 148 221 548 29 0 9 27 31 144 185 581 47 0 
0 0 1 167 331 499 26 0 0 0 30 169 376 434 15 0 0 0 15 158 325 501 25 0 
0 0 0 172 413 416 23 0 0 0 3 226 392 388 15 0 0 0 0 189 409 397 29 0 
0 0 0 16 248 481 276 3 0 0 0 21 284 468 251 0 0 0 0 15 190 516 302 1 
0 0 0 115 252 326 329 2 0 0 9 118 271 316 310 0 0 0 0 111 244 315 354 0 
0 0 0 21 244 463 293 3 0 0 0 34 272 435 283 0 0 0 0 25 213 440 345 1 
0 0 0 0 0 704 320 0 0 0 0 0 0 801 223 0 0 0 0 0 0 674 349 1 
0 0 0 4 65 346 606 3 0 0 0 9 79 406 530 0 0 0 0 7 73 321 623 0 
0 0 0 0 47 281 696 0 0 0 0 0 66 289 669 0 0 0 0 0 59 210 745 10 
0 8 26 128 130 283 443 6 0 21 56 117 128 308 391 3 0 13 42 111 151 202 495 10 
1 216 111 83 48 427 132 6 147 130 81 74 87 382 118 5 104 148 94 86 84 347 155 6 
0 0 0 0 4 771 223 26 0 0 0 0 8 790 209 17 0 0 0 0 0 744 234 46 
0 0 0 32 16 713 263 0 0 0 11 27 17 777 192 0 0 0 10 26 18 563 407 0 
0 0 2 56 197 582 187 0 0 0 10 79 217 622 96 0 0 0 6 72 205 512 229 0 
0 0 0 0 184 730 110 0 0 0 0 0 231 722 71 0 0 0 0 0 188 688 148 0 
0 0 0 2 544 478 0 0 0 0 0 30 585 409 0 0 0 0 0 18 558 448 0 0 
0 0 0 12 665 319 28 0 0 0 0 52 687 273 12 0 0 0 0 49 660 273 42 0 
0 0 0 0 305 660 51 8 0 0 0 1 439 548 35 1 0 0 0 0 337 650 37 0 
0 0 0 13 491 393 100 27 0 0 0 138 403 383 92 8 0 0 0 208 307 382 114 13 
0 0 0 255 440 150 76 103 0 0 0 530 184 142 88 80 0 0 3 570 153 133 75 90 
0 0 71 256 410 268 12 7 0 1 86 305 392 228 4 8 0 0 51 303 384 260 17 9 
0 0 0 23 271 434 288 8 0 0 0 33 361 345 285 0 0 0 0 31 255 401 337 0 
0 0 0 245 216 345 218 0 0 0 20 248 222 323 211 0 0 0 93 185 184 295 266 1 
0 0 0 311 77 481 155 0 0 0 16 337 65 475 131 0 0 0 100 263 48 436 177 0 
0 0 0 345 256 377 46 0 0 0 1 444 200 346 33 0 0 0 3 454 166 371 30 0 
0 0 21 170 445 298 90 0 0 0 16 252 391 266 99 0 0 0 4 267 352 292 109 0 
0 9 66 241 420 288 0 0 0 19 96 237 417 255 0 0 0 9 115 231 416 253 0 0 
0 2 38 44 178 762 0 0 0 11 34 33 244 700 2 0 0 0 25 44 227 724 4 0 
9 86 64 54 225 555 31 0 29 78 65 58 227 551 16 0 2 72 78 79 201 573 19 0 
0 42 200 103 216 463 0 0 0 44 188 143 224 425 0 0 0 10 152 195 249 415 3 0 
0 52 143 334 321 174 0 0 0 49 138 380 276 181 0 0 0 0 141 380 298 205 0 0 
0 0 0 166 828 30 0 0 0 0 0 135 853 36 0 0 0 0 0 66 881 77 0 0 
0 0 0 0 902 122 0 0 0 0 0 0 932 92 0 0 0 0 0 0 866 158 0 0 
0 0 0 0 561 463 0 0 0 0 0 0 601 423 0 0 0 0 0 0 513 511 0 0 
0 0 0 13 146 830 35 0 0 0 0 16 265 699 44 0 0 0 0 13 201 752 58 0 
0 0 0 30 408 525 61 0 0 0 0 58 360 518 88 0 0 0 0 46 331 531 113 3 
0 0 0 3 116 784 121 0 0 0 0 2 119 756 147 0 0 0 0 0 89 719 215 1 
0 0 8 232 540 230 14 0 0 0 3 225 545 251 0 0 0 0 0 150 586 288 0 0 
0 0 1 186 576 261 0 0 0 0 12 193 576 243 0 0 0 0 0 168 486 370 0 0 
0 0 0 65 225 645 89 0 0 0 0 39 239 656 90 0 0 0 0 24 166 660 174 0 
0 0 0 0 0 952 72 0 0 0 0 0 0 958 66 0 0 0 0 0 0 842 181 1 
0 0 0 0 2 513 506 3 0 0 0 0 19 474 523 8 0 0 0 0 21 348 624 31 
92 126 143 213 168 201 81 0 188 108 187 198 116 170 57 0 178 161 134 214 109 142 86 0 
27 49 240 157 190 296 65 0 52 88 240 127 205 274 38 0 42 72 189 198 198 284 41 0 
0 3 117 45 142 715 2 0 0 36 108 37 207 635 1 0 0 18 110 53 138 704 1 0 
0 0 17 28 157 808 14 0 0 2 29 29 235 719 10 0 0 3 26 24 166 772 33 0 
0 0 0 0 95 926 3 0 0 0 0 2 106 913 3 0 0 0 0 0 88 909 27 0 
0 0 0 6 57 772 189 0 0 0 0 17 77 753 177 0 0 0 0 15 60 751 194 4 
0 0 0 46 210 748 20 0 0 0 12 53 312 637 10 0 0 0 7 57 216 724 20 0 
0 0 1 91 545 252 135 0 0 0 12 275 394 209 134 0 0 0 15 263 391 205 150 0 
30 113 284 220 242 129 6 0 76 133 222 233 273 87 0 0 44 94 220 263 272 130 1 0 
0 0 21 148 513 323 19 0 0 0 35 159 560 256 14 0 0 0 26 138 517 324 19 0 
0 0 0 0 317 624 83 0 0 0 0 9 406 538 71 0 0 0 0 1 336 580 107 0 
0 0 18 232 516 258 0 0 0 0 18 247 520 239 0 0 0 0 0 204 499 321 0 0 
0 0 0 0 39 979 6 0 0 0 0 0 100 921 3 0 0 0 0 0 43 963 18 0 
0 0 0 0 0 1012 12 0 0 0 0 0 1 1014 9 0 0 0 0 0 0 1001 23 0 
0 0 0 0 21 932 71 0 0 0 0 0 28 967 29 0 0 0 0 0 16 892 116 0 
0 0 0 40 359 472 153 0 0 0 16 30 382 473 123 0 0 0 14 32 337 445 196 0 
0 13 74 114 543 249 16 15 0 26 97 116 561 211 13 0 0 11 85 112 518 288 10 0 
0 0 27 34 174 789 0 0 0 5 30 38 250 701 0 0 0 0 26 33 200 765 0 0 
0 0 0 1 181 842 0 0 0 0 0 13 271 740 0 0 0 0 0 9 205 810 0 0 
0 0 12 31 267 697 17 0 0 2 20 55 316 621 10 0 0 0 16 46 280 656 26 0 
0 0 0 0 218 765 41 0 0 0 0 0 312 683 29 0 0 0 0 0 169 807 48 0 
0 0 0 0 256 768 0 0 0 0 0 0 330 694 0 0 0 0 0 0 192 832 0 0 
0 0 0 18 238 768 0 0 0 0 0 56 279 689 0 0 0 0 0 12 185 827 0 0 
0 0 0 0 233 791 0 0 0 0 0 0 290 734 0 0 0 0 0 0 121 903 0 0 
0 0 0 4 266 754 0 0 0 0 0 23 320 681 0 0 0 0 0 3 221 800 0 0 
0 0 0 57 212 702 51 2 0 0 0 55 228 684 56 1 0 0 0 36 132 777 71 8 
57 123 147 194 334 147 22 0 98 126 125 231 309 129 6 0 72 101 137 209 341 151 10 3 
18 229 128 228 290 123 8 0 123 160 144 224 293 80 0 0 84 159 141 222 321 97 0 0 
0 83 104 392 263 160 22 0 10 121 144 367 228 148 6 0 9 91 150 361 280 123 10 0 
0 0 0 1 312 653 58 0 0 0 0 6 375 596 47 0 0 0 0 12 310 634 68 0 
0 0 0 0 319 620 85 0 0 0 0 1 415 493 115 0 0 0 0 1 370 494 159 0 
0 0 18 125 544 327 10 0 0 0 13 157 561 288 5 0 0 0 0 130 552 318 24 0 
0 15 221 134 208 446 0 0 0 7 227 134 228 428 0 0 0 0 141 207 221 455 0 0 
0 48 112 74 388 400 2 0 0 41 105 76 410 391 1 0 0 4 88 98 365 460 9 0 
0 0 47 92 168 677 40 0 0 0 31 94 180 681 38 0 0 0 4 85 166 689 80 0 
0 0 5 15 146 840 18 0 0 0 2 13 183 811 15 0 0 0 0 8 111 873 32 0 
0 51 21 19 233 695 5 0 0 45 22 17 238 699 3 0 0 18 26 23 145 793 19 0 
0 0 18 152 380 474 0 0 0 0 20 164 345 495 0 0 0 0 6 147 356 509 6 0 
0 0 0 0 278 746 0 0 0 0 0 0 306 718 0 0 0 0 0 0 229 755 40 0 
0 0 0 45 591 375 13 0 0 0 3 78 589 319 35 0 0 0 4 64 578 313 65 0 
0 0 18 59 245 680 22 0 0 0 32 61 229 677 25 0 0 0 30 56 220 627 91 0 
0 0 1 194 227 543 59 0 0 0 33 238 184 484 85 0 0 0 34 216 209 386 179 0 
0 0 67 303 542 112 0 0 0 2 104 401 451 66 0 0 0 2 86 402 475 59 0 0 
0 6 412 317 194 95 0 0 0 67 430 258 170 99 0 0 0 36 403 286 193 106 0 0 
0 47 246 123 373 234 1 0 0 112 175 125 406 206 0 0 0 79 169 96 427 252 1 0 
0 0 0 0 475 549 0 0 0 0 0 0 545 479 0 0 0 0 0 0 271 753 0 0 
0 0 0 0 217 806 1 0 0 0 0 0 299 724 1 0 0 0 0 0 114 894 16 0 
0 0 0 0 114 899 11 0 0 0 0 0 188 823 13 0 0 0 0 0 42 955 27 0 
0 0 0 0 127 698 199 0 0 0 0 0 190 646 188 0 0 0 0 0 89 697 222 16 
0 0 23 193 232 422 150 4 0 0 67 165 249 399 142 2 0 0 46 159 251 413 146 9 
0 0 0 7 52 563 402 0 0 0 0 8 61 770 185 0 0 0 0 6 46 564 408 0 
0 0 0 0 77 585 362 0 0 0 0 0 138 668 218 0 0 0 0 0 112 606 306 0 
0 0 0 94 590 334 6 0 0 0 0 188 589 247 0 0 0 0 0 153 590 274 7 0 
0 0 57 351 388 228 0 0 0 1 118 355 361 189 0 0 0 1 94 329 373 227 0 0 
0 0 0 35 495 392 102 0 0 0 0 95 419 391 119 0 0 0 0 95 290 470 169 0 
0 0 0 19 240 633 132 0 0 0 2 28 231 561 202 0 0 0 0 17 126 631 250 0 
0 4 204 343 179 166 126 2 10 32 349 184 165 172 112 0 11 29 323 193 170 175 119 4 
0 0 0 15 116 462 431 0 0 0 0 33 135 432 424 0 0 0 1 27 105 424 423 44 
0 0 8 61 209 497 225 24 0 0 13 84 216 475 220 16 0 0 10 76 204 472 208 54 
0 6 123 211 311 268 105 0 0 32 133 239 279 268 73 0 0 13 109 255 305 253 89 0 
0 0 0 0 98 514 412 0 0 0 0 0 165 501 358 0 0 0 0 0 117 463 444 0 
0 0 0 0 78 787 159 0 0 0 0 0 153 781 90 0 0 0 0 0 109 765 150 0 
0 0 0 0 11 500 427 86 0 0 0 0 36 531 402 55 0 0 0 0 30 508 422 64 
0 0 0 1 6 557 400 60 0 0 0 3 22 610 340 49 0 0 1 5 22 558 381 57 
0 14 22 12 70 265 284 357 11 21 12 17 86 308 293 276 0 23 18 17 88 305 306 267 
0 10 69 64 197 603 81 0 0 57 47 53 352 456 59 0 0 41 53 69 299 489 73 0 
0 0 0 27 279 529 182 7 0 0 0 92 264 520 146 2 0 0 0 78 234 521 189 2 
0 0 15 75 506 425 3 0 0 1 36 137 534 316 0 0 0 0 39 131 471 381 2 0 
0 0 0 36 523 465 0 0 0 0 0 62 554 408 0 0 0 0 0 27 427 570 0 0 
0 0 0 1 227 675 119 2 0 0 0 31 250 655 88 0 0 0 0 4 225 647 148 0 
0 0 0 0 56 664 278 26 0 0 0 6 85 694 217 22 0 0 0 6 85 603 298 32 
0 0 0 0 7 882 128 7 0 0 0 0 50 871 101 2 0 0 0 0 7 870 143 4 
0 0 0 37 574 413 0 0 0 0 0 103 662 259 0 0 0 0 0 95 553 376 0 0 
0 0 0 66 750 208 0 0 0 0 0 94 767 163 0 0 0 0 0 30 654 340 0 0 
0 0 66 272 598 88 0 0 0 7 113 286 558 60 0 0 0 1 100 260 509 154 0 0 
0 0 17 242 613 152 0 0 0 0 48 308 616 52 0 0 0 0 46 293 606 79 0 0 
0 0 0 84 445 492 3 0 0 0 0 164 442 418 0 0 0 0 0 144 439 440 1 0 
0 0 0 0 3 964 57 0 0 0 0 0 8 949 67 0 0 0 0 0 3 912 109 0 
0 0 0 0 19 864 141 0 0 0 0 0 19 761 244 0 0 0 0 0 10 703 311 0 
0 26 134 141 413 289 21 0 0 27 111 138 465 231 52 0 0 4 84 151 342 374 69 0 
1 327 136 38 355 167 0 0 87 307 99 35 424 72 0 0 43 289 174 45 315 158 0 0 
0 119 156 37 135 577 0 0 0 206 97 34 179 508 0 0 1 159 149 36 162 515 2 0 
0 243 442 36 66 237 0 0 2 348 330 38 87 219 0 0 0 96 543 67 46 272 0 0 
1 427 285 125 184 2 0 0 6 561 171 142 144 0 0 0 0 384 340 149 145 6 0 0 
0 0 46 374 468 136 0 0 0 0 81 374 450 119 0 0 0 0 72 366 441 145 0 0 
0 0 1 122 598 302 1 0 0 0 0 144 559 321 0 0 0 0 0 130 523 366 5 0 
0 0 11 167 547 299 0 0 0 0 12 146 507 358 1 0 0 0 5 134 470 406 9 0 
0 0 0 119 496 409 0 0 0 0 2 124 444 454 0 0 0 0 1 101 427 492 3 0 
0 0 0 283 285 428 28 0 0 0 0 300 272 399 53 0 0 0 0 213 316 357 138 0 
0 0 0 280 184 451 109 0 0 0 77 216 161 351 219 0 0 0 107 172 114 286 345 0 
0 0 4 731 188 101 0 0 0 0 186 677 86 75 0 0 0 2 494 364 83 75 6 0 
0 0 91 698 234 1 0 0 0 0 188 773 63 0 0 0 0 0 177 771 76 0 0 0 
0 0 18 667 282 57 0 0 0 0 65 665 226 68 0 0 0 13 31 607 286 87 0 0 
0 0 0 289 567 168 0 0 0 0 1 315 546 162 0 0 0 0 0 122 696 206 0 0 
0 0 0 38 840 146 0 0 0 0 0 70 915 39 0 0 0 0 0 2 840 182 0 0 
0 0 0 0 525 499 0 0 0 0 0 0 706 318 0 0 0 0 0 0 381 643 0 0 
0 0 0 0 338 686 0 0 0 0 0 0 575 449 0 0 0 0 0 0 274 750 0 0 
0 0 0 4 172 848 0 0 0 0 0 66 236 722 0 0 0 0 0 61 183 780 0 0 
0 0 0 0 187 696 141 0 0 0 0 43 239 671 71 0 0 0 0 39 184 659 142 0 
0 0 0 37 547 401 39 0 0 0 0 134 556 320 14 0 0 0 0 135 515 340 34 0 
0 0 0 85 926 13 0 0 0 0 0 301 723 0 0 0 0 0 4 313 703 4 0 0 
0 0 0 367 657 0 0 0 0 0 1 885 138 0 0 0 0 0 7 891 126 0 0 0 
0 0 0 174 486 284 78 2 0 0 0 376 291 278 79 0 0 0 0 356 284 298 86 0 
0 0 0 76 161 234 550 3 0 0 0 156 100 220 547 1 0 0 0 158 96 204 558 8 
0 0 2 60 228 184 535 15 0 0 27 107 232 122 532 4 0 5 37 115 231 93 492 51 
0 0 0 18 619 328 59 0 0 0 0 19 729 227 49 0 0 0 0 0 714 260 50 0 
0 0 0 0 125 720 179 0 0 0 0 0 281 552 191 0 0 0 0 0 264 450 310 0 
0 0 0 2 448 419 154 1 0 0 0 15 489 377 143 0 0 0 0 8 471 360 185 0 
0 0 49 179 197 371 223 5 0 5 124 134 222 369 170 0 0 1 104 141 178 418 181 1 
0 0 149 220 224 372 59 0 0 5 209 191 219 341 59 0 0 2 186 197 224 337 78 0 
0 0 0 3 14 170 751 86 0 0 0 1 11 152 797 63 0 0 0 0 5 113 830 76 
0 0 0 0 0 416 589 19 0 0 0 0 1 471 542 10 0 0 0 0 0 412 597 15 
0 0 0 0 1 839 184 0 0 0 0 0 10 898 116 0 0 0 0 0 7 854 162 1 
0 1 45 24 105 800 49 0 0 16 30 27 136 773 42 0 0 0 29 31 97 790 77 0 
0 0 28 124 326 486 54 6 0 0 38 148 362 426 48 2 0 0 20 146 317 470 64 7 
0 0 0 0 12 580 430 2 0 0 0 0 26 644 354 0 0 0 0 0 21 455 543 5 
0 0 49 90 261 519 105 0 0 0 57 100 337 444 86 0 0 0 34 86 270 542 92 0 
0 0 3 95 299 570 57 0 0 0 7 111 283 581 42 0 0 0 4 78 290 570 82 0 
0 0 0 5 253 731 35 0 0 0 0 15 267 715 27 0 0 0 0 2 253 727 42 0 
0 0 0 0 224 782 18 0 0 0 0 5 319 694 6 0 0 0 0 1 242 767 14 0 
0 0 0 0 304 685 35 0 0 0 0 14 454 535 21 0 0 0 0 12 320 654 38 0 
0 0 0 8 648 368 0 0 0 0 0 34 714 276 0 0 0 0 0 22 545 457 0 0 
0 0 0 28 844 152 0 0 0 0 0 66 881 77 0 0 0 0 0 29 793 202 0 0 
0 0 0 26 745 253 0 0 0 0 0 39 800 185 0 0 0 0 0 24 540 460 0 0 
0 0 38 164 624 189 9 0 0 0 40 173 665 139 7 0 0 0 5 154 665 193 7 0 
0 0 0 0 592 425 7 0 0 0 0 0 657 358 9 0 0 0 0 0 525 489 10 0 
13 45 32 62 382 490 0 0 14 28 34 69 326 550 3 0 0 14 31 43 293 635 8 0 
42 237 104 63 326 252 0 0 93 149 94 75 416 197 0 0 35 135 97 83 336 338 0 0 
3 318 388 97 216 2 0 0 55 309 317 93 243 7 0 0 0 253 331 142 272 26 0 0 
11 67 141 206 443 156 0 0 37 41 178 198 450 120 0 0 21 47 144 206 377 229 0 0 
0 3 9 26 316 663 7 0 0 3 11 16 369 619 6 0 0 1 6 14 240 753 10 0 
0 169 187 176 309 183 0 0 6 261 110 181 323 143 0 0 4 204 151 188 253 224 0 0 
0 28 173 216 425 182 0 0 0 48 158 231 409 178 0 0 0 21 172 208 430 193 0 0 
0 0 11 320 591 102 0 0 0 0 15 348 543 118 0 0 0 0 14 331 558 121 0 0 
0 0 0 17 444 534 29 0 0 0 0 12 455 532 25 0 0 0 0 8 456 547 13 0 
0 0 0 0 180 600 244 0 0 0 0 0 200 602 222 0 0 0 0 0 199 661 164 0 
0 0 25 536 330 125 8 0 0 0 183 496 254 91 0 0 0 0 353 349 238 84 0 0 
0 0 43 399 342 240 0 0 0 0 61 454 287 222 0 0 0 0 188 298 283 253 2 0 
0 0 0 109 233 656 26 0 0 0 4 162 202 650 6 0 0 0 69 115 112 694 34 0 
0 0 0 376 387 261 0 0 0 0 144 341 401 138 0 0 0 0 213 279 344 187 1 0 
0 0 1 590 429 4 0 0 0 0 7 719 298 0 0 0 0 0 36 594 394 0 0 0 
0 0 0 794 230 0 0 0 0 0 0 895 129 0 0 0 0 0 1 686 337 0 0 0 
0 0 0 164 808 52 0 0 0 0 0 173 819 32 0 0 0 0 0 81 858 85 0 0 
0 0 0 0 433 590 1 0 0 0 0 0 612 412 0 0 0 0 0 0 215 809 0 0 
0 0 0 0 27 992 5 0 0 0 0 0 83 939 2 0 0 0 0 0 11 1008 5 0 
0 0 0 0 116 908 0 0 0 0 0 0 245 779 0 0 0 0 0 0 92 932 0 0 
0 0 0 176 293 553 2 0 0 0 0 246 349 427 2 0 0 0 1 239 260 518 6 0 
0 0 0 484 531 9 0 0 0 0 0 896 128 0 0 0 0 0 48 893 80 3 0 0 
0 0 46 722 256 0 0 0 0 0 203 784 37 0 0 0 0 0 311 690 23 0 0 0 
0 0 97 413 462 52 0 0 0 2 174 657 151 40 0 0 0 3 187 643 144 47 0 0 
0 0 0 78 424 480 42 0 0 0 0 186 353 457 28 0 0 0 0 156 324 470 74 0 
0 0 0 0 51 850 123 0 0 0 0 0 49 830 145 0 0 0 0 0 0 713 311 0 
0 0 0 0 0 573 451 0 0 0 0 0 0 453 571 0 0 0 0 0 0 332 691 1 
0 0 0 0 8 543 471 2 0 0 0 0 4 486 534 0 0 0 0 0 0 263 758 3 
0 0 0 0 28 474 522 0 0 0 0 0 21 435 568 0 0 0 0 0 0 309 714 1 
0 0 0 3 260 438 323 0 0 0 0 46 242 413 323 0 0 0 0 7 200 463 353 1 
0 0 0 0 142 805 77 0 0 0 0 0 233 727 64 0 0 0 0 0 181 701 142 0 
0 4 90 121 123 632 54 0 0 4 149 99 123 626 23 0 0 0 114 131 117 561 101 0 
0 0 0 40 109 846 29 0 0 0 2 49 227 723 23 0 0 0 1 45 150 745 83 0 
0 0 0 17 308 683 16 0 0 0 0 26 461 523 14 0 0 0 0 7 345 650 22 0 
0 0 0 162 425 427 10 0 0 0 0 262 365 397 0 0 0 0 0 106 459 446 13 0 
0 1 36 103 471 374 39 0 0 7 53 187 399 354 24 0 0 3 49 105 455 368 44 0 
0 0 4 112 109 793 6 0 0 0 21 109 197 693 4 0 0 0 21 111 115 765 12 0 
0 0 0 0 17 924 83 0 0 0 0 0 51 900 73 0 0 0 0 0 31 851 140 2 
0 0 0 71 443 435 75 0 0 0 0 148 400 446 30 0 0 0 0 80 417 429 98 0 
0 0 4 489 499 32 0 0 0 0 24 562 438 0 0 0 0 0 14 485 524 1 0 0 
0 0 0 101 903 20 0 0 0 0 0 258 753 13 0 0 0 0 0 136 863 25 0 0 
0 0 0 318 679 27 0 0 0 0 0 446 550 28 0 0 0 0 0 358 604 62 0 0 
0 0 3 821 157 43 0 0 0 0 16 852 114 42 0 0 0 0 0 811 131 81 1 0 
0 0 0 454 540 30 0 0 0 0 0 738 252 34 0 0 0 0 0 643 336 45 0 0 
0 0 0 502 522 0 0 0 0 0 0 776 248 0 0 0 0 0 0 691 330 3 0 0 
0 0 0 540 408 76 0 0 0 0 0 788 157 79 0 0 0 0 0 750 157 117 0 0 
0 0 4 775 245 0 0 0 0 0 79 734 211 0 0 0 0 0 100 688 229 7 0 0 
0 0 231 530 263 0 0 0 0 0 429 346 249 0 0 0 0 0 460 296 268 0 0 0 
1 31 358 228 396 10 0 0 8 32 401 196 384 3 0 0 0 43 357 193 398 33 0 0 
162 164 174 315 195 14 0 0 320 48 205 260 188 3 0 0 258 109 166 278 173 40 0 0 
235 215 226 230 84 34 0 0 457 96 229 162 59 21 0 0 421 158 177 224 34 10 0 0 
11 24 15 73 420 481 0 0 58 14 14 93 423 422 0 0 77 28 16 65 397 441 0 0 
0 0 0 161 505 358 0 0 0 0 0 193 473 358 0 0 0 0 0 118 498 408 0 0 
0 0 0 34 638 352 0 0 0 0 0 54 675 295 0 0 0 0 0 27 514 483 0 0 
0 0 0 121 842 61 0 0 0 0 0 87 859 78 0 0 0 0 0 34 814 176 0 0 
