0 0 0 0 842 182 0 0 0 0 0 0 0 0 1024 0 0 0 0 0 0 0 0 1024 
0 0 0 0 136 864 24 0 0 0 0 0 0 0 989 35 0 0 0 0 0 0 0 1024 
0 0 0 0 0 528 469 27 0 0 0 0 0 0 576 448 0 0 0 0 0 0 0 1024 
0 0 0 0 0 0 820 204 0 0 0 0 0 0 10 1014 0 0 0 0 0 0 0 1024 
0 0 0 0 0 0 911 113 0 0 0 0 0 0 175 849 0 0 0 0 0 0 0 1024 
0 0 0 0 0 242 782 0 0 0 0 0 0 0 981 43 0 0 0 0 0 0 286 738 
0 0 0 0 0 1017 7 0 0 0 0 0 0 110 914 0 0 0 0 0 0 0 1021 3 
0 0 0 0 197 827 0 0 0 0 0 0 0 895 129 0 0 0 0 0 0 168 856 0 
0 0 0 0 148 526 350 0 0 0 0 0 0 20 924 80 0 0 0 0 0 0 68 956 
0 0 0 0 0 100 540 384 0 0 0 0 0 0 244 780 0 0 0 0 0 0 1 1023 
0 0 0 0 0 136 226 662 0 0 0 0 0 0 224 800 0 0 0 0 0 0 51 973 
0 0 0 0 0 191 159 674 0 0 0 0 0 0 267 757 0 0 0 0 0 0 164 860 
0 0 0 0 6 323 253 442 0 0 0 0 0 48 398 578 0 0 0 0 0 0 340 684 
0 0 0 0 245 601 178 0 0 0 0 0 0 428 567 29 0 0 0 0 0 154 714 156 
0 0 0 14 449 561 0 0 0 0 0 0 122 754 148 0 0 0 0 0 0 428 596 0 
0 0 0 256 302 445 21 0 0 0 0 0 422 338 264 0 0 0 0 0 92 462 470 0 
0 0 0 0 264 755 5 0 0 0 0 0 0 507 517 0 0 0 0 0 0 0 816 208 
0 0 0 0 42 897 85 0 0 0 0 0 0 265 759 0 0 0 0 0 0 0 603 421 
0 0 0 0 150 854 20 0 0 0 0 0 0 304 720 0 0 0 0 0 0 0 843 181 
0 0 0 0 370 498 156 0 0 0 0 0 0 551 472 1 0 0 0 0 0 1 840 183 
0 0 0 0 458 495 71 0 0 0 0 0 0 718 300 6 0 0 0 0 0 113 854 57 
0 0 0 32 899 93 0 0 0 0 0 0 132 887 5 0 0 0 0 0 0 780 244 0 
0 0 9 278 709 28 0 0 0 0 0 75 600 349 0 0 0 0 0 29 64 922 9 0 
0 0 309 500 215 0 0 0 0 0 39 508 462 15 0 0 0 0 1 460 250 313 0 0 
0 0 0 465 525 34 0 0 0 0 0 1 506 517 0 0 0 0 0 0 49 546 429 0 
0 0 0 370 505 149 0 0 0 0 0 2 440 556 26 0 0 0 0 0 69 517 438 0 
0 0 4 372 635 13 0 0 0 0 0 24 430 570 0 0 0 0 0 8 197 463 356 0 
0 0 24 551 444 3 2 0 0 0 0 86 548 387 1 2 0 0 0 33 350 511 128 2 
0 0 26 704 294 0 0 0 0 0 0 219 628 177 0 0 0 0 0 201 355 467 1 0 
0 0 154 771 99 0 0 0 0 0 4 535 471 14 0 0 0 0 4 534 245 241 0 0 
0 1 97 817 109 0 0 0 0 0 21 722 281 0 0 0 0 0 16 663 319 26 0 0 
0 1 180 630 213 0 0 0 0 0 79 625 320 0 0 0 0 0 23 597 403 1 0 0 
0 0 47 856 116 5 0 0 0 0 0 323 685 15 1 0 0 0 0 1 681 336 6 0 
0 1 92 458 327 119 27 0 0 0 40 205 521 219 39 0 0 0 18 182 436 298 87 3 
0 26 412 483 62 27 14 0 0 3 164 550 265 33 9 0 0 3 150 538 290 34 9 0 
0 68 484 455 16 1 0 0 0 13 224 610 172 4 1 0 0 13 234 641 129 7 0 0 
1 74 430 486 21 8 3 1 0 14 221 611 160 9 7 2 0 19 259 630 101 10 4 1 
0 76 492 445 11 0 0 0 0 27 221 621 155 0 0 0 0 29 272 642 81 0 0 0 
2 104 517 371 29 1 0 0 0 50 213 632 123 6 0 0 0 53 287 615 65 4 0 0 
0 108 418 457 36 5 0 0 0 44 295 600 83 2 0 0 0 51 340 575 56 2 0 0 
19 37 503 463 2 0 0 0 10 33 60 899 22 0 0 0 8 30 55 482 449 0 0 0 
17 73 117 720 89 6 2 0 7 55 117 451 374 17 3 0 6 60 120 99 688 44 6 1 
16 138 224 307 256 68 14 1 3 87 214 222 391 78 27 2 4 105 238 111 393 136 30 7 
13 199 541 189 47 31 4 0 1 101 440 381 71 26 4 0 2 132 526 277 63 21 3 0 
11 244 699 70 0 0 0 0 3 122 534 353 12 0 0 0 4 141 682 197 0 0 0 0 
28 313 612 69 2 0 0 0 13 197 492 320 2 0 0 0 12 235 643 132 2 0 0 0 
39 316 546 123 0 0 0 0 11 182 440 386 5 0 0 0 16 213 599 196 0 0 0 0 
30 253 609 132 0 0 0 0 9 134 404 456 21 0 0 0 10 184 593 237 0 0 0 0 
207 474 185 70 44 24 8 12 145 382 344 74 46 17 7 9 131 424 312 81 47 14 6 9 
162 499 291 19 11 13 11 18 85 334 508 44 13 14 7 19 91 375 492 15 14 12 7 18 
106 252 562 45 28 14 10 7 73 212 348 328 30 13 12 8 81 228 603 54 29 12 10 7 
132 245 558 37 12 13 12 15 71 188 446 263 18 11 12 15 70 243 611 50 14 10 12 14 
127 328 560 9 0 0 0 0 61 192 586 185 0 0 0 0 66 273 670 15 0 0 0 0 
149 360 468 46 1 0 0 0 56 328 314 325 1 0 0 0 77 368 528 51 0 0 0 0 
216 375 405 28 0 0 0 0 103 366 286 268 1 0 0 0 131 409 445 39 0 0 0 0 
187 416 384 24 8 2 0 3 72 406 347 186 8 1 1 3 87 467 418 39 8 2 0 3 
372 384 116 73 36 26 6 11 332 388 154 72 38 23 6 11 310 397 156 77 42 24 6 12 
400 378 147 58 18 4 10 9 330 326 263 59 24 3 10 9 319 384 209 63 27 3 10 9 
484 428 87 4 4 5 1 11 390 276 326 11 6 3 2 10 383 451 164 6 5 3 4 8 
362 477 173 12 0 0 0 0 299 216 413 96 0 0 0 0 303 418 294 9 0 0 0 0 
411 480 128 5 0 0 0 0 305 338 372 9 0 0 0 0 331 443 245 5 0 0 0 0 
589 393 40 2 0 0 0 0 395 527 93 9 0 0 0 0 427 526 69 2 0 0 0 0 
559 285 179 1 0 0 0 0 381 425 95 123 0 0 0 0 426 404 192 2 0 0 0 0 
461 290 269 4 0 0 0 0 334 354 214 122 0 0 0 0 368 359 293 4 0 0 0 0 
