0 0 697 310 10 4 3 0 0 32 908 74 5 5 0 0 0 0 73 853 87 7 4 0 
0 0 506 510 6 2 0 0 0 1 943 72 7 1 0 0 0 0 2 847 165 8 2 0 
0 1 1014 9 0 0 0 0 0 25 999 0 0 0 0 0 0 0 2 1010 12 0 0 0 
0 34 990 0 0 0 0 0 0 27 997 0 0 0 0 0 0 0 1 1023 0 0 0 0 
0 1 1020 3 0 0 0 0 0 2 1022 0 0 0 0 0 0 0 1 1008 15 0 0 0 
0 1 960 44 8 3 4 4 0 2 992 18 2 2 4 4 0 0 0 946 66 2 3 7 
0 3 705 83 21 11 20 181 0 3 768 39 10 19 11 174 0 0 0 648 162 14 18 182 
0 1 271 36 363 253 30 70 0 0 283 24 37 578 26 76 0 0 0 225 73 17 389 320 
0 0 5 5 915 99 0 0 0 0 0 7 14 1003 0 0 0 0 0 0 4 5 713 302 
0 0 0 0 942 79 3 0 0 0 0 0 0 1020 2 2 0 0 0 0 0 0 360 664 
0 0 0 0 1018 6 0 0 0 0 0 0 0 1024 0 0 0 0 0 0 0 0 371 653 
0 0 0 0 1024 0 0 0 0 0 0 0 0 1024 0 0 0 0 0 0 0 0 287 737 
0 0 0 0 977 44 3 0 0 0 0 0 0 1014 10 0 0 0 0 0 0 0 291 733 
0 0 0 0 590 92 313 29 0 0 0 0 4 660 316 44 0 0 0 0 0 0 236 788 
0 0 0 0 1016 8 0 0 0 0 0 0 6 1017 1 0 0 0 0 0 0 0 279 745 
0 0 0 0 1024 0 0 0 0 0 0 0 26 998 0 0 0 0 0 0 0 0 520 504 
0 0 0 0 1024 0 0 0 0 0 0 0 92 932 0 0 0 0 0 0 0 0 473 551 
0 0 0 5 1019 0 0 0 0 0 0 0 364 660 0 0 0 0 0 0 0 0 702 322 
0 0 0 3 1021 0 0 0 0 0 0 0 633 391 0 0 0 0 0 0 0 0 974 50 
0 0 0 0 1024 0 0 0 0 0 0 0 629 395 0 0 0 0 0 0 0 0 998 26 
0 0 0 14 905 61 44 0 0 0 0 0 575 401 48 0 0 0 0 0 0 0 897 127 
0 0 0 6 546 305 163 4 0 0 0 0 398 453 161 12 0 0 0 0 0 0 680 344 
0 0 0 0 324 339 348 13 0 0 0 0 196 419 370 39 0 0 0 0 0 2 444 578 
0 0 0 0 121 437 418 16 0 0 0 0 45 469 430 48 0 0 0 0 0 2 284 706 
0 4 740 278 2 0 0 0 0 292 677 55 0 0 0 0 0 0 358 652 14 0 0 0 
0 1 749 265 9 0 0 0 0 68 897 59 0 0 0 0 0 0 146 855 23 0 0 0 
0 0 845 170 9 0 0 0 0 21 962 41 0 0 0 0 0 0 19 977 28 0 0 0 
0 14 939 69 2 0 0 0 0 10 991 22 1 0 0 0 0 0 17 969 37 1 0 0 
0 0 1002 20 2 0 0 0 0 4 1011 7 2 0 0 0 0 0 1 1000 22 1 0 0 
0 0 1010 14 0 0 0 0 0 0 1023 1 0 0 0 0 0 0 1 1013 10 0 0 0 
0 3 1021 0 0 0 0 0 0 7 1017 0 0 0 0 0 0 0 1 1022 1 0 0 0 
0 0 1018 6 0 0 0 0 0 2 1021 1 0 0 0 0 0 0 0 990 34 0 0 0 
0 3 884 21 116 0 0 0 0 0 886 15 22 101 0 0 0 0 2 837 57 10 65 53 
0 4 317 50 325 90 62 176 0 0 352 21 23 381 59 188 0 0 0 301 65 17 152 489 
0 0 4 5 203 118 43 651 0 0 5 5 2 307 45 660 0 0 0 9 1 4 125 885 
0 0 0 0 502 141 52 329 0 0 0 0 0 621 51 352 0 0 0 0 0 0 75 949 
0 0 0 0 400 184 93 347 0 0 0 0 0 525 128 371 0 0 0 0 0 0 102 922 
0 0 0 0 337 166 199 322 0 0 0 0 0 473 155 396 0 0 0 0 0 0 166 858 
0 0 0 0 592 207 80 145 0 0 0 0 0 765 100 159 0 0 0 0 0 0 147 877 
0 0 0 0 720 258 45 1 0 0 0 0 0 936 87 1 0 0 0 0 0 0 148 876 
0 0 0 0 1007 17 0 0 0 0 0 0 0 1024 0 0 0 0 0 0 0 0 244 780 
0 0 0 0 1024 0 0 0 0 0 0 0 61 963 0 0 0 0 0 0 0 0 557 467 
0 0 0 0 1022 2 0 0 0 0 0 0 59 965 0 0 0 0 0 0 0 0 883 141 
0 0 0 0 1024 0 0 0 0 0 0 0 152 872 0 0 0 0 0 0 0 0 1024 0 
0 0 0 2 1018 4 0 0 0 0 0 0 844 180 0 0 0 0 0 0 0 0 1020 4 
0 0 0 12 941 67 4 0 0 0 0 0 705 311 8 0 0 0 0 0 0 1 1022 1 
0 0 0 0 391 489 142 2 0 0 0 0 144 744 136 0 0 0 0 0 0 0 787 237 
0 0 0 0 262 522 207 1 0 0 0 0 76 714 202 0 0 0 0 0 0 0 657 335 
0 1 138 584 301 0 0 0 0 55 526 443 0 0 0 0 0 0 121 819 84 0 0 0 
0 3 372 375 273 1 0 0 0 134 505 381 4 0 0 0 0 0 207 756 61 0 0 0 
0 0 71 482 465 6 0 0 0 17 367 615 25 0 0 0 0 0 41 740 243 0 0 0 
0 0 479 226 269 50 0 0 0 3 624 314 83 0 0 0 0 0 15 794 214 1 0 0 
0 0 572 430 22 0 0 0 0 0 897 127 0 0 0 0 0 0 5 983 36 0 0 0 
0 0 707 317 0 0 0 0 0 3 939 82 0 0 0 0 0 0 13 1007 4 0 0 0 
0 0 905 119 0 0 0 0 0 0 993 31 0 0 0 0 0 0 13 1009 2 0 0 0 
0 0 1024 0 0 0 0 0 0 0 1024 0 0 0 0 0 0 0 5 1019 0 0 0 0 
0 0 1020 4 0 0 0 0 0 3 1021 0 0 0 0 0 0 0 3 1015 6 0 0 0 
0 0 1022 2 0 0 0 0 0 0 1024 0 0 0 0 0 0 0 1 1022 1 0 0 0 
0 0 770 165 13 11 40 25 0 0 869 69 11 11 48 16 0 0 0 819 121 12 19 53 
0 0 278 402 36 10 11 287 0 0 472 239 13 7 16 277 0 0 0 359 353 14 11 287 
0 0 135 374 24 13 20 458 0 0 332 186 18 15 22 451 0 0 0 344 182 17 14 467 
0 0 23 155 28 13 18 787 0 0 108 89 18 6 24 779 0 0 0 107 93 17 11 796 
0 0 0 29 40 12 32 911 0 0 1 55 15 13 30 910 0 0 0 5 60 8 19 932 
0 0 0 0 0 63 57 904 0 0 0 0 0 49 60 915 0 0 0 0 0 0 0 1024 
0 0 0 0 16 119 70 819 0 0 0 0 2 107 76 839 0 0 0 0 0 5 64 955 
0 0 0 0 66 197 63 698 0 0 0 0 0 238 64 722 0 0 0 0 0 0 93 931 
0 0 0 0 86 132 121 685 0 0 0 0 1 206 164 653 0 0 0 0 1 1 92 930 
0 0 0 0 207 101 155 561 0 0 0 0 8 293 154 569 0 0 0 0 0 0 279 745 
0 0 0 0 89 60 595 280 0 0 0 0 11 125 609 279 0 0 0 0 0 0 132 892 
0 0 0 0 18 132 697 177 0 0 0 0 6 132 765 121 0 0 0 0 0 0 141 883 
0 0 0 0 3 200 799 22 0 0 0 0 0 436 560 28 0 0 0 0 0 0 456 568 
0 12 4 3 4 178 733 58 0 14 2 3 4 325 567 77 0 0 8 8 3 2 351 620 
0 10 77 341 551 45 0 0 1 62 359 547 55 0 0 0 0 5 188 741 90 0 0 0 
0 72 242 571 135 3 1 0 0 238 559 220 6 1 0 0 0 20 420 554 28 2 0 0 
0 39 267 573 141 3 1 0 0 180 631 209 2 2 0 0 0 0 363 649 9 3 0 0 
0 0 73 415 527 9 0 0 0 34 406 574 10 0 0 0 0 3 246 723 52 0 0 0 
0 0 15 258 715 36 0 0 0 7 219 687 111 0 0 0 0 0 78 731 215 0 0 0 
0 0 107 520 341 56 0 0 0 1 364 571 88 0 0 0 0 0 42 806 176 0 0 0 
0 0 425 566 27 6 0 0 0 0 722 281 21 0 0 0 0 0 7 988 29 0 0 0 
0 0 588 436 0 0 0 0 0 1 989 34 0 0 0 0 0 0 3 1020 1 0 0 0 
0 0 904 120 0 0 0 0 0 0 1023 1 0 0 0 0 0 0 9 1015 0 0 0 0 
0 0 929 95 0 0 0 0 0 0 1020 4 0 0 0 0 0 0 1 1023 0 0 0 0 
0 0 1000 24 0 0 0 0 0 0 1024 0 0 0 0 0 0 0 1 1023 0 0 0 0 
0 0 997 27 0 0 0 0 0 0 1016 8 0 0 0 0 0 0 9 1010 5 0 0 0 
0 0 951 73 0 0 0 0 0 0 996 28 0 0 0 0 0 0 2 1003 19 0 0 0 
0 0 892 132 0 0 0 0 0 0 1014 10 0 0 0 0 0 0 4 1001 19 0 0 0 
0 0 655 219 74 7 9 60 0 0 762 173 18 8 7 56 0 0 0 722 223 9 9 61 
0 0 80 163 382 126 40 233 0 0 133 238 329 59 54 211 0 0 0 111 201 384 81 247 
0 0 0 196 424 131 117 156 0 0 1 351 312 127 108 125 0 0 0 0 278 408 151 187 
0 0 10 496 122 55 42 299 0 0 45 505 105 47 48 274 0 0 0 13 505 134 57 315 
0 0 166 563 139 16 72 68 0 0 305 457 110 15 92 45 0 0 0 194 566 119 21 124 
0 0 96 484 138 25 226 55 0 0 162 489 73 31 221 48 0 0 0 96 547 82 40 259 
0 0 63 280 45 114 522 0 0 0 125 237 32 156 474 0 0 0 0 90 280 26 202 426 
0 49 86 39 25 400 425 0 3 82 74 25 27 513 300 0 0 0 80 45 51 26 624 198 
0 484 109 15 16 309 91 0 1 583 16 14 21 387 2 0 0 55 526 18 12 19 380 14 
0 734 76 12 12 130 28 0 2 802 11 9 12 154 2 0 0 118 685 12 8 13 145 11 
0 0 2 254 465 296 7 0 0 2 247 472 272 31 0 0 0 0 191 604 219 10 0 0 
0 1 45 386 490 102 0 0 0 40 400 503 81 0 0 0 0 13 206 746 59 0 0 0 
0 0 103 510 379 32 0 0 0 79 464 445 36 0 0 0 0 9 318 665 32 0 0 0 
0 0 88 459 427 50 0 0 0 38 445 502 39 0 0 0 0 8 265 739 12 0 0 0 
0 0 118 422 450 34 0 0 0 54 441 483 46 0 0 0 0 1 336 674 13 0 0 0 
0 0 4 222 718 80 0 0 0 6 200 715 103 0 0 0 0 0 127 778 119 0 0 0 
0 0 8 229 534 253 0 0 0 7 138 575 304 0 0 0 0 2 88 694 240 0 0 0 
0 0 5 483 233 303 0 0 0 0 170 471 380 3 0 0 0 0 0 613 400 11 0 0 
0 0 154 695 70 105 0 0 0 0 706 179 139 0 0 0 0 0 0 860 147 17 0 0 
0 0 364 660 0 0 0 0 0 0 1020 4 0 0 0 0 0 0 4 1020 0 0 0 0 
0 0 924 100 0 0 0 0 0 5 1014 5 0 0 0 0 0 0 39 984 1 0 0 0 
0 0 993 31 0 0 0 0 0 0 1022 2 0 0 0 0 0 0 28 996 0 0 0 0 
0 0 1019 5 0 0 0 0 0 1 1023 0 0 0 0 0 0 0 27 997 0 0 0 0 
0 0 1024 0 0 0 0 0 0 0 1024 0 0 0 0 0 0 0 25 999 0 0 0 0 
0 0 1024 0 0 0 0 0 0 0 1024 0 0 0 0 0 0 0 1 1021 2 0 0 0 
0 0 696 267 47 14 0 0 0 0 881 110 33 0 0 0 0 0 1 851 134 38 0 0 
0 0 530 360 120 14 0 0 0 0 632 309 83 0 0 0 0 0 0 626 301 97 0 0 
0 0 278 711 35 0 0 0 0 0 439 575 10 0 0 0 0 0 0 428 588 8 0 0 
0 0 800 224 0 0 0 0 0 0 967 57 0 0 0 0 0 0 0 803 221 0 0 0 
0 23 864 136 1 0 0 0 0 29 946 49 0 0 0 0 0 0 24 822 178 0 0 0 
0 390 355 263 16 0 0 0 1 466 360 190 7 0 0 0 0 19 444 332 217 12 0 0 
0 715 303 6 0 0 0 0 4 943 69 8 0 0 0 0 0 173 774 51 26 0 0 0 
0 952 72 0 0 0 0 0 35 977 12 0 0 0 0 0 0 370 653 1 0 0 0 0 
0 956 36 0 0 0 0 0 36 943 13 0 0 0 0 0 0 511 480 1 0 0 0 0 
0 0 15 363 393 253 0 0 0 16 382 395 228 3 0 0 0 11 403 429 178 3 0 0 
0 0 0 52 618 354 0 0 0 0 64 625 335 0 0 0 0 0 108 782 134 0 0 0 
0 0 18 14 289 695 8 0 0 15 13 485 510 1 0 0 0 0 42 742 240 0 0 0 
0 0 20 128 317 526 33 0 0 31 158 371 446 18 0 0 0 16 174 506 325 3 0 0 
0 0 5 104 530 382 3 0 0 9 121 573 315 6 0 0 0 0 152 688 184 0 0 0 
0 0 0 70 505 449 0 0 0 1 87 569 367 0 0 0 0 2 102 773 147 0 0 0 
0 0 8 86 566 363 1 0 0 3 90 618 312 1 0 0 0 2 89 773 159 1 0 0 
0 0 0 18 681 318 7 0 0 0 23 677 315 9 0 0 0 0 32 829 161 2 0 0 
0 0 0 28 433 553 10 0 0 0 13 458 541 12 0 0 0 0 10 590 400 24 0 0 
0 0 7 637 297 83 0 0 0 0 314 567 142 1 0 0 0 0 3 887 126 8 0 0 
0 0 150 874 0 0 0 0 0 0 896 128 0 0 0 0 0 0 34 990 0 0 0 0 
0 0 702 322 0 0 0 0 0 0 1018 6 0 0 0 0 0 0 86 938 0 0 0 0 
0 0 966 58 0 0 0 0 0 0 1015 9 0 0 0 0 0 0 47 977 0 0 0 0 
0 0 1018 6 0 0 0 0 0 1 1023 0 0 0 0 0 0 0 64 960 0 0 0 0 
0 0 1024 0 0 0 0 0 0 0 1024 0 0 0 0 0 0 0 8 1016 0 0 0 0 
0 0 1024 0 0 0 0 0 0 1 1023 0 0 0 0 0 0 0 5 1019 0 0 0 0 
0 0 947 77 0 0 0 0 0 0 1014 10 0 0 0 0 0 0 13 992 19 0 0 0 
0 0 963 61 0 0 0 0 0 0 1014 10 0 0 0 0 0 0 0 1017 7 0 0 0 
0 0 955 69 0 0 0 0 0 27 995 2 0 0 0 0 0 0 99 905 20 0 0 0 
0 330 693 1 0 0 0 0 0 649 374 1 0 0 0 0 0 5 696 322 1 0 0 0 
0 394 628 2 0 0 0 0 0 797 227 0 0 0 0 0 0 77 931 16 0 0 0 0 
0 636 388 0 0 0 0 0 0 1022 2 0 0 0 0 0 0 374 650 0 0 0 0 0 
0 1021 3 0 0 0 0 0 17 1007 0 0 0 0 0 0 0 843 181 0 0 0 0 0 
0 992 0 0 0 0 0 0 3 989 0 0 0 0 0 0 0 864 128 0 0 0 0 0 
0 0 0 55 190 710 69 0 0 0 75 255 617 77 0 0 0 1 123 470 392 38 0 0 
0 0 7 304 433 259 21 0 0 7 359 408 228 22 0 0 0 12 319 539 146 8 0 0 
0 0 0 271 660 93 0 0 0 1 281 660 82 0 0 0 0 0 357 608 59 0 0 0 
0 0 7 226 652 129 10 0 0 3 254 668 93 6 0 0 0 4 311 643 66 0 0 0 
0 0 0 2 303 694 25 0 0 0 11 400 583 30 0 0 0 0 24 515 481 4 0 0 
0 0 0 3 158 774 89 0 0 0 7 190 748 79 0 0 0 0 13 417 578 16 0 0 
0 0 0 0 107 850 67 0 0 0 0 126 853 45 0 0 0 0 10 310 701 3 0 0 
0 0 5 24 186 671 138 0 0 3 30 234 665 92 0 0 0 0 39 367 595 23 0 0 
0 0 14 157 486 345 22 0 0 8 176 497 307 36 0 0 0 1 147 565 296 15 0 0 
0 0 3 230 522 262 7 0 0 1 166 541 310 6 0 0 0 0 107 646 262 9 0 0 
0 0 8 783 164 65 4 0 0 0 418 517 85 4 0 0 0 0 66 857 99 2 0 0 
0 0 47 976 1 0 0 0 0 0 897 127 0 0 0 0 0 0 75 949 0 0 0 0 
0 0 272 752 0 0 0 0 0 0 974 50 0 0 0 0 0 0 30 994 0 0 0 0 
0 0 712 312 0 0 0 0 0 1 1009 14 0 0 0 0 0 0 18 1006 0 0 0 0 
0 0 978 46 0 0 0 0 0 0 1024 0 0 0 0 0 0 0 71 952 1 0 0 0 
0 0 1016 8 0 0 0 0 0 4 1020 0 0 0 0 0 0 0 43 981 0 0 0 0 
0 59 965 0 0 0 0 0 0 80 944 0 0 0 0 0 0 1 196 827 0 0 0 0 
0 61 576 279 108 0 0 0 0 207 679 138 0 0 0 0 0 1 415 607 1 0 0 0 
0 30 811 130 53 0 0 0 0 362 611 51 0 0 0 0 0 50 807 167 0 0 0 0 
0 211 768 45 0 0 0 0 0 748 274 2 0 0 0 0 0 230 761 33 0 0 0 0 
0 297 722 5 0 0 0 0 2 851 171 0 0 0 0 0 0 195 819 10 0 0 0 0 
0 525 499 0 0 0 0 0 0 1024 0 0 0 0 0 0 0 388 636 0 0 0 0 0 
0 996 26 2 0 0 0 0 4 1018 2 0 0 0 0 0 0 623 399 2 0 0 0 0 
0 957 33 2 0 0 0 0 4 986 2 0 0 0 0 0 0 444 546 2 0 0 0 0 
0 0 14 237 516 255 2 0 2 30 286 525 180 1 0 0 0 26 352 542 104 0 0 0 
0 12 104 325 404 166 13 0 0 98 327 393 179 27 0 0 0 60 412 432 112 8 0 0 
0 0 54 744 226 0 0 0 0 29 656 335 4 0 0 0 0 16 591 417 0 0 0 0 
0 0 0 269 660 95 0 0 0 0 202 747 75 0 0 0 0 0 189 796 39 0 0 0 
0 0 0 142 789 92 1 0 0 0 195 766 62 1 0 0 0 0 235 776 13 0 0 0 
0 0 1 228 562 233 0 0 0 0 300 592 132 0 0 0 0 0 342 639 43 0 0 0 
0 0 0 166 647 193 18 0 0 0 225 640 152 7 0 0 0 0 265 704 55 0 0 0 
0 0 1 144 693 157 29 0 0 4 228 629 147 16 0 0 0 2 277 624 121 0 0 0 
0 0 3 60 204 599 158 0 0 10 66 212 583 153 0 0 0 2 111 314 579 18 0 0 
0 0 0 8 264 734 18 0 0 0 9 259 737 19 0 0 0 0 5 428 581 10 0 0 
0 0 3 203 310 508 0 0 0 0 172 303 549 0 0 0 0 0 48 552 424 0 0 0 
0 0 94 624 153 152 1 0 0 3 656 192 171 2 0 0 0 0 170 755 99 0 0 0 
0 0 62 825 131 6 0 0 0 2 806 167 49 0 0 0 0 0 46 973 5 0 0 0 
0 0 332 655 36 1 0 0 0 1 922 90 11 0 0 0 0 0 187 831 6 0 0 0 
0 0 636 359 29 0 0 0 0 32 920 72 0 0 0 0 0 9 104 902 9 0 0 0 
0 0 545 234 191 54 0 0 0 17 702 262 43 0 0 0 0 11 221 752 40 0 0 0 
0 1 317 456 248 2 0 0 0 117 632 261 14 0 0 0 0 34 539 451 0 0 0 0 
0 3 217 522 280 2 0 0 0 186 512 319 7 0 0 0 0 93 670 261 0 0 0 0 
0 23 493 447 57 4 0 0 1 339 576 100 8 0 0 0 0 116 764 142 2 0 0 0 
0 120 789 113 2 0 0 0 2 527 491 4 0 0 0 0 0 206 785 32 1 0 0 0 
0 123 869 31 1 0 0 0 12 687 323 2 0 0 0 0 0 152 857 15 0 0 0 0 
0 417 607 0 0 0 0 0 1 987 36 0 0 0 0 0 0 138 886 0 0 0 0 0 
0 890 134 0 0 0 0 0 0 1024 0 0 0 0 0 0 0 38 986 0 0 0 0 0 
0 794 198 0 0 0 0 0 0 975 17 0 0 0 0 0 0 74 917 1 0 0 0 0 
0 12 250 456 273 33 0 0 1 234 476 280 33 0 0 0 0 157 544 311 12 0 0 0 
0 0 0 39 690 288 7 0 0 0 24 745 247 8 0 0 0 0 49 847 126 2 0 0 
0 0 0 93 380 500 51 0 0 0 58 423 466 77 0 0 0 0 60 601 335 28 0 0 
0 0 0 12 455 523 34 0 0 0 8 430 561 25 0 0 0 0 20 653 348 3 0 0 
0 0 4 107 544 354 15 0 0 0 47 598 367 12 0 0 0 9 96 746 173 0 0 0 
0 0 19 392 468 138 7 0 0 10 273 582 155 4 0 0 0 9 358 602 55 0 0 0 
0 15 238 536 231 4 0 0 0 83 541 380 19 1 0 0 1 90 575 355 3 0 0 0 
0 5 304 444 234 37 0 0 0 110 594 271 48 1 0 0 0 50 705 258 11 0 0 0 
0 1 180 407 383 53 0 0 0 61 415 464 84 0 0 0 0 35 560 427 2 0 0 0 
0 0 194 512 246 71 1 0 0 97 446 398 83 0 0 0 0 18 627 336 43 0 0 0 
0 0 101 575 287 61 0 0 0 41 363 544 76 0 0 0 0 5 510 439 70 0 0 0 
0 1 133 527 259 103 1 0 0 37 395 470 121 1 0 0 0 19 538 377 90 0 0 0 
0 0 117 335 478 93 1 0 0 22 284 504 212 2 0 0 1 24 422 512 64 1 0 0 
0 0 61 402 481 76 4 0 0 23 370 474 151 4 2 0 0 15 401 525 76 5 2 0 
0 1 769 151 78 25 0 0 0 661 238 79 46 0 0 0 0 89 793 124 18 0 0 0 
0 10 703 77 161 72 1 0 0 667 137 171 49 0 0 0 0 411 399 189 25 0 0 0 
0 124 408 328 151 13 0 0 2 435 394 180 13 0 0 0 0 243 566 204 11 0 0 0 
0 220 524 235 43 2 0 0 3 527 401 91 2 0 0 0 0 392 551 79 2 0 0 0 
11 467 384 160 2 0 0 0 15 697 288 24 0 0 0 0 3 544 419 58 0 0 0 0 
7 663 288 65 1 0 0 0 57 752 213 2 0 0 0 0 2 653 345 24 0 0 0 0 
1 411 612 0 0 0 0 0 40 786 198 0 0 0 0 0 0 396 628 0 0 0 0 0 
0 163 841 20 0 0 0 0 11 787 222 4 0 0 0 0 0 126 887 11 0 0 0 0 
2 616 406 0 0 0 0 0 43 896 85 0 0 0 0 0 0 497 526 1 0 0 0 0 
0 748 244 0 0 0 0 0 7 948 37 0 0 0 0 0 0 599 392 1 0 0 0 0 
1 132 316 546 29 0 0 0 6 356 519 143 0 0 0 0 7 303 446 268 0 0 0 0 
7 347 236 300 119 15 0 0 19 465 331 206 3 0 0 0 54 495 312 157 6 0 0 0 
0 364 364 72 112 112 0 0 11 537 223 150 103 0 0 0 45 623 132 194 30 0 0 0 
0 192 448 188 58 124 14 0 0 359 370 157 127 11 0 0 24 561 260 100 79 0 0 0 
0 30 312 351 220 108 3 0 0 101 423 334 157 9 0 0 4 355 486 165 14 0 0 0 
0 10 118 308 381 197 10 0 0 67 253 411 274 19 0 0 5 202 501 296 19 1 0 0 
0 6 114 263 335 270 36 0 0 44 215 410 286 64 5 0 11 176 519 252 48 15 3 0 
0 0 29 225 245 380 109 36 0 2 118 352 430 97 25 0 3 90 502 344 83 2 0 0 
0 0 10 150 149 345 345 25 0 1 39 231 413 327 13 0 0 26 340 606 52 0 0 0 
0 0 28 125 67 442 354 8 0 5 81 134 417 374 13 0 0 32 264 588 139 1 0 0 
0 0 17 76 107 350 433 41 0 3 50 149 423 362 37 0 2 24 192 595 197 14 0 0 
0 0 0 10 101 401 463 49 0 0 6 120 471 414 13 0 0 5 140 656 216 7 0 0 
0 0 15 52 160 421 344 32 0 9 56 186 430 324 19 0 0 35 231 583 173 2 0 0 
0 0 20 46 129 438 384 7 0 13 51 156 425 375 4 0 0 22 295 592 114 1 0 0 
0 1 75 72 113 485 271 7 0 65 88 129 474 259 9 0 7 55 328 550 82 2 0 0 
0 3 75 73 197 441 226 9 0 48 99 223 474 171 9 0 1 48 356 512 102 3 2 0 
0 6 85 62 157 484 230 0 0 34 106 238 460 184 2 0 1 70 395 477 81 0 0 0 
0 31 118 90 341 383 61 0 1 75 149 353 398 48 0 0 0 131 546 339 8 0 0 0 
4 193 228 133 209 249 8 0 23 263 254 247 217 20 0 0 18 366 508 132 0 0 0 0 
0 139 286 155 263 143 38 0 4 219 381 236 134 50 0 0 11 378 433 189 13 0 0 0 
0 95 184 321 212 188 24 0 2 183 407 220 185 27 0 0 12 342 458 205 7 0 0 0 
1 103 365 232 146 158 19 0 13 328 349 161 172 1 0 0 24 435 386 169 10 0 0 0 
39 329 333 188 124 11 0 0 89 532 259 121 23 0 0 0 92 569 310 52 1 0 0 0 
67 401 307 143 71 3 0 0 102 568 241 78 3 0 0 0 123 608 234 27 0 0 0 0 
1 148 192 139 305 200 37 2 3 226 208 292 266 26 3 0 23 385 438 150 20 6 2 0 
0 153 100 76 195 370 130 0 0 196 99 208 414 107 0 0 21 261 386 306 50 0 0 0 
1 126 48 119 338 254 130 8 4 141 107 339 271 156 6 0 33 231 431 294 35 0 0 0 
0 24 65 128 327 363 93 24 1 34 129 435 329 76 20 0 9 126 582 249 58 0 0 0 
0 0 28 139 310 270 268 9 0 12 124 300 312 257 19 0 12 127 485 351 49 0 0 0 
0 0 22 104 243 354 282 19 0 22 101 235 352 286 28 0 14 76 499 373 59 3 0 0 
0 2 17 102 187 422 261 33 0 18 120 189 389 279 29 0 7 103 333 451 125 5 0 0 
0 0 8 56 202 365 321 72 0 6 69 166 446 277 60 0 3 77 296 479 168 1 0 0 
0 3 24 64 123 274 428 108 0 15 57 144 293 417 98 0 7 77 241 488 207 4 0 0 
0 2 52 83 64 231 482 110 0 6 86 83 313 436 100 0 3 92 149 558 211 11 0 0 
0 0 31 74 113 217 415 174 0 21 61 121 311 369 141 0 9 77 164 514 247 13 0 0 
0 0 4 13 53 275 501 178 0 2 13 54 364 458 133 0 4 36 178 594 209 3 0 0 
0 0 15 75 102 243 435 154 0 1 41 145 323 382 132 0 4 79 221 466 252 2 0 0 
0 8 111 138 107 303 283 74 0 44 160 182 318 258 62 0 31 204 252 382 152 3 0 0 
0 10 42 108 185 394 248 37 1 19 91 192 429 254 38 0 25 158 357 390 82 11 1 0 
0 35 88 90 114 323 293 81 2 63 116 152 365 263 62 1 59 149 242 390 172 11 1 0 
1 24 107 172 180 294 232 14 0 50 234 222 331 187 0 0 45 223 308 405 42 1 0 0 
0 63 115 85 205 324 222 10 0 87 133 226 365 209 4 0 64 219 403 292 46 0 0 0 
1 70 118 117 259 277 180 2 2 110 189 301 291 131 0 0 60 223 378 298 63 2 0 0 
0 29 146 159 444 235 11 0 0 64 212 479 261 8 0 0 26 289 587 122 0 0 0 0 
0 11 67 207 495 220 24 0 0 64 183 494 270 13 0 0 39 231 641 108 5 0 0 0 
19 181 88 172 323 209 32 0 54 200 190 343 231 6 0 0 182 224 462 153 3 0 0 0 
68 390 370 142 44 10 0 0 96 556 305 46 21 0 0 0 294 568 138 24 0 0 0 0 
17 266 608 82 12 7 0 0 24 635 306 12 15 0 0 0 125 769 89 9 0 0 0 0 
7 141 373 397 105 1 0 0 6 181 472 344 21 0 0 0 95 570 346 13 0 0 0 0 
8 164 340 280 141 89 2 0 27 195 398 268 129 7 0 0 137 460 291 102 34 0 0 0 
0 82 235 332 286 89 0 0 6 128 328 349 200 13 0 0 65 409 362 154 34 0 0 0 
4 138 262 255 186 158 20 1 26 157 319 266 201 52 3 0 122 414 229 154 94 11 0 0 
0 10 185 278 344 178 29 0 0 48 256 368 281 71 0 0 56 345 380 188 51 4 0 0 
0 56 307 442 181 38 0 0 0 109 414 381 114 6 0 0 66 494 378 79 7 0 0 0 
0 76 314 498 129 7 0 0 2 109 404 457 49 3 0 0 80 506 408 29 1 0 0 0 
0 55 398 480 89 2 0 0 0 97 432 429 65 1 0 0 64 556 382 21 1 0 0 0 
0 69 240 445 239 24 6 1 0 95 319 495 98 16 1 0 43 445 464 59 11 2 0 0 
0 36 342 470 169 7 0 0 0 65 392 440 126 1 0 0 22 450 485 66 1 0 0 0 
0 26 213 472 263 25 24 1 0 64 338 437 157 21 7 0 36 393 467 100 21 7 0 0 
0 41 270 376 213 88 35 1 0 117 361 342 148 48 8 0 79 425 381 114 23 2 0 0 
0 67 220 350 202 125 60 0 5 155 319 309 160 75 1 0 77 472 329 126 20 0 0 0 
0 127 269 248 114 110 148 8 5 213 279 228 90 181 28 0 108 371 276 214 41 14 0 0 
0 85 159 140 114 246 280 0 3 136 150 164 177 358 36 0 49 277 244 429 23 2 0 0 
0 160 203 115 87 350 109 0 7 220 156 135 243 257 6 0 133 290 277 316 8 0 0 0 
0 124 222 101 92 411 74 0 5 159 200 148 427 85 0 0 93 265 316 340 10 0 0 0 
13 164 294 139 93 231 90 0 27 249 241 174 263 69 1 0 148 372 231 233 40 0 0 0 
11 187 132 335 194 160 5 0 37 215 173 368 216 15 0 0 217 233 449 125 0 0 0 0 
0 78 197 337 193 134 81 4 26 75 311 377 166 68 1 0 100 419 347 127 31 0 0 0 
49 656 109 112 94 3 1 0 562 192 133 130 4 3 0 0 552 341 126 5 0 0 0 0 
54 550 241 136 30 13 0 0 489 303 177 45 10 0 0 0 471 343 177 32 1 0 0 0 
14 166 328 320 190 6 0 0 95 326 380 214 9 0 0 0 120 382 391 125 6 0 0 0 
1 76 353 433 123 6 0 0 26 285 542 131 8 0 0 0 50 390 482 64 6 0 0 0 
1 61 254 318 241 149 0 0 4 110 385 303 209 13 0 0 46 349 322 196 111 0 0 0 
0 47 149 203 166 442 17 0 9 95 196 224 429 71 0 0 64 251 162 149 381 17 0 0 
0 27 225 275 206 281 10 0 4 75 312 283 331 19 0 0 65 351 208 223 176 1 0 0 
0 21 116 254 164 379 90 0 1 63 213 258 330 159 0 0 34 229 244 118 381 18 0 0 
0 18 129 315 192 241 129 0 0 58 191 326 158 290 1 0 35 283 286 95 259 66 0 0 
0 38 214 252 123 312 85 0 1 81 259 224 189 270 0 0 52 296 224 119 308 25 0 0 
0 40 247 355 221 129 32 0 1 115 346 312 159 91 0 0 40 396 334 138 99 17 0 0 
1 89 355 384 167 28 0 0 8 149 421 365 78 3 0 0 115 537 303 66 3 0 0 0 
0 14 187 403 289 105 23 3 0 49 273 447 208 42 5 0 31 372 400 148 65 7 1 0 
0 105 237 362 221 85 14 0 13 158 292 386 161 14 0 0 114 389 372 121 26 2 0 0 
0 15 223 435 289 58 4 0 0 63 301 432 194 34 0 0 39 382 467 111 25 0 0 0 
5 100 420 316 125 41 16 1 3 218 411 291 66 33 2 0 146 524 256 59 29 10 0 0 
11 134 291 282 211 87 8 0 10 245 286 303 149 30 1 0 152 400 314 113 45 0 0 0 
0 3 88 338 321 202 62 10 1 27 243 350 294 81 28 0 31 297 432 216 37 11 0 0 
0 0 53 151 126 503 186 5 0 9 137 132 353 340 53 0 19 144 210 245 386 20 0 0 
0 12 97 200 315 321 79 0 1 49 161 311 386 111 5 0 45 184 366 300 121 8 0 0 
0 4 52 127 226 384 205 26 0 30 74 213 355 333 19 0 23 192 510 254 36 9 0 0 
42 136 61 86 95 346 252 6 108 116 77 118 293 309 3 0 200 141 329 347 4 3 0 0 
30 349 289 85 60 170 41 0 75 409 250 75 147 68 0 0 369 371 190 86 8 0 0 0 
60 575 251 115 15 7 1 0 325 453 184 50 11 1 0 0 441 425 134 20 4 0 0 0 
19 379 406 188 31 1 0 0 203 507 274 39 1 0 0 0 210 497 281 36 0 0 0 0 
16 127 686 186 9 0 0 0 56 656 305 6 1 0 0 0 78 655 284 6 1 0 0 0 
1 66 885 71 1 0 0 0 21 847 154 2 0 0 0 0 23 883 116 2 0 0 0 0 
0 136 811 45 0 0 0 0 13 878 101 0 0 0 0 0 20 863 109 0 0 0 0 0 
0 0 12 58 275 675 4 0 0 5 45 208 740 26 0 0 1 20 80 427 492 4 0 0 
0 0 39 98 192 601 94 0 0 49 82 136 567 187 3 0 1 54 113 281 457 114 4 0 
0 3 48 115 182 545 131 0 0 33 100 158 539 194 0 0 14 75 140 297 400 98 0 0 
18 93 204 145 148 336 80 0 38 146 230 161 326 121 2 0 148 244 210 193 212 17 0 0 
3 118 126 102 129 384 160 2 34 162 120 134 308 257 9 0 118 185 168 295 234 24 0 0 
3 170 258 156 114 233 89 1 15 239 256 152 162 196 4 0 162 341 160 151 194 16 0 0 
6 312 316 185 84 100 21 0 47 341 319 167 94 56 0 0 295 420 168 62 69 10 0 0 
1 121 384 435 83 0 0 0 14 183 392 412 23 0 0 0 147 489 379 9 0 0 0 0 
1 95 254 402 267 5 0 0 24 151 316 461 72 0 0 0 93 411 473 47 0 0 0 0 
12 214 312 289 175 21 1 0 40 244 326 296 115 3 0 0 167 478 312 62 5 0 0 0 
0 70 329 342 161 111 11 0 6 189 380 283 132 34 0 0 97 448 278 124 73 4 0 0 
3 203 384 326 99 7 2 0 21 316 378 270 37 2 0 0 236 462 292 30 4 0 0 0 
1 97 260 458 202 6 0 0 6 169 308 487 53 1 0 0 109 403 469 41 2 0 0 0 
0 24 216 486 174 57 57 10 3 107 402 362 84 62 4 0 55 411 420 118 19 1 0 0 
0 1 8 73 152 274 413 103 0 10 51 192 250 498 23 0 8 106 353 420 116 21 0 0 
0 45 42 42 129 288 438 40 4 73 47 92 339 462 7 0 67 92 285 542 38 0 0 0 
0 2 35 114 281 359 230 3 0 55 67 314 382 199 7 0 27 149 379 411 58 0 0 0 
84 185 164 130 158 279 24 0 151 202 149 218 277 27 0 0 317 213 356 129 9 0 0 0 
124 252 244 114 65 224 1 0 202 298 204 64 213 43 0 0 416 259 314 33 2 0 0 0 
58 82 378 269 125 109 3 0 73 374 332 123 104 18 0 0 126 420 280 95 94 9 0 0 
0 34 707 179 66 38 0 0 22 645 252 72 33 0 0 0 33 703 203 58 27 0 0 0 
0 275 738 11 0 0 0 0 2 965 57 0 0 0 0 0 3 984 37 0 0 0 0 0 
0 817 207 0 0 0 0 0 84 940 0 0 0 0 0 0 60 964 0 0 0 0 0 0 
7 888 97 0 0 0 0 0 145 847 0 0 0 0 0 0 152 840 0 0 0 0 0 0 
0 28 246 281 296 173 0 0 1 66 378 276 303 0 0 0 37 320 281 311 75 0 0 0 
28 138 149 122 197 384 6 0 48 177 156 162 459 22 0 0 170 180 160 268 233 13 0 0 
1 31 62 124 214 534 58 0 9 69 88 277 533 48 0 0 50 148 332 310 183 1 0 0 
0 78 299 266 187 123 70 1 3 158 337 280 181 64 1 0 165 415 310 128 6 0 0 0 
0 106 244 160 167 216 129 2 6 158 263 185 226 182 4 0 220 314 304 173 13 0 0 0 
0 52 141 286 189 238 112 6 14 74 166 322 223 206 19 0 106 385 380 135 18 0 0 0 
16 184 146 506 132 33 7 0 34 177 134 462 208 9 0 0 181 551 285 6 1 0 0 0 
125 337 377 185 0 0 0 0 166 323 367 168 0 0 0 0 427 485 112 0 0 0 0 0 
116 310 290 286 22 0 0 0 191 268 298 265 2 0 0 0 419 437 167 1 0 0 0 0 
63 349 336 256 20 0 0 0 139 344 336 204 1 0 0 0 418 421 183 2 0 0 0 0 
1 86 301 429 141 60 6 0 7 110 320 458 115 14 0 0 128 494 312 66 24 0 0 0 
0 0 6 38 101 354 222 303 0 5 38 130 348 198 301 4 0 52 214 414 313 31 0 0 
0 0 4 125 103 203 339 250 0 4 98 239 136 364 178 5 1 94 301 333 280 15 0 0 
0 16 112 229 116 124 320 107 4 164 148 174 136 299 99 0 56 245 249 267 101 91 15 0 
0 0 37 172 218 284 288 25 0 64 146 272 258 250 34 0 25 198 341 299 87 69 5 0 
0 27 49 181 420 131 154 62 6 59 108 253 391 206 1 0 67 292 440 214 11 0 0 0 
0 42 226 246 311 169 30 0 8 187 269 344 194 22 0 0 195 335 419 75 0 0 0 0 
163 421 158 122 73 75 12 0 255 448 163 87 63 8 0 0 615 241 110 51 7 0 0 0 
49 373 430 137 24 11 0 0 79 607 295 32 11 0 0 0 400 500 111 13 0 0 0 0 
0 397 321 89 68 142 7 0 112 594 97 60 151 10 0 0 224 517 83 72 123 5 0 0 
0 251 734 11 9 19 0 0 58 914 21 11 17 3 0 0 78 899 18 10 17 2 0 0 
0 672 352 0 0 0 0 0 2 1022 0 0 0 0 0 0 8 1016 0 0 0 0 0 0 
0 984 40 0 0 0 0 0 74 950 0 0 0 0 0 0 46 978 0 0 0 0 0 0 
1 970 21 0 0 0 0 0 99 893 0 0 0 0 0 0 117 875 0 0 0 0 0 0 
53 204 500 174 59 2 0 0 47 232 542 129 42 0 0 0 224 530 176 59 3 0 0 0 
35 268 514 117 39 19 0 0 64 315 476 96 39 2 0 0 283 539 128 34 8 0 0 0 
14 138 420 179 47 175 19 0 31 223 441 125 164 8 0 0 148 530 156 119 39 0 0 0 
120 299 301 178 55 37 2 0 178 336 303 120 55 0 0 0 433 373 148 37 1 0 0 0 
19 280 452 148 81 12 0 0 26 346 439 138 42 1 0 0 346 475 132 37 2 0 0 0 
3 118 349 378 114 19 11 0 7 144 358 400 65 13 5 0 150 595 213 24 10 0 0 0 
1 94 297 523 77 0 0 0 0 115 279 493 105 0 0 0 146 600 246 0 0 0 0 0 
56 281 413 238 4 0 0 0 77 333 360 207 15 0 0 0 307 551 133 1 0 0 0 0 
172 363 343 113 1 0 0 0 270 321 327 74 0 0 0 0 510 390 92 0 0 0 0 0 
74 371 395 149 3 0 0 0 177 368 335 111 1 0 0 0 467 448 77 0 0 0 0 0 
7 117 311 355 137 62 3 0 14 146 331 389 96 16 0 0 188 501 220 61 22 0 0 0 
0 0 2 35 135 753 61 6 0 0 43 383 553 6 7 0 6 100 429 449 8 0 0 0 
0 0 0 3 92 702 127 68 0 0 23 487 328 119 35 0 0 57 539 315 81 0 0 0 
0 2 18 36 58 275 507 96 1 30 17 204 188 524 28 0 12 93 256 570 61 0 0 0 
0 0 16 136 201 193 440 6 0 36 67 299 245 345 0 0 15 157 412 388 16 4 0 0 
0 34 70 202 458 147 78 3 6 61 121 270 449 84 1 0 92 322 472 101 5 0 0 0 
0 36 197 284 431 33 11 0 4 128 224 343 277 16 0 0 183 462 327 20 0 0 0 0 
483 302 95 62 26 15 9 0 572 273 87 34 17 9 0 0 824 122 30 11 5 0 0 0 
52 374 557 9 0 0 0 0 72 742 177 1 0 0 0 0 354 621 17 0 0 0 0 0 
0 693 222 14 25 36 2 0 256 645 25 19 42 5 0 0 296 616 21 20 38 1 0 0 
4 578 233 35 47 95 0 0 308 499 38 41 100 6 0 0 338 475 38 53 86 2 0 0 
0 763 192 8 11 18 0 0 113 841 6 10 22 0 0 0 159 795 8 10 20 0 0 0 
0 836 156 0 0 0 0 0 60 931 1 0 0 0 0 0 43 949 0 0 0 0 0 0 
1 832 128 0 0 0 0 0 74 886 1 0 0 0 0 0 120 841 0 0 0 0 0 0 
