0 0 0 0 0 0 0 1024 0 0 0 0 0 0 0 1024 0 0 0 0 0 0 0 1024 
0 0 0 0 0 0 0 1024 0 0 0 0 0 0 0 1024 0 0 0 0 0 0 0 1024 
0 0 0 0 0 0 0 1024 0 0 0 0 0 0 0 1024 0 0 0 0 0 0 0 1024 
0 0 0 0 0 0 0 1024 0 0 0 0 0 0 0 1024 0 0 0 0 0 0 0 1024 
0 0 0 0 0 0 0 1024 0 0 0 0 0 0 0 1024 0 0 0 0 0 0 0 1024 
0 0 0 0 0 0 0 1024 0 0 0 0 0 0 0 1024 0 0 0 0 0 0 0 1024 
0 0 0 0 0 0 0 1024 0 0 0 0 0 0 0 1024 0 0 0 0 0 0 0 1024 
0 0 0 0 0 0 0 1024 0 0 0 0 0 0 0 1024 0 0 0 0 0 0 0 1024 
0 0 0 0 0 0 0 1024 0 0 0 0 0 0 0 1024 0 0 0 0 0 0 0 1024 
0 0 0 0 0 0 0 1024 0 0 0 0 0 0 0 1024 0 0 0 0 0 0 0 1024 
0 0 0 0 0 0 177 847 0 0 0 0 0 0 0 1024 0 0 0 0 0 0 0 1024 
0 0 0 0 0 0 350 674 0 0 0 0 0 0 0 1024 0 0 0 0 0 0 0 1024 
0 0 0 0 0 0 920 104 0 0 0 0 0 0 18 1006 0 0 0 0 0 0 0 1024 
0 0 0 0 0 0 1023 1 0 0 0 0 0 0 129 895 0 0 0 0 0 0 0 1024 
0 0 0 0 0 0 1024 0 0 0 0 0 0 0 935 89 0 0 0 0 0 0 0 1024 
0 0 0 0 0 0 1024 0 0 0 0 0 0 0 993 31 0 0 0 0 0 0 0 1024 
0 0 0 0 0 0 1024 0 0 0 0 0 0 0 1024 0 0 0 0 0 0 0 0 1024 
0 0 0 0 0 0 1024 0 0 0 0 0 0 0 1024 0 0 0 0 0 0 0 0 1024 
0 0 0 0 0 0 1024 0 0 0 0 0 0 0 1024 0 0 0 0 0 0 0 0 1024 
0 0 0 0 0 0 1024 0 0 0 0 0 0 0 1024 0 0 0 0 0 0 0 1 1023 
0 0 0 0 0 0 1024 0 0 0 0 0 0 0 1024 0 0 0 0 0 0 0 8 1016 
0 0 0 0 0 0 1024 0 0 0 0 0 0 0 1024 0 0 0 0 0 0 0 48 976 
0 0 0 0 0 0 1024 0 0 0 0 0 0 0 1024 0 0 0 0 0 0 0 90 934 
0 0 0 0 0 0 1024 0 0 0 0 0 0 0 1024 0 0 0 0 0 0 0 612 412 
0 0 0 0 0 50 974 0 0 0 0 0 0 0 1024 0 0 0 0 0 0 0 651 373 
0 0 0 0 0 44 980 0 0 0 0 0 0 0 1024 0 0 0 0 0 0 0 979 45 
0 0 0 0 0 402 622 0 0 0 0 0 0 0 1024 0 0 0 0 0 0 0 920 104 
0 0 0 0 0 941 83 0 0 0 0 0 0 0 1024 0 0 0 0 0 0 0 1024 0 
0 0 0 0 0 897 127 0 0 0 0 0 0 0 1024 0 0 0 0 0 0 0 1024 0 
0 0 0 0 0 346 678 0 0 0 0 0 0 0 1024 0 0 0 0 0 0 0 918 106 
0 0 0 0 0 73 951 0 0 0 0 0 0 0 1024 0 0 0 0 0 0 0 574 450 
0 0 0 0 0 27 997 0 0 0 0 0 0 0 1024 0 0 0 0 0 0 0 871 153 
0 14 76 70 65 593 206 0 0 6 48 70 69 74 757 0 7 47 56 48 40 48 778 0 
0 17 21 50 79 857 0 0 0 13 11 30 67 656 247 0 11 11 18 46 47 66 825 0 
0 24 156 96 100 648 0 0 0 14 114 105 85 704 2 0 42 99 63 54 61 72 633 0 
2 49 118 176 144 535 0 0 2 34 94 155 156 582 1 0 38 104 123 89 91 88 491 0 
0 75 213 206 189 341 0 0 0 56 205 210 146 407 0 0 92 206 138 79 93 154 262 0 
29 478 415 99 3 0 0 0 7 351 498 161 7 0 0 0 505 469 48 2 0 0 0 0 
2 102 530 375 13 2 0 0 0 57 324 600 43 0 0 0 155 635 230 4 0 0 0 0 
35 424 455 108 2 0 0 0 26 313 441 227 17 0 0 0 541 441 41 1 0 0 0 0 
0 0 0 0 0 0 0 1024 0 0 0 0 0 0 0 1024 0 0 0 0 0 0 0 1024 
0 0 0 0 0 0 0 1024 0 0 0 0 0 0 0 1024 0 0 0 0 0 0 0 1024 
0 0 0 0 0 0 0 1024 0 0 0 0 0 0 0 1024 0 0 0 0 0 0 0 1024 
0 0 0 0 0 0 0 1024 0 0 0 0 0 0 0 1024 0 0 0 0 0 0 0 1024 
0 0 0 0 0 0 0 1024 0 0 0 0 0 0 0 1024 0 0 0 0 0 0 0 1024 
0 0 0 0 0 0 0 1024 0 0 0 0 0 0 0 1024 0 0 0 0 0 0 0 1024 
0 0 0 0 0 0 0 1024 0 0 0 0 0 0 0 1024 0 0 0 0 0 0 0 1024 
0 0 0 0 0 0 0 1024 0 0 0 0 0 0 0 1024 0 0 0 0 0 0 0 1024 
0 0 0 0 0 0 0 1024 0 0 0 0 0 0 0 1024 0 0 0 0 0 0 0 1024 
0 0 0 0 0 0 0 1024 0 0 0 0 0 0 0 1024 0 0 0 0 0 0 0 1024 
0 0 0 0 0 0 0 1024 0 0 0 0 0 0 0 1024 0 0 0 0 0 0 0 1024 
0 0 0 0 0 0 0 1024 0 0 0 0 0 0 0 1024 0 0 0 0 0 0 0 1024 
0 0 0 0 0 0 145 879 0 0 0 0 0 0 0 1024 0 0 0 0 0 0 0 1024 
0 0 0 0 0 0 656 368 0 0 0 0 0 0 3 1021 0 0 0 0 0 0 0 1024 
0 0 0 0 0 0 1014 10 0 0 0 0 0 0 571 453 0 0 0 0 0 0 0 1024 
0 0 0 0 0 0 1024 0 0 0 0 0 0 0 1012 12 0 0 0 0 0 0 0 1024 
0 0 0 0 0 0 1024 0 0 0 0 0 0 0 1024 0 0 0 0 0 0 0 0 1024 
0 0 0 0 0 0 1024 0 0 0 0 0 0 0 1024 0 0 0 0 0 0 0 0 1024 
0 0 0 0 0 0 1024 0 0 0 0 0 0 0 1024 0 0 0 0 0 0 0 2 1022 
0 0 0 0 0 0 1024 0 0 0 0 0 0 0 1024 0 0 0 0 0 0 0 0 1024 
0 0 0 0 0 0 1024 0 0 0 0 0 0 0 1024 0 0 0 0 0 0 0 0 1024 
0 0 0 0 0 0 1024 0 0 0 0 0 0 0 1024 0 0 0 0 0 0 0 30 994 
0 0 0 0 0 0 1024 0 0 0 0 0 0 0 1024 0 0 0 0 0 0 0 216 808 
0 0 0 0 0 70 954 0 0 0 0 0 0 0 1024 0 0 0 0 0 0 0 718 306 
0 0 0 0 0 34 990 0 0 0 0 0 0 0 1024 0 0 0 0 0 0 0 817 207 
0 0 0 0 0 0 1024 0 0 0 0 0 0 0 1024 0 0 0 0 0 0 0 341 683 
0 0 0 0 0 42 982 0 0 0 0 0 0 0 1024 0 0 0 0 0 0 0 587 437 
0 0 0 0 0 127 897 0 0 0 0 0 0 0 1024 0 0 0 0 0 0 0 1024 0 
0 0 0 0 0 251 773 0 0 0 0 0 0 0 1024 0 0 0 0 0 0 0 1018 6 
0 0 0 0 0 84 940 0 0 0 0 0 0 0 1024 0 0 0 0 0 0 0 843 181 
0 0 0 5 26 52 941 0 0 0 0 0 19 54 951 0 0 0 0 7 23 41 238 715 
0 5 41 53 59 108 758 0 0 0 27 50 55 68 823 1 0 34 29 42 42 46 437 394 
4 149 127 165 96 401 82 0 1 145 119 163 110 115 371 0 136 149 122 81 59 71 405 1 
21 291 406 269 36 1 0 0 17 301 374 284 38 10 0 0 293 487 187 40 12 5 0 0 
106 480 247 137 51 3 0 0 189 411 230 133 56 5 0 0 504 311 105 55 40 9 0 0 
214 393 344 56 17 0 0 0 271 291 331 107 19 5 0 0 552 394 41 13 18 6 0 0 
80 441 357 139 7 0 0 0 62 334 351 252 25 0 0 0 489 421 95 18 1 0 0 0 
22 252 572 164 14 0 0 0 9 163 392 417 43 0 0 0 298 594 112 20 0 0 0 0 
24 291 481 215 13 0 0 0 2 205 462 324 31 0 0 0 401 460 152 11 0 0 0 0 
128 599 246 49 2 0 0 0 99 611 278 36 0 0 0 0 833 164 26 1 0 0 0 0 
0 0 0 0 0 0 0 1024 0 0 0 0 0 0 0 1024 0 0 0 0 0 0 0 1024 
0 0 0 0 0 0 0 1024 0 0 0 0 0 0 0 1024 0 0 0 0 0 0 0 1024 
0 0 0 0 0 0 0 1024 0 0 0 0 0 0 0 1024 0 0 0 0 0 0 0 1024 
0 0 0 0 0 0 0 1024 0 0 0 0 0 0 0 1024 0 0 0 0 0 0 0 1024 
0 0 0 0 0 0 0 1024 0 0 0 0 0 0 0 1024 0 0 0 0 0 0 0 1024 
0 0 0 0 0 0 0 1024 0 0 0 0 0 0 0 1024 0 0 0 0 0 0 0 1024 
0 0 0 0 0 0 0 1024 0 0 0 0 0 0 0 1024 0 0 0 0 0 0 0 1024 
0 0 0 0 0 0 0 1024 0 0 0 0 0 0 0 1024 0 0 0 0 0 0 0 1024 
0 0 0 0 0 0 0 1024 0 0 0 0 0 0 0 1024 0 0 0 0 0 0 0 1024 
0 0 0 0 0 0 0 1024 0 0 0 0 0 0 0 1024 0 0 0 0 0 0 0 1024 
0 0 0 0 0 0 0 1024 0 0 0 0 0 0 0 1024 0 0 0 0 0 0 0 1024 
0 0 0 0 0 0 0 1024 0 0 0 0 0 0 0 1024 0 0 0 0 0 0 0 1024 
0 0 0 0 0 0 0 1024 0 0 0 0 0 0 0 1024 0 0 0 0 0 0 0 1024 
0 0 0 0 0 0 6 1018 0 0 0 0 0 0 0 1024 0 0 0 0 0 0 0 1024 
0 0 0 0 0 0 391 633 0 0 0 0 0 0 48 976 0 0 0 0 0 0 0 1024 
0 0 0 0 0 0 836 188 0 0 0 0 0 0 392 632 0 0 0 0 0 0 0 1024 
0 0 0 0 0 0 1014 10 0 0 0 0 0 0 774 250 0 0 0 0 0 0 0 1024 
0 0 0 0 0 0 1024 0 0 0 0 0 0 0 966 58 0 0 0 0 0 0 0 1024 
0 0 0 0 0 0 1024 0 0 0 0 0 0 0 1024 0 0 0 0 0 0 0 0 1024 
0 0 0 0 0 0 1024 0 0 0 0 0 0 0 1024 0 0 0 0 0 0 0 3 1021 
0 0 0 0 0 0 1024 0 0 0 0 0 0 0 1024 0 0 0 0 0 0 0 16 1008 
0 0 0 0 0 0 1024 0 0 0 0 0 0 0 1024 0 0 0 0 0 0 0 151 873 
0 0 0 0 0 20 1004 0 0 0 0 0 0 0 1024 0 0 0 0 0 0 0 773 251 
0 0 0 0 0 139 885 0 0 0 0 0 0 0 1024 0 0 0 0 0 0 0 1024 0 
0 0 0 0 0 77 947 0 0 0 0 0 0 0 1024 0 0 0 0 0 0 0 612 412 
0 0 0 0 0 0 1024 0 0 0 0 0 0 0 1024 0 0 0 0 0 0 0 30 994 
0 0 0 0 0 0 1024 0 0 0 0 0 0 0 1024 0 0 0 0 0 0 0 27 997 
0 0 0 0 0 0 1024 0 0 0 0 0 0 0 1019 5 0 0 0 0 0 0 405 619 
0 0 0 0 0 0 1024 0 0 0 0 0 0 0 1020 4 0 0 0 0 0 0 438 586 
0 0 0 0 11 11 980 22 0 0 0 0 8 9 943 64 0 0 0 2 7 10 396 609 
0 13 100 97 101 121 458 134 0 5 88 85 124 113 429 180 22 98 52 73 80 86 261 352 
0 143 238 171 116 180 140 36 0 126 225 173 135 145 177 43 81 250 123 112 109 126 177 46 
2 173 547 240 60 2 0 0 0 92 535 317 74 6 0 0 221 603 134 54 10 2 0 0 
0 267 551 188 18 0 0 0 0 203 520 281 20 0 0 0 347 628 47 2 0 0 0 0 
47 201 482 266 26 2 0 0 73 122 373 411 39 6 0 0 338 511 136 25 7 7 0 0 
25 637 312 50 0 0 0 0 19 595 321 87 2 0 0 0 797 200 27 0 0 0 0 0 
92 568 322 39 3 0 0 0 83 522 340 77 2 0 0 0 758 240 26 0 0 0 0 0 
32 611 338 26 10 5 2 0 29 577 355 50 11 2 0 0 840 165 10 9 0 0 0 0 
36 766 213 9 0 0 0 0 80 723 202 19 0 0 0 0 866 147 11 0 0 0 0 0 
144 708 143 28 1 0 0 0 204 671 126 23 0 0 0 0 884 125 15 0 0 0 0 0 
0 0 0 0 0 0 0 1024 0 0 0 0 0 0 0 1024 0 0 0 0 0 0 0 1024 
0 0 0 0 0 0 0 1024 0 0 0 0 0 0 0 1024 0 0 0 0 0 0 0 1024 
0 0 0 0 0 0 0 1024 0 0 0 0 0 0 0 1024 0 0 0 0 0 0 0 1024 
0 0 0 0 0 0 0 1024 0 0 0 0 0 0 0 1024 0 0 0 0 0 0 0 1024 
0 0 0 0 0 0 0 1024 0 0 0 0 0 0 0 1024 0 0 0 0 0 0 0 1024 
0 0 0 0 0 0 0 1024 0 0 0 0 0 0 0 1024 0 0 0 0 0 0 0 1024 
0 0 0 0 0 0 0 1024 0 0 0 0 0 0 0 1024 0 0 0 0 0 0 0 1024 
0 0 0 0 0 0 0 1024 0 0 0 0 0 0 0 1024 0 0 0 0 0 0 0 1024 
0 0 0 0 0 0 0 1024 0 0 0 0 0 0 0 1024 0 0 0 0 0 0 0 1024 
0 0 0 0 0 0 0 1024 0 0 0 0 0 0 0 1024 0 0 0 0 0 0 0 1024 
0 0 0 0 0 0 0 1024 0 0 0 0 0 0 0 1024 0 0 0 0 0 0 0 1024 
0 0 0 0 0 0 0 1024 0 0 0 0 0 0 0 1024 0 0 0 0 0 0 0 1024 
0 0 0 0 0 0 0 1024 0 0 0 0 0 0 0 1024 0 0 0 0 0 0 0 1024 
0 0 0 0 0 0 0 1024 0 0 0 0 0 0 0 1024 0 0 0 0 0 0 0 1024 
0 0 0 0 0 0 0 1024 0 0 0 0 0 0 0 1024 0 0 0 0 0 0 0 1024 
0 0 0 0 0 0 39 985 0 0 0 0 0 0 0 1024 0 0 0 0 0 0 0 1024 
0 0 0 0 0 0 94 930 0 0 0 0 0 0 0 1024 0 0 0 0 0 0 0 1024 
0 0 0 0 0 0 503 521 0 0 0 0 0 0 45 979 0 0 0 0 0 0 0 1024 
0 0 0 0 0 0 1024 0 0 0 0 0 0 0 970 54 0 0 0 0 0 0 0 1024 
0 0 0 0 0 0 1024 0 0 0 0 0 0 0 1024 0 0 0 0 0 0 0 7 1017 
0 0 0 0 0 0 1024 0 0 0 0 0 0 0 1024 0 0 0 0 0 0 0 2 1022 
0 0 0 0 0 0 1024 0 0 0 0 0 0 0 1024 0 0 0 0 0 0 0 121 903 
0 0 0 0 0 0 1024 0 0 0 0 0 0 0 1024 0 0 0 0 0 0 0 307 717 
0 0 0 0 0 0 1024 0 0 0 0 0 0 0 1024 0 0 0 0 0 0 0 178 846 
0 0 0 0 0 0 1024 0 0 0 0 0 0 0 1023 1 0 0 0 0 0 0 11 1013 
0 0 0 0 0 0 911 113 0 0 0 0 0 0 812 212 0 0 0 0 0 0 0 1024 
0 0 0 0 0 0 521 503 0 0 0 0 0 0 213 811 0 0 0 0 0 0 0 1024 
0 0 0 0 0 0 472 552 0 0 0 0 0 0 183 841 0 0 0 0 0 0 0 1024 
0 0 0 0 0 0 520 504 0 0 0 0 0 0 262 762 0 0 0 0 0 0 0 1024 
0 0 0 1 3 14 141 865 0 0 0 1 4 13 74 932 0 0 0 2 4 11 27 980 
0 50 176 132 99 125 173 269 0 59 162 136 98 118 176 275 14 163 118 90 82 109 157 291 
3 132 391 195 121 89 61 32 6 165 357 185 127 91 61 32 108 399 163 122 85 77 42 28 
0 315 293 209 113 67 22 5 16 333 268 216 105 54 29 3 311 306 171 109 59 43 22 3 
67 596 237 78 35 9 2 0 100 639 197 54 27 7 0 0 791 153 37 32 11 0 0 0 
78 662 260 22 2 0 0 0 63 684 256 20 1 0 0 0 869 143 11 1 0 0 0 0 
28 593 381 22 0 0 0 0 80 573 340 31 0 0 0 0 770 246 8 0 0 0 0 0 
140 771 100 13 0 0 0 0 131 810 77 6 0 0 0 0 926 90 8 0 0 0 0 0 
33 862 121 8 0 0 0 0 58 874 86 6 0 0 0 0 960 54 7 3 0 0 0 0 
286 560 84 54 19 11 7 3 493 378 70 50 11 11 9 2 812 91 55 35 9 10 9 3 
344 523 95 56 6 0 0 0 606 287 80 46 5 0 0 0 845 135 39 5 0 0 0 0 
0 0 0 0 0 0 0 1024 0 0 0 0 0 0 0 1024 0 0 0 0 0 0 0 1024 
0 0 0 0 0 0 0 1024 0 0 0 0 0 0 0 1024 0 0 0 0 0 0 0 1024 
0 0 0 0 0 0 0 1024 0 0 0 0 0 0 0 1024 0 0 0 0 0 0 0 1024 
0 0 0 0 0 0 0 1024 0 0 0 0 0 0 0 1024 0 0 0 0 0 0 0 1024 
0 0 0 0 0 0 0 1024 0 0 0 0 0 0 0 1024 0 0 0 0 0 0 0 1024 
0 0 0 0 0 0 0 1024 0 0 0 0 0 0 0 1024 0 0 0 0 0 0 0 1024 
0 0 0 0 0 0 0 1024 0 0 0 0 0 0 0 1024 0 0 0 0 0 0 0 1024 
0 0 0 0 0 0 0 1024 0 0 0 0 0 0 0 1024 0 0 0 0 0 0 0 1024 
0 0 0 0 0 0 0 1024 0 0 0 0 0 0 0 1024 0 0 0 0 0 0 0 1024 
0 0 0 0 0 0 0 1024 0 0 0 0 0 0 0 1024 0 0 0 0 0 0 0 1024 
0 0 0 0 0 0 0 1024 0 0 0 0 0 0 0 1024 0 0 0 0 0 0 0 1024 
0 0 0 0 0 0 0 1024 0 0 0 0 0 0 0 1024 0 0 0 0 0 0 0 1024 
0 0 0 0 0 0 0 1024 0 0 0 0 0 0 0 1024 0 0 0 0 0 0 0 1024 
0 0 0 0 0 0 0 1024 0 0 0 0 0 0 0 1024 0 0 0 0 0 0 0 1024 
0 0 0 0 0 0 0 1024 0 0 0 0 0 0 0 1024 0 0 0 0 0 0 0 1024 
0 0 0 0 0 0 0 1024 0 0 0 0 0 0 0 1024 0 0 0 0 0 0 0 1024 
0 0 0 0 0 0 0 1024 0 0 0 0 0 0 0 1024 0 0 0 0 0 0 0 1024 
0 0 0 0 0 0 8 1016 0 0 0 0 0 0 0 1024 0 0 0 0 0 0 0 1024 
0 0 0 0 0 0 280 744 0 0 0 0 0 0 88 936 0 0 0 0 0 0 0 1024 
0 0 0 0 0 0 634 390 0 0 0 0 0 0 434 590 0 0 0 0 0 0 0 1024 
0 0 0 0 0 0 1024 0 0 0 0 0 0 0 1022 2 0 0 0 0 0 0 0 1024 
0 0 0 0 0 0 1024 0 0 0 0 0 0 0 1024 0 0 0 0 0 0 0 0 1024 
0 0 0 0 0 0 848 176 0 0 0 0 0 0 723 301 0 0 0 0 0 0 0 1024 
0 0 0 0 0 0 446 578 0 0 0 0 0 0 269 755 0 0 0 0 0 0 0 1024 
0 0 0 0 0 0 295 729 0 0 0 0 0 0 97 927 0 0 0 0 0 0 0 1024 
0 0 0 0 0 0 51 973 0 0 0 0 0 0 4 1020 0 0 0 0 0 0 0 1024 
0 0 0 0 0 0 0 1024 0 0 0 0 0 0 0 1024 0 0 0 0 0 0 0 1024 
0 0 0 0 0 0 0 1024 0 0 0 0 0 0 0 1024 0 0 0 0 0 0 0 1024 
0 0 0 0 0 0 0 1024 0 0 0 0 0 0 0 1024 0 0 0 0 0 0 0 1024 
0 0 0 0 0 0 0 1024 0 0 0 0 0 0 0 1024 0 0 0 0 0 0 0 1024 
0 30 196 134 92 102 108 362 0 49 179 138 92 105 111 350 50 188 122 61 73 86 95 349 
0 118 425 176 117 84 75 29 0 180 367 183 109 80 80 25 173 390 130 84 82 63 71 31 
0 352 408 85 58 64 39 18 3 446 336 68 57 61 41 12 388 377 67 33 61 41 34 23 
7 375 318 130 64 84 39 7 25 408 277 121 68 77 38 10 347 337 99 61 56 73 39 12 
2 295 246 153 104 80 78 66 13 304 215 156 108 85 74 69 278 257 113 88 76 68 73 71 
116 669 195 28 10 6 0 0 269 528 172 39 9 7 0 0 855 125 19 14 8 3 0 0 
95 695 172 55 6 1 0 0 213 620 153 34 4 0 0 0 804 195 20 5 0 0 0 0 
17 528 241 80 42 44 71 1 56 516 209 64 45 53 67 14 453 297 70 39 32 46 42 45 
107 357 164 146 111 80 57 2 120 354 148 145 115 75 67 0 415 175 125 90 81 62 60 16 
156 618 182 38 22 7 1 0 193 605 172 32 17 4 1 0 669 255 65 24 8 3 0 0 
0 0 0 0 0 0 0 1024 0 0 0 0 0 0 0 1024 0 0 0 0 0 0 0 1024 
0 0 0 0 0 0 0 1024 0 0 0 0 0 0 0 1024 0 0 0 0 0 0 0 1024 
0 0 0 0 0 0 0 1024 0 0 0 0 0 0 0 1024 0 0 0 0 0 0 0 1024 
0 0 0 0 0 0 0 1024 0 0 0 0 0 0 0 1024 0 0 0 0 0 0 0 1024 
0 0 0 0 0 0 0 1024 0 0 0 0 0 0 0 1024 0 0 0 0 0 0 0 1024 
0 0 0 0 0 0 0 1024 0 0 0 0 0 0 0 1024 0 0 0 0 0 0 0 1024 
0 0 0 0 0 0 0 1024 0 0 0 0 0 0 0 1024 0 0 0 0 0 0 0 1024 
0 0 0 0 0 0 0 1024 0 0 0 0 0 0 0 1024 0 0 0 0 0 0 0 1024 
0 0 0 0 0 0 0 1024 0 0 0 0 0 0 0 1024 0 0 0 0 0 0 0 1024 
0 0 0 0 0 0 0 1024 0 0 0 0 0 0 0 1024 0 0 0 0 0 0 0 1024 
0 0 0 0 0 0 0 1024 0 0 0 0 0 0 0 1024 0 0 0 0 0 0 0 1024 
0 0 0 0 0 0 0 1024 0 0 0 0 0 0 0 1024 0 0 0 0 0 0 0 1024 
0 0 0 0 0 0 0 1024 0 0 0 0 0 0 0 1024 0 0 0 0 0 0 0 1024 
0 0 0 0 0 0 0 1024 0 0 0 0 0 0 0 1024 0 0 0 0 0 0 0 1024 
0 0 0 0 0 0 0 1024 0 0 0 0 0 0 0 1024 0 0 0 0 0 0 0 1024 
0 0 0 0 0 0 0 1024 0 0 0 0 0 0 0 1024 0 0 0 0 0 0 0 1024 
0 0 0 0 0 0 0 1024 0 0 0 0 0 0 0 1024 0 0 0 0 0 0 0 1024 
0 0 0 0 0 0 0 1024 0 0 0 0 0 0 0 1024 0 0 0 0 0 0 0 1024 
0 0 0 0 0 0 0 1024 0 0 0 0 0 0 0 1024 0 0 0 0 0 0 0 1024 
0 0 0 0 0 0 29 995 0 0 0 0 0 0 1 1023 0 0 0 0 0 0 0 1024 
0 0 0 0 0 0 868 156 0 0 0 0 0 0 671 353 0 0 0 0 0 0 0 1024 
0 0 0 0 0 0 520 504 0 0 0 0 0 0 363 661 0 0 0 0 0 0 0 1024 
0 0 0 0 0 0 94 930 0 0 0 0 0 0 22 1002 0 0 0 0 0 0 0 1024 
0 0 0 0 0 0 0 1024 0 0 0 0 0 0 0 1024 0 0 0 0 0 0 0 1024 
0 0 0 0 0 0 0 1024 0 0 0 0 0 0 0 1024 0 0 0 0 0 0 0 1024 
0 0 0 0 0 0 0 1024 0 0 0 0 0 0 0 1024 0 0 0 0 0 0 0 1024 
0 0 0 0 0 0 0 1024 0 0 0 0 0 0 0 1024 0 0 0 0 0 0 0 1024 
0 0 0 0 0 0 1 1023 0 0 0 0 0 0 0 1024 0 0 0 0 0 0 0 1024 
0 0 0 0 0 0 0 1024 0 0 0 0 0 0 0 1024 0 0 0 0 0 0 0 1024 
0 0 0 0 0 0 0 1024 0 0 0 0 0 0 0 1024 0 0 0 0 0 0 0 1024 
0 0 0 0 0 0 0 1024 0 0 0 0 0 0 0 1024 0 0 0 0 0 0 0 1024 
0 0 0 0 0 2 23 999 0 0 0 0 0 3 24 997 0 0 0 0 0 2 11 1011 
0 0 12 45 42 48 87 790 0 0 12 44 44 49 83 792 0 20 26 27 32 38 75 806 
0 10 29 87 69 67 151 611 0 12 31 84 64 62 148 623 5 34 55 52 46 50 127 655 
0 190 292 156 79 78 109 120 1 181 282 177 90 71 92 130 195 279 133 77 55 60 79 146 
0 240 563 210 11 0 0 0 7 238 520 250 9 0 0 0 452 481 85 6 0 0 0 0 
14 413 351 163 40 23 19 1 37 457 340 111 40 20 17 2 413 369 140 41 29 13 16 3 
46 378 344 107 54 43 30 22 77 354 342 113 44 40 34 20 452 291 87 61 37 41 29 26 
10 296 406 177 80 46 9 0 20 266 427 175 73 45 17 1 322 352 160 90 51 37 11 1 
111 421 207 131 82 57 13 2 116 440 191 121 83 54 18 1 412 256 120 98 69 50 17 2 
0 0 0 0 0 0 0 1024 0 0 0 0 0 0 0 1024 0 0 0 0 0 0 0 1024 
0 0 0 0 0 0 8 1016 0 0 0 0 0 0 0 1024 0 0 0 0 0 0 0 1024 
0 0 0 0 0 0 0 1024 0 0 0 0 0 0 0 1024 0 0 0 0 0 0 0 1024 
0 0 0 0 0 0 10 1014 0 0 0 0 0 0 0 1024 0 0 0 0 0 0 0 1024 
0 0 0 0 0 0 0 1024 0 0 0 0 0 0 0 1024 0 0 0 0 0 0 0 1024 
0 0 0 0 0 0 0 1024 0 0 0 0 0 0 0 1024 0 0 0 0 0 0 0 1024 
0 0 0 0 0 0 0 1024 0 0 0 0 0 0 0 1024 0 0 0 0 0 0 0 1024 
0 0 0 0 0 0 0 1024 0 0 0 0 0 0 0 1024 0 0 0 0 0 0 0 1024 
0 0 0 0 0 0 0 1024 0 0 0 0 0 0 0 1024 0 0 0 0 0 0 0 1024 
0 0 0 0 0 0 0 1024 0 0 0 0 0 0 0 1024 0 0 0 0 0 0 0 1024 
0 0 0 0 0 0 0 1024 0 0 0 0 0 0 0 1024 0 0 0 0 0 0 0 1024 
0 0 0 0 0 0 0 1024 0 0 0 0 0 0 0 1024 0 0 0 0 0 0 0 1024 
0 0 0 0 0 0 0 1024 0 0 0 0 0 0 0 1024 0 0 0 0 0 0 0 1024 
0 0 0 0 0 0 0 1024 0 0 0 0 0 0 0 1024 0 0 0 0 0 0 0 1024 
0 0 0 0 0 0 0 1024 0 0 0 0 0 0 0 1024 0 0 0 0 0 0 0 1024 
0 0 0 0 0 0 0 1024 0 0 0 0 0 0 0 1024 0 0 0 0 0 0 0 1024 
0 0 0 0 0 0 0 1024 0 0 0 0 0 0 0 1024 0 0 0 0 0 0 0 1024 
0 0 0 0 0 0 0 1024 0 0 0 0 0 0 0 1024 0 0 0 0 0 0 0 1024 
0 0 0 0 0 0 0 1024 0 0 0 0 0 0 0 1024 0 0 0 0 0 0 0 1024 
0 0 0 0 0 0 0 1024 0 0 0 0 0 0 0 1024 0 0 0 0 0 0 0 1024 
0 0 0 0 0 0 33 991 0 0 0 0 0 0 0 1024 0 0 0 0 0 0 0 1024 
0 0 0 0 0 0 15 1009 0 0 0 0 0 0 0 1024 0 0 0 0 0 0 0 1024 
0 0 0 0 0 0 0 1024 0 0 0 0 0 0 0 1024 0 0 0 0 0 0 0 1024 
0 0 0 0 0 0 0 1024 0 0 0 0 0 0 0 1024 0 0 0 0 0 0 0 1024 
0 0 0 0 0 0 0 1024 0 0 0 0 0 0 0 1024 0 0 0 0 0 0 0 1024 
0 0 0 0 0 0 0 1024 0 0 0 0 0 0 0 1024 0 0 0 0 0 0 0 1024 
0 0 0 0 0 0 0 1024 0 0 0 0 0 0 0 1024 0 0 0 0 0 0 0 1024 
0 0 0 0 0 0 0 1024 0 0 0 0 0 0 0 1024 0 0 0 0 0 0 0 1024 
0 0 0 0 0 0 0 1024 0 0 0 0 0 0 0 1024 0 0 0 0 0 0 0 1024 
0 0 0 0 0 0 0 1024 0 0 0 0 0 0 0 1024 0 0 0 0 0 0 0 1024 
0 0 0 0 0 0 0 1024 0 0 0 0 0 0 0 1024 0 0 0 0 0 0 0 1024 
0 0 0 0 5 11 20 988 0 0 0 0 1 12 17 994 0 0 0 0 2 13 12 997 
0 0 26 67 67 69 118 677 0 0 13 63 71 69 103 705 0 29 50 37 46 56 84 722 
0 0 142 210 75 78 118 401 0 0 103 228 88 64 111 430 8 206 100 71 52 52 77 458 
0 239 461 198 74 41 11 0 26 187 411 259 84 42 12 3 283 448 115 66 64 34 11 3 
5 326 394 178 61 25 31 4 25 322 379 178 60 29 24 7 357 328 167 75 37 26 22 12 
21 274 344 191 100 49 28 17 75 269 312 169 95 55 36 13 228 349 149 129 73 43 30 23 
17 148 210 158 150 120 156 65 24 147 213 139 148 122 151 80 123 189 131 113 116 122 105 125 
5 291 282 192 145 76 30 3 17 290 283 184 136 86 25 3 221 299 169 123 107 71 27 7 
32 350 319 141 86 60 34 2 82 314 304 128 96 58 37 5 308 313 149 86 72 52 37 7 
0 0 0 0 0 0 0 1024 0 0 0 0 0 0 0 1024 0 0 0 0 0 0 0 1024 
0 0 0 0 0 0 0 1024 0 0 0 0 0 0 0 1024 0 0 0 0 0 0 0 1024 
0 0 0 0 0 0 0 1024 0 0 0 0 0 0 0 1024 0 0 0 0 0 0 0 1024 
0 0 0 0 0 0 0 1024 0 0 0 0 0 0 0 1024 0 0 0 0 0 0 0 1024 
0 0 0 0 0 0 0 1024 0 0 0 0 0 0 0 1024 0 0 0 0 0 0 0 1024 
0 0 0 0 0 0 0 1024 0 0 0 0 0 0 0 1024 0 0 0 0 0 0 0 1024 
0 0 0 0 0 0 1 1023 0 0 0 0 0 0 0 1024 0 0 0 0 0 0 0 1024 
0 0 0 0 0 0 0 1024 0 0 0 0 0 0 0 1024 0 0 0 0 0 0 0 1024 
0 0 0 0 0 0 0 1024 0 0 0 0 0 0 0 1024 0 0 0 0 0 0 0 1024 
0 0 0 0 0 0 0 1024 0 0 0 0 0 0 0 1024 0 0 0 0 0 0 0 1024 
0 0 0 0 0 0 0 1024 0 0 0 0 0 0 0 1024 0 0 0 0 0 0 0 1024 
0 0 0 0 0 0 0 1024 0 0 0 0 0 0 0 1024 0 0 0 0 0 0 0 1024 
0 0 0 0 0 0 0 1024 0 0 0 0 0 0 0 1024 0 0 0 0 0 0 0 1024 
0 0 0 0 0 0 0 1024 0 0 0 0 0 0 0 1024 0 0 0 0 0 0 0 1024 
0 0 0 0 0 0 0 1024 0 0 0 0 0 0 0 1024 0 0 0 0 0 0 0 1024 
0 0 0 0 0 0 20 1004 0 0 0 0 0 0 0 1024 0 0 0 0 0 0 0 1024 
0 0 0 0 0 0 50 974 0 0 0 0 0 0 0 1024 0 0 0 0 0 0 0 1024 
0 0 0 0 0 0 20 1004 0 0 0 0 0 0 0 1024 0 0 0 0 0 0 0 1024 
0 0 0 0 0 0 0 1024 0 0 0 0 0 0 0 1024 0 0 0 0 0 0 0 1024 
0 0 0 0 0 0 0 1024 0 0 0 0 0 0 0 1024 0 0 0 0 0 0 0 1024 
0 0 0 0 0 0 0 1024 0 0 0 0 0 0 0 1024 0 0 0 0 0 0 0 1024 
0 0 0 0 0 0 0 1024 0 0 0 0 0 0 0 1024 0 0 0 0 0 0 0 1024 
0 0 0 0 0 0 0 1024 0 0 0 0 0 0 0 1024 0 0 0 0 0 0 0 1024 
0 0 0 0 0 0 0 1024 0 0 0 0 0 0 0 1024 0 0 0 0 0 0 0 1024 
0 0 0 0 0 0 0 1024 0 0 0 0 0 0 0 1024 0 0 0 0 0 0 0 1024 
0 0 0 0 0 0 0 1024 0 0 0 0 0 0 0 1024 0 0 0 0 0 0 0 1024 
0 0 0 0 0 0 0 1024 0 0 0 0 0 0 0 1024 0 0 0 0 0 0 0 1024 
0 0 0 0 0 0 0 1024 0 0 0 0 0 0 0 1024 0 0 0 0 0 0 0 1024 
0 0 0 0 0 0 0 1024 0 0 0 0 0 0 0 1024 0 0 0 0 0 0 0 1024 
0 0 0 0 0 0 0 1024 0 0 0 0 0 0 0 1024 0 0 0 0 0 0 0 1024 
0 0 0 0 0 0 0 1024 0 0 0 0 0 0 0 1024 0 0 0 0 0 0 0 1024 
0 0 6 7 16 7 244 744 0 0 6 10 13 12 33 950 0 3 7 10 10 8 18 968 
0 45 129 80 39 55 139 537 0 44 131 84 40 50 91 584 47 119 75 31 28 42 39 643 
0 60 227 142 69 34 66 426 0 82 207 148 66 36 55 430 68 241 100 54 47 29 39 446 
1 23 176 173 109 138 293 111 2 34 157 161 115 126 227 202 5 105 158 109 93 113 140 301 
0 59 206 135 87 103 422 12 0 66 218 121 84 91 417 27 28 182 135 69 68 90 117 335 
0 12 18 15 35 49 876 19 1 12 15 18 30 48 840 60 4 16 12 10 29 32 119 802 
4 35 47 57 57 122 694 8 1 41 48 53 62 101 702 16 12 37 41 51 47 89 207 540 
22 248 197 145 112 131 161 8 41 270 166 134 114 106 188 5 88 243 145 124 114 93 137 80 
18 79 162 216 214 188 139 8 28 73 159 208 190 196 156 14 51 160 142 142 160 179 156 34 
0 0 0 0 0 0 0 1024 0 0 0 0 0 0 0 1024 0 0 0 0 0 0 0 1024 
0 0 0 0 0 0 0 1024 0 0 0 0 0 0 0 1024 0 0 0 0 0 0 0 1024 
0 0 0 0 0 0 0 1024 0 0 0 0 0 0 0 1024 0 0 0 0 0 0 0 1024 
0 0 0 0 0 0 0 1024 0 0 0 0 0 0 0 1024 0 0 0 0 0 0 0 1024 
0 0 0 0 0 0 0 1024 0 0 0 0 0 0 0 1024 0 0 0 0 0 0 0 1024 
0 0 0 0 0 0 0 1024 0 0 0 0 0 0 0 1024 0 0 0 0 0 0 0 1024 
0 0 0 0 0 0 0 1024 0 0 0 0 0 0 0 1024 0 0 0 0 0 0 0 1024 
0 0 0 0 0 0 0 1024 0 0 0 0 0 0 0 1024 0 0 0 0 0 0 0 1024 
0 0 0 0 0 0 0 1024 0 0 0 0 0 0 0 1024 0 0 0 0 0 0 0 1024 
0 0 0 0 0 0 0 1024 0 0 0 0 0 0 0 1024 0 0 0 0 0 0 0 1024 
0 0 0 0 0 0 0 1024 0 0 0 0 0 0 0 1024 0 0 0 0 0 0 0 1024 
0 0 0 0 0 0 0 1024 0 0 0 0 0 0 0 1024 0 0 0 0 0 0 0 1024 
0 0 0 0 0 0 0 1024 0 0 0 0 0 0 0 1024 0 0 0 0 0 0 0 1024 
0 0 0 0 0 0 0 1024 0 0 0 0 0 0 0 1024 0 0 0 0 0 0 0 1024 
0 0 0 0 0 0 152 872 0 0 0 0 0 0 4 1020 0 0 0 0 0 0 0 1024 
0 0 0 0 0 0 712 312 0 0 0 0 0 0 100 924 0 0 0 0 0 0 0 1024 
0 0 0 0 0 0 968 56 0 0 0 0 0 0 533 491 0 0 0 0 0 0 0 1024 
0 0 0 0 0 0 970 54 0 0 0 0 0 0 721 303 0 0 0 0 0 0 0 1024 
0 0 0 0 0 0 900 124 0 0 0 0 0 0 579 445 0 0 0 0 0 0 0 1024 
0 0 0 0 0 0 745 279 0 0 0 0 0 0 407 617 0 0 0 0 0 0 0 1024 
0 0 0 0 0 0 653 371 0 0 0 0 0 0 289 735 0 0 0 0 0 0 0 1024 
0 0 0 0 0 0 777 247 0 0 0 0 0 0 426 598 0 0 0 0 0 0 0 1024 
0 0 0 0 0 0 690 334 0 0 0 0 0 0 327 697 0 0 0 0 0 0 0 1024 
0 0 0 0 0 0 666 358 0 0 0 0 0 0 219 805 0 0 0 0 0 0 0 1024 
0 0 0 0 0 0 287 737 0 0 0 0 0 0 0 1024 0 0 0 0 0 0 0 1024 
0 0 0 0 0 0 0 1024 0 0 0 0 0 0 0 1024 0 0 0 0 0 0 0 1024 
0 0 0 0 0 0 0 1024 0 0 0 0 0 0 0 1024 0 0 0 0 0 0 0 1024 
0 0 0 0 0 0 0 1024 0 0 0 0 0 0 0 1024 0 0 0 0 0 0 0 1024 
0 0 0 0 0 0 0 1024 0 0 0 0 0 0 0 1024 0 0 0 0 0 0 0 1024 
0 0 0 0 0 0 0 1024 0 0 0 0 0 0 0 1024 0 0 0 0 0 0 0 1024 
0 0 0 0 0 0 0 1024 0 0 0 0 0 0 0 1024 0 0 0 0 0 0 0 1024 
0 0 0 0 0 0 0 1024 0 0 0 0 0 0 0 1024 0 0 0 0 0 0 0 1024 
0 0 0 0 0 0 0 1024 0 0 0 0 0 0 0 1024 0 0 0 0 0 0 0 1024 
0 0 0 0 0 0 0 1024 0 0 0 0 0 0 0 1024 0 0 0 0 0 0 0 1024 
0 0 0 0 0 0 18 1006 0 0 0 0 0 0 0 1024 0 0 0 0 0 0 0 1024 
0 0 0 0 0 0 303 721 0 0 0 0 0 0 128 896 0 0 0 0 0 0 0 1024 
0 0 12 21 32 52 314 593 0 1 11 24 32 49 260 647 0 2 15 17 30 44 79 837 
0 156 275 182 166 123 98 24 1 226 230 181 143 118 103 22 93 249 171 154 121 110 84 42 
53 318 203 166 102 86 90 6 57 340 171 157 108 81 86 24 299 184 145 137 83 56 89 31 
29 278 433 128 65 41 49 1 18 201 424 226 60 46 48 1 361 375 102 57 45 37 40 7 
0 0 0 0 0 0 435 589 0 0 0 0 0 0 0 1024 0 0 0 0 0 0 0 1024 
0 0 0 0 0 0 469 555 0 0 0 0 0 0 4 1020 0 0 0 0 0 0 0 1024 
0 0 0 0 0 0 438 586 0 0 0 0 0 0 20 1004 0 0 0 0 0 0 0 1024 
0 0 0 0 0 0 491 533 0 0 0 0 0 0 139 885 0 0 0 0 0 0 0 1024 
0 0 0 0 0 0 549 475 0 0 0 0 0 0 258 766 0 0 0 0 0 0 0 1024 
0 0 0 0 0 0 243 781 0 0 0 0 0 0 62 962 0 0 0 0 0 0 0 1024 
0 0 0 0 0 0 28 996 0 0 0 0 0 0 0 1024 0 0 0 0 0 0 0 1024 
0 0 0 0 0 0 0 1024 0 0 0 0 0 0 0 1024 0 0 0 0 0 0 0 1024 
0 0 0 0 0 0 0 1024 0 0 0 0 0 0 0 1024 0 0 0 0 0 0 0 1024 
0 0 0 0 0 0 0 1024 0 0 0 0 0 0 0 1024 0 0 0 0 0 0 0 1024 
0 0 0 0 0 0 0 1024 0 0 0 0 0 0 0 1024 0 0 0 0 0 0 0 1024 
0 0 0 0 0 0 0 1024 0 0 0 0 0 0 0 1024 0 0 0 0 0 0 0 1024 
0 0 0 0 0 0 9 1015 0 0 0 0 0 0 0 1024 0 0 0 0 0 0 0 1024 
0 0 0 0 0 0 229 795 0 0 0 0 0 0 64 960 0 0 0 0 0 0 0 1024 
0 0 0 0 0 0 995 29 0 0 0 0 0 0 569 455 0 0 0 0 0 0 0 1024 
0 0 0 0 0 0 1024 0 0 0 0 0 0 0 973 51 0 0 0 0 0 0 7 1017 
0 0 0 0 0 0 1024 0 0 0 0 0 0 0 1021 3 0 0 0 0 0 0 377 647 
0 0 0 0 0 76 948 0 0 0 0 0 0 0 1024 0 0 0 0 0 0 0 604 420 
0 0 0 0 0 245 779 0 0 0 0 0 0 0 1024 0 0 0 0 0 0 0 605 419 
0 0 0 0 0 319 705 0 0 0 0 0 0 0 1024 0 0 0 0 0 0 0 531 493 
0 0 0 0 0 167 857 0 0 0 0 0 0 0 1024 0 0 0 0 0 0 0 475 549 
0 0 0 0 0 0 1024 0 0 0 0 0 0 0 1024 0 0 0 0 0 0 0 107 917 
0 0 0 0 0 0 1024 0 0 0 0 0 0 0 1023 1 0 0 0 0 0 0 10 1014 
0 0 0 0 0 0 760 264 0 0 0 0 0 0 440 584 0 0 0 0 0 0 0 1024 
0 0 0 0 0 0 78 946 0 0 0 0 0 0 0 1024 0 0 0 0 0 0 0 1024 
0 0 0 0 0 0 0 1024 0 0 0 0 0 0 0 1024 0 0 0 0 0 0 0 1024 
0 0 0 0 0 0 0 1024 0 0 0 0 0 0 0 1024 0 0 0 0 0 0 0 1024 
0 0 0 0 0 0 0 1024 0 0 0 0 0 0 0 1024 0 0 0 0 0 0 0 1024 
0 0 0 0 0 0 0 1024 0 0 0 0 0 0 0 1024 0 0 0 0 0 0 0 1024 
0 0 0 0 0 0 0 1024 0 0 0 0 0 0 0 1024 0 0 0 0 0 0 0 1024 
0 0 0 0 0 0 0 1024 0 0 0 0 0 0 0 1024 0 0 0 0 0 0 0 1024 
0 0 0 0 0 0 0 1024 0 0 0 0 0 0 0 1024 0 0 0 0 0 0 0 1024 
0 0 0 0 0 0 0 1024 0 0 0 0 0 0 0 1024 0 0 0 0 0 0 0 1024 
0 0 0 0 0 0 0 1024 0 0 0 0 0 0 0 1024 0 0 0 0 0 0 0 1024 
0 0 0 0 0 0 82 942 0 0 0 0 0 0 0 1024 0 0 0 0 0 0 0 1024 
0 0 16 53 27 36 303 589 0 0 3 51 34 40 84 812 0 19 34 24 19 28 50 850 
0 57 144 101 77 73 361 211 0 65 127 98 80 65 139 450 59 135 78 56 51 57 90 498 
5 89 341 307 111 61 101 9 2 73 308 351 110 62 90 28 172 402 142 67 62 53 65 61 
36 435 347 185 18 3 0 0 125 391 319 172 14 3 0 0 530 363 109 16 5 1 0 0 
51 385 361 106 60 50 11 0 76 327 364 120 63 54 20 0 463 298 95 49 47 45 25 2 
0 0 0 0 29 189 806 0 0 0 0 0 0 88 785 151 0 0 0 0 0 0 255 769 
0 0 0 0 0 228 796 0 0 0 0 0 0 57 941 26 0 0 0 0 0 0 274 750 
0 0 0 0 0 132 892 0 0 0 0 0 0 15 960 49 0 0 0 0 0 0 228 796 
0 0 0 0 0 36 988 0 0 0 0 0 0 0 1009 15 0 0 0 0 0 0 176 848 
0 0 0 0 0 16 1008 0 0 0 0 0 0 0 1024 0 0 0 0 0 0 0 154 870 
0 0 0 0 0 0 1024 0 0 0 0 0 0 0 1015 9 0 0 0 0 0 0 69 955 
0 0 0 0 0 0 954 70 0 0 0 0 0 0 778 246 0 0 0 0 0 0 0 1024 
0 0 0 0 0 0 212 812 0 0 0 0 0 0 68 956 0 0 0 0 0 0 0 1024 
0 0 0 0 0 0 0 1024 0 0 0 0 0 0 0 1024 0 0 0 0 0 0 0 1024 
0 0 0 0 0 0 0 1024 0 0 0 0 0 0 0 1024 0 0 0 0 0 0 0 1024 
0 0 0 0 0 0 0 1024 0 0 0 0 0 0 0 1024 0 0 0 0 0 0 0 1024 
0 0 0 0 0 0 0 1024 0 0 0 0 0 0 0 1024 0 0 0 0 0 0 0 1024 
0 0 0 0 0 0 819 205 0 0 0 0 0 0 378 646 0 0 0 0 0 0 0 1024 
0 0 0 0 0 0 1024 0 0 0 0 0 0 0 963 61 0 0 0 0 0 0 0 1024 
0 0 0 0 0 0 1024 0 0 0 0 0 0 0 1024 0 0 0 0 0 0 0 100 924 
0 0 0 0 0 1 1023 0 0 0 0 0 0 0 1024 0 0 0 0 0 0 0 670 354 
0 0 0 0 0 0 1024 0 0 0 0 0 0 0 1024 0 0 0 0 0 0 0 632 392 
0 0 0 0 0 0 1024 0 0 0 0 0 0 0 895 129 0 0 0 0 0 0 88 936 
0 0 0 0 0 1 958 65 0 0 0 0 0 0 491 533 0 0 0 0 0 0 45 979 
0 0 0 0 0 76 756 192 0 0 0 0 0 0 664 360 0 0 0 0 0 0 227 797 
0 0 0 0 0 62 626 336 0 0 0 0 0 0 588 436 0 0 0 0 0 0 247 777 
0 0 0 0 0 40 778 206 0 0 0 0 0 0 745 279 0 0 0 0 0 0 242 782 
0 0 0 0 0 0 583 441 0 0 0 0 0 0 490 534 0 0 0 0 0 0 11 1013 
0 0 0 0 0 0 274 750 0 0 0 0 0 0 82 942 0 0 0 0 0 0 0 1024 
0 0 0 0 0 0 0 1024 0 0 0 0 0 0 0 1024 0 0 0 0 0 0 0 1024 
0 0 0 0 0 0 0 1024 0 0 0 0 0 0 0 1024 0 0 0 0 0 0 0 1024 
0 0 0 0 0 0 0 1024 0 0 0 0 0 0 0 1024 0 0 0 0 0 0 0 1024 
0 0 0 0 0 0 0 1024 0 0 0 0 0 0 0 1024 0 0 0 0 0 0 0 1024 
0 0 0 0 0 0 0 1024 0 0 0 0 0 0 0 1024 0 0 0 0 0 0 0 1024 
0 0 0 0 0 0 0 1024 0 0 0 0 0 0 0 1024 0 0 0 0 0 0 0 1024 
0 0 0 0 0 0 0 1024 0 0 0 0 0 0 0 1024 0 0 0 0 0 0 0 1024 
0 0 0 0 0 0 0 1024 0 0 0 0 0 0 0 1024 0 0 0 0 0 0 0 1024 
0 0 0 0 0 0 0 1024 0 0 0 0 0 0 0 1024 0 0 0 0 0 0 0 1024 
0 0 0 3 7 6 102 906 0 0 0 4 6 6 14 994 0 0 1 3 5 7 7 1001 
0 2 44 80 63 58 272 505 0 0 31 80 66 60 134 653 1 29 57 51 46 52 81 707 
0 75 407 257 73 50 118 44 0 68 343 328 69 47 62 107 128 471 136 52 32 32 39 134 
16 177 677 148 6 0 0 0 20 147 567 279 11 0 0 0 304 658 57 5 0 0 0 0 
0 219 538 143 40 57 23 4 5 239 432 219 43 43 33 10 260 588 31 17 36 38 39 15 
179 476 229 83 37 11 9 0 173 471 222 103 33 13 8 1 486 243 154 81 35 14 9 2 
80 178 279 192 110 83 102 0 57 171 247 218 97 95 134 5 134 243 158 158 84 85 85 77 
0 51 261 135 577 0 0 0 0 0 180 192 278 374 0 0 0 0 153 133 113 498 127 0 
0 77 129 144 620 54 0 0 0 2 181 48 272 521 0 0 0 0 161 50 51 500 262 0 
0 11 16 265 596 136 0 0 0 0 20 14 444 535 11 0 0 0 19 10 43 582 370 0 
0 0 0 254 516 254 0 0 0 0 0 0 531 305 188 0 0 0 0 0 49 637 338 0 
0 0 0 267 513 181 63 0 0 0 0 0 400 419 205 0 0 0 0 0 54 519 441 10 
0 0 0 92 644 89 199 0 0 0 0 0 175 589 260 0 0 0 0 0 50 466 472 36 
0 0 0 1 579 34 405 5 0 0 0 0 36 568 316 104 0 0 0 0 0 365 293 366 
0 0 0 0 237 27 76 684 0 0 0 0 0 256 29 739 0 0 0 0 0 166 107 751 
0 0 0 0 115 28 20 861 0 0 0 0 0 135 24 865 0 0 0 0 0 44 105 875 
0 0 0 0 34 24 20 946 0 0 0 0 0 53 20 951 0 0 0 0 0 17 50 957 
0 0 0 0 65 26 23 910 0 0 0 0 0 85 26 913 0 0 0 0 0 31 69 924 
0 0 0 0 6 6 54 958 0 0 0 0 0 11 12 1001 0 0 0 0 0 8 7 1009 
0 0 0 0 11 45 757 211 0 0 0 0 0 52 566 406 0 0 0 0 0 11 53 960 
0 0 0 0 7 5 1012 0 0 0 0 0 0 10 976 38 0 0 0 0 0 7 13 1004 
0 0 0 0 0 5 1004 15 0 0 0 0 0 4 809 211 0 0 0 0 0 3 14 1007 
0 0 0 0 140 33 850 1 0 0 0 0 0 160 848 16 0 0 0 0 0 69 272 683 
0 0 0 0 195 32 797 0 0 0 0 0 3 213 740 68 0 0 0 0 0 116 133 775 
0 0 0 0 32 14 937 41 0 0 0 0 2 37 651 334 0 0 0 0 0 26 22 976 
0 0 0 0 0 0 605 419 0 0 0 0 0 0 357 667 0 0 0 0 0 0 0 1024 
0 0 0 0 0 7 551 466 0 0 0 0 0 5 390 629 0 0 0 0 0 0 7 1017 
0 0 0 0 0 18 571 435 0 0 0 0 0 9 335 680 0 0 0 0 0 0 21 1003 
0 0 0 0 0 0 690 334 0 0 0 0 0 0 236 788 0 0 0 0 0 0 0 1024 
0 0 0 0 0 0 574 450 0 0 0 0 0 0 11 1013 0 0 0 0 0 0 0 1024 
0 0 0 0 0 0 20 1004 0 0 0 0 0 0 0 1024 0 0 0 0 0 0 0 1024 
0 0 0 0 0 0 0 1024 0 0 0 0 0 0 0 1024 0 0 0 0 0 0 0 1024 
0 0 0 0 0 0 0 1024 0 0 0 0 0 0 0 1024 0 0 0 0 0 0 0 1024 
0 0 0 0 0 0 0 1024 0 0 0 0 0 0 0 1024 0 0 0 0 0 0 0 1024 
0 0 0 0 0 0 0 1024 0 0 0 0 0 0 0 1024 0 0 0 0 0 0 0 1024 
0 0 0 0 0 0 0 1024 0 0 0 0 0 0 0 1024 0 0 0 0 0 0 0 1024 
0 0 0 0 0 0 0 1024 0 0 0 0 0 0 0 1024 0 0 0 0 0 0 0 1024 
0 0 0 0 0 0 0 1024 0 0 0 0 0 0 0 1024 0 0 0 0 0 0 0 1024 
0 0 0 0 0 0 49 975 0 0 0 0 0 0 0 1024 0 0 0 0 0 0 0 1024 
0 0 1 38 34 28 319 604 0 0 2 36 34 29 30 893 0 7 30 28 13 19 22 905 
0 33 212 174 115 74 296 120 0 40 188 187 116 70 95 328 25 264 132 68 58 54 60 363 
8 290 325 262 60 34 45 0 19 319 321 224 65 27 30 19 231 439 181 76 29 20 14 34 
8 155 227 152 76 94 282 30 16 172 222 132 71 74 234 103 114 270 89 66 62 59 112 252 
0 66 271 260 120 69 232 6 0 72 241 258 130 70 218 35 62 270 188 114 78 53 68 191 
2 22 44 25 26 43 859 3 3 12 43 32 16 36 867 15 7 32 29 20 16 21 55 844 
8 42 35 28 40 117 752 2 10 39 37 30 33 106 767 2 13 37 34 30 23 41 170 676 
44 137 68 56 163 480 75 1 48 143 49 52 47 596 87 2 88 101 45 49 38 150 501 52 
0 966 58 0 0 0 0 0 0 386 636 2 0 0 0 0 0 17 1004 3 0 0 0 0 
0 1005 19 0 0 0 0 0 0 600 424 0 0 0 0 0 0 6 1018 0 0 0 0 0 
0 771 144 101 8 0 0 0 0 368 517 59 80 0 0 0 0 9 865 55 47 48 0 0 
0 410 348 251 15 0 0 0 0 37 630 140 217 0 0 0 0 0 646 131 161 86 0 0 
0 220 429 327 48 0 0 0 0 6 553 140 325 0 0 0 0 0 533 148 252 91 0 0 
0 13 192 733 86 0 0 0 0 1 162 103 758 0 0 0 0 0 167 56 743 58 0 0 
0 0 3 562 459 0 0 0 0 0 1 25 952 46 0 0 0 0 0 3 675 344 2 0 
0 0 0 349 675 0 0 0 0 0 0 34 770 220 0 0 0 0 0 0 509 512 3 0 
0 0 0 196 828 0 0 0 0 0 0 51 527 446 0 0 0 0 0 0 173 800 51 0 
0 0 0 4 1020 0 0 0 0 0 0 0 486 538 0 0 0 0 0 0 0 962 62 0 
0 0 0 0 1022 2 0 0 0 0 0 0 72 952 0 0 0 0 0 0 0 877 147 0 
0 0 0 0 739 252 32 1 0 0 0 0 5 984 24 11 0 0 0 0 0 798 202 24 
0 0 0 0 756 264 4 0 0 0 0 0 0 1017 6 1 0 0 0 0 0 846 175 3 
0 0 0 0 931 34 41 18 0 0 0 0 132 826 35 31 0 0 0 0 0 861 112 51 
0 0 0 0 882 64 64 14 0 0 0 0 328 610 45 41 0 0 0 0 0 843 108 73 
0 0 0 0 1024 0 0 0 0 0 0 0 376 648 0 0 0 0 0 0 0 965 59 0 
0 0 0 0 1024 0 0 0 0 0 0 0 686 338 0 0 0 0 0 0 0 1011 13 0 
0 0 0 0 972 17 35 0 0 0 0 0 568 413 43 0 0 0 0 0 0 943 45 36 
0 0 0 0 801 26 197 0 0 0 0 0 467 347 210 0 0 0 0 0 0 756 71 197 
0 0 0 0 779 87 158 0 0 0 0 0 199 647 178 0 0 0 0 0 0 497 373 154 
0 0 0 0 889 69 66 0 0 0 0 0 0 947 72 5 0 0 0 0 0 256 705 63 
0 0 0 0 510 80 434 0 0 0 0 0 0 573 357 94 0 0 0 0 0 42 554 428 
0 0 0 0 129 24 788 83 0 0 0 0 0 146 138 740 0 0 0 0 0 18 145 861 
0 0 0 0 0 0 433 591 0 0 0 0 0 0 16 1008 0 0 0 0 0 0 0 1024 
0 0 0 0 0 0 109 915 0 0 0 0 0 0 0 1024 0 0 0 0 0 0 0 1024 
0 0 0 0 0 0 16 1008 0 0 0 0 0 0 0 1024 0 0 0 0 0 0 0 1024 
0 0 0 0 0 0 16 1008 0 0 0 0 0 0 0 1024 0 0 0 0 0 0 0 1024 
0 0 0 0 0 0 193 831 0 0 0 0 0 0 0 1024 0 0 0 0 0 0 0 1024 
0 0 0 0 0 0 405 619 0 0 0 0 0 0 0 1024 0 0 0 0 0 0 0 1024 
0 0 0 0 0 0 432 592 0 0 0 0 0 0 0 1024 0 0 0 0 0 0 0 1024 
0 0 0 0 0 0 607 417 0 0 0 0 0 0 0 1024 0 0 0 0 0 0 0 1024 
0 0 0 0 0 0 853 171 0 0 0 0 0 0 3 1021 0 0 0 0 0 0 0 1024 
0 0 6 31 24 16 941 6 0 0 12 37 15 13 39 908 1 13 27 16 7 11 18 931 
0 52 165 148 86 63 502 8 0 55 151 148 88 61 223 298 46 142 134 67 58 47 75 455 
2 88 239 248 172 131 143 1 1 88 210 257 177 126 139 26 26 216 194 154 142 106 98 88 
5 127 86 56 47 50 650 3 6 120 79 52 47 46 634 40 28 126 58 45 46 39 47 635 
0 0 0 0 0 0 1024 0 0 0 0 0 0 0 1024 0 0 0 0 0 0 0 0 1024 
0 0 0 0 2 89 933 0 0 0 0 0 0 83 941 0 0 0 0 0 0 16 87 921 
8 51 21 16 275 448 205 0 24 48 13 14 18 691 216 0 29 44 8 14 16 371 368 174 
31 110 17 8 656 197 5 0 53 96 7 8 89 763 8 0 91 58 4 10 5 764 92 0 
7 1017 0 0 0 0 0 0 0 901 123 0 0 0 0 0 0 469 555 0 0 0 0 0 
11 1006 7 0 0 0 0 0 0 762 262 0 0 0 0 0 0 298 726 0 0 0 0 0 
3 1020 1 0 0 0 0 0 0 763 261 0 0 0 0 0 0 249 775 0 0 0 0 0 
1 917 106 0 0 0 0 0 0 574 450 0 0 0 0 0 0 135 889 0 0 0 0 0 
0 1010 14 0 0 0 0 0 0 738 286 0 0 0 0 0 0 149 875 0 0 0 0 0 
22 934 68 0 0 0 0 0 0 698 326 0 0 0 0 0 0 152 872 0 0 0 0 0 
0 507 189 327 1 0 0 0 0 266 368 211 179 0 0 0 0 23 583 102 316 0 0 0 
0 114 190 710 10 0 0 0 0 15 224 601 182 2 0 0 0 0 201 112 701 10 0 0 
0 0 13 997 14 0 0 0 0 0 0 733 291 0 0 0 0 0 0 3 999 22 0 0 
0 0 0 816 208 0 0 0 0 0 0 429 595 0 0 0 0 0 0 2 588 434 0 0 
0 0 0 434 590 0 0 0 0 0 0 76 667 281 0 0 0 0 0 0 206 818 0 0 
0 0 0 101 922 1 0 0 0 0 0 0 422 602 0 0 0 0 0 0 0 1024 0 0 
0 0 0 0 1015 9 0 0 0 0 0 0 425 599 0 0 0 0 0 0 0 1023 1 0 
0 0 0 0 1024 0 0 0 0 0 0 0 333 691 0 0 0 0 0 0 0 1024 0 0 
0 0 0 0 1024 0 0 0 0 0 0 0 609 415 0 0 0 0 0 0 0 1023 1 0 
0 0 0 25 999 0 0 0 0 0 0 0 975 49 0 0 0 0 0 0 0 1024 0 0 
0 0 0 78 946 0 0 0 0 0 0 0 1023 1 0 0 0 0 0 0 0 1024 0 0 
0 0 0 117 907 0 0 0 0 0 0 0 1024 0 0 0 0 0 0 0 0 1024 0 0 
0 0 0 81 943 0 0 0 0 0 0 0 1024 0 0 0 0 0 0 0 0 1024 0 0 
0 0 0 166 858 0 0 0 0 0 0 0 1019 5 0 0 0 0 0 0 0 1024 0 0 
0 0 0 41 983 0 0 0 0 0 0 0 656 368 0 0 0 0 0 0 0 986 38 0 
0 0 0 0 1024 0 0 0 0 0 0 0 498 526 0 0 0 0 0 0 0 937 87 0 
0 0 0 0 1008 9 7 0 0 0 0 0 257 756 9 2 0 0 0 0 0 723 295 6 
0 0 0 0 702 23 293 6 0 0 0 0 9 709 96 210 0 0 0 0 0 545 188 291 
0 0 0 0 318 27 631 48 0 0 0 0 11 328 111 574 0 0 0 0 0 247 102 675 
0 0 0 0 27 11 792 194 0 0 0 0 3 31 299 691 0 0 0 0 0 22 17 985 
0 0 0 0 0 0 756 268 0 0 0 0 0 0 539 485 0 0 0 0 0 0 0 1024 
0 0 0 0 0 0 1013 11 0 0 0 0 0 0 554 470 0 0 0 0 0 0 0 1024 
0 0 0 0 0 0 1024 0 0 0 0 0 0 0 619 405 0 0 0 0 0 0 0 1024 
0 0 0 0 0 0 1024 0 0 0 0 0 0 0 629 395 0 0 0 0 0 0 0 1024 
0 0 0 0 0 0 1024 0 0 0 0 0 0 0 750 274 0 0 0 0 0 0 0 1024 
0 0 0 0 0 0 1024 0 0 0 0 0 0 0 849 175 0 0 0 0 0 0 0 1024 
0 0 0 0 0 0 1024 0 0 0 0 0 0 0 932 92 0 0 0 0 0 0 0 1024 
0 2 30 78 50 49 815 0 0 2 22 83 46 45 792 34 0 23 58 41 36 34 45 787 
0 4 24 28 51 76 840 1 0 3 23 20 45 61 862 10 0 9 17 23 44 46 96 789 
0 0 0 0 0 167 857 0 0 0 0 0 0 111 913 0 0 0 0 0 0 18 350 656 
0 0 0 0 173 417 434 0 0 0 0 0 3 534 487 0 0 0 0 0 0 233 390 401 
0 0 0 0 572 357 95 0 0 0 0 0 121 805 98 0 0 0 0 0 0 650 300 74 
0 0 0 0 838 186 0 0 0 0 0 0 361 663 0 0 0 0 0 0 0 1007 17 0 
0 0 0 87 933 4 0 0 0 0 0 0 713 311 0 0 0 0 0 0 0 1023 1 0 
22 1001 1 0 0 0 0 0 0 819 205 0 0 0 0 0 0 816 208 0 0 0 0 0 
15 1004 5 0 0 0 0 0 0 939 85 0 0 0 0 0 0 865 159 0 0 0 0 0 
13 999 12 0 0 0 0 0 0 810 214 0 0 0 0 0 0 712 312 0 0 0 0 0 
42 973 9 0 0 0 0 0 0 921 103 0 0 0 0 0 0 678 346 0 0 0 0 0 
4 1015 5 0 0 0 0 0 0 889 135 0 0 0 0 0 0 611 413 0 0 0 0 0 
6 1013 5 0 0 0 0 0 0 939 85 0 0 0 0 0 0 576 448 0 0 0 0 0 
3 1019 2 0 0 0 0 0 0 779 245 0 0 0 0 0 0 366 658 0 0 0 0 0 
0 953 66 5 0 0 0 0 0 441 572 11 0 0 0 0 0 94 910 20 0 0 0 0 
0 205 666 153 0 0 0 0 0 29 416 578 1 0 0 0 0 8 287 618 111 0 0 0 
0 0 638 386 0 0 0 0 0 0 66 958 0 0 0 0 0 0 5 724 295 0 0 0 
0 0 402 622 0 0 0 0 0 0 8 982 34 0 0 0 0 0 0 508 516 0 0 0 
0 0 296 689 39 0 0 0 0 0 5 702 317 0 0 0 0 0 0 392 482 150 0 0 
0 0 91 612 321 0 0 0 0 0 1 242 781 0 0 0 0 0 0 126 304 594 0 0 
0 0 0 414 610 0 0 0 0 0 0 26 965 33 0 0 0 0 0 6 170 848 0 0 
0 0 0 69 955 0 0 0 0 0 0 0 935 89 0 0 0 0 0 0 32 992 0 0 
0 0 0 42 982 0 0 0 0 0 0 0 859 165 0 0 0 0 0 0 0 1024 0 0 
0 0 0 218 806 0 0 0 0 0 0 0 979 45 0 0 0 0 0 0 0 1024 0 0 
0 0 0 816 208 0 0 0 0 0 0 0 1024 0 0 0 0 0 0 0 1 1023 0 0 
0 0 0 786 238 0 0 0 0 0 0 0 1024 0 0 0 0 0 0 0 0 1024 0 0 
0 0 0 942 82 0 0 0 0 0 0 0 1024 0 0 0 0 0 0 0 0 1024 0 0 
0 0 0 891 133 0 0 0 0 0 0 0 1024 0 0 0 0 0 0 0 0 1024 0 0 
0 0 0 641 383 0 0 0 0 0 0 0 1023 1 0 0 0 0 0 0 0 1024 0 0 
0 0 0 313 711 0 0 0 0 0 0 0 1023 1 0 0 0 0 0 0 0 1024 0 0 
0 0 0 233 791 0 0 0 0 0 0 0 894 130 0 0 0 0 0 0 0 1024 0 0 
0 0 0 76 948 0 0 0 0 0 0 0 902 122 0 0 0 0 0 0 0 1024 0 0 
0 0 0 26 921 17 60 0 0 0 0 0 721 233 68 2 0 0 0 0 0 920 44 60 
0 0 0 2 526 34 462 0 0 0 0 0 429 108 487 0 0 0 0 0 0 515 42 467 
0 0 0 0 80 21 923 0 0 0 0 0 54 33 937 0 0 0 0 0 0 77 24 923 
0 0 0 0 0 0 1024 0 0 0 0 0 0 0 1024 0 0 0 0 0 0 0 8 1016 
0 0 0 0 0 0 1024 0 0 0 0 0 0 0 1023 1 0 0 0 0 0 0 22 1002 
0 0 0 0 0 0 1024 0 0 0 0 0 0 0 1024 0 0 0 0 0 0 0 89 935 
0 0 0 0 0 7 1017 0 0 0 0 0 0 0 1024 0 0 0 0 0 0 0 223 801 
0 0 0 0 0 33 991 0 0 0 0 0 0 0 1024 0 0 0 0 0 0 0 359 665 
0 0 0 0 0 349 675 0 0 0 0 0 0 232 792 0 0 0 0 0 0 30 594 400 
0 0 0 0 13 717 294 0 0 0 0 0 0 656 368 0 0 0 0 0 0 228 700 96 
0 0 0 0 119 899 6 0 0 0 0 0 52 953 19 0 0 0 0 0 0 546 478 0 
0 0 0 0 901 122 1 0 0 0 0 0 436 587 1 0 0 0 0 0 0 981 43 0 
0 0 0 49 972 3 0 0 0 0 0 0 843 181 0 0 0 0 0 0 0 1023 1 0 
0 0 0 279 742 3 0 0 0 0 0 0 979 45 0 0 0 0 0 0 6 1018 0 0 
0 0 0 776 248 0 0 0 0 0 0 0 1024 0 0 0 0 0 0 0 154 870 0 0 
22 994 8 0 0 0 0 0 0 915 109 0 0 0 0 0 0 914 110 0 0 0 0 0 
12 1012 0 0 0 0 0 0 0 931 93 0 0 0 0 0 0 961 63 0 0 0 0 0 
4 1020 0 0 0 0 0 0 0 884 140 0 0 0 0 0 0 971 53 0 0 0 0 0 
66 954 4 0 0 0 0 0 0 907 117 0 0 0 0 0 0 891 133 0 0 0 0 0 
28 984 12 0 0 0 0 0 0 816 208 0 0 0 0 0 0 807 217 0 0 0 0 0 
25 996 3 0 0 0 0 0 0 868 156 0 0 0 0 0 0 861 163 0 0 0 0 0 
22 1002 0 0 0 0 0 0 0 969 55 0 0 0 0 0 0 924 100 0 0 0 0 0 
5 1009 10 0 0 0 0 0 0 896 128 0 0 0 0 0 0 789 235 0 0 0 0 0 
3 938 83 0 0 0 0 0 0 684 313 27 0 0 0 0 0 467 515 42 0 0 0 0 
0 337 646 41 0 0 0 0 0 137 694 193 0 0 0 0 0 76 542 406 0 0 0 0 
0 149 766 109 0 0 0 0 0 1 625 398 0 0 0 0 0 6 294 724 0 0 0 0 
0 19 935 70 0 0 0 0 0 0 358 666 0 0 0 0 0 0 50 974 0 0 0 0 
0 0 925 99 0 0 0 0 0 0 214 810 0 0 0 0 0 0 1 1020 3 0 0 0 
0 0 743 260 21 0 0 0 0 0 94 755 175 0 0 0 0 0 0 823 144 57 0 0 
0 0 199 783 42 0 0 0 0 0 2 299 723 0 0 0 0 0 0 254 638 132 0 0 
0 0 0 799 225 0 0 0 0 0 0 4 1020 0 0 0 0 0 0 0 508 516 0 0 
0 0 0 690 334 0 0 0 0 0 0 0 1024 0 0 0 0 0 0 0 251 773 0 0 
0 0 0 535 489 0 0 0 0 0 0 0 1024 0 0 0 0 0 0 0 129 895 0 0 
0 0 0 927 97 0 0 0 0 0 0 0 1024 0 0 0 0 0 0 0 80 944 0 0 
0 0 0 1015 9 0 0 0 0 0 0 0 1024 0 0 0 0 0 0 0 15 1009 0 0 
0 0 0 1024 0 0 0 0 0 0 0 0 1024 0 0 0 0 0 0 0 3 1021 0 0 
0 0 0 1008 16 0 0 0 0 0 0 0 1024 0 0 0 0 0 0 0 2 1022 0 0 
0 0 0 999 25 0 0 0 0 0 0 0 1024 0 0 0 0 0 0 0 5 1019 0 0 
0 0 0 848 176 0 0 0 0 0 0 0 1024 0 0 0 0 0 0 0 0 1024 0 0 
0 0 0 796 228 0 0 0 0 0 0 0 1024 0 0 0 0 0 0 0 0 1024 0 0 
0 0 0 439 585 0 0 0 0 0 0 0 1022 2 0 0 0 0 0 0 0 1024 0 0 
0 0 0 542 482 0 0 0 0 0 0 0 1024 0 0 0 0 0 0 0 0 1024 0 0 
0 0 0 307 656 16 45 0 0 0 0 0 949 20 55 0 0 0 0 0 0 961 28 35 
0 0 0 38 428 41 517 0 0 0 0 0 443 42 539 0 0 0 0 0 0 468 488 68 
0 0 0 4 37 315 668 0 0 0 0 0 33 162 829 0 0 0 0 0 0 44 969 11 
0 0 0 0 13 439 572 0 0 0 0 0 0 251 773 0 0 0 0 0 0 5 1007 12 
0 0 0 0 177 402 383 62 0 0 0 0 1 375 615 33 0 0 0 0 0 49 892 83 
0 0 0 0 279 610 135 0 0 0 0 0 1 700 323 0 0 0 0 0 0 454 568 2 
0 0 0 0 133 885 6 0 0 0 0 0 1 998 25 0 0 0 0 0 0 653 371 0 
0 0 0 0 120 785 119 0 0 0 0 0 14 916 94 0 0 0 0 0 0 788 236 0 
0 0 0 17 564 416 27 0 0 0 0 0 460 545 19 0 0 0 0 0 4 966 54 0 
0 0 0 52 888 65 19 0 0 0 0 0 858 161 5 0 0 0 0 0 13 995 16 0 
0 0 0 372 641 11 0 0 0 0 0 0 983 41 0 0 0 0 0 0 54 970 0 0 
0 0 0 809 215 0 0 0 0 0 0 2 1019 3 0 0 0 0 0 0 422 602 0 0 
0 0 0 929 95 0 0 0 0 0 0 59 965 0 0 0 0 0 0 0 719 305 0 0 
19 953 52 0 0 0 0 0 3 778 243 0 0 0 0 0 0 977 47 0 0 0 0 0 
53 961 10 0 0 0 0 0 0 884 140 0 0 0 0 0 0 973 51 0 0 0 0 0 
197 826 1 0 0 0 0 0 0 1005 19 0 0 0 0 0 0 1017 7 0 0 0 0 0 
87 936 1 0 0 0 0 0 0 1008 16 0 0 0 0 0 0 993 31 0 0 0 0 0 
40 984 0 0 0 0 0 0 0 972 52 0 0 0 0 0 0 994 30 0 0 0 0 0 
46 976 2 0 0 0 0 0 0 993 31 0 0 0 0 0 0 1004 20 0 0 0 0 0 
63 961 0 0 0 0 0 0 0 1020 4 0 0 0 0 0 0 997 27 0 0 0 0 0 
35 989 0 0 0 0 0 0 0 989 35 0 0 0 0 0 0 967 57 0 0 0 0 0 
10 1012 2 0 0 0 0 0 0 983 41 0 0 0 0 0 0 945 79 0 0 0 0 0 
0 1024 0 0 0 0 0 0 0 929 95 0 0 0 0 0 0 759 265 0 0 0 0 0 
2 978 44 0 0 0 0 0 0 836 185 3 0 0 0 0 0 638 374 12 0 0 0 0 
0 697 326 1 0 0 0 0 0 184 806 34 0 0 0 0 0 105 743 176 0 0 0 0 
0 451 571 2 0 0 0 0 0 6 937 81 0 0 0 0 0 0 602 422 0 0 0 0 
0 134 890 0 0 0 0 0 0 0 982 42 0 0 0 0 0 0 209 815 0 0 0 0 
0 44 978 2 0 0 0 0 0 0 839 185 0 0 0 0 0 0 17 1005 2 0 0 0 
0 1 672 351 0 0 0 0 0 0 339 527 158 0 0 0 0 0 0 656 367 1 0 0 
0 0 121 903 0 0 0 0 0 0 0 639 385 0 0 0 0 0 0 103 908 13 0 0 
0 0 0 1016 8 0 0 0 0 0 0 143 881 0 0 0 0 0 0 0 982 42 0 0 
0 0 0 977 47 0 0 0 0 0 0 46 978 0 0 0 0 0 0 0 807 217 0 0 
0 0 0 993 31 0 0 0 0 0 0 9 1015 0 0 0 0 0 0 0 803 221 0 0 
0 0 0 1023 1 0 0 0 0 0 0 2 1022 0 0 0 0 0 0 0 795 229 0 0 
0 0 0 1024 0 0 0 0 0 0 0 0 1024 0 0 0 0 0 0 0 640 384 0 0 
0 0 0 1024 0 0 0 0 0 0 0 0 1024 0 0 0 0 0 0 0 560 464 0 0 
0 0 0 991 33 0 0 0 0 0 0 1 1020 3 0 0 0 0 0 0 413 611 0 0 
0 0 0 1020 4 0 0 0 0 0 0 0 1024 0 0 0 0 0 0 0 260 764 0 0 
0 0 0 1015 9 0 0 0 0 0 0 0 1024 0 0 0 0 0 0 0 154 870 0 0 
0 0 0 947 77 0 0 0 0 0 0 0 1024 0 0 0 0 0 0 0 51 973 0 0 
0 0 0 914 110 0 0 0 0 0 0 0 1022 2 0 0 0 0 0 0 81 943 0 0 
0 0 0 687 337 0 0 0 0 0 0 0 1022 2 0 0 0 0 0 0 24 1000 0 0 
0 0 0 661 313 50 0 0 0 0 0 0 932 91 1 0 0 0 0 0 7 958 59 0 
0 0 0 431 529 64 0 0 0 0 0 0 680 344 0 0 0 0 0 0 45 737 242 0 
0 0 0 139 758 109 17 1 0 0 0 0 524 483 16 1 0 0 0 0 36 860 127 1 
0 0 0 102 851 71 0 0 0 0 0 0 467 557 0 0 0 0 0 0 9 1010 5 0 
0 0 0 31 854 138 1 0 0 0 0 0 695 328 1 0 0 0 0 0 7 1011 6 0 
0 0 0 67 489 314 154 0 0 0 0 0 447 470 107 0 0 0 0 0 64 785 175 0 
0 0 0 530 313 142 39 0 0 0 0 0 807 198 19 0 0 0 0 0 161 828 35 0 
0 0 0 639 337 48 0 0 0 0 0 0 976 48 0 0 0 0 0 0 342 682 0 0 
0 0 0 416 592 16 0 0 0 0 0 25 955 44 0 0 0 0 0 0 414 610 0 0 
0 0 0 643 381 0 0 0 0 0 0 246 778 0 0 0 0 0 0 0 801 223 0 0 
0 0 11 647 366 0 0 0 0 0 0 431 592 1 0 0 0 0 0 3 825 196 0 0 
36 986 2 0 0 0 0 0 2 978 44 0 0 0 0 0 0 999 25 0 0 0 0 0 
75 949 0 0 0 0 0 0 0 1006 18 0 0 0 0 0 0 1016 8 0 0 0 0 0 
17 1003 4 0 0 0 0 0 0 982 42 0 0 0 0 0 0 1015 9 0 0 0 0 0 
28 995 1 0 0 0 0 0 0 1004 20 0 0 0 0 0 0 1019 5 0 0 0 0 0 
16 1003 5 0 0 0 0 0 0 954 70 0 0 0 0 0 0 1022 2 0 0 0 0 0 
131 893 0 0 0 0 0 0 0 1024 0 0 0 0 0 0 0 1024 0 0 0 0 0 0 
63 960 1 0 0 0 0 0 0 1013 11 0 0 0 0 0 0 1021 3 0 0 0 0 0 
82 942 0 0 0 0 0 0 0 1010 14 0 0 0 0 0 0 1023 1 0 0 0 0 0 
69 955 0 0 0 0 0 0 0 974 50 0 0 0 0 0 0 987 37 0 0 0 0 0 
22 1000 2 0 0 0 0 0 0 943 81 0 0 0 0 0 0 926 98 0 0 0 0 0 
15 1005 4 0 0 0 0 0 0 1006 18 0 0 0 0 0 0 925 99 0 0 0 0 0 
0 1019 5 0 0 0 0 0 0 955 69 0 0 0 0 0 0 765 259 0 0 0 0 0 
0 910 114 0 0 0 0 0 0 415 608 1 0 0 0 0 0 159 862 3 0 0 0 0 
0 764 260 0 0 0 0 0 0 78 946 0 0 0 0 0 0 35 956 33 0 0 0 0 
0 464 560 0 0 0 0 0 0 1 1007 16 0 0 0 0 0 0 676 348 0 0 0 0 
0 240 784 0 0 0 0 0 0 0 1011 13 0 0 0 0 0 0 328 696 0 0 0 0 
0 117 893 14 0 0 0 0 0 0 748 276 0 0 0 0 0 0 57 933 34 0 0 0 
0 9 571 443 1 0 0 0 0 0 167 737 120 0 0 0 0 0 4 559 459 2 0 0 
0 0 138 886 0 0 0 0 0 0 0 620 404 0 0 0 0 0 0 112 912 0 0 0 
0 0 0 1023 1 0 0 0 0 0 0 583 441 0 0 0 0 0 0 0 1014 10 0 0 
0 0 0 1018 6 0 0 0 0 0 0 217 807 0 0 0 0 0 0 0 993 31 0 0 
0 0 0 1021 3 0 0 0 0 0 0 289 735 0 0 0 0 0 0 0 1016 8 0 0 
0 0 0 1024 0 0 0 0 0 0 0 175 849 0 0 0 0 0 0 0 1016 8 0 0 
0 0 0 1024 0 0 0 0 0 0 0 83 941 0 0 0 0 0 0 0 1012 12 0 0 
0 0 0 1018 6 0 0 0 0 0 0 93 931 0 0 0 0 0 0 0 964 60 0 0 
0 0 0 1003 21 0 0 0 0 0 0 58 966 0 0 0 0 0 0 0 880 144 0 0 
0 0 0 975 49 0 0 0 0 0 0 18 1006 0 0 0 0 0 0 0 770 254 0 0 
0 0 0 1008 16 0 0 0 0 0 0 12 1012 0 0 0 0 0 0 0 813 211 0 0 
0 0 0 814 210 0 0 0 0 0 0 8 1003 13 0 0 0 0 0 0 662 362 0 0 
0 0 0 678 321 25 0 0 0 0 0 5 942 77 0 0 0 0 0 0 424 600 0 0 
0 0 0 662 334 28 0 0 0 0 0 3 972 49 0 0 0 0 0 0 516 508 0 0 
0 0 0 882 142 0 0 0 0 0 0 8 1009 7 0 0 0 0 0 0 774 250 0 0 
0 0 0 765 240 19 0 0 0 0 0 19 971 34 0 0 0 0 0 0 661 363 0 0 
0 0 0 796 212 16 0 0 0 0 0 56 943 25 0 0 0 0 0 0 598 422 4 0 
0 0 0 943 78 3 0 0 0 0 0 162 852 10 0 0 0 0 0 0 815 209 0 0 
0 0 3 858 138 23 2 0 0 0 0 429 564 30 1 0 0 0 0 0 920 100 4 0 
0 0 4 815 104 98 3 0 0 0 0 692 224 108 0 0 0 0 0 4 867 152 1 0 
0 0 51 951 22 0 0 0 0 0 0 913 111 0 0 0 0 0 0 109 901 14 0 0 
0 0 164 857 3 0 0 0 0 0 2 1005 17 0 0 0 0 0 0 332 690 2 0 0 
0 0 285 739 0 0 0 0 0 0 24 999 1 0 0 0 0 0 0 581 443 0 0 0 
483 541 0 0 0 0 0 0 20 1004 0 0 0 0 0 0 3 1021 0 0 0 0 0 0 
322 702 0 0 0 0 0 0 5 1019 0 0 0 0 0 0 0 1024 0 0 0 0 0 0 
208 816 0 0 0 0 0 0 9 1015 0 0 0 0 0 0 3 1020 1 0 0 0 0 0 
219 805 0 0 0 0 0 0 12 1004 8 0 0 0 0 0 1 1023 0 0 0 0 0 0 
202 822 0 0 0 0 0 0 26 994 4 0 0 0 0 0 1 1022 1 0 0 0 0 0 
145 878 1 0 0 0 0 0 2 1015 7 0 0 0 0 0 0 1020 4 0 0 0 0 0 
129 895 0 0 0 0 0 0 2 1019 3 0 0 0 0 0 0 1024 0 0 0 0 0 0 
22 999 3 0 0 0 0 0 0 978 46 0 0 0 0 0 0 999 25 0 0 0 0 0 
21 1003 0 0 0 0 0 0 0 1001 23 0 0 0 0 0 0 1022 2 0 0 0 0 0 
26 998 0 0 0 0 0 0 0 1017 7 0 0 0 0 0 0 1020 4 0 0 0 0 0 
8 1016 0 0 0 0 0 0 0 1003 21 0 0 0 0 0 0 1007 17 0 0 0 0 0 
6 1010 8 0 0 0 0 0 0 1006 18 0 0 0 0 0 0 993 30 1 0 0 0 0 
29 967 28 0 0 0 0 0 0 944 80 0 0 0 0 0 0 809 215 0 0 0 0 0 
0 979 45 0 0 0 0 0 0 685 335 4 0 0 0 0 0 433 589 2 0 0 0 0 
0 932 92 0 0 0 0 0 0 105 919 0 0 0 0 0 0 7 1016 1 0 0 0 0 
0 835 189 0 0 0 0 0 0 108 916 0 0 0 0 0 0 0 1004 20 0 0 0 0 
0 567 457 0 0 0 0 0 0 5 1016 3 0 0 0 0 0 0 750 274 0 0 0 0 
0 226 798 0 0 0 0 0 0 0 996 28 0 0 0 0 0 0 319 705 0 0 0 0 
0 70 918 36 0 0 0 0 0 0 473 551 0 0 0 0 0 0 51 916 57 0 0 0 
0 0 700 324 0 0 0 0 0 0 22 994 8 0 0 0 0 0 0 659 365 0 0 0 
0 0 379 629 16 0 0 0 0 0 0 873 151 0 0 0 0 0 0 262 762 0 0 0 
0 0 133 842 49 0 0 0 0 0 0 599 425 0 0 0 0 0 0 80 942 2 0 0 
0 0 0 1023 1 0 0 0 0 0 0 551 473 0 0 0 0 0 0 0 1023 1 0 0 
0 0 0 1024 0 0 0 0 0 0 0 591 433 0 0 0 0 0 0 0 1024 0 0 0 
0 0 1 1021 2 0 0 0 0 0 0 732 292 0 0 0 0 0 0 0 1024 0 0 0 
0 0 3 969 51 1 0 0 0 0 0 519 503 2 0 0 0 0 0 0 1003 21 0 0 
0 0 0 852 149 23 0 0 0 0 0 343 648 33 0 0 0 0 0 0 901 123 0 0 
0 0 0 528 391 105 0 0 0 0 0 214 693 117 0 0 0 0 0 1 747 276 0 0 
0 0 0 794 220 10 0 0 0 0 0 335 660 29 0 0 0 0 0 0 924 100 0 0 
0 0 5 873 132 14 0 0 0 0 0 373 635 15 1 0 0 0 0 9 964 50 1 0 
0 0 5 877 126 16 0 0 0 0 0 371 635 18 0 0 0 0 0 25 925 74 0 0 
0 0 94 807 109 14 0 0 0 0 0 595 414 15 0 0 0 0 0 164 815 43 2 0 
0 0 55 860 109 0 0 0 0 0 0 614 410 0 0 0 0 0 0 217 791 16 0 0 
0 0 82 797 97 48 0 0 0 0 7 636 321 60 0 0 0 0 1 226 717 76 4 0 
0 0 75 847 80 22 0 0 0 0 6 784 201 31 2 0 0 0 0 327 647 46 4 0 
0 0 278 664 65 17 0 0 0 0 32 876 95 21 0 0 0 0 2 399 596 25 2 0 
0 6 237 616 130 30 5 0 0 0 113 732 148 26 5 0 0 0 35 469 485 28 7 0 
0 51 381 395 129 67 1 0 0 0 239 575 144 65 1 0 0 0 96 575 277 69 7 0 
0 33 622 259 87 21 2 0 0 0 336 587 83 14 4 0 0 0 110 776 109 25 4 0 
0 129 579 306 8 2 0 0 0 1 523 487 10 3 0 0 0 0 325 668 27 4 0 0 
697 327 0 0 0 0 0 0 152 872 0 0 0 0 0 0 73 951 0 0 0 0 0 0 
705 319 0 0 0 0 0 0 159 865 0 0 0 0 0 0 76 948 0 0 0 0 0 0 
706 318 0 0 0 0 0 0 249 775 0 0 0 0 0 0 69 955 0 0 0 0 0 0 
741 283 0 0 0 0 0 0 290 734 0 0 0 0 0 0 33 991 0 0 0 0 0 0 
622 402 0 0 0 0 0 0 66 958 0 0 0 0 0 0 25 999 0 0 0 0 0 0 
329 695 0 0 0 0 0 0 31 993 0 0 0 0 0 0 11 1013 0 0 0 0 0 0 
141 883 0 0 0 0 0 0 3 1021 0 0 0 0 0 0 1 1023 0 0 0 0 0 0 
91 933 0 0 0 0 0 0 1 1023 0 0 0 0 0 0 1 1023 0 0 0 0 0 0 
157 867 0 0 0 0 0 0 3 1020 1 0 0 0 0 0 1 1023 0 0 0 0 0 0 
161 860 3 0 0 0 0 0 4 1011 9 0 0 0 0 0 0 1016 8 0 0 0 0 0 
118 906 0 0 0 0 0 0 0 1024 0 0 0 0 0 0 0 1024 0 0 0 0 0 0 
155 868 1 0 0 0 0 0 2 1021 1 0 0 0 0 0 0 1023 1 0 0 0 0 0 
40 968 15 1 0 0 0 0 0 951 72 1 0 0 0 0 0 966 57 1 0 0 0 0 
10 1014 0 0 0 0 0 0 0 1002 22 0 0 0 0 0 0 1002 22 0 0 0 0 0 
9 995 20 0 0 0 0 0 0 752 272 0 0 0 0 0 0 608 416 0 0 0 0 0 
2 992 30 0 0 0 0 0 0 476 548 0 0 0 0 0 0 170 853 1 0 0 0 0 
0 862 157 5 0 0 0 0 0 221 785 18 0 0 0 0 0 1 986 36 1 0 0 0 
0 849 175 0 0 0 0 0 0 39 985 0 0 0 0 0 0 0 995 29 0 0 0 0 
0 505 519 0 0 0 0 0 0 1 1022 1 0 0 0 0 0 0 788 236 0 0 0 0 
0 252 772 0 0 0 0 0 0 0 852 172 0 0 0 0 0 0 391 633 0 0 0 0 
0 18 979 27 0 0 0 0 0 0 327 696 1 0 0 0 0 0 34 962 28 0 0 0 
0 0 837 187 0 0 0 0 0 0 23 1000 1 0 0 0 0 0 0 867 157 0 0 0 
0 0 582 400 42 0 0 0 0 0 2 853 169 0 0 0 0 0 0 606 417 1 0 0 
0 0 140 785 99 0 0 0 0 0 0 757 267 0 0 0 0 0 0 194 826 4 0 0 
0 0 16 979 29 0 0 0 0 0 0 956 68 0 0 0 0 0 0 17 1007 0 0 0 
0 0 16 835 144 29 0 0 0 0 0 719 267 38 0 0 0 0 0 36 925 58 5 0 
0 0 59 788 163 14 0 0 0 0 0 718 294 12 0 0 0 0 0 40 940 44 0 0 
0 0 106 844 70 4 0 0 0 0 0 884 138 2 0 0 0 0 0 97 902 25 0 0 
0 0 74 892 58 0 0 0 0 0 0 859 165 0 0 0 0 0 0 252 770 2 0 0 
0 0 180 659 171 11 3 0 0 0 14 724 269 14 3 0 0 0 0 484 509 27 4 0 
0 0 167 692 122 41 2 0 0 0 3 765 208 43 5 0 0 0 0 652 310 54 8 0 
0 0 124 693 160 42 5 0 0 0 2 775 199 38 10 0 0 0 1 705 266 41 11 0 
0 0 230 673 95 25 1 0 0 0 53 828 118 23 2 0 0 0 18 837 143 24 2 0 
0 0 207 727 90 0 0 0 0 0 33 866 125 0 0 0 0 0 26 926 72 0 0 0 
0 8 430 505 78 3 0 0 0 0 237 694 93 0 0 0 0 0 103 860 61 0 0 0 
0 45 750 218 6 5 0 0 0 1 616 392 11 1 3 0 0 0 300 708 12 1 3 0 
0 146 758 59 36 19 6 0 0 0 857 99 44 14 10 0 0 0 501 444 52 16 11 0 
0 257 737 30 0 0 0 0 0 0 951 73 0 0 0 0 0 0 725 299 0 0 0 0 
0 338 639 45 2 0 0 0 0 1 952 69 2 0 0 0 0 0 887 133 4 0 0 0 
0 400 544 80 0 0 0 0 0 12 910 100 2 0 0 0 0 1 895 124 4 0 0 0 
762 262 0 0 0 0 0 0 296 727 1 0 0 0 0 0 199 824 1 0 0 0 0 0 
721 303 0 0 0 0 0 0 316 708 0 0 0 0 0 0 280 744 0 0 0 0 0 0 
675 349 0 0 0 0 0 0 292 732 0 0 0 0 0 0 157 867 0 0 0 0 0 0 
769 255 0 0 0 0 0 0 294 730 0 0 0 0 0 0 148 876 0 0 0 0 0 0 
591 433 0 0 0 0 0 0 158 866 0 0 0 0 0 0 67 957 0 0 0 0 0 0 
633 391 0 0 0 0 0 0 258 766 0 0 0 0 0 0 137 887 0 0 0 0 0 0 
593 431 0 0 0 0 0 0 95 929 0 0 0 0 0 0 63 961 0 0 0 0 0 0 
471 553 0 0 0 0 0 0 47 977 0 0 0 0 0 0 26 998 0 0 0 0 0 0 
802 222 0 0 0 0 0 0 226 798 0 0 0 0 0 0 13 1011 0 0 0 0 0 0 
421 603 0 0 0 0 0 0 56 968 0 0 0 0 0 0 9 1015 0 0 0 0 0 0 
230 794 0 0 0 0 0 0 16 1007 1 0 0 0 0 0 8 1016 0 0 0 0 0 0 
201 820 3 0 0 0 0 0 12 993 19 0 0 0 0 0 3 1021 0 0 0 0 0 0 
414 610 0 0 0 0 0 0 41 983 0 0 0 0 0 0 0 1024 0 0 0 0 0 0 
71 947 6 0 0 0 0 0 0 1013 11 0 0 0 0 0 0 1011 13 0 0 0 0 0 
44 980 0 0 0 0 0 0 0 1021 3 0 0 0 0 0 0 1022 2 0 0 0 0 0 
19 1005 0 0 0 0 0 0 0 943 81 0 0 0 0 0 0 892 132 0 0 0 0 0 
3 1021 0 0 0 0 0 0 0 872 152 0 0 0 0 0 0 294 730 0 0 0 0 0 
0 1003 21 0 0 0 0 0 0 577 447 0 0 0 0 0 0 55 968 1 0 0 0 0 
0 915 107 2 0 0 0 0 0 322 697 5 0 0 0 0 0 12 998 12 2 0 0 0 
0 886 138 0 0 0 0 0 0 37 986 1 0 0 0 0 0 0 994 30 0 0 0 0 
0 582 442 0 0 0 0 0 0 8 1012 4 0 0 0 0 0 0 853 171 0 0 0 0 
0 143 881 0 0 0 0 0 0 0 845 179 0 0 0 0 0 0 413 611 0 0 0 0 
0 7 1016 1 0 0 0 0 0 0 440 584 0 0 0 0 0 0 24 998 2 0 0 0 
0 0 925 99 0 0 0 0 0 0 125 884 15 0 0 0 0 0 0 963 61 0 0 0 
0 0 595 402 27 0 0 0 0 0 3 945 76 0 0 0 0 0 0 694 330 0 0 0 
0 0 488 468 56 12 0 0 0 0 4 892 115 13 0 0 0 0 0 609 394 21 0 0 
0 0 617 368 31 8 0 0 0 0 4 945 67 8 0 0 0 0 0 676 339 9 0 0 
0 0 776 239 9 0 0 0 0 0 12 996 16 0 0 0 0 0 0 928 96 0 0 0 
0 0 466 459 90 9 0 0 0 0 31 868 119 6 0 0 0 0 0 874 147 3 0 0 
0 0 566 434 24 0 0 0 0 0 35 955 34 0 0 0 0 0 4 976 44 0 0 0 
0 0 181 833 9 1 0 0 0 0 15 992 16 1 0 0 0 0 14 997 12 1 0 0 
0 0 322 642 59 1 0 0 0 0 38 928 58 0 0 0 0 0 47 936 41 0 0 0 
0 2 837 185 0 0 0 0 0 0 323 699 2 0 0 0 0 0 163 857 4 0 0 0 
0 24 736 264 0 0 0 0 0 0 391 632 1 0 0 0 0 0 333 689 2 0 0 0 
0 167 770 49 20 17 1 0 0 0 881 103 28 9 3 0 0 0 740 246 26 11 1 0 
0 310 670 41 3 0 0 0 0 1 908 109 6 0 0 0 0 0 821 192 11 0 0 0 
0 316 701 7 0 0 0 0 0 0 997 27 0 0 0 0 0 0 974 50 0 0 0 0 
0 280 734 8 2 0 0 0 0 1 1004 16 3 0 0 0 0 0 997 24 3 0 0 0 
0 189 605 230 0 0 0 0 0 8 765 245 6 0 0 0 0 1 792 231 0 0 0 0 
0 89 419 492 24 0 0 0 0 13 470 526 15 0 0 0 0 12 507 504 1 0 0 0 
636 388 0 0 0 0 0 0 224 800 0 0 0 0 0 0 425 599 0 0 0 0 0 0 
519 481 24 0 0 0 0 0 162 824 37 1 0 0 0 0 238 741 44 1 0 0 0 0 
677 347 0 0 0 0 0 0 240 784 0 0 0 0 0 0 295 729 0 0 0 0 0 0 
439 585 0 0 0 0 0 0 135 889 0 0 0 0 0 0 196 828 0 0 0 0 0 0 
560 464 0 0 0 0 0 0 119 905 0 0 0 0 0 0 216 808 0 0 0 0 0 0 
192 832 0 0 0 0 0 0 11 1012 1 0 0 0 0 0 163 861 0 0 0 0 0 0 
418 606 0 0 0 0 0 0 32 992 0 0 0 0 0 0 210 814 0 0 0 0 0 0 
467 557 0 0 0 0 0 0 119 905 0 0 0 0 0 0 90 934 0 0 0 0 0 0 
306 718 0 0 0 0 0 0 77 947 0 0 0 0 0 0 72 952 0 0 0 0 0 0 
324 700 0 0 0 0 0 0 22 1002 0 0 0 0 0 0 86 938 0 0 0 0 0 0 
490 534 0 0 0 0 0 0 106 918 0 0 0 0 0 0 76 948 0 0 0 0 0 0 
249 775 0 0 0 0 0 0 30 994 0 0 0 0 0 0 4 1020 0 0 0 0 0 0 
234 780 10 0 0 0 0 0 40 969 15 0 0 0 0 0 23 978 23 0 0 0 0 0 
152 872 0 0 0 0 0 0 6 1016 2 0 0 0 0 0 5 1019 0 0 0 0 0 0 
165 859 0 0 0 0 0 0 3 1021 0 0 0 0 0 0 1 1023 0 0 0 0 0 0 
120 904 0 0 0 0 0 0 1 1023 0 0 0 0 0 0 0 1024 0 0 0 0 0 0 
30 994 0 0 0 0 0 0 0 1000 24 0 0 0 0 0 0 930 94 0 0 0 0 0 
1 1023 0 0 0 0 0 0 0 799 225 0 0 0 0 0 0 524 500 0 0 0 0 0 
3 1021 0 0 0 0 0 0 0 861 163 0 0 0 0 0 0 316 708 0 0 0 0 0 
7 1002 15 0 0 0 0 0 0 600 424 0 0 0 0 0 0 170 852 2 0 0 0 0 
0 980 43 1 0 0 0 0 0 168 852 4 0 0 0 0 0 8 1007 9 0 0 0 0 
0 917 107 0 0 0 0 0 0 45 979 0 0 0 0 0 0 0 1014 10 0 0 0 0 
0 514 508 2 0 0 0 0 0 14 1003 6 1 0 0 0 0 0 829 193 2 0 0 0 
0 134 890 0 0 0 0 0 0 0 956 68 0 0 0 0 0 0 426 598 0 0 0 0 
0 39 936 49 0 0 0 0 0 0 557 467 0 0 0 0 0 0 174 850 0 0 0 0 
0 0 690 238 96 0 0 0 0 0 127 862 35 0 0 0 0 0 57 952 15 0 0 0 
0 0 281 571 160 12 0 0 0 0 38 800 179 7 0 0 0 0 33 817 168 6 0 0 
0 7 240 427 280 69 1 0 0 0 114 551 315 44 0 0 0 0 77 725 207 15 0 0 
0 0 94 356 421 135 12 6 0 0 19 431 440 119 9 6 0 0 16 616 329 51 8 4 
0 0 32 214 326 436 15 1 0 0 17 253 620 128 5 1 0 0 23 431 552 16 1 1 
0 1 243 450 225 105 0 0 0 0 209 574 222 19 0 0 0 0 213 667 143 1 0 0 
0 28 440 295 224 37 0 0 0 0 409 392 207 16 0 0 0 0 401 525 98 0 0 0 
0 124 544 150 141 59 6 0 0 2 609 224 155 34 0 0 0 0 582 351 91 0 0 0 
0 87 745 143 39 10 0 0 0 2 791 181 46 4 0 0 0 1 780 202 40 1 0 0 
0 125 881 18 0 0 0 0 0 7 963 54 0 0 0 0 0 0 959 65 0 0 0 0 
0 88 915 20 1 0 0 0 0 7 943 72 2 0 0 0 0 1 986 37 0 0 0 0 
0 180 693 138 13 0 0 0 0 23 826 171 4 0 0 0 0 5 877 142 0 0 0 0 
0 113 739 171 1 0 0 0 0 12 798 213 1 0 0 0 0 9 950 65 0 0 0 0 
0 45 584 334 46 14 1 0 0 5 507 460 41 11 0 0 0 33 802 151 34 4 0 0 
0 72 662 242 42 6 0 0 0 17 606 359 35 7 0 0 0 90 845 65 21 3 0 0 
716 308 0 0 0 0 0 0 266 758 0 0 0 0 0 0 466 558 0 0 0 0 0 0 
919 105 0 0 0 0 0 0 583 441 0 0 0 0 0 0 689 335 0 0 0 0 0 0 
623 401 0 0 0 0 0 0 323 700 1 0 0 0 0 0 521 503 0 0 0 0 0 0 
645 379 0 0 0 0 0 0 379 645 0 0 0 0 0 0 470 554 0 0 0 0 0 0 
627 397 0 0 0 0 0 0 113 911 0 0 0 0 0 0 482 542 0 0 0 0 0 0 
677 347 0 0 0 0 0 0 202 822 0 0 0 0 0 0 453 571 0 0 0 0 0 0 
643 381 0 0 0 0 0 0 146 878 0 0 0 0 0 0 450 574 0 0 0 0 0 0 
819 205 0 0 0 0 0 0 131 893 0 0 0 0 0 0 250 774 0 0 0 0 0 0 
466 558 0 0 0 0 0 0 22 1002 0 0 0 0 0 0 233 791 0 0 0 0 0 0 
377 647 0 0 0 0 0 0 41 983 0 0 0 0 0 0 188 836 0 0 0 0 0 0 
543 481 0 0 0 0 0 0 142 882 0 0 0 0 0 0 176 848 0 0 0 0 0 0 
555 469 0 0 0 0 0 0 89 935 0 0 0 0 0 0 55 969 0 0 0 0 0 0 
604 420 0 0 0 0 0 0 207 817 0 0 0 0 0 0 72 952 0 0 0 0 0 0 
472 552 0 0 0 0 0 0 111 913 0 0 0 0 0 0 52 972 0 0 0 0 0 0 
841 183 0 0 0 0 0 0 233 791 0 0 0 0 0 0 30 994 0 0 0 0 0 0 
573 450 1 0 0 0 0 0 108 914 2 0 0 0 0 0 3 1019 2 0 0 0 0 0 
220 802 2 0 0 0 0 0 11 1002 11 0 0 0 0 0 0 1021 3 0 0 0 0 0 
53 971 0 0 0 0 0 0 0 989 35 0 0 0 0 0 1 985 38 0 0 0 0 0 
5 1019 0 0 0 0 0 0 0 1001 23 0 0 0 0 0 0 853 171 0 0 0 0 0 
5 1010 8 1 0 0 0 0 0 921 102 1 0 0 0 0 0 623 398 3 0 0 0 0 
12 982 27 3 0 0 0 0 0 831 188 5 0 0 0 0 0 365 651 7 1 0 0 0 
0 984 40 0 0 0 0 0 0 419 605 0 0 0 0 0 0 72 952 0 0 0 0 0 
0 924 95 5 0 0 0 0 0 172 838 13 1 0 0 0 0 9 989 25 1 0 0 0 
0 825 199 0 0 0 0 0 0 88 929 7 0 0 0 0 0 1 999 24 0 0 0 0 
0 567 457 0 0 0 0 0 0 3 1010 11 0 0 0 0 0 0 963 61 0 0 0 0 
0 258 764 2 0 0 0 0 0 1 974 49 0 0 0 0 0 0 919 105 0 0 0 0 
0 70 903 51 0 0 0 0 0 0 906 118 0 0 0 0 0 0 843 181 0 0 0 0 
0 61 859 63 23 18 0 0 0 0 863 116 29 16 0 0 0 0 789 196 37 2 0 0 
0 175 442 180 138 78 8 3 0 10 548 245 150 62 9 0 0 0 582 237 160 41 4 0 
0 54 822 111 31 6 0 0 0 2 806 180 32 4 0 0 0 0 760 237 27 0 0 0 
0 87 937 0 0 0 0 0 0 0 983 41 0 0 0 0 0 0 996 28 0 0 0 0 
0 85 839 99 1 0 0 0 0 2 911 109 2 0 0 0 0 0 909 113 2 0 0 0 
0 82 862 79 1 0 0 0 0 1 916 107 0 0 0 0 0 1 927 96 0 0 0 0 
0 126 872 26 0 0 0 0 0 8 960 56 0 0 0 0 0 2 1006 16 0 0 0 0 
0 275 725 22 2 0 0 0 0 42 921 58 3 0 0 0 0 34 971 17 2 0 0 0 
0 80 331 462 144 7 0 0 0 30 363 480 150 1 0 0 0 16 550 448 9 1 0 0 
0 22 397 443 133 29 0 0 0 3 345 534 127 15 0 0 0 50 620 305 44 5 0 0 
0 19 420 430 121 33 1 0 0 3 338 535 119 27 1 1 0 85 710 157 64 6 2 0 
0 50 545 337 47 35 10 0 0 19 429 498 41 29 8 0 0 237 667 52 48 19 1 0 
0 45 611 350 14 4 0 0 0 18 495 490 17 4 0 0 0 264 725 24 10 1 0 0 
1018 6 0 0 0 0 0 0 869 155 0 0 0 0 0 0 980 44 0 0 0 0 0 0 
915 109 0 0 0 0 0 0 556 468 0 0 0 0 0 0 797 227 0 0 0 0 0 0 
621 403 0 0 0 0 0 0 136 888 0 0 0 0 0 0 526 498 0 0 0 0 0 0 
723 301 0 0 0 0 0 0 394 630 0 0 0 0 0 0 639 385 0 0 0 0 0 0 
956 68 0 0 0 0 0 0 700 324 0 0 0 0 0 0 840 184 0 0 0 0 0 0 
988 36 0 0 0 0 0 0 728 296 0 0 0 0 0 0 809 215 0 0 0 0 0 0 
952 72 0 0 0 0 0 0 700 324 0 0 0 0 0 0 867 157 0 0 0 0 0 0 
855 169 0 0 0 0 0 0 377 647 0 0 0 0 0 0 624 400 0 0 0 0 0 0 
732 292 0 0 0 0 0 0 369 655 0 0 0 0 0 0 650 374 0 0 0 0 0 0 
418 606 0 0 0 0 0 0 78 946 0 0 0 0 0 0 454 570 0 0 0 0 0 0 
645 379 0 0 0 0 0 0 259 758 7 0 0 0 0 0 410 614 0 0 0 0 0 0 
493 531 0 0 0 0 0 0 111 913 0 0 0 0 0 0 299 725 0 0 0 0 0 0 
334 690 0 0 0 0 0 0 46 975 3 0 0 0 0 0 112 912 0 0 0 0 0 0 
573 451 0 0 0 0 0 0 222 802 0 0 0 0 0 0 174 850 0 0 0 0 0 0 
640 384 0 0 0 0 0 0 284 738 2 0 0 0 0 0 165 859 0 0 0 0 0 0 
634 390 0 0 0 0 0 0 170 854 0 0 0 0 0 0 21 1003 0 0 0 0 0 0 
469 548 6 1 0 0 0 0 81 936 4 3 0 0 0 0 17 1000 4 3 0 0 0 0 
294 730 0 0 0 0 0 0 33 991 0 0 0 0 0 0 1 1022 1 0 0 0 0 0 
113 910 1 0 0 0 0 0 10 1008 6 0 0 0 0 0 0 1017 7 0 0 0 0 0 
30 987 7 0 0 0 0 0 0 1000 21 3 0 0 0 0 0 971 49 4 0 0 0 0 
6 1018 0 0 0 0 0 0 0 978 46 0 0 0 0 0 0 836 188 0 0 0 0 0 
0 1016 8 0 0 0 0 0 0 739 285 0 0 0 0 0 0 373 651 0 0 0 0 0 
1 987 29 7 0 0 0 0 0 672 344 8 0 0 0 0 0 316 694 11 3 0 0 0 
0 968 50 6 0 0 0 0 0 428 588 8 0 0 0 0 0 159 856 8 1 0 0 0 
0 922 102 0 0 0 0 0 0 251 772 1 0 0 0 0 0 49 973 2 0 0 0 0 
0 787 236 1 0 0 0 0 0 134 888 2 0 0 0 0 0 21 1000 3 0 0 0 0 
0 631 380 13 0 0 0 0 0 205 798 21 0 0 0 0 0 17 977 30 0 0 0 0 
0 571 388 64 1 0 0 0 0 113 807 101 3 0 0 0 0 19 848 152 5 0 0 0 
0 697 320 7 0 0 0 0 0 192 822 10 0 0 0 0 0 59 953 12 0 0 0 0 
0 229 738 57 0 0 0 0 0 25 929 70 0 0 0 0 0 24 981 19 0 0 0 0 
0 135 888 1 0 0 0 0 0 48 969 7 0 0 0 0 0 19 999 6 0 0 0 0 
0 131 877 16 0 0 0 0 0 10 995 19 0 0 0 0 0 28 992 4 0 0 0 0 
0 120 799 75 23 6 1 0 0 14 880 98 25 7 0 0 0 32 939 21 25 7 0 0 
0 135 707 181 1 0 0 0 0 24 755 242 3 0 0 0 0 65 953 5 1 0 0 0 
0 55 652 214 99 4 0 0 0 12 604 345 59 4 0 0 0 112 810 94 6 2 0 0 
0 17 484 505 13 4 1 0 0 4 349 654 12 4 1 0 0 122 878 16 6 1 1 0 
0 19 535 434 29 5 2 0 0 8 402 582 23 8 1 0 0 227 754 30 11 2 0 0 
0 44 594 360 23 3 0 0 0 11 520 465 23 5 0 0 0 383 608 27 6 0 0 0 
0 39 592 373 13 7 0 0 0 25 540 439 15 5 0 0 2 519 479 17 7 0 0 0 
0 75 593 356 0 0 0 0 0 64 617 343 0 0 0 0 2 585 437 0 0 0 0 0 
736 288 0 0 0 0 0 0 544 480 0 0 0 0 0 0 835 189 0 0 0 0 0 0 
953 71 0 0 0 0 0 0 648 376 0 0 0 0 0 0 943 81 0 0 0 0 0 0 
1016 8 0 0 0 0 0 0 863 161 0 0 0 0 0 0 989 35 0 0 0 0 0 0 
1002 22 0 0 0 0 0 0 851 173 0 0 0 0 0 0 949 75 0 0 0 0 0 0 
945 79 0 0 0 0 0 0 745 279 0 0 0 0 0 0 904 120 0 0 0 0 0 0 
979 45 0 0 0 0 0 0 674 350 0 0 0 0 0 0 922 102 0 0 0 0 0 0 
1015 9 0 0 0 0 0 0 877 147 0 0 0 0 0 0 952 72 0 0 0 0 0 0 
918 106 0 0 0 0 0 0 504 520 0 0 0 0 0 0 783 241 0 0 0 0 0 0 
764 260 0 0 0 0 0 0 325 699 0 0 0 0 0 0 695 329 0 0 0 0 0 0 
897 127 0 0 0 0 0 0 561 463 0 0 0 0 0 0 748 276 0 0 0 0 0 0 
541 483 0 0 0 0 0 0 275 749 0 0 0 0 0 0 615 409 0 0 0 0 0 0 
699 325 0 0 0 0 0 0 294 730 0 0 0 0 0 0 546 478 0 0 0 0 0 0 
686 338 0 0 0 0 0 0 308 716 0 0 0 0 0 0 491 533 0 0 0 0 0 0 
697 327 0 0 0 0 0 0 186 838 0 0 0 0 0 0 345 679 0 0 0 0 0 0 
404 620 0 0 0 0 0 0 68 953 3 0 0 0 0 0 141 883 0 0 0 0 0 0 
520 504 0 0 0 0 0 0 133 891 0 0 0 0 0 0 109 915 0 0 0 0 0 0 
614 410 0 0 0 0 0 0 254 770 0 0 0 0 0 0 102 922 0 0 0 0 0 0 
428 592 4 0 0 0 0 0 59 958 7 0 0 0 0 0 24 992 8 0 0 0 0 0 
194 830 0 0 0 0 0 0 25 999 0 0 0 0 0 0 2 1021 1 0 0 0 0 0 
49 975 0 0 0 0 0 0 0 1017 7 0 0 0 0 0 0 1009 15 0 0 0 0 0 
16 1002 6 0 0 0 0 0 1 1005 18 0 0 0 0 0 0 1013 11 0 0 0 0 0 
13 940 49 22 0 0 0 0 0 868 124 32 0 0 0 0 0 817 162 44 1 0 0 0 
1 988 35 0 0 0 0 0 0 709 315 0 0 0 0 0 0 644 380 0 0 0 0 0 
1 969 54 0 0 0 0 0 0 605 419 0 0 0 0 0 0 543 481 0 0 0 0 0 
0 980 44 0 0 0 0 0 0 605 419 0 0 0 0 0 0 477 547 0 0 0 0 0 
2 977 45 0 0 0 0 0 0 637 387 0 0 0 0 0 0 531 493 0 0 0 0 0 
6 814 148 53 3 0 0 0 0 556 393 69 6 0 0 0 0 452 493 71 8 0 0 0 
0 305 496 204 19 0 0 0 0 169 602 230 23 0 0 0 0 306 455 224 39 0 0 0 
0 501 476 39 7 1 0 0 0 313 647 55 9 0 0 0 0 386 608 25 5 0 0 0 
0 101 744 163 10 4 2 0 0 52 739 216 11 4 2 0 0 256 741 16 7 4 0 0 
0 24 564 436 0 0 0 0 0 9 534 481 0 0 0 0 0 147 873 4 0 0 0 0 
0 42 371 598 12 1 0 0 0 21 347 646 10 0 0 0 0 202 808 13 1 0 0 0 
0 32 304 645 40 2 1 0 0 19 257 727 19 1 1 0 0 181 822 16 3 2 0 0 
0 249 305 436 22 8 4 0 1 173 359 450 24 13 2 2 3 412 555 24 17 10 3 0 
0 547 329 148 0 0 0 0 0 470 376 178 0 0 0 0 5 736 280 3 0 0 0 0 
1 278 484 258 3 0 0 0 0 154 570 286 14 0 0 0 8 710 305 1 0 0 0 0 
3 416 465 110 30 0 0 0 0 294 580 134 16 0 0 0 64 757 203 0 0 0 0 0 
31 651 232 98 12 0 0 0 5 531 366 110 12 0 0 0 115 855 54 0 0 0 0 0 
0 248 320 381 74 1 0 0 0 195 366 395 68 0 0 0 47 854 123 0 0 0 0 0 
0 321 389 289 25 0 0 0 0 224 480 304 16 0 0 0 61 859 104 0 0 0 0 0 
799 225 0 0 0 0 0 0 395 629 0 0 0 0 0 0 905 119 0 0 0 0 0 0 
940 84 0 0 0 0 0 0 679 345 0 0 0 0 0 0 983 41 0 0 0 0 0 0 
1024 0 0 0 0 0 0 0 997 27 0 0 0 0 0 0 1014 10 0 0 0 0 0 0 
1012 12 0 0 0 0 0 0 882 142 0 0 0 0 0 0 1003 21 0 0 0 0 0 0 
952 72 0 0 0 0 0 0 675 349 0 0 0 0 0 0 947 77 0 0 0 0 0 0 
928 96 0 0 0 0 0 0 690 334 0 0 0 0 0 0 974 50 0 0 0 0 0 0 
710 314 0 0 0 0 0 0 353 671 0 0 0 0 0 0 840 184 0 0 0 0 0 0 
966 58 0 0 0 0 0 0 876 148 0 0 0 0 0 0 967 57 0 0 0 0 0 0 
932 92 0 0 0 0 0 0 744 280 0 0 0 0 0 0 924 100 0 0 0 0 0 0 
1020 4 0 0 0 0 0 0 918 106 0 0 0 0 0 0 962 62 0 0 0 0 0 0 
872 152 0 0 0 0 0 0 577 447 0 0 0 0 0 0 817 207 0 0 0 0 0 0 
638 386 0 0 0 0 0 0 330 694 0 0 0 0 0 0 617 407 0 0 0 0 0 0 
887 137 0 0 0 0 0 0 500 524 0 0 0 0 0 0 792 232 0 0 0 0 0 0 
855 169 0 0 0 0 0 0 535 489 0 0 0 0 0 0 751 273 0 0 0 0 0 0 
562 462 0 0 0 0 0 0 191 830 3 0 0 0 0 0 400 624 0 0 0 0 0 0 
584 440 0 0 0 0 0 0 229 795 0 0 0 0 0 0 294 730 0 0 0 0 0 0 
559 465 0 0 0 0 0 0 130 894 0 0 0 0 0 0 228 796 0 0 0 0 0 0 
643 381 0 0 0 0 0 0 151 873 0 0 0 0 0 0 180 844 0 0 0 0 0 0 
228 793 3 0 0 0 0 0 36 986 2 0 0 0 0 0 68 953 3 0 0 0 0 0 
266 756 2 0 0 0 0 0 22 999 3 0 0 0 0 0 27 994 3 0 0 0 0 0 
127 895 2 0 0 0 0 0 4 1012 8 0 0 0 0 0 0 1013 11 0 0 0 0 0 
125 899 0 0 0 0 0 0 0 1018 6 0 0 0 0 0 0 1021 3 0 0 0 0 0 
1 1010 13 0 0 0 0 0 0 833 191 0 0 0 0 0 0 939 85 0 0 0 0 0 
10 1010 4 0 0 0 0 0 0 880 144 0 0 0 0 0 0 933 91 0 0 0 0 0 
11 1001 12 0 0 0 0 0 0 787 237 0 0 0 0 0 0 890 134 0 0 0 0 0 
4 940 79 1 0 0 0 0 0 772 251 1 0 0 0 0 23 926 75 0 0 0 0 0 
20 805 190 9 0 0 0 0 0 714 293 17 0 0 0 0 87 846 76 14 1 0 0 0 
4 761 216 41 2 0 0 0 1 604 354 61 4 0 0 0 0 721 238 59 6 0 0 0 
1 857 139 26 1 0 0 0 0 656 336 30 2 0 0 0 27 864 102 28 3 0 0 0 
0 901 114 9 0 0 0 0 0 771 240 13 0 0 0 0 0 946 76 2 0 0 0 0 
12 728 223 53 8 0 0 0 0 619 338 61 6 0 0 0 2 863 150 9 0 0 0 0 
2 497 381 106 22 16 0 0 0 360 432 187 32 13 0 0 149 691 137 30 15 2 0 0 
1 367 441 204 10 0 1 0 0 235 521 261 6 0 1 0 40 645 333 5 0 0 1 0 
13 442 222 203 111 20 13 0 3 381 301 194 103 29 13 0 42 647 151 90 57 26 11 0 
8 251 315 419 31 0 0 0 0 234 286 441 63 0 0 0 126 729 168 1 0 0 0 0 
14 213 430 348 19 0 0 0 6 196 375 414 33 0 0 0 374 579 71 0 0 0 0 0 
12 225 335 385 62 5 0 0 9 218 292 448 57 0 0 0 389 552 79 4 0 0 0 0 
2 82 354 543 43 0 0 0 0 75 308 562 79 0 0 0 348 664 12 0 0 0 0 0 
0 24 180 667 153 0 0 0 0 20 161 699 144 0 0 0 198 740 86 0 0 0 0 0 
0 141 384 395 104 0 0 0 0 154 355 413 102 0 0 0 513 457 54 0 0 0 0 0 
975 49 0 0 0 0 0 0 810 214 0 0 0 0 0 0 981 43 0 0 0 0 0 0 
1022 2 0 0 0 0 0 0 943 81 0 0 0 0 0 0 1020 4 0 0 0 0 0 0 
893 131 0 0 0 0 0 0 697 327 0 0 0 0 0 0 973 51 0 0 0 0 0 0 
975 49 0 0 0 0 0 0 734 290 0 0 0 0 0 0 979 45 0 0 0 0 0 0 
1017 7 0 0 0 0 0 0 899 125 0 0 0 0 0 0 1017 7 0 0 0 0 0 0 
990 34 0 0 0 0 0 0 860 164 0 0 0 0 0 0 963 61 0 0 0 0 0 0 
924 100 0 0 0 0 0 0 672 352 0 0 0 0 0 0 978 46 0 0 0 0 0 0 
984 40 0 0 0 0 0 0 792 232 0 0 0 0 0 0 958 66 0 0 0 0 0 0 
865 159 0 0 0 0 0 0 609 415 0 0 0 0 0 0 942 82 0 0 0 0 0 0 
925 99 0 0 0 0 0 0 666 358 0 0 0 0 0 0 950 74 0 0 0 0 0 0 
983 41 0 0 0 0 0 0 850 174 0 0 0 0 0 0 904 120 0 0 0 0 0 0 
954 70 0 0 0 0 0 0 797 227 0 0 0 0 0 0 917 107 0 0 0 0 0 0 
958 66 0 0 0 0 0 0 706 318 0 0 0 0 0 0 815 209 0 0 0 0 0 0 
940 84 0 0 0 0 0 0 660 364 0 0 0 0 0 0 804 220 0 0 0 0 0 0 
829 195 0 0 0 0 0 0 338 686 0 0 0 0 0 0 671 353 0 0 0 0 0 0 
636 388 0 0 0 0 0 0 214 810 0 0 0 0 0 0 601 423 0 0 0 0 0 0 
835 189 0 0 0 0 0 0 414 610 0 0 0 0 0 0 612 412 0 0 0 0 0 0 
689 335 0 0 0 0 0 0 238 786 0 0 0 0 0 0 377 647 0 0 0 0 0 0 
888 136 0 0 0 0 0 0 386 638 0 0 0 0 0 0 447 577 0 0 0 0 0 0 
279 591 101 42 9 2 0 0 67 798 109 39 9 2 0 0 108 833 70 12 1 0 0 0 
302 701 21 0 0 0 0 0 75 914 35 0 0 0 0 0 24 978 22 0 0 0 0 0 
214 806 4 0 0 0 0 0 20 979 25 0 0 0 0 0 16 998 10 0 0 0 0 0 
148 845 31 0 0 0 0 0 4 946 74 0 0 0 0 0 3 993 28 0 0 0 0 0 
50 941 33 0 0 0 0 0 1 949 74 0 0 0 0 0 1 1023 0 0 0 0 0 0 
62 914 48 0 0 0 0 0 0 875 149 0 0 0 0 0 53 962 9 0 0 0 0 0 
0 406 457 156 5 0 0 0 0 254 428 305 37 0 0 0 485 533 6 0 0 0 0 0 
52 614 292 63 3 0 0 0 17 538 363 87 19 0 0 0 544 443 35 2 0 0 0 0 
13 832 163 8 6 2 0 0 3 598 402 14 6 1 0 0 385 599 23 12 5 0 0 0 
32 890 95 7 0 0 0 0 10 745 263 6 0 0 0 0 736 273 13 2 0 0 0 0 
29 977 18 0 0 0 0 0 8 927 89 0 0 0 0 0 372 649 3 0 0 0 0 0 
33 785 177 29 0 0 0 0 0 715 188 118 3 0 0 0 220 798 6 0 0 0 0 0 
2 603 365 54 0 0 0 0 0 346 540 134 4 0 0 0 891 133 0 0 0 0 0 0 
27 477 297 215 8 0 0 0 0 439 321 252 12 0 0 0 547 427 49 1 0 0 0 0 
3 81 373 463 102 2 0 0 0 63 357 503 98 3 0 0 272 581 158 11 2 0 0 0 
0 17 360 604 43 0 0 0 0 15 262 645 102 0 0 0 146 701 172 5 0 0 0 0 
43 483 357 139 2 0 0 0 39 495 308 177 5 0 0 0 606 379 39 0 0 0 0 0 
301 556 130 36 1 0 0 0 259 599 125 37 4 0 0 0 884 135 5 0 0 0 0 0 
142 537 252 84 9 0 0 0 157 536 276 46 9 0 0 0 788 220 16 0 0 0 0 0 
39 356 283 309 37 0 0 0 61 373 290 266 34 0 0 0 521 406 90 7 0 0 0 0 
36 201 430 329 28 0 0 0 45 211 451 290 27 0 0 0 635 351 36 2 0 0 0 0 
991 33 0 0 0 0 0 0 840 184 0 0 0 0 0 0 1012 12 0 0 0 0 0 0 
990 34 0 0 0 0 0 0 862 162 0 0 0 0 0 0 1010 14 0 0 0 0 0 0 
945 79 0 0 0 0 0 0 818 206 0 0 0 0 0 0 1005 19 0 0 0 0 0 0 
1024 0 0 0 0 0 0 0 1024 0 0 0 0 0 0 0 1024 0 0 0 0 0 0 0 
1024 0 0 0 0 0 0 0 984 40 0 0 0 0 0 0 1022 2 0 0 0 0 0 0 
1024 0 0 0 0 0 0 0 1021 3 0 0 0 0 0 0 1022 2 0 0 0 0 0 0 
1016 8 0 0 0 0 0 0 827 197 0 0 0 0 0 0 1008 16 0 0 0 0 0 0 
1002 22 0 0 0 0 0 0 890 134 0 0 0 0 0 0 1016 8 0 0 0 0 0 0 
1008 16 0 0 0 0 0 0 923 101 0 0 0 0 0 0 1009 15 0 0 0 0 0 0 
1009 15 0 0 0 0 0 0 896 128 0 0 0 0 0 0 1002 22 0 0 0 0 0 0 
489 472 47 14 2 0 0 0 436 518 47 21 2 0 0 0 411 590 22 1 0 0 0 0 
878 107 28 11 0 0 0 0 837 130 41 16 0 0 0 0 892 111 21 0 0 0 0 0 
697 148 137 42 0 0 0 0 587 242 125 70 0 0 0 0 806 206 12 0 0 0 0 0 
941 72 9 2 0 0 0 0 707 303 12 2 0 0 0 0 846 177 1 0 0 0 0 0 
857 166 1 0 0 0 0 0 578 443 3 0 0 0 0 0 823 200 1 0 0 0 0 0 
940 84 0 0 0 0 0 0 637 387 0 0 0 0 0 0 793 231 0 0 0 0 0 0 
764 182 40 32 6 0 0 0 508 433 41 31 11 0 0 0 797 202 23 2 0 0 0 0 
472 396 89 53 14 0 0 0 176 680 93 50 25 0 0 0 426 529 55 14 0 0 0 0 
563 456 4 1 0 0 0 0 140 879 3 2 0 0 0 0 445 578 1 0 0 0 0 0 
94 350 337 215 28 0 0 0 25 400 319 240 40 0 0 0 185 665 156 18 0 0 0 0 
11 848 139 26 0 0 0 0 2 662 328 31 1 0 0 0 355 601 47 20 1 0 0 0 
98 734 149 42 1 0 0 0 33 696 250 44 1 0 0 0 177 706 93 47 1 0 0 0 
302 513 138 68 3 0 0 0 101 674 159 81 9 0 0 0 67 744 129 73 11 0 0 0 
46 803 155 20 0 0 0 0 3 777 214 30 0 0 0 0 21 915 60 28 0 0 0 0 
0 498 478 48 0 0 0 0 0 317 550 154 3 0 0 0 490 533 1 0 0 0 0 0 
1 322 599 101 1 0 0 0 0 203 576 231 14 0 0 0 821 201 2 0 0 0 0 0 
1 521 358 32 17 33 33 29 0 260 540 108 32 42 29 13 796 98 18 26 47 28 9 2 
35 698 270 20 1 0 0 0 11 538 387 87 1 0 0 0 786 229 8 1 0 0 0 0 
326 696 2 0 0 0 0 0 217 778 29 0 0 0 0 0 932 92 0 0 0 0 0 0 
216 782 26 0 0 0 0 0 114 863 41 6 0 0 0 0 963 61 0 0 0 0 0 0 
15 422 528 59 0 0 0 0 0 177 577 264 6 0 0 0 885 139 0 0 0 0 0 0 
6 558 401 59 0 0 0 0 15 464 497 48 0 0 0 0 862 162 0 0 0 0 0 0 
13 588 219 148 55 1 0 0 1 488 297 158 70 10 0 0 738 225 50 11 0 0 0 0 
16 146 419 424 19 0 0 0 3 127 342 507 45 0 0 0 421 523 80 0 0 0 0 0 
2 305 463 236 18 0 0 0 0 296 410 289 29 0 0 0 399 525 99 1 0 0 0 0 
39 319 320 147 36 18 48 97 35 333 287 165 31 21 78 74 302 377 131 34 23 36 117 4 
139 235 45 11 14 18 116 446 87 269 48 14 12 15 380 199 313 80 18 11 14 99 413 76 
33 34 15 7 10 18 194 713 21 45 13 3 7 25 605 305 61 15 4 4 11 161 724 44 
3 27 23 40 34 29 221 647 0 22 23 70 27 38 533 311 28 35 35 31 26 160 661 48 
66 72 50 257 99 67 208 205 76 69 76 307 52 90 280 74 151 32 304 70 61 164 230 12 
723 133 124 43 1 0 0 0 667 180 112 62 3 0 0 0 782 210 30 2 0 0 0 0 
537 164 230 88 5 0 0 0 436 239 233 107 9 0 0 0 699 271 52 2 0 0 0 0 
833 163 28 0 0 0 0 0 573 409 39 3 0 0 0 0 984 39 1 0 0 0 0 0 
969 55 0 0 0 0 0 0 924 100 0 0 0 0 0 0 1020 4 0 0 0 0 0 0 
718 118 166 22 0 0 0 0 639 160 180 45 0 0 0 0 886 133 5 0 0 0 0 0 
991 21 6 6 0 0 0 0 973 31 9 11 0 0 0 0 999 25 0 0 0 0 0 0 
836 90 67 31 0 0 0 0 812 99 74 37 2 0 0 0 916 89 19 0 0 0 0 0 
730 119 114 60 1 0 0 0 647 184 110 79 4 0 0 0 832 166 26 0 0 0 0 0 
1017 7 0 0 0 0 0 0 937 87 0 0 0 0 0 0 1022 2 0 0 0 0 0 0 
1006 18 0 0 0 0 0 0 923 101 0 0 0 0 0 0 1002 22 0 0 0 0 0 0 
358 276 288 97 5 0 0 0 309 277 272 159 7 0 0 0 741 248 35 0 0 0 0 0 
395 235 264 127 3 0 0 0 344 244 219 208 8 1 0 0 722 271 28 2 1 0 0 0 
711 206 97 9 1 0 0 0 629 262 109 22 2 0 0 0 980 41 3 0 0 0 0 0 
789 191 40 4 0 0 0 0 659 295 63 7 0 0 0 0 948 71 5 0 0 0 0 0 
279 188 342 194 21 0 0 0 233 267 318 185 21 0 0 0 448 423 147 6 0 0 0 0 
66 230 480 227 21 0 0 0 21 244 465 273 21 0 0 0 242 641 137 4 0 0 0 0 
106 255 446 191 21 5 0 0 79 119 527 261 34 3 1 0 378 532 98 13 3 0 0 0 
0 204 548 238 30 4 0 0 0 160 537 293 32 2 0 0 328 565 118 13 0 0 0 0 
69 223 439 253 40 0 0 0 8 212 494 260 49 1 0 0 301 566 140 17 0 0 0 0 
1 177 480 300 63 3 0 0 0 136 485 340 61 2 0 0 268 534 201 20 1 0 0 0 
11 544 293 82 8 10 13 63 0 492 345 92 6 10 23 56 342 516 67 10 10 19 30 30 
62 416 71 17 24 33 103 298 6 471 64 24 23 81 168 187 129 393 35 15 68 139 178 67 
50 420 162 165 51 90 38 48 20 429 176 175 116 39 35 34 61 430 152 241 58 33 40 9 
88 651 158 90 13 8 5 11 5 675 159 125 29 12 6 13 137 720 73 57 14 9 4 10 
0 116 702 132 15 17 15 27 0 37 452 438 32 20 19 26 676 251 23 8 19 18 16 13 
0 193 386 135 18 45 82 165 0 137 376 190 31 57 104 129 460 209 45 24 48 78 89 71 
0 21 41 32 42 251 273 364 0 22 39 45 174 328 242 174 27 41 38 149 292 240 199 38 
14 152 75 40 59 140 254 290 0 147 105 59 118 212 256 127 208 41 52 112 176 254 158 23 
90 180 23 70 99 250 207 105 55 200 80 98 205 211 152 23 211 110 101 182 227 141 47 5 
213 223 110 25 62 159 193 39 179 227 88 99 124 205 96 6 459 80 41 108 205 120 11 0 
2 436 328 58 55 95 37 13 0 229 459 137 58 93 35 13 654 124 50 50 96 35 6 9 
2 167 463 131 74 144 24 19 0 118 374 259 68 155 27 23 419 269 80 69 121 40 16 10 
0 166 163 320 151 139 77 8 0 140 170 336 146 154 66 12 256 358 127 74 103 93 10 3 
0 10 188 273 97 115 120 221 0 4 165 264 117 131 174 169 102 305 100 53 95 130 175 64 
0 39 177 69 17 29 111 582 0 35 171 74 14 35 331 364 71 186 26 8 16 122 432 163 
0 0 1 16 65 101 238 603 0 0 0 40 89 117 376 402 0 0 5 78 94 207 545 95 
0 0 0 0 14 73 275 662 0 0 0 11 23 126 511 353 0 0 0 12 64 285 455 208 
0 0 0 166 161 141 344 212 0 0 10 280 112 194 345 83 0 1 229 106 125 329 215 19 
0 0 10 775 162 22 25 30 0 0 219 705 47 15 34 4 0 31 827 104 16 24 22 0 
0 10 108 888 18 0 0 0 2 26 567 429 0 0 0 0 18 186 810 10 0 0 0 0 
87 419 432 84 2 0 0 0 72 413 438 100 1 0 0 0 557 453 14 0 0 0 0 0 
85 270 552 117 0 0 0 0 72 295 521 136 0 0 0 0 479 505 39 1 0 0 0 0 
219 380 374 46 5 0 0 0 163 382 381 93 5 0 0 0 574 405 42 3 0 0 0 0 
177 473 318 54 2 0 0 0 87 523 331 75 8 0 0 0 663 327 29 5 0 0 0 0 
144 476 368 36 0 0 0 0 84 434 416 90 0 0 0 0 797 227 0 0 0 0 0 0 
93 382 385 164 0 0 0 0 43 350 418 212 1 0 0 0 635 381 8 0 0 0 0 0 
113 324 404 179 4 0 0 0 70 289 365 286 14 0 0 0 690 315 18 1 0 0 0 0 
556 317 130 21 0 0 0 0 435 406 145 38 0 0 0 0 897 124 3 0 0 0 0 0 
572 394 55 3 0 0 0 0 497 426 89 12 0 0 0 0 895 122 7 0 0 0 0 0 
537 117 168 198 4 0 0 0 483 155 139 231 16 0 0 0 634 343 47 0 0 0 0 0 
31 296 439 245 13 0 0 0 15 233 408 349 17 2 0 0 524 458 42 0 0 0 0 0 
421 343 202 58 0 0 0 0 366 343 224 91 0 0 0 0 830 191 3 0 0 0 0 0 
941 82 1 0 0 0 0 0 893 130 1 0 0 0 0 0 1016 8 0 0 0 0 0 0 
955 53 13 3 0 0 0 0 915 91 9 8 1 0 0 0 1007 9 7 1 0 0 0 0 
31 187 473 296 36 1 0 0 14 189 464 311 44 2 0 0 311 526 170 17 0 0 0 0 
0 156 613 235 20 0 0 0 2 163 577 250 32 0 0 0 258 647 114 5 0 0 0 0 
43 313 335 291 40 2 0 0 15 311 347 310 41 0 0 0 395 471 148 10 0 0 0 0 
0 170 605 222 22 5 0 0 0 131 577 288 22 6 0 0 277 631 101 15 0 0 0 0 
6 370 459 170 17 2 0 0 1 338 490 177 18 0 0 0 426 506 89 3 0 0 0 0 
0 76 397 277 46 16 41 171 0 65 385 298 45 27 67 137 121 501 154 20 23 56 115 34 
0 24 19 5 19 50 210 697 0 25 18 5 56 133 306 481 25 18 6 48 116 267 392 152 
0 0 0 0 19 196 423 386 0 0 0 5 115 313 379 212 0 0 1 84 243 400 222 74 
0 51 40 34 103 233 219 344 0 40 53 86 203 218 166 258 26 65 66 186 215 151 162 153 
0 26 19 16 25 90 211 637 0 25 16 20 62 160 284 457 10 30 19 49 149 225 363 179 
0 0 0 11 41 179 367 426 0 0 4 39 88 328 389 176 0 3 32 63 276 401 236 13 
0 0 4 13 52 130 228 597 0 2 10 45 82 213 258 414 1 11 41 65 176 244 261 225 
0 0 0 10 94 239 293 388 0 0 2 69 199 258 307 189 0 1 47 163 285 269 199 60 
0 0 0 9 147 426 196 246 0 0 1 84 380 270 145 144 0 1 53 261 369 170 84 86 
0 0 16 75 190 258 239 246 0 5 66 157 241 233 167 155 0 80 114 194 255 190 131 60 
0 0 3 105 288 262 143 223 0 1 60 237 274 176 147 129 0 41 186 287 207 129 115 59 
0 0 0 0 30 223 192 579 0 0 0 4 115 236 207 462 0 0 3 56 236 181 302 246 
0 5 34 19 38 77 278 573 0 8 36 36 61 138 418 327 15 28 28 55 124 256 455 63 
0 0 13 35 28 49 378 521 0 1 19 32 36 108 621 207 2 31 26 13 49 366 469 68 
0 0 0 0 58 260 443 263 0 0 0 8 121 334 482 79 0 0 0 41 260 477 208 38 
0 0 0 21 310 212 255 226 0 0 0 129 306 216 239 134 0 0 11 323 220 211 232 27 
0 0 3 248 514 121 100 38 0 0 28 492 330 104 45 25 0 1 238 489 179 66 27 24 
0 0 13 409 534 62 6 0 0 0 137 611 258 18 0 0 0 56 383 462 115 8 0 0 
0 0 54 902 67 1 0 0 0 16 682 324 2 0 0 0 0 250 706 68 0 0 0 0 
0 13 424 586 1 0 0 0 0 78 733 213 0 0 0 0 5 446 560 13 0 0 0 0 
0 27 332 455 210 0 0 0 7 123 399 364 131 0 0 0 11 309 301 357 46 0 0 0 
