0 0 0 0 0 0 81 943 0 0 0 0 0 0 3 1021 0 0 0 0 0 0 0 1024 
0 0 0 0 0 0 65 959 0 0 0 0 0 0 21 1003 0 0 0 0 0 0 3 1021 
0 0 0 0 0 21 73 930 0 0 0 0 0 0 58 966 0 0 0 0 0 0 4 1020 
0 0 0 0 0 0 421 603 0 0 0 0 0 0 120 904 0 0 0 0 0 0 0 1024 
0 0 0 0 0 5 880 139 0 0 0 0 0 0 554 470 0 0 0 0 0 0 9 1015 
0 0 0 0 0 4 925 95 0 0 0 0 0 0 793 231 0 0 0 0 0 0 6 1018 
0 0 0 0 0 28 996 0 0 0 0 0 0 5 1008 11 0 0 0 0 0 0 93 931 
0 0 0 0 0 0 1024 0 0 0 0 0 0 0 1024 0 0 0 0 0 0 0 218 806 
0 0 44 176 535 64 205 0 0 0 15 46 98 615 108 142 0 0 0 17 62 85 612 248 
0 15 68 501 183 160 97 0 0 0 20 72 110 564 240 18 0 0 0 8 88 30 640 258 
0 0 1 603 109 311 0 0 0 0 0 1 418 291 314 0 0 0 0 0 1 45 661 317 
0 0 0 650 86 288 0 0 0 0 0 0 522 195 307 0 0 0 0 0 0 113 598 313 
0 0 197 460 130 234 3 0 0 0 0 0 578 150 294 2 0 0 0 0 0 211 620 193 
0 0 455 161 181 193 34 0 0 0 0 2 580 170 250 22 0 0 0 0 0 385 481 158 
0 0 474 126 380 44 0 0 0 0 0 60 515 381 68 0 0 0 0 0 0 453 550 21 
0 19 538 104 210 51 102 0 0 0 0 298 346 236 144 0 0 0 0 0 0 505 377 142 
0 674 17 72 179 82 0 0 0 668 21 99 220 16 0 0 0 0 572 126 298 28 0 0 
2 834 17 65 88 18 0 0 0 835 14 50 107 18 0 0 0 1 759 98 118 48 0 0 
0 794 36 119 75 0 0 0 0 486 331 66 141 0 0 0 0 0 315 452 215 42 0 0 
0 669 148 200 7 0 0 0 0 78 604 112 224 6 0 0 0 0 18 610 107 256 33 0 
0 74 265 374 261 50 0 0 0 1 115 223 649 36 0 0 0 0 3 117 311 570 23 0 
0 0 264 274 360 126 0 0 0 0 5 329 670 20 0 0 0 0 0 32 379 613 0 0 
0 0 330 211 369 114 0 0 0 0 12 406 605 1 0 0 0 0 4 23 543 454 0 0 
0 12 403 167 369 73 0 0 0 0 7 542 456 19 0 0 0 0 1 50 629 344 0 0 
49 975 0 0 0 0 0 0 0 1024 0 0 0 0 0 0 0 0 1024 0 0 0 0 0 
5 1019 0 0 0 0 0 0 0 1024 0 0 0 0 0 0 0 0 1022 2 0 0 0 0 
1 1023 0 0 0 0 0 0 0 1024 0 0 0 0 0 0 0 0 1020 4 0 0 0 0 
0 993 17 8 4 2 0 0 0 988 25 6 5 0 0 0 0 1 895 119 5 4 0 0 
0 634 184 37 48 121 0 0 0 647 181 56 131 9 0 0 0 29 648 216 130 1 0 0 
0 130 151 323 162 253 5 0 0 190 180 334 309 11 0 0 0 25 428 314 256 1 0 0 
1 123 124 256 218 302 0 0 4 146 141 378 333 22 0 0 1 64 359 324 276 0 0 0 
13 339 74 174 178 235 11 0 3 368 113 273 232 35 0 0 0 75 549 162 238 0 0 0 
2 601 127 83 211 0 0 0 0 664 117 243 0 0 0 0 0 30 901 93 0 0 0 0 
0 483 107 103 331 0 0 0 0 545 93 386 0 0 0 0 0 76 792 156 0 0 0 0 
0 321 131 130 442 0 0 0 0 361 181 482 0 0 0 0 0 47 839 138 0 0 0 0 
16 129 175 213 491 0 0 0 5 182 249 588 0 0 0 0 0 41 791 192 0 0 0 0 
254 62 38 211 444 15 0 0 46 274 112 590 2 0 0 0 0 261 526 237 0 0 0 0 
473 30 19 116 317 69 0 0 103 400 66 441 14 0 0 0 2 416 429 177 0 0 0 0 
468 101 155 31 180 89 0 0 102 501 134 257 30 0 0 0 16 556 340 111 1 0 0 0 
449 314 207 11 28 15 0 0 195 624 151 43 11 0 0 0 41 755 195 30 3 0 0 0 
0 207 42 81 535 159 0 0 0 224 92 680 28 0 0 0 0 166 805 53 0 0 0 0 
0 126 97 48 495 258 0 0 3 175 112 683 51 0 0 0 1 174 801 48 0 0 0 0 
0 122 38 62 418 373 11 0 4 146 85 615 174 0 0 0 6 195 767 56 0 0 0 0 
16 55 102 149 267 388 47 0 16 111 195 550 152 0 0 0 24 234 686 80 0 0 0 0 
30 137 280 155 139 244 39 0 20 239 327 316 114 8 0 0 24 420 525 53 2 0 0 0 
10 203 543 156 42 65 5 0 22 404 464 90 44 0 0 0 59 660 268 34 3 0 0 0 
87 317 455 155 10 0 0 0 79 530 381 34 0 0 0 0 159 745 117 3 0 0 0 0 
142 319 339 212 12 0 0 0 168 499 344 13 0 0 0 0 232 687 105 0 0 0 0 0 
0 0 0 147 876 1 0 0 0 1 326 697 0 0 0 0 1 644 379 0 0 0 0 0 
0 0 23 274 724 3 0 0 0 16 432 576 0 0 0 0 5 637 382 0 0 0 0 0 
0 1 153 506 354 10 0 0 0 109 635 280 0 0 0 0 44 651 327 2 0 0 0 0 
0 28 285 559 151 1 0 0 3 198 714 109 0 0 0 0 82 736 204 2 0 0 0 0 
24 276 498 222 4 0 0 0 61 559 400 4 0 0 0 0 230 732 62 0 0 0 0 0 
35 518 430 41 0 0 0 0 50 713 256 5 0 0 0 0 219 712 93 0 0 0 0 0 
42 685 287 10 0 0 0 0 28 831 163 2 0 0 0 0 33 905 86 0 0 0 0 0 
207 756 61 0 0 0 0 0 101 843 80 0 0 0 0 0 51 892 81 0 0 0 0 0 
23 201 289 353 158 0 0 0 58 374 501 91 0 0 0 0 124 800 100 0 0 0 0 0 
55 276 304 316 73 0 0 0 73 445 460 46 0 0 0 0 142 817 65 0 0 0 0 0 
112 329 439 103 41 0 0 0 118 670 194 42 0 0 0 0 306 663 55 0 0 0 0 0 
254 404 327 39 0 0 0 0 284 640 97 3 0 0 0 0 410 569 44 1 0 0 0 0 
315 528 177 4 0 0 0 0 330 550 141 3 0 0 0 0 288 575 160 1 0 0 0 0 
480 495 46 3 0 0 0 0 454 537 31 2 0 0 0 0 296 665 61 2 0 0 0 0 
555 406 41 16 6 0 0 0 455 513 40 12 4 0 0 0 316 633 61 11 3 0 0 0 
476 501 40 7 0 0 0 0 517 481 25 1 0 0 0 0 458 537 28 1 0 0 0 0 
