0 0 0 541 483 0 0 0 0 0 0 0 374 650 0 0 0 0 0 0 0 122 902 0 
0 0 0 498 526 0 0 0 0 0 0 0 276 748 0 0 0 0 0 0 0 37 987 0 
0 0 0 600 424 0 0 0 0 0 0 0 267 757 0 0 0 0 0 0 0 27 997 0 
0 100 29 636 259 0 0 0 0 57 48 15 142 762 0 0 0 0 94 18 15 54 843 0 
0 388 155 184 297 0 0 0 0 347 193 21 42 421 0 0 0 0 458 73 23 24 446 0 
0 0 0 105 919 0 0 0 0 0 0 0 0 1024 0 0 0 0 0 0 0 0 1024 0 
0 0 0 85 939 0 0 0 0 0 0 0 0 1024 0 0 0 0 0 0 0 0 1024 0 
0 0 0 10 840 174 0 0 0 0 0 0 0 964 60 0 0 0 0 0 0 0 1024 0 
0 0 0 0 608 416 0 0 0 0 0 0 0 834 190 0 0 0 0 0 0 0 1024 0 
0 0 0 0 186 783 55 0 0 0 0 0 0 515 509 0 0 0 0 0 0 0 990 34 
0 0 0 0 26 612 386 0 0 0 0 0 0 103 921 0 0 0 0 0 0 0 791 233 
0 0 0 0 47 479 498 0 0 0 0 0 0 136 888 0 0 0 0 0 0 0 589 435 
0 0 0 0 0 161 863 0 0 0 0 0 0 0 1014 10 0 0 0 0 0 0 126 898 
0 0 0 0 0 14 996 14 0 0 0 0 0 0 681 343 0 0 0 0 0 0 20 1004 
0 0 0 0 0 27 690 307 0 0 0 0 0 0 186 838 0 0 0 0 0 0 24 1000 
0 0 0 0 0 0 804 220 0 0 0 0 0 0 252 772 0 0 0 0 0 0 6 1018 
0 0 0 0 0 0 529 495 0 0 0 0 0 0 185 839 0 0 0 0 0 0 0 1024 
0 0 0 0 0 0 419 605 0 0 0 0 0 0 71 953 0 0 0 0 0 0 0 1024 
0 0 0 0 0 0 62 962 0 0 0 0 0 0 2 1022 0 0 0 0 0 0 0 1024 
0 0 0 0 0 8 159 857 0 0 0 0 0 0 94 930 0 0 0 0 0 0 0 1024 
0 0 0 0 0 51 269 704 0 0 0 0 0 0 251 773 0 0 0 0 0 0 2 1022 
0 0 0 0 0 0 263 761 0 0 0 0 0 0 139 885 0 0 0 0 0 0 0 1024 
0 0 0 0 0 22 323 679 0 0 0 0 0 0 147 877 0 0 0 0 0 0 0 1024 
0 0 0 0 0 0 303 721 0 0 0 0 0 0 180 844 0 0 0 0 0 0 0 1024 
0 0 0 0 0 23 345 656 0 0 0 0 0 0 181 843 0 0 0 0 0 0 0 1024 
0 0 0 0 0 0 426 598 0 0 0 0 0 0 55 969 0 0 0 0 0 0 0 1024 
0 0 0 0 0 9 274 741 0 0 0 0 0 0 53 971 0 0 0 0 0 0 0 1024 
0 0 0 0 0 0 107 917 0 0 0 0 0 0 6 1018 0 0 0 0 0 0 0 1024 
0 0 0 0 0 91 155 778 0 0 0 0 0 0 193 831 0 0 0 0 0 0 1 1023 
0 0 0 0 1 116 313 594 0 0 0 0 0 1 214 809 0 0 0 0 0 0 10 1014 
0 0 0 0 0 17 461 546 0 0 0 0 0 0 95 929 0 0 0 0 0 0 0 1024 
0 0 0 0 0 0 385 639 0 0 0 0 0 0 29 995 0 0 0 0 0 0 0 1024 
0 0 0 165 851 8 0 0 0 0 0 0 2 1022 0 0 0 0 0 0 0 3 1021 0 
0 0 0 92 866 66 0 0 0 0 0 0 0 1022 2 0 0 0 0 0 0 0 1024 0 
0 0 0 12 887 125 0 0 0 0 0 0 0 1023 1 0 0 0 0 0 0 0 1024 0 
0 0 0 44 823 157 0 0 0 0 0 0 0 1024 0 0 0 0 0 0 0 0 1024 0 
0 366 262 81 262 53 0 0 0 256 349 46 33 339 1 0 0 0 503 115 43 46 317 0 
0 0 0 3 674 347 0 0 0 0 0 0 0 959 65 0 0 0 0 0 0 0 1024 0 
0 0 0 1 691 332 0 0 0 0 0 0 0 955 69 0 0 0 0 0 0 0 1024 0 
0 0 0 5 573 446 0 0 0 0 0 0 0 924 100 0 0 0 0 0 0 0 1024 0 
0 0 0 0 627 397 0 0 0 0 0 0 0 924 100 0 0 0 0 0 0 0 1022 2 
0 0 0 0 541 483 0 0 0 0 0 0 0 780 244 0 0 0 0 0 0 0 1012 12 
0 0 0 0 0 1019 5 0 0 0 0 0 0 84 940 0 0 0 0 0 0 0 837 187 
0 0 0 0 3 748 273 0 0 0 0 0 0 71 953 0 0 0 0 0 0 0 574 450 
0 0 0 0 0 497 527 0 0 0 0 0 0 5 1017 2 0 0 0 0 0 0 253 771 
0 0 0 0 0 171 847 6 0 0 0 0 0 0 829 195 0 0 0 0 0 0 46 978 
0 0 0 0 0 0 867 157 0 0 0 0 0 0 185 839 0 0 0 0 0 0 0 1024 
0 0 0 0 0 0 646 378 0 0 0 0 0 0 162 862 0 0 0 0 0 0 0 1024 
0 0 0 0 0 0 218 806 0 0 0 0 0 0 2 1022 0 0 0 0 0 0 0 1024 
0 0 0 0 0 0 167 857 0 0 0 0 0 0 0 1024 0 0 0 0 0 0 0 1024 
0 0 0 0 0 0 104 920 0 0 0 0 0 0 0 1024 0 0 0 0 0 0 0 1024 
0 0 0 0 0 0 7 1017 0 0 0 0 0 0 0 1024 0 0 0 0 0 0 0 1024 
0 0 0 0 0 0 99 925 0 0 0 0 0 0 0 1024 0 0 0 0 0 0 0 1024 
0 0 0 0 0 0 61 963 0 0 0 0 0 0 0 1024 0 0 0 0 0 0 0 1024 
0 0 0 0 0 0 31 993 0 0 0 0 0 0 0 1024 0 0 0 0 0 0 0 1024 
0 0 0 0 0 0 44 980 0 0 0 0 0 0 0 1024 0 0 0 0 0 0 0 1024 
0 0 0 0 0 0 34 990 0 0 0 0 0 0 0 1024 0 0 0 0 0 0 0 1024 
0 0 0 0 0 0 59 965 0 0 0 0 0 0 0 1024 0 0 0 0 0 0 0 1024 
0 0 0 0 0 0 82 942 0 0 0 0 0 0 0 1024 0 0 0 0 0 0 0 1024 
0 0 0 0 0 0 102 922 0 0 0 0 0 0 0 1024 0 0 0 0 0 0 0 1024 
0 0 0 0 0 0 0 1024 0 0 0 0 0 0 0 1024 0 0 0 0 0 0 0 1024 
0 0 0 0 0 0 0 1024 0 0 0 0 0 0 0 1024 0 0 0 0 0 0 0 1024 
0 0 0 0 0 0 1 1023 0 0 0 0 0 0 0 1024 0 0 0 0 0 0 0 1024 
0 0 0 0 0 0 0 1024 0 0 0 0 0 0 0 1024 0 0 0 0 0 0 0 1024 
0 0 0 870 154 0 0 0 0 0 0 0 41 983 0 0 0 0 0 0 0 0 1024 0 
0 0 0 799 225 0 0 0 0 0 0 0 9 1015 0 0 0 0 0 0 0 0 1024 0 
0 0 0 603 421 0 0 0 0 0 0 0 10 1014 0 0 0 0 0 0 0 0 1024 0 
0 0 0 234 782 8 0 0 0 0 0 0 0 1024 0 0 0 0 0 0 0 0 1024 0 
0 272 313 145 259 35 0 0 0 84 481 38 19 400 2 0 0 0 384 198 29 28 385 0 
0 0 22 32 690 280 0 0 0 1 12 14 12 924 61 0 0 0 1 11 14 12 986 0 
0 0 0 0 618 406 0 0 0 0 0 0 0 749 275 0 0 0 0 0 0 0 1020 4 
0 0 0 0 581 443 0 0 0 0 0 0 0 661 363 0 0 0 0 0 0 0 1016 8 
0 0 0 0 289 735 0 0 0 0 0 0 0 454 570 0 0 0 0 0 0 0 1011 13 
0 0 0 0 23 925 76 0 0 0 0 0 0 73 951 0 0 0 0 0 0 0 876 148 
0 0 0 0 8 552 464 0 0 0 0 0 0 18 1006 0 0 0 0 0 0 0 483 541 
0 0 0 0 0 122 902 0 0 0 0 0 0 0 1024 0 0 0 0 0 0 0 116 908 
0 0 0 0 0 168 856 0 0 0 0 0 0 0 908 116 0 0 0 0 0 0 60 964 
0 0 0 0 0 45 945 34 0 0 0 0 0 0 465 559 0 0 0 0 0 0 23 1001 
0 0 0 0 0 0 1006 18 0 0 0 0 0 0 403 621 0 0 0 0 0 0 0 1024 
0 0 0 0 0 0 990 34 0 0 0 0 0 0 416 608 0 0 0 0 0 0 0 1024 
0 0 0 0 0 11 826 187 0 0 0 0 0 0 398 626 0 0 0 0 0 0 0 1024 
0 0 0 0 0 14 754 256 0 0 0 0 0 0 258 766 0 0 0 0 0 0 1 1023 
0 0 0 0 0 0 375 649 0 0 0 0 0 0 4 1020 0 0 0 0 0 0 0 1024 
0 0 0 0 0 0 117 907 0 0 0 0 0 0 0 1024 0 0 0 0 0 0 0 1024 
0 0 0 0 0 0 191 833 0 0 0 0 0 0 1 1023 0 0 0 0 0 0 0 1024 
0 0 0 0 0 0 355 669 0 0 0 0 0 0 52 972 0 0 0 0 0 0 0 1024 
0 0 0 0 0 0 58 966 0 0 0 0 0 0 0 1024 0 0 0 0 0 0 0 1024 
0 0 0 0 0 0 81 943 0 0 0 0 0 0 0 1024 0 0 0 0 0 0 0 1024 
0 0 0 0 0 0 10 1014 0 0 0 0 0 0 0 1024 0 0 0 0 0 0 0 1024 
0 0 0 0 0 0 1 1023 0 0 0 0 0 0 0 1024 0 0 0 0 0 0 0 1024 
0 0 0 0 0 0 45 979 0 0 0 0 0 0 0 1024 0 0 0 0 0 0 0 1024 
0 0 0 0 0 0 31 993 0 0 0 0 0 0 0 1024 0 0 0 0 0 0 0 1024 
0 0 0 0 0 0 0 1024 0 0 0 0 0 0 0 1024 0 0 0 0 0 0 0 1024 
0 0 0 0 0 0 0 1024 0 0 0 0 0 0 0 1024 0 0 0 0 0 0 0 1024 
0 0 0 0 0 0 23 1001 0 0 0 0 0 0 0 1024 0 0 0 0 0 0 0 1024 
0 0 0 0 0 0 20 1004 0 0 0 0 0 0 0 1024 0 0 0 0 0 0 0 1024 
0 0 0 727 135 162 0 0 0 0 0 0 9 939 76 0 0 0 0 0 0 0 1024 0 
0 0 0 643 229 152 0 0 0 0 0 0 0 971 53 0 0 0 0 0 0 0 1024 0 
0 0 0 474 400 150 0 0 0 0 0 0 0 961 63 0 0 0 0 0 0 0 1024 0 
0 0 0 347 525 152 0 0 0 0 0 0 0 937 87 0 0 0 0 0 0 0 1024 0 
0 137 237 36 468 146 0 0 0 12 332 21 16 555 88 0 0 0 174 186 13 20 631 0 
0 27 166 42 628 161 0 0 0 0 193 39 16 666 110 0 0 0 65 136 33 19 771 0 
0 0 0 0 836 188 0 0 0 0 0 0 0 784 240 0 0 0 0 0 0 0 1015 9 
0 0 0 5 931 88 0 0 0 0 0 0 0 937 87 0 0 0 0 0 0 0 995 29 
0 0 0 5 901 118 0 0 0 0 0 0 0 835 189 0 0 0 0 0 0 0 955 69 
0 0 0 0 769 255 0 0 0 0 0 0 0 548 476 0 0 0 0 0 0 0 750 274 
0 0 0 0 637 387 0 0 0 0 0 0 0 351 673 0 0 0 0 0 0 0 591 433 
0 0 0 0 435 554 35 0 0 0 0 0 0 128 896 0 0 0 0 0 0 0 306 718 
0 0 0 0 400 472 152 0 0 0 0 0 0 46 978 0 0 0 0 0 0 0 159 865 
0 0 0 0 140 344 487 53 0 0 0 0 0 0 946 78 0 0 0 0 0 0 34 990 
0 0 0 0 14 232 730 48 0 0 0 0 0 0 667 357 0 0 0 0 0 0 2 1022 
0 0 0 0 0 30 935 59 0 0 0 0 0 0 292 732 0 0 0 0 0 0 0 1024 
0 0 0 0 0 0 638 386 0 0 0 0 0 0 10 1014 0 0 0 0 0 0 0 1024 
0 0 0 0 0 0 316 708 0 0 0 0 0 0 0 1024 0 0 0 0 0 0 0 1024 
0 0 0 0 0 0 255 769 0 0 0 0 0 0 12 1012 0 0 0 0 0 0 0 1024 
0 0 0 0 0 0 255 769 0 0 0 0 0 0 45 979 0 0 0 0 0 0 0 1024 
0 0 0 0 0 0 287 737 0 0 0 0 0 0 37 987 0 0 0 0 0 0 0 1024 
0 0 0 0 0 0 374 650 0 0 0 0 0 0 16 1008 0 0 0 0 0 0 0 1024 
0 0 0 0 0 0 119 905 0 0 0 0 0 0 0 1024 0 0 0 0 0 0 0 1024 
0 0 0 0 0 0 59 965 0 0 0 0 0 0 0 1024 0 0 0 0 0 0 0 1024 
0 0 0 0 0 0 8 1016 0 0 0 0 0 0 0 1024 0 0 0 0 0 0 0 1024 
0 0 0 0 0 0 25 999 0 0 0 0 0 0 0 1024 0 0 0 0 0 0 0 1024 
0 0 0 0 0 0 28 996 0 0 0 0 0 0 0 1024 0 0 0 0 0 0 0 1024 
0 0 0 0 0 0 6 1018 0 0 0 0 0 0 0 1024 0 0 0 0 0 0 0 1024 
0 0 0 0 0 0 1 1023 0 0 0 0 0 0 0 1024 0 0 0 0 0 0 0 1024 
0 0 0 0 0 0 13 1011 0 0 0 0 0 0 0 1024 0 0 0 0 0 0 0 1024 
0 0 0 0 0 0 65 959 0 0 0 0 0 0 0 1024 0 0 0 0 0 0 0 1024 
0 0 0 0 0 0 229 795 0 0 0 0 0 0 0 1024 0 0 0 0 0 0 0 1024 
0 0 0 0 415 609 0 0 0 0 0 0 0 795 229 0 0 0 0 0 0 0 1024 0 
0 0 0 0 364 660 0 0 0 0 0 0 0 639 385 0 0 0 0 0 0 0 1024 0 
0 0 0 0 268 756 0 0 0 0 0 0 0 557 467 0 0 0 0 0 0 0 1024 0 
0 0 0 0 119 905 0 0 0 0 0 0 0 366 658 0 0 0 0 0 0 0 1024 0 
0 15 95 17 69 828 0 0 0 0 83 25 14 309 593 0 0 0 15 90 14 15 890 0 
0 2 396 58 83 461 24 0 0 0 394 60 23 122 425 0 0 0 52 380 25 24 543 0 
0 0 0 0 201 731 92 0 0 0 0 0 0 121 903 0 0 0 0 0 0 0 1018 6 
0 0 0 0 241 585 198 0 0 0 0 0 0 42 982 0 0 0 0 0 0 0 922 102 
0 0 0 0 194 529 301 0 0 0 0 0 0 4 1020 0 0 0 0 0 0 0 777 247 
0 0 0 0 173 462 389 0 0 0 0 0 0 0 1024 0 0 0 0 0 0 0 413 611 
0 0 0 0 51 515 458 0 0 0 0 0 0 0 1020 4 0 0 0 0 0 0 289 735 
0 0 0 0 0 411 613 0 0 0 0 0 0 0 1024 0 0 0 0 0 0 0 168 856 
0 0 0 0 13 325 686 0 0 0 0 0 0 1 1014 9 0 0 0 0 0 0 53 971 
0 0 0 0 0 29 995 0 0 0 0 0 0 0 965 59 0 0 0 0 0 0 33 991 
0 0 0 0 0 0 1009 15 0 0 0 0 0 0 684 340 0 0 0 0 0 0 0 1024 
0 0 0 0 0 0 879 145 0 0 0 0 0 0 137 887 0 0 0 0 0 0 0 1024 
0 0 0 0 0 0 654 370 0 0 0 0 0 0 72 952 0 0 0 0 0 0 0 1024 
0 0 0 0 0 0 546 478 0 0 0 0 0 0 31 993 0 0 0 0 0 0 0 1024 
0 0 0 0 0 0 182 842 0 0 0 0 0 0 0 1024 0 0 0 0 0 0 0 1024 
0 0 0 0 0 1 40 983 0 0 0 0 0 0 19 1005 0 0 0 0 0 0 0 1024 
0 0 0 0 0 0 183 841 0 0 0 0 0 0 52 972 0 0 0 0 0 0 0 1024 
0 0 0 0 0 0 71 953 0 0 0 0 0 0 3 1021 0 0 0 0 0 0 0 1024 
0 0 0 0 0 0 30 994 0 0 0 0 0 0 0 1024 0 0 0 0 0 0 0 1024 
0 0 0 0 0 0 4 1020 0 0 0 0 0 0 0 1024 0 0 0 0 0 0 0 1024 
0 0 0 0 0 0 0 1024 0 0 0 0 0 0 0 1024 0 0 0 0 0 0 0 1024 
0 0 0 0 0 0 6 1018 0 0 0 0 0 0 0 1024 0 0 0 0 0 0 0 1024 
0 0 0 0 0 0 86 938 0 0 0 0 0 0 0 1024 0 0 0 0 0 0 0 1024 
0 0 0 0 0 0 14 1010 0 0 0 0 0 0 0 1024 0 0 0 0 0 0 0 1024 
0 0 0 0 0 0 2 1022 0 0 0 0 0 0 0 1024 0 0 0 0 0 0 0 1024 
0 0 0 0 0 0 3 1021 0 0 0 0 0 0 0 1024 0 0 0 0 0 0 0 1024 
0 0 0 0 0 0 155 869 0 0 0 0 0 0 1 1023 0 0 0 0 0 0 0 1024 
0 0 0 0 0 0 249 775 0 0 0 0 0 0 14 1010 0 0 0 0 0 0 0 1024 
0 0 0 0 237 787 0 0 0 0 0 0 0 841 183 0 0 0 0 0 0 25 999 0 
0 0 0 0 184 840 0 0 0 0 0 0 0 635 389 0 0 0 0 0 0 0 1024 0 
0 0 0 0 47 977 0 0 0 0 0 0 0 452 572 0 0 0 0 0 0 0 1024 0 
0 0 0 0 0 1024 0 0 0 0 0 0 0 190 834 0 0 0 0 0 0 0 1024 0 
0 0 0 0 0 1023 1 0 0 0 0 0 0 49 975 0 0 0 0 0 0 0 1024 0 
0 4 477 74 37 408 24 0 0 0 452 88 24 66 394 0 0 0 68 446 41 39 430 0 
0 0 0 0 0 998 26 0 0 0 0 0 0 25 999 0 0 0 0 0 0 0 1024 0 
0 0 0 0 0 960 64 0 0 0 0 0 0 1 1023 0 0 0 0 0 0 0 1023 1 
0 0 0 0 0 885 139 0 0 0 0 0 0 1 1023 0 0 0 0 0 0 0 995 29 
0 0 0 0 0 360 664 0 0 0 0 0 0 0 1024 0 0 0 0 0 0 0 893 131 
0 0 0 0 0 272 752 0 0 0 0 0 0 0 1024 0 0 0 0 0 0 0 758 266 
0 0 0 0 0 121 903 0 0 0 0 0 0 0 994 30 0 0 0 0 0 0 456 568 
0 0 0 0 0 0 1022 2 0 0 0 0 0 0 636 388 0 0 0 0 0 0 82 942 
0 0 0 0 0 0 1015 9 0 0 0 0 0 0 577 447 0 0 0 0 0 0 34 990 
0 0 0 0 0 0 982 42 0 0 0 0 0 0 245 779 0 0 0 0 0 0 0 1024 
0 0 0 0 0 0 824 200 0 0 0 0 0 0 18 1006 0 0 0 0 0 0 0 1024 
0 0 0 0 0 0 475 549 0 0 0 0 0 0 15 1009 0 0 0 0 0 0 0 1024 
0 0 0 0 0 0 113 911 0 0 0 0 0 0 0 1024 0 0 0 0 0 0 0 1024 
0 0 0 0 0 0 0 1024 0 0 0 0 0 0 0 1024 0 0 0 0 0 0 0 1024 
0 0 0 0 0 0 0 1024 0 0 0 0 0 0 0 1024 0 0 0 0 0 0 0 1024 
0 0 0 0 0 0 0 1024 0 0 0 0 0 0 0 1024 0 0 0 0 0 0 0 1024 
0 0 0 0 0 0 0 1024 0 0 0 0 0 0 0 1024 0 0 0 0 0 0 0 1024 
0 0 0 0 0 0 0 1024 0 0 0 0 0 0 0 1024 0 0 0 0 0 0 0 1024 
0 0 0 0 0 0 0 1024 0 0 0 0 0 0 0 1024 0 0 0 0 0 0 0 1024 
0 0 0 0 0 0 0 1024 0 0 0 0 0 0 0 1024 0 0 0 0 0 0 0 1024 
0 0 0 0 0 0 0 1024 0 0 0 0 0 0 0 1024 0 0 0 0 0 0 0 1024 
0 0 0 0 0 0 2 1022 0 0 0 0 0 0 0 1024 0 0 0 0 0 0 0 1024 
0 0 0 0 0 0 62 962 0 0 0 0 0 0 0 1024 0 0 0 0 0 0 0 1024 
0 0 0 0 0 0 138 886 0 0 0 0 0 0 0 1024 0 0 0 0 0 0 0 1024 
0 0 0 0 0 0 193 831 0 0 0 0 0 0 1 1023 0 0 0 0 0 0 0 1024 
0 0 0 0 0 0 510 514 0 0 0 0 0 0 8 1016 0 0 0 0 0 0 0 1024 
0 0 0 0 0 0 463 561 0 0 0 0 0 0 107 917 0 0 0 0 0 0 0 1024 
0 0 0 0 876 148 0 0 0 0 0 0 0 1022 2 0 0 0 0 0 0 146 878 0 
0 0 0 0 409 615 0 0 0 0 0 0 0 976 48 0 0 0 0 0 0 1 1023 0 
0 0 0 0 38 986 0 0 0 0 0 0 0 603 421 0 0 0 0 0 0 0 1024 0 
0 0 0 0 4 1020 0 0 0 0 0 0 0 218 806 0 0 0 0 0 0 0 1024 0 
0 0 0 0 0 1024 0 0 0 0 0 0 0 24 1000 0 0 0 0 0 0 0 1024 0 
0 21 433 74 40 441 15 0 0 0 443 69 27 51 434 0 0 0 251 247 35 29 462 0 
0 0 0 3 2 1008 11 0 0 0 0 3 2 24 995 0 0 0 0 2 1 3 1018 0 
0 0 0 0 0 1019 5 0 0 0 0 0 0 2 1022 0 0 0 0 0 0 0 1024 0 
0 0 0 0 0 889 135 0 0 0 0 0 0 0 1024 0 0 0 0 0 0 0 1024 0 
0 0 0 0 0 608 416 0 0 0 0 0 0 0 1024 0 0 0 0 0 0 0 1024 0 
0 0 0 0 0 305 719 0 0 0 0 0 0 0 1024 0 0 0 0 0 0 0 975 49 
0 0 0 0 0 18 1006 0 0 0 0 0 0 0 954 70 0 0 0 0 0 0 744 280 
0 0 0 0 0 1 951 72 0 0 0 0 0 0 641 383 0 0 0 0 0 0 330 694 
0 0 0 0 0 2 823 199 0 0 0 0 0 0 356 668 0 0 0 0 0 0 19 1005 
0 0 0 0 0 27 488 509 0 0 0 0 0 0 240 784 0 0 0 0 0 0 6 1018 
0 0 0 0 0 29 532 463 0 0 0 0 0 0 108 916 0 0 0 0 0 0 1 1023 
0 0 0 0 0 15 378 631 0 0 0 0 0 0 15 1009 0 0 0 0 0 0 0 1024 
0 0 0 0 0 0 108 916 0 0 0 0 0 0 0 1024 0 0 0 0 0 0 0 1024 
0 0 0 0 0 0 46 978 0 0 0 0 0 0 0 1024 0 0 0 0 0 0 0 1024 
0 0 0 0 0 0 8 1016 0 0 0 0 0 0 0 1024 0 0 0 0 0 0 0 1024 
0 0 0 0 0 0 0 1024 0 0 0 0 0 0 0 1024 0 0 0 0 0 0 0 1024 
0 0 0 0 0 0 0 1024 0 0 0 0 0 0 0 1024 0 0 0 0 0 0 0 1024 
0 0 0 0 0 0 8 1016 0 0 0 0 0 0 0 1024 0 0 0 0 0 0 0 1024 
0 0 0 0 0 0 76 948 0 0 0 0 0 0 0 1024 0 0 0 0 0 0 0 1024 
0 0 0 0 0 0 0 1024 0 0 0 0 0 0 0 1024 0 0 0 0 0 0 0 1024 
0 0 0 0 0 0 13 1011 0 0 0 0 0 0 0 1024 0 0 0 0 0 0 0 1024 
0 0 0 0 0 0 19 1005 0 0 0 0 0 0 0 1024 0 0 0 0 0 0 0 1024 
0 0 0 0 0 0 169 855 0 0 0 0 0 0 0 1024 0 0 0 0 0 0 0 1024 
0 0 0 0 0 0 306 718 0 0 0 0 0 0 0 1024 0 0 0 0 0 0 0 1024 
0 0 0 0 0 0 211 813 0 0 0 0 0 0 5 1019 0 0 0 0 0 0 0 1024 
0 0 0 0 0 0 178 846 0 0 0 0 0 0 0 1024 0 0 0 0 0 0 0 1024 
0 0 0 0 0 0 204 820 0 0 0 0 0 0 0 1024 0 0 0 0 0 0 0 1024 
0 0 0 0 1024 0 0 0 0 0 0 0 0 893 131 0 0 0 0 0 0 43 981 0 
0 0 0 0 951 73 0 0 0 0 0 0 0 735 289 0 0 0 0 0 0 0 1024 0 
0 0 0 0 609 415 0 0 0 0 0 0 0 401 623 0 0 0 0 0 0 0 1024 0 
0 0 0 0 256 768 0 0 0 0 0 0 0 80 944 0 0 0 0 0 0 0 1024 0 
0 0 0 0 134 890 0 0 0 0 0 0 0 13 1011 0 0 0 0 0 0 0 1024 0 
0 35 313 20 107 543 6 0 0 4 319 23 13 22 643 0 0 0 265 80 13 18 648 0 
0 0 92 44 41 822 25 0 0 0 103 36 17 22 846 0 0 0 59 69 19 19 858 0 
0 0 0 0 19 995 10 0 0 0 0 0 0 0 1024 0 0 0 0 0 0 0 1023 1 
0 0 0 0 17 1005 2 0 0 0 0 0 0 0 1024 0 0 0 0 0 0 0 1017 7 
0 0 0 0 23 957 44 0 0 0 0 0 0 0 1024 0 0 0 0 0 0 0 927 97 
0 0 0 4 15 800 205 0 0 0 0 0 0 6 1017 1 0 0 0 0 0 2 814 208 
0 0 0 11 306 196 511 0 0 0 0 0 29 290 668 37 0 0 0 0 0 111 633 280 
0 0 4 116 105 87 386 326 0 0 0 26 129 95 295 479 0 0 0 0 52 141 244 587 
0 0 1 36 26 123 425 413 0 0 0 9 35 24 154 802 0 0 0 0 30 29 55 910 
0 0 0 0 3 182 459 380 0 0 0 0 0 12 266 746 0 0 0 0 0 0 61 963 
0 0 0 0 0 75 577 372 0 0 0 0 0 0 317 707 0 0 0 0 0 0 141 883 
0 0 0 0 0 12 476 536 0 0 0 0 0 0 172 852 0 0 0 0 0 0 101 923 
0 0 0 0 0 105 573 346 0 0 0 0 0 6 406 612 0 0 0 0 0 0 239 785 
0 0 0 0 0 58 680 286 0 0 0 0 0 0 342 682 0 0 0 0 0 0 185 839 
0 0 0 0 2 316 371 335 0 0 0 0 0 78 448 498 0 0 0 0 0 3 411 610 
0 0 0 0 2 188 371 463 0 0 0 0 0 31 416 577 0 0 0 0 0 5 314 705 
0 0 0 1 20 392 177 434 0 0 0 0 3 122 411 488 0 0 0 0 1 12 437 574 
0 0 0 0 0 7 192 825 0 0 0 0 0 0 87 937 0 0 0 0 0 0 58 966 
0 0 0 0 0 15 643 366 0 0 0 0 0 1 230 793 0 0 0 0 0 0 114 910 
0 0 0 0 0 85 616 323 0 0 0 0 0 2 515 507 0 0 0 0 0 0 284 740 
0 0 0 0 0 88 676 260 0 0 0 0 0 13 428 583 0 0 0 0 0 2 265 757 
0 0 0 0 16 484 355 169 0 0 0 0 0 65 609 350 0 0 0 0 0 5 569 450 
0 0 0 0 163 331 215 315 0 0 0 0 11 325 188 500 0 0 0 0 0 44 449 531 
0 0 0 2 153 364 179 326 0 0 0 0 5 352 227 440 0 0 0 0 0 52 486 486 
0 0 0 7 181 362 216 258 0 0 0 0 18 313 370 323 0 0 0 0 0 40 600 384 
0 0 0 95 566 65 65 233 0 0 0 0 190 524 22 288 0 0 0 0 0 307 417 300 
0 0 0 87 320 90 189 338 0 0 0 0 211 235 69 509 0 0 0 0 1 334 170 519 
0 0 0 4 467 359 97 97 0 0 0 0 14 615 283 112 0 0 0 0 2 338 625 59 
0 0 0 26 354 496 146 2 0 0 0 0 66 507 415 36 0 0 0 0 2 282 736 4 
0 0 0 0 168 619 237 0 0 0 0 0 0 386 635 3 0 0 0 0 0 123 901 0 
0 0 0 0 17 829 177 1 0 0 0 0 0 86 909 29 0 0 0 0 0 50 972 2 
0 0 0 0 12 1012 0 0 0 0 0 0 0 29 995 0 0 0 0 0 0 13 1011 0 
0 14 82 16 29 878 5 0 0 0 72 19 11 21 901 0 0 0 49 42 11 19 903 0 
0 12 304 51 26 611 20 0 0 0 320 48 21 25 610 0 0 0 257 101 30 11 625 0 
0 0 0 0 0 1024 0 0 0 0 0 0 0 0 1024 0 0 0 0 0 0 0 1024 0 
0 0 53 39 30 899 3 0 0 0 0 64 26 27 907 0 0 0 0 0 79 27 918 0 
0 0 335 110 83 437 59 0 0 0 0 363 89 60 512 0 0 0 0 13 401 71 539 0 
0 0 549 117 141 150 64 3 0 0 1 591 111 127 187 7 0 0 0 85 556 140 196 47 
0 0 712 185 108 19 0 0 0 0 0 796 123 90 15 0 0 0 0 52 778 134 57 3 
0 0 432 444 89 33 24 2 0 0 0 741 191 49 36 7 0 0 0 33 789 145 49 8 
0 0 483 501 26 14 0 0 0 0 0 944 46 25 9 0 0 0 0 8 960 32 20 4 
0 0 247 506 105 116 50 0 0 0 0 580 226 108 103 7 0 0 0 0 665 174 165 20 
0 0 29 149 170 148 381 147 0 0 0 118 133 180 308 285 0 0 0 0 141 210 333 340 
0 0 166 299 31 42 380 106 0 0 0 418 54 29 242 281 0 0 0 0 442 42 145 395 
0 0 261 336 83 66 243 35 0 0 0 481 144 71 207 121 0 0 0 0 517 140 175 192 
0 0 270 307 41 157 130 119 0 0 0 528 66 58 201 171 0 0 0 0 554 57 207 206 
0 0 398 166 33 83 179 165 0 0 0 516 64 39 175 230 0 0 0 0 528 62 167 267 
0 0 574 137 97 108 100 8 0 0 0 633 98 123 118 52 0 0 0 0 648 94 198 84 
0 0 662 215 106 27 7 7 0 0 0 765 146 89 10 14 0 0 0 0 788 157 65 14 
0 0 264 254 33 56 146 271 0 0 0 473 52 44 109 346 0 0 0 0 505 46 134 339 
0 0 13 208 90 100 210 403 0 0 0 137 131 91 182 483 0 0 0 0 204 119 190 511 
0 0 3 32 60 210 507 212 0 0 0 12 36 128 445 403 0 0 0 0 20 101 411 492 
0 0 100 80 102 353 355 34 0 0 0 151 53 235 469 116 0 0 0 0 159 87 535 243 
0 0 203 277 110 429 5 0 0 0 0 351 145 242 286 0 0 0 0 0 396 140 479 9 
0 0 123 446 209 246 0 0 0 0 0 280 324 367 53 0 0 0 0 0 309 343 370 2 
0 0 247 253 243 137 118 26 0 0 1 328 252 219 161 63 0 0 0 1 376 289 272 86 
0 0 129 278 190 206 142 79 0 0 0 214 244 246 203 117 0 0 0 1 245 323 315 140 
0 0 211 134 415 231 31 2 0 0 24 210 210 465 102 13 0 0 0 50 199 360 398 17 
0 0 159 76 541 142 85 21 0 0 14 169 164 506 134 37 0 0 0 45 160 434 340 45 
0 0 232 245 377 126 31 13 0 0 23 284 317 328 53 19 0 0 8 68 471 411 58 8 
0 0 245 398 344 37 0 0 0 0 0 339 493 186 6 0 0 0 0 0 606 405 13 0 
0 0 177 476 255 114 2 0 0 0 0 261 475 232 56 0 0 0 0 0 571 381 72 0 
0 0 107 499 157 214 47 0 0 0 0 198 470 247 107 2 0 0 0 0 521 353 149 1 
0 0 46 467 465 44 2 0 0 0 0 144 479 378 23 0 0 0 0 0 360 628 36 0 
0 0 36 521 245 222 0 0 0 0 0 84 602 138 200 0 0 0 0 0 232 587 205 0 
0 51 537 149 47 233 7 0 0 4 396 240 100 50 234 0 0 0 351 230 109 103 231 0 
0 0 634 73 39 278 0 0 0 0 25 619 63 30 287 0 0 0 0 530 145 58 291 0 
0 0 970 33 12 9 0 0 0 0 37 940 27 9 11 0 0 0 0 732 258 20 14 0 
0 0 753 166 80 25 0 0 0 0 3 814 142 61 4 0 0 0 0 477 406 117 24 0 
0 0 877 39 45 45 18 0 0 0 44 851 32 55 40 2 0 0 0 676 236 58 48 6 
0 0 961 44 15 4 0 0 0 0 11 974 21 15 3 0 0 0 0 626 368 20 10 0 
0 0 978 46 0 0 0 0 0 0 1 1023 0 0 0 0 0 0 0 391 633 0 0 0 
0 0 1010 14 0 0 0 0 0 0 14 1007 3 0 0 0 0 0 0 296 727 1 0 0 
0 0 1006 18 0 0 0 0 0 0 1 1023 0 0 0 0 0 0 0 270 754 0 0 0 
0 0 698 322 4 0 0 0 0 0 0 973 51 0 0 0 0 0 0 12 977 35 0 0 
0 0 878 143 3 0 0 0 0 0 0 1015 9 0 0 0 0 0 0 6 1010 8 0 0 
0 0 948 67 9 0 0 0 0 0 1 998 22 3 0 0 0 0 0 98 909 17 0 0 
0 0 1008 16 0 0 0 0 0 0 2 1022 0 0 0 0 0 0 0 93 931 0 0 0 
0 0 946 78 0 0 0 0 0 0 0 1024 0 0 0 0 0 0 0 4 1020 0 0 0 
0 0 876 148 0 0 0 0 0 0 2 1014 8 0 0 0 0 0 0 53 967 4 0 0 
0 0 896 113 15 0 0 0 0 0 12 987 24 1 0 0 0 0 0 146 874 4 0 0 
0 0 858 160 6 0 0 0 0 0 101 908 15 0 0 0 0 0 0 287 731 6 0 0 
0 0 752 147 37 38 35 15 0 0 285 578 62 33 34 32 0 0 0 525 385 42 39 33 
0 0 728 175 53 54 14 0 0 0 418 423 91 52 40 0 0 0 0 641 242 73 62 6 
0 0 989 33 2 0 0 0 0 0 525 488 11 0 0 0 0 0 0 793 227 4 0 0 
0 0 907 105 12 0 0 0 0 0 617 336 70 1 0 0 0 0 0 800 178 46 0 0 
0 0 899 125 0 0 0 0 0 0 723 250 51 0 0 0 0 0 0 832 170 22 0 0 
0 0 957 34 33 0 0 0 0 0 783 185 40 16 0 0 0 0 0 883 93 48 0 0 
0 1 994 29 0 0 0 0 0 0 803 211 10 0 0 0 0 0 0 871 146 7 0 0 
0 1 909 94 20 0 0 0 0 0 633 355 35 1 0 0 0 0 0 885 129 10 0 0 
0 45 828 128 21 2 0 0 0 0 503 483 20 16 2 0 0 0 5 884 107 22 6 0 
0 0 851 173 0 0 0 0 0 0 582 442 0 0 0 0 0 0 519 401 104 0 0 0 
0 0 928 96 0 0 0 0 0 0 162 862 0 0 0 0 0 0 119 157 748 0 0 0 
0 0 987 37 0 0 0 0 0 0 4 1020 0 0 0 0 0 0 0 151 873 0 0 0 
0 0 945 79 0 0 0 0 0 0 103 920 1 0 0 0 0 0 0 216 808 0 0 0 
0 5 859 160 0 0 0 0 0 0 344 671 9 0 0 0 0 0 0 398 626 0 0 0 
0 0 981 43 0 0 0 0 0 0 590 429 5 0 0 0 0 0 0 801 223 0 0 0 
0 136 877 11 0 0 0 0 0 83 656 285 0 0 0 0 0 0 382 640 2 0 0 0 
0 0 1024 0 0 0 0 0 0 0 497 527 0 0 0 0 0 0 0 1017 7 0 0 0 
0 0 1023 1 0 0 0 0 0 0 311 713 0 0 0 0 0 0 0 1012 12 0 0 0 
0 0 1024 0 0 0 0 0 0 0 227 797 0 0 0 0 0 0 0 1020 4 0 0 0 
0 0 1024 0 0 0 0 0 0 0 151 873 0 0 0 0 0 0 0 1012 12 0 0 0 
0 0 1001 23 0 0 0 0 0 0 154 870 0 0 0 0 0 0 0 996 28 0 0 0 
0 0 817 158 40 9 0 0 0 0 12 945 48 18 1 0 0 0 0 738 246 32 8 0 
0 0 864 115 26 19 0 0 0 0 3 959 32 21 9 0 0 0 0 451 519 41 13 0 
0 0 852 172 0 0 0 0 0 0 3 1021 0 0 0 0 0 0 0 465 559 0 0 0 
0 0 618 381 25 0 0 0 0 0 0 1006 18 0 0 0 0 0 0 227 797 0 0 0 
0 0 825 198 1 0 0 0 0 0 100 920 4 0 0 0 0 0 0 336 688 0 0 0 
0 0 702 304 14 4 0 0 0 0 191 812 16 4 1 0 0 0 0 629 389 4 2 0 
0 0 463 357 99 69 27 9 0 0 134 673 102 74 25 16 0 0 0 497 370 100 40 17 
0 0 47 231 61 124 151 410 0 0 1 268 63 112 138 442 0 0 0 103 208 111 197 405 
0 0 0 147 145 137 154 441 0 0 0 132 149 141 150 452 0 0 0 41 189 178 200 416 
0 0 8 301 165 87 129 334 0 0 0 298 172 87 126 341 0 0 0 139 317 108 159 301 
0 0 299 345 169 92 67 52 0 0 215 378 181 116 73 61 0 0 0 431 274 175 89 55 
0 0 938 52 17 9 6 2 0 0 884 97 25 9 6 3 0 0 1 958 39 18 5 3 
0 0 984 40 0 0 0 0 0 0 920 98 6 0 0 0 0 0 0 976 48 0 0 0 
0 9 799 214 2 0 0 0 0 0 744 196 84 0 0 0 0 0 0 800 216 8 0 0 
0 14 1010 0 0 0 0 0 0 0 1005 19 0 0 0 0 0 0 18 1005 1 0 0 0 
0 34 988 1 1 0 0 0 0 0 1011 12 1 0 0 0 0 0 58 965 1 0 0 0 
0 25 834 86 62 16 1 0 0 0 814 86 80 40 4 0 0 0 87 771 100 57 9 0 
0 80 710 107 70 40 17 0 0 0 737 123 77 63 23 1 0 0 100 709 108 74 31 2 
0 358 644 22 0 0 0 0 0 0 976 46 2 0 0 0 0 0 461 542 21 0 0 0 
0 622 340 62 0 0 0 0 0 8 925 86 5 0 0 0 0 0 592 386 46 0 0 0 
0 0 815 131 35 33 10 0 0 0 765 169 40 39 9 2 0 0 803 145 41 27 8 0 
0 0 865 159 0 0 0 0 0 0 930 94 0 0 0 0 0 0 971 53 0 0 0 0 
0 0 925 99 0 0 0 0 0 0 836 188 0 0 0 0 0 0 637 387 0 0 0 0 
0 1 658 363 2 0 0 0 0 0 536 488 0 0 0 0 0 0 145 879 0 0 0 0 
0 0 608 414 2 0 0 0 0 0 411 613 0 0 0 0 0 0 0 1022 2 0 0 0 
0 0 659 350 14 1 0 0 0 0 378 625 20 1 0 0 0 0 0 951 71 2 0 0 
0 78 626 273 40 7 0 0 0 81 485 409 42 7 0 0 0 2 322 613 79 8 0 0 
0 3 458 557 6 0 0 0 0 8 320 694 2 0 0 0 0 0 52 957 15 0 0 0 
0 0 416 587 21 0 0 0 0 0 230 774 20 0 0 0 0 0 0 962 62 0 0 0 
0 0 903 118 3 0 0 0 0 0 407 615 2 0 0 0 0 0 0 1009 15 0 0 0 
0 0 1023 1 0 0 0 0 0 0 696 328 0 0 0 0 0 0 0 1024 0 0 0 0 
0 0 701 323 0 0 0 0 0 0 339 685 0 0 0 0 0 0 0 971 53 0 0 0 
0 0 753 271 0 0 0 0 0 0 262 762 0 0 0 0 0 0 0 948 76 0 0 0 
0 0 563 461 0 0 0 0 0 0 151 873 0 0 0 0 0 0 0 913 111 0 0 0 
0 0 502 522 0 0 0 0 0 0 416 608 0 0 0 0 0 0 0 771 253 0 0 0 
0 0 860 163 1 0 0 0 0 0 848 174 2 0 0 0 0 0 0 953 71 0 0 0 
0 0 1024 0 0 0 0 0 0 0 1015 9 0 0 0 0 0 0 0 1024 0 0 0 0 
0 0 1024 0 0 0 0 0 0 0 1024 0 0 0 0 0 0 0 0 1024 0 0 0 0 
0 0 1014 10 0 0 0 0 0 0 1010 14 0 0 0 0 0 0 0 1018 6 0 0 0 
0 0 939 68 8 9 0 0 0 0 908 92 11 13 0 0 0 0 0 970 38 11 5 0 
0 0 910 75 27 9 3 0 0 0 855 127 29 10 3 0 0 0 1 966 37 17 2 1 
0 0 986 36 2 0 0 0 0 0 922 100 2 0 0 0 0 0 6 1004 13 1 0 0 
0 0 1015 8 1 0 0 0 0 0 994 28 2 0 0 0 0 0 30 990 3 1 0 0 
0 2 1007 15 0 0 0 0 0 0 995 27 2 0 0 0 0 0 64 954 6 0 0 0 
0 0 889 130 5 0 0 0 0 0 821 177 26 0 0 0 0 0 42 875 104 3 0 0 
0 87 799 136 2 0 0 0 0 0 808 203 13 0 0 0 0 0 310 594 118 2 0 0 
0 339 661 23 1 0 0 0 0 0 989 21 14 0 0 0 0 0 610 390 19 5 0 0 
0 571 279 127 46 1 0 0 0 24 765 142 88 5 0 0 0 0 573 292 117 41 1 0 
0 879 112 10 20 3 0 0 0 43 940 17 17 7 0 0 0 0 938 56 13 15 2 0 
0 908 116 0 0 0 0 0 0 187 833 4 0 0 0 0 0 0 931 93 0 0 0 0 
0 860 134 25 5 0 0 0 0 250 723 35 15 1 0 0 0 0 924 75 21 4 0 0 
0 899 95 20 9 1 0 0 0 370 609 28 16 1 0 0 0 0 908 88 21 7 0 0 
0 454 570 0 0 0 0 0 0 387 637 0 0 0 0 0 0 13 1011 0 0 0 0 0 
0 287 737 0 0 0 0 0 0 187 837 0 0 0 0 0 0 1 1023 0 0 0 0 0 
0 70 947 7 0 0 0 0 0 46 977 1 0 0 0 0 0 0 1024 0 0 0 0 0 
0 20 1000 4 0 0 0 0 0 20 998 6 0 0 0 0 0 0 1003 21 0 0 0 0 
0 0 666 358 0 0 0 0 0 0 699 325 0 0 0 0 0 0 698 326 0 0 0 0 
0 0 260 649 114 1 0 0 0 0 245 741 38 0 0 0 0 0 207 814 3 0 0 0 
0 55 488 366 103 12 0 0 0 29 440 493 62 0 0 0 0 1 133 889 1 0 0 0 
0 70 543 344 67 0 0 0 0 110 417 463 34 0 0 0 0 22 261 732 9 0 0 0 
0 0 520 481 23 0 0 0 0 0 431 578 15 0 0 0 0 0 4 1008 12 0 0 0 
0 0 810 204 10 0 0 0 0 0 738 277 9 0 0 0 0 0 0 1010 14 0 0 0 
0 0 800 182 33 9 0 0 0 0 725 252 34 13 0 0 0 0 7 953 51 13 0 0 
0 0 557 356 102 9 0 0 0 0 498 438 83 5 0 0 0 0 14 895 110 5 0 0 
0 0 516 363 123 19 3 0 0 0 461 419 117 24 3 0 0 0 1 784 206 32 1 0 
0 0 697 261 27 28 11 0 0 0 673 281 27 30 13 0 0 0 0 907 69 32 15 1 
0 0 928 96 0 0 0 0 0 0 904 119 1 0 0 0 0 0 0 1013 11 0 0 0 
0 0 837 174 12 1 0 0 0 0 841 174 9 0 0 0 0 0 0 1001 23 0 0 0 
0 0 639 381 4 0 0 0 0 0 636 380 8 0 0 0 0 0 0 893 131 0 0 0 
0 0 749 240 35 0 0 0 0 0 734 230 60 0 0 0 0 0 1 861 132 30 0 0 
0 0 1024 0 0 0 0 0 0 0 1021 3 0 0 0 0 0 0 37 987 0 0 0 0 
0 0 1024 0 0 0 0 0 0 0 1022 2 0 0 0 0 0 0 162 862 0 0 0 0 
0 11 1007 6 0 0 0 0 0 0 1016 8 0 0 0 0 0 0 354 670 0 0 0 0 
0 115 859 42 8 0 0 0 0 0 968 38 18 0 0 0 0 0 442 555 21 6 0 0 
0 360 664 0 0 0 0 0 0 1 1023 0 0 0 0 0 0 0 733 291 0 0 0 0 
0 547 405 59 13 0 0 0 0 0 921 59 44 0 0 0 0 0 736 222 56 10 0 0 
0 556 393 65 10 0 0 0 0 16 865 118 25 0 0 0 0 0 686 280 55 3 0 0 
0 819 205 0 0 0 0 0 0 31 993 0 0 0 0 0 0 0 1005 19 0 0 0 0 
0 954 70 0 0 0 0 0 0 46 978 0 0 0 0 0 0 0 1015 9 0 0 0 0 
0 931 93 0 0 0 0 0 0 246 777 1 0 0 0 0 0 0 1012 12 0 0 0 0 
0 983 41 0 0 0 0 0 0 610 408 6 0 0 0 0 0 0 1003 21 0 0 0 0 
0 944 61 19 0 0 0 0 0 897 85 42 0 0 0 0 0 0 949 56 19 0 0 0 
0 1024 0 0 0 0 0 0 0 959 65 0 0 0 0 0 0 0 1024 0 0 0 0 0 
0 1024 0 0 0 0 0 0 0 981 43 0 0 0 0 0 0 0 1024 0 0 0 0 0 
0 223 801 0 0 0 0 0 0 328 696 0 0 0 0 0 0 246 778 0 0 0 0 0 
0 343 658 16 7 0 0 0 0 479 522 16 7 0 0 0 0 139 861 17 7 0 0 0 
0 486 538 0 0 0 0 0 0 632 392 0 0 0 0 0 0 80 944 0 0 0 0 0 
0 368 656 0 0 0 0 0 0 383 641 0 0 0 0 0 0 10 1014 0 0 0 0 0 
0 28 984 12 0 0 0 0 0 67 956 1 0 0 0 0 0 0 1024 0 0 0 0 0 
0 0 1005 18 1 0 0 0 0 0 1015 9 0 0 0 0 0 0 1018 6 0 0 0 0 
0 13 524 245 233 9 0 0 0 0 617 347 60 0 0 0 0 0 696 328 0 0 0 0 
0 84 379 439 109 13 0 0 0 134 390 453 47 0 0 0 0 45 547 429 3 0 0 0 
0 0 107 842 75 0 0 0 0 0 201 794 29 0 0 0 0 0 225 788 11 0 0 0 
0 0 805 217 2 0 0 0 0 0 715 309 0 0 0 0 0 0 157 867 0 0 0 0 
0 0 915 103 6 0 0 0 0 0 909 109 6 0 0 0 0 0 23 996 5 0 0 0 
0 1 1008 15 0 0 0 0 0 0 999 25 0 0 0 0 0 0 52 972 0 0 0 0 
0 0 935 89 0 0 0 0 0 0 943 81 0 0 0 0 0 0 96 928 0 0 0 0 
0 0 262 343 306 113 0 0 0 0 353 370 293 8 0 0 0 0 36 841 147 0 0 0 
0 0 124 262 445 193 0 0 0 0 176 414 433 1 0 0 0 0 5 885 134 0 0 0 
0 0 8 263 575 176 2 0 0 0 17 499 473 35 0 0 0 0 8 662 344 10 0 0 
0 0 9 720 290 5 0 0 0 0 37 854 132 1 0 0 0 0 0 789 230 5 0 0 
0 0 105 719 193 7 0 0 0 0 227 681 109 7 0 0 0 0 5 828 179 12 0 0 
0 0 92 607 274 45 6 0 0 0 153 645 193 31 2 0 0 0 14 738 223 47 2 0 
0 0 394 392 221 17 0 0 0 0 430 430 151 13 0 0 0 0 112 766 126 20 0 0 
0 5 840 162 17 0 0 0 0 0 799 193 31 1 0 0 0 0 339 625 52 8 0 0 
0 161 398 320 145 0 0 0 0 0 449 310 247 18 0 0 0 0 298 353 259 114 0 0 
0 811 210 3 0 0 0 0 0 5 1014 5 0 0 0 0 0 0 999 23 2 0 0 0 
0 949 75 0 0 0 0 0 0 37 987 0 0 0 0 0 0 0 1004 20 0 0 0 0 
0 917 105 2 0 0 0 0 0 148 864 12 0 0 0 0 0 0 977 46 1 0 0 0 
0 902 122 0 0 0 0 0 0 178 846 0 0 0 0 0 0 0 1024 0 0 0 0 0 
0 837 175 12 0 0 0 0 0 377 626 20 1 0 0 0 0 0 954 63 7 0 0 0 
0 896 102 26 0 0 0 0 0 770 201 46 7 0 0 0 0 0 913 86 25 0 0 0 
0 1024 0 0 0 0 0 0 0 1013 11 0 0 0 0 0 0 0 1024 0 0 0 0 0 
0 1024 0 0 0 0 0 0 0 1014 10 0 0 0 0 0 0 0 1024 0 0 0 0 0 
0 991 23 10 0 0 0 0 0 970 38 15 1 0 0 0 0 0 1006 16 2 0 0 0 
9 1011 4 0 0 0 0 0 0 1012 12 0 0 0 0 0 0 0 1024 0 0 0 0 0 
0 370 654 0 0 0 0 0 0 674 350 0 0 0 0 0 0 817 207 0 0 0 0 0 
0 841 183 0 0 0 0 0 0 1005 19 0 0 0 0 0 0 851 173 0 0 0 0 0 
0 707 317 0 0 0 0 0 0 939 85 0 0 0 0 0 0 668 356 0 0 0 0 0 
0 527 497 0 0 0 0 0 0 831 193 0 0 0 0 0 0 360 664 0 0 0 0 0 
0 309 694 21 0 0 0 0 0 537 487 0 0 0 0 0 0 134 890 0 0 0 0 0 
0 0 1023 1 0 0 0 0 0 91 933 0 0 0 0 0 0 123 901 0 0 0 0 0 
0 3 855 152 14 0 0 0 0 24 864 136 0 0 0 0 0 18 995 11 0 0 0 0 
0 46 534 390 53 1 0 0 0 150 519 347 8 0 0 0 0 47 840 134 3 0 0 0 
0 0 54 626 338 4 2 0 0 0 160 812 48 4 0 0 0 0 478 523 21 2 0 0 
0 0 473 483 66 2 0 0 0 0 589 431 3 1 0 0 0 0 745 277 2 0 0 0 
0 0 388 511 111 11 3 0 0 0 481 493 41 7 2 0 0 0 438 566 16 3 1 0 
0 0 794 230 0 0 0 0 0 0 891 133 0 0 0 0 0 0 310 704 10 0 0 0 
0 0 922 102 0 0 0 0 0 0 895 129 0 0 0 0 0 0 267 756 1 0 0 0 
0 0 969 55 0 0 0 0 0 0 1002 22 0 0 0 0 0 0 310 714 0 0 0 0 
0 0 783 241 0 0 0 0 0 0 923 101 0 0 0 0 0 0 354 670 0 0 0 0 
0 0 157 617 244 6 0 0 0 0 310 671 43 0 0 0 0 0 57 939 28 0 0 0 
0 0 40 857 123 4 0 0 0 0 265 716 41 2 0 0 0 0 55 904 62 3 0 0 
0 0 30 458 459 70 6 1 0 0 108 656 239 18 2 1 0 0 63 839 106 14 2 0 
0 0 23 640 297 56 6 2 0 0 195 640 175 8 5 1 0 0 57 875 81 7 4 0 
0 0 197 432 356 39 0 0 0 0 269 543 205 7 0 0 0 0 143 814 62 5 0 0 
0 0 192 380 308 134 10 0 0 0 200 475 312 32 5 0 0 0 52 763 192 15 2 0 
0 0 61 623 291 47 2 0 0 0 30 631 304 58 1 0 0 0 3 616 328 77 0 0 
0 10 276 505 217 16 0 0 0 0 239 498 223 64 0 0 0 0 125 515 269 115 0 0 
0 39 614 311 60 0 0 0 0 1 624 253 137 9 0 0 0 0 322 467 205 30 0 0 
0 157 806 61 0 0 0 0 0 5 921 90 8 0 0 0 0 0 669 315 40 0 0 0 
0 572 452 0 0 0 0 0 0 272 750 2 0 0 0 0 0 0 977 47 0 0 0 0 
0 843 181 0 0 0 0 0 0 572 452 0 0 0 0 0 0 0 1021 3 0 0 0 0 
0 960 64 0 0 0 0 0 0 766 258 0 0 0 0 0 0 0 1023 1 0 0 0 0 
0 996 28 0 0 0 0 0 0 905 119 0 0 0 0 0 0 0 1023 1 0 0 0 0 
0 945 79 0 0 0 0 0 0 894 130 0 0 0 0 0 0 0 1024 0 0 0 0 0 
0 710 265 42 7 0 0 0 3 699 259 51 12 0 0 0 0 226 723 62 12 1 0 0 
8 589 315 90 20 2 0 0 0 568 331 97 26 2 0 0 0 111 767 114 30 2 0 0 
0 46 922 47 9 0 0 0 0 444 553 25 2 0 0 0 0 625 378 19 2 0 0 0 
0 454 440 105 25 0 0 0 0 590 311 96 25 2 0 0 0 615 318 80 11 0 0 0 
0 303 370 247 84 20 0 0 0 426 293 208 82 15 0 0 0 357 412 192 63 0 0 0 
0 458 473 60 27 6 0 0 0 654 274 64 26 6 0 0 0 501 435 67 17 4 0 0 
0 515 509 0 0 0 0 0 0 940 84 0 0 0 0 0 0 799 225 0 0 0 0 0 
0 99 925 0 0 0 0 0 0 546 478 0 0 0 0 0 0 576 448 0 0 0 0 0 
0 34 965 25 0 0 0 0 0 329 686 9 0 0 0 0 0 236 784 4 0 0 0 0 
0 230 790 4 0 0 0 0 0 664 358 2 0 0 0 0 0 180 841 3 0 0 0 0 
0 12 573 339 93 7 0 0 0 31 687 275 28 3 0 0 0 2 799 209 12 2 0 0 
0 0 154 591 269 10 0 0 0 0 329 646 46 3 0 0 0 0 591 418 14 1 0 0 
0 0 14 417 538 36 16 3 0 0 112 704 181 18 7 2 0 0 372 599 41 9 3 0 
0 0 23 265 554 179 3 0 0 0 124 505 383 10 2 0 0 0 282 718 21 3 0 0 
0 0 74 511 309 129 1 0 0 0 175 599 246 4 0 0 0 0 231 776 14 3 0 0 
0 0 429 330 205 57 3 0 0 0 523 376 113 11 1 0 0 0 352 614 53 5 0 0 
0 0 603 304 97 15 5 0 0 0 719 277 22 6 0 0 0 0 512 492 17 3 0 0 
0 0 547 417 51 9 0 0 0 0 804 188 29 3 0 0 0 0 395 605 22 2 0 0 
0 0 787 235 2 0 0 0 0 0 947 76 1 0 0 0 0 0 736 288 0 0 0 0 
0 0 779 213 29 3 0 0 0 0 877 135 12 0 0 0 0 0 760 264 0 0 0 0 
0 0 226 456 204 127 11 0 0 0 387 366 259 11 1 0 0 0 274 720 18 12 0 0 
0 0 466 197 163 162 36 0 0 0 513 241 226 41 3 0 0 0 429 462 106 27 0 0 
0 0 560 239 168 50 7 0 0 0 592 273 134 25 0 0 0 0 502 436 78 8 0 0 
0 1 418 305 216 81 3 0 0 0 429 355 204 35 1 0 0 0 377 457 172 18 0 0 
0 91 226 369 286 52 0 0 0 10 401 361 225 27 0 0 0 0 345 468 195 16 0 0 
0 328 351 285 49 9 2 0 0 117 585 266 46 8 2 0 0 0 668 299 49 7 1 0 
0 87 810 62 21 30 14 0 0 0 891 68 22 30 13 0 0 0 814 146 23 39 2 0 
0 141 373 259 119 89 38 5 0 2 531 262 103 86 40 0 0 0 508 297 136 58 25 0 
0 265 455 222 76 6 0 0 0 46 653 258 65 2 0 0 0 0 547 426 50 1 0 0 
0 541 216 97 86 66 17 1 0 362 375 119 86 65 16 1 0 0 723 139 97 58 7 0 
0 913 111 0 0 0 0 0 0 852 172 0 0 0 0 0 0 7 1017 0 0 0 0 0 
2 908 106 8 0 0 0 0 0 882 133 9 0 0 0 0 0 159 846 19 0 0 0 0 
61 923 38 2 0 0 0 0 45 937 40 2 0 0 0 0 2 580 440 2 0 0 0 0 
31 806 156 31 0 0 0 0 45 785 152 42 0 0 0 0 19 656 293 55 1 0 0 0 
0 81 907 35 1 0 0 0 0 525 482 16 1 0 0 0 0 652 360 11 1 0 0 0 
0 319 705 0 0 0 0 0 0 885 139 0 0 0 0 0 0 896 128 0 0 0 0 0 
0 759 157 66 39 3 0 0 0 875 59 63 23 4 0 0 0 861 90 63 10 0 0 0 
0 395 453 148 28 0 0 0 0 560 321 131 12 0 0 0 0 517 424 80 3 0 0 0 
0 180 819 24 1 0 0 0 0 715 300 8 1 0 0 0 0 865 151 8 0 0 0 0 
0 63 942 19 0 0 0 0 0 626 391 7 0 0 0 0 0 805 215 4 0 0 0 0 
0 132 873 18 1 0 0 0 0 563 452 9 0 0 0 0 0 695 324 5 0 0 0 0 
0 618 406 0 0 0 0 0 0 898 126 0 0 0 0 0 0 669 355 0 0 0 0 0 
0 315 709 0 0 0 0 0 0 623 401 0 0 0 0 0 0 254 770 0 0 0 0 0 
0 30 689 258 38 9 0 0 0 124 699 170 28 3 0 0 0 26 851 127 19 1 0 0 
0 0 309 680 28 6 1 0 0 3 750 255 13 2 1 0 0 1 897 114 10 2 0 0 
0 0 190 719 66 21 20 8 0 0 622 333 25 19 18 7 0 0 782 185 23 24 10 0 
0 0 47 928 40 9 0 0 0 0 505 502 11 6 0 0 0 0 834 177 9 4 0 0 
0 0 100 731 178 13 2 0 0 0 226 772 16 10 0 0 0 0 738 267 14 5 0 0 
0 0 222 634 154 13 1 0 0 0 542 451 28 3 0 0 0 0 733 276 12 3 0 0 
0 0 85 693 197 27 14 8 0 0 431 515 50 19 5 4 0 0 440 532 33 15 4 0 
0 0 43 699 241 32 8 1 0 0 308 646 53 14 3 0 0 0 427 554 36 7 0 0 
0 0 92 601 316 13 2 0 0 0 394 585 40 5 0 0 0 0 447 554 19 4 0 0 
0 0 33 696 253 39 1 2 0 0 285 613 122 2 0 2 0 0 354 631 37 0 1 1 
0 1 403 498 118 4 0 0 0 0 590 403 31 0 0 0 0 0 579 440 5 0 0 0 
0 5 640 337 42 0 0 0 0 0 686 326 12 0 0 0 0 0 662 349 13 0 0 0 
0 0 587 427 8 2 0 0 0 0 647 368 8 1 0 0 0 0 505 509 10 0 0 0 
0 253 566 203 2 0 0 0 0 13 795 215 1 0 0 0 0 0 658 364 2 0 0 0 
0 630 392 2 0 0 0 0 0 98 922 4 0 0 0 0 0 0 988 36 0 0 0 0 
0 749 274 1 0 0 0 0 0 281 741 2 0 0 0 0 0 0 1017 7 0 0 0 0 
0 240 782 2 0 0 0 0 0 8 1012 4 0 0 0 0 0 0 1010 14 0 0 0 0 
0 371 630 23 0 0 0 0 0 195 787 39 3 0 0 0 0 0 941 78 5 0 0 0 
0 539 357 115 13 0 0 0 0 525 310 159 30 0 0 0 0 84 676 224 40 0 0 0 
0 692 222 79 31 0 0 0 0 657 227 75 64 1 0 0 0 83 772 91 77 1 0 0 
6 644 296 62 16 0 0 0 9 681 234 74 26 0 0 0 0 559 348 81 36 0 0 0 
12 836 157 19 0 0 0 0 45 816 137 24 2 0 0 0 4 680 309 29 2 0 0 0 
95 886 43 0 0 0 0 0 80 897 47 0 0 0 0 0 18 790 207 9 0 0 0 0 
0 267 666 87 4 0 0 0 0 658 294 70 2 0 0 0 0 766 211 45 2 0 0 0 
0 572 443 9 0 0 0 0 0 900 117 7 0 0 0 0 0 954 65 5 0 0 0 0 
0 726 278 14 6 0 0 0 1 941 66 12 4 0 0 0 0 941 72 8 3 0 0 0 
0 794 230 0 0 0 0 0 15 952 57 0 0 0 0 0 0 974 50 0 0 0 0 0 
0 36 937 51 0 0 0 0 0 489 535 0 0 0 0 0 0 679 345 0 0 0 0 0 
0 26 957 31 10 0 0 0 0 349 646 22 7 0 0 0 0 748 253 21 2 0 0 0 
0 17 991 15 1 0 0 0 0 238 779 7 0 0 0 0 0 785 234 5 0 0 0 0 
0 245 769 10 0 0 0 0 0 439 585 0 0 0 0 0 0 612 412 0 0 0 0 0 
0 266 757 1 0 0 0 0 0 673 351 0 0 0 0 0 0 373 651 0 0 0 0 0 
0 268 756 0 0 0 0 0 0 681 343 0 0 0 0 0 0 260 764 0 0 0 0 0 
0 23 700 278 23 0 0 0 0 95 734 195 0 0 0 0 0 44 955 25 0 0 0 0 
0 0 243 747 34 0 0 0 0 6 433 585 0 0 0 0 0 4 966 54 0 0 0 0 
0 0 5 940 79 0 0 0 0 0 328 690 6 0 0 0 0 0 908 111 5 0 0 0 
0 0 74 938 12 0 0 0 0 0 480 544 0 0 0 0 0 0 925 99 0 0 0 0 
0 0 64 847 113 0 0 0 0 0 271 752 1 0 0 0 0 0 959 64 1 0 0 0 
0 0 30 770 223 1 0 0 0 0 311 685 27 1 0 0 0 0 741 279 4 0 0 0 
0 0 9 932 83 0 0 0 0 0 226 796 2 0 0 0 0 0 818 204 2 0 0 0 
0 0 8 886 130 0 0 0 0 0 162 862 0 0 0 0 0 0 795 229 0 0 0 0 
0 0 24 706 289 5 0 0 0 0 140 875 9 0 0 0 0 0 745 276 3 0 0 0 
0 0 7 830 185 2 0 0 0 0 90 920 12 2 0 0 0 0 766 247 9 2 0 0 
0 0 403 582 39 0 0 0 0 5 490 525 4 0 0 0 0 0 889 134 1 0 0 0 
0 1 911 106 6 0 0 0 0 23 927 72 2 0 0 0 0 0 966 58 0 0 0 0 
0 8 517 361 137 1 0 0 0 1 577 414 32 0 0 0 0 0 627 383 14 0 0 0 
0 75 744 186 19 0 0 0 0 42 748 213 21 0 0 0 0 0 730 276 18 0 0 0 
0 533 436 55 0 0 0 0 0 416 544 63 1 0 0 0 0 0 941 72 11 0 0 0 
0 454 570 0 0 0 0 0 0 314 710 0 0 0 0 0 0 1 1023 0 0 0 0 0 
0 257 767 0 0 0 0 0 0 169 855 0 0 0 0 0 0 0 1024 0 0 0 0 0 
0 19 421 311 201 65 7 0 0 22 381 310 253 54 4 0 0 0 380 365 241 38 0 0 
0 237 404 168 140 69 6 0 0 275 370 151 162 60 6 0 0 242 398 177 175 32 0 0 
0 247 354 270 131 22 0 0 1 271 311 311 117 13 0 0 0 228 348 350 92 6 0 0 
15 541 336 117 15 0 0 0 35 513 311 127 36 2 0 0 0 382 432 161 49 0 0 0 
156 609 194 63 2 0 0 0 162 605 169 82 6 0 0 0 25 581 314 98 6 0 0 0 
0 345 678 1 0 0 0 0 0 870 154 0 0 0 0 0 10 931 83 0 0 0 0 0 
0 432 548 44 0 0 0 0 0 732 262 30 0 0 0 0 0 806 205 13 0 0 0 0 
0 925 99 0 0 0 0 0 7 1017 0 0 0 0 0 0 0 1024 0 0 0 0 0 0 
0 459 565 0 0 0 0 0 3 990 31 0 0 0 0 0 0 1024 0 0 0 0 0 0 
0 155 838 31 0 0 0 0 0 702 307 15 0 0 0 0 0 801 216 7 0 0 0 0 
0 35 894 93 2 0 0 0 0 427 568 29 0 0 0 0 0 688 323 13 0 0 0 0 
0 11 295 246 265 135 38 34 0 33 323 215 249 129 41 34 0 127 308 220 231 93 35 10 
0 24 800 200 0 0 0 0 0 180 830 12 2 0 0 0 0 288 725 9 2 0 0 0 
0 42 601 377 4 0 0 0 0 117 883 20 4 0 0 0 0 124 893 7 0 0 0 0 
0 45 705 169 23 15 16 51 0 148 726 51 18 16 19 46 0 201 711 24 16 17 18 37 
0 74 914 31 5 0 0 0 0 324 672 22 6 0 0 0 0 293 717 13 1 0 0 0 
0 27 919 78 0 0 0 0 0 201 811 12 0 0 0 0 0 122 902 0 0 0 0 0 
0 41 765 164 44 8 2 0 0 166 755 84 13 6 0 0 0 41 922 48 10 3 0 0 
0 0 613 368 41 2 0 0 0 25 836 152 10 1 0 0 0 2 942 72 8 0 0 0 
0 0 59 922 41 2 0 0 0 0 371 650 3 0 0 0 0 0 960 62 2 0 0 0 
0 0 15 921 88 0 0 0 0 0 367 657 0 0 0 0 0 0 968 56 0 0 0 0 
0 0 76 789 152 4 3 0 0 0 340 629 49 6 0 0 0 0 785 214 22 3 0 0 
0 0 235 787 2 0 0 0 0 0 786 237 1 0 0 0 0 0 988 35 1 0 0 0 
0 0 142 828 54 0 0 0 0 1 557 453 13 0 0 0 0 1 755 266 2 0 0 0 
0 0 319 641 62 2 0 0 0 0 554 432 37 1 0 0 0 0 752 243 29 0 0 0 
0 28 366 586 44 0 0 0 0 46 483 491 4 0 0 0 0 2 920 100 2 0 0 0 
0 6 463 543 12 0 0 0 0 29 573 422 0 0 0 0 0 8 996 20 0 0 0 0 
0 0 470 466 88 0 0 0 0 12 654 352 6 0 0 0 0 2 870 148 4 0 0 0 
0 5 429 474 103 11 2 0 0 3 566 404 39 12 0 0 0 0 675 314 29 6 0 0 
0 233 665 119 7 0 0 0 0 121 806 94 3 0 0 0 0 0 938 85 1 0 0 0 
0 293 405 201 111 14 0 0 0 248 492 184 90 10 0 0 0 2 754 192 71 5 0 0 
0 27 230 284 339 119 25 0 0 14 263 370 281 76 20 0 0 0 376 435 169 43 1 0 
0 0 41 302 473 182 26 0 0 0 54 511 326 115 18 0 0 0 106 627 217 73 1 0 
0 22 439 269 164 120 10 0 0 70 420 286 144 100 4 0 0 78 432 317 152 45 0 0 
0 111 519 339 53 2 0 0 19 101 489 350 62 3 0 0 5 110 420 418 70 1 0 0 
31 645 269 79 0 0 0 0 99 604 219 99 3 0 0 0 27 584 257 144 12 0 0 0 
79 683 176 71 14 1 0 0 194 608 141 54 26 1 0 0 103 651 190 64 15 1 0 0 
0 472 490 60 2 0 0 0 8 679 290 47 0 0 0 0 35 711 242 36 0 0 0 0 
0 315 659 49 1 0 0 0 0 660 324 38 2 0 0 0 0 780 223 21 0 0 0 0 
2 215 722 85 0 0 0 0 9 467 480 68 0 0 0 0 15 637 334 38 0 0 0 0 
0 32 939 51 2 0 0 0 0 443 551 30 0 0 0 0 0 669 335 20 0 0 0 0 
0 11 882 130 1 0 0 0 0 247 697 79 1 0 0 0 0 475 516 33 0 0 0 0 
0 18 894 104 6 2 0 0 0 481 501 39 3 0 0 0 0 658 351 13 2 0 0 0 
0 0 209 309 184 238 84 0 0 0 281 286 157 230 69 1 0 18 324 268 157 222 35 0 
0 6 101 105 127 190 328 167 0 13 90 99 126 182 335 179 0 15 109 114 139 241 393 13 
0 7 408 110 81 61 149 208 0 11 454 70 76 66 130 217 0 11 476 77 79 71 242 68 
0 0 256 196 127 120 132 193 0 8 337 162 90 130 117 180 0 37 388 115 98 148 139 99 
0 131 498 100 44 60 69 122 0 222 404 90 41 63 73 131 0 155 504 77 44 65 87 92 
0 27 437 502 20 10 13 15 0 75 734 155 14 14 10 22 0 62 880 30 14 13 11 14 
0 24 765 235 0 0 0 0 0 126 881 17 0 0 0 0 0 144 880 0 0 0 0 0 
0 0 621 403 0 0 0 0 0 28 927 69 0 0 0 0 0 32 992 0 0 0 0 0 
0 0 630 384 10 0 0 0 0 67 858 99 0 0 0 0 0 76 894 54 0 0 0 0 
0 0 312 660 49 3 0 0 0 0 597 416 11 0 0 0 0 4 797 214 9 0 0 0 
0 0 170 568 243 32 11 0 0 4 356 563 76 22 3 0 0 5 662 308 38 9 2 0 
0 0 130 718 154 20 2 0 0 0 446 512 54 12 0 0 0 0 740 247 31 6 0 0 
0 0 80 781 161 2 0 0 0 1 312 693 18 0 0 0 0 1 848 173 2 0 0 0 
0 0 123 617 242 39 3 0 0 2 271 636 86 29 0 0 0 1 632 313 60 18 0 0 
0 7 306 542 122 46 1 0 0 18 402 460 105 38 1 0 0 5 669 229 103 17 1 0 
0 1 341 589 64 28 1 0 0 17 502 438 39 28 0 0 0 13 873 85 39 14 0 0 
0 186 661 169 8 0 0 0 11 341 586 82 4 0 0 0 19 358 610 33 4 0 0 0 
0 0 502 438 83 1 0 0 0 0 703 306 13 2 0 0 0 1 813 203 7 0 0 0 
0 0 314 390 280 40 0 0 0 0 416 491 99 18 0 0 0 1 613 360 46 4 0 0 
0 0 125 422 411 59 7 0 0 0 230 628 131 33 2 0 0 0 572 349 84 19 0 0 
0 0 149 640 218 17 0 0 0 0 217 759 42 6 0 0 0 0 723 282 18 1 0 0 
0 0 279 681 52 9 3 0 0 0 499 488 29 8 0 0 0 0 762 237 21 4 0 0 
0 154 741 124 5 0 0 0 0 195 733 92 4 0 0 0 0 156 719 142 7 0 0 0 
0 396 575 53 0 0 0 0 19 438 506 61 0 0 0 0 6 367 566 85 0 0 0 0 
9 365 557 93 0 0 0 0 60 365 480 119 0 0 0 0 3 356 504 161 0 0 0 0 
196 537 275 16 0 0 0 0 229 526 250 19 0 0 0 0 22 668 289 45 0 0 0 0 
1 362 524 110 27 0 0 0 22 433 445 94 29 1 0 0 43 457 434 70 20 0 0 0 
0 335 578 109 2 0 0 0 15 481 441 85 2 0 0 0 36 534 395 59 0 0 0 0 
7 465 445 105 2 0 0 0 50 570 320 82 2 0 0 0 107 580 282 54 1 0 0 0 
0 112 608 273 31 0 0 0 10 254 512 230 18 0 0 0 14 323 509 170 8 0 0 0 
0 103 795 122 4 0 0 0 0 381 554 85 4 0 0 0 3 458 506 56 1 0 0 0 
0 156 813 52 3 0 0 0 0 560 433 28 3 0 0 0 0 698 304 22 0 0 0 0 
0 10 584 270 72 45 42 1 0 122 579 185 58 37 43 0 0 187 573 147 54 41 22 0 
0 0 652 251 48 31 38 4 0 4 816 104 35 24 34 7 0 14 839 79 31 24 37 0 
0 1 638 217 62 40 53 13 0 8 757 104 61 30 36 28 0 1 793 85 60 33 49 3 
0 1 826 160 19 8 9 1 0 45 874 79 11 12 3 0 0 17 925 61 8 11 2 0 
0 19 446 161 78 64 66 190 0 147 380 114 78 64 66 175 0 75 478 108 79 58 80 146 
0 3 375 85 45 51 105 360 0 20 398 56 41 48 108 353 0 19 411 52 36 68 129 309 
0 12 412 149 100 92 123 136 0 48 408 129 90 82 109 158 0 31 455 120 80 98 136 104 
0 0 536 88 45 64 126 165 0 3 561 50 47 73 117 173 0 2 585 50 42 109 130 106 
0 40 810 52 32 73 14 3 0 221 639 34 48 65 17 0 0 89 777 40 65 45 8 0 
0 47 786 191 0 0 0 0 0 230 784 10 0 0 0 0 0 143 881 0 0 0 0 0 
0 0 873 146 5 0 0 0 0 8 965 48 3 0 0 0 0 54 935 33 2 0 0 0 
0 0 605 394 20 3 2 0 0 8 788 215 8 4 1 0 0 51 895 70 5 3 0 0 
0 3 564 396 47 13 1 0 0 4 736 240 32 12 0 0 0 9 851 125 32 7 0 0 
0 90 514 360 53 7 0 0 0 209 623 177 13 2 0 0 0 103 874 40 7 0 0 0 
0 0 211 763 44 5 1 0 0 2 599 412 8 3 0 0 0 7 958 51 5 3 0 0 
0 64 383 553 23 1 0 0 0 239 480 300 5 0 0 0 0 341 671 10 2 0 0 0 
0 413 490 118 2 1 0 0 6 636 330 49 3 0 0 0 25 729 264 3 3 0 0 0 
0 0 97 924 3 0 0 0 0 5 751 266 2 0 0 0 0 16 989 19 0 0 0 0 
0 0 417 533 60 14 0 0 0 33 676 275 34 6 0 0 0 21 845 128 29 1 0 0 
0 3 335 447 217 22 0 0 0 33 490 417 78 6 0 0 0 14 710 262 36 2 0 0 
0 93 277 226 399 29 0 0 0 159 305 440 107 13 0 0 0 139 463 386 33 3 0 0 
0 51 399 288 254 31 1 0 0 162 361 358 126 17 0 0 0 120 503 351 48 2 0 0 
0 102 547 243 117 15 0 0 0 138 578 229 72 7 0 0 0 66 704 222 32 0 0 0 
32 362 619 11 0 0 0 0 214 284 518 8 0 0 0 0 87 301 618 18 0 0 0 0 
65 478 423 57 1 0 0 0 102 486 361 74 1 0 0 0 61 448 435 77 3 0 0 0 
33 393 355 193 50 0 0 0 99 346 311 201 67 0 0 0 105 283 344 218 74 0 0 0 
63 578 303 76 4 0 0 0 210 478 248 73 15 0 0 0 214 510 219 76 5 0 0 0 
171 577 252 24 0 0 0 0 398 448 160 18 0 0 0 0 399 480 134 11 0 0 0 0 
86 620 304 14 0 0 0 0 275 524 217 8 0 0 0 0 301 544 175 4 0 0 0 0 
10 307 578 114 15 0 0 0 72 404 433 102 13 0 0 0 93 436 403 82 10 0 0 0 
0 290 644 88 2 0 0 0 0 459 502 61 2 0 0 0 2 510 468 43 1 0 0 0 
0 408 518 84 14 0 0 0 7 700 247 55 14 1 0 0 7 745 217 47 8 0 0 0 
0 20 960 42 2 0 0 0 0 442 570 12 0 0 0 0 0 666 350 8 0 0 0 0 
0 46 880 80 17 1 0 0 0 172 789 48 13 2 0 0 0 314 671 32 7 0 0 0 
0 1 1023 0 0 0 0 0 0 155 869 0 0 0 0 0 0 226 798 0 0 0 0 0 
0 202 822 0 0 0 0 0 2 391 631 0 0 0 0 0 0 371 653 0 0 0 0 0 
0 445 579 0 0 0 0 0 2 851 171 0 0 0 0 0 0 692 332 0 0 0 0 0 
0 128 880 15 1 0 0 0 0 568 450 5 1 0 0 0 0 446 572 5 1 0 0 0 
0 12 687 90 32 25 109 69 0 103 644 56 23 24 126 48 0 65 693 54 23 28 140 21 
0 0 38 83 62 89 256 496 0 0 50 76 61 86 256 495 0 0 70 68 71 108 425 282 
0 0 153 185 117 82 111 376 0 0 191 161 102 80 93 397 0 2 241 138 103 89 178 273 
0 5 523 79 54 49 98 216 0 146 386 68 55 53 92 224 0 31 531 54 57 72 179 100 
0 3 1002 8 4 3 4 0 0 428 573 8 5 4 2 4 0 180 822 9 6 3 1 3 
0 538 485 1 0 0 0 0 0 824 200 0 0 0 0 0 0 838 186 0 0 0 0 0 
0 535 489 0 0 0 0 0 2 758 264 0 0 0 0 0 0 810 214 0 0 0 0 0 
0 363 657 4 0 0 0 0 5 541 478 0 0 0 0 0 0 588 436 0 0 0 0 0 
0 75 939 10 0 0 0 0 0 336 688 0 0 0 0 0 0 387 637 0 0 0 0 0 
0 253 666 96 7 2 0 0 11 537 427 40 7 2 0 0 4 645 341 26 6 2 0 0 
0 529 400 73 17 5 0 0 44 674 232 55 15 4 0 0 86 674 200 47 13 4 0 0 
0 160 550 310 4 0 0 0 12 244 744 20 4 0 0 0 36 313 659 13 3 0 0 0 
0 52 555 411 6 0 0 0 0 125 836 62 1 0 0 0 0 137 872 15 0 0 0 0 
0 122 756 146 0 0 0 0 0 297 726 1 0 0 0 0 0 338 686 0 0 0 0 0 
1 167 731 122 3 0 0 0 39 256 707 22 0 0 0 0 30 320 659 15 0 0 0 0 
3 322 661 37 1 0 0 0 102 394 502 26 0 0 0 0 116 339 543 25 1 0 0 0 
6 588 353 77 0 0 0 0 25 743 178 78 0 0 0 0 4 699 243 78 0 0 0 0 
67 740 209 8 0 0 0 0 295 550 166 13 0 0 0 0 119 692 193 20 0 0 0 0 
67 556 335 66 0 0 0 0 148 475 302 99 0 0 0 0 69 501 334 119 1 0 0 0 
64 599 311 44 6 0 0 0 117 585 267 47 7 1 0 0 108 571 292 48 5 0 0 0 
78 557 245 107 36 1 0 0 256 420 205 92 41 10 0 0 263 417 218 93 32 1 0 0 
189 609 141 67 18 0 0 0 431 395 109 67 22 0 0 0 443 394 110 63 14 0 0 0 
59 535 359 67 4 0 0 0 217 447 293 63 4 0 0 0 212 486 282 41 3 0 0 0 
2 579 385 46 12 0 0 0 111 607 257 38 11 0 0 0 105 639 244 30 6 0 0 0 
0 779 245 0 0 0 0 0 14 944 66 0 0 0 0 0 29 947 48 0 0 0 0 0 
0 456 557 11 0 0 0 0 2 914 103 5 0 0 0 0 15 928 77 4 0 0 0 0 
0 24 904 80 16 0 0 0 0 537 441 31 15 0 0 0 0 721 269 28 6 0 0 0 
0 72 785 141 20 5 1 0 0 183 711 108 19 3 0 0 0 443 493 71 15 2 0 0 
0 0 908 116 0 0 0 0 0 54 937 33 0 0 0 0 0 224 787 13 0 0 0 0 
0 98 822 96 8 0 0 0 5 215 742 55 7 0 0 0 0 275 715 29 5 0 0 0 
0 178 751 69 26 0 0 0 6 459 456 70 27 6 0 0 0 466 463 64 31 0 0 0 
0 106 798 33 16 13 34 24 0 424 481 31 12 13 29 34 0 376 543 22 14 16 50 3 
0 0 396 71 45 55 254 203 0 29 382 59 49 55 268 182 0 0 431 55 52 60 408 18 
0 0 40 41 47 47 402 447 0 0 51 40 45 48 392 448 0 0 54 42 42 53 521 312 
0 0 0 15 47 37 122 803 0 0 0 13 50 37 123 801 0 0 0 17 49 39 172 747 
0 0 22 68 42 117 306 469 0 0 45 46 33 111 271 518 0 0 41 51 33 122 394 383 
0 0 63 61 48 30 151 671 0 2 67 49 38 36 81 751 0 5 71 50 43 39 349 467 
0 138 503 101 58 39 62 123 0 310 352 87 50 38 59 128 0 290 390 81 52 42 84 85 
2 267 686 55 13 1 0 0 5 577 385 44 12 1 0 0 1 565 412 38 8 0 0 0 
0 303 718 3 0 0 0 0 4 646 373 1 0 0 0 0 0 681 342 1 0 0 0 0 
0 163 803 39 18 1 0 0 13 502 452 39 18 0 0 0 23 571 380 33 17 0 0 0 
0 408 520 73 23 0 0 0 24 641 283 54 22 0 0 0 41 649 261 53 20 0 0 0 
0 591 339 63 30 1 0 0 19 711 208 57 28 1 0 0 64 686 196 51 27 0 0 0 
0 385 596 42 1 0 0 0 10 558 428 27 1 0 0 0 23 620 362 19 0 0 0 0 
0 189 831 4 0 0 0 0 2 417 604 1 0 0 0 0 0 379 644 1 0 0 0 0 
5 461 558 0 0 0 0 0 44 598 382 0 0 0 0 0 0 564 460 0 0 0 0 0 
8 547 442 18 7 2 0 0 77 633 286 16 12 0 0 0 81 578 341 14 10 0 0 0 
20 367 498 138 1 0 0 0 93 332 452 146 1 0 0 0 81 346 437 160 0 0 0 0 
1 235 657 130 1 0 0 0 27 270 587 139 1 0 0 0 3 260 601 156 4 0 0 0 
147 531 270 55 21 0 0 0 328 399 217 53 25 2 0 0 243 477 222 60 22 0 0 0 
114 569 276 60 5 0 0 0 254 465 243 56 6 0 0 0 210 498 249 63 4 0 0 0 
94 530 367 33 0 0 0 0 202 579 215 28 0 0 0 0 174 607 203 40 0 0 0 0 
138 480 257 117 26 6 0 0 289 358 204 127 35 9 2 0 258 389 234 105 32 6 0 0 
204 559 171 71 19 0 0 0 448 330 153 66 23 4 0 0 470 337 149 50 18 0 0 0 
203 607 183 31 0 0 0 0 411 455 129 29 0 0 0 0 432 449 125 18 0 0 0 0 
139 565 301 19 0 0 0 0 301 485 211 26 1 0 0 0 324 489 197 14 0 0 0 0 
0 799 211 12 2 0 0 0 39 904 67 13 1 0 0 0 106 850 59 9 0 0 0 0 
0 392 585 44 3 0 0 0 3 785 209 23 4 0 0 0 8 837 162 14 3 0 0 0 
0 65 913 46 0 0 0 0 0 728 269 27 0 0 0 0 0 814 197 13 0 0 0 0 
0 10 838 165 11 0 0 0 0 335 577 103 9 0 0 0 0 557 395 68 4 0 0 0 
0 29 913 80 2 0 0 0 0 190 791 37 6 0 0 0 0 294 708 21 1 0 0 0 
0 4 536 266 81 66 58 13 0 15 615 187 75 64 62 6 0 55 651 132 68 68 50 0 
0 0 55 19 44 74 754 78 0 7 39 33 31 83 722 109 0 4 51 36 42 128 763 0 
0 0 37 21 37 247 507 175 0 3 32 23 47 232 504 183 0 2 37 39 62 266 609 9 
0 0 14 283 282 253 167 25 0 0 92 328 231 215 143 15 0 0 167 334 218 181 124 0 
0 0 129 555 165 82 79 14 0 0 389 380 112 54 72 17 0 0 486 307 94 62 71 4 
0 0 0 6 63 42 703 210 0 0 0 24 52 40 646 262 0 0 1 31 48 46 868 30 
0 0 0 0 0 158 790 76 0 0 0 0 0 60 844 120 0 0 0 0 0 32 987 5 
0 0 97 191 145 229 312 50 0 0 176 145 119 229 284 71 0 0 188 127 123 227 353 6 
0 8 824 112 39 15 20 6 0 273 575 97 38 17 21 3 0 276 578 91 38 18 23 0 
0 132 889 3 0 0 0 0 17 489 518 0 0 0 0 0 0 699 325 0 0 0 0 0 
0 213 759 46 6 0 0 0 3 504 484 32 1 0 0 0 0 609 394 20 1 0 0 0 
0 56 896 69 3 0 0 0 0 451 536 37 0 0 0 0 0 530 465 29 0 0 0 0 
0 573 403 47 1 0 0 0 2 771 222 28 1 0 0 0 24 778 198 24 0 0 0 0 
0 567 388 52 13 4 0 0 53 734 189 33 11 3 1 0 73 715 198 27 8 3 0 0 
2 601 347 68 6 0 0 0 96 643 229 53 3 0 0 0 135 659 183 46 1 0 0 0 
2 568 346 70 33 5 0 0 39 662 217 68 33 5 0 0 35 657 235 65 29 3 0 0 
69 653 190 102 10 0 0 0 190 584 142 92 16 0 0 0 148 579 192 97 8 0 0 0 
73 686 195 70 0 0 0 0 344 439 160 81 0 0 0 0 277 501 159 82 5 0 0 0 
44 711 208 61 0 0 0 0 224 579 149 72 0 0 0 0 206 585 157 76 0 0 0 0 
78 665 226 49 6 0 0 0 190 588 185 55 6 0 0 0 101 628 224 62 9 0 0 0 
192 649 182 1 0 0 0 0 336 532 153 3 0 0 0 0 289 547 180 8 0 0 0 0 
70 479 357 106 12 0 0 0 119 449 320 123 13 0 0 0 103 467 338 101 15 0 0 0 
29 524 358 103 10 0 0 0 45 542 295 125 17 0 0 0 31 562 309 110 12 0 0 0 
