0 12 1012 0 0 0 0 0 0 0 0 282 742 0 0 0 0 0 0 0 0 0 799 225 
0 3 978 43 0 0 0 0 0 0 0 15 991 18 0 0 0 0 0 0 0 0 591 433 
0 0 480 377 146 21 0 0 0 0 0 0 609 382 33 0 0 0 0 0 0 0 121 903 
0 0 945 79 0 0 0 0 0 0 0 0 989 35 0 0 0 0 0 0 0 0 30 994 
0 0 568 456 0 0 0 0 0 0 0 0 874 150 0 0 0 0 0 0 0 0 2 1022 
0 0 617 320 87 0 0 0 0 0 0 0 658 366 0 0 0 0 0 0 0 0 0 1024 
0 0 903 121 0 0 0 0 0 0 0 0 914 110 0 0 0 0 0 0 0 0 0 1024 
0 0 746 278 0 0 0 0 0 0 0 0 726 298 0 0 0 0 0 0 0 0 0 1024 
0 0 199 823 2 0 0 0 0 0 0 0 320 704 0 0 0 0 0 0 0 0 0 1024 
0 0 0 333 627 64 0 0 0 0 0 0 0 851 173 0 0 0 0 0 0 0 0 1024 
0 0 0 0 221 749 54 0 0 0 0 0 0 64 960 0 0 0 0 0 0 0 0 1024 
0 0 0 137 789 98 0 0 0 0 0 0 0 681 343 0 0 0 0 0 0 0 0 1024 
0 0 0 835 189 0 0 0 0 0 0 0 0 1022 2 0 0 0 0 0 0 0 0 1024 
0 0 0 885 139 0 0 0 0 0 0 0 0 1024 0 0 0 0 0 0 0 0 0 1024 
0 0 0 746 271 7 0 0 0 0 0 0 0 997 27 0 0 0 0 0 0 0 0 1024 
0 0 0 998 26 0 0 0 0 0 0 0 0 1021 3 0 0 0 0 0 0 0 0 1024 
0 0 0 522 382 113 7 0 0 0 0 0 0 838 186 0 0 0 0 0 0 0 0 1024 
0 0 0 2 303 442 244 33 0 0 0 0 0 177 673 174 0 0 0 0 0 0 0 1024 
0 0 0 0 0 51 228 745 0 0 0 0 0 0 95 929 0 0 0 0 0 0 0 1024 
0 0 0 0 42 143 346 493 0 0 0 0 0 0 251 773 0 0 0 0 0 0 0 1024 
0 0 0 0 0 24 536 464 0 0 0 0 0 0 73 951 0 0 0 0 0 0 0 1024 
0 0 0 0 0 0 0 1024 0 0 0 0 0 0 0 1024 0 0 0 0 0 0 0 1024 
0 0 0 0 0 0 0 1024 0 0 0 0 0 0 0 1024 0 0 0 0 0 0 0 1024 
0 0 0 4 5 6 6 1003 0 0 0 2 4 4 10 1004 0 0 0 2 4 3 10 1005 
0 343 136 24 34 18 23 446 0 247 225 23 30 24 25 450 0 10 435 48 22 28 27 454 
0 988 36 0 0 0 0 0 0 936 88 0 0 0 0 0 0 320 704 0 0 0 0 0 
19 997 8 0 0 0 0 0 12 1004 8 0 0 0 0 0 0 948 76 0 0 0 0 0 
357 667 0 0 0 0 0 0 208 816 0 0 0 0 0 0 0 1024 0 0 0 0 0 0 
212 812 0 0 0 0 0 0 89 935 0 0 0 0 0 0 0 1014 10 0 0 0 0 0 
193 831 0 0 0 0 0 0 94 930 0 0 0 0 0 0 0 1013 11 0 0 0 0 0 
171 853 0 0 0 0 0 0 124 900 0 0 0 0 0 0 0 1017 7 0 0 0 0 0 
462 562 0 0 0 0 0 0 428 596 0 0 0 0 0 0 0 1020 4 0 0 0 0 0 
0 22 1002 0 0 0 0 0 0 0 0 90 934 0 0 0 0 0 0 0 0 0 553 471 
0 0 1012 12 0 0 0 0 0 0 0 0 1022 2 0 0 0 0 0 0 0 0 146 878 
0 0 820 204 0 0 0 0 0 0 0 0 924 100 0 0 0 0 0 0 0 0 2 1022 
0 0 816 204 4 0 0 0 0 0 0 0 912 112 0 0 0 0 0 0 0 0 0 1024 
0 0 19 699 224 82 0 0 0 0 0 0 145 763 116 0 0 0 0 0 0 0 0 1024 
0 0 70 515 165 274 0 0 0 0 0 0 101 596 327 0 0 0 0 0 0 0 0 1024 
0 0 85 882 57 0 0 0 0 0 0 0 55 956 13 0 0 0 0 0 0 0 0 1024 
0 0 109 915 0 0 0 0 0 0 0 0 58 966 0 0 0 0 0 0 0 0 0 1024 
0 0 0 1000 24 0 0 0 0 0 0 0 0 1024 0 0 0 0 0 0 0 0 0 1024 
0 0 0 347 677 0 0 0 0 0 0 0 0 862 162 0 0 0 0 0 0 0 0 1024 
0 0 0 0 277 742 5 0 0 0 0 0 0 122 902 0 0 0 0 0 0 0 0 1024 
0 0 0 96 745 183 0 0 0 0 0 0 0 527 497 0 0 0 0 0 0 0 0 1024 
0 0 0 876 148 0 0 0 0 0 0 0 0 1018 6 0 0 0 0 0 0 0 0 1024 
0 0 0 991 33 0 0 0 0 0 0 0 0 1024 0 0 0 0 0 0 0 0 0 1024 
0 0 0 586 438 0 0 0 0 0 0 0 0 1021 3 0 0 0 0 0 0 0 0 1024 
0 0 0 440 494 40 18 32 0 0 0 0 0 881 95 48 0 0 0 0 0 0 0 1024 
0 0 0 350 321 70 59 224 0 0 0 0 0 643 112 269 0 0 0 0 0 0 0 1024 
0 0 0 42 346 440 177 19 0 0 0 0 0 168 736 120 0 0 0 0 0 0 0 1024 
0 0 0 0 0 9 632 383 0 0 0 0 0 0 144 880 0 0 0 0 0 0 0 1024 
0 0 0 0 0 110 519 395 0 0 0 0 0 0 253 771 0 0 0 0 0 0 0 1024 
0 0 0 0 0 102 596 326 0 0 0 0 0 0 245 779 0 0 0 0 0 0 0 1024 
0 0 0 0 0 0 26 998 0 0 0 0 0 0 0 1024 0 0 0 0 0 0 0 1024 
0 0 45 9 9 13 8 940 0 0 27 25 8 11 11 942 0 0 0 47 9 12 13 943 
0 186 347 176 56 29 34 196 0 57 413 195 73 46 30 210 0 0 334 332 77 44 24 213 
0 885 68 56 15 0 0 0 0 775 166 53 30 0 0 0 0 162 779 72 11 0 0 0 
6 1017 1 0 0 0 0 0 4 1001 19 0 0 0 0 0 0 769 255 0 0 0 0 0 
226 798 0 0 0 0 0 0 144 880 0 0 0 0 0 0 0 1022 2 0 0 0 0 0 
336 688 0 0 0 0 0 0 248 776 0 0 0 0 0 0 0 1014 10 0 0 0 0 0 
101 923 0 0 0 0 0 0 54 970 0 0 0 0 0 0 0 1003 21 0 0 0 0 0 
263 761 0 0 0 0 0 0 184 840 0 0 0 0 0 0 0 1024 0 0 0 0 0 0 
531 493 0 0 0 0 0 0 352 672 0 0 0 0 0 0 0 1023 1 0 0 0 0 0 
524 497 3 0 0 0 0 0 490 533 1 0 0 0 0 0 1 997 26 0 0 0 0 0 
0 2 983 37 2 0 0 0 0 0 0 3 1013 6 2 0 0 0 5 2 2 8 230 777 
0 0 744 265 15 0 0 0 0 0 0 0 860 164 0 0 0 0 0 0 0 0 13 1011 
0 2 446 435 66 45 24 6 0 0 2 13 643 291 56 19 0 0 11 36 30 55 122 770 
0 0 299 696 20 5 4 0 0 0 0 0 396 620 7 1 0 0 0 0 0 0 20 1004 
0 0 10 815 199 0 0 0 0 0 0 0 1 1015 8 0 0 0 0 0 0 0 0 1024 
0 0 0 404 553 67 0 0 0 0 0 0 0 827 197 0 0 0 0 0 0 0 0 1024 
0 0 0 876 142 6 0 0 0 0 0 0 0 969 55 0 0 0 0 0 0 0 0 1024 
0 0 0 1024 0 0 0 0 0 0 0 0 0 1024 0 0 0 0 0 0 0 0 0 1024 
0 0 0 873 151 0 0 0 0 0 0 0 0 1024 0 0 0 0 0 0 0 0 0 1024 
0 0 0 560 464 0 0 0 0 0 0 0 0 1016 8 0 0 0 0 0 0 0 0 1024 
0 0 0 154 672 198 0 0 0 0 0 0 0 694 330 0 0 0 0 0 0 0 0 1024 
0 0 0 108 805 111 0 0 0 0 0 0 0 743 281 0 0 0 0 0 0 0 0 1024 
0 0 0 396 628 0 0 0 0 0 0 0 0 1013 11 0 0 0 0 0 0 0 0 1024 
0 0 0 149 555 148 98 74 0 0 0 0 0 569 318 137 0 0 0 0 0 0 0 1024 
0 0 0 0 319 73 69 563 0 0 0 0 0 196 213 615 0 0 0 0 0 0 0 1024 
0 0 0 0 25 108 82 809 0 0 0 0 0 2 153 869 0 0 0 0 0 0 0 1024 
0 0 0 0 0 60 123 841 0 0 0 0 0 0 91 933 0 0 0 0 0 0 0 1024 
0 0 0 0 7 168 511 338 0 0 0 0 0 0 272 752 0 0 0 0 0 0 0 1024 
0 0 0 0 0 0 501 523 0 0 0 0 0 0 27 997 0 0 0 0 0 0 0 1024 
0 0 0 0 0 3 398 623 0 0 0 0 0 0 41 983 0 0 0 0 0 0 0 1024 
0 0 0 0 0 0 0 1024 0 0 0 0 0 0 0 1024 0 0 0 0 0 0 0 1024 
0 0 0 0 68 107 91 758 0 0 0 0 0 0 186 838 0 0 0 0 0 0 0 1024 
0 153 296 90 19 53 69 344 0 31 325 168 28 18 54 400 0 0 259 246 39 20 17 443 
0 772 252 0 0 0 0 0 0 526 492 6 0 0 0 0 0 25 951 48 0 0 0 0 
0 1015 9 0 0 0 0 0 0 994 30 0 0 0 0 0 0 452 572 0 0 0 0 0 
0 991 33 0 0 0 0 0 2 987 35 0 0 0 0 0 0 812 212 0 0 0 0 0 
13 1011 0 0 0 0 0 0 24 997 3 0 0 0 0 0 0 969 55 0 0 0 0 0 
151 873 0 0 0 0 0 0 117 907 0 0 0 0 0 0 0 1017 7 0 0 0 0 0 
262 762 0 0 0 0 0 0 269 755 0 0 0 0 0 0 0 1024 0 0 0 0 0 0 
386 638 0 0 0 0 0 0 262 762 0 0 0 0 0 0 0 1022 2 0 0 0 0 0 
269 755 0 0 0 0 0 0 248 776 0 0 0 0 0 0 0 1006 18 0 0 0 0 0 
247 711 66 0 0 0 0 0 272 683 69 0 0 0 0 0 1 909 113 1 0 0 0 0 
9 61 222 216 214 163 103 36 0 30 89 95 295 283 161 71 16 74 131 118 121 197 229 138 
7 18 179 377 190 123 97 33 2 15 21 42 375 329 159 81 0 9 33 69 60 74 278 501 
4 50 175 283 309 147 38 18 0 9 79 145 197 395 165 34 0 5 54 135 136 139 180 375 
0 0 19 864 75 38 13 15 0 0 0 17 51 899 35 22 0 0 1 16 34 32 84 857 
0 0 0 913 111 0 0 0 0 0 0 0 0 1023 1 0 0 0 0 0 0 0 0 1024 
0 0 0 471 398 155 0 0 0 0 0 0 0 737 287 0 0 0 0 0 0 0 0 1024 
0 0 0 463 454 107 0 0 0 0 0 0 0 814 210 0 0 0 0 0 0 0 0 1024 
0 0 0 367 638 19 0 0 0 0 0 0 0 749 275 0 0 0 0 0 0 0 0 1024 
0 0 0 105 749 92 73 5 0 0 0 0 0 647 333 44 0 0 0 0 0 0 0 1024 
0 0 0 0 332 117 153 422 0 0 0 0 0 230 261 533 0 0 0 0 0 0 0 1024 
0 0 0 0 423 371 195 35 0 0 0 0 0 273 605 146 0 0 0 0 0 0 0 1024 
0 0 0 0 664 332 28 0 0 0 0 0 0 297 718 9 0 0 0 0 0 0 0 1024 
0 0 0 0 571 250 117 86 0 0 0 0 0 249 595 180 0 0 0 0 0 0 0 1024 
0 0 0 0 4 11 96 913 0 0 0 0 0 2 18 1004 0 0 0 0 0 0 0 1024 
0 0 0 0 0 0 0 1024 0 0 0 0 0 0 0 1024 0 0 0 0 0 0 0 1024 
0 0 0 0 0 0 0 1024 0 0 0 0 0 0 0 1024 0 0 0 0 0 0 0 1024 
0 0 0 0 0 29 149 846 0 0 0 0 0 0 70 954 0 0 0 0 0 0 0 1024 
0 0 0 0 0 91 656 277 0 0 0 0 0 0 213 811 0 0 0 0 0 0 0 1024 
0 0 0 0 0 3 261 760 0 0 0 0 0 0 21 1003 0 0 0 0 0 0 0 1024 
0 0 0 0 0 0 26 998 0 0 0 0 0 0 0 1024 0 0 0 0 0 0 0 1024 
0 0 0 0 0 0 285 739 0 0 0 0 0 0 21 1003 0 0 0 0 0 0 0 1024 
0 44 117 28 63 235 288 249 0 10 121 52 9 17 328 487 0 0 51 115 18 9 12 819 
0 832 177 10 1 2 2 0 0 486 481 51 1 1 3 1 0 22 873 114 10 1 1 3 
0 1022 2 0 0 0 0 0 0 990 34 0 0 0 0 0 0 247 777 0 0 0 0 0 
21 978 25 0 0 0 0 0 16 965 43 0 0 0 0 0 0 673 351 0 0 0 0 0 
42 982 0 0 0 0 0 0 44 980 0 0 0 0 0 0 0 956 68 0 0 0 0 0 
92 932 0 0 0 0 0 0 54 970 0 0 0 0 0 0 0 1016 8 0 0 0 0 0 
442 582 0 0 0 0 0 0 508 516 0 0 0 0 0 0 0 1024 0 0 0 0 0 0 
518 506 0 0 0 0 0 0 483 541 0 0 0 0 0 0 0 1024 0 0 0 0 0 0 
376 648 0 0 0 0 0 0 413 611 0 0 0 0 0 0 0 1023 1 0 0 0 0 0 
416 607 1 0 0 0 0 0 455 568 1 0 0 0 0 0 0 1013 11 0 0 0 0 0 
232 697 94 1 0 0 0 0 249 683 92 0 0 0 0 0 6 852 161 5 0 0 0 0 
13 24 29 63 122 721 49 3 8 14 23 29 71 169 692 18 10 16 34 53 29 37 73 772 
0 3 35 54 27 200 664 41 0 0 7 44 48 30 612 283 0 1 18 51 31 25 20 878 
0 0 8 51 96 143 413 313 0 0 2 8 13 125 281 595 0 0 2 4 5 9 15 989 
0 0 0 249 200 200 252 123 0 0 0 0 4 413 343 264 0 0 0 0 0 0 15 1009 
0 0 0 180 220 153 285 186 0 0 0 0 0 372 254 398 0 0 0 0 0 0 0 1024 
0 0 0 0 3 308 336 377 0 0 0 0 0 2 412 610 0 0 0 0 0 0 0 1024 
0 0 0 0 3 158 354 509 0 0 0 0 0 0 258 766 0 0 0 0 0 0 0 1024 
0 0 0 0 45 197 356 426 0 0 0 0 0 0 316 708 0 0 0 0 0 0 0 1024 
0 0 0 0 61 247 351 365 0 0 0 0 0 1 385 638 0 0 0 0 0 0 0 1024 
0 0 0 0 0 0 25 999 0 0 0 0 0 0 0 1024 0 0 0 0 0 0 0 1024 
0 0 0 0 0 23 150 851 0 0 0 0 0 0 55 969 0 0 0 0 0 0 0 1024 
0 0 0 0 147 276 142 459 0 0 0 0 0 0 451 573 0 0 0 0 0 0 0 1024 
0 0 0 0 19 250 199 556 0 0 0 0 0 0 306 718 0 0 0 0 0 0 0 1024 
0 0 0 0 0 0 0 1024 0 0 0 0 0 0 0 1024 0 0 0 0 0 0 0 1024 
0 0 0 0 0 0 0 1024 0 0 0 0 0 0 0 1024 0 0 0 0 0 0 0 1024 
0 0 0 0 0 0 0 1024 0 0 0 0 0 0 0 1024 0 0 0 0 0 0 0 1024 
0 0 0 0 0 0 0 1024 0 0 0 0 0 0 0 1024 0 0 0 0 0 0 0 1024 
0 0 0 0 0 0 0 1024 0 0 0 0 0 0 0 1024 0 0 0 0 0 0 0 1024 
0 0 0 0 0 0 0 1024 0 0 0 0 0 0 0 1024 0 0 0 0 0 0 0 1024 
0 0 0 0 0 0 11 1013 0 0 0 0 0 0 0 1024 0 0 0 0 0 0 0 1024 
0 8 39 9 7 232 230 499 0 0 28 25 5 7 304 655 0 0 9 39 6 9 10 951 
0 269 357 170 47 65 108 8 0 164 325 259 73 31 82 90 0 8 368 328 92 24 33 171 
0 1019 5 0 0 0 0 0 0 940 84 0 0 0 0 0 0 130 892 2 0 0 0 0 
3 1021 0 0 0 0 0 0 1 1023 0 0 0 0 0 0 0 726 298 0 0 0 0 0 
20 979 25 0 0 0 0 0 25 973 26 0 0 0 0 0 0 879 145 0 0 0 0 0 
99 925 0 0 0 0 0 0 119 905 0 0 0 0 0 0 0 988 36 0 0 0 0 0 
455 569 0 0 0 0 0 0 522 502 0 0 0 0 0 0 0 1024 0 0 0 0 0 0 
829 195 0 0 0 0 0 0 866 158 0 0 0 0 0 0 0 1024 0 0 0 0 0 0 
760 264 0 0 0 0 0 0 789 235 0 0 0 0 0 0 0 1024 0 0 0 0 0 0 
672 352 0 0 0 0 0 0 720 304 0 0 0 0 0 0 2 1021 1 0 0 0 0 0 
455 569 0 0 0 0 0 0 483 541 0 0 0 0 0 0 1 1023 0 0 0 0 0 0 
658 337 29 0 0 0 0 0 693 302 29 0 0 0 0 0 9 951 64 0 0 0 0 0 
0 22 92 175 216 308 201 10 0 4 31 97 105 286 430 71 6 31 83 88 47 78 106 585 
0 3 36 26 84 251 597 27 0 0 11 35 21 75 584 298 0 0 13 45 11 6 19 930 
0 0 4 11 10 6 119 874 0 0 2 7 14 7 6 988 0 0 2 6 12 8 6 990 
0 0 0 0 0 0 0 1024 0 0 0 0 0 0 0 1024 0 0 0 0 0 0 0 1024 
0 0 0 0 0 0 0 1024 0 0 0 0 0 0 0 1024 0 0 0 0 0 0 0 1024 
0 0 0 0 0 0 0 1024 0 0 0 0 0 0 0 1024 0 0 0 0 0 0 0 1024 
0 0 0 0 0 0 12 1012 0 0 0 0 0 0 0 1024 0 0 0 0 0 0 0 1024 
0 0 0 0 0 0 39 985 0 0 0 0 0 0 0 1024 0 0 0 0 0 0 0 1024 
0 0 0 0 0 0 0 1024 0 0 0 0 0 0 0 1024 0 0 0 0 0 0 0 1024 
0 0 0 0 0 0 0 1024 0 0 0 0 0 0 0 1024 0 0 0 0 0 0 0 1024 
0 0 0 0 0 0 0 1024 0 0 0 0 0 0 0 1024 0 0 0 0 0 0 0 1024 
0 0 0 0 0 0 0 1024 0 0 0 0 0 0 0 1024 0 0 0 0 0 0 0 1024 
0 0 0 0 0 0 0 1024 0 0 0 0 0 0 0 1024 0 0 0 0 0 0 0 1024 
0 0 0 0 0 0 0 1024 0 0 0 0 0 0 0 1024 0 0 0 0 0 0 0 1024 
0 0 0 0 0 0 0 1024 0 0 0 0 0 0 0 1024 0 0 0 0 0 0 0 1024 
0 0 0 0 0 0 0 1024 0 0 0 0 0 0 0 1024 0 0 0 0 0 0 0 1024 
0 0 0 0 0 0 0 1024 0 0 0 0 0 0 0 1024 0 0 0 0 0 0 0 1024 
0 0 0 0 0 0 0 1024 0 0 0 0 0 0 0 1024 0 0 0 0 0 0 0 1024 
0 0 0 0 0 0 27 997 0 0 0 0 0 0 0 1024 0 0 0 0 0 0 0 1024 
0 9 13 17 14 43 473 455 0 1 17 11 17 17 110 851 0 0 4 18 11 16 17 958 
0 83 485 188 37 31 57 143 0 12 359 358 49 27 35 184 0 2 195 477 93 28 27 202 
0 576 338 90 18 2 0 0 0 356 485 148 32 3 0 0 0 42 728 219 32 3 0 0 
38 981 5 0 0 0 0 0 22 964 38 0 0 0 0 0 0 440 584 0 0 0 0 0 
59 965 0 0 0 0 0 0 30 994 0 0 0 0 0 0 0 817 207 0 0 0 0 0 
66 955 3 0 0 0 0 0 92 929 3 0 0 0 0 0 0 981 43 0 0 0 0 0 
177 847 0 0 0 0 0 0 242 782 0 0 0 0 0 0 0 1022 2 0 0 0 0 0 
797 227 0 0 0 0 0 0 871 153 0 0 0 0 0 0 0 1024 0 0 0 0 0 0 
945 79 0 0 0 0 0 0 941 83 0 0 0 0 0 0 3 1021 0 0 0 0 0 0 
758 266 0 0 0 0 0 0 780 244 0 0 0 0 0 0 4 1019 1 0 0 0 0 0 
700 324 0 0 0 0 0 0 716 308 0 0 0 0 0 0 5 1019 0 0 0 0 0 0 
722 302 0 0 0 0 0 0 748 276 0 0 0 0 0 0 32 992 0 0 0 0 0 0 
753 264 6 1 0 0 0 0 786 232 5 1 0 0 0 0 30 976 17 1 0 0 0 0 
9 58 165 254 253 154 94 37 0 19 101 176 226 308 136 58 44 167 233 154 136 105 89 96 
7 84 224 257 249 147 45 11 0 11 150 220 224 260 126 33 11 70 214 266 148 110 115 90 
1 18 104 105 181 240 177 198 0 1 16 103 112 197 280 315 0 0 34 119 120 118 119 514 
0 0 0 0 0 72 140 812 0 0 0 0 0 0 138 886 0 0 0 0 0 0 1 1023 
0 0 0 0 0 0 0 1024 0 0 0 0 0 0 0 1024 0 0 0 0 0 0 0 1024 
0 0 0 0 0 0 0 1024 0 0 0 0 0 0 0 1024 0 0 0 0 0 0 0 1024 
0 0 0 0 0 0 0 1024 0 0 0 0 0 0 0 1024 0 0 0 0 0 0 0 1024 
0 0 0 0 0 0 0 1024 0 0 0 0 0 0 0 1024 0 0 0 0 0 0 0 1024 
0 0 0 0 2 16 16 990 0 0 0 0 1 8 21 994 0 0 0 0 0 2 24 998 
0 0 0 44 215 158 42 565 0 0 0 0 105 262 83 574 0 0 0 0 2 199 236 587 
0 0 0 0 57 345 78 544 0 0 0 0 5 306 157 556 0 0 0 0 0 40 398 586 
0 0 0 0 0 1 5 1018 0 0 0 0 0 1 5 1018 0 0 0 0 0 0 6 1018 
0 0 0 0 0 0 0 1024 0 0 0 0 0 0 0 1024 0 0 0 0 0 0 0 1024 
0 0 0 0 0 0 0 1024 0 0 0 0 0 0 0 1024 0 0 0 0 0 0 0 1024 
0 0 0 0 0 0 0 1024 0 0 0 0 0 0 0 1024 0 0 0 0 0 0 0 1024 
0 0 0 0 0 0 0 1024 0 0 0 0 0 0 0 1024 0 0 0 0 0 0 0 1024 
0 0 0 0 0 0 0 1024 0 0 0 0 0 0 0 1024 0 0 0 0 0 0 0 1024 
0 0 0 0 0 0 0 1024 0 0 0 0 0 0 0 1024 0 0 0 0 0 0 0 1024 
0 0 2 8 9 19 23 963 0 0 1 7 9 20 17 970 0 0 0 2 10 18 15 979 
0 59 380 141 42 31 94 277 0 17 289 245 54 37 31 351 0 0 116 375 98 32 41 362 
0 411 469 130 14 0 0 0 0 188 587 220 29 0 0 0 0 15 613 356 40 0 0 0 
10 896 100 17 1 0 0 0 6 694 298 22 4 0 0 0 0 175 815 33 1 0 0 0 
170 854 0 0 0 0 0 0 69 955 0 0 0 0 0 0 0 805 219 0 0 0 0 0 
145 879 0 0 0 0 0 0 118 906 0 0 0 0 0 0 0 976 48 0 0 0 0 0 
310 714 0 0 0 0 0 0 322 702 0 0 0 0 0 0 0 1018 6 0 0 0 0 0 
391 633 0 0 0 0 0 0 431 593 0 0 0 0 0 0 0 1024 0 0 0 0 0 0 
552 472 0 0 0 0 0 0 538 486 0 0 0 0 0 0 2 1021 1 0 0 0 0 0 
841 183 0 0 0 0 0 0 827 197 0 0 0 0 0 0 6 1018 0 0 0 0 0 0 
757 267 0 0 0 0 0 0 777 247 0 0 0 0 0 0 13 1011 0 0 0 0 0 0 
836 188 0 0 0 0 0 0 837 187 0 0 0 0 0 0 9 1015 0 0 0 0 0 0 
908 116 0 0 0 0 0 0 912 112 0 0 0 0 0 0 124 900 0 0 0 0 0 0 
623 384 17 0 0 0 0 0 646 362 16 0 0 0 0 0 171 828 25 0 0 0 0 0 
27 194 232 258 153 82 47 31 4 67 234 197 219 171 75 57 59 197 244 158 99 74 119 74 
9 133 278 253 143 112 58 38 0 28 173 267 240 146 113 57 16 152 339 202 122 95 60 38 
1 100 266 248 207 122 65 15 0 6 176 233 243 188 124 54 0 5 105 275 256 159 143 81 
0 0 16 127 251 256 272 102 0 0 0 29 124 231 396 244 0 0 1 22 112 175 156 558 
0 0 0 0 0 10 387 627 0 0 0 0 0 0 121 903 0 0 0 0 0 0 0 1024 
0 0 0 0 0 0 0 1024 0 0 0 0 0 0 0 1024 0 0 0 0 0 0 0 1024 
0 0 0 0 0 0 0 1024 0 0 0 0 0 0 0 1024 0 0 0 0 0 0 0 1024 
0 0 0 0 0 0 0 1024 0 0 0 0 0 0 0 1024 0 0 0 0 0 0 0 1024 
0 0 0 90 281 85 65 503 0 0 0 0 224 212 64 524 0 0 0 0 10 331 129 554 
0 0 32 371 504 113 4 0 0 0 0 130 540 334 20 0 0 0 0 0 199 656 166 3 
0 0 2 213 670 139 0 0 0 0 0 27 482 512 3 0 0 0 0 0 65 781 178 0 
0 0 0 0 85 146 37 756 0 0 0 0 27 192 45 760 0 0 0 0 3 119 133 769 
0 0 0 0 0 0 0 1024 0 0 0 0 0 0 0 1024 0 0 0 0 0 0 0 1024 
0 0 0 0 0 0 0 1024 0 0 0 0 0 0 0 1024 0 0 0 0 0 0 0 1024 
0 0 0 0 0 0 0 1024 0 0 0 0 0 0 0 1024 0 0 0 0 0 0 0 1024 
0 0 0 0 0 0 0 1024 0 0 0 0 0 0 0 1024 0 0 0 0 0 0 0 1024 
0 0 0 0 0 0 0 1024 0 0 0 0 0 0 0 1024 0 0 0 0 0 0 0 1024 
0 0 0 0 0 0 0 1024 0 0 0 0 0 0 0 1024 0 0 0 0 0 0 0 1024 
0 6 150 155 90 30 32 561 0 0 122 152 118 38 30 564 0 0 21 204 143 46 33 577 
0 187 431 326 76 4 0 0 0 82 409 399 125 8 1 0 0 5 370 492 148 8 1 0 
2 654 313 41 7 7 0 0 0 369 556 71 18 9 1 0 0 92 796 111 15 10 0 0 
76 930 18 0 0 0 0 0 33 952 39 0 0 0 0 0 0 517 506 1 0 0 0 0 
65 958 1 0 0 0 0 0 53 968 3 0 0 0 0 0 0 917 107 0 0 0 0 0 
339 685 0 0 0 0 0 0 298 726 0 0 0 0 0 0 0 999 25 0 0 0 0 0 
505 519 0 0 0 0 0 0 591 433 0 0 0 0 0 0 0 1024 0 0 0 0 0 0 
845 179 0 0 0 0 0 0 907 117 0 0 0 0 0 0 0 1022 2 0 0 0 0 0 
733 291 0 0 0 0 0 0 809 215 0 0 0 0 0 0 3 1021 0 0 0 0 0 0 
849 175 0 0 0 0 0 0 791 233 0 0 0 0 0 0 55 969 0 0 0 0 0 0 
915 109 0 0 0 0 0 0 908 116 0 0 0 0 0 0 92 932 0 0 0 0 0 0 
811 213 0 0 0 0 0 0 852 172 0 0 0 0 0 0 166 858 0 0 0 0 0 0 
762 262 0 0 0 0 0 0 754 270 0 0 0 0 0 0 215 809 0 0 0 0 0 0 
733 287 4 0 0 0 0 0 755 262 7 0 0 0 0 0 340 679 5 0 0 0 0 0 
37 162 254 269 155 85 42 20 3 74 181 189 251 212 78 36 57 184 223 168 106 85 90 111 
9 72 198 315 224 136 46 24 0 20 119 198 243 273 130 41 15 134 240 199 178 96 100 62 
14 71 156 291 278 179 23 12 0 7 101 128 159 421 182 26 0 9 72 160 134 95 182 372 
0 2 15 56 83 615 240 13 0 0 3 18 59 84 825 35 0 0 0 7 32 61 90 834 
0 0 0 1 2 87 631 303 0 0 0 0 1 4 408 611 0 0 0 0 0 1 4 1019 
0 0 0 0 0 0 276 748 0 0 0 0 0 0 27 997 0 0 0 0 0 0 0 1024 
0 0 0 0 0 0 0 1024 0 0 0 0 0 0 0 1024 0 0 0 0 0 0 0 1024 
0 0 0 0 0 0 0 1024 0 0 0 0 0 0 0 1024 0 0 0 0 0 0 0 1024 
0 0 36 455 249 53 11 220 0 0 0 195 454 134 18 223 0 0 0 7 261 472 57 227 
0 0 134 538 287 59 5 1 0 0 6 405 445 151 16 1 0 0 0 43 642 314 24 1 
0 0 54 448 475 47 0 0 0 0 0 284 534 202 4 0 0 0 0 22 641 356 5 0 
0 0 2 97 210 185 54 476 0 0 0 49 168 231 92 484 0 0 0 8 167 273 91 485 
0 0 0 0 0 0 0 1024 0 0 0 0 0 0 0 1024 0 0 0 0 0 0 0 1024 
0 0 0 0 0 0 0 1024 0 0 0 0 0 0 0 1024 0 0 0 0 0 0 0 1024 
0 0 0 0 0 0 0 1024 0 0 0 0 0 0 0 1024 0 0 0 0 0 0 0 1024 
0 0 0 0 0 0 0 1024 0 0 0 0 0 0 0 1024 0 0 0 0 0 0 0 1024 
0 0 0 0 0 0 0 1024 0 0 0 0 0 0 0 1024 0 0 0 0 0 0 0 1024 
0 0 0 0 0 1 0 1023 0 0 0 0 0 1 0 1023 0 0 0 0 0 1 0 1023 
1 46 355 317 95 16 4 190 0 16 293 352 148 22 3 190 0 5 155 444 191 34 5 190 
0 475 267 189 85 8 0 0 0 278 405 193 130 18 0 0 0 28 668 231 83 14 0 0 
12 987 25 0 0 0 0 0 2 892 130 0 0 0 0 0 0 219 802 3 0 0 0 0 
246 777 1 0 0 0 0 0 156 865 3 0 0 0 0 0 0 801 223 0 0 0 0 0 
266 754 4 0 0 0 0 0 284 735 5 0 0 0 0 0 0 977 47 0 0 0 0 0 
652 372 0 0 0 0 0 0 619 405 0 0 0 0 0 0 0 1024 0 0 0 0 0 0 
868 156 0 0 0 0 0 0 918 106 0 0 0 0 0 0 1 1023 0 0 0 0 0 0 
916 108 0 0 0 0 0 0 941 83 0 0 0 0 0 0 11 1013 0 0 0 0 0 0 
731 293 0 0 0 0 0 0 718 306 0 0 0 0 0 0 32 992 0 0 0 0 0 0 
993 31 0 0 0 0 0 0 986 38 0 0 0 0 0 0 159 865 0 0 0 0 0 0 
971 53 0 0 0 0 0 0 962 62 0 0 0 0 0 0 362 662 0 0 0 0 0 0 
886 138 0 0 0 0 0 0 836 188 0 0 0 0 0 0 417 607 0 0 0 0 0 0 
951 73 0 0 0 0 0 0 937 87 0 0 0 0 0 0 521 503 0 0 0 0 0 0 
1012 12 0 0 0 0 0 0 1011 13 0 0 0 0 0 0 652 372 0 0 0 0 0 0 
44 176 222 281 160 79 49 13 12 71 185 178 245 211 84 38 72 227 227 134 88 102 115 59 
49 194 236 267 154 84 26 14 6 55 202 212 183 249 83 34 8 115 236 180 121 120 130 114 
30 99 181 480 148 57 15 14 0 22 127 154 144 481 78 18 2 23 112 156 99 65 129 438 
0 1 28 221 477 231 63 3 0 0 0 22 56 537 390 19 0 1 6 35 46 48 107 781 
0 0 0 0 200 704 108 12 0 0 0 0 0 84 911 29 0 0 0 0 0 0 0 1024 
0 0 0 0 0 174 486 364 0 0 0 0 0 0 337 687 0 0 0 0 0 0 0 1024 
0 0 0 0 0 0 3 1021 0 0 0 0 0 0 0 1024 0 0 0 0 0 0 0 1024 
0 0 18 13 3 4 1 985 0 0 3 25 5 4 1 986 0 0 0 7 25 3 3 986 
0 0 132 471 308 89 10 14 0 0 19 331 471 159 29 15 0 0 5 176 492 265 68 18 
0 2 654 279 86 3 0 0 0 0 247 597 157 23 0 0 0 0 0 562 426 35 1 0 
0 6 644 368 6 0 0 0 0 0 272 718 34 0 0 0 0 0 12 672 335 5 0 0 
0 4 231 486 166 66 11 60 0 0 62 548 235 98 18 63 0 0 15 381 446 111 9 62 
0 0 4 18 15 6 4 977 0 0 1 16 18 7 5 977 0 0 0 11 21 9 6 977 
0 0 0 0 0 0 0 1024 0 0 0 0 0 0 0 1024 0 0 0 0 0 0 0 1024 
0 0 0 0 0 0 0 1024 0 0 0 0 0 0 0 1024 0 0 0 0 0 0 0 1024 
0 0 0 0 0 0 0 1024 0 0 0 0 0 0 0 1024 0 0 0 0 0 0 0 1024 
0 0 0 0 0 0 0 1024 0 0 0 0 0 0 0 1024 0 0 0 0 0 0 0 1024 
0 16 127 151 71 29 13 617 0 4 98 156 96 27 23 620 0 1 50 178 135 28 12 620 
0 88 257 301 275 97 6 0 0 55 233 277 283 160 16 0 5 54 263 406 251 43 2 0 
1 786 180 34 20 2 1 0 0 581 369 50 21 2 1 0 0 40 884 72 24 3 1 0 
69 936 19 0 0 0 0 0 68 892 64 0 0 0 0 0 0 516 507 1 0 0 0 0 
311 711 2 0 0 0 0 0 194 828 2 0 0 0 0 0 0 945 79 0 0 0 0 0 
573 451 0 0 0 0 0 0 493 531 0 0 0 0 0 0 0 1011 13 0 0 0 0 0 
426 598 0 0 0 0 0 0 398 626 0 0 0 0 0 0 5 1017 2 0 0 0 0 0 
519 505 0 0 0 0 0 0 566 458 0 0 0 0 0 0 9 1015 0 0 0 0 0 0 
821 203 0 0 0 0 0 0 842 182 0 0 0 0 0 0 38 986 0 0 0 0 0 0 
991 33 0 0 0 0 0 0 985 39 0 0 0 0 0 0 83 941 0 0 0 0 0 0 
1024 0 0 0 0 0 0 0 1024 0 0 0 0 0 0 0 468 556 0 0 0 0 0 0 
986 38 0 0 0 0 0 0 982 42 0 0 0 0 0 0 531 492 1 0 0 0 0 0 
939 85 0 0 0 0 0 0 914 110 0 0 0 0 0 0 472 552 0 0 0 0 0 0 
963 61 0 0 0 0 0 0 959 65 0 0 0 0 0 0 644 380 0 0 0 0 0 0 
983 41 0 0 0 0 0 0 987 37 0 0 0 0 0 0 756 268 0 0 0 0 0 0 
12 148 233 234 173 110 74 40 1 57 206 214 201 168 114 63 146 275 201 143 93 86 60 20 
5 131 207 260 167 125 90 39 1 29 161 226 266 160 100 81 59 281 266 193 103 80 39 3 
15 95 153 306 277 118 38 22 0 21 105 152 158 392 143 53 4 65 154 145 120 132 214 190 
4 40 249 302 311 89 25 4 0 2 46 210 236 386 120 24 0 9 191 242 167 127 117 171 
0 0 2 137 623 249 12 1 0 0 1 4 13 584 416 6 0 1 6 7 6 30 90 884 
0 0 0 1 117 654 252 0 0 0 0 0 1 50 925 48 0 0 0 0 3 3 34 984 
0 0 0 0 0 4 292 728 0 0 0 0 0 0 67 957 0 0 0 0 0 0 0 1024 
0 13 376 59 28 21 23 504 0 0 186 243 38 27 17 513 0 0 7 333 109 36 20 519 
0 29 755 193 45 2 0 0 0 3 447 473 91 10 0 0 0 0 36 794 171 22 1 0 
0 116 895 13 0 0 0 0 0 4 858 162 0 0 0 0 0 0 229 792 3 0 0 0 
0 330 673 21 0 0 0 0 0 36 881 107 0 0 0 0 0 1 564 453 6 0 0 0 
0 114 749 158 3 0 0 0 0 39 602 369 14 0 0 0 0 6 369 612 37 0 0 0 
0 24 252 121 53 31 16 527 0 7 155 216 64 32 22 528 0 1 104 250 79 34 18 538 
0 0 0 0 0 0 11 1013 0 0 0 0 0 0 0 1024 0 0 0 0 0 0 0 1024 
0 0 0 0 0 0 98 926 0 0 0 0 0 0 61 963 0 0 0 0 0 0 0 1024 
0 0 0 0 0 35 212 777 0 0 0 0 0 14 195 815 0 0 0 0 0 0 82 942 
0 0 10 75 95 135 171 538 0 0 0 64 79 138 185 558 0 0 0 0 85 113 175 651 
0 137 293 191 178 89 45 91 0 64 312 196 178 115 59 100 1 31 261 353 172 47 38 121 
1 150 210 318 267 76 2 0 0 97 203 278 304 133 9 0 2 125 358 384 144 11 0 0 
5 973 45 1 0 0 0 0 1 891 130 2 0 0 0 0 0 293 727 4 0 0 0 0 
250 746 28 0 0 0 0 0 201 760 63 0 0 0 0 0 0 798 225 1 0 0 0 0 
542 482 0 0 0 0 0 0 533 491 0 0 0 0 0 0 0 1000 24 0 0 0 0 0 
626 398 0 0 0 0 0 0 646 378 0 0 0 0 0 0 1 1018 5 0 0 0 0 0 
891 133 0 0 0 0 0 0 919 105 0 0 0 0 0 0 16 1008 0 0 0 0 0 0 
986 38 0 0 0 0 0 0 988 36 0 0 0 0 0 0 80 944 0 0 0 0 0 0 
985 39 0 0 0 0 0 0 1002 22 0 0 0 0 0 0 74 950 0 0 0 0 0 0 
1015 9 0 0 0 0 0 0 1016 8 0 0 0 0 0 0 172 852 0 0 0 0 0 0 
985 39 0 0 0 0 0 0 954 70 0 0 0 0 0 0 451 573 0 0 0 0 0 0 
869 155 0 0 0 0 0 0 838 186 0 0 0 0 0 0 374 650 0 0 0 0 0 0 
986 38 0 0 0 0 0 0 957 67 0 0 0 0 0 0 557 467 0 0 0 0 0 0 
1018 6 0 0 0 0 0 0 1019 5 0 0 0 0 0 0 904 120 0 0 0 0 0 0 
802 97 66 21 18 13 4 3 774 106 68 32 22 13 5 4 792 157 36 18 12 5 1 3 
8 121 226 211 180 144 102 32 1 65 192 202 186 191 124 63 166 282 208 200 109 48 10 1 
1 59 217 283 256 122 56 30 0 14 140 209 339 202 79 41 94 247 225 238 131 53 31 5 
0 78 356 297 189 55 37 12 0 3 171 339 289 152 36 34 21 296 357 182 109 43 14 2 
0 31 137 245 341 172 74 24 0 1 56 167 327 306 119 48 2 58 201 303 308 133 14 5 
0 2 39 111 514 328 18 12 0 0 11 63 178 689 63 20 0 6 77 108 318 450 60 5 
0 8 72 116 217 375 179 57 0 1 27 77 130 305 363 121 0 26 111 175 171 269 223 49 
0 89 287 70 80 33 103 362 0 13 305 75 52 82 75 422 1 23 225 255 37 31 73 379 
0 221 781 21 1 0 0 0 0 42 825 155 1 1 0 0 0 1 493 521 7 2 0 0 
0 245 751 28 0 0 0 0 0 56 871 97 0 0 0 0 0 4 641 378 1 0 0 0 
1 358 659 6 0 0 0 0 0 88 872 64 0 0 0 0 0 5 834 185 0 0 0 0 
0 720 303 1 0 0 0 0 0 437 575 12 0 0 0 0 0 55 922 47 0 0 0 0 
0 379 614 31 0 0 0 0 0 218 695 111 0 0 0 0 0 97 772 155 0 0 0 0 
2 147 632 126 21 24 59 13 0 70 589 234 27 24 47 33 0 33 602 251 22 22 27 67 
0 7 233 189 159 169 245 22 0 0 26 337 155 180 274 52 0 0 11 137 263 173 217 223 
0 0 293 216 179 169 167 0 0 0 27 411 172 202 212 0 0 0 0 165 317 213 210 119 
0 0 395 326 171 118 14 0 0 0 109 527 206 153 29 0 0 0 0 311 404 193 112 4 
0 19 723 225 57 0 0 0 0 7 255 680 68 14 0 0 0 0 22 654 288 60 0 0 
2 254 328 281 145 13 1 0 1 157 320 304 202 38 2 0 6 155 461 309 83 10 0 0 
1 433 329 231 29 1 0 0 0 326 336 286 73 3 0 0 3 255 596 164 6 0 0 0 
26 948 50 0 0 0 0 0 12 906 106 0 0 0 0 0 0 652 371 1 0 0 0 0 
513 511 0 0 0 0 0 0 482 542 0 0 0 0 0 0 0 993 31 0 0 0 0 0 
581 442 1 0 0 0 0 0 580 443 1 0 0 0 0 0 0 1009 15 0 0 0 0 0 
672 352 0 0 0 0 0 0 651 373 0 0 0 0 0 0 1 1021 2 0 0 0 0 0 
910 114 0 0 0 0 0 0 953 71 0 0 0 0 0 0 36 988 0 0 0 0 0 0 
991 33 0 0 0 0 0 0 991 33 0 0 0 0 0 0 237 787 0 0 0 0 0 0 
961 63 0 0 0 0 0 0 971 53 0 0 0 0 0 0 340 684 0 0 0 0 0 0 
1015 9 0 0 0 0 0 0 1018 6 0 0 0 0 0 0 675 349 0 0 0 0 0 0 
988 36 0 0 0 0 0 0 918 106 0 0 0 0 0 0 471 553 0 0 0 0 0 0 
1007 17 0 0 0 0 0 0 1000 24 0 0 0 0 0 0 674 350 0 0 0 0 0 0 
1016 8 0 0 0 0 0 0 1015 9 0 0 0 0 0 0 842 182 0 0 0 0 0 0 
531 238 128 68 35 17 4 3 478 220 155 89 48 21 9 4 650 210 94 38 20 7 5 0 
478 210 106 105 56 37 20 12 417 238 102 106 78 44 24 15 558 211 109 69 35 25 13 4 
15 172 235 186 164 156 63 33 2 98 206 190 181 157 132 58 151 237 197 164 132 83 51 9 
4 48 157 241 240 194 94 46 0 20 100 174 242 246 158 84 87 238 232 168 139 80 65 15 
3 52 157 168 246 191 147 60 0 6 115 144 197 263 202 97 41 199 208 248 194 94 33 7 
0 29 126 205 371 183 69 41 0 12 59 155 255 356 125 62 35 159 164 195 301 129 33 8 
0 30 101 136 351 294 97 15 0 7 65 120 167 456 173 36 7 78 131 161 381 213 44 9 
1 74 247 177 190 113 88 134 0 22 146 224 163 195 101 173 27 183 270 172 94 95 76 107 
1 295 489 131 86 18 2 2 0 91 567 139 105 97 20 5 37 197 660 113 11 4 1 1 
0 701 322 1 0 0 0 0 0 446 565 13 0 0 0 0 0 156 836 32 0 0 0 0 
4 413 402 33 28 47 40 57 1 169 631 47 27 34 43 72 24 171 636 62 35 32 33 31 
9 219 305 88 113 98 89 103 4 113 362 105 99 107 89 145 86 184 392 104 80 96 61 21 
21 686 116 41 51 43 19 47 14 637 164 44 27 57 32 49 69 380 441 51 31 20 13 19 
5 812 205 2 0 0 0 0 3 717 302 2 0 0 0 0 0 393 623 8 0 0 0 0 
5 547 457 15 0 0 0 0 3 446 549 26 0 0 0 0 1 265 722 36 0 0 0 0 
4 160 588 230 41 1 0 0 3 109 415 423 65 9 0 0 2 105 572 315 29 1 0 0 
0 43 673 290 17 1 0 0 0 5 416 528 73 2 0 0 0 9 438 530 46 1 0 0 
0 5 991 28 0 0 0 0 0 0 749 272 3 0 0 0 0 0 17 1004 3 0 0 0 
1 168 848 5 2 0 0 0 1 133 826 62 0 2 0 0 0 52 193 774 3 2 0 0 
45 636 262 63 17 1 0 0 38 592 304 68 21 1 0 0 3 498 420 89 14 0 0 0 
103 677 169 73 2 0 0 0 68 655 164 115 21 1 0 0 5 687 298 33 1 0 0 0 
45 968 11 0 0 0 0 0 50 949 25 0 0 0 0 0 1 878 145 0 0 0 0 0 
277 747 0 0 0 0 0 0 184 840 0 0 0 0 0 0 0 999 25 0 0 0 0 0 
453 570 1 0 0 0 0 0 545 478 1 0 0 0 0 0 0 1014 10 0 0 0 0 0 
931 93 0 0 0 0 0 0 909 115 0 0 0 0 0 0 18 1006 0 0 0 0 0 0 
995 29 0 0 0 0 0 0 1007 17 0 0 0 0 0 0 116 908 0 0 0 0 0 0 
984 40 0 0 0 0 0 0 969 55 0 0 0 0 0 0 237 787 0 0 0 0 0 0 
905 119 0 0 0 0 0 0 885 139 0 0 0 0 0 0 500 524 0 0 0 0 0 0 
977 47 0 0 0 0 0 0 912 112 0 0 0 0 0 0 683 341 0 0 0 0 0 0 
721 92 50 55 45 35 17 9 649 150 47 53 43 40 27 15 549 344 61 29 25 12 4 0 
319 111 87 104 130 124 83 66 264 137 77 89 118 144 105 90 375 241 134 138 80 46 10 0 
209 63 114 160 186 139 106 47 192 52 84 139 191 156 131 79 305 234 193 151 86 48 6 1 
119 262 204 151 111 92 52 33 67 259 202 169 119 98 65 45 379 269 170 99 57 35 12 3 
218 361 215 101 53 35 27 14 131 383 228 130 61 37 35 19 467 278 132 62 44 23 16 2 
20 233 272 199 129 88 56 27 4 143 263 226 177 106 70 35 281 327 178 110 67 38 12 11 
16 287 284 197 115 67 39 19 1 139 335 226 157 87 48 31 252 374 191 98 55 27 22 5 
3 54 161 207 246 168 127 58 0 16 104 180 209 223 185 107 78 186 235 214 139 101 57 14 
2 31 149 285 287 158 56 56 0 8 73 182 295 267 115 84 74 264 231 202 143 58 39 13 
1 40 114 136 239 220 250 24 0 13 87 107 190 274 308 45 22 132 138 148 180 146 214 44 
5 213 241 186 104 69 95 111 0 95 301 201 119 77 93 138 49 305 305 131 87 57 29 61 
3 200 260 271 115 68 47 60 1 122 232 272 170 88 57 82 83 256 370 163 58 46 45 3 
2 162 254 270 125 98 54 59 2 127 191 298 142 110 79 75 75 311 384 129 63 32 28 2 
5 124 317 384 94 31 41 28 4 104 232 395 178 47 38 26 65 262 485 124 32 27 19 10 
9 153 294 362 151 30 13 12 3 98 246 301 295 52 18 11 57 300 431 181 31 10 7 7 
18 359 182 236 147 41 28 13 13 282 186 175 214 81 44 29 91 402 332 139 28 22 10 0 
40 849 83 30 20 2 0 0 55 831 81 23 25 9 0 0 3 740 240 33 7 1 0 0 
15 790 216 3 0 0 0 0 22 779 217 6 0 0 0 0 1 590 430 3 0 0 0 0 
10 332 236 179 208 52 7 0 12 275 272 164 221 72 8 0 13 298 366 250 83 13 1 0 
2 97 532 306 83 4 0 0 0 27 409 442 135 11 0 0 3 86 671 249 15 0 0 0 
0 102 717 177 28 0 0 0 0 11 654 283 67 9 0 0 1 43 462 512 6 0 0 0 
14 485 524 1 0 0 0 0 25 338 660 1 0 0 0 0 0 271 475 278 0 0 0 0 
31 929 59 5 0 0 0 0 32 912 75 5 0 0 0 0 1 838 173 12 0 0 0 0 
80 943 1 0 0 0 0 0 94 929 1 0 0 0 0 0 0 985 39 0 0 0 0 0 
147 871 6 0 0 0 0 0 123 890 11 0 0 0 0 0 9 947 68 0 0 0 0 0 
344 680 0 0 0 0 0 0 298 723 3 0 0 0 0 0 0 1017 7 0 0 0 0 0 
612 412 0 0 0 0 0 0 606 418 0 0 0 0 0 0 3 1020 1 0 0 0 0 0 
868 156 0 0 0 0 0 0 903 121 0 0 0 0 0 0 68 956 0 0 0 0 0 0 
867 43 15 17 28 13 22 19 862 47 10 19 27 17 19 23 255 685 17 22 17 19 7 2 
972 52 0 0 0 0 0 0 966 58 0 0 0 0 0 0 520 504 0 0 0 0 0 0 
877 147 0 0 0 0 0 0 836 188 0 0 0 0 0 0 499 525 0 0 0 0 0 0 
722 176 18 12 22 23 31 20 599 296 20 9 14 26 32 28 612 314 23 30 27 11 7 0 
205 254 85 89 117 102 86 86 133 285 85 97 109 104 102 109 310 308 106 121 87 67 25 0 
8 96 160 208 193 142 93 124 2 52 142 189 206 163 118 152 188 216 199 168 113 94 46 0 
7 88 172 201 193 143 115 105 1 36 156 198 184 180 123 146 196 208 196 172 126 84 42 0 
16 133 151 176 175 166 104 103 8 106 129 163 191 161 132 134 193 234 203 165 119 72 38 0 
537 311 73 43 29 13 7 11 445 378 79 57 25 21 6 13 744 157 56 29 17 7 9 5 
15 387 313 181 82 34 8 4 5 233 365 202 138 60 17 4 413 328 175 61 34 9 3 1 
46 426 257 132 74 36 36 17 13 304 353 159 82 50 30 33 345 380 138 73 34 32 18 4 
3 76 233 276 186 111 76 63 1 48 158 246 242 151 99 79 111 245 283 178 94 58 49 6 
5 73 172 210 218 165 120 61 1 29 128 165 214 222 152 113 153 244 204 158 127 87 34 17 
1 78 153 172 208 179 113 120 1 39 129 153 184 210 157 151 161 231 221 156 114 80 43 18 
1 54 224 318 190 99 71 67 1 25 184 288 245 121 71 89 53 220 367 172 86 68 50 8 
0 71 233 284 235 114 58 29 0 25 198 252 202 193 96 58 167 293 279 161 74 38 5 7 
27 222 246 296 125 59 30 19 9 181 220 303 175 55 48 33 102 316 359 163 44 27 10 3 
4 102 411 417 85 4 1 0 2 70 312 478 151 10 1 0 60 333 476 142 13 0 0 0 
5 89 434 392 97 7 0 0 1 48 322 461 175 17 0 0 49 336 483 146 10 0 0 0 
0 45 292 524 151 12 0 0 0 19 172 517 283 32 1 0 23 214 481 269 36 1 0 0 
22 121 284 441 152 4 0 0 19 97 139 402 325 41 1 0 52 306 468 174 21 3 0 0 
46 394 180 309 86 7 2 0 49 367 118 267 191 30 2 0 35 469 382 120 16 1 1 0 
46 467 174 236 81 18 2 0 54 454 114 261 110 28 3 0 37 479 317 146 41 4 0 0 
9 209 585 179 37 5 0 0 4 166 567 233 44 10 0 0 10 212 630 151 21 0 0 0 
2 203 676 138 5 0 0 0 0 126 651 235 12 0 0 0 2 231 702 88 1 0 0 0 
108 584 272 59 1 0 0 0 173 490 234 124 3 0 0 0 6 639 343 34 2 0 0 0 
224 800 0 0 0 0 0 0 270 753 1 0 0 0 0 0 0 1016 8 0 0 0 0 0 
182 840 2 0 0 0 0 0 176 845 3 0 0 0 0 0 0 1016 8 0 0 0 0 0 
132 892 0 0 0 0 0 0 101 923 0 0 0 0 0 0 3 1020 1 0 0 0 0 0 
565 338 28 31 32 18 4 8 573 322 19 37 29 27 8 9 65 869 43 22 13 6 5 1 
506 207 70 65 64 65 23 24 510 189 54 63 72 69 36 31 166 655 77 63 33 18 12 0 
170 163 184 177 135 97 57 41 134 151 166 178 157 112 67 59 273 325 174 113 82 39 17 1 
15 127 163 189 182 156 110 82 8 78 163 184 169 178 133 111 230 212 205 168 108 78 23 0 
205 156 140 134 144 104 73 68 193 108 140 134 150 122 85 92 312 259 159 116 78 63 33 4 
160 750 42 21 15 11 13 12 106 779 57 25 17 10 13 17 220 730 30 18 10 9 6 1 
76 335 177 138 108 77 49 64 37 255 242 133 128 89 51 89 289 339 151 100 60 51 34 0 
40 154 221 182 156 132 59 80 9 110 184 205 180 151 85 100 242 248 193 153 86 62 40 0 
26 126 175 183 166 136 101 111 11 76 157 187 183 141 134 135 222 189 193 155 127 85 52 1 
11 77 142 160 190 176 129 139 2 46 113 156 195 176 164 172 183 181 209 176 139 91 44 1 
126 270 160 149 118 85 60 56 81 256 176 148 137 90 72 64 383 234 162 102 73 54 14 2 
389 319 126 77 62 22 15 14 306 362 124 89 67 38 20 18 563 220 96 66 38 25 10 6 
32 334 258 152 103 68 51 26 8 274 271 171 120 80 62 38 404 252 153 79 71 38 26 1 
26 203 244 172 164 110 67 38 11 139 257 180 173 115 95 54 262 288 161 144 94 46 26 3 
8 222 319 221 127 73 33 21 3 105 304 272 155 106 44 35 255 357 205 109 55 24 17 2 
37 439 210 137 89 77 27 8 6 293 311 154 104 80 55 21 299 409 133 80 63 36 4 0 
10 146 260 252 173 95 59 29 0 42 216 234 236 160 87 49 285 328 183 126 52 38 12 0 
3 31 163 268 202 153 99 105 5 36 128 244 198 176 124 113 99 208 280 179 107 75 54 22 
15 97 259 272 160 85 78 58 12 101 211 250 166 126 73 85 131 255 276 142 98 59 31 32 
13 139 313 375 136 25 14 9 13 135 310 355 167 21 13 10 45 207 369 317 57 20 5 4 
8 144 406 331 97 18 13 7 5 119 386 355 115 30 8 6 56 294 433 186 30 16 6 3 
0 109 413 373 110 18 1 0 0 90 342 416 143 31 2 0 47 380 436 134 26 1 0 0 
0 72 336 406 169 37 4 0 1 38 269 424 231 50 10 1 64 315 422 181 39 2 1 0 
2 63 344 424 170 21 0 0 1 42 261 415 260 44 1 0 45 298 459 197 24 1 0 0 
2 50 309 448 186 29 0 0 0 15 197 440 308 59 5 0 33 286 479 195 30 1 0 0 
6 90 302 421 180 20 3 2 1 76 211 424 260 44 3 5 48 240 422 244 62 5 3 0 
15 202 327 331 134 15 0 0 21 177 280 316 191 38 1 0 39 336 429 189 30 1 0 0 
33 498 242 186 63 2 0 0 45 468 212 195 95 9 0 0 35 523 377 81 8 0 0 0 
295 623 97 9 0 0 0 0 398 514 95 17 0 0 0 0 2 926 93 3 0 0 0 0 
530 494 0 0 0 0 0 0 613 411 0 0 0 0 0 0 7 1017 0 0 0 0 0 0 
408 616 0 0 0 0 0 0 482 542 0 0 0 0 0 0 13 1010 1 0 0 0 0 0 
699 289 14 9 4 4 3 2 749 235 15 12 4 4 3 2 74 924 12 5 3 4 2 0 
107 291 274 154 84 60 27 27 88 225 309 169 98 65 39 31 312 356 170 88 52 23 22 1 
53 252 258 218 119 63 33 28 24 208 249 222 161 83 41 36 315 311 207 98 46 29 17 1 
81 210 206 187 122 86 65 67 50 177 219 195 127 104 70 82 304 240 171 115 80 65 44 5 
113 314 190 127 86 67 57 70 69 281 225 132 102 77 53 85 371 239 143 97 66 53 44 11 
67 247 237 156 103 80 64 70 38 187 256 181 118 87 64 93 321 251 158 99 81 57 53 4 
49 245 210 151 128 81 74 86 16 202 214 163 138 99 75 117 256 298 163 106 83 71 47 0 
326 373 169 61 30 32 17 16 216 429 169 104 34 28 20 24 628 219 79 34 30 19 14 1 
191 352 191 113 77 51 31 18 103 351 242 122 83 56 42 25 484 251 125 77 45 27 11 4 
75 204 198 180 137 102 67 61 37 153 200 192 141 124 88 89 300 220 167 135 88 60 52 2 
118 229 215 153 106 88 51 64 41 197 211 194 114 106 75 86 363 227 142 113 71 57 43 8 
224 218 145 128 96 75 47 91 128 270 142 125 111 87 55 106 418 195 138 83 69 58 55 8 
299 293 137 111 67 42 30 45 220 302 155 117 90 49 32 59 486 214 115 87 37 34 33 18 
44 452 273 134 72 39 6 4 12 357 344 151 92 44 19 5 408 346 141 77 40 8 4 0 
99 293 191 143 127 88 51 32 29 260 213 172 119 102 82 47 389 209 135 118 99 50 21 3 
18 185 219 231 142 119 66 44 4 127 201 199 202 141 94 56 294 253 192 118 92 54 18 3 
30 190 280 212 100 97 84 31 4 119 236 247 165 84 98 71 287 298 157 92 93 58 29 10 
3 125 218 223 183 110 98 64 0 54 187 201 193 168 116 105 232 270 195 121 99 60 37 10 
1 88 214 214 190 147 104 66 0 41 164 213 198 191 125 92 191 258 210 143 103 62 51 6 
4 52 142 256 212 140 104 114 5 33 120 193 232 198 126 117 184 222 187 142 109 81 69 30 
6 87 213 246 187 138 78 69 7 69 196 282 185 134 85 66 105 234 247 181 127 65 47 18 
24 167 215 184 124 97 75 138 41 182 204 191 105 107 72 122 152 250 228 118 79 67 70 60 
11 180 255 210 142 91 61 74 9 166 241 206 159 99 60 84 143 348 265 138 66 39 23 2 
7 166 397 303 107 35 9 0 3 121 358 339 141 52 10 0 95 341 389 148 45 6 0 0 
60 242 311 234 119 41 14 3 27 192 294 266 157 61 19 8 240 326 288 120 40 9 1 0 
14 127 288 269 185 88 41 12 5 84 219 279 202 144 65 26 185 354 272 137 55 17 4 0 
8 86 290 346 199 60 25 10 2 38 175 362 257 127 44 19 131 318 397 123 37 14 4 0 
8 120 333 350 143 50 14 6 0 66 281 377 181 87 22 10 94 312 403 155 45 13 2 0 
35 179 314 363 113 17 3 0 39 115 244 402 186 32 5 1 61 354 414 162 27 6 0 0 
436 246 83 104 81 41 25 8 489 181 52 118 88 51 34 11 102 687 110 73 33 14 3 2 
620 252 20 37 42 21 14 18 647 222 19 29 48 23 15 21 106 812 39 31 12 13 11 0 
703 178 68 43 29 2 0 1 717 156 67 46 31 6 0 1 177 747 61 32 6 1 0 0 
223 146 103 165 198 111 48 30 221 129 108 155 186 131 58 36 180 333 181 189 91 33 17 0 
21 88 148 193 225 141 116 92 7 66 133 194 225 163 120 116 151 201 242 187 121 85 35 2 
7 79 189 377 281 67 14 10 0 46 151 331 339 124 21 12 84 224 429 229 43 11 4 0 
92 256 188 180 145 71 45 47 62 237 168 196 142 108 51 60 282 268 177 148 64 38 39 8 
89 215 202 160 128 82 64 84 46 176 211 167 150 97 74 103 282 236 171 120 78 65 64 8 
71 179 220 160 132 109 65 88 27 139 197 203 136 123 92 107 258 219 168 136 110 66 56 11 
133 267 243 137 102 61 43 38 66 248 250 186 94 85 45 50 371 262 159 95 61 44 28 4 
217 302 179 125 96 52 31 22 133 330 183 134 121 57 38 28 449 234 133 100 52 29 21 6 
270 364 157 100 59 25 24 25 164 398 194 109 74 29 30 26 566 201 115 67 28 20 23 4 
176 291 186 139 87 60 48 37 81 256 234 158 106 80 54 55 410 216 146 107 58 46 32 9 
303 263 139 81 62 63 54 59 185 316 159 98 68 62 63 73 533 163 98 78 58 40 46 8 
136 177 178 156 123 98 73 83 79 151 169 174 148 101 89 113 305 195 166 119 97 68 64 10 
168 261 185 155 96 58 44 57 79 250 210 162 136 74 45 68 373 242 148 100 64 41 38 18 
28 224 252 213 156 106 34 11 3 166 239 205 175 147 67 22 241 284 185 155 93 45 17 4 
41 270 222 169 137 91 55 39 15 185 262 182 157 100 72 51 326 241 178 114 88 42 26 9 
30 272 284 223 114 65 22 14 5 143 299 237 162 104 51 23 352 314 170 101 53 23 9 2 
41 324 282 176 92 55 33 21 8 164 333 232 133 70 45 39 291 327 185 102 56 33 23 7 
34 239 240 185 126 111 66 23 6 130 249 210 150 131 88 60 252 259 181 131 94 73 29 5 
37 219 216 183 137 100 75 57 5 150 212 203 154 121 93 86 273 251 160 122 91 67 48 12 
14 157 203 183 195 117 83 72 2 75 213 178 177 172 97 110 304 228 185 121 86 52 39 9 
4 78 132 157 242 189 117 105 1 32 89 131 188 245 199 139 156 213 214 190 137 77 33 4 
6 50 105 196 197 167 147 156 7 49 96 138 203 210 145 176 127 187 186 174 147 107 74 22 
6 35 129 187 209 198 125 135 12 42 130 188 213 187 130 122 95 201 191 205 146 91 59 36 
43 142 194 211 167 120 65 82 23 122 176 203 205 130 78 87 164 218 220 166 107 68 41 40 
140 252 197 180 128 77 36 14 61 242 203 187 134 114 58 25 376 273 176 103 61 23 10 2 
117 318 206 175 116 61 22 9 69 294 218 179 130 77 41 16 370 286 190 102 45 24 5 2 
100 351 238 150 99 55 20 11 66 300 271 154 120 69 28 16 374 311 173 83 58 16 8 1 
56 263 205 201 148 77 47 27 25 212 196 189 187 116 54 45 266 289 222 118 73 37 18 1 
24 280 280 214 123 60 31 12 13 206 267 244 153 79 39 23 157 354 267 132 67 31 16 0 
40 171 301 254 151 57 26 24 21 98 274 284 194 82 43 28 169 327 254 159 65 27 14 9 
340 198 136 112 97 72 37 32 327 193 136 109 101 78 38 42 308 355 139 109 58 34 19 2 
190 193 175 209 150 81 23 3 168 190 171 208 169 84 30 4 163 334 237 182 74 30 4 0 
5 65 209 290 258 140 42 15 3 57 191 298 261 157 41 16 61 206 314 276 119 35 11 2 
42 123 188 220 226 116 51 58 18 114 175 215 239 133 64 66 154 207 226 224 110 48 51 4 
11 197 369 287 110 31 11 8 3 123 362 320 151 41 15 9 77 388 353 154 27 17 6 2 
71 177 213 239 198 71 29 26 39 157 201 226 225 112 34 30 192 244 260 214 67 21 24 2 
215 307 209 110 81 44 30 28 121 314 233 142 87 53 35 39 409 269 146 89 51 26 31 3 
217 223 185 157 109 57 34 42 162 194 207 168 125 71 44 53 385 226 172 102 64 37 25 13 
354 286 154 96 50 41 18 25 259 338 164 110 55 47 22 29 551 198 115 62 44 24 24 6 
325 323 133 97 68 43 22 13 204 353 178 110 71 57 29 22 549 205 108 70 46 26 16 4 
229 266 186 142 77 54 37 33 122 299 178 171 113 55 37 49 438 206 156 92 49 42 32 9 
201 254 175 123 84 68 51 68 105 237 198 152 104 76 62 90 392 207 146 90 62 55 43 29 
250 247 129 102 83 65 49 99 132 295 165 89 105 72 58 108 463 188 103 89 54 53 58 16 
300 300 157 82 50 49 31 55 191 340 184 97 62 46 41 63 566 189 83 60 46 29 39 12 
392 345 142 52 44 19 11 19 267 419 161 73 43 28 10 23 594 230 90 41 32 9 17 11 
49 384 243 147 88 65 29 19 24 366 254 151 103 66 35 25 422 272 138 84 55 21 20 12 
83 391 275 147 73 32 19 4 12 276 370 180 102 50 23 11 440 322 135 67 35 20 4 1 
110 397 178 121 87 67 39 25 34 354 219 131 116 73 51 46 455 230 137 72 63 34 29 4 
105 408 218 123 70 50 28 22 31 377 234 164 88 58 43 29 507 257 112 54 43 27 10 14 
45 205 206 193 161 107 61 46 13 168 193 172 183 139 91 65 348 296 166 89 54 35 29 7 
21 226 297 237 97 73 42 31 9 119 260 247 203 98 47 41 469 255 129 87 31 38 12 3 
33 329 209 164 133 73 45 38 8 200 260 164 161 114 55 62 466 245 129 75 46 41 20 2 
49 356 222 138 112 63 58 26 12 248 277 153 110 103 66 55 434 238 138 80 61 49 22 2 
14 99 159 179 182 132 135 124 6 61 157 156 187 152 137 168 161 194 199 131 127 103 87 22 
10 92 130 141 195 134 132 190 8 78 134 125 175 150 150 204 182 175 152 122 113 97 108 75 
47 119 183 172 192 136 74 101 31 122 181 170 181 154 92 93 252 199 203 154 87 61 50 18 
215 335 158 131 108 41 17 19 156 348 157 121 131 56 29 26 467 271 146 75 32 19 13 1 
187 280 133 128 125 92 44 35 110 292 151 125 116 116 62 52 440 198 144 103 77 35 24 3 
117 323 198 151 104 62 50 19 38 301 225 157 118 88 60 37 364 260 174 111 69 35 11 0 
107 214 235 198 141 71 38 20 43 173 244 212 150 118 50 34 208 259 196 165 112 53 21 10 
36 173 227 216 206 109 46 11 25 145 200 243 219 121 58 13 119 228 249 220 128 61 14 5 
57 156 248 237 184 88 39 15 21 124 222 250 216 120 50 21 159 244 253 208 98 41 18 3 
5 42 139 316 309 147 39 27 4 35 118 298 321 174 44 30 43 147 317 314 145 33 23 2 
3 29 129 348 368 119 22 6 3 30 118 337 382 128 20 6 28 112 367 370 123 20 4 0 
0 8 69 282 428 184 35 18 0 10 54 243 448 216 38 15 8 60 290 444 171 33 15 3 
9 41 174 368 273 103 28 28 5 21 152 325 318 133 32 38 36 171 380 280 97 29 27 4 
20 231 371 273 79 32 10 8 9 139 375 298 139 43 9 12 136 362 342 127 36 10 8 3 
100 268 317 233 71 20 6 9 64 257 276 272 111 20 13 11 234 320 310 112 25 12 7 4 
336 378 125 79 48 30 16 12 198 443 166 90 61 29 21 16 565 240 90 60 37 20 5 7 
534 222 106 67 40 20 9 26 463 260 117 69 47 29 9 30 683 140 89 47 24 9 23 9 
585 242 92 46 29 14 7 9 493 310 103 54 28 20 6 10 738 143 65 32 30 4 4 8 
519 278 90 53 31 25 17 11 403 357 104 60 39 25 23 13 695 155 81 38 20 20 12 3 
369 290 138 101 59 31 17 19 256 337 169 113 66 42 18 23 555 206 104 73 43 15 18 10 
252 294 180 129 74 42 25 28 125 316 199 152 108 49 39 36 451 244 134 90 38 33 23 11 
259 254 131 125 89 56 44 66 185 256 154 130 101 72 48 78 514 168 113 81 59 40 37 12 
538 282 81 58 26 8 11 20 325 464 93 64 35 10 12 21 745 126 59 47 13 12 8 14 
606 267 68 42 23 3 6 9 462 378 92 45 27 2 8 10 769 134 60 36 7 6 6 6 
57 252 230 225 134 67 51 8 14 209 223 216 189 83 62 28 359 238 182 119 59 48 19 0 
45 268 140 125 158 153 99 36 8 222 181 127 140 144 112 90 310 207 169 136 100 54 44 4 
66 223 134 164 181 144 79 33 28 221 125 119 162 176 136 57 362 210 205 130 62 35 16 4 
41 252 201 177 152 104 55 42 15 212 217 164 153 139 68 56 418 237 161 105 57 26 16 4 
9 77 167 174 211 190 139 57 4 60 127 164 190 202 178 99 261 260 199 139 79 47 37 2 
21 197 219 215 131 108 56 77 14 155 207 186 186 109 88 79 369 263 146 77 68 50 38 13 
29 221 238 151 121 79 51 134 28 157 229 185 131 106 61 127 317 215 138 94 72 57 48 83 
55 334 178 106 69 65 55 162 38 279 209 129 87 69 65 148 337 227 107 56 70 55 62 110 
26 259 227 152 130 84 52 94 17 203 260 148 135 92 71 98 324 231 153 103 65 72 60 16 
13 78 126 206 171 133 127 170 6 50 120 160 200 145 131 212 159 190 194 139 114 97 82 49 
5 87 177 176 169 138 110 162 13 102 191 196 174 120 105 123 206 201 171 139 96 78 81 52 
41 116 175 216 173 140 65 98 37 90 145 219 181 160 83 109 250 214 224 142 82 55 32 25 
248 307 144 121 98 51 29 26 144 353 137 122 114 77 45 32 495 214 148 91 44 16 9 7 
110 254 211 143 127 83 49 47 39 227 237 148 130 117 49 77 288 250 183 142 69 47 35 10 
171 371 207 122 58 46 29 20 98 339 266 135 73 49 36 28 314 325 173 84 53 39 26 10 
72 172 175 186 183 149 50 37 34 170 191 186 207 145 52 39 159 201 191 211 162 56 29 15 
6 30 129 319 335 151 41 13 6 24 133 315 349 156 27 14 26 108 326 359 145 43 15 2 
19 81 189 304 256 124 39 12 17 65 180 302 268 137 40 15 67 169 313 271 141 48 11 4 
25 135 298 315 163 52 24 12 18 102 287 347 173 59 28 10 100 272 358 191 60 32 8 3 
1 15 114 397 369 106 13 9 0 17 103 360 411 113 14 6 15 91 397 386 112 14 7 2 
0 16 176 465 304 55 8 0 1 18 162 415 356 65 7 0 9 134 463 337 70 11 0 0 
57 200 260 337 132 22 10 6 34 174 239 326 201 29 15 6 141 277 369 185 34 11 4 3 
219 286 291 154 41 17 8 8 169 273 273 207 60 22 10 10 312 327 253 85 25 12 6 4 
447 394 84 35 24 22 5 13 292 515 103 42 23 28 8 13 691 199 52 30 25 14 8 5 
281 255 169 128 96 34 26 35 169 295 199 128 114 48 29 42 468 208 163 83 37 31 27 7 
448 296 103 72 44 31 10 20 296 392 130 85 45 41 12 23 645 173 96 41 26 19 16 8 
287 282 176 116 63 40 30 30 133 348 189 156 85 45 34 34 467 224 140 75 43 34 25 16 
340 337 143 79 47 30 23 25 239 374 173 88 60 33 26 31 538 237 101 55 34 28 21 10 
361 331 126 94 40 31 19 22 172 441 148 117 58 38 20 30 566 207 105 59 40 24 14 9 
422 271 122 88 43 33 19 26 296 327 146 106 51 43 21 34 577 183 110 61 34 26 17 16 
558 261 95 42 32 16 8 12 448 335 113 46 31 24 12 15 709 168 59 41 20 10 9 8 
500 241 101 70 39 20 27 26 452 270 110 72 38 25 28 29 637 149 90 51 33 23 16 25 
30 177 210 241 182 99 59 26 18 153 177 224 213 131 65 43 266 255 230 152 70 40 11 0 
17 165 293 283 158 78 28 2 6 108 229 310 193 104 65 9 366 280 169 121 67 21 0 0 
12 212 300 197 124 104 47 28 16 177 238 210 142 121 81 39 346 265 164 100 77 43 16 13 
13 137 214 205 222 143 66 24 3 94 201 175 200 181 114 56 183 273 235 182 99 43 9 0 
30 169 185 148 145 163 131 53 11 138 177 148 128 153 168 101 218 233 175 157 118 82 32 9 
39 228 229 157 159 102 61 49 10 157 237 165 173 139 76 67 263 254 174 151 79 52 33 18 
22 152 218 204 90 64 51 223 9 122 205 192 151 73 60 212 228 228 161 78 46 41 42 200 
18 224 213 187 157 80 53 92 12 181 231 175 157 107 64 97 323 240 176 114 48 35 37 51 
10 118 177 204 143 141 100 131 11 112 155 172 174 146 117 137 204 207 135 139 118 89 72 60 
8 80 134 171 176 169 127 159 13 83 132 160 163 180 131 162 143 172 197 150 135 86 93 48 
5 54 129 176 157 175 137 191 12 70 140 171 169 172 122 168 118 177 193 142 142 98 82 72 
36 141 217 197 151 115 82 85 30 124 202 210 158 105 98 97 205 255 214 141 88 59 39 23 
258 222 114 112 101 61 61 95 171 272 120 118 111 71 73 88 397 161 123 96 76 50 57 64 
167 261 203 163 105 54 33 38 78 250 226 164 141 77 40 48 290 247 181 144 70 43 27 22 
238 310 169 130 65 54 30 28 159 321 200 129 80 62 38 35 362 257 150 107 60 41 28 19 
4 64 236 307 266 125 16 6 6 54 239 349 256 101 15 4 41 203 341 287 120 26 5 1 
2 54 215 329 290 98 21 15 3 70 230 301 296 93 18 13 22 165 364 320 107 23 19 4 
22 148 301 277 187 61 12 16 13 145 309 282 176 70 12 17 90 303 319 211 68 14 12 7 
77 245 311 218 92 44 17 20 49 215 321 242 106 44 24 23 218 335 270 108 45 21 14 13 
23 203 446 270 59 11 4 8 18 194 442 285 59 12 4 10 94 416 381 94 22 7 4 6 
23 185 394 307 70 20 10 15 21 176 385 310 85 22 10 15 88 399 371 120 19 9 14 4 
95 253 296 239 107 23 7 4 62 247 263 261 148 31 7 5 196 301 331 148 36 3 7 2 
194 312 188 140 75 51 27 37 97 328 209 153 102 60 31 44 385 259 146 97 59 31 28 19 
260 255 159 121 85 60 38 46 186 239 188 136 96 75 47 57 409 216 132 91 74 39 40 23 
253 297 166 110 73 60 38 27 143 331 184 122 94 59 46 45 447 233 109 88 58 47 31 11 
273 263 152 113 94 50 38 41 178 297 162 113 105 75 46 48 449 198 111 107 57 51 30 21 
231 335 194 107 60 43 21 33 115 362 207 135 73 57 32 43 449 250 144 71 42 27 24 17 
225 245 171 126 106 66 44 41 111 272 184 146 117 88 49 57 389 236 134 103 71 44 34 13 
265 274 175 100 80 56 28 46 132 331 180 136 85 70 38 52 444 208 142 85 53 37 38 17 
469 298 81 64 40 26 21 25 340 380 91 76 50 31 23 33 639 178 74 44 37 19 21 12 
488 265 115 60 31 22 19 24 369 335 137 71 34 30 19 29 636 187 74 48 27 16 18 18 
329 291 162 96 61 29 23 33 245 310 196 102 73 37 23 38 480 243 108 75 46 26 17 29 
18 219 251 228 164 102 41 1 15 246 219 217 169 116 35 7 236 288 236 155 74 32 3 0 
12 177 307 214 170 117 26 1 1 153 283 222 186 128 50 1 284 347 171 132 65 23 2 0 
15 132 264 236 193 112 57 15 8 90 209 238 220 150 85 24 218 278 221 126 90 57 26 8 
35 279 266 167 98 76 45 58 35 219 240 170 126 112 57 65 389 254 140 79 71 31 16 44 
60 406 197 136 81 64 38 42 20 362 234 138 98 70 58 44 429 233 147 67 62 40 26 20 
41 212 303 173 121 78 54 42 35 153 273 225 132 94 63 49 317 273 163 110 73 45 24 19 
25 264 227 180 135 94 65 34 19 204 226 185 147 122 74 47 358 227 176 118 70 46 25 4 
24 216 186 124 103 97 76 198 21 240 185 120 104 105 87 162 234 183 128 85 98 83 85 128 
13 81 133 156 134 135 130 242 23 94 132 171 116 153 141 194 99 152 153 121 123 115 131 130 
8 56 150 167 173 142 96 232 14 49 149 165 190 151 98 208 135 169 157 143 106 93 112 109 
2 52 120 179 220 160 125 166 8 68 126 203 207 150 124 138 175 180 191 161 117 92 62 46 
14 41 103 133 194 218 148 173 22 57 98 125 207 217 149 149 136 147 186 191 135 113 88 28 
31 133 180 194 148 122 108 108 16 101 174 207 171 157 104 94 166 210 229 167 82 76 49 45 
96 256 246 190 114 66 38 18 34 213 258 209 138 84 55 33 217 271 236 131 83 54 23 9 
127 244 335 173 69 36 18 22 59 220 336 217 82 55 25 30 223 360 251 97 45 23 17 8 
3 61 358 405 165 30 1 1 2 46 295 416 224 39 1 1 26 273 491 206 25 2 1 0 
14 125 292 317 180 67 20 9 16 140 279 309 184 75 13 8 62 287 362 200 76 24 8 5 
18 334 403 201 53 12 3 0 18 301 409 222 59 14 1 0 126 505 277 97 15 4 0 0 
20 299 449 191 47 7 6 5 16 275 472 198 46 7 5 5 131 502 296 66 18 2 7 2 
43 256 341 236 80 41 18 9 25 221 346 253 102 44 20 13 153 355 316 116 47 23 12 2 
174 298 194 142 72 54 43 47 100 296 213 156 92 60 46 61 354 263 153 92 66 37 36 23 
169 301 196 139 85 57 37 40 98 313 206 147 103 66 42 49 360 265 148 111 51 46 27 16 
239 318 155 115 81 44 36 36 166 331 179 121 92 53 36 46 434 244 121 86 57 37 25 20 
187 267 192 138 91 57 39 53 94 268 210 160 105 75 47 65 352 227 165 99 71 42 44 24 
193 272 167 145 94 58 38 57 96 269 209 159 107 77 45 62 327 254 156 104 74 42 34 33 
303 297 153 110 59 44 28 30 172 351 173 121 87 47 37 36 470 207 136 81 47 38 27 18 
301 286 173 103 74 36 13 38 167 316 210 124 93 53 19 42 476 206 142 79 60 21 18 22 
327 279 160 98 66 34 27 33 221 313 194 116 75 35 31 39 482 230 109 81 44 36 24 18 
439 268 113 78 60 24 20 22 343 301 147 86 64 32 23 28 577 191 102 63 39 17 25 10 
274 234 201 125 78 52 25 35 167 267 181 177 81 73 32 46 424 221 166 78 62 26 28 19 
381 265 126 78 68 39 36 31 224 343 169 92 62 55 37 42 509 211 93 70 55 34 32 20 
465 264 118 62 50 21 17 27 398 296 128 72 56 29 17 28 580 199 89 59 42 15 16 24 
69 518 235 89 46 36 29 2 48 500 223 117 55 44 34 3 526 285 120 49 29 15 0 0 
54 507 308 108 40 6 1 0 20 428 305 176 73 21 1 0 569 309 108 32 5 1 0 0 
21 257 345 215 100 60 21 5 8 176 307 267 134 84 40 8 294 368 219 91 33 13 5 1 
43 313 286 178 97 57 29 21 55 288 272 200 105 62 27 15 380 284 174 98 40 28 11 9 
25 223 231 181 146 117 62 39 16 200 217 190 154 132 82 33 305 242 187 115 82 61 27 5 
41 204 222 195 155 108 71 28 15 147 207 201 196 135 86 37 219 267 211 148 96 52 21 10 
47 304 231 151 92 72 55 72 15 276 259 156 122 69 66 61 313 266 155 92 74 47 29 48 
40 337 241 130 99 55 46 76 28 305 263 142 106 58 52 70 244 319 143 107 69 40 44 58 
22 161 204 160 103 84 95 195 22 137 217 173 108 100 93 174 169 205 162 94 97 84 93 120 
29 125 220 239 121 82 96 112 38 136 219 215 143 96 81 96 184 232 202 124 77 88 62 55 
4 86 128 142 167 141 134 222 16 87 131 162 159 155 137 177 134 146 148 135 128 120 122 91 
8 43 122 200 215 182 120 134 20 41 133 194 225 177 123 111 128 204 197 181 117 77 64 56 
7 44 116 163 220 187 151 136 13 49 109 171 232 194 134 122 174 184 201 186 125 100 44 10 
13 56 132 132 164 193 124 210 16 61 111 122 166 223 137 188 198 181 150 109 123 117 93 53 
49 297 233 114 108 86 57 80 62 261 245 141 101 99 46 69 193 346 174 103 73 64 43 28 
46 309 386 225 50 6 1 1 63 280 365 237 69 8 2 0 154 474 303 79 10 3 1 0 
5 78 328 323 209 70 9 2 9 86 310 348 201 63 6 1 42 259 385 247 79 10 2 0 
7 119 382 356 130 25 5 0 7 116 370 375 126 25 5 0 54 338 416 168 37 7 4 0 
39 182 338 312 86 32 19 16 30 163 299 366 93 37 19 17 104 320 401 111 45 22 12 9 
157 383 227 102 47 37 37 34 91 372 246 132 63 43 34 43 357 312 158 69 44 32 29 23 
169 322 203 144 72 47 31 36 127 308 225 154 85 50 32 43 355 263 172 92 61 37 25 19 
154 246 179 157 104 71 47 66 105 223 196 168 115 80 54 83 326 201 171 115 69 53 56 33 
260 276 173 115 83 45 38 34 159 299 207 122 97 53 38 49 430 220 127 105 57 37 30 18 
232 268 200 105 82 56 32 49 135 301 196 140 95 62 42 53 387 221 158 79 67 46 27 39 
194 223 200 149 96 49 57 56 116 229 206 151 123 75 43 81 313 214 167 124 67 50 51 38 
260 275 170 119 90 43 29 38 141 308 193 141 107 56 29 49 429 208 140 102 57 35 32 21 
392 288 136 63 47 36 17 45 263 359 154 82 56 39 20 51 537 204 105 51 42 29 17 39 
449 267 123 65 45 27 19 29 308 355 147 78 49 33 20 34 600 170 98 56 39 19 24 18 
289 270 168 93 72 43 32 57 193 309 184 114 72 58 33 61 428 224 123 84 57 33 37 38 
397 287 124 77 68 43 14 14 261 346 167 87 70 51 25 17 517 237 101 67 56 28 9 9 
507 286 104 55 34 18 8 12 363 380 128 54 43 29 14 13 635 209 88 37 27 13 8 7 
565 237 85 48 22 19 14 34 515 254 105 54 26 20 11 39 706 130 71 36 15 21 17 28 
16 177 283 227 187 117 17 0 7 148 232 212 178 174 72 1 165 282 232 173 123 45 4 0 
73 368 292 178 92 21 0 0 41 317 302 217 96 37 12 2 465 335 132 60 30 2 0 0 
21 237 299 210 174 74 9 0 13 156 296 242 194 106 17 0 330 353 187 114 30 10 0 0 
24 271 341 203 119 48 16 2 9 206 298 257 132 103 14 5 381 314 160 102 47 19 1 0 
7 166 202 263 165 127 61 33 17 122 191 257 183 137 73 44 225 307 220 148 80 26 13 5 
3 85 203 275 234 129 45 50 9 64 140 241 274 183 65 48 247 222 235 161 82 26 24 27 
19 157 208 203 179 120 99 39 2 95 199 186 220 145 117 60 272 266 243 110 76 39 12 6 
58 269 183 116 109 74 81 134 80 303 137 99 128 80 88 109 292 240 117 83 71 65 65 91 
70 297 200 100 86 74 65 132 47 282 218 113 88 90 73 113 274 268 107 86 71 62 73 83 
12 102 221 184 129 126 84 166 15 99 227 189 148 115 90 141 185 182 139 135 120 92 94 77 
7 65 131 153 134 146 132 256 26 82 112 154 176 124 158 192 128 122 118 124 137 120 151 124 
4 48 137 180 183 168 146 158 9 62 143 204 189 163 141 113 108 169 165 155 157 123 98 49 
1 28 99 167 177 158 148 246 4 34 125 163 168 176 164 190 87 146 166 137 137 116 121 114 
3 68 127 149 153 166 146 212 16 67 129 163 161 152 156 180 140 140 161 141 148 122 106 66 
95 201 127 131 143 137 81 109 136 183 133 116 132 140 91 93 307 212 140 122 90 63 55 35 
232 643 102 15 9 6 3 14 301 583 95 16 6 6 3 14 516 425 44 12 5 5 3 14 
50 533 287 102 39 9 2 2 69 531 268 107 34 11 2 2 264 505 180 53 17 3 2 0 
22 150 398 362 63 19 5 5 17 157 378 367 73 24 4 4 90 363 418 117 23 7 5 1 
97 296 260 167 115 46 25 18 67 278 272 205 100 58 22 22 263 292 212 136 67 29 14 11 
179 348 217 143 69 29 21 18 106 344 241 161 80 43 26 23 369 277 193 86 47 25 15 12 
163 242 185 155 100 76 51 52 112 217 190 168 109 95 67 66 321 241 170 114 64 49 47 18 
175 284 201 154 85 64 32 29 109 267 221 164 111 66 49 37 357 259 158 91 82 39 30 8 
258 298 187 126 76 34 19 26 151 329 211 141 90 48 23 31 432 246 145 94 50 24 17 16 
377 287 127 88 49 47 16 33 283 334 152 92 59 46 26 32 501 227 104 75 41 35 20 21 
398 327 128 73 37 21 18 22 349 342 147 80 41 25 18 22 576 208 104 55 30 17 18 16 
367 311 138 80 49 33 24 22 255 367 172 90 53 33 26 28 549 201 124 47 39 31 21 12 
364 247 145 95 61 49 29 34 233 304 153 122 72 63 37 40 519 181 121 63 58 36 18 28 
447 272 123 86 42 17 16 21 309 361 137 102 53 22 17 23 584 174 126 62 33 14 14 17 
440 246 138 88 34 37 21 20 322 312 154 95 53 38 26 24 574 175 113 66 32 28 19 17 
618 206 69 46 32 23 11 19 513 282 76 47 43 26 13 24 726 119 71 42 19 21 11 15 
582 155 102 73 48 32 23 9 477 204 101 85 58 44 31 24 660 126 88 56 45 28 16 5 
605 171 80 45 36 31 23 33 506 231 91 63 37 35 18 43 674 132 71 40 34 23 35 15 
