0 0 0 0 660 364 0 0 0 0 0 0 0 1015 9 0 0 0 0 0 0 0 1024 0 
0 0 0 0 260 764 0 0 0 0 0 0 0 876 148 0 0 0 0 0 0 0 991 33 
0 0 0 0 70 954 0 0 0 0 0 0 0 732 292 0 0 0 0 0 0 0 931 93 
0 0 0 0 15 1009 0 0 0 0 0 0 0 484 540 0 0 0 0 0 0 0 836 188 
0 0 0 0 5 1019 0 0 0 0 0 0 0 242 782 0 0 0 0 0 0 0 685 339 
0 0 0 0 0 1024 0 0 0 0 0 0 0 23 1001 0 0 0 0 0 0 0 611 413 
0 0 0 0 0 1024 0 0 0 0 0 0 0 16 1008 0 0 0 0 0 0 0 611 413 
0 0 0 0 0 1022 2 0 0 0 0 0 0 18 1006 0 0 0 0 0 0 0 568 456 
0 0 0 0 46 978 0 0 0 0 0 0 0 197 827 0 0 0 0 0 0 0 724 300 
0 0 0 0 222 802 0 0 0 0 0 0 0 340 684 0 0 0 0 0 0 0 837 187 
0 0 0 0 163 861 0 0 0 0 0 0 0 296 728 0 0 0 0 0 0 0 738 286 
0 0 0 0 15 1009 0 0 0 0 0 0 0 72 952 0 0 0 0 0 0 0 539 485 
0 0 0 0 9 1015 0 0 0 0 0 0 0 43 981 0 0 0 0 0 0 0 458 566 
0 0 0 0 30 994 0 0 0 0 0 0 0 71 953 0 0 0 0 0 0 0 386 638 
0 0 0 0 191 833 0 0 0 0 0 0 0 201 823 0 0 0 0 0 0 0 480 544 
0 0 0 12 416 596 0 0 0 0 0 0 0 410 614 0 0 0 0 0 0 0 658 366 
0 0 0 98 513 413 0 0 0 0 0 0 0 561 463 0 0 0 0 0 0 0 768 256 
0 0 0 309 407 308 0 0 0 0 0 0 0 692 332 0 0 0 0 0 0 0 842 182 
0 0 0 478 371 175 0 0 0 0 0 0 0 799 225 0 0 0 0 0 0 0 922 102 
0 0 0 573 367 84 0 0 0 0 0 0 2 861 161 0 0 0 0 0 0 0 911 113 
0 0 0 531 487 6 0 0 0 0 0 0 1 883 140 0 0 0 0 0 0 0 912 112 
0 0 0 447 574 3 0 0 0 0 0 0 2 987 35 0 0 0 0 0 0 0 934 90 
0 0 0 457 566 1 0 0 0 0 0 0 0 984 40 0 0 0 0 0 0 0 858 166 
0 0 0 482 541 1 0 0 0 0 0 0 1 1004 19 0 0 0 0 0 0 0 913 111 
0 0 0 498 520 6 0 0 0 0 0 0 0 1004 20 0 0 0 0 0 0 0 941 83 
0 0 1 466 557 0 0 0 0 0 0 0 1 1007 16 0 0 0 0 0 0 0 982 42 
0 0 0 583 437 4 0 0 0 0 0 0 16 1001 7 0 0 0 0 0 0 0 976 48 
0 0 55 622 343 4 0 0 0 0 0 0 113 910 1 0 0 0 0 0 0 0 1005 19 
0 0 129 598 292 5 0 0 0 0 0 0 364 660 0 0 0 0 0 0 0 5 1003 16 
0 0 171 538 315 0 0 0 0 0 0 0 440 584 0 0 0 0 0 0 0 27 994 3 
0 0 133 608 283 0 0 0 0 0 0 0 489 535 0 0 0 0 0 0 0 42 982 0 
0 0 232 577 215 0 0 0 0 0 0 0 604 420 0 0 0 0 0 0 0 179 845 0 
0 0 183 689 152 0 0 0 0 0 0 0 716 308 0 0 0 0 0 0 0 262 762 0 
0 0 145 780 99 0 0 0 0 0 0 0 757 267 0 0 0 0 0 0 0 378 646 0 
0 0 211 782 31 0 0 0 0 0 0 0 910 114 0 0 0 0 0 0 0 564 460 0 
0 0 397 608 19 0 0 0 0 0 0 0 1004 20 0 0 0 0 0 0 0 778 246 0 
0 0 537 432 55 0 0 0 0 0 0 56 904 64 0 0 0 0 0 0 0 841 183 0 
0 0 362 396 266 0 0 0 0 0 0 115 732 177 0 0 0 0 0 0 0 761 263 0 
0 0 299 455 238 0 0 0 0 0 0 149 709 134 0 0 0 0 0 0 4 756 232 0 
0 0 0 0 1014 10 0 0 0 0 0 0 0 1024 0 0 0 0 0 0 0 0 1024 0 
0 0 0 0 878 146 0 0 0 0 0 0 0 1024 0 0 0 0 0 0 0 0 1020 4 
0 0 0 0 387 637 0 0 0 0 0 0 0 993 31 0 0 0 0 0 0 0 994 30 
0 0 0 0 80 944 0 0 0 0 0 0 0 906 118 0 0 0 0 0 0 0 904 120 
0 0 0 0 8 1016 0 0 0 0 0 0 0 361 663 0 0 0 0 0 0 0 771 253 
0 0 0 0 1 1023 0 0 0 0 0 0 0 53 971 0 0 0 0 0 0 0 634 390 
0 0 0 0 0 1024 0 0 0 0 0 0 0 11 1013 0 0 0 0 0 0 0 495 529 
0 0 0 0 0 1024 0 0 0 0 0 0 0 4 1020 0 0 0 0 0 0 0 460 564 
0 0 0 0 2 1022 0 0 0 0 0 0 0 34 990 0 0 0 0 0 0 0 444 580 
0 0 0 0 0 1024 0 0 0 0 0 0 0 28 996 0 0 0 0 0 0 0 499 525 
0 0 0 0 0 1024 0 0 0 0 0 0 0 17 1007 0 0 0 0 0 0 0 317 707 
0 0 0 0 0 947 77 0 0 0 0 0 0 0 1024 0 0 0 0 0 0 0 104 920 
0 0 0 0 0 758 266 0 0 0 0 0 0 0 1024 0 0 0 0 0 0 0 80 944 
0 0 0 0 0 857 167 0 0 0 0 0 0 0 1024 0 0 0 0 0 0 0 32 992 
0 0 0 0 0 986 38 0 0 0 0 0 0 0 1024 0 0 0 0 0 0 0 31 993 
0 0 0 0 0 1021 3 0 0 0 0 0 0 3 1021 0 0 0 0 0 0 0 165 859 
0 0 0 0 27 997 0 0 0 0 0 0 0 10 1014 0 0 0 0 0 0 0 286 738 
0 0 0 0 118 906 0 0 0 0 0 0 0 24 1000 0 0 0 0 0 0 0 341 683 
0 0 0 0 314 710 0 0 0 0 0 0 0 77 947 0 0 0 0 0 0 0 452 572 
0 0 0 0 422 602 0 0 0 0 0 0 0 171 853 0 0 0 0 0 0 0 420 604 
0 0 0 0 387 637 0 0 0 0 0 0 0 167 857 0 0 0 0 0 0 0 379 645 
0 0 0 0 488 536 0 0 0 0 0 0 0 162 862 0 0 0 0 0 0 0 296 728 
0 0 0 0 352 672 0 0 0 0 0 0 0 116 908 0 0 0 0 0 0 0 170 854 
0 0 0 0 248 776 0 0 0 0 0 0 0 113 911 0 0 0 0 0 0 0 172 852 
0 0 0 0 186 838 0 0 0 0 0 0 0 91 933 0 0 0 0 0 0 0 164 860 
0 0 0 0 161 863 0 0 0 0 0 0 0 103 921 0 0 0 0 0 0 0 239 785 
0 0 0 0 188 835 1 0 0 0 0 0 0 93 931 0 0 0 0 0 0 0 300 724 
0 0 0 0 173 851 0 0 0 0 0 0 0 149 875 0 0 0 0 0 0 0 268 756 
0 0 0 0 194 830 0 0 0 0 0 0 0 297 727 0 0 0 0 0 0 0 427 597 
0 0 0 0 244 780 0 0 0 0 0 0 0 328 696 0 0 0 0 0 0 0 562 462 
0 0 0 0 243 781 0 0 0 0 0 0 0 516 508 0 0 0 0 0 0 0 820 204 
0 0 0 0 336 688 0 0 0 0 0 0 0 745 279 0 0 0 0 0 0 0 951 73 
0 0 0 0 445 579 0 0 0 0 0 0 0 929 95 0 0 0 0 0 0 0 994 30 
0 0 0 1 445 578 0 0 0 0 0 0 0 930 94 0 0 0 0 0 0 0 1014 10 
0 0 0 0 619 405 0 0 0 0 0 0 2 1020 2 0 0 0 0 0 0 1 1023 0 
0 0 0 25 702 297 0 0 0 0 0 0 24 1000 0 0 0 0 0 0 0 3 1021 0 
0 0 0 1 1015 8 0 0 0 0 0 0 6 1018 0 0 0 0 0 0 0 4 1020 0 
0 0 0 36 988 0 0 0 0 0 0 0 117 907 0 0 0 0 0 0 0 97 927 0 
0 0 0 48 944 0 0 0 0 0 0 0 218 774 0 0 0 0 0 0 0 148 844 0 
0 0 0 0 1005 19 0 0 0 0 0 0 0 1024 0 0 0 0 0 0 0 0 1024 0 
0 0 0 0 829 195 0 0 0 0 0 0 0 1024 0 0 0 0 0 0 0 0 1022 2 
0 0 0 0 502 522 0 0 0 0 0 0 0 1011 13 0 0 0 0 0 0 0 1014 10 
0 0 0 0 188 836 0 0 0 0 0 0 0 895 129 0 0 0 0 0 0 0 984 40 
0 0 0 0 24 1000 0 0 0 0 0 0 0 524 500 0 0 0 0 0 0 0 830 194 
0 0 0 0 14 1010 0 0 0 0 0 0 0 214 810 0 0 0 0 0 0 0 763 261 
0 0 0 0 15 1009 0 0 0 0 0 0 0 93 931 0 0 0 0 0 0 0 649 375 
0 0 0 0 6 1018 0 0 0 0 0 0 0 33 991 0 0 0 0 0 0 0 494 530 
0 0 0 0 0 1024 0 0 0 0 0 0 0 3 1021 0 0 0 0 0 0 0 349 675 
0 0 0 0 0 1024 0 0 0 0 0 0 0 1 1023 0 0 0 0 0 0 0 184 840 
0 0 0 0 0 998 26 0 0 0 0 0 0 0 1024 0 0 0 0 0 0 0 62 962 
0 0 0 0 0 648 376 0 0 0 0 0 0 0 1024 0 0 0 0 0 0 0 13 1011 
0 0 0 0 0 280 744 0 0 0 0 0 0 0 1024 0 0 0 0 0 0 0 2 1022 
0 0 0 0 0 296 728 0 0 0 0 0 0 0 1024 0 0 0 0 0 0 0 2 1022 
0 0 0 0 0 445 579 0 0 0 0 0 0 0 1024 0 0 0 0 0 0 0 3 1021 
0 0 0 0 0 791 233 0 0 0 0 0 0 0 1024 0 0 0 0 0 0 0 16 1008 
0 0 0 0 0 941 83 0 0 0 0 0 0 0 1024 0 0 0 0 0 0 0 15 1009 
0 0 0 0 0 1015 9 0 0 0 0 0 0 0 1024 0 0 0 0 0 0 0 33 991 
0 0 0 0 2 1021 1 0 0 0 0 0 0 0 1024 0 0 0 0 0 0 0 61 963 
0 0 0 0 2 1022 0 0 0 0 0 0 0 0 1024 0 0 0 0 0 0 0 98 926 
0 0 0 0 2 1022 0 0 0 0 0 0 0 0 1024 0 0 0 0 0 0 0 67 957 
0 0 0 0 17 1007 0 0 0 0 0 0 0 0 1024 0 0 0 0 0 0 0 82 942 
0 0 0 0 2 1022 0 0 0 0 0 0 0 0 1024 0 0 0 0 0 0 0 34 990 
0 0 0 0 4 1020 0 0 0 0 0 0 0 2 1022 0 0 0 0 0 0 0 32 992 
0 0 0 0 4 1020 0 0 0 0 0 0 0 1 1023 0 0 0 0 0 0 0 33 991 
0 0 0 0 3 1020 1 0 0 0 0 0 0 0 1024 0 0 0 0 0 0 0 35 989 
0 0 0 0 0 1024 0 0 0 0 0 0 0 1 1023 0 0 0 0 0 0 0 28 996 
0 0 0 0 0 1024 0 0 0 0 0 0 0 0 1024 0 0 0 0 0 0 0 21 1003 
0 0 0 0 0 1024 0 0 0 0 0 0 0 0 1024 0 0 0 0 0 0 0 55 969 
0 0 0 0 0 1018 6 0 0 0 0 0 0 4 1020 0 0 0 0 0 0 0 123 901 
0 0 0 0 2 1018 4 0 0 0 0 0 0 36 988 0 0 0 0 0 0 0 320 704 
0 0 0 0 2 1022 0 0 0 0 0 0 0 100 924 0 0 0 0 0 0 0 600 424 
0 0 0 0 2 1022 0 0 0 0 0 0 0 250 774 0 0 0 0 0 0 0 770 254 
0 0 0 0 18 1006 0 0 0 0 0 0 0 670 354 0 0 0 0 0 0 0 916 108 
0 0 0 0 117 907 0 0 0 0 0 0 0 896 128 0 0 0 0 0 0 0 1002 22 
0 0 0 0 368 656 0 0 0 0 0 0 0 1004 20 0 0 0 0 0 0 0 1021 3 
0 0 0 0 836 188 0 0 0 0 0 0 0 1024 0 0 0 0 0 0 0 0 1024 0 
0 0 0 2 1016 6 0 0 0 0 0 0 18 1006 0 0 0 0 0 0 0 3 1021 0 
0 0 0 17 969 6 0 0 0 0 0 0 45 947 0 0 0 0 0 0 0 16 976 0 
0 0 0 0 924 100 0 0 0 0 0 0 0 1024 0 0 0 0 0 0 0 1 1023 0 
0 0 0 0 722 302 0 0 0 0 0 0 0 1024 0 0 0 0 0 0 0 0 1024 0 
0 0 0 0 296 728 0 0 0 0 0 0 0 1001 23 0 0 0 0 0 0 0 1024 0 
0 0 0 0 94 930 0 0 0 0 0 0 0 903 121 0 0 0 0 0 0 0 1014 10 
0 0 0 0 28 996 0 0 0 0 0 0 0 580 444 0 0 0 0 0 0 0 949 75 
0 0 0 0 37 987 0 0 0 0 0 0 0 379 645 0 0 0 0 0 0 0 877 147 
0 0 0 0 12 1012 0 0 0 0 0 0 0 204 820 0 0 0 0 0 0 0 822 202 
0 0 0 0 10 1014 0 0 0 0 0 0 0 55 969 0 0 0 0 0 0 0 615 409 
0 0 0 0 0 1024 0 0 0 0 0 0 0 3 1021 0 0 0 0 0 0 0 290 734 
0 0 0 2 4 1016 2 0 0 0 1 1 3 2 1017 0 0 0 0 0 2 3 116 903 
0 0 0 0 0 961 63 0 0 0 0 0 0 0 1020 4 0 0 0 0 0 0 70 954 
0 0 0 0 0 757 267 0 0 0 0 0 0 0 1009 15 0 0 0 0 0 0 17 1007 
0 0 0 0 0 647 377 0 0 0 0 0 0 0 1024 0 0 0 0 0 0 0 12 1012 
0 0 0 0 1 754 269 0 0 0 0 0 0 3 1021 0 0 0 0 0 0 2 20 1002 
0 0 0 0 0 796 228 0 0 0 0 0 0 0 1024 0 0 0 0 0 0 0 6 1018 
0 0 0 0 1 933 90 0 0 0 0 0 0 0 1024 0 0 0 0 0 0 0 12 1012 
0 0 0 0 0 958 66 0 0 0 0 0 0 0 1024 0 0 0 0 0 0 0 8 1016 
0 0 0 0 0 1004 20 0 0 0 0 0 0 0 1024 0 0 0 0 0 0 0 5 1019 
0 0 0 0 2 1012 10 0 0 0 0 0 0 3 1021 0 0 0 0 0 0 0 53 971 
0 0 0 0 0 995 29 0 0 0 0 0 0 0 1024 0 0 0 0 0 0 0 27 997 
0 0 0 0 0 948 76 0 0 0 0 0 0 3 1021 0 0 0 0 0 0 0 39 985 
0 0 0 0 0 1002 22 0 0 0 0 0 0 0 1024 0 0 0 0 0 0 0 45 979 
0 0 0 0 0 1021 3 0 0 0 0 0 0 0 1024 0 0 0 0 0 0 0 8 1016 
0 0 0 0 0 1019 5 0 0 0 0 0 0 0 1024 0 0 0 0 0 0 0 9 1015 
0 0 0 0 0 1022 2 0 0 0 0 0 0 0 1024 0 0 0 0 0 0 0 11 1013 
0 0 0 0 0 1024 0 0 0 0 0 0 0 0 1024 0 0 0 0 0 0 0 4 1020 
0 0 0 0 0 939 85 0 0 0 0 0 0 0 1024 0 0 0 0 0 0 0 0 1024 
0 0 0 0 0 759 265 0 0 0 0 0 0 0 1024 0 0 0 0 0 0 0 1 1023 
0 0 0 0 0 806 218 0 0 0 0 0 0 0 1024 0 0 0 0 0 0 0 10 1014 
0 0 0 0 2 878 144 0 0 0 0 0 0 5 1019 0 0 0 0 0 0 0 70 954 
0 0 0 0 0 1006 18 0 0 0 0 0 0 0 1024 0 0 0 0 0 0 0 162 862 
0 0 0 0 0 1022 2 0 0 0 0 0 0 22 1002 0 0 0 0 0 0 0 410 614 
0 0 0 0 0 1022 2 0 0 0 0 0 0 45 979 0 0 0 0 0 0 0 584 440 
0 0 0 0 4 1020 0 0 0 0 0 0 0 338 686 0 0 0 0 0 0 0 842 182 
0 0 0 0 91 933 0 0 0 0 0 0 0 807 217 0 0 0 0 0 0 0 991 33 
0 0 0 0 349 675 0 0 0 0 0 0 0 1001 23 0 0 0 0 0 0 0 1024 0 
0 0 0 0 510 514 0 0 0 0 0 0 0 1024 0 0 0 0 0 0 0 0 1024 0 
0 0 0 0 861 163 0 0 0 0 0 0 0 1024 0 0 0 0 0 0 0 0 1024 0 
0 0 0 0 923 69 0 0 0 0 0 0 0 992 0 0 0 0 0 0 0 0 992 0 
0 0 0 0 572 452 0 0 0 0 0 0 0 1004 20 0 0 0 0 0 0 0 1024 0 
0 0 0 0 237 787 0 0 0 0 0 0 0 1018 6 0 0 0 0 0 0 0 1024 0 
0 0 0 0 22 1002 0 0 0 0 0 0 0 912 112 0 0 0 0 0 0 0 1010 14 
0 0 0 0 6 1018 0 0 0 0 0 0 0 587 437 0 0 0 0 0 0 0 984 40 
0 0 0 0 0 1024 0 0 0 0 0 0 0 251 773 0 0 0 0 0 0 0 938 86 
0 0 0 0 0 1024 0 0 0 0 0 0 0 44 980 0 0 0 0 0 0 0 834 190 
0 0 0 0 0 1024 0 0 0 0 0 0 0 17 1007 0 0 0 0 0 0 0 622 402 
0 0 0 0 0 1024 0 0 0 0 0 0 0 0 1024 0 0 0 0 0 0 0 395 629 
0 0 0 0 0 1024 0 0 0 0 0 0 0 0 1024 0 0 0 0 0 0 0 144 880 
0 0 0 0 0 963 61 0 0 0 0 0 0 1 1023 0 0 0 0 0 0 0 46 978 
0 0 0 0 0 681 343 0 0 0 0 0 0 0 1024 0 0 0 0 0 0 0 12 1012 
0 0 0 0 0 294 730 0 0 0 0 0 0 0 1024 0 0 0 0 0 0 0 2 1022 
0 0 0 0 0 319 705 0 0 0 0 0 0 0 1023 1 0 0 0 0 0 0 1 1023 
0 0 0 0 0 271 753 0 0 0 0 0 0 0 1024 0 0 0 0 0 0 0 0 1024 
0 0 0 0 0 281 743 0 0 0 0 0 0 0 1013 11 0 0 0 0 0 0 0 1024 
0 0 0 0 0 221 803 0 0 0 0 0 0 0 989 35 0 0 0 0 0 0 2 1022 
0 0 0 0 0 292 732 0 0 0 0 0 0 0 1004 20 0 0 0 0 0 0 0 1024 
0 0 0 0 0 246 778 0 0 0 0 0 0 0 955 69 0 0 0 0 0 0 3 1021 
0 0 0 0 0 131 893 0 0 0 0 0 0 0 916 108 0 0 0 0 0 0 5 1019 
0 0 0 0 0 87 937 0 0 0 0 0 0 0 963 61 0 0 0 0 0 0 1 1023 
0 0 0 0 0 76 948 0 0 0 0 0 0 0 939 85 0 0 0 0 0 0 8 1016 
0 0 0 0 0 96 928 0 0 0 0 0 0 2 986 36 0 0 0 0 0 0 4 1020 
0 0 0 0 0 158 866 0 0 0 0 0 0 0 983 41 0 0 0 0 0 0 0 1024 
0 0 0 0 0 115 909 0 0 0 0 0 0 0 986 38 0 0 0 0 0 0 0 1024 
0 0 0 0 0 117 907 0 0 0 0 0 0 1 986 37 0 0 0 0 0 0 4 1020 
0 0 0 0 0 139 885 0 0 0 0 0 0 0 1003 21 0 0 0 0 0 0 1 1023 
0 0 0 0 0 68 956 0 0 0 0 0 0 0 1015 9 0 0 0 0 0 0 0 1024 
0 0 0 0 0 24 1000 0 0 0 0 0 0 0 984 40 0 0 0 0 0 0 0 1024 
0 0 0 0 0 93 931 0 0 0 0 0 0 0 993 31 0 0 0 0 0 0 1 1023 
0 0 0 0 0 427 597 0 0 0 0 0 0 1 1022 1 0 0 0 0 0 1 31 992 
0 0 0 0 0 743 281 0 0 0 0 0 0 0 1024 0 0 0 0 0 0 0 43 981 
0 0 0 0 0 948 76 0 0 0 0 0 0 3 1021 0 0 0 0 0 0 0 275 749 
0 0 0 0 0 851 173 0 0 0 0 0 0 30 994 0 0 0 0 0 0 0 368 656 
0 0 0 0 2 918 104 0 0 0 0 0 0 101 923 0 0 0 0 0 0 0 481 543 
0 0 0 0 1 1002 21 0 0 0 0 0 0 169 855 0 0 0 0 0 0 0 728 296 
0 0 0 0 6 1018 0 0 0 0 0 0 0 512 512 0 0 0 0 0 0 0 950 74 
0 0 0 0 117 907 0 0 0 0 0 0 0 939 85 0 0 0 0 0 0 0 1013 11 
0 0 0 0 498 526 0 0 0 0 0 0 0 1016 8 0 0 0 0 0 0 0 1024 0 
0 0 0 0 565 427 0 0 0 0 0 0 0 987 5 0 0 0 0 0 0 0 992 0 
0 0 0 0 32 992 0 0 0 0 0 0 0 916 108 0 0 0 0 0 0 0 1024 0 
0 0 0 0 3 1021 0 0 0 0 0 0 0 863 161 0 0 0 0 0 0 0 1022 2 
0 0 0 0 0 1024 0 0 0 0 0 0 0 390 634 0 0 0 0 0 0 0 1004 20 
0 0 0 0 0 1024 0 0 0 0 0 0 0 54 970 0 0 0 0 0 0 0 970 54 
0 0 0 0 0 1020 4 0 0 0 0 0 0 9 1015 0 0 0 0 0 0 0 729 295 
0 0 0 0 0 1001 23 0 0 0 0 0 0 1 1023 0 0 0 0 0 0 0 568 456 
0 0 0 0 0 961 63 0 0 0 0 0 0 0 1024 0 0 0 0 0 0 0 331 693 
0 0 0 0 0 855 169 0 0 0 0 0 0 1 1023 0 0 0 0 0 0 0 121 903 
0 0 0 0 0 629 395 0 0 0 0 0 0 0 1024 0 0 0 0 0 0 0 44 980 
0 0 0 0 0 366 658 0 0 0 0 0 0 0 1024 0 0 0 0 0 0 0 22 1002 
0 0 0 0 0 128 896 0 0 0 0 0 0 0 1020 4 0 0 0 0 0 0 0 1024 
0 0 0 0 0 28 996 0 0 0 0 0 0 0 1013 11 0 0 0 0 0 0 0 1024 
0 0 0 0 0 2 1022 0 0 0 0 0 0 0 993 31 0 0 0 0 0 0 2 1022 
0 0 0 0 0 1 1023 0 0 0 0 0 0 0 894 130 0 0 0 0 0 0 0 1024 
0 0 0 0 0 0 1023 1 0 0 0 0 0 0 792 232 0 0 0 0 0 0 0 1024 
0 0 0 0 0 0 1023 1 0 0 0 0 0 0 443 581 0 0 0 0 0 0 5 1019 
0 0 0 0 0 0 1024 0 0 0 0 0 0 0 497 527 0 0 0 0 0 0 0 1024 
0 0 0 0 0 0 1024 0 0 0 0 0 0 0 323 701 0 0 0 0 0 0 0 1024 
0 0 0 0 1 4 1017 2 0 0 0 0 0 3 403 618 0 0 0 0 0 2 10 1012 
0 0 0 0 0 0 1023 1 0 0 0 0 0 0 395 629 0 0 0 0 0 0 0 1024 
0 0 0 0 0 0 1023 1 0 0 0 0 0 0 309 715 0 0 0 0 0 0 0 1024 
0 0 0 0 0 1 1023 0 0 0 0 0 0 0 393 631 0 0 0 0 0 0 3 1021 
0 0 0 0 0 7 1013 4 0 0 0 0 0 0 433 591 0 0 0 0 0 0 8 1016 
0 0 0 0 0 0 1016 8 0 0 0 0 0 0 374 650 0 0 0 0 0 0 1 1023 
0 0 0 0 0 1 1017 6 0 0 0 0 0 0 570 454 0 0 0 0 0 0 5 1019 
0 0 0 0 0 0 1023 1 0 0 0 0 0 0 657 367 0 0 0 0 0 0 0 1024 
0 0 0 0 0 0 1023 1 0 0 0 0 0 0 639 385 0 0 0 0 0 0 0 1024 
0 0 0 0 0 0 1022 2 0 0 0 0 0 0 702 322 0 0 0 0 0 0 0 1024 
0 0 0 0 0 2 1015 7 0 0 0 0 0 0 851 173 0 0 0 0 0 0 0 1024 
0 0 0 0 0 15 1005 4 0 0 0 0 0 0 891 133 0 0 0 0 0 0 0 1024 
0 0 0 0 0 7 1015 2 0 0 0 0 0 0 953 71 0 0 0 0 0 0 0 1024 
0 0 0 0 0 61 961 2 0 0 0 0 0 0 1014 10 0 0 0 0 0 0 2 1022 
0 0 0 0 0 37 987 0 0 0 0 0 0 0 1022 2 0 0 0 0 0 0 3 1021 
0 0 0 0 0 48 976 0 0 0 0 0 0 0 1024 0 0 0 0 0 0 0 15 1009 
0 0 0 0 0 256 768 0 0 0 0 0 0 0 1024 0 0 0 0 0 0 0 85 939 
0 0 0 0 0 515 509 0 0 0 0 0 0 5 1018 1 0 0 0 0 0 0 354 670 
0 0 0 0 0 805 219 0 0 0 0 0 0 46 978 0 0 0 0 0 0 0 674 350 
0 0 0 0 0 947 77 0 0 0 0 0 0 198 826 0 0 0 0 0 0 0 884 140 
0 0 0 0 0 945 47 0 0 0 0 0 0 273 719 0 0 0 0 0 0 0 893 99 
0 0 0 0 18 1006 0 0 0 0 0 0 0 840 184 0 0 0 0 0 0 0 1024 0 
0 0 0 0 0 1024 0 0 0 0 0 0 0 231 793 0 0 0 0 0 0 0 1015 9 
0 0 0 0 0 1022 2 0 0 0 0 0 0 33 991 0 0 0 0 0 0 0 960 64 
0 0 0 0 0 994 30 0 0 0 0 0 0 3 1021 0 0 0 0 0 0 0 631 393 
0 0 0 0 0 909 115 0 0 0 0 0 0 0 1024 0 0 0 0 0 0 0 522 502 
0 0 0 0 0 860 164 0 0 0 0 0 0 0 1024 0 0 0 0 0 0 0 306 718 
0 0 0 0 0 532 492 0 0 0 0 0 0 0 1024 0 0 0 0 0 0 0 179 845 
0 0 0 0 0 251 773 0 0 0 0 0 0 0 1024 0 0 0 0 0 0 0 48 976 
0 0 0 0 0 16 1008 0 0 0 0 0 0 0 1019 5 0 0 0 0 0 0 5 1019 
0 0 0 0 0 4 1020 0 0 0 0 0 0 0 1010 14 0 0 0 0 0 0 14 1010 
0 0 0 0 0 3 1020 1 0 0 0 0 0 0 1007 17 0 0 0 0 0 0 4 1020 
0 0 0 0 0 0 1024 0 0 0 0 0 0 0 990 34 0 0 0 0 0 0 0 1024 
0 0 0 0 0 1 1023 0 0 0 0 0 0 0 938 86 0 0 0 0 0 0 2 1022 
0 0 0 0 0 0 1024 0 0 0 0 0 0 0 884 140 0 0 0 0 0 0 0 1024 
0 0 0 0 0 0 1023 1 0 0 0 0 0 0 710 314 0 0 0 0 0 0 1 1023 
0 0 0 0 0 0 1021 3 0 0 0 0 0 0 429 595 0 0 0 0 0 0 0 1024 
0 0 0 0 0 0 1015 9 0 0 0 0 0 0 397 627 0 0 0 0 0 0 0 1024 
0 0 0 0 0 0 1021 3 0 0 0 0 0 0 178 846 0 0 0 0 0 0 0 1024 
0 0 0 0 0 0 1015 9 0 0 0 0 0 0 162 862 0 0 0 0 0 0 0 1024 
0 0 0 0 0 0 993 31 0 0 0 0 0 0 90 934 0 0 0 0 0 0 0 1024 
0 0 0 0 0 0 990 34 0 0 0 0 0 0 47 977 0 0 0 0 0 0 0 1024 
0 0 0 0 0 0 997 27 0 0 0 0 0 0 87 937 0 0 0 0 0 0 1 1023 
0 0 0 0 0 0 945 79 0 0 0 0 0 0 125 899 0 0 0 0 0 0 0 1024 
0 0 0 0 0 0 998 26 0 0 0 0 0 0 185 839 0 0 0 0 0 0 0 1024 
0 0 0 0 0 0 998 26 0 0 0 0 0 0 266 758 0 0 0 0 0 0 0 1024 
0 0 0 0 0 0 961 63 0 0 0 0 0 0 226 798 0 0 0 0 0 0 1 1023 
0 0 0 0 0 0 967 57 0 0 0 0 0 0 185 839 0 0 0 0 0 0 0 1024 
0 0 0 0 0 0 858 166 0 0 0 0 0 0 162 862 0 0 0 0 0 0 0 1024 
0 0 0 0 0 0 950 74 0 0 0 0 0 0 161 863 0 0 0 0 0 0 0 1024 
0 0 0 0 0 0 969 55 0 0 0 0 0 0 399 625 0 0 0 0 0 0 0 1024 
0 0 0 0 0 0 975 49 0 0 0 0 0 0 652 372 0 0 0 0 0 0 0 1024 
0 0 0 0 0 0 1011 13 0 0 0 0 0 0 851 173 0 0 0 0 0 0 0 1024 
0 0 0 0 0 1 1005 18 0 0 0 0 0 0 977 47 0 0 0 0 0 0 1 1023 
0 0 0 0 0 0 1024 0 0 0 0 0 0 0 1018 6 0 0 0 0 0 0 3 1021 
0 0 0 0 0 2 1022 0 0 0 0 0 0 0 1023 1 0 0 0 0 0 0 9 1015 
0 0 0 0 0 4 1020 0 0 0 0 0 0 0 1024 0 0 0 0 0 0 0 41 983 
0 0 0 0 0 71 953 0 0 0 0 0 0 3 1021 0 0 0 0 0 0 0 173 851 
0 0 0 0 0 530 494 0 0 0 0 0 0 1 1023 0 0 0 0 0 0 0 587 437 
0 0 0 0 0 650 342 0 0 0 0 0 0 11 981 0 0 0 0 0 0 0 678 314 
0 0 0 0 1 1020 3 0 0 0 0 0 0 322 702 0 0 0 0 0 0 0 988 36 
0 0 0 0 0 1018 6 0 0 0 0 0 0 40 984 0 0 0 0 0 0 0 992 32 
0 0 0 0 0 1021 3 0 0 0 0 0 0 2 1022 0 0 0 0 0 0 0 872 152 
0 0 0 0 0 1003 21 0 0 0 0 0 0 0 1024 0 0 0 0 0 0 0 633 391 
0 0 0 0 0 952 72 0 0 0 0 0 0 0 1024 0 0 0 0 0 0 0 369 655 
0 0 0 0 0 894 130 0 0 0 0 0 0 0 1024 0 0 0 0 0 0 0 198 826 
0 0 0 0 0 726 298 0 0 0 0 0 0 0 1024 0 0 0 0 0 0 0 140 884 
0 0 0 0 0 420 604 0 0 0 0 0 0 0 1024 0 0 0 0 0 0 0 30 994 
0 0 0 0 0 52 972 0 0 0 0 0 0 0 1024 0 0 0 0 0 0 0 26 998 
0 0 0 0 0 53 971 0 0 0 0 0 0 0 1023 1 0 0 0 0 0 0 26 998 
0 0 0 0 0 7 1017 0 0 0 0 0 0 0 1009 15 0 0 0 0 0 0 16 1008 
0 0 0 0 0 5 1018 1 0 0 0 0 0 0 925 99 0 0 0 0 0 0 3 1021 
0 0 0 0 0 4 1020 0 0 0 0 0 0 0 951 73 0 0 0 0 0 0 0 1024 
0 0 0 0 0 0 1024 0 0 0 0 0 0 0 935 89 0 0 0 0 0 0 0 1024 
0 0 0 0 0 0 1023 1 0 0 0 0 0 0 834 190 0 0 0 0 0 0 3 1021 
0 0 0 0 0 0 1024 0 0 0 0 0 0 0 648 376 0 0 0 0 0 0 0 1024 
0 0 0 0 0 0 1020 4 0 0 0 0 0 0 424 600 0 0 0 0 0 0 0 1024 
0 0 0 0 0 0 1024 0 0 0 0 0 0 0 584 440 0 0 0 0 0 0 0 1024 
0 0 0 0 0 0 1021 3 0 0 0 0 0 0 579 445 0 0 0 0 0 0 0 1024 
0 0 0 0 0 1 1021 2 0 0 0 0 0 0 435 589 0 0 0 0 0 0 5 1019 
0 0 0 0 0 1 1010 13 0 0 0 0 0 0 316 708 0 0 0 0 0 0 6 1018 
0 0 0 0 0 0 1020 4 0 0 0 0 0 0 274 750 0 0 0 0 0 0 0 1024 
0 0 0 0 0 0 1016 8 0 0 0 0 0 0 226 798 0 0 0 0 0 0 0 1024 
0 0 0 0 0 3 999 22 0 0 0 0 0 0 223 801 0 0 0 0 0 0 8 1016 
0 0 0 0 0 0 985 39 0 0 0 0 0 0 136 888 0 0 0 0 0 0 0 1024 
0 0 0 0 0 0 979 45 0 0 0 0 0 0 241 783 0 0 0 0 0 0 0 1024 
0 0 0 0 0 0 1000 24 0 0 0 0 0 0 253 771 0 0 0 0 0 0 0 1024 
0 0 0 0 0 0 986 38 0 0 0 0 0 0 363 661 0 0 0 0 0 0 0 1024 
0 0 0 0 0 0 1020 4 0 0 0 0 0 0 482 542 0 0 0 0 0 0 0 1024 
0 0 0 0 0 0 1011 13 0 0 0 0 0 0 602 422 0 0 0 0 0 0 0 1024 
0 0 0 0 0 0 994 30 0 0 0 0 0 0 784 240 0 0 0 0 0 0 0 1024 
0 0 0 0 0 0 1021 3 0 0 0 0 0 0 991 33 0 0 0 0 0 0 3 1021 
0 0 0 0 0 0 1023 1 0 0 0 0 0 0 1018 6 0 0 0 0 0 0 1 1023 
0 0 0 0 0 0 1024 0 0 0 0 0 0 0 1018 6 0 0 0 0 0 0 4 1020 
0 0 0 0 0 0 1024 0 0 0 0 0 0 0 1023 1 0 0 0 0 0 0 8 1016 
0 0 0 0 0 23 1001 0 0 0 0 0 0 0 1024 0 0 0 0 0 0 0 69 955 
0 0 0 0 0 496 528 0 0 0 0 0 0 0 1024 0 0 0 0 0 0 0 430 594 
0 0 0 0 0 892 132 0 0 0 0 0 0 34 990 0 0 0 0 0 0 0 848 176 
0 0 0 0 0 919 73 0 0 0 0 0 0 95 897 0 0 0 0 0 0 0 876 116 
0 0 0 0 0 739 285 0 0 0 0 0 0 1 1015 8 0 0 0 0 0 0 288 736 
0 0 0 0 0 676 348 0 0 0 0 0 0 2 1021 1 0 0 0 0 0 0 434 590 
0 0 0 0 0 1020 4 0 0 0 0 0 0 1 1023 0 0 0 0 0 0 0 717 307 
0 0 0 0 0 1021 3 0 0 0 0 0 0 0 1024 0 0 0 0 0 0 0 549 475 
0 0 0 0 0 993 31 0 0 0 0 0 0 0 1024 0 0 0 0 0 0 0 381 643 
0 0 0 0 0 971 53 0 0 0 0 0 0 0 1024 0 0 0 0 0 0 0 291 733 
0 0 0 0 0 935 89 0 0 0 0 0 0 6 1018 0 0 0 0 0 0 0 182 842 
0 0 0 0 0 809 215 0 0 0 0 0 0 0 1024 0 0 0 0 0 0 0 96 928 
0 0 0 0 0 725 299 0 0 0 0 0 0 0 1024 0 0 0 0 0 0 0 79 945 
0 0 0 0 0 335 689 0 0 0 0 0 0 0 1024 0 0 0 0 0 0 0 22 1002 
0 0 0 0 0 172 852 0 0 0 0 0 0 0 1023 1 0 0 0 0 0 0 6 1018 
0 0 0 0 0 47 977 0 0 0 0 0 0 0 1023 1 0 0 0 0 0 0 6 1018 
0 0 0 0 0 11 1013 0 0 0 0 0 0 0 1005 19 0 0 0 0 0 0 0 1024 
0 0 0 0 0 5 1019 0 0 0 0 0 0 0 918 106 0 0 0 0 0 0 0 1024 
0 0 0 0 0 0 1024 0 0 0 0 0 0 0 835 189 0 0 0 0 0 0 1 1023 
0 0 0 0 0 0 1024 0 0 0 0 0 0 0 690 334 0 0 0 0 0 0 0 1024 
0 0 0 0 0 1 1017 6 0 0 0 0 0 0 463 561 0 0 0 0 0 0 1 1023 
0 0 0 0 0 0 974 50 0 0 0 0 0 0 244 780 0 0 0 0 0 0 1 1023 
0 0 0 0 0 0 1023 1 0 0 0 0 0 0 308 716 0 0 0 0 0 0 1 1023 
0 0 0 0 0 0 1011 13 0 0 0 0 0 0 217 807 0 0 0 0 0 0 0 1024 
0 0 0 0 0 0 1016 8 0 0 0 0 0 0 204 820 0 0 0 0 0 0 0 1024 
0 0 0 0 0 0 999 25 0 0 0 0 0 0 157 867 0 0 0 0 0 0 0 1024 
0 0 0 0 0 0 1010 14 0 0 0 0 0 0 102 922 0 0 0 0 0 0 1 1023 
0 0 0 0 0 0 1019 5 0 0 0 0 0 0 121 903 0 0 0 0 0 0 3 1021 
0 0 0 0 0 0 1001 23 0 0 0 0 0 0 248 776 0 0 0 0 0 0 0 1024 
0 0 0 0 0 0 1014 10 0 0 0 0 0 0 274 750 0 0 0 0 0 0 0 1024 
0 0 0 0 0 0 1016 8 0 0 0 0 0 0 250 774 0 0 0 0 0 0 1 1023 
0 0 0 0 0 0 1012 12 0 0 0 0 0 0 344 680 0 0 0 0 0 0 0 1024 
0 0 0 0 0 0 1017 7 0 0 0 0 0 0 353 671 0 0 0 0 0 0 0 1024 
0 0 0 0 0 0 1019 5 0 0 0 0 0 0 550 474 0 0 0 0 0 0 0 1024 
0 0 0 0 0 0 1019 5 0 0 0 0 0 0 661 363 0 0 0 0 0 0 0 1024 
0 0 0 0 0 2 1016 6 0 0 0 0 0 2 967 55 0 0 0 0 0 0 3 1021 
0 0 0 0 0 0 1024 0 0 0 0 0 0 0 1009 15 0 0 0 0 0 0 2 1022 
0 0 0 0 0 0 1023 1 0 0 0 0 0 0 1015 9 0 0 0 0 0 0 2 1022 
0 0 0 0 0 7 1017 0 0 0 0 0 0 0 1023 1 0 0 0 0 0 0 13 1011 
0 0 0 0 0 83 941 0 0 0 0 0 0 0 1024 0 0 0 0 0 0 0 103 921 
0 0 0 0 0 574 450 0 0 0 0 0 0 2 1022 0 0 0 0 0 0 0 520 504 
0 0 0 0 0 991 33 0 0 0 0 0 0 121 903 0 0 0 0 0 0 0 938 86 
0 0 0 0 0 976 16 0 0 0 0 0 0 224 768 0 0 0 0 0 0 0 958 34 
0 0 0 0 0 974 50 0 0 0 0 0 0 1 1023 0 0 0 0 0 0 0 478 546 
0 0 0 0 0 956 68 0 0 0 0 0 0 0 1024 0 0 0 0 0 0 0 459 565 
0 0 0 0 0 862 162 0 0 0 0 0 0 0 1024 0 0 0 0 0 0 0 174 850 
0 0 0 0 0 577 447 0 0 0 0 0 0 0 1024 0 0 0 0 0 0 0 93 931 
0 0 0 0 0 351 673 0 0 0 0 0 0 0 1024 0 0 0 0 0 0 0 44 980 
0 0 0 0 0 233 791 0 0 0 0 0 0 0 1024 0 0 0 0 0 0 0 14 1010 
0 0 0 0 0 307 717 0 0 0 0 0 0 0 1024 0 0 0 0 0 0 0 14 1010 
0 0 0 0 0 335 689 0 0 0 0 0 0 0 1023 1 0 0 0 0 0 0 9 1015 
0 0 0 0 0 272 752 0 0 0 0 0 0 0 1004 20 0 0 0 0 0 0 2 1022 
0 0 0 0 0 150 873 1 0 0 0 0 0 0 977 47 0 0 0 0 0 0 0 1024 
0 0 0 0 0 75 949 0 0 0 0 0 0 0 884 140 0 0 0 0 0 0 0 1024 
0 0 0 0 0 24 1000 0 0 0 0 0 0 0 769 255 0 0 0 0 0 0 0 1024 
0 0 0 0 0 3 1021 0 0 0 0 0 0 0 891 133 0 0 0 0 0 0 0 1024 
0 0 0 0 0 4 1020 0 0 0 0 0 0 0 828 196 0 0 0 0 0 0 0 1024 
0 0 0 0 0 0 1020 4 0 0 0 0 0 0 621 403 0 0 0 0 0 0 0 1024 
0 0 0 0 0 0 1021 3 0 0 0 0 0 0 313 711 0 0 0 0 0 0 1 1023 
0 0 0 0 0 0 1023 1 0 0 0 0 0 0 322 702 0 0 0 0 0 0 0 1024 
0 0 0 0 0 0 1008 16 0 0 0 0 0 0 169 855 0 0 0 0 0 0 0 1024 
0 0 0 0 0 0 979 45 0 0 0 0 0 0 56 968 0 0 0 0 0 0 0 1024 
0 0 0 0 0 0 974 50 0 0 0 0 0 0 17 1007 0 0 0 0 0 0 0 1024 
0 0 0 0 0 0 939 85 0 0 0 0 0 0 17 1007 0 0 0 0 0 0 0 1024 
0 0 0 0 0 0 845 179 0 0 0 0 0 0 10 1014 0 0 0 0 0 0 0 1024 
0 0 0 0 0 0 868 156 0 0 0 0 0 0 4 1020 0 0 0 0 0 0 0 1024 
0 0 0 0 0 0 913 111 0 0 0 0 0 0 6 1018 0 0 0 0 0 0 0 1024 
0 0 0 0 0 0 945 79 0 0 0 0 0 0 13 1011 0 0 0 0 0 0 0 1024 
0 0 0 0 0 0 933 91 0 0 0 0 0 0 20 1004 0 0 0 0 0 0 0 1024 
0 0 0 0 0 0 939 85 0 0 0 0 0 0 22 1002 0 0 0 0 0 0 0 1024 
0 0 0 0 0 0 942 82 0 0 0 0 0 0 12 1012 0 0 0 0 0 0 0 1024 
0 0 0 0 0 0 909 115 0 0 0 0 0 0 34 990 0 0 0 0 0 0 1 1023 
0 0 0 0 0 0 1014 10 0 0 0 0 0 0 135 889 0 0 0 0 0 0 1 1023 
0 0 0 0 0 0 1011 13 0 0 0 0 0 0 482 542 0 0 0 0 0 0 0 1024 
0 0 0 0 0 1 1022 1 0 0 0 0 0 0 883 141 0 0 0 0 0 0 2 1022 
0 0 0 0 0 0 1024 0 0 0 0 0 0 0 993 31 0 0 0 0 0 0 0 1024 
0 0 0 0 0 7 1017 0 0 0 0 0 0 0 1017 7 0 0 0 0 0 0 0 1024 
0 0 0 0 0 65 959 0 0 0 0 0 0 0 1023 1 0 0 0 0 0 0 10 1014 
0 0 0 0 0 457 567 0 0 0 0 0 0 0 1024 0 0 0 0 0 0 0 74 950 
0 0 0 0 0 992 32 0 0 0 0 0 0 14 1010 0 0 0 0 0 0 0 460 564 
0 0 0 0 6 1018 0 0 0 0 0 0 0 350 674 0 0 0 0 0 0 0 936 88 
0 0 0 0 31 961 0 0 0 0 0 0 0 546 446 0 0 0 0 0 0 0 965 27 
0 0 0 0 0 879 145 0 0 0 0 0 0 0 1024 0 0 0 0 0 0 0 606 418 
0 0 0 0 0 772 252 0 0 0 0 0 0 0 1024 0 0 0 0 0 0 0 418 606 
0 0 0 0 0 326 698 0 0 0 0 0 0 0 1024 0 0 0 0 0 0 0 116 908 
0 0 0 0 0 46 978 0 0 0 0 0 0 0 1024 0 0 0 0 0 0 0 29 995 
0 0 0 0 0 11 1013 0 0 0 0 0 0 0 1024 0 0 0 0 0 0 0 9 1015 
0 0 0 0 0 14 1010 0 0 0 0 0 0 0 1022 2 0 0 0 0 0 0 13 1011 
0 0 0 0 0 2 1022 0 0 0 0 0 0 0 1018 6 0 0 0 0 0 0 0 1024 
0 0 0 0 0 3 1021 0 0 0 0 0 0 0 1013 11 0 0 0 0 0 0 2 1022 
0 0 0 0 0 0 1018 6 0 0 0 0 0 0 885 139 0 0 0 0 0 0 1 1023 
0 0 0 0 0 2 1019 3 0 0 0 0 0 0 507 517 0 0 0 0 0 0 2 1022 
0 0 0 0 0 0 1005 19 0 0 0 0 0 0 326 698 0 0 0 0 0 0 2 1022 
0 0 0 0 0 0 1011 13 0 0 0 0 0 0 262 762 0 0 0 0 0 0 3 1021 
0 0 0 0 0 0 990 34 0 0 0 0 0 0 359 665 0 0 0 0 0 0 0 1024 
0 0 0 0 0 0 1005 19 0 0 0 0 0 0 308 716 0 0 0 0 0 0 4 1020 
0 0 0 0 0 0 1001 23 0 0 0 0 0 0 128 896 0 0 0 0 0 0 2 1022 
0 0 0 0 0 0 927 97 0 0 0 0 0 0 53 971 0 0 0 0 0 0 0 1024 
0 0 0 0 0 0 773 251 0 0 0 0 0 0 10 1014 0 0 0 0 0 0 0 1024 
0 0 0 0 0 0 803 221 0 0 0 0 0 0 12 1012 0 0 0 0 0 0 0 1024 
0 0 0 0 0 0 885 139 0 0 0 0 0 0 7 1017 0 0 0 0 0 0 0 1024 
0 0 0 0 0 0 835 189 0 0 0 0 0 0 5 1019 0 0 0 0 0 0 0 1024 
0 0 0 0 0 0 900 124 0 0 0 0 0 0 9 1015 0 0 0 0 0 0 0 1024 
0 0 0 0 0 0 941 83 0 0 0 0 0 0 6 1018 0 0 0 0 0 0 0 1024 
0 0 0 0 0 0 973 51 0 0 0 0 0 0 3 1021 0 0 0 0 0 0 0 1024 
0 0 0 0 0 0 984 40 0 0 0 0 0 0 18 1006 0 0 0 0 0 0 0 1024 
0 0 0 0 0 0 920 104 0 0 0 0 0 0 12 1012 0 0 0 0 0 0 0 1024 
0 0 0 0 0 0 955 69 0 0 0 0 0 0 12 1012 0 0 0 0 0 0 0 1024 
0 0 0 0 0 0 958 66 0 0 0 0 0 0 11 1013 0 0 0 0 0 0 0 1024 
0 0 0 0 0 0 980 44 0 0 0 0 0 0 16 1008 0 0 0 0 0 0 0 1024 
0 0 0 0 0 0 974 50 0 0 0 0 0 0 13 1011 0 0 0 0 0 0 0 1024 
0 0 0 0 0 0 952 72 0 0 0 0 0 0 39 985 0 0 0 0 0 0 0 1024 
0 0 0 0 0 0 993 31 0 0 0 0 0 0 206 818 0 0 0 0 0 0 0 1024 
0 0 0 0 0 0 1013 11 0 0 0 0 0 0 498 526 0 0 0 0 0 0 0 1024 
0 0 0 0 0 0 1020 4 0 0 0 0 0 0 861 163 0 0 0 0 0 0 0 1024 
0 0 0 0 0 48 976 0 0 0 0 0 0 0 1011 13 0 0 0 0 0 0 1 1023 
0 0 0 0 0 323 701 0 0 0 0 0 0 0 1023 1 0 0 0 0 0 0 11 1013 
0 0 0 0 28 675 321 0 0 0 0 0 0 2 1022 0 0 0 0 0 0 0 105 919 
0 0 0 0 308 696 20 0 0 0 0 0 0 117 907 0 0 0 0 0 0 0 479 545 
0 0 0 0 707 317 0 0 0 0 0 0 0 779 245 0 0 0 0 0 0 0 949 75 
0 0 0 0 795 197 0 0 0 0 0 0 0 893 99 0 0 0 0 0 0 0 955 37 
0 0 0 0 0 674 350 0 0 0 0 0 0 0 1024 0 0 0 0 0 0 0 578 446 
0 0 0 0 0 268 756 0 0 0 0 0 0 0 1024 0 0 0 0 0 0 0 239 785 
0 0 0 0 0 79 945 0 0 0 0 0 0 0 1024 0 0 0 0 0 0 0 76 948 
0 0 0 0 0 9 1015 0 0 0 0 0 0 0 1022 2 0 0 0 0 0 0 18 1006 
0 0 0 0 0 0 1024 0 0 0 0 0 0 0 1023 1 0 0 0 0 0 0 7 1017 
0 0 0 0 0 0 1024 0 0 0 0 0 0 0 1018 6 0 0 0 0 0 0 2 1022 
0 0 0 0 0 0 1023 1 0 0 0 0 0 0 1015 9 0 0 0 0 0 0 2 1022 
0 0 0 0 0 1 1023 0 0 0 0 0 0 0 999 25 0 0 0 0 0 0 6 1018 
0 0 0 0 0 7 1017 0 0 0 0 0 0 0 978 46 0 0 0 0 0 0 2 1022 
0 0 0 0 0 1 1021 2 0 0 0 0 0 0 740 284 0 0 0 0 0 0 0 1024 
0 0 0 0 0 0 1019 5 0 0 0 0 0 0 517 507 0 0 0 0 0 0 0 1024 
0 0 0 0 0 0 999 25 0 0 0 0 0 0 291 733 0 0 0 0 0 0 0 1024 
0 0 0 0 0 0 1012 12 0 0 0 0 0 0 516 508 0 0 0 0 0 0 0 1024 
0 0 0 0 0 0 1004 20 0 0 0 0 0 0 257 767 0 0 0 0 0 0 1 1023 
0 0 0 0 0 0 973 51 0 0 0 0 0 0 74 950 0 0 0 0 0 0 1 1023 
0 0 0 0 0 0 952 72 0 0 0 0 0 0 14 1010 0 0 0 0 0 0 1 1023 
0 0 0 0 0 0 758 266 0 0 0 0 0 0 14 1010 0 0 0 0 0 0 1 1023 
0 0 0 0 0 0 409 615 0 0 0 0 0 0 0 1024 0 0 0 0 0 0 0 1024 
0 0 0 0 0 0 579 445 0 0 0 0 0 0 0 1024 0 0 0 0 0 0 0 1024 
0 0 0 0 0 0 592 432 0 0 0 0 0 0 1 1023 0 0 0 0 0 0 0 1024 
0 0 0 0 0 0 634 390 0 0 0 0 0 0 0 1024 0 0 0 0 0 0 0 1024 
0 0 0 0 0 0 697 327 0 0 0 0 0 0 0 1024 0 0 0 0 0 0 0 1024 
0 0 0 0 0 0 781 243 0 0 0 0 0 0 0 1024 0 0 0 0 0 0 0 1024 
0 0 0 0 0 0 759 265 0 0 0 0 0 0 2 1022 0 0 0 0 0 0 1 1023 
0 0 0 0 0 0 743 281 0 0 0 0 0 0 0 1024 0 0 0 0 0 0 0 1024 
0 0 0 0 0 0 775 249 0 0 0 0 0 0 1 1023 0 0 0 0 0 0 0 1024 
0 0 0 0 0 0 849 175 0 0 0 0 0 0 2 1022 0 0 0 0 0 0 0 1024 
0 0 0 0 0 0 905 119 0 0 0 0 0 0 1 1023 0 0 0 0 0 0 0 1024 
0 0 0 0 0 0 876 148 0 0 0 0 0 0 4 1020 0 0 0 0 0 0 0 1024 
0 0 0 0 0 0 852 172 0 0 0 0 0 0 14 1010 0 0 0 0 0 0 2 1022 
0 0 0 0 0 0 812 212 0 0 0 0 0 0 76 948 0 0 0 0 0 0 0 1024 
0 0 0 0 0 0 843 181 0 0 0 0 0 0 265 759 0 0 0 0 0 0 0 1024 
0 0 0 0 0 3 975 46 0 0 0 0 0 0 580 444 0 0 0 0 0 0 0 1024 
0 0 0 8 49 73 877 17 0 0 0 0 33 55 813 123 0 0 0 0 0 29 78 917 
0 0 43 33 47 312 584 5 0 0 0 40 51 45 881 7 0 0 0 0 1 98 71 854 
0 78 133 52 73 477 211 0 0 0 8 189 81 77 669 0 0 0 0 0 42 254 203 525 
6 264 169 101 167 310 7 0 0 0 96 327 132 68 401 0 0 0 0 0 184 385 305 150 
32 417 92 115 272 96 0 0 0 0 327 213 131 234 119 0 0 0 0 0 471 221 322 10 
29 435 99 100 285 44 0 0 0 0 332 224 113 254 69 0 0 0 0 0 501 185 300 6 
0 0 0 0 0 567 457 0 0 0 0 0 0 44 980 0 0 0 0 0 0 0 773 251 
0 0 0 0 0 320 704 0 0 0 0 0 0 0 1024 0 0 0 0 0 0 0 405 619 
0 0 0 0 0 119 905 0 0 0 0 0 0 0 1024 0 0 0 0 0 0 0 190 834 
0 0 0 0 0 86 938 0 0 0 0 0 0 0 1024 0 0 0 0 0 0 0 94 930 
0 0 0 0 0 164 860 0 0 0 0 0 0 0 1023 1 0 0 0 0 0 0 99 925 
0 0 0 0 0 196 828 0 0 0 0 0 0 0 1021 3 0 0 0 0 0 0 63 961 
0 0 0 0 0 203 821 0 0 0 0 0 0 0 1022 2 0 0 0 0 0 0 96 928 
0 0 0 0 0 268 756 0 0 0 0 0 0 0 1023 1 0 0 0 0 0 0 34 990 
0 0 0 0 0 421 603 0 0 0 0 0 0 0 1024 0 0 0 0 0 0 0 40 984 
0 0 0 0 0 467 557 0 0 0 0 0 0 0 1023 1 0 0 0 0 0 0 41 983 
0 0 0 0 0 121 903 0 0 0 0 0 0 0 1008 16 0 0 0 0 0 0 3 1021 
0 0 0 0 0 4 1020 0 0 0 0 0 0 0 889 135 0 0 0 0 0 0 0 1024 
0 0 0 0 0 45 979 0 0 0 0 0 0 0 929 95 0 0 0 0 0 0 3 1021 
0 0 0 0 0 22 1002 0 0 0 0 0 0 0 846 178 0 0 0 0 0 0 2 1022 
0 0 0 0 0 2 1021 1 0 0 0 0 0 0 493 531 0 0 0 0 0 0 1 1023 
0 0 0 0 0 0 1021 3 0 0 0 0 0 0 289 735 0 0 0 0 0 0 0 1024 
0 0 0 0 0 0 1004 20 0 0 0 0 0 0 136 888 0 0 0 0 0 0 0 1024 
0 0 0 0 0 0 914 110 0 0 0 0 0 0 21 1003 0 0 0 0 0 0 0 1024 
0 0 0 0 0 0 952 72 0 0 0 0 0 0 21 1003 0 0 0 0 0 0 0 1024 
0 0 0 0 0 0 998 26 0 0 0 0 0 0 8 1016 0 0 0 0 0 0 0 1024 
0 0 0 0 0 0 892 132 0 0 0 0 0 0 1 1023 0 0 0 0 0 0 0 1024 
0 0 0 0 0 0 801 223 0 0 0 0 0 0 1 1023 0 0 0 0 0 0 0 1024 
0 0 0 0 23 34 675 292 0 0 0 0 0 29 39 956 0 0 0 0 0 0 45 979 
0 0 0 46 96 49 595 238 0 0 0 0 6 138 56 824 0 0 0 0 0 0 168 856 
0 0 0 57 178 129 570 90 0 0 0 0 0 263 126 635 0 0 0 0 0 0 337 687 
0 0 39 288 105 37 491 64 0 0 0 0 89 344 46 545 0 0 0 0 0 35 418 571 
0 2 394 54 62 30 456 26 0 0 0 1 416 102 38 467 0 0 0 0 0 328 200 496 
0 0 281 269 183 51 230 10 0 0 0 0 458 294 47 225 0 0 0 0 0 309 470 245 
0 0 6 134 318 358 196 12 0 0 0 0 111 466 352 95 0 0 0 0 0 65 733 226 
0 0 14 89 269 371 271 10 0 0 0 6 98 484 353 83 0 0 0 0 0 70 690 264 
0 0 142 197 229 294 156 6 0 0 0 42 283 368 229 102 0 0 0 0 0 288 553 183 
0 0 36 105 414 384 85 0 0 0 0 15 183 593 178 55 0 0 0 0 0 171 757 96 
0 0 67 151 270 475 60 1 0 0 0 15 231 615 156 7 0 0 0 0 1 236 732 55 
0 4 273 169 219 359 0 0 0 0 0 118 383 490 33 0 0 0 0 0 0 497 526 1 
0 222 277 220 252 53 0 0 0 0 1 408 410 205 0 0 0 0 0 0 21 855 148 0 
0 312 273 284 132 23 0 0 0 0 30 478 397 119 0 0 0 0 0 0 84 864 76 0 
34 710 240 38 2 0 0 0 0 0 333 602 87 2 0 0 0 0 0 0 622 402 0 0 
34 666 223 95 6 0 0 0 0 0 459 478 83 4 0 0 0 0 0 5 789 230 0 0 
47 618 183 127 17 0 0 0 0 2 473 398 109 10 0 0 0 0 0 5 771 214 2 0 
0 0 0 3 40 785 196 0 0 0 0 5 18 727 274 0 0 0 0 3 10 174 810 27 
0 0 0 0 0 387 622 15 0 0 0 0 0 194 825 5 0 0 0 0 0 6 790 228 
0 0 0 0 0 565 410 49 0 0 0 0 0 0 989 35 0 0 0 0 0 0 467 557 
0 0 0 0 0 850 174 0 0 0 0 0 0 0 1024 0 0 0 0 0 0 0 430 594 
0 0 0 0 0 817 207 0 0 0 0 0 0 0 1024 0 0 0 0 0 0 0 443 581 
0 0 0 0 0 864 160 0 0 0 0 0 0 0 1024 0 0 0 0 0 0 0 437 587 
0 0 0 0 0 881 143 0 0 0 0 0 0 0 1024 0 0 0 0 0 0 0 355 669 
0 0 0 0 0 884 140 0 0 0 0 0 0 0 1024 0 0 0 0 0 0 0 176 848 
0 0 0 0 2 833 185 4 0 0 0 0 0 0 1018 6 0 0 0 0 0 0 175 849 
0 0 0 0 11 784 229 0 0 0 0 0 0 0 1023 1 0 0 0 0 0 0 229 795 
0 0 0 0 23 575 426 0 0 0 0 0 0 0 1017 7 0 0 0 0 0 0 210 814 
0 0 0 0 48 509 467 0 0 0 0 0 0 2 964 58 0 0 0 0 0 0 210 814 
0 0 0 0 46 594 384 0 0 0 0 0 0 2 919 103 0 0 0 0 0 0 196 828 
0 0 0 0 37 545 442 0 0 0 0 0 0 1 922 101 0 0 0 0 0 0 193 831 
0 0 0 0 27 497 479 21 0 0 0 0 0 6 838 180 0 0 0 0 0 0 212 812 
0 0 0 0 0 129 522 373 0 0 0 0 0 0 409 615 0 0 0 0 0 0 141 883 
0 0 0 0 2 240 614 168 0 0 0 0 0 9 628 387 0 0 0 0 0 0 181 843 
0 0 0 0 4 508 486 26 0 0 0 0 0 4 812 208 0 0 0 0 0 0 293 731 
0 0 0 3 175 445 350 51 0 0 0 0 0 133 704 187 0 0 0 0 0 0 369 655 
0 0 0 106 310 205 393 10 0 0 0 0 0 414 453 157 0 0 0 0 0 0 517 507 
0 0 0 264 349 187 223 1 0 0 0 0 0 628 222 174 0 0 0 0 0 0 749 275 
0 0 37 596 203 32 155 1 0 0 0 0 37 796 41 150 0 0 0 0 0 12 839 173 
0 0 32 750 229 11 2 0 0 0 0 0 126 882 15 1 0 0 0 0 0 68 950 6 
0 0 44 404 461 114 1 0 0 0 0 0 212 765 47 0 0 0 0 0 0 127 891 6 
0 0 77 306 483 152 6 0 0 0 0 0 217 770 37 0 0 0 0 0 0 161 855 8 
0 38 703 281 2 0 0 0 0 0 0 5 835 184 0 0 0 0 0 0 0 611 413 0 
0 54 723 221 25 1 0 0 0 0 0 35 855 134 0 0 0 0 0 0 0 692 332 0 
0 4 397 534 88 1 0 0 0 0 0 12 834 175 3 0 0 0 0 0 0 741 283 0 
0 8 345 441 228 2 0 0 0 0 0 50 731 243 0 0 0 0 0 0 0 769 255 0 
0 198 558 184 65 19 0 0 0 0 0 333 581 103 7 0 0 0 0 0 4 871 148 1 
0 44 701 274 5 0 0 0 0 0 0 263 750 11 0 0 0 0 0 0 13 984 27 0 
0 55 365 442 149 12 1 0 0 0 1 380 562 78 3 0 0 0 0 0 81 885 58 0 
0 95 387 298 159 83 2 0 0 0 44 506 299 170 5 0 0 0 0 0 280 633 111 0 
0 31 638 205 79 71 0 0 0 0 45 668 224 86 1 0 0 0 0 0 524 424 76 0 
0 115 487 282 85 55 0 0 0 1 105 577 255 84 2 0 0 0 0 0 529 422 73 0 
0 297 422 147 138 20 0 0 0 3 325 457 159 80 0 0 0 0 0 21 649 341 13 0 
20 469 465 65 5 0 0 0 0 47 471 471 34 1 0 0 0 0 0 145 789 88 2 0 
57 625 246 72 24 0 0 0 0 61 664 225 74 0 0 0 0 0 0 342 609 73 0 0 
142 527 242 57 24 0 0 0 0 142 568 215 67 0 0 0 0 0 0 427 508 57 0 0 
0 0 0 0 26 291 707 0 0 0 0 2 30 298 694 0 0 0 0 0 33 295 696 0 
0 0 0 0 4 142 878 0 0 0 0 0 9 167 848 0 0 0 0 0 7 114 900 3 
0 0 5 7 24 75 867 46 0 3 5 12 21 78 886 19 0 0 4 11 25 77 825 82 
0 0 0 0 4 163 840 17 0 0 0 0 24 137 859 4 0 0 0 0 16 165 767 76 
0 0 0 0 10 147 853 14 0 0 0 0 16 102 896 10 0 0 0 0 15 124 738 147 
0 0 0 2 11 314 693 4 0 0 0 4 27 137 854 2 0 0 0 4 22 161 745 92 
0 1 3 6 21 396 595 2 0 1 4 8 25 179 799 8 0 0 4 3 27 119 712 159 
0 0 1 35 263 174 411 140 0 0 3 15 79 342 473 112 0 0 1 12 58 99 609 245 
0 0 0 2 219 259 412 132 0 0 0 1 35 339 513 136 0 0 0 1 8 78 713 224 
0 0 0 5 16 669 311 23 0 0 2 3 16 252 730 21 0 0 0 5 13 94 761 151 
0 0 0 1 69 770 182 2 0 0 0 3 18 256 744 3 0 0 0 1 15 117 801 90 
0 0 0 2 173 771 78 0 0 0 0 6 24 494 500 0 0 0 0 1 30 105 811 77 
0 0 0 0 216 767 41 0 0 0 0 2 22 556 444 0 0 0 0 0 14 102 846 62 
0 0 0 1 222 800 1 0 0 0 0 0 11 441 572 0 0 0 0 0 0 93 831 100 
0 0 0 0 22 937 65 0 0 0 0 0 0 350 674 0 0 0 0 0 0 17 907 100 
0 0 0 0 0 704 320 0 0 0 0 0 0 138 883 3 0 0 0 0 0 19 900 105 
0 0 0 0 36 723 265 0 0 0 0 0 0 202 822 0 0 0 0 0 0 8 969 47 
0 0 0 0 281 565 178 0 0 0 0 0 0 486 538 0 0 0 0 0 0 7 968 49 
0 0 0 89 426 466 43 0 0 0 0 0 0 854 170 0 0 0 0 0 0 49 971 4 
0 0 0 318 335 351 20 0 0 0 0 0 21 986 17 0 0 0 0 0 0 101 923 0 
0 0 0 265 450 258 51 0 0 0 0 0 74 922 28 0 0 0 0 0 0 163 861 0 
0 0 169 340 249 259 7 0 0 0 0 0 356 666 2 0 0 0 0 0 0 462 562 0 
0 0 125 244 421 234 0 0 0 0 0 0 285 739 0 0 0 0 0 0 0 535 489 0 
0 0 112 230 549 133 0 0 0 0 0 0 315 709 0 0 0 0 0 0 0 616 408 0 
0 0 273 203 527 21 0 0 0 0 0 0 514 510 0 0 0 0 0 0 0 793 231 0 
0 384 367 61 212 0 0 0 0 0 0 194 747 83 0 0 0 0 0 0 0 1019 5 0 
0 81 163 442 338 0 0 0 0 0 0 78 882 64 0 0 0 0 0 0 0 1022 2 0 
0 176 187 388 273 0 0 0 0 0 0 227 767 30 0 0 0 0 0 0 2 1017 5 0 
0 533 218 234 39 0 0 0 0 0 0 611 413 0 0 0 0 0 0 0 31 993 0 0 
0 562 240 220 2 0 0 0 0 0 1 724 299 0 0 0 0 0 0 0 176 848 0 0 
7 640 208 169 0 0 0 0 0 0 46 796 182 0 0 0 0 0 0 0 645 379 0 0 
29 634 247 114 0 0 0 0 0 0 335 638 51 0 0 0 0 0 0 0 884 140 0 0 
403 464 129 28 0 0 0 0 0 1 772 249 2 0 0 0 0 0 0 5 1005 14 0 0 
376 392 256 0 0 0 0 0 0 5 742 277 0 0 0 0 0 0 0 10 1014 0 0 0 
115 698 211 0 0 0 0 0 0 5 775 244 0 0 0 0 0 0 0 141 883 0 0 0 
14 781 229 0 0 0 0 0 0 14 921 89 0 0 0 0 0 0 0 396 628 0 0 0 
341 659 24 0 0 0 0 0 0 361 663 0 0 0 0 0 0 0 0 830 194 0 0 0 
412 610 2 0 0 0 0 0 0 497 527 0 0 0 0 0 0 0 1 998 25 0 0 0 
412 580 0 0 0 0 0 0 0 537 455 0 0 0 0 0 0 0 1 979 12 0 0 0 
0 0 0 4 38 535 447 0 0 0 3 13 43 524 441 0 0 0 3 11 51 549 410 0 
0 0 0 0 11 281 729 3 0 0 0 0 23 300 698 3 0 0 0 0 20 310 692 2 
0 0 3 7 18 157 834 5 0 1 7 8 25 180 802 1 0 0 5 7 32 185 794 1 
0 0 0 1 8 149 850 16 0 0 0 3 18 185 812 6 0 0 0 3 17 209 789 6 
0 0 0 0 2 41 895 86 0 0 0 0 5 58 939 22 0 0 0 0 5 58 912 49 
0 0 0 0 0 10 809 205 0 0 0 0 0 17 894 113 0 0 0 0 0 22 883 119 
0 0 0 0 1 52 642 329 0 0 0 0 9 49 769 197 0 0 0 0 8 56 793 167 
0 0 0 0 0 24 636 364 0 0 0 0 0 37 720 267 0 0 0 0 0 42 770 212 
0 0 0 1 4 45 715 259 0 0 0 3 6 59 770 186 0 0 0 3 4 75 775 167 
0 0 0 0 0 24 747 253 0 0 0 0 2 37 799 186 0 0 0 0 2 46 848 128 
0 0 0 4 11 46 512 451 0 0 1 7 16 47 559 394 0 0 0 7 17 62 616 322 
0 0 0 0 11 60 536 417 0 0 0 3 14 61 563 383 0 0 0 1 24 71 603 325 
0 0 0 0 5 76 529 414 0 0 0 0 14 90 539 381 0 0 0 0 17 116 550 341 
0 0 0 0 8 153 510 353 0 0 0 1 7 168 501 347 0 0 0 1 10 218 490 305 
0 0 0 0 22 310 452 240 0 0 0 0 25 337 448 214 0 0 0 0 28 325 486 185 
0 0 0 0 53 364 564 43 0 0 0 3 61 435 489 36 0 0 0 2 70 436 491 25 
0 0 0 20 135 372 491 6 0 0 0 13 138 460 409 4 0 0 0 12 122 528 362 0 
0 0 5 113 159 320 414 13 0 0 0 59 220 346 381 18 0 0 0 21 165 474 361 3 
0 0 22 200 164 403 214 21 0 0 1 93 297 424 193 16 0 0 1 31 250 551 179 12 
0 0 3 243 195 366 186 31 0 0 2 64 383 371 174 30 0 0 2 24 214 583 184 17 
0 0 0 195 289 430 105 5 0 0 0 67 418 444 83 12 0 0 0 47 272 599 102 4 
0 0 34 248 248 395 99 0 0 0 0 147 357 418 100 2 0 0 0 67 259 596 102 0 
0 8 108 294 275 317 22 0 0 0 10 274 300 410 30 0 0 0 0 133 300 574 17 0 
0 11 152 294 334 200 33 0 0 0 9 312 365 304 34 0 0 0 0 154 344 502 24 0 
0 10 204 356 344 105 5 0 0 0 25 368 449 176 6 0 0 0 0 211 369 437 7 0 
0 0 190 426 281 119 8 0 0 0 35 401 432 152 4 0 0 0 1 220 392 407 4 0 
0 0 176 396 321 120 11 0 0 0 25 422 430 137 10 0 0 0 0 202 404 416 2 0 
0 0 154 428 307 111 24 0 0 0 13 500 381 117 13 0 0 0 0 165 484 374 1 0 
0 0 266 320 301 133 4 0 0 0 6 539 358 117 4 0 0 0 0 161 565 298 0 0 
0 0 375 190 269 190 0 0 0 0 12 533 339 140 0 0 0 0 0 218 516 290 0 0 
0 0 424 205 277 118 0 0 0 0 55 531 341 97 0 0 0 0 0 287 585 152 0 0 
0 0 480 241 214 89 0 0 0 0 232 432 286 74 0 0 0 0 0 424 526 74 0 0 
0 170 411 292 151 0 0 0 0 0 520 369 135 0 0 0 0 0 0 539 484 1 0 0 
0 441 236 326 21 0 0 0 0 11 571 423 19 0 0 0 0 0 13 585 426 0 0 0 
0 370 325 323 6 0 0 0 0 156 433 435 0 0 0 0 0 0 131 577 316 0 0 0 
1 363 305 343 12 0 0 0 0 312 363 342 7 0 0 0 0 0 290 585 149 0 0 0 
6 385 372 261 0 0 0 0 0 330 500 194 0 0 0 0 0 0 387 607 30 0 0 0 
146 401 335 142 0 0 0 0 0 374 535 115 0 0 0 0 0 0 459 563 2 0 0 0 
187 365 318 122 0 0 0 0 0 403 498 91 0 0 0 0 0 0 478 512 2 0 0 0 
0 0 0 14 120 278 594 18 0 0 4 41 115 258 586 20 0 0 0 44 129 275 553 23 
0 0 0 10 77 223 626 88 0 0 6 29 85 209 648 47 0 0 2 26 102 231 555 108 
0 0 0 8 63 151 715 87 0 0 3 19 76 134 708 84 0 0 0 18 79 167 692 68 
0 0 0 3 28 202 677 114 0 0 2 10 41 224 634 113 0 0 0 6 42 264 646 66 
0 0 0 0 3 88 708 225 0 0 0 0 12 127 699 186 0 0 0 0 10 151 716 147 
0 0 1 7 19 101 569 327 0 2 3 15 29 105 574 296 0 0 3 14 28 130 644 205 
0 0 0 3 14 62 583 362 0 1 3 7 15 93 604 301 0 0 1 8 16 105 673 221 
0 0 0 1 12 57 590 364 0 0 1 7 22 61 667 266 0 0 0 5 25 84 686 224 
0 0 0 1 8 45 464 506 0 0 0 2 16 55 567 384 0 0 0 2 14 74 619 315 
0 0 0 0 4 26 239 755 0 0 0 3 4 35 280 702 0 0 0 3 2 50 340 629 
0 0 0 13 18 59 200 734 0 1 9 9 32 61 213 699 0 0 6 13 32 66 303 604 
0 0 0 3 21 43 155 802 0 0 2 7 29 38 174 774 0 0 1 5 33 42 236 707 
0 0 0 3 10 24 127 860 0 0 2 7 12 28 146 829 0 0 1 4 16 35 181 787 
0 0 0 0 0 12 84 928 0 0 0 0 3 13 97 911 0 0 0 0 3 13 142 866 
0 0 0 1 7 13 90 913 0 0 0 3 10 17 121 873 0 0 0 3 11 16 174 820 
0 0 0 0 1 10 100 913 0 0 0 1 1 10 136 876 0 0 0 0 2 14 193 815 
0 0 0 0 5 4 269 746 0 0 0 3 5 5 297 714 0 0 0 2 6 16 350 650 
0 0 0 0 0 10 373 641 0 0 0 0 0 16 407 601 0 0 0 0 0 35 470 519 
0 0 0 0 0 52 471 501 0 0 0 0 0 56 483 485 0 0 0 0 0 100 516 408 
0 0 0 0 8 77 351 588 0 0 0 0 13 78 356 577 0 0 0 0 16 92 410 506 
0 0 2 5 31 98 408 480 0 0 3 9 34 106 405 467 0 0 4 10 39 120 472 379 
0 0 0 18 40 91 357 518 0 0 4 19 36 89 362 514 0 0 2 22 36 112 405 447 
0 0 12 41 75 149 324 423 0 0 15 43 77 140 336 413 0 0 14 47 84 156 343 380 
0 0 3 31 106 204 377 303 0 0 7 34 98 190 406 289 0 0 4 38 116 214 423 229 
0 0 1 37 163 283 354 186 0 0 3 46 155 271 366 183 0 0 3 55 179 288 344 155 
0 0 12 103 163 267 250 229 0 0 14 106 158 262 259 225 0 0 12 120 185 267 249 191 
0 0 12 125 195 306 260 126 0 0 8 149 182 285 275 125 0 0 6 150 223 302 248 95 
0 1 13 218 155 334 247 56 0 1 11 228 155 304 263 62 0 0 7 229 186 324 245 33 
0 2 63 248 183 318 172 38 0 2 35 279 178 313 169 48 0 2 12 297 223 296 157 37 
0 0 142 315 222 200 136 9 0 0 112 353 220 183 144 12 0 0 36 441 222 189 134 2 
0 0 285 191 189 199 153 7 0 0 201 288 173 197 156 9 0 0 125 376 193 176 149 5 
0 0 444 137 152 192 99 0 0 0 407 190 140 181 106 0 0 0 276 328 148 191 81 0 
0 44 514 106 154 177 29 0 0 26 546 100 158 161 33 0 0 0 392 287 162 159 24 0 
0 318 397 100 164 45 0 0 0 175 538 122 146 43 0 0 0 21 594 230 139 40 0 0 
0 550 261 111 100 2 0 0 0 468 345 115 94 2 0 0 0 103 709 122 87 3 0 0 
0 714 192 88 30 0 0 0 0 703 212 73 36 0 0 0 0 232 688 73 31 0 0 0 
12 826 176 10 0 0 0 0 0 841 169 14 0 0 0 0 0 376 641 7 0 0 0 0 
176 781 67 0 0 0 0 0 8 945 71 0 0 0 0 0 0 567 457 0 0 0 0 0 
261 686 45 0 0 0 0 0 12 929 51 0 0 0 0 0 0 612 380 0 0 0 0 0 
0 27 148 297 378 171 3 0 4 102 206 226 319 158 9 0 13 150 229 261 317 54 0 0 
1 37 92 219 344 284 47 0 23 47 137 215 301 240 61 0 29 49 171 240 336 179 20 0 
0 7 129 200 425 220 43 0 0 82 153 242 306 183 58 0 4 81 195 375 211 138 20 0 
0 18 216 223 202 257 108 0 2 110 235 168 174 226 109 0 3 193 202 160 222 181 63 0 
0 24 222 209 210 237 118 4 8 135 208 172 163 213 125 0 20 222 186 145 194 193 64 0 
0 17 227 245 221 181 128 5 7 161 208 216 152 149 123 8 29 228 210 201 152 116 85 3 
2 36 197 254 224 155 132 24 20 128 228 196 157 134 131 30 32 209 268 163 128 106 97 21 
0 12 190 344 173 149 118 38 6 111 316 193 112 127 117 42 1 272 251 154 127 97 93 29 
0 8 108 190 199 197 207 115 5 65 172 165 147 163 189 118 6 141 174 145 140 167 190 61 
0 20 213 277 183 121 125 85 10 110 265 205 113 110 127 84 26 276 224 130 102 83 129 54 
1 35 183 292 183 86 106 138 5 115 284 198 120 65 100 137 26 286 248 128 64 60 104 108 
0 0 92 241 230 141 103 217 0 32 206 218 176 85 89 218 1 149 256 173 102 65 86 192 
0 33 105 218 172 111 113 272 0 83 180 168 143 83 92 275 8 168 201 163 77 73 99 235 
0 23 131 185 162 108 99 316 6 101 156 167 112 80 98 304 22 182 189 129 65 57 112 268 
0 24 156 215 167 81 90 291 2 104 192 172 116 64 92 282 28 197 216 127 55 44 99 258 
0 15 195 202 128 85 71 328 10 163 185 125 81 66 74 320 60 245 147 89 58 56 65 304 
7 31 134 236 88 53 41 434 18 121 222 90 63 38 42 430 95 237 105 57 41 25 54 410 
0 0 44 187 159 84 81 469 0 29 158 135 87 68 73 474 21 152 117 82 61 64 72 455 
0 18 144 206 135 39 52 430 9 92 203 126 79 32 54 429 34 222 159 72 41 21 74 401 
0 26 248 183 84 31 118 334 1 120 230 136 55 29 137 316 30 273 173 51 27 24 182 264 
0 14 211 226 112 67 113 281 2 100 209 172 85 64 114 278 10 238 222 80 36 61 134 243 
0 41 124 229 208 126 138 158 0 79 166 220 151 114 131 163 19 145 244 171 95 70 141 139 
0 16 203 276 199 93 90 147 0 59 279 241 137 66 80 162 3 238 307 146 56 55 77 142 
2 25 171 247 195 128 90 166 2 50 206 214 162 128 82 180 8 154 244 158 124 87 84 165 
0 14 145 196 153 133 120 263 0 36 172 184 123 126 109 274 3 111 195 140 112 98 117 248 
0 0 67 228 218 118 83 310 0 1 101 222 195 110 87 308 0 14 217 216 118 84 93 282 
0 27 126 244 150 93 173 211 0 35 159 221 131 94 156 228 5 73 256 165 86 67 163 209 
2 112 140 185 164 82 229 110 20 130 177 155 128 69 240 105 35 242 148 117 89 61 235 97 
11 145 188 144 94 109 227 106 21 179 154 134 90 110 218 118 48 210 142 115 80 112 216 101 
19 140 196 152 100 96 234 87 37 170 165 141 91 97 219 104 60 212 149 115 85 88 238 77 
1 168 205 174 119 136 140 81 6 216 183 143 122 130 138 86 64 234 154 117 108 131 150 66 
3 176 263 169 142 150 116 5 19 249 236 117 126 142 127 8 88 302 144 97 140 135 116 2 
127 269 132 152 159 137 48 0 156 258 140 132 140 148 50 0 217 218 122 144 147 126 50 0 
74 325 213 133 174 74 31 0 96 362 161 122 166 80 36 1 152 362 102 127 170 82 28 1 
130 324 141 201 151 55 20 2 186 275 138 194 144 60 22 5 200 267 140 182 156 56 14 9 
18 213 216 271 144 63 44 55 36 211 211 255 137 69 46 59 32 201 194 285 150 62 37 63 
6 263 400 258 80 11 5 1 64 343 278 243 77 14 4 1 110 313 254 260 73 11 3 0 
104 266 292 256 91 15 0 0 160 254 247 237 93 33 0 0 237 167 219 281 93 27 0 0 
179 226 278 218 72 19 0 0 212 231 231 212 69 37 0 0 264 163 212 251 70 32 0 0 
1 298 201 94 121 154 155 0 95 354 109 61 102 141 161 1 376 133 67 59 115 136 138 0 
27 100 212 268 176 169 72 0 63 142 275 173 122 152 97 0 102 250 212 138 110 147 65 0 
17 102 245 209 171 170 105 5 54 177 202 180 133 151 124 3 119 166 174 185 135 144 95 6 
10 89 176 192 169 214 164 10 33 157 180 134 148 192 173 7 77 195 137 138 143 197 132 5 
9 83 313 253 164 125 75 2 28 189 308 168 129 118 78 6 42 328 220 157 110 109 58 0 
0 4 77 185 302 249 189 18 0 39 154 231 231 174 169 26 0 89 219 234 192 157 123 10 
0 2 41 105 266 226 275 109 1 34 95 172 196 165 261 100 12 68 147 159 166 168 242 62 
0 0 79 146 184 285 234 96 0 48 124 123 184 232 218 95 2 93 108 171 201 195 186 68 
0 0 71 177 289 205 174 108 0 29 145 209 226 154 152 109 0 70 217 245 143 137 117 95 
0 46 163 275 185 120 117 118 12 134 244 194 114 105 107 114 54 294 196 117 80 89 102 92 
80 269 233 186 109 76 61 10 146 315 241 115 73 60 60 14 443 259 112 57 65 50 34 4 
5 90 216 222 162 140 133 56 23 203 223 178 121 107 115 54 141 282 163 123 112 105 73 25 
13 170 281 303 169 68 16 4 41 262 319 232 105 46 15 4 127 455 273 103 44 17 5 0 
5 62 176 209 230 217 89 36 15 125 202 219 220 131 78 34 48 261 224 243 112 71 52 13 
63 153 196 152 177 188 72 23 93 211 165 147 173 143 68 24 191 226 172 144 114 122 47 8 
370 415 141 62 26 9 1 0 440 404 100 52 18 8 2 0 704 238 51 19 7 5 0 0 
502 309 124 54 19 10 6 0 558 308 103 31 9 8 7 0 776 181 36 18 6 6 1 0 
121 391 349 132 24 7 0 0 222 510 212 56 16 7 1 0 641 299 61 15 7 1 0 0 
8 142 233 289 196 90 56 10 48 215 281 207 144 62 45 22 167 351 234 135 60 44 29 4 
1 145 271 241 191 116 53 6 36 285 228 159 149 102 50 15 249 265 159 152 97 68 28 6 
0 2 61 192 372 258 93 46 0 14 96 262 346 162 92 52 0 60 305 327 134 93 86 19 
0 13 145 203 235 194 155 79 1 57 170 204 197 177 135 83 11 115 223 194 186 120 116 59 
0 6 68 289 392 206 58 5 1 23 180 339 292 134 47 8 0 118 361 306 146 62 30 1 
0 11 117 280 298 197 85 36 0 27 182 306 249 147 77 36 1 99 321 276 147 95 68 17 
0 7 45 204 385 179 100 104 1 8 79 311 271 141 101 112 0 31 235 313 166 98 86 95 
0 0 12 165 324 272 144 107 0 0 57 209 296 223 130 109 0 6 152 283 257 153 97 76 
0 7 113 188 195 220 146 155 0 25 133 193 182 188 144 159 0 50 185 192 193 148 120 136 
0 2 40 121 311 384 122 44 0 8 67 204 342 271 83 49 0 42 184 330 275 114 44 35 
9 105 240 153 231 230 48 8 30 229 178 190 238 125 27 7 68 313 210 233 122 59 19 0 
20 148 286 218 177 119 42 14 50 212 294 187 155 77 33 16 110 321 255 149 105 51 27 6 
3 137 295 289 166 87 38 9 31 234 293 227 108 80 43 8 120 311 284 139 77 51 38 4 
17 125 356 291 107 78 23 27 32 259 352 158 91 70 34 28 78 439 201 111 80 60 32 23 
199 352 194 85 71 101 20 2 213 381 164 80 60 93 29 4 296 380 116 59 54 93 23 3 
178 455 223 132 32 4 0 0 216 465 223 87 28 5 0 0 294 461 188 61 17 3 0 0 
2 86 230 229 202 159 85 31 9 124 226 204 177 148 106 30 6 154 226 184 169 139 118 28 
4 124 95 123 238 221 175 44 7 129 102 108 183 271 179 45 0 96 131 114 138 275 215 55 
187 222 206 129 138 89 43 10 207 274 144 97 137 120 36 9 234 246 135 113 152 113 31 0 
76 438 383 120 7 0 0 0 246 541 203 32 2 0 0 0 523 441 45 15 0 0 0 0 
46 311 402 225 8 0 0 0 178 469 304 39 2 0 0 0 389 537 55 11 0 0 0 0 
87 415 268 193 61 0 0 0 208 410 238 114 53 1 0 0 454 366 146 58 0 0 0 0 
104 174 210 218 146 94 78 0 140 206 216 165 116 100 79 2 196 253 211 115 97 84 68 0 
4 78 110 92 120 206 268 146 16 128 78 88 122 178 248 166 42 132 93 80 145 164 230 138 
0 15 136 345 435 92 1 0 2 91 267 413 232 18 1 0 11 286 394 296 32 5 0 0 
3 36 157 375 301 103 43 6 16 119 289 296 175 80 42 7 32 268 324 228 96 46 30 0 
0 0 27 194 345 256 121 81 0 12 87 259 296 181 106 83 0 44 194 267 236 132 85 66 
0 0 16 224 354 257 116 57 0 4 146 311 231 171 104 57 0 65 264 256 222 96 78 43 
0 0 36 244 383 201 130 30 0 13 177 327 261 108 110 28 0 98 380 239 106 114 78 9 
2 31 80 133 331 325 103 19 5 37 84 227 366 199 82 24 3 37 186 354 246 130 66 2 
8 97 178 191 250 201 84 15 11 134 178 202 205 187 92 15 39 192 183 213 173 148 68 8 
57 137 128 71 55 39 165 372 81 157 112 54 49 36 187 348 129 157 83 56 43 48 208 300 
3 86 97 99 205 271 204 59 42 118 100 146 200 217 151 50 130 125 126 179 174 157 116 17 
0 58 97 130 144 128 315 152 10 85 108 126 99 120 311 165 26 142 118 86 77 139 295 141 
10 45 120 147 166 185 171 180 11 75 124 129 165 147 193 180 14 120 146 150 129 133 192 140 
8 78 238 316 217 88 36 43 18 153 287 288 143 66 25 44 84 360 314 122 52 37 19 36 
347 150 158 191 145 30 3 0 341 178 188 168 115 28 6 0 446 198 224 113 37 6 0 0 
235 184 157 112 83 47 199 7 248 195 156 108 64 32 177 44 347 232 116 67 27 32 106 97 
302 37 36 33 45 67 121 383 293 50 35 34 46 68 105 393 305 49 38 35 42 81 90 384 
0 14 36 81 125 296 271 201 1 36 62 71 120 176 358 200 9 65 66 92 139 167 312 174 
0 41 85 125 157 225 238 153 0 39 84 122 148 194 273 164 0 42 94 131 156 180 270 151 
0 9 51 113 157 180 174 340 0 13 62 99 137 174 172 367 0 31 73 93 120 169 180 358 
8 54 104 150 143 174 159 232 11 71 115 146 153 136 160 232 13 75 141 181 145 113 161 195 
54 152 247 297 160 81 23 10 49 178 270 280 132 77 26 12 57 272 349 184 94 43 16 9 
0 24 159 348 310 129 39 15 3 51 216 323 246 133 39 13 4 117 330 244 215 82 22 10 
17 119 104 112 157 139 232 144 11 118 96 89 159 140 250 161 5 119 110 102 152 129 200 207 
10 70 72 131 157 165 203 216 7 62 71 127 150 138 243 226 3 57 80 153 148 121 241 221 
21 74 78 69 142 377 181 82 14 78 79 72 138 193 335 115 9 93 84 100 116 137 326 159 
9 102 54 84 166 270 177 162 3 88 57 71 160 224 253 168 0 90 58 77 160 185 300 154 
40 110 138 161 200 176 106 93 29 104 152 158 181 187 114 99 15 132 161 171 176 163 128 78 
10 53 146 225 201 191 125 73 9 70 169 199 184 175 136 82 11 94 187 197 171 181 129 54 
83 231 276 215 121 72 23 3 82 293 238 189 111 77 29 5 151 330 235 143 92 59 13 1 
98 157 211 342 146 46 15 9 94 193 273 288 118 31 17 10 146 308 342 122 63 24 17 2 
61 103 204 327 190 103 28 8 52 104 203 290 184 146 34 11 47 129 228 229 184 166 37 4 
531 218 118 87 38 26 5 1 461 232 129 90 63 41 7 1 429 234 145 91 62 59 4 0 
55 69 120 182 250 204 92 52 61 109 189 186 218 130 80 51 66 134 232 226 160 102 67 37 
3 24 89 121 345 302 96 44 4 34 95 113 266 377 92 43 0 38 87 115 206 401 142 35 
139 149 81 96 134 183 123 119 142 145 80 95 132 191 128 111 128 159 77 94 105 150 190 121 
184 546 173 63 28 20 10 0 287 473 148 48 31 20 17 0 542 283 87 54 25 19 14 0 
235 581 146 23 4 3 0 0 368 505 99 11 3 3 3 0 707 255 20 5 2 3 0 0 
46 69 166 322 289 131 1 0 84 94 260 262 204 115 5 0 107 177 328 192 192 28 0 0 
6 35 52 72 248 430 180 1 17 43 53 119 236 372 182 2 15 52 66 179 236 341 133 2 
0 1 29 97 220 356 314 7 0 13 52 126 200 314 302 17 0 8 78 164 228 260 261 25 
6 81 271 310 195 74 39 48 31 216 345 249 46 49 46 42 62 467 282 71 33 34 39 36 
51 181 233 116 66 69 81 227 96 212 206 90 57 57 80 226 167 248 146 65 63 61 67 207 
0 36 110 119 137 227 221 174 7 68 117 110 124 199 223 176 20 96 108 97 146 186 202 169 
0 0 29 123 222 288 303 59 0 15 100 143 204 242 266 54 0 48 148 156 240 199 208 25 
2 94 188 267 221 143 86 23 32 149 271 213 135 124 81 19 60 348 230 128 122 87 47 2 
6 24 89 156 231 230 153 135 11 68 136 126 290 113 137 143 9 142 139 239 183 76 113 123 
7 9 29 47 105 395 396 36 9 15 29 58 158 368 355 32 10 26 33 85 294 235 316 25 
0 0 13 23 53 250 453 232 0 8 18 36 85 278 389 210 0 12 33 84 130 262 339 164 
24 37 58 95 265 263 179 103 35 45 73 162 247 199 154 109 31 49 132 255 210 155 138 54 
5 41 70 173 283 210 221 21 20 51 86 236 203 191 206 31 26 79 208 232 165 126 165 23 
0 8 14 44 166 359 220 213 4 16 20 90 222 262 198 212 4 19 74 217 215 161 164 170 
0 4 14 43 84 92 161 626 1 11 22 55 75 87 146 627 4 19 41 70 66 72 139 613 
2 7 17 21 17 47 205 708 2 15 17 22 16 34 208 710 3 21 17 19 20 45 165 734 
0 2 8 12 17 253 491 241 1 2 6 11 16 52 672 264 0 2 7 10 13 34 553 405 
0 22 36 32 32 123 339 440 0 26 34 32 22 69 371 470 3 30 28 29 30 71 269 564 
0 5 15 16 31 201 267 489 0 7 13 15 25 64 396 504 0 4 15 15 25 42 344 579 
0 6 9 26 42 176 306 459 0 7 13 21 26 90 391 476 0 4 10 19 30 76 306 579 
12 37 53 33 66 158 186 479 11 38 50 34 64 124 226 477 9 38 52 34 63 125 236 467 
0 1 21 68 136 189 289 320 0 8 43 72 153 155 276 317 0 16 68 142 121 118 259 300 
2 14 105 197 256 231 112 107 3 32 144 192 231 198 120 104 4 88 218 208 178 137 110 81 
0 9 70 129 243 244 182 147 2 27 81 148 229 214 177 146 1 53 156 205 174 175 144 116 
0 19 66 148 218 282 220 71 0 28 83 159 199 237 241 77 0 39 98 187 203 234 218 45 
0 0 3 36 101 294 375 215 0 1 13 53 165 326 261 205 0 5 49 118 228 259 194 171 
30 45 71 106 140 269 168 195 25 48 74 100 114 292 177 194 16 56 100 99 116 244 212 181 
30 212 231 222 177 91 24 37 20 194 232 242 154 115 28 39 17 278 313 177 91 79 38 31 
3 64 64 102 194 250 271 76 1 72 83 97 186 191 299 95 13 99 101 125 154 146 283 103 
68 92 65 100 221 387 90 1 63 90 65 90 179 318 218 1 63 103 63 91 177 266 257 4 
145 143 246 193 136 116 45 0 148 170 210 209 114 116 56 1 201 209 214 144 104 93 59 0 
14 118 121 242 235 117 90 87 25 138 187 241 161 103 86 83 52 255 249 146 93 89 68 72 
94 161 125 73 67 20 37 447 97 187 114 63 60 22 47 434 135 205 91 55 50 25 52 411 
65 164 167 197 253 79 42 57 30 146 144 177 260 168 47 52 13 127 134 148 201 297 58 46 
104 63 92 157 481 117 8 2 98 89 92 152 323 257 10 3 85 104 104 159 193 370 9 0 
90 184 213 150 223 153 11 0 156 266 156 120 203 113 10 0 189 301 114 111 189 116 4 0 
203 51 43 45 59 195 422 6 195 63 44 36 72 205 400 9 199 58 43 39 52 138 484 11 
604 275 83 37 14 11 0 0 641 246 75 26 20 13 3 0 758 182 48 21 12 3 0 0 
518 324 91 34 14 11 0 0 557 302 75 23 19 13 3 0 728 188 42 19 12 3 0 0 
298 275 125 102 117 54 53 0 267 309 116 113 90 77 52 0 301 312 97 120 104 46 43 1 
4 36 172 242 202 182 173 13 5 104 180 214 154 174 192 1 11 168 216 163 155 139 153 19 
0 7 81 86 112 393 345 0 0 41 59 96 111 370 347 0 1 48 75 130 81 304 382 3 
0 0 2 5 37 156 384 440 0 0 6 10 64 122 375 447 0 0 6 15 109 87 356 451 
0 0 0 8 60 125 283 548 0 0 3 39 76 99 315 492 0 0 27 59 66 83 296 493 
0 0 11 73 121 200 443 176 0 6 44 85 113 187 427 162 0 4 66 100 130 233 362 129 
0 28 112 117 88 89 190 400 6 107 114 85 62 78 199 373 21 127 101 86 67 95 211 316 
0 4 26 58 44 78 287 527 3 24 52 32 51 71 287 504 1 42 39 37 63 82 303 457 
0 0 3 20 29 212 473 287 0 1 15 18 24 230 460 276 0 10 14 11 32 169 537 251 
2 32 99 182 222 332 155 0 10 71 150 153 240 284 116 0 32 158 137 169 244 196 88 0 
4 41 156 244 194 205 133 47 14 134 212 197 193 142 88 44 104 269 193 144 137 78 66 33 
38 70 74 71 142 290 202 137 50 75 67 76 134 260 216 146 46 82 85 118 162 153 249 129 
14 74 112 139 167 292 184 42 43 76 103 148 156 242 201 55 66 106 142 145 183 145 204 33 
23 122 246 246 268 98 20 1 39 173 231 231 236 86 25 3 100 303 252 198 114 48 8 1 
16 74 87 186 231 154 121 155 18 70 105 187 213 141 130 160 27 88 205 204 134 113 118 135 
0 7 20 99 168 207 223 300 0 17 67 124 158 170 193 295 3 34 129 143 153 154 175 233 
0 0 4 13 23 233 460 291 0 0 8 9 36 199 490 282 0 1 8 19 67 181 428 320 
0 0 0 1 3 52 545 423 0 0 0 2 4 30 516 472 0 0 0 3 9 34 233 745 
0 1 9 22 50 179 430 333 0 6 12 26 49 116 459 356 2 7 12 22 48 108 424 401 
0 0 0 0 1 8 84 931 0 0 0 0 1 10 91 922 0 0 0 0 1 9 75 939 
0 0 0 0 0 0 7 1017 0 0 0 0 0 0 6 1018 0 0 0 0 0 0 7 1017 
0 0 3 4 10 44 110 853 0 0 9 4 9 56 103 843 0 0 9 5 17 63 119 811 
1 27 56 139 248 184 132 237 5 42 89 186 184 160 128 230 6 68 220 173 142 99 129 187 
15 53 65 112 206 313 136 124 7 66 81 104 191 225 222 128 9 92 111 109 152 140 289 122 
0 0 0 15 29 721 152 107 0 0 0 8 28 256 624 108 0 0 0 8 27 82 796 111 
3 55 87 133 120 171 175 280 0 44 96 115 121 148 229 271 0 43 106 125 118 118 261 253 
0 37 61 117 235 271 213 90 1 33 74 121 228 256 211 100 0 41 82 171 249 231 191 59 
12 73 201 218 289 164 52 15 7 79 222 226 263 154 49 24 16 152 305 224 179 101 36 11 
252 231 193 198 83 44 20 3 195 275 200 192 83 53 22 4 228 326 217 127 70 40 16 0 
1 21 104 147 240 274 189 48 5 48 110 148 211 264 190 48 10 84 147 182 173 171 213 44 
28 45 84 92 139 336 219 81 29 63 88 82 126 300 250 86 34 96 81 85 127 181 331 89 
80 195 297 248 132 57 14 1 111 275 313 186 78 51 10 0 222 398 221 88 71 22 2 0 
0 11 35 71 227 369 191 120 4 38 70 127 255 284 154 92 13 52 109 222 211 224 119 74 
0 0 9 49 364 539 63 0 0 3 31 137 367 458 28 0 0 10 100 147 257 475 35 0 
0 3 16 78 609 317 1 0 0 7 22 103 527 364 1 0 0 5 32 107 361 514 5 0 
0 26 58 198 415 289 38 0 22 69 160 257 319 173 24 0 37 138 214 277 224 127 7 0 
135 114 114 138 146 171 201 5 186 130 132 82 113 189 184 8 134 217 126 103 123 139 179 3 
672 140 54 63 87 7 1 0 636 149 49 54 80 54 2 0 633 142 60 58 68 62 1 0 
651 144 68 58 30 20 21 0 613 161 59 57 43 28 31 0 622 144 61 59 53 27 26 0 
47 78 111 241 267 136 144 0 28 77 116 179 311 162 151 0 20 78 126 185 286 187 142 0 
241 92 206 168 119 69 123 6 239 105 173 191 127 57 130 2 263 115 176 162 130 57 116 5 
226 81 142 172 254 149 0 0 230 119 151 208 179 137 0 0 260 216 154 154 152 88 0 0 
259 82 100 145 153 145 140 0 271 87 100 151 117 157 141 0 276 109 123 129 121 138 128 0 
377 117 114 161 70 98 87 0 353 138 102 174 72 112 73 0 339 164 119 155 68 87 92 0 
364 54 56 78 90 87 149 146 344 64 63 86 87 75 148 157 347 81 76 98 66 72 134 150 
132 35 36 46 97 156 205 317 114 51 36 37 63 203 253 267 110 56 30 36 62 177 260 293 
0 0 0 0 71 262 161 530 0 0 0 0 65 271 174 514 0 0 0 0 36 286 167 535 
0 36 82 157 135 195 159 260 3 61 112 147 100 187 160 254 10 106 131 115 79 108 203 272 
125 167 208 299 223 2 0 0 143 195 242 279 158 7 0 0 205 257 281 239 42 0 0 0 
447 305 130 63 30 34 15 0 425 320 139 53 33 36 18 0 587 252 68 44 29 31 13 0 
70 136 146 158 213 253 45 3 51 150 140 183 185 258 53 4 60 162 167 194 242 171 27 1 
26 108 192 274 245 113 56 10 46 179 212 265 172 85 56 9 145 326 284 118 64 48 36 3 
228 270 210 177 118 21 0 0 240 274 213 163 100 34 0 0 371 313 192 107 40 1 0 0 
155 164 183 161 147 114 75 25 160 181 171 163 140 108 68 33 208 213 210 165 100 66 58 4 
21 51 68 116 137 150 164 317 40 59 92 107 117 168 136 305 54 99 117 129 102 132 138 253 
2 15 32 31 39 221 228 456 4 15 33 25 39 74 367 467 1 14 37 23 45 62 365 477 
0 0 0 2 6 453 497 66 0 0 0 2 6 9 903 104 0 0 0 2 6 8 628 380 
0 10 30 45 74 219 427 219 0 10 27 48 65 96 552 226 0 5 32 55 60 62 488 322 
0 0 0 3 4 16 321 680 0 0 0 3 4 16 310 691 0 0 0 3 6 13 114 888 
4 42 59 122 133 210 207 247 9 40 66 122 135 202 210 240 9 59 110 112 151 153 183 247 
0 0 1 37 80 179 560 167 0 0 2 44 74 148 556 200 0 0 16 46 78 105 432 347 
0 6 20 30 86 169 422 291 1 10 22 35 80 111 494 271 1 12 26 55 88 89 402 351 
0 0 19 40 61 123 618 163 0 0 20 38 60 105 632 169 0 0 19 40 57 86 445 377 
0 0 1 12 29 141 528 313 0 0 3 10 25 55 585 346 0 0 1 12 25 57 424 505 
14 79 115 130 138 195 301 52 6 77 94 105 153 140 383 66 2 66 104 108 158 124 360 102 
188 112 210 234 148 62 30 40 147 127 186 216 160 113 31 44 117 162 220 210 153 91 33 38 
3 56 121 164 177 172 141 190 3 48 114 157 162 185 162 193 0 49 110 167 163 192 158 185 
11 58 91 68 98 80 130 488 10 63 89 62 102 68 155 475 8 89 86 65 106 55 110 505 
1 45 137 210 233 318 62 18 4 50 133 175 184 253 206 19 4 66 139 183 171 159 275 27 
33 103 164 207 227 172 106 12 33 103 162 188 182 208 127 21 23 106 160 213 177 214 115 16 
134 206 164 176 173 93 64 14 160 204 143 160 145 117 71 24 177 201 159 136 132 109 93 17 
86 183 281 259 174 36 5 0 129 263 272 213 110 30 7 0 187 332 258 180 59 7 1 0 
40 117 176 240 283 141 27 0 91 169 205 184 227 121 27 0 128 243 147 171 222 90 23 0 
6 41 180 492 290 15 0 0 15 106 289 419 179 16 0 0 25 205 353 315 113 13 0 0 
44 103 256 358 216 40 7 0 82 293 331 234 67 15 2 0 222 481 218 76 23 4 0 0 
30 107 225 440 190 20 12 0 78 213 257 307 147 10 8 4 114 308 216 216 147 21 2 0 
783 78 37 82 44 0 0 0 738 99 42 51 94 0 0 0 718 117 43 47 71 28 0 0 
721 118 54 97 2 0 0 0 672 138 67 58 57 0 0 0 641 142 80 49 76 4 0 0 
0 6 30 46 72 315 555 0 0 9 29 41 70 358 517 0 1 16 28 37 71 259 612 0 
165 80 56 69 202 418 34 0 160 85 62 61 191 406 59 0 170 76 60 71 178 382 87 0 
35 87 153 110 128 358 153 0 63 127 104 94 114 317 205 0 95 140 76 94 165 252 202 0 
0 0 9 17 43 364 590 1 0 1 8 18 33 369 595 0 0 0 4 22 33 158 799 8 
169 29 32 122 248 359 65 0 168 30 25 79 205 451 66 0 163 33 27 53 158 379 211 0 
890 43 22 45 24 0 0 0 871 39 36 29 49 0 0 0 866 43 36 27 33 19 0 0 
445 87 100 212 172 8 0 0 393 83 76 126 270 76 0 0 374 78 78 90 172 228 4 0 
0 2 36 142 738 106 0 0 0 4 38 127 478 376 1 0 0 5 36 130 169 662 22 0 
65 157 168 241 299 94 0 0 78 171 185 232 243 115 0 0 89 238 221 216 135 124 1 0 
40 92 205 241 314 108 24 0 79 170 221 301 203 25 25 0 153 388 349 89 10 22 13 0 
515 148 124 128 78 15 16 0 514 152 121 144 60 16 15 2 608 207 114 47 23 13 12 0 
14 75 127 187 310 189 122 0 18 95 141 242 242 190 95 1 31 154 273 232 171 128 35 0 
35 33 43 141 358 371 43 0 42 43 100 216 387 211 25 0 61 138 372 294 125 29 5 0 
204 128 91 117 100 95 120 169 224 119 88 133 95 75 106 184 290 127 140 85 46 70 112 154 
414 168 126 109 89 79 32 7 407 189 123 95 92 68 42 8 490 175 99 86 78 78 16 2 
5 33 51 67 122 250 337 159 14 48 49 66 110 201 358 178 22 68 45 82 104 195 384 124 
37 31 56 103 126 167 246 258 38 40 55 82 128 173 249 259 43 57 71 86 120 159 235 253 
0 0 0 4 39 537 205 239 0 0 1 6 23 167 571 256 0 0 1 4 22 59 652 286 
0 0 0 0 1 502 406 115 0 0 0 0 1 74 813 136 0 0 0 0 0 22 771 231 
0 0 2 6 25 169 348 474 0 0 2 5 11 149 412 445 0 0 3 4 16 105 381 515 
34 63 112 173 234 254 124 30 35 66 119 185 189 259 133 38 36 90 139 179 189 260 100 31 
46 78 153 183 186 155 157 66 41 90 163 177 169 142 175 67 61 145 185 165 125 115 150 78 
7 37 40 84 140 143 331 242 13 41 60 94 129 123 313 251 13 69 88 102 101 113 287 251 
10 37 95 201 247 276 138 20 8 48 93 200 206 273 166 30 5 67 125 175 184 247 186 35 
0 14 32 52 62 159 325 380 0 12 31 48 57 129 349 398 0 13 25 51 69 110 311 445 
0 6 16 15 25 282 452 228 0 6 17 11 23 83 659 225 0 4 19 15 19 33 585 349 
59 65 102 139 105 225 140 189 55 50 85 126 111 186 217 194 42 59 95 128 97 100 269 234 
5 109 123 84 113 282 286 22 2 97 117 98 87 217 368 38 0 103 137 77 82 163 392 70 
0 1 47 59 94 156 521 146 0 0 24 55 71 158 528 188 0 0 16 51 69 103 292 493 
2 43 161 215 252 157 108 86 2 22 131 177 202 259 137 94 2 18 126 176 194 231 153 124 
112 186 258 227 210 31 0 0 116 159 211 189 192 148 9 0 92 173 207 188 161 186 17 0 
174 120 120 112 121 217 156 4 164 111 117 87 138 199 203 5 125 132 112 110 140 167 229 9 
365 193 78 62 74 109 129 14 379 173 83 66 61 102 133 27 421 134 87 65 75 86 149 7 
529 276 152 41 25 1 0 0 520 299 128 58 15 4 0 0 587 269 117 43 7 1 0 0 
186 242 336 223 36 1 0 0 230 328 330 121 13 2 0 0 313 477 222 11 1 0 0 0 
121 341 335 187 35 5 0 0 248 415 257 79 22 3 0 0 492 389 119 22 2 0 0 0 
19 277 159 211 302 55 1 0 155 243 150 257 176 40 3 0 256 175 175 240 155 23 0 0 
0 6 4 226 287 235 266 0 0 6 4 223 298 288 205 0 0 6 4 53 428 235 298 0 
0 1 9 248 211 197 326 0 0 0 8 228 229 281 246 0 0 0 5 37 396 178 376 0 
0 0 0 0 26 903 95 0 0 0 0 0 22 944 58 0 0 0 0 0 0 688 336 0 
0 0 0 0 0 620 404 0 0 0 0 0 0 680 344 0 0 0 0 0 0 333 691 0 
0 0 0 0 0 224 800 0 0 0 0 0 0 234 789 1 0 0 0 0 0 62 959 3 
0 0 0 0 0 206 818 0 0 0 0 0 0 253 771 0 0 0 0 0 0 53 971 0 
0 0 0 0 210 397 416 1 0 0 0 0 115 500 409 0 0 0 0 0 0 472 546 6 
13 26 20 82 371 246 266 0 10 24 22 37 424 244 263 0 6 18 28 40 124 554 254 0 
0 4 11 65 619 250 75 0 0 6 11 61 605 270 71 0 0 7 22 76 228 605 86 0 
18 48 93 141 403 266 55 0 15 43 75 77 481 262 71 0 5 46 66 67 140 603 97 0 
50 108 109 134 407 170 46 0 51 93 99 164 371 188 58 0 33 119 145 179 306 191 51 0 
1 26 55 192 276 280 190 4 11 47 127 207 229 214 184 5 30 107 224 195 171 147 149 1 
54 139 167 193 261 185 25 0 85 158 173 193 202 169 44 0 199 207 202 134 123 119 40 0 
110 165 251 328 156 12 2 0 116 216 291 235 116 50 0 0 236 374 229 75 60 50 0 0 
146 202 194 188 186 104 4 0 175 230 190 175 155 97 2 0 300 299 160 111 124 28 2 0 
0 1 11 21 45 135 422 389 0 2 12 25 59 154 378 394 0 10 18 34 71 171 365 355 
0 2 25 46 37 55 261 598 1 14 40 33 34 71 278 553 1 19 45 45 45 71 307 491 
0 0 9 44 143 302 481 45 0 3 15 43 97 337 488 41 0 5 23 44 89 287 484 92 
11 9 6 27 49 553 361 8 11 9 5 24 29 266 673 7 10 7 6 26 36 128 778 33 
0 0 0 0 0 527 417 80 0 0 0 0 0 33 910 81 0 0 0 0 0 0 834 190 
0 1 14 49 195 727 38 0 0 2 13 35 149 599 224 2 0 1 15 37 147 324 497 3 
22 49 68 114 269 453 46 3 27 48 65 119 261 449 47 8 23 62 89 151 294 347 57 1 
0 2 18 48 181 276 279 220 0 8 21 69 165 235 300 226 2 10 30 90 179 226 265 222 
82 95 78 64 78 94 217 316 79 110 78 70 69 91 222 305 86 110 87 77 61 96 208 299 
53 32 74 88 93 92 121 471 49 51 80 82 83 84 123 472 46 47 98 84 90 88 130 441 
1 35 72 113 208 378 135 82 0 45 73 113 184 342 182 85 0 36 91 119 172 246 292 68 
12 56 99 169 303 358 27 0 6 50 110 149 237 418 54 0 0 75 113 200 168 263 205 0 
0 0 0 13 74 538 146 253 0 0 4 20 75 408 257 260 0 0 7 37 54 103 570 253 
0 40 89 210 308 312 15 50 0 17 81 103 305 432 35 51 0 5 69 94 223 308 277 48 
88 230 231 301 152 22 0 0 34 221 226 249 196 95 3 0 21 259 210 249 184 85 16 0 
0 232 356 320 106 10 0 0 0 133 347 336 166 42 0 0 0 134 381 298 165 46 0 0 
12 767 170 73 2 0 0 0 9 577 251 129 58 0 0 0 6 602 231 95 81 9 0 0 
256 316 333 77 27 14 1 0 147 232 265 307 42 26 5 0 107 203 219 314 148 31 2 0 
216 207 82 72 425 22 0 0 162 191 119 70 95 387 0 0 137 186 140 66 62 369 64 0 
268 120 49 43 412 114 18 0 216 151 56 40 218 300 42 1 179 160 74 42 50 449 70 0 
216 43 20 50 217 298 139 41 213 51 22 41 141 376 145 35 208 59 23 23 80 400 197 34 
39 288 343 200 83 68 3 0 124 412 252 114 56 60 6 0 346 406 147 30 42 50 3 0 
64 487 308 106 51 8 0 0 278 430 202 71 29 14 0 0 514 364 80 48 14 4 0 0 
0 29 138 235 292 252 78 0 0 61 174 237 247 241 64 0 2 94 179 231 246 184 88 0 
0 0 0 0 0 97 749 178 0 0 0 0 2 145 815 62 0 0 0 0 2 99 734 189 
0 0 0 0 4 63 771 154 0 0 0 0 2 124 811 55 0 0 0 0 0 55 764 173 
0 0 0 0 381 640 3 0 0 0 0 0 306 717 1 0 0 0 0 0 0 940 84 0 
0 0 0 0 186 725 113 0 0 0 0 0 48 908 68 0 0 0 0 0 0 587 437 0 
0 0 0 0 21 919 84 0 0 0 0 0 7 947 70 0 0 0 0 0 0 310 714 0 
0 0 0 0 0 722 302 0 0 0 0 0 0 769 255 0 0 0 0 0 0 178 846 0 
0 0 2 15 112 289 600 6 0 0 2 17 113 320 571 1 0 0 2 24 113 230 632 23 
0 8 50 183 397 292 94 0 0 22 96 230 302 280 94 0 0 65 139 262 311 171 76 0 
217 203 234 194 160 16 0 0 210 277 235 172 118 12 0 0 268 391 209 114 36 6 0 0 
254 119 105 130 141 188 87 0 196 122 111 120 154 148 173 0 188 113 96 106 148 153 219 1 
0 12 145 280 199 205 183 0 3 38 200 227 160 160 236 0 5 103 256 167 100 111 277 5 
29 174 249 268 236 68 0 0 52 210 261 238 198 63 2 0 112 296 308 153 132 23 0 0 
91 45 89 144 281 250 124 0 87 46 121 181 215 230 141 3 99 99 200 139 167 176 142 2 
225 185 131 140 70 188 85 0 184 205 121 146 84 189 95 0 166 208 133 143 124 170 80 0 
319 278 187 90 72 51 26 1 295 291 170 90 85 64 27 2 356 291 162 77 72 40 25 1 
80 69 60 82 143 328 261 1 81 81 67 95 180 259 255 6 85 99 80 159 202 209 190 0 
0 19 36 66 107 370 397 29 12 29 51 76 174 363 292 27 18 60 80 155 294 249 153 15 
0 0 5 20 55 199 469 276 0 4 15 32 78 238 391 266 3 18 34 56 116 245 320 232 
0 0 0 0 0 43 359 622 0 0 0 0 0 8 349 667 0 0 0 0 0 0 142 882 
0 0 0 0 6 182 656 180 0 0 0 0 4 25 827 168 0 0 0 0 2 10 452 560 
50 69 67 81 151 546 54 6 41 62 69 65 108 442 227 10 31 65 69 76 79 184 499 21 
132 138 193 122 90 349 0 0 105 113 162 192 56 351 45 0 96 130 154 200 51 76 317 0 
164 97 80 91 219 369 4 0 112 101 85 74 147 386 119 0 92 103 78 81 77 240 353 0 
294 180 175 82 82 112 83 16 228 184 159 142 85 107 93 26 214 196 167 134 96 91 107 19 
119 52 64 46 66 111 218 348 76 75 72 50 60 113 237 341 70 94 65 47 60 103 219 366 
0 11 30 50 191 379 202 161 0 4 28 58 165 375 226 168 0 3 31 76 176 226 345 167 
270 258 162 123 115 69 27 0 187 280 205 124 122 75 31 0 161 343 198 141 85 75 21 0 
36 43 50 75 124 184 265 247 27 57 59 76 120 167 277 241 26 59 75 85 142 164 246 227 
1 31 47 32 58 161 225 469 0 16 58 44 95 183 182 446 0 20 58 80 139 164 168 395 
627 244 65 18 19 23 15 13 406 429 100 20 23 21 11 14 350 506 87 23 24 12 10 12 
263 392 125 127 103 14 0 0 89 479 175 97 102 82 0 0 77 483 175 93 101 82 13 0 
5 458 102 171 274 14 0 0 2 411 117 82 229 183 0 0 0 415 117 67 106 301 18 0 
525 251 55 68 124 1 0 0 294 435 74 43 98 80 0 0 185 486 112 43 63 131 4 0 
0 34 106 240 628 16 0 0 0 15 82 116 378 433 0 0 0 9 43 93 135 694 50 0 
234 145 142 172 252 79 0 0 190 137 139 137 246 173 2 0 148 124 138 128 202 254 30 0 
29 45 55 80 248 530 37 0 33 52 36 69 203 596 35 0 38 58 54 54 122 557 141 0 
530 362 105 11 14 2 0 0 587 327 78 14 12 6 0 0 787 183 24 8 14 8 0 0 
152 334 196 166 150 26 0 0 237 317 137 158 148 27 0 0 333 246 109 158 135 43 0 0 
0 0 20 90 166 203 237 308 0 6 54 111 128 201 261 263 0 10 62 113 95 188 264 292 
0 0 0 0 1 66 815 142 0 0 0 0 4 110 823 87 0 0 0 0 4 50 837 133 
0 0 0 0 6 139 735 112 0 0 0 0 10 172 743 67 0 0 0 0 3 97 777 115 
0 0 0 579 444 1 0 0 0 0 0 83 901 40 0 0 0 0 0 0 386 638 0 0 
0 0 0 366 554 104 0 0 0 0 0 1 793 230 0 0 0 0 0 0 18 950 56 0 
0 0 0 17 649 336 22 0 0 0 0 3 563 433 25 0 0 0 0 0 39 876 109 0 
3 75 285 223 220 188 30 0 28 192 260 132 208 167 37 0 69 345 146 101 166 148 49 0 
70 171 248 208 147 139 41 0 107 227 235 177 119 118 41 0 164 296 228 119 81 101 35 0 
552 149 129 114 58 21 1 0 549 174 128 97 52 21 3 0 617 186 94 79 31 17 0 0 
851 123 47 3 0 0 0 0 840 147 37 0 0 0 0 0 971 51 2 0 0 0 0 0 
135 56 140 196 309 161 27 0 105 46 84 160 333 238 58 0 90 54 41 136 200 366 137 0 
135 97 194 289 191 114 4 0 59 125 181 246 267 128 18 0 21 125 149 224 269 185 51 0 
205 203 191 150 66 79 130 0 146 187 171 197 93 79 145 6 81 197 199 187 134 68 151 7 
146 68 27 21 13 32 320 397 131 75 33 20 18 22 360 365 130 72 37 21 18 24 230 492 
0 0 1 2 4 41 512 464 0 0 1 4 7 41 664 307 0 0 1 5 11 40 189 778 
0 0 0 24 78 154 502 266 0 0 0 27 72 139 681 105 0 0 0 27 64 144 306 483 
0 0 0 13 97 218 318 378 0 0 8 68 114 153 313 368 0 0 59 81 120 134 283 347 
3 20 32 60 207 393 214 95 12 35 57 66 237 327 204 86 35 67 56 115 285 222 173 71 
0 0 0 9 56 205 185 569 0 0 4 23 69 178 185 565 0 5 17 38 91 164 160 549 
0 0 0 0 0 11 464 549 0 0 0 0 0 6 537 481 0 0 0 0 0 2 136 886 
0 0 0 0 0 480 481 63 0 0 0 0 0 79 889 56 0 0 0 0 0 0 645 379 
0 0 0 0 1 1005 18 0 0 0 0 0 0 565 459 0 0 0 0 0 0 4 1014 6 
0 0 10 18 88 908 0 0 0 1 9 5 40 872 97 0 0 0 6 5 17 77 919 0 
252 103 110 180 240 139 0 0 219 85 83 109 209 318 1 0 200 80 82 94 165 238 165 0 
451 163 101 33 47 86 132 11 362 165 121 98 33 92 140 13 337 166 112 127 44 58 146 34 
182 28 16 18 23 237 286 234 182 25 21 14 17 177 401 187 181 21 25 15 16 43 342 381 
0 0 0 8 19 63 264 670 0 0 1 9 25 72 331 586 0 0 1 13 32 67 257 654 
80 35 35 39 73 165 218 379 71 45 31 50 63 165 244 355 69 47 36 63 75 162 234 338 
46 166 193 218 170 182 49 0 46 164 182 218 164 185 64 1 31 211 212 193 162 153 62 0 
26 164 207 213 210 131 71 2 23 209 213 235 204 85 54 1 28 342 275 224 81 58 16 0 
62 40 68 131 423 181 99 20 50 63 74 90 321 323 86 17 32 99 93 125 147 432 88 8 
6 42 36 77 530 289 27 17 2 34 24 56 159 705 32 12 0 28 28 39 72 496 339 22 
0 0 0 5 729 290 0 0 0 0 0 0 23 1001 0 0 0 0 0 0 4 536 484 0 
54 57 91 137 548 137 0 0 27 55 73 91 274 504 0 0 13 65 66 85 136 490 169 0 
280 316 245 171 12 0 0 0 155 314 239 204 112 0 0 0 83 276 280 177 169 39 0 0 
701 112 97 82 32 0 0 0 676 129 77 68 70 4 0 0 690 106 84 54 83 7 0 0 
103 160 185 241 202 117 16 0 96 153 179 211 230 139 16 0 64 180 178 205 184 184 29 0 
245 299 217 151 110 2 0 0 269 297 224 161 70 3 0 0 367 305 208 119 25 0 0 0 
56 230 428 192 96 22 0 0 80 274 355 194 94 26 1 0 90 339 318 174 85 18 0 0 
11 26 31 47 83 110 162 554 17 30 47 35 89 112 213 481 12 38 44 40 86 111 161 532 
0 0 0 0 0 34 736 254 0 0 0 0 0 79 812 133 0 0 0 0 0 36 802 186 
0 0 0 0 8 109 789 86 0 0 0 0 7 167 795 23 0 0 0 0 6 97 838 51 
