0 99 214 530 178 3 0 0 0 15 114 176 109 604 6 0 280 49 28 21 21 35 37 553 
0 0 6 993 25 0 0 0 0 0 0 5 46 973 0 0 24 12 8 6 4 5 10 955 
0 23 320 575 103 3 0 0 0 0 27 249 341 404 3 0 510 78 22 16 12 19 27 340 
0 15 67 813 129 0 0 0 0 0 23 74 87 838 2 0 93 37 26 19 18 19 31 781 
0 0 3 1010 11 0 0 0 0 0 0 12 6 1006 0 0 1 3 4 3 3 3 5 1002 
0 0 0 1024 0 0 0 0 0 0 0 0 0 1024 0 0 0 0 0 0 0 0 0 1024 
0 0 0 1024 0 0 0 0 0 0 0 0 0 1024 0 0 0 0 0 0 0 0 0 1024 
0 0 0 1024 0 0 0 0 0 0 0 0 0 1024 0 0 0 0 0 0 0 0 0 1024 
0 0 0 1024 0 0 0 0 0 0 0 0 0 1024 0 0 0 0 0 0 0 0 0 1024 
0 0 0 1024 0 0 0 0 0 0 0 0 0 1024 0 0 0 0 0 0 0 0 0 1024 
0 0 0 717 305 2 0 0 0 0 0 0 0 886 138 0 0 0 0 0 0 0 0 1024 
0 0 0 1024 0 0 0 0 0 0 0 0 0 1024 0 0 0 0 0 0 0 0 0 1024 
0 0 0 628 329 67 0 0 0 0 0 0 0 885 139 0 0 0 0 0 0 0 0 1024 
0 0 0 0 177 556 291 0 0 0 0 0 0 87 715 222 0 0 0 0 0 0 0 1024 
0 0 0 0 0 249 509 266 0 0 0 0 0 0 319 705 0 0 0 0 0 0 0 1024 
0 0 0 0 0 8 419 597 0 0 0 0 0 0 10 1014 0 0 0 0 0 0 0 1024 
0 0 0 0 0 11 106 907 0 0 0 0 0 0 19 1005 0 0 0 0 0 0 0 1024 
0 0 0 0 179 183 196 466 0 0 0 0 0 108 293 623 0 0 0 0 0 0 0 1024 
0 0 0 0 291 337 313 83 0 0 0 0 0 198 481 345 0 0 0 0 0 0 0 1024 
0 0 0 7 783 220 14 0 0 0 0 0 0 389 630 5 0 0 0 0 0 0 0 1024 
0 0 0 9 698 69 212 36 0 0 0 0 0 676 126 222 0 0 0 0 0 0 0 1024 
0 0 0 74 852 48 47 3 0 0 0 0 0 891 87 46 0 0 0 0 0 0 0 1024 
0 0 0 32 991 1 0 0 0 0 0 0 0 994 30 0 0 0 0 0 0 0 0 1024 
0 0 0 5 713 206 59 41 0 0 0 0 0 513 417 94 0 0 0 0 0 0 0 1024 
0 0 0 0 173 429 251 171 0 0 0 0 0 42 587 395 0 0 0 0 0 0 0 1024 
0 0 0 0 817 80 84 43 0 0 0 0 0 481 422 121 0 0 0 0 0 0 0 1024 
0 0 0 0 662 95 46 221 0 0 0 0 0 299 468 257 0 0 0 0 0 0 1 1023 
0 0 0 0 48 231 176 569 0 0 0 0 0 0 283 741 0 0 0 0 0 0 0 1024 
0 0 0 0 0 0 281 743 0 0 0 0 0 0 0 1024 0 0 0 0 0 0 0 1024 
0 0 0 0 0 0 336 688 0 0 0 0 0 0 0 1024 0 0 0 0 0 0 0 1024 
0 0 0 0 0 0 0 1024 0 0 0 0 0 0 0 1024 0 0 0 0 0 0 0 1024 
0 0 0 0 0 59 212 753 0 0 0 0 0 0 57 967 0 0 0 0 0 0 0 1024 
0 0 0 0 105 504 322 93 0 0 0 0 0 0 583 441 0 0 0 0 0 0 0 1024 
0 0 4 10 951 57 2 0 0 0 0 0 8 15 998 3 0 0 0 0 0 4 10 1010 
0 0 0 0 1024 0 0 0 0 0 0 0 0 0 1024 0 0 0 0 0 0 0 0 1024 
0 0 0 0 1024 0 0 0 0 0 0 0 0 0 1024 0 0 0 0 0 0 0 0 1024 
0 0 0 0 1024 0 0 0 0 0 0 0 0 0 1024 0 0 0 0 0 0 0 0 1024 
0 0 0 0 1019 5 0 0 0 0 0 0 0 0 1024 0 0 0 0 0 0 0 0 1024 
1 31 156 83 669 84 0 0 0 2 35 171 65 21 721 9 65 101 43 46 11 9 18 731 
0 175 430 262 93 64 0 0 0 2 147 508 216 18 125 8 240 186 175 258 19 6 6 134 
8 94 237 568 101 8 8 0 0 35 95 189 148 545 12 0 341 42 28 32 27 28 29 497 
0 0 0 1024 0 0 0 0 0 0 0 0 0 1024 0 0 0 0 0 0 0 0 0 1024 
0 0 31 802 185 6 0 0 0 0 0 16 174 834 0 0 166 48 17 10 10 13 16 744 
0 97 293 512 119 3 0 0 0 1 140 249 499 132 3 0 791 110 34 18 7 10 6 48 
0 9 47 885 79 4 0 0 0 1 34 34 20 930 5 0 25 27 14 15 6 12 9 916 
0 0 0 1024 0 0 0 0 0 0 0 0 0 1024 0 0 0 0 0 0 0 0 0 1024 
0 0 0 1024 0 0 0 0 0 0 0 0 0 1024 0 0 0 0 0 0 0 0 0 1024 
0 0 0 1024 0 0 0 0 0 0 0 0 0 1024 0 0 0 0 0 0 0 0 0 1024 
0 0 0 1024 0 0 0 0 0 0 0 0 0 1024 0 0 0 0 0 0 0 0 0 1024 
0 0 0 1024 0 0 0 0 0 0 0 0 0 1024 0 0 0 0 0 0 0 0 0 1024 
0 0 0 447 577 0 0 0 0 0 0 0 0 1009 15 0 0 0 0 0 0 0 0 1024 
0 0 0 485 464 75 0 0 0 0 0 0 0 839 185 0 0 0 0 0 0 0 0 1024 
0 0 0 306 523 195 0 0 0 0 0 0 0 530 494 0 0 0 0 0 0 0 0 1024 
0 0 0 30 412 295 287 0 0 0 0 0 0 252 542 230 0 0 0 0 0 0 0 1024 
0 0 0 0 121 630 273 0 0 0 0 0 0 0 778 246 0 0 0 0 0 0 0 1024 
0 0 0 0 0 393 350 281 0 0 0 0 0 0 437 587 0 0 0 0 0 0 0 1024 
0 0 0 0 0 101 266 657 0 0 0 0 0 0 108 916 0 0 0 0 0 0 0 1024 
0 0 0 0 0 0 505 519 0 0 0 0 0 0 1 1023 0 0 0 0 0 0 0 1024 
0 0 0 0 363 452 152 57 0 0 0 0 0 74 735 215 0 0 0 0 0 0 0 1024 
0 0 0 0 96 369 367 192 0 0 0 0 0 10 497 517 0 0 0 0 0 0 0 1024 
0 0 0 0 0 82 353 589 0 0 0 0 0 0 97 927 0 0 0 0 0 0 0 1024 
0 0 0 0 171 495 344 14 0 0 0 0 0 6 686 332 0 0 0 0 0 0 0 1024 
0 0 0 0 364 141 116 403 0 0 0 0 0 77 439 508 0 0 0 0 0 0 0 1024 
0 0 0 0 0 20 20 984 0 0 0 0 0 0 25 999 0 0 0 0 0 0 0 1024 
0 0 0 0 0 23 177 824 0 0 0 0 0 0 27 997 0 0 0 0 0 0 0 1024 
0 0 0 0 0 60 355 609 0 0 0 0 0 0 67 957 0 0 0 0 0 0 0 1024 
0 0 0 0 0 0 0 1024 0 0 0 0 0 0 0 1024 0 0 0 0 0 0 0 1024 
0 0 0 0 4 25 30 965 0 0 0 0 0 0 36 988 0 0 0 0 0 0 0 1024 
0 0 0 0 0 0 0 1024 0 0 0 0 0 0 0 1024 0 0 0 0 0 0 0 1024 
0 0 0 0 0 0 0 1024 0 0 0 0 0 0 0 1024 0 0 0 0 0 0 0 1024 
0 0 0 0 0 0 0 1024 0 0 0 0 0 0 0 1024 0 0 0 0 0 0 0 1024 
0 0 0 0 0 0 0 1024 0 0 0 0 0 0 0 1024 0 0 0 0 0 0 0 1024 
0 0 0 0 12 163 269 580 0 0 0 0 0 0 156 868 0 0 0 0 0 0 0 1024 
0 0 0 0 632 211 181 0 0 0 0 0 0 0 821 203 0 0 0 0 0 0 0 1024 
0 0 0 0 1024 0 0 0 0 0 0 0 0 0 1024 0 0 0 0 0 0 0 0 1024 
0 0 0 0 1024 0 0 0 0 0 0 0 0 0 1024 0 0 0 0 0 0 0 0 1024 
0 0 3 0 983 38 0 0 0 0 0 3 0 4 1017 0 0 0 0 0 0 3 4 1017 
0 51 201 122 563 87 0 0 0 1 88 197 88 26 620 4 0 0 92 238 23 23 19 629 
1 181 489 293 44 16 0 0 0 7 209 518 248 14 28 0 60 123 246 489 60 8 8 30 
3 288 393 250 81 9 0 0 0 59 226 336 332 62 8 1 423 399 94 88 19 1 0 0 
18 361 113 458 68 6 0 0 0 23 276 167 42 477 39 0 332 98 20 25 15 26 32 476 
3 62 159 686 106 8 0 0 0 5 52 111 130 680 46 0 126 87 33 21 20 16 22 699 
2 125 60 795 42 0 0 0 0 5 64 116 11 821 7 0 139 30 9 9 5 4 12 816 
0 0 0 743 280 1 0 0 0 0 0 0 200 824 0 0 274 37 14 13 12 14 23 637 
0 0 8 890 125 1 0 0 0 0 3 28 178 815 0 0 165 15 10 12 11 7 23 781 
0 0 0 1024 0 0 0 0 0 0 0 0 0 1024 0 0 0 0 0 0 0 0 0 1024 
0 0 0 1024 0 0 0 0 0 0 0 0 0 1024 0 0 0 0 0 0 0 0 0 1024 
0 0 0 1024 0 0 0 0 0 0 0 0 0 1024 0 0 0 0 0 0 0 0 0 1024 
0 0 0 1024 0 0 0 0 0 0 0 0 0 1024 0 0 0 0 0 0 0 0 0 1024 
0 0 0 1003 21 0 0 0 0 0 0 0 0 1024 0 0 0 0 0 0 0 0 0 1024 
0 0 0 873 151 0 0 0 0 0 0 0 0 1024 0 0 0 0 0 0 0 0 0 1024 
0 0 0 818 206 0 0 0 0 0 0 0 0 1019 5 0 0 0 0 0 0 0 0 1024 
0 0 0 236 788 0 0 0 0 0 0 0 0 1004 20 0 0 0 0 0 0 0 0 1024 
0 0 0 42 982 0 0 0 0 0 0 0 0 991 33 0 0 0 0 0 0 0 0 1024 
0 0 0 0 525 455 44 0 0 0 0 0 0 265 734 25 0 0 0 0 0 0 0 1024 
0 0 0 0 214 625 185 0 0 0 0 0 0 24 946 54 0 0 0 0 0 0 0 1024 
0 0 0 0 583 441 0 0 0 0 0 0 0 304 720 0 0 0 0 0 0 0 0 1024 
0 0 0 0 781 153 90 0 0 0 0 0 0 531 413 80 0 0 0 0 0 0 0 1024 
0 0 0 0 825 199 0 0 0 0 0 0 0 311 712 1 0 0 0 0 0 0 0 1024 
0 0 0 0 418 303 214 89 0 0 0 0 0 56 663 305 0 0 0 0 0 0 0 1024 
0 0 0 0 126 239 247 412 0 0 0 0 0 0 341 683 0 0 0 0 0 0 0 1024 
0 0 0 0 195 432 361 36 0 0 0 0 0 0 645 379 0 0 0 0 0 0 0 1024 
0 0 0 0 0 43 378 603 0 0 0 0 0 0 48 976 0 0 0 0 0 0 0 1024 
0 0 0 0 15 54 209 746 0 0 0 0 0 0 65 959 0 0 0 0 0 0 0 1024 
0 0 0 0 45 254 228 497 0 0 0 0 0 0 285 739 0 0 0 0 0 0 2 1022 
0 0 0 0 71 196 552 205 0 0 0 0 0 0 244 780 0 0 0 0 0 0 0 1024 
0 0 0 0 0 0 302 722 0 0 0 0 0 0 0 1024 0 0 0 0 0 0 0 1024 
0 0 0 0 0 0 731 293 0 0 0 0 0 0 0 1024 0 0 0 0 0 0 0 1024 
0 0 0 0 0 6 513 505 0 0 0 0 0 0 6 1018 0 0 0 0 0 0 0 1024 
0 0 0 0 0 36 118 870 0 0 0 0 0 0 28 996 0 0 0 0 0 0 0 1024 
0 0 0 0 23 243 229 529 0 0 0 0 0 0 197 827 0 0 0 0 0 0 0 1024 
0 0 0 0 66 290 199 469 0 0 0 0 0 0 302 722 0 0 0 0 0 0 0 1024 
0 0 0 0 689 188 61 86 0 0 0 0 0 0 848 176 0 0 0 0 0 0 0 1024 
0 0 0 0 1024 0 0 0 0 0 0 0 0 0 1024 0 0 0 0 0 0 0 0 1024 
0 0 0 0 1020 4 0 0 0 0 0 0 0 0 1024 0 0 0 0 0 0 0 0 1024 
0 8 40 16 790 170 0 0 0 0 13 38 12 10 949 2 0 0 12 35 11 4 11 951 
0 88 417 222 188 109 0 0 0 3 138 432 154 24 265 8 31 26 234 396 28 21 14 274 
2 484 344 161 32 1 0 0 0 30 519 307 151 17 0 0 0 1 378 563 82 0 0 0 
0 317 421 241 44 1 0 0 0 9 352 328 284 51 0 0 69 26 249 583 95 2 0 0 
8 314 385 142 37 42 65 31 0 96 270 217 281 49 55 56 135 266 187 240 51 33 56 56 
0 77 130 696 121 0 0 0 0 3 32 154 58 764 13 0 163 47 18 15 6 16 15 744 
2 127 420 208 246 21 0 0 0 15 101 365 287 131 125 0 425 228 64 27 36 25 19 200 
10 227 295 300 172 18 2 0 0 24 201 283 227 233 56 0 374 225 74 48 27 19 11 246 
0 5 64 717 238 0 0 0 0 0 1 79 13 911 20 0 50 21 11 6 3 6 9 918 
0 0 0 1013 11 0 0 0 0 0 0 0 0 1024 0 0 0 0 0 0 0 0 0 1024 
0 0 0 1024 0 0 0 0 0 0 0 0 0 1024 0 0 0 0 0 0 0 0 0 1024 
0 0 0 1017 7 0 0 0 0 0 0 0 0 1024 0 0 0 0 0 0 0 0 0 1024 
0 0 0 1013 11 0 0 0 0 0 0 0 0 1024 0 0 0 0 0 0 0 0 0 1024 
0 0 0 795 229 0 0 0 0 0 0 0 0 1024 0 0 0 0 0 0 0 0 0 1024 
0 0 0 618 406 0 0 0 0 0 0 0 0 1024 0 0 0 0 0 0 0 0 0 1024 
0 0 0 388 636 0 0 0 0 0 0 0 0 1024 0 0 0 0 0 0 0 0 0 1024 
0 0 0 108 916 0 0 0 0 0 0 0 0 1024 0 0 0 0 0 0 0 0 0 1024 
0 0 0 19 1005 0 0 0 0 0 0 0 0 1014 10 0 0 0 0 0 0 0 0 1024 
0 0 0 0 1024 0 0 0 0 0 0 0 0 1014 10 0 0 0 0 0 0 0 0 1024 
0 0 0 4 1020 0 0 0 0 0 0 0 0 990 34 0 0 0 0 0 0 0 0 1024 
0 0 0 3 1021 0 0 0 0 0 0 0 0 828 196 0 0 0 0 0 0 0 0 1024 
0 0 0 0 1024 0 0 0 0 0 0 0 0 677 347 0 0 0 0 0 0 0 0 1024 
0 0 0 0 1024 0 0 0 0 0 0 0 0 288 736 0 0 0 0 0 0 0 0 1024 
0 0 0 0 1024 0 0 0 0 0 0 0 0 356 668 0 0 0 0 0 0 0 0 1024 
0 0 0 0 1024 0 0 0 0 0 0 0 0 16 1008 0 0 0 0 0 0 0 0 1024 
0 0 0 0 1024 0 0 0 0 0 0 0 0 0 1024 0 0 0 0 0 0 0 0 1024 
0 0 0 0 1016 8 0 0 0 0 0 0 0 0 1024 0 0 0 0 0 0 0 0 1024 
0 0 0 0 646 310 68 0 0 0 0 0 0 0 945 79 0 0 0 0 0 0 0 1024 
0 0 0 0 845 152 27 0 0 0 0 0 0 0 989 35 0 0 0 0 0 0 0 1024 
0 0 0 0 758 246 20 0 0 0 0 0 0 0 999 25 0 0 0 0 0 0 0 1024 
0 0 0 0 780 199 45 0 0 0 0 0 0 0 971 53 0 0 0 0 0 0 0 1024 
0 0 0 0 546 249 209 20 0 0 0 0 0 0 776 248 0 0 0 0 0 0 0 1024 
0 0 0 0 638 182 189 15 0 0 0 0 0 0 816 208 0 0 0 0 0 0 0 1024 
0 0 0 0 795 174 55 0 0 0 0 0 0 0 953 71 0 0 0 0 0 0 0 1024 
0 0 0 0 728 209 85 2 0 0 0 0 0 0 889 135 0 0 0 0 0 0 0 1024 
0 0 0 0 998 26 0 0 0 0 0 0 0 0 1024 0 0 0 0 0 0 0 0 1024 
0 0 0 0 1001 23 0 0 0 0 0 0 0 0 1024 0 0 0 0 0 0 0 0 1024 
0 0 0 0 1024 0 0 0 0 0 0 0 0 0 1024 0 0 0 0 0 0 0 0 1024 
0 0 0 0 712 312 0 0 0 0 0 0 0 0 1024 0 0 0 0 0 0 0 0 1024 
0 53 146 64 354 407 0 0 0 0 79 140 40 23 735 7 0 0 96 127 22 13 24 742 
1 224 392 270 63 74 0 0 0 12 270 439 175 18 105 5 0 3 303 520 67 12 11 108 
1 163 617 206 37 0 0 0 0 3 146 524 311 38 2 0 301 190 195 274 61 3 0 0 
4 190 390 305 87 30 18 0 0 23 183 363 337 77 36 5 79 59 283 444 101 21 37 0 
5 195 553 241 29 1 0 0 0 21 209 303 451 40 0 0 342 109 293 235 44 1 0 0 
59 190 506 183 42 9 14 21 0 221 36 162 512 51 11 31 637 296 37 9 5 1 8 31 
7 102 61 390 455 9 0 0 1 14 49 87 43 744 85 1 115 42 10 14 12 3 21 807 
3 78 359 167 365 52 0 0 0 0 69 340 216 155 242 2 411 137 37 34 33 23 29 320 
1 45 210 518 202 44 4 0 0 5 51 174 590 135 69 0 447 366 89 32 22 14 6 48 
3 34 243 431 293 20 0 0 0 2 41 287 395 132 167 0 384 241 42 34 28 24 27 244 
7 60 158 285 505 9 0 0 0 13 64 152 45 650 100 0 108 57 57 29 19 13 24 717 
0 0 0 865 159 0 0 0 0 0 0 0 0 1024 0 0 0 0 0 0 0 0 0 1024 
0 0 0 689 335 0 0 0 0 0 0 0 0 1024 0 0 0 0 0 0 0 0 0 1024 
0 0 0 437 587 0 0 0 0 0 0 0 0 1024 0 0 0 0 0 0 0 0 0 1024 
0 0 0 66 958 0 0 0 0 0 0 0 0 1024 0 0 0 0 0 0 0 0 0 1024 
0 0 0 13 1011 0 0 0 0 0 0 0 0 1014 10 0 0 0 0 0 0 0 0 1024 
0 0 0 6 1018 0 0 0 0 0 0 0 0 971 53 0 0 0 0 0 0 0 0 1024 
0 0 0 0 1024 0 0 0 0 0 0 0 0 919 105 0 0 0 0 0 0 0 0 1024 
0 0 0 0 1024 0 0 0 0 0 0 0 0 713 311 0 0 0 0 0 0 0 0 1024 
0 0 0 0 1024 0 0 0 0 0 0 0 0 773 251 0 0 0 0 0 0 0 0 1024 
0 0 0 0 1024 0 0 0 0 0 0 0 0 552 472 0 0 0 0 0 0 0 0 1024 
0 0 0 0 1024 0 0 0 0 0 0 0 0 261 763 0 0 0 0 0 0 0 0 1024 
0 0 0 0 1024 0 0 0 0 0 0 0 0 14 1010 0 0 0 0 0 0 0 0 1024 
0 0 0 0 1024 0 0 0 0 0 0 0 0 6 1018 0 0 0 0 0 0 0 0 1024 
0 0 0 0 1024 0 0 0 0 0 0 0 0 0 1024 0 0 0 0 0 0 0 0 1024 
0 0 0 0 1024 0 0 0 0 0 0 0 0 0 1024 0 0 0 0 0 0 0 0 1024 
0 0 0 0 1024 0 0 0 0 0 0 0 0 0 1024 0 0 0 0 0 0 0 0 1024 
0 0 0 0 1024 0 0 0 0 0 0 0 0 0 1024 0 0 0 0 0 0 0 0 1024 
0 0 0 0 1024 0 0 0 0 0 0 0 0 0 1024 0 0 0 0 0 0 0 0 1024 
0 0 0 0 1024 0 0 0 0 0 0 0 0 0 1024 0 0 0 0 0 0 0 0 1024 
0 0 0 0 1024 0 0 0 0 0 0 0 0 0 1024 0 0 0 0 0 0 0 0 1024 
0 0 0 0 1024 0 0 0 0 0 0 0 0 0 1024 0 0 0 0 0 0 0 0 1024 
0 0 0 0 1024 0 0 0 0 0 0 0 0 0 1024 0 0 0 0 0 0 0 0 1024 
0 0 0 0 1024 0 0 0 0 0 0 0 0 0 1024 0 0 0 0 0 0 0 0 1024 
0 0 0 0 1024 0 0 0 0 0 0 0 0 0 1024 0 0 0 0 0 0 0 0 1024 
0 0 0 0 1024 0 0 0 0 0 0 0 0 0 1024 0 0 0 0 0 0 0 0 1024 
0 0 0 0 1024 0 0 0 0 0 0 0 0 0 1024 0 0 0 0 0 0 0 0 1024 
0 0 0 0 953 71 0 0 0 0 0 0 0 0 1024 0 0 0 0 0 0 0 0 1024 
0 21 10 9 515 469 0 0 0 0 22 9 7 8 972 6 0 0 6 17 6 8 9 978 
0 215 384 122 76 227 0 0 0 23 273 350 75 22 272 9 0 1 269 405 29 14 24 282 
1 238 419 304 62 0 0 0 0 11 307 395 280 31 0 0 0 1 368 615 39 1 0 0 
1 295 419 231 76 2 0 0 0 12 325 385 245 56 1 0 37 29 318 535 102 3 0 0 
4 411 431 137 39 2 0 0 0 8 288 516 170 40 2 0 450 175 228 150 21 0 0 0 
30 309 309 286 73 12 5 0 0 204 165 143 410 91 8 3 360 334 178 107 30 6 4 5 
30 179 482 250 62 12 8 1 2 85 168 332 360 64 6 7 317 324 157 165 41 11 5 4 
374 365 124 85 29 16 13 18 210 472 108 51 114 31 14 24 445 353 112 44 14 20 16 20 
15 74 182 163 464 82 18 26 2 34 96 196 133 119 410 34 155 112 96 54 44 38 57 468 
29 92 288 221 300 63 15 16 5 93 70 283 205 112 226 30 300 243 100 49 26 27 34 245 
18 317 149 188 218 110 19 5 3 97 302 95 268 120 134 5 461 263 75 34 27 22 26 116 
1 187 241 288 239 62 6 0 0 12 184 321 224 87 193 3 386 258 84 42 20 27 30 177 
0 25 60 25 892 22 0 0 0 1 37 54 19 534 379 0 18 42 21 13 11 9 13 897 
0 0 0 77 947 0 0 0 0 0 0 0 0 924 100 0 0 0 0 0 0 0 0 1024 
0 0 0 73 951 0 0 0 0 0 0 0 0 965 59 0 0 0 0 0 0 0 0 1024 
0 0 0 0 1024 0 0 0 0 0 0 0 0 987 37 0 0 0 0 0 0 0 0 1024 
0 0 0 0 1024 0 0 0 0 0 0 0 0 878 146 0 0 0 0 0 0 0 0 1024 
0 0 0 0 1024 0 0 0 0 0 0 0 0 519 505 0 0 0 0 0 0 0 0 1024 
0 0 0 0 1024 0 0 0 0 0 0 0 0 302 722 0 0 0 0 0 0 0 0 1024 
0 0 0 0 1024 0 0 0 0 0 0 0 0 179 845 0 0 0 0 0 0 0 0 1024 
0 0 0 0 1024 0 0 0 0 0 0 0 0 209 815 0 0 0 0 0 0 0 0 1024 
0 0 0 0 1024 0 0 0 0 0 0 0 0 66 958 0 0 0 0 0 0 0 0 1024 
0 0 0 0 1024 0 0 0 0 0 0 0 0 9 1015 0 0 0 0 0 0 0 0 1024 
0 0 0 0 1024 0 0 0 0 0 0 0 0 0 1024 0 0 0 0 0 0 0 0 1024 
0 0 0 0 1024 0 0 0 0 0 0 0 0 0 1024 0 0 0 0 0 0 0 0 1024 
0 0 0 0 1024 0 0 0 0 0 0 0 0 0 1024 0 0 0 0 0 0 0 0 1024 
0 0 0 0 1024 0 0 0 0 0 0 0 0 0 1024 0 0 0 0 0 0 0 0 1024 
0 0 0 0 1024 0 0 0 0 0 0 0 0 0 1024 0 0 0 0 0 0 0 0 1024 
0 0 0 0 1024 0 0 0 0 0 0 0 0 0 1024 0 0 0 0 0 0 0 0 1024 
0 0 0 0 1024 0 0 0 0 0 0 0 0 0 1024 0 0 0 0 0 0 0 0 1024 
0 0 0 0 1024 0 0 0 0 0 0 0 0 0 1024 0 0 0 0 0 0 0 0 1024 
0 0 0 0 1024 0 0 0 0 0 0 0 0 0 1024 0 0 0 0 0 0 0 0 1024 
0 0 0 0 1024 0 0 0 0 0 0 0 0 0 1024 0 0 0 0 0 0 0 0 1024 
0 0 0 0 1024 0 0 0 0 0 0 0 0 0 1024 0 0 0 0 0 0 0 0 1024 
0 0 0 0 1024 0 0 0 0 0 0 0 0 0 1024 0 0 0 0 0 0 0 0 1024 
0 0 0 0 1024 0 0 0 0 0 0 0 0 0 1024 0 0 0 0 0 0 0 0 1024 
0 0 0 0 1023 1 0 0 0 0 0 0 0 0 1024 0 0 0 0 0 0 0 0 1024 
0 0 0 0 953 71 0 0 0 0 0 0 0 0 1024 0 0 0 0 0 0 0 0 1024 
0 0 0 0 666 358 0 0 0 0 0 0 0 0 1024 0 0 0 0 0 0 0 0 1024 
0 16 41 11 208 747 1 0 0 0 18 39 9 12 933 13 0 0 18 34 11 3 11 947 
1 224 305 196 57 241 0 0 0 37 253 308 140 20 248 18 0 2 271 399 53 15 17 267 
0 103 410 424 87 0 0 0 0 1 164 447 379 33 0 0 0 5 295 623 101 0 0 0 
10 205 390 302 100 13 4 0 1 36 241 356 312 72 5 1 3 34 424 481 64 14 3 1 
22 196 307 308 107 28 35 21 0 66 192 185 383 126 39 33 226 156 266 233 52 25 38 28 
19 286 229 215 124 58 59 34 0 216 131 154 293 116 57 57 202 356 130 71 96 68 58 43 
39 474 287 106 73 28 16 1 7 302 297 177 143 61 32 5 211 392 213 87 66 24 26 5 
148 440 204 117 58 26 17 14 31 355 246 177 101 62 23 29 279 334 200 108 51 22 23 7 
85 271 462 119 54 12 10 11 27 133 361 330 102 47 10 14 185 513 174 87 42 6 2 15 
16 309 164 78 347 69 19 22 1 66 349 118 53 60 343 34 189 238 86 51 34 23 29 374 
36 203 216 228 253 70 16 2 5 216 141 170 160 108 201 23 74 337 191 83 54 49 38 198 
4 395 306 155 99 58 7 0 1 51 451 185 214 69 44 9 520 280 82 48 19 19 13 43 
0 38 324 167 401 77 8 9 0 0 33 254 259 49 416 13 334 138 34 29 17 26 30 416 
6 131 281 155 441 10 0 0 0 2 66 316 185 19 435 1 460 82 12 9 5 11 11 434 
19 228 229 64 445 39 0 0 0 15 182 279 68 55 424 1 357 119 24 12 19 21 12 460 
1 4 5 4 1001 9 0 0 0 4 4 3 4 197 812 0 0 5 2 2 1 3 3 1008 
0 0 0 0 1024 0 0 0 0 0 0 0 0 203 821 0 0 0 0 0 0 0 0 1024 
0 0 0 0 1024 0 0 0 0 0 0 0 0 114 910 0 0 0 0 0 0 0 0 1024 
0 0 0 0 1024 0 0 0 0 0 0 0 0 1 1023 0 0 0 0 0 0 0 0 1024 
0 0 0 0 1024 0 0 0 0 0 0 0 0 0 1024 0 0 0 0 0 0 0 0 1024 
0 0 0 0 1024 0 0 0 0 0 0 0 0 0 1024 0 0 0 0 0 0 0 0 1024 
0 0 0 0 1024 0 0 0 0 0 0 0 0 0 1024 0 0 0 0 0 0 0 0 1024 
0 0 0 0 1024 0 0 0 0 0 0 0 0 0 1024 0 0 0 0 0 0 0 0 1024 
0 0 0 0 1024 0 0 0 0 0 0 0 0 0 1024 0 0 0 0 0 0 0 0 1024 
0 0 0 0 1024 0 0 0 0 0 0 0 0 0 1024 0 0 0 0 0 0 0 0 1024 
0 0 0 0 1024 0 0 0 0 0 0 0 0 0 1024 0 0 0 0 0 0 0 0 1024 
0 0 0 0 1024 0 0 0 0 0 0 0 0 0 1024 0 0 0 0 0 0 0 0 1024 
0 0 0 0 1024 0 0 0 0 0 0 0 0 0 1024 0 0 0 0 0 0 0 0 1024 
0 0 0 0 1024 0 0 0 0 0 0 0 0 0 1024 0 0 0 0 0 0 0 0 1024 
0 0 0 0 1024 0 0 0 0 0 0 0 0 0 1024 0 0 0 0 0 0 0 0 1024 
0 0 0 0 1024 0 0 0 0 0 0 0 0 0 1024 0 0 0 0 0 0 0 0 1024 
0 0 0 0 1024 0 0 0 0 0 0 0 0 0 1024 0 0 0 0 0 0 0 0 1024 
0 0 0 0 1024 0 0 0 0 0 0 0 0 0 1024 0 0 0 0 0 0 0 0 1024 
0 0 0 0 1024 0 0 0 0 0 0 0 0 0 1024 0 0 0 0 0 0 0 0 1024 
0 0 0 0 1024 0 0 0 0 0 0 0 0 0 1024 0 0 0 0 0 0 0 0 1024 
0 0 0 0 980 44 0 0 0 0 0 0 0 0 1024 0 0 0 0 0 0 0 0 1024 
0 0 0 0 849 175 0 0 0 0 0 0 0 0 1024 0 0 0 0 0 0 0 0 1024 
0 0 0 0 415 609 0 0 0 0 0 0 0 0 1024 0 0 0 0 0 0 0 0 1024 
0 2 4 5 108 905 0 0 0 0 2 4 5 6 992 15 0 0 1 2 4 4 9 1004 
0 41 172 114 44 644 9 0 0 2 70 157 88 40 608 59 0 2 84 160 37 43 34 664 
2 244 415 236 71 56 0 0 0 21 327 395 184 35 45 17 0 6 383 480 61 18 12 64 
0 114 365 401 141 3 0 0 0 1 184 396 388 55 0 0 0 8 338 606 71 1 0 0 
1 258 352 311 99 3 0 0 0 30 311 328 290 64 1 0 0 6 423 504 86 5 0 0 
5 436 259 207 91 20 6 0 0 80 429 216 209 73 14 3 1 38 480 401 82 9 12 1 
54 524 158 154 82 42 10 0 6 306 290 146 148 90 35 3 38 233 405 194 82 49 21 2 
279 385 165 150 42 3 0 0 83 541 57 95 199 49 0 0 525 407 70 18 4 0 0 0 
132 241 234 178 128 80 19 12 20 329 40 153 242 162 63 15 284 435 68 39 75 82 38 3 
97 426 120 173 122 34 26 26 43 321 217 85 159 129 31 39 277 375 148 68 82 36 26 12 
254 171 162 126 92 81 99 39 191 153 132 175 103 93 92 85 347 223 79 63 85 75 90 62 
16 615 278 70 28 11 6 0 7 297 465 167 56 24 7 1 351 529 64 53 14 9 4 0 
45 249 323 227 111 51 18 0 1 132 250 306 181 91 49 14 53 288 283 210 100 50 29 11 
13 50 161 195 434 163 7 1 1 21 71 160 201 112 446 12 29 116 100 104 84 67 81 443 
3 57 414 240 179 120 11 0 0 9 39 366 352 148 98 12 483 199 101 64 38 34 20 85 
0 3 336 504 143 34 3 1 0 0 3 179 693 120 27 2 779 174 25 4 7 5 4 26 
0 100 367 131 303 123 0 0 0 0 69 379 156 34 372 14 400 155 31 19 8 16 20 375 
1 293 215 29 450 36 0 0 0 7 204 298 27 12 475 1 402 99 13 10 8 10 9 473 
0 19 9 3 982 11 0 0 0 3 19 6 4 6 986 0 14 7 4 3 1 4 2 989 
0 0 0 0 1024 0 0 0 0 0 0 0 0 0 1024 0 0 0 0 0 0 0 0 1024 
0 0 0 0 1024 0 0 0 0 0 0 0 0 0 1024 0 0 0 0 0 0 0 0 1024 
0 0 0 0 1024 0 0 0 0 0 0 0 0 0 1024 0 0 0 0 0 0 0 0 1024 
0 0 0 0 1024 0 0 0 0 0 0 0 0 0 1024 0 0 0 0 0 0 0 0 1024 
0 0 0 2 1022 0 0 0 0 0 0 0 0 9 1015 0 0 0 0 0 0 0 2 1022 
0 0 0 0 1024 0 0 0 0 0 0 0 0 0 1024 0 0 0 0 0 0 0 0 1024 
0 0 0 0 1024 0 0 0 0 0 0 0 0 0 1024 0 0 0 0 0 0 0 0 1024 
0 0 0 0 1024 0 0 0 0 0 0 0 0 0 1024 0 0 0 0 0 0 0 0 1024 
0 0 0 0 932 92 0 0 0 0 0 0 0 0 1024 0 0 0 0 0 0 0 0 1024 
0 0 0 0 787 212 25 0 0 0 0 0 0 0 987 37 0 0 0 0 0 0 0 1024 
0 0 0 0 659 237 101 27 0 0 0 0 0 0 869 155 0 0 0 0 0 0 0 1024 
0 0 0 0 866 133 19 6 0 0 0 0 0 0 995 29 0 0 0 0 0 0 0 1024 
0 0 0 0 927 97 0 0 0 0 0 0 0 0 1024 0 0 0 0 0 0 0 0 1024 
0 0 0 0 912 112 0 0 0 0 0 0 0 0 1022 2 0 0 0 0 0 0 0 1024 
0 0 0 0 909 100 15 0 0 0 0 0 0 0 998 26 0 0 0 0 0 0 0 1024 
0 0 0 0 934 90 0 0 0 0 0 0 0 0 1024 0 0 0 0 0 0 0 0 1024 
0 0 0 0 775 249 0 0 0 0 0 0 0 0 1024 0 0 0 0 0 0 0 0 1024 
0 0 0 0 517 507 0 0 0 0 0 0 0 0 1024 0 0 0 0 0 0 0 0 1024 
0 0 0 0 124 900 0 0 0 0 0 0 0 0 1024 0 0 0 0 0 0 0 0 1024 
0 0 0 0 10 1014 0 0 0 0 0 0 0 0 1024 0 0 0 0 0 0 0 0 1024 
13 66 60 29 22 829 5 0 0 16 68 56 26 18 794 46 0 0 11 63 56 31 19 844 
11 303 197 184 52 263 14 0 0 63 274 219 151 29 216 72 0 3 268 335 72 36 25 285 
0 166 334 439 84 1 0 0 0 21 255 352 373 23 0 0 0 10 424 554 36 0 0 0 
3 432 246 236 105 2 0 0 0 71 429 270 212 42 0 0 0 8 508 433 73 2 0 0 
1 315 403 220 79 6 0 0 0 34 423 334 191 40 2 0 0 4 479 440 98 3 0 0 
0 666 244 81 27 6 0 0 0 23 738 174 61 27 1 0 0 0 662 314 41 6 1 0 
2 543 321 105 48 5 0 0 0 51 561 259 108 42 3 0 0 24 573 362 60 5 0 0 
198 466 180 50 29 65 36 0 44 335 358 109 48 45 73 12 259 360 161 111 33 36 61 3 
181 415 146 130 50 64 38 0 19 442 180 68 150 86 68 11 220 538 137 10 14 50 52 3 
228 89 244 231 124 73 32 3 156 141 70 230 243 116 56 12 425 370 96 36 20 30 37 10 
175 214 223 132 68 101 71 40 82 221 154 201 101 99 102 64 362 255 70 55 64 87 102 29 
32 485 111 60 81 110 125 20 10 233 358 52 67 94 161 49 45 311 286 53 51 91 151 36 
46 614 234 52 40 33 5 0 3 297 463 151 40 40 28 2 347 513 94 23 26 17 4 0 
47 362 245 160 94 88 26 2 8 166 335 188 125 96 85 21 77 416 228 110 79 67 31 16 
81 373 302 175 61 25 6 1 8 229 320 256 138 48 21 4 106 444 256 120 50 28 13 7 
25 62 164 199 335 218 18 3 5 40 69 160 199 93 429 29 86 100 91 106 87 70 57 427 
0 108 312 212 304 78 10 0 0 2 63 321 280 57 292 9 455 148 38 21 30 17 22 293 
0 16 332 254 299 118 5 0 0 1 29 298 286 31 369 10 461 104 22 20 15 16 24 362 
0 17 149 56 727 74 1 0 0 0 20 120 79 14 785 6 133 42 16 15 13 14 11 780 
0 3 2 2 1012 5 0 0 0 1 3 1 3 2 1014 0 0 3 1 1 1 2 2 1014 
0 0 0 0 1024 0 0 0 0 0 0 0 0 0 1024 0 0 0 0 0 0 0 0 1024 
0 0 0 0 1024 0 0 0 0 0 0 0 0 0 1024 0 0 0 0 0 0 0 0 1024 
0 0 0 0 1024 0 0 0 0 0 0 0 0 0 1024 0 0 0 0 0 0 0 0 1024 
0 0 0 0 1024 0 0 0 0 0 0 0 0 0 1024 0 0 0 0 0 0 0 0 1024 
0 0 0 0 886 138 0 0 0 0 0 0 0 0 1024 0 0 0 0 0 0 0 0 1024 
0 0 0 0 846 178 0 0 0 0 0 0 0 0 1024 0 0 0 0 0 0 0 0 1024 
0 0 0 0 946 78 0 0 0 0 0 0 0 0 1024 0 0 0 0 0 0 0 0 1024 
0 0 0 0 898 126 0 0 0 0 0 0 0 0 1024 0 0 0 0 0 0 0 0 1024 
0 0 0 0 360 582 56 26 0 0 0 0 0 0 920 104 0 0 0 0 0 0 0 1024 
0 0 0 0 16 120 322 566 0 0 0 0 0 0 125 899 0 0 0 0 0 0 0 1024 
0 0 0 0 2 237 226 559 0 0 0 0 0 0 195 829 0 0 0 0 0 0 0 1024 
0 0 0 0 2 149 296 577 0 0 0 0 0 0 96 928 0 0 0 0 0 0 0 1024 
0 0 0 0 3 522 452 47 0 0 0 0 0 0 373 651 0 0 0 0 0 0 0 1024 
0 0 0 0 14 484 159 367 0 0 0 0 0 0 459 565 0 0 0 0 0 0 0 1024 
0 0 0 0 17 182 477 348 0 0 0 0 0 0 148 876 0 0 0 0 0 0 0 1024 
0 0 0 0 38 332 154 500 0 0 0 0 0 0 345 679 0 0 0 0 0 0 0 1024 
0 0 0 0 2 226 143 653 0 0 0 0 0 0 203 821 0 0 0 0 0 0 0 1024 
0 0 0 0 1 251 60 712 0 0 0 0 0 0 235 789 0 0 0 0 0 0 0 1024 
0 0 0 0 0 272 74 678 0 0 0 0 0 0 233 791 0 0 0 0 0 0 0 1024 
0 14 9 3 6 442 107 443 0 0 15 9 2 6 333 659 0 0 4 13 7 2 6 992 
8 208 309 151 44 297 7 0 0 10 280 298 95 28 193 120 0 1 267 344 46 22 28 316 
1 261 377 309 75 1 0 0 0 16 328 379 265 36 0 0 0 7 527 457 33 0 0 0 
2 117 377 358 164 6 0 0 0 21 206 373 339 84 1 0 0 29 418 505 68 4 0 0 
3 311 344 256 108 2 0 0 0 59 390 297 233 45 0 0 0 22 510 442 50 0 0 0 
5 304 269 231 205 10 0 0 0 63 371 220 263 107 0 0 0 19 584 391 30 0 0 0 
3 606 202 174 39 0 0 0 0 124 548 195 139 18 0 0 0 5 753 247 19 0 0 0 
1 337 253 255 166 12 0 0 0 77 328 228 242 147 2 0 0 17 534 428 44 1 0 0 
147 475 151 148 83 15 5 0 0 472 195 125 127 98 3 4 34 484 276 199 24 1 4 2 
11 112 338 461 81 21 0 0 0 75 62 156 491 224 16 0 669 306 44 5 0 0 0 0 
75 382 295 101 85 59 25 2 12 316 195 211 136 92 55 7 331 329 109 63 77 76 36 3 
97 342 211 285 70 9 2 8 20 311 144 124 281 131 6 7 552 319 94 34 12 5 3 5 
146 685 82 67 31 13 0 0 73 654 138 44 54 47 14 0 590 359 47 17 10 1 0 0 
109 335 207 153 191 27 2 0 8 312 226 132 82 223 38 3 339 411 148 67 42 10 5 2 
127 317 209 169 116 66 15 5 23 266 199 169 178 102 60 27 95 340 240 148 67 53 37 44 
82 399 231 186 83 36 6 1 8 347 229 175 156 72 33 4 149 450 240 113 47 19 3 3 
71 195 204 202 228 108 16 0 7 120 191 204 159 87 228 28 40 174 187 140 121 65 57 240 
32 91 120 99 568 112 2 0 3 43 100 106 71 78 609 14 2 58 86 60 66 58 60 634 
0 0 96 51 851 26 0 0 0 0 0 70 73 10 868 3 105 20 8 6 8 7 11 859 
1 99 474 171 190 86 2 1 0 11 61 437 234 21 250 10 654 50 14 13 14 10 18 251 
0 0 0 0 1024 0 0 0 0 0 0 0 0 0 1024 0 0 0 0 0 0 0 0 1024 
0 0 0 0 1024 0 0 0 0 0 0 0 0 0 1024 0 0 0 0 0 0 0 0 1024 
0 0 0 0 1023 1 0 0 0 0 0 0 0 0 1024 0 0 0 0 0 0 0 0 1024 
0 0 0 0 1020 4 0 0 0 0 0 0 0 0 1024 0 0 0 0 0 0 0 0 1024 
0 0 0 0 478 439 98 9 0 0 0 0 0 0 921 103 0 0 0 0 0 0 0 1024 
0 0 0 0 32 160 515 317 0 0 0 0 0 0 204 820 0 0 0 0 0 0 0 1024 
0 0 0 0 3 132 157 732 0 0 0 0 0 0 140 884 0 0 0 0 0 0 0 1024 
0 0 0 0 4 107 169 744 0 0 0 0 0 0 108 916 0 0 0 0 0 0 0 1024 
0 0 0 0 39 340 410 235 0 0 0 0 0 0 371 653 0 0 0 0 0 0 0 1024 
0 0 0 0 0 46 505 473 0 0 0 0 0 0 163 861 0 0 0 0 0 0 0 1024 
0 0 0 0 0 0 247 777 0 0 0 0 0 0 0 1024 0 0 0 0 0 0 0 1024 
0 0 0 0 0 0 5 1019 0 0 0 0 0 0 0 1024 0 0 0 0 0 0 0 1024 
0 0 0 0 0 5 14 1005 0 0 0 0 0 0 4 1020 0 0 0 0 0 0 0 1024 
0 0 0 0 0 25 163 836 0 0 0 0 0 0 14 1010 0 0 0 0 0 0 0 1024 
0 0 0 0 0 3 107 914 0 0 0 0 0 0 0 1024 0 0 0 0 0 0 0 1024 
0 0 0 0 0 0 217 807 0 0 0 0 0 0 0 1024 0 0 0 0 0 0 0 1024 
0 0 0 0 0 0 45 979 0 0 0 0 0 0 0 1024 0 0 0 0 0 0 0 1024 
0 0 0 0 0 0 0 1024 0 0 0 0 0 0 0 1024 0 0 0 0 0 0 0 1024 
0 0 0 0 0 0 0 1024 0 0 0 0 0 0 0 1024 0 0 0 0 0 0 0 1024 
0 6 105 46 19 13 22 813 0 1 48 102 23 10 25 815 0 0 29 120 21 12 20 822 
0 105 356 320 43 14 7 179 0 4 212 427 170 22 8 181 0 5 300 487 27 15 8 182 
0 165 334 408 117 0 0 0 0 43 254 365 342 20 0 0 0 26 394 565 39 0 0 0 
1 349 286 273 109 6 0 0 0 94 383 258 231 58 0 0 0 16 590 386 32 0 0 0 
2 250 350 286 125 11 0 0 0 50 322 306 256 87 3 0 0 40 549 372 62 1 0 0 
1 134 307 446 134 2 0 0 0 24 160 334 416 90 0 0 0 37 511 443 33 0 0 0 
0 90 308 434 186 6 0 0 0 3 136 308 466 110 1 0 1 37 526 442 18 0 0 0 
2 149 340 361 164 8 0 0 0 22 222 322 329 123 6 0 1 39 520 423 41 0 0 0 
3 352 355 211 100 3 0 0 0 47 406 302 205 62 2 0 0 28 568 381 45 2 0 0 
14 492 340 144 28 6 0 0 1 237 392 259 107 25 3 0 47 279 405 233 54 6 0 0 
106 455 180 104 98 58 19 4 2 433 188 136 102 95 62 6 130 364 231 112 75 70 37 5 
59 481 176 58 84 116 49 1 8 217 426 82 77 91 118 5 293 115 255 97 80 112 72 0 
138 610 192 39 21 13 11 0 25 540 242 151 27 19 15 5 586 325 64 28 7 6 8 0 
302 575 58 38 19 12 8 12 105 671 128 33 29 27 13 18 745 211 31 14 4 8 10 1 
66 197 128 130 237 125 107 34 12 118 177 107 136 226 158 90 166 229 113 101 117 109 133 56 
121 406 239 131 82 29 12 4 18 343 262 179 109 71 32 10 160 422 214 100 64 29 26 9 
37 365 280 183 101 42 12 4 0 194 322 212 157 91 38 10 104 425 253 133 60 29 11 9 
93 364 225 166 113 49 12 2 14 233 272 190 156 104 39 16 101 371 252 137 77 50 16 20 
40 242 232 216 175 106 12 1 4 135 232 220 169 91 157 16 54 250 212 123 118 59 58 150 
4 23 52 39 534 364 7 1 0 14 32 49 32 32 856 9 0 6 36 42 37 22 17 864 
0 1 93 51 761 117 1 0 0 0 13 77 55 9 864 6 107 13 12 10 6 6 12 858 
0 0 0 0 997 27 0 0 0 0 0 0 0 2 1022 0 0 0 0 0 0 0 2 1022 
0 0 0 0 915 109 0 0 0 0 0 0 0 0 1024 0 0 0 0 0 0 0 0 1024 
0 0 0 0 447 577 0 0 0 0 0 0 0 0 1024 0 0 0 0 0 0 0 0 1024 
0 0 0 0 266 747 11 0 0 0 0 0 0 0 1011 13 0 0 0 0 0 0 0 1024 
0 0 0 0 15 919 90 0 0 0 0 0 0 0 979 45 0 0 0 0 0 0 0 1024 
0 0 0 0 0 344 578 102 0 0 0 0 0 0 485 539 0 0 0 0 0 0 0 1024 
0 0 0 0 0 353 502 169 0 0 0 0 0 0 331 693 0 0 0 0 0 0 0 1024 
0 0 0 0 0 660 258 106 0 0 0 0 0 0 616 408 0 0 0 0 0 0 0 1024 
0 0 32 10 14 681 260 27 0 0 0 30 9 10 683 292 0 0 0 0 0 30 20 974 
0 0 70 11 13 871 59 0 0 0 0 48 28 9 862 77 0 0 0 0 1 69 14 940 
0 0 277 56 17 202 440 32 0 0 0 114 219 15 397 279 0 0 0 0 0 328 18 678 
0 0 174 117 8 11 240 474 0 0 0 35 256 8 46 679 0 0 0 0 6 283 11 724 
0 0 5 59 15 4 23 918 0 0 0 4 66 12 7 935 0 0 0 0 6 63 14 941 
0 5 45 100 9 17 238 610 0 0 3 29 120 9 18 845 0 0 0 2 17 119 26 860 
0 75 240 81 3 13 103 509 0 0 41 291 66 3 17 606 0 0 3 37 333 24 13 614 
0 52 552 47 5 6 17 345 0 0 35 584 34 7 8 356 0 0 3 40 596 16 11 358 
0 67 614 9 6 8 76 244 0 0 43 643 7 5 7 319 0 0 1 35 651 10 6 321 
0 29 264 22 38 16 295 360 0 2 21 272 26 34 48 621 0 0 2 20 278 21 39 664 
0 25 181 136 42 17 346 277 0 0 78 182 101 28 112 523 0 2 130 206 17 17 26 626 
0 221 352 316 72 5 7 51 0 69 299 336 249 11 9 51 0 12 535 386 23 7 9 52 
1 213 368 337 99 6 0 0 0 85 298 370 240 29 2 0 0 30 514 433 44 3 0 0 
1 117 297 388 207 14 0 0 0 34 206 329 351 102 2 0 2 55 470 426 68 3 0 0 
0 152 317 339 204 12 0 0 0 36 235 311 310 131 1 0 0 45 480 458 40 1 0 0 
4 182 291 316 220 11 0 0 0 52 229 284 325 133 1 0 0 55 508 408 53 0 0 0 
0 345 321 242 105 11 0 0 0 72 405 280 189 74 4 0 0 51 586 327 60 0 0 0 
10 545 232 171 62 4 0 0 0 165 443 196 172 47 1 0 0 38 714 237 33 2 0 0 
6 248 344 315 106 5 0 0 0 38 288 317 292 86 3 0 0 51 481 409 78 5 0 0 
24 475 287 166 64 8 0 0 0 277 304 229 159 53 2 0 17 92 560 287 60 8 0 0 
132 622 179 54 26 11 0 0 1 605 231 121 29 30 7 0 108 713 123 46 24 10 0 0 
81 519 209 103 48 40 22 2 5 342 334 142 98 49 45 9 136 290 304 164 63 28 37 2 
541 466 11 6 0 0 0 0 143 792 79 8 2 0 0 0 845 177 2 0 0 0 0 0 
599 319 41 23 13 15 14 0 256 632 57 29 15 16 11 8 703 225 36 24 11 16 7 2 
440 300 63 137 54 14 6 10 289 420 53 36 35 88 89 14 583 344 48 16 9 12 9 3 
31 84 111 466 194 60 56 22 13 79 52 69 335 359 69 48 591 181 76 40 35 40 40 21 
124 352 166 188 118 47 21 8 21 326 214 125 92 191 34 21 334 369 146 61 41 37 20 16 
93 431 219 144 65 50 20 2 4 339 292 157 117 61 42 12 163 483 187 98 49 25 14 5 
50 343 245 173 112 48 26 27 5 246 267 177 160 85 45 39 68 415 249 118 72 46 22 34 
31 409 254 161 105 38 13 13 3 308 289 185 141 55 20 23 44 493 235 118 69 31 10 24 
0 33 52 49 36 254 400 200 0 12 50 58 36 23 349 496 0 26 60 43 28 17 23 827 
0 0 0 0 80 446 408 90 0 0 0 0 0 0 641 383 0 0 0 0 0 0 0 1024 
0 0 0 0 86 566 234 138 0 0 0 0 0 0 692 332 0 0 0 0 0 0 0 1024 
0 0 0 0 6 307 615 96 0 0 0 0 0 0 355 669 0 0 0 0 0 0 0 1024 
0 0 0 0 7 268 120 629 0 0 0 0 0 0 271 753 0 0 0 0 0 0 0 1024 
0 0 0 0 0 109 387 528 0 0 0 0 0 0 155 869 0 0 0 0 0 0 0 1024 
0 0 15 2 6 76 386 539 0 0 0 15 4 4 126 875 0 0 0 0 10 10 7 997 
0 0 236 13 12 5 330 428 0 0 0 148 103 11 14 748 0 0 0 0 17 232 16 759 
0 0 279 275 18 4 77 371 0 0 0 103 461 9 6 445 0 0 0 0 12 519 44 449 
0 0 651 144 13 41 88 87 0 0 0 205 586 13 32 188 0 0 0 0 8 765 31 220 
0 0 820 203 1 0 0 0 0 0 0 173 849 2 0 0 0 0 0 0 0 990 34 0 
0 12 744 266 2 0 0 0 0 0 4 165 852 3 0 0 0 0 0 0 45 919 58 2 
0 55 490 479 0 0 0 0 0 0 6 144 874 0 0 0 0 0 0 0 119 758 147 0 
0 178 199 642 5 0 0 0 0 0 14 241 764 5 0 0 0 0 0 1 248 582 193 0 
0 310 377 300 16 6 8 7 0 0 15 656 320 13 6 14 0 0 0 1 658 256 92 17 
0 354 604 63 2 0 1 0 0 0 28 918 75 2 0 1 0 0 0 9 945 58 10 2 
0 62 851 111 0 0 0 0 0 0 4 952 68 0 0 0 0 0 0 11 889 124 0 0 
0 74 832 109 8 1 0 0 0 0 4 911 101 7 1 0 0 0 0 6 914 102 2 0 
0 43 436 461 82 2 0 0 0 6 46 447 505 20 0 0 0 1 33 53 652 279 6 0 
0 144 452 296 130 2 0 0 0 3 197 432 372 20 0 0 0 6 291 378 326 23 0 0 
0 234 333 368 89 0 0 0 0 53 288 339 314 30 0 0 0 29 578 398 19 0 0 0 
0 410 238 219 147 10 0 0 0 100 421 211 231 58 3 0 0 28 562 366 65 3 0 0 
2 89 264 479 185 5 0 0 0 32 137 306 436 113 0 0 0 34 382 523 84 1 0 0 
3 154 292 392 177 6 0 0 0 33 212 345 331 102 1 0 0 42 462 465 54 1 0 0 
5 336 334 253 94 2 0 0 0 91 364 298 213 58 0 0 0 78 564 330 49 3 0 0 
6 404 292 203 100 18 1 0 0 154 384 235 175 71 5 0 0 63 539 342 76 4 0 0 
6 574 204 144 87 9 0 0 0 252 389 173 128 74 8 0 0 33 705 218 65 3 0 0 
6 492 267 167 74 17 1 0 0 143 446 221 130 74 10 0 0 46 593 288 88 8 1 0 
6 487 309 160 55 7 0 0 0 175 418 250 123 54 4 0 0 44 641 272 65 2 0 0 
20 610 206 104 65 19 0 0 0 360 340 146 92 72 14 0 8 100 634 198 68 16 0 0 
41 542 257 117 50 14 3 0 0 333 326 190 104 51 17 3 124 194 426 200 60 12 8 0 
315 533 110 47 10 6 3 0 110 587 199 77 35 8 8 0 462 192 232 81 46 10 1 0 
643 337 26 11 3 3 1 0 363 579 53 15 8 3 2 1 820 153 29 11 6 3 2 0 
647 243 69 27 25 13 0 0 386 452 84 37 25 25 15 0 683 214 54 31 30 12 0 0 
738 195 37 13 17 14 8 2 681 175 102 17 18 16 10 5 855 91 23 13 19 16 3 4 
46 224 220 226 249 57 2 0 7 188 172 136 176 299 46 0 468 308 175 52 20 1 0 0 
145 348 130 87 225 81 7 1 32 369 158 94 76 197 93 5 358 391 143 67 38 12 8 7 
104 488 166 113 80 51 19 3 21 431 226 131 91 74 34 16 171 492 155 84 63 36 10 13 
56 410 207 174 112 45 18 2 8 329 228 161 145 94 50 9 154 445 215 124 45 32 9 0 
22 250 299 261 138 42 8 4 2 132 280 267 203 113 20 7 117 395 295 137 54 19 5 2 
12 172 187 146 109 51 50 297 3 112 166 170 126 84 44 319 38 237 175 109 58 52 35 320 
0 2 9 6 9 4 85 909 0 2 5 12 7 3 15 980 0 7 7 4 8 5 7 986 
0 0 0 0 0 0 217 807 0 0 0 0 0 0 0 1024 0 0 0 0 0 0 0 1024 
0 0 262 63 10 14 114 561 0 0 0 164 160 11 15 674 0 0 0 0 10 299 30 685 
0 1 361 257 72 15 10 308 0 0 2 236 418 45 14 309 0 0 0 0 17 549 138 320 
0 1 341 216 79 8 21 358 0 0 0 249 372 18 16 369 0 0 0 0 24 597 21 382 
0 0 550 285 110 5 6 68 0 0 0 341 567 39 6 71 0 0 0 0 11 838 98 77 
0 55 440 484 45 0 0 0 0 0 39 259 699 27 0 0 0 0 0 23 154 774 73 0 
0 174 233 405 212 0 0 0 0 0 43 366 561 54 0 0 0 0 0 23 375 400 226 0 
0 292 251 402 79 0 0 0 0 0 109 291 566 58 0 0 0 0 0 0 386 473 165 0 
0 509 246 269 0 0 0 0 0 0 87 602 335 0 0 0 0 0 0 0 675 292 57 0 
0 515 501 8 0 0 0 0 0 0 49 963 12 0 0 0 0 0 0 1 998 23 2 0 
0 564 460 0 0 0 0 0 0 0 1 1023 0 0 0 0 0 0 0 0 1021 3 0 0 
0 492 529 3 0 0 0 0 0 0 0 1017 7 0 0 0 0 0 0 0 1008 16 0 0 
0 311 701 12 0 0 0 0 0 0 4 983 37 0 0 0 0 0 0 0 935 89 0 0 
0 290 702 29 3 0 0 0 0 0 4 974 44 2 0 0 0 0 0 0 917 106 1 0 
0 68 799 154 3 0 0 0 0 0 8 778 237 1 0 0 0 0 9 40 825 148 2 0 
0 107 579 290 48 0 0 0 0 8 111 570 326 9 0 0 0 11 173 226 404 206 4 0 
4 83 357 458 120 2 0 0 0 28 133 362 470 31 0 0 0 61 457 443 60 3 0 0 
2 124 347 405 142 4 0 0 0 23 215 370 355 60 1 0 0 72 547 369 36 0 0 0 
2 86 313 435 177 11 0 0 0 18 154 318 422 112 0 0 0 68 559 364 32 1 0 0 
0 135 284 369 228 8 0 0 0 30 190 279 376 146 3 0 0 38 428 489 67 2 0 0 
4 483 333 165 33 6 0 0 0 141 475 269 109 24 6 0 0 55 659 261 44 5 0 0 
5 372 332 214 97 4 0 0 0 113 390 257 195 68 1 0 0 54 567 325 75 3 0 0 
7 340 286 218 154 19 0 0 0 128 332 234 217 106 7 0 1 72 473 307 161 10 0 0 
7 308 306 252 139 12 0 0 0 106 313 255 246 101 3 0 0 71 483 366 98 6 0 0 
1 327 296 290 103 7 0 0 0 95 323 293 233 78 2 0 0 40 528 380 74 2 0 0 
7 689 192 83 44 9 0 0 0 181 586 143 70 42 2 0 0 28 778 145 65 8 0 0 
19 767 157 57 22 2 0 0 0 320 514 124 49 16 1 0 1 27 821 141 34 0 0 0 
32 541 360 54 24 12 1 0 4 157 438 307 82 25 11 0 380 244 202 106 82 10 0 0 
113 498 284 96 28 5 0 0 6 455 155 174 191 37 6 0 713 284 26 1 0 0 0 0 
158 435 247 93 58 32 1 0 101 302 233 202 104 60 21 1 396 216 174 157 73 8 0 0 
212 401 103 202 88 15 3 0 162 376 87 59 142 145 52 1 573 317 77 43 10 4 0 0 
399 407 53 37 81 42 3 2 328 429 73 34 26 32 87 15 706 210 65 35 7 1 0 0 
1021 3 0 0 0 0 0 0 1017 7 0 0 0 0 0 0 1024 0 0 0 0 0 0 0 
70 280 279 168 110 71 36 10 21 170 233 217 164 133 65 21 492 196 101 81 81 36 18 19 
152 339 192 149 102 58 26 6 63 349 216 131 113 77 51 24 165 373 190 116 80 55 29 16 
120 406 222 119 70 43 23 21 31 350 283 158 75 57 39 31 142 391 220 97 74 37 32 31 
70 499 213 126 73 37 4 2 6 405 289 146 93 57 23 5 141 531 182 98 51 16 4 1 
48 346 256 172 129 62 9 2 7 239 265 188 162 106 48 9 127 403 214 147 94 28 10 1 
104 538 201 91 52 31 6 1 19 477 268 115 75 53 14 3 136 566 169 86 45 14 6 2 
6 67 219 344 69 60 241 18 0 39 76 181 380 42 238 68 25 75 96 68 105 301 56 298 
0 6 357 296 76 43 246 0 0 0 3 346 357 45 201 72 0 0 0 0 341 295 124 264 
0 22 875 123 1 1 2 0 0 0 0 627 392 1 1 3 0 0 0 0 495 498 28 3 
0 30 583 322 83 6 0 0 0 0 16 523 426 59 0 0 0 0 0 8 393 530 91 2 
0 282 128 471 143 0 0 0 0 0 139 260 614 11 0 0 0 0 0 16 414 586 8 0 
0 478 277 71 198 0 0 0 0 0 223 532 201 68 0 0 0 0 0 39 715 203 67 0 
0 424 498 88 14 0 0 0 0 0 105 835 84 0 0 0 0 0 0 17 929 78 0 0 
0 82 930 12 0 0 0 0 0 0 1 1012 11 0 0 0 0 0 0 0 992 32 0 0 
0 762 262 0 0 0 0 0 0 0 58 966 0 0 0 0 0 0 0 0 1002 22 0 0 
0 607 417 0 0 0 0 0 0 0 2 1022 0 0 0 0 0 0 0 0 981 43 0 0 
0 500 524 0 0 0 0 0 0 0 11 1013 0 0 0 0 0 0 0 0 919 105 0 0 
0 390 634 0 0 0 0 0 0 0 0 1024 0 0 0 0 0 0 0 0 950 74 0 0 
0 420 597 7 0 0 0 0 0 0 6 993 25 0 0 0 0 0 0 0 904 120 0 0 
0 277 683 64 0 0 0 0 0 0 6 903 112 3 0 0 0 0 0 0 785 239 0 0 
0 163 732 96 33 0 0 0 0 0 128 669 217 10 0 0 0 2 91 192 633 106 0 0 
1 142 391 374 115 1 0 0 0 4 178 422 363 57 0 0 0 11 407 489 112 5 0 0 
1 72 348 483 119 1 0 0 0 1 160 386 446 31 0 0 0 29 546 423 26 0 0 0 
2 48 299 501 171 3 0 0 0 3 117 368 453 83 0 0 0 38 504 446 36 0 0 0 
4 247 273 348 151 1 0 0 0 49 268 269 328 110 0 0 0 36 566 386 34 2 0 0 
4 454 263 201 97 5 0 0 0 145 442 187 184 65 1 0 0 46 655 264 51 8 0 0 
3 551 309 115 39 7 0 0 0 157 549 207 83 26 2 0 0 44 666 248 59 7 0 0 
2 376 313 191 128 14 0 0 0 85 416 253 147 112 11 0 0 60 516 314 124 10 0 0 
3 366 294 208 133 20 0 0 0 139 362 219 182 106 16 0 0 71 519 288 133 11 2 0 
10 366 367 193 77 11 0 0 0 129 395 276 161 56 7 0 0 78 568 296 72 9 1 0 
10 417 277 186 119 15 0 0 0 173 351 224 163 102 11 0 0 87 611 246 76 4 0 0 
1 801 173 30 17 2 0 0 0 270 607 108 28 10 1 0 0 33 871 94 23 3 0 0 
8 715 199 61 35 6 0 0 0 229 598 110 43 40 4 0 0 60 781 143 37 3 0 0 
9 620 138 116 101 40 0 0 0 286 401 109 115 93 20 0 0 92 664 161 92 15 0 0 
13 468 314 172 50 7 0 0 0 283 267 191 207 74 2 0 398 362 169 66 27 2 0 0 
3 387 374 153 70 17 19 1 0 194 246 226 234 94 20 10 404 364 174 59 18 5 0 0 
221 460 215 84 31 12 1 0 159 362 274 95 88 40 6 0 284 362 288 54 29 7 0 0 
581 179 150 68 24 18 4 0 456 239 88 115 71 37 18 0 661 241 54 32 12 16 8 0 
891 88 19 22 3 1 0 0 866 95 20 10 26 7 0 0 973 46 3 2 0 0 0 0 
1024 0 0 0 0 0 0 0 1024 0 0 0 0 0 0 0 1024 0 0 0 0 0 0 0 
28 90 255 263 185 84 58 61 20 41 70 230 284 203 81 95 354 212 130 65 81 50 36 96 
224 489 129 86 40 21 18 17 89 504 205 78 68 33 23 24 237 517 122 56 31 16 19 26 
204 582 146 65 15 9 3 0 78 617 199 81 29 16 4 0 223 552 147 64 23 14 1 0 
63 407 253 132 91 65 11 2 9 312 278 179 109 79 46 12 92 452 226 119 81 43 10 1 
106 438 210 135 86 43 5 1 12 378 244 165 111 72 37 5 170 473 192 95 65 21 7 1 
77 339 299 209 81 18 1 0 8 256 222 164 305 54 15 0 106 350 159 120 64 211 12 2 
7 29 751 176 58 3 0 0 1 9 29 618 341 24 2 0 1 17 20 21 210 749 6 0 
2 102 842 69 9 0 0 0 0 2 32 890 98 2 0 0 0 0 1 9 492 522 0 0 
0 246 677 101 0 0 0 0 0 0 43 797 184 0 0 0 0 0 0 1 477 546 0 0 
0 278 741 5 0 0 0 0 0 0 52 965 7 0 0 0 0 0 0 4 912 108 0 0 
0 300 724 0 0 0 0 0 0 0 66 957 1 0 0 0 0 0 0 0 997 27 0 0 
0 482 542 0 0 0 0 0 0 0 86 937 1 0 0 0 0 0 0 0 952 72 0 0 
0 125 595 257 45 2 0 0 0 0 16 762 236 10 0 0 0 0 0 0 739 282 3 0 
0 464 552 8 0 0 0 0 0 0 31 986 7 0 0 0 0 0 0 0 1009 15 0 0 
0 636 388 0 0 0 0 0 0 0 17 1007 0 0 0 0 0 0 0 0 996 28 0 0 
0 535 489 0 0 0 0 0 0 0 24 1000 0 0 0 0 0 0 0 0 951 73 0 0 
0 427 576 21 0 0 0 0 0 0 12 959 53 0 0 0 0 0 0 0 910 114 0 0 
0 180 776 68 0 0 0 0 0 0 0 903 119 2 0 0 0 0 0 3 758 263 0 0 
0 236 691 96 1 0 0 0 0 1 146 761 115 1 0 0 0 0 47 247 443 287 0 0 
0 287 459 231 47 0 0 0 0 6 293 449 257 19 0 0 0 3 251 511 176 83 0 0 
3 106 342 469 103 1 0 0 0 9 145 385 436 49 0 0 0 41 457 488 37 1 0 0 
4 196 382 355 87 0 0 0 0 21 261 379 312 51 0 0 0 43 503 425 53 0 0 0 
2 309 306 282 115 10 0 0 0 69 310 275 290 79 1 0 0 30 547 383 63 1 0 0 
2 626 231 116 49 0 0 0 0 171 557 168 114 14 0 0 0 4 785 220 15 0 0 0 
5 808 147 49 12 3 0 0 0 370 526 86 32 8 2 0 0 7 834 150 27 6 0 0 
1 396 397 139 74 16 1 0 0 80 576 199 108 51 10 0 0 8 565 309 114 28 0 0 
0 510 333 117 55 9 0 0 0 138 569 192 90 35 0 0 0 20 642 269 76 17 0 0 
3 611 251 110 46 2 1 0 0 239 521 143 89 29 3 0 0 26 723 225 41 8 1 0 
4 653 266 77 20 4 0 0 0 265 563 140 42 13 1 0 0 36 679 242 56 10 1 0 
10 729 140 94 49 2 0 0 0 372 425 112 83 32 0 0 0 54 757 163 49 1 0 0 
10 419 274 183 106 30 2 0 0 133 399 221 165 82 24 0 1 103 562 257 84 17 0 0 
11 554 240 121 84 14 0 0 0 196 447 190 115 67 9 0 0 118 634 192 65 14 1 0 
11 549 270 119 57 17 1 0 0 196 484 208 77 52 7 0 0 114 626 197 74 12 1 0 
38 642 193 103 31 17 0 0 0 458 309 134 79 36 8 0 225 320 295 136 38 10 0 0 
53 738 115 51 44 20 2 1 2 679 165 78 45 40 13 2 264 416 210 82 43 8 1 0 
325 623 42 19 12 3 0 0 19 854 96 32 12 10 1 0 120 724 133 26 11 9 1 0 
189 752 41 25 12 3 1 1 7 894 69 24 22 5 2 1 52 878 46 28 16 1 2 1 
723 268 22 8 2 0 1 0 367 607 32 11 3 3 0 1 670 320 20 10 2 1 1 0 
1022 2 0 0 0 0 0 0 996 28 0 0 0 0 0 0 1023 1 0 0 0 0 0 0 
847 68 32 62 12 3 0 0 792 107 24 18 25 47 9 2 883 109 23 9 0 0 0 0 
13 148 336 315 162 38 6 6 7 38 189 235 249 262 38 6 522 294 129 49 17 5 5 3 
47 202 270 224 146 85 32 18 17 145 232 219 209 132 45 25 198 324 244 123 60 44 18 13 
66 325 237 181 115 59 35 6 21 251 223 202 150 105 56 16 153 372 202 147 67 54 16 13 
102 501 184 122 66 25 21 3 22 431 241 133 94 65 34 4 154 513 181 83 45 25 19 4 
72 379 235 161 108 45 19 5 11 319 237 171 155 93 32 6 121 419 213 139 73 37 19 3 
5 79 500 366 58 14 1 1 0 13 91 302 553 57 7 1 11 70 64 83 130 659 6 1 
0 273 719 28 4 0 0 0 0 1 174 775 74 0 0 0 0 0 2 4 359 659 0 0 
0 560 448 16 0 0 0 0 0 0 276 696 52 0 0 0 0 0 0 0 856 168 0 0 
0 601 423 0 0 0 0 0 0 0 265 759 0 0 0 0 0 0 0 0 1008 16 0 0 
0 179 809 25 11 0 0 0 0 0 73 908 38 5 0 0 0 0 0 1 986 37 0 0 
0 341 683 0 0 0 0 0 0 0 65 958 1 0 0 0 0 0 0 0 1009 15 0 0 
0 462 562 0 0 0 0 0 0 0 54 970 0 0 0 0 0 0 0 0 956 68 0 0 
0 677 345 2 0 0 0 0 0 0 37 985 2 0 0 0 0 0 0 0 1006 18 0 0 
0 379 645 0 0 0 0 0 0 0 23 1000 1 0 0 0 0 0 0 0 998 26 0 0 
0 468 556 0 0 0 0 0 0 0 39 985 0 0 0 0 0 0 0 0 980 44 0 0 
0 250 682 91 1 0 0 0 0 0 11 861 151 1 0 0 0 0 0 2 788 233 1 0 
0 206 680 138 0 0 0 0 0 1 211 581 230 1 0 0 0 0 62 273 441 247 1 0 
0 388 581 55 0 0 0 0 0 5 538 419 62 0 0 0 0 0 131 713 123 57 0 0 
0 321 334 210 158 1 0 0 0 4 437 246 223 111 3 0 0 6 276 675 67 0 0 0 
1 124 343 425 128 3 0 0 0 16 176 374 383 73 2 0 0 37 504 448 34 1 0 0 
7 220 365 297 132 3 0 0 0 51 292 342 253 82 4 0 0 45 507 377 91 4 0 0 
11 604 233 125 46 5 0 0 0 214 488 175 98 44 5 0 0 33 729 204 49 9 0 0 
6 535 299 105 69 10 0 0 0 248 403 215 87 66 5 0 0 37 631 240 92 24 0 0 
1 655 256 69 37 6 0 0 0 140 659 141 50 27 7 0 0 10 732 224 51 7 0 0 
0 461 435 85 38 5 0 0 0 69 733 132 58 30 2 0 0 4 633 312 57 18 0 0 
0 555 353 76 28 11 1 0 0 229 586 144 40 24 1 0 0 8 741 212 47 15 1 0 
2 934 67 13 5 3 0 0 0 514 462 35 7 6 0 0 0 15 938 58 8 5 0 0 
0 573 435 15 1 0 0 0 0 95 876 47 5 1 0 0 0 1 722 290 11 0 0 0 
0 769 246 7 2 0 0 0 0 266 724 25 7 2 0 0 0 13 852 151 7 1 0 0 
4 523 243 156 70 27 1 0 0 134 467 207 126 68 21 1 0 75 611 222 94 19 3 0 
17 579 202 136 64 26 0 0 0 266 410 150 112 60 26 0 0 164 598 182 77 3 0 0 
7 605 214 127 63 7 1 0 0 301 396 163 109 52 3 0 0 171 618 176 54 5 0 0 
13 772 173 41 23 2 0 0 0 339 525 106 31 19 4 0 0 138 758 99 25 3 1 0 
17 808 117 48 26 8 0 0 0 583 298 80 39 23 1 0 148 463 313 62 33 5 0 0 
24 464 247 173 82 32 2 0 0 296 323 183 136 68 17 1 1 262 433 220 89 18 1 0 
97 560 196 102 40 25 4 0 66 362 314 151 72 40 16 3 67 259 399 168 99 29 3 0 
298 719 7 0 0 0 0 0 201 796 25 2 0 0 0 0 299 685 37 3 0 0 0 0 
161 799 34 16 7 5 2 0 19 776 182 25 12 2 7 1 335 347 309 15 11 6 1 0 
591 233 136 35 20 9 0 0 522 217 153 78 29 20 5 0 639 119 170 68 19 9 0 0 
395 296 151 92 59 27 4 0 290 297 170 105 78 62 22 0 422 244 183 105 55 15 0 0 
38 244 271 216 152 66 30 7 9 140 231 270 190 113 46 25 227 338 194 120 83 45 14 3 
25 198 308 227 151 75 36 4 11 112 264 268 187 114 54 14 166 315 214 159 94 50 23 3 
29 237 286 219 145 78 25 5 3 122 269 243 190 123 58 16 196 338 213 144 79 39 12 3 
39 233 282 242 124 72 25 7 8 112 234 275 211 101 62 21 192 326 239 123 77 51 12 4 
37 173 269 251 177 84 29 4 1 98 185 274 243 136 63 24 187 299 206 146 88 71 25 2 
5 146 324 361 146 33 9 0 0 19 147 303 422 105 23 5 29 108 203 196 238 242 8 0 
0 403 562 55 4 0 0 0 0 0 221 752 48 3 0 0 0 3 9 14 931 67 0 0 
0 158 756 105 5 0 0 0 0 0 50 854 120 0 0 0 0 0 0 9 956 59 0 0 
0 751 273 0 0 0 0 0 0 0 495 529 0 0 0 0 0 0 0 0 1006 18 0 0 
0 133 513 291 76 11 0 0 0 0 100 612 282 28 2 0 0 0 0 19 840 159 6 0 
0 208 535 272 8 1 0 0 0 0 77 679 263 5 0 0 0 0 0 9 994 20 1 0 
0 756 268 0 0 0 0 0 0 0 249 769 6 0 0 0 0 0 0 0 1021 3 0 0 
0 244 737 43 0 0 0 0 0 0 20 926 78 0 0 0 0 0 0 1 1003 20 0 0 
0 129 890 5 0 0 0 0 0 0 13 1003 8 0 0 0 0 0 0 0 936 88 0 0 
0 206 670 143 5 0 0 0 0 1 92 695 229 7 0 0 0 0 29 74 681 240 0 0 
0 430 504 89 1 0 0 0 0 5 518 371 126 4 0 0 0 0 149 534 196 145 0 0 
0 425 530 66 3 0 0 0 0 6 590 382 46 0 0 0 0 0 119 822 82 1 0 0 
0 428 405 165 23 3 0 0 0 75 482 316 130 20 1 0 0 1 399 481 136 7 0 0 
3 830 125 51 15 0 0 0 0 374 506 86 45 13 0 0 0 4 909 93 18 0 0 0 
5 798 182 30 9 0 0 0 0 319 581 96 22 6 0 0 0 10 871 119 19 5 0 0 
4 758 183 65 12 2 0 0 0 346 539 91 39 7 2 0 0 15 814 156 36 2 1 0 
3 919 92 10 0 0 0 0 0 459 549 16 0 0 0 0 0 2 951 71 0 0 0 0 
0 501 416 66 29 11 1 0 0 132 707 111 50 20 4 0 0 6 668 277 59 13 1 0 
4 705 237 56 15 7 0 0 0 290 627 73 22 12 0 0 0 7 857 122 28 9 1 0 
1 840 151 21 8 3 0 0 0 517 453 30 15 7 2 0 0 11 950 47 12 4 0 0 
0 609 320 95 0 0 0 0 0 321 487 216 0 0 0 0 0 6 692 272 54 0 0 0 
0 881 140 3 0 0 0 0 0 647 362 15 0 0 0 0 0 56 897 71 0 0 0 0 
2 695 266 44 16 1 0 0 0 261 643 66 36 16 2 0 0 3 813 190 18 0 0 0 
4 615 242 94 54 15 0 0 0 168 572 143 81 47 13 0 0 59 705 171 77 12 0 0 
8 762 176 55 18 5 0 0 0 384 472 108 40 15 5 0 0 140 748 98 32 6 0 0 
14 661 182 103 43 20 1 0 0 323 440 117 87 36 21 0 0 192 617 150 48 16 1 0 
15 783 95 80 41 10 0 0 0 486 365 69 61 35 8 0 0 254 625 93 45 6 1 0 
10 792 114 56 36 15 1 0 0 445 420 73 43 34 8 1 0 180 707 81 48 8 0 0 
11 675 193 85 41 18 1 0 0 440 318 140 70 42 13 1 0 250 575 136 51 12 0 0 
14 631 207 98 62 11 1 0 0 433 314 131 90 50 6 0 0 308 494 149 64 9 0 0 
702 180 83 38 13 8 0 0 685 145 86 67 26 9 6 0 714 112 114 60 15 9 0 0 
314 578 75 30 18 6 1 2 242 448 238 55 18 18 3 2 338 303 308 48 14 10 1 2 
26 813 124 35 12 12 2 0 0 528 371 73 28 13 10 1 0 376 558 58 24 7 1 0 
24 636 178 101 64 20 1 0 0 423 309 130 93 54 14 1 0 354 437 146 74 13 0 0 
17 543 274 98 54 19 16 3 1 253 454 172 75 38 20 11 30 326 421 169 45 19 13 1 
16 126 266 269 211 101 29 6 2 91 227 234 238 163 52 17 181 303 248 148 89 40 15 0 
25 201 273 213 171 108 28 5 9 104 255 247 198 136 61 14 142 318 253 165 85 46 15 0 
71 312 297 184 94 51 12 3 9 201 284 272 149 75 26 8 286 394 199 90 33 16 5 1 
66 315 249 159 99 81 43 12 15 241 254 187 135 93 71 28 262 326 173 108 68 53 27 7 
32 348 304 171 98 53 15 3 3 166 337 231 148 81 45 13 234 351 229 111 57 30 11 1 
31 332 286 190 93 56 27 9 3 158 290 251 159 92 47 24 219 325 220 131 63 38 24 4 
17 132 400 238 158 57 18 4 2 35 167 409 260 106 34 11 56 172 163 191 312 108 20 2 
0 39 465 406 92 18 3 1 0 2 38 515 416 46 6 1 8 31 48 112 704 115 6 0 
0 306 613 105 0 0 0 0 0 0 222 648 154 0 0 0 0 0 0 72 903 49 0 0 
0 90 745 189 0 0 0 0 0 0 56 738 230 0 0 0 0 0 0 103 885 36 0 0 
0 13 292 691 28 0 0 0 0 0 24 339 659 2 0 0 0 0 1 138 871 14 0 0 
0 239 503 262 20 0 0 0 0 0 114 596 312 2 0 0 0 0 0 7 1005 12 0 0 
0 242 775 7 0 0 0 0 0 0 32 947 45 0 0 0 0 0 0 7 900 117 0 0 
0 157 733 132 2 0 0 0 0 0 138 728 156 2 0 0 0 0 53 260 482 229 0 0 
0 315 553 153 3 0 0 0 0 7 423 457 135 2 0 0 0 0 174 659 163 28 0 0 
1 241 593 182 7 0 0 0 0 2 405 475 138 4 0 0 0 0 148 714 160 2 0 0 
0 201 515 262 46 0 0 0 0 12 323 463 195 31 0 0 0 1 159 644 207 13 0 0 
0 905 114 4 1 0 0 0 0 215 776 30 3 0 0 0 0 1 866 152 5 0 0 0 
0 708 314 2 0 0 0 0 0 176 833 15 0 0 0 0 0 0 783 241 0 0 0 0 
0 628 341 55 0 0 0 0 0 267 671 86 0 0 0 0 0 0 826 187 11 0 0 0 
0 634 267 102 21 0 0 0 0 405 464 119 36 0 0 0 0 1 754 203 61 5 0 0 
0 364 540 120 0 0 0 0 0 218 610 190 6 0 0 0 0 0 563 402 59 0 0 0 
0 813 201 10 0 0 0 0 0 324 681 19 0 0 0 0 0 7 914 102 1 0 0 0 
1 733 249 34 5 2 0 0 0 403 552 53 9 7 0 0 0 36 850 117 20 1 0 0 
0 532 466 22 4 0 0 0 0 137 810 72 4 1 0 0 0 2 882 130 9 1 0 0 
0 222 603 197 2 0 0 0 0 27 622 363 10 2 0 0 0 2 371 476 175 0 0 0 
1 711 250 40 16 6 0 0 0 252 645 84 27 13 3 0 0 24 776 189 30 5 0 0 
8 855 84 46 24 5 2 0 0 296 610 57 34 21 5 1 0 86 835 66 28 8 1 0 
12 628 209 91 69 13 2 0 0 255 477 138 86 59 7 2 2 163 633 140 64 20 2 0 
10 705 188 80 28 10 3 0 0 375 434 117 68 21 9 0 1 236 612 120 41 14 0 0 
1 885 108 22 6 2 0 0 0 548 415 40 13 6 2 0 0 271 700 40 11 2 0 0 
11 927 61 17 5 3 0 0 0 530 445 31 12 4 2 0 0 195 788 30 7 3 1 0 
15 755 185 45 18 5 1 0 0 442 445 88 29 13 7 0 0 245 670 83 18 6 2 0 
4 769 158 64 25 4 0 0 0 446 431 73 51 23 0 0 0 219 685 90 29 1 0 0 
117 850 48 6 3 0 0 0 75 715 217 11 6 0 0 0 117 298 590 13 6 0 0 0 
787 181 15 11 17 12 1 0 595 338 40 11 11 20 9 0 827 106 51 17 17 5 1 0 
14 835 92 43 23 12 4 1 0 593 314 43 45 15 11 3 2 384 548 52 25 7 5 1 
33 939 39 9 4 0 0 0 0 729 268 17 6 4 0 0 0 486 516 16 4 2 0 0 
59 891 60 13 0 1 0 0 0 778 208 30 7 1 0 0 324 392 278 27 3 0 0 0 
218 534 157 81 23 8 3 0 23 634 155 98 91 17 6 0 464 226 140 95 46 48 5 0 
14 242 260 245 152 77 33 1 8 162 261 239 189 102 52 11 136 355 221 158 84 53 17 0 
16 210 226 219 187 111 43 12 7 118 282 188 211 134 57 27 266 263 200 138 104 37 12 4 
32 161 209 228 210 117 56 11 3 109 198 214 208 168 98 26 290 307 183 104 85 37 16 2 
43 246 214 186 177 88 55 15 12 163 251 169 173 147 74 35 233 355 211 100 58 45 18 4 
55 400 299 151 67 41 9 2 6 219 349 226 124 62 30 8 235 434 186 87 52 20 9 1 
61 408 235 161 85 38 23 13 10 262 297 195 138 65 37 20 243 372 175 111 64 25 23 11 
8 153 293 364 145 38 18 5 3 58 199 295 322 113 26 8 118 211 183 207 210 81 10 4 
14 154 305 363 135 41 11 1 0 85 188 291 340 90 25 5 159 219 172 168 242 53 9 2 
3 31 515 407 48 14 6 0 0 3 34 524 417 36 9 1 13 43 47 144 733 38 6 0 
0 14 638 367 5 0 0 0 0 0 14 603 406 1 0 0 0 0 0 107 877 40 0 0 
0 106 291 613 14 0 0 0 0 2 123 306 582 11 0 0 0 0 78 190 707 49 0 0 
3 350 415 170 86 0 0 0 0 13 406 320 236 49 0 0 0 0 235 327 401 61 0 0 
0 351 569 104 0 0 0 0 0 4 483 443 94 0 0 0 0 0 208 614 158 44 0 0 
1 544 426 53 0 0 0 0 0 12 666 314 32 0 0 0 0 0 270 693 60 1 0 0 
0 517 450 57 0 0 0 0 0 15 650 321 38 0 0 0 0 0 258 710 55 1 0 0 
0 389 512 108 15 0 0 0 0 7 572 368 72 5 0 0 0 0 253 683 87 1 0 0 
1 765 149 91 18 0 0 0 0 357 457 132 73 5 0 0 0 3 764 203 54 0 0 0 
0 791 233 0 0 0 0 0 0 292 732 0 0 0 0 0 0 1 899 124 0 0 0 0 
0 421 442 159 2 0 0 0 0 128 700 190 6 0 0 0 0 0 621 359 44 0 0 0 
0 206 444 330 44 0 0 0 0 71 482 388 81 2 0 0 0 4 299 510 189 22 0 0 
0 425 465 123 11 0 0 0 0 217 633 153 21 0 0 0 0 2 611 338 73 0 0 0 
0 514 510 0 0 0 0 0 0 204 798 22 0 0 0 0 0 0 741 283 0 0 0 0 
0 502 499 23 0 0 0 0 0 213 733 77 1 0 0 0 0 2 689 321 12 0 0 0 
0 583 385 54 2 0 0 0 0 282 650 82 10 0 0 0 0 1 761 223 38 1 0 0 
0 604 396 23 1 0 0 0 0 230 749 43 2 0 0 0 0 2 845 158 18 1 0 0 
8 749 198 45 22 2 0 0 0 382 521 71 35 14 1 0 0 82 777 129 33 3 0 0 
2 926 75 15 4 2 0 0 0 223 754 29 12 5 1 0 0 45 931 38 9 1 0 0 
2 830 146 40 6 0 0 0 0 389 515 91 27 2 0 0 0 94 827 95 7 1 0 0 
3 710 153 94 42 21 1 0 0 467 302 120 81 36 17 1 0 243 607 124 45 5 0 0 
10 608 203 132 45 24 2 0 0 367 351 152 91 47 15 1 1 282 524 167 40 10 0 0 
12 860 76 45 25 6 0 0 0 580 333 50 29 27 5 0 0 226 706 64 24 4 0 0 
9 817 120 36 37 5 0 0 0 592 314 53 31 30 4 0 0 306 581 106 30 0 1 0 
1 538 445 35 4 1 0 0 0 240 646 125 10 3 0 0 0 55 611 328 28 2 0 0 
1 841 180 2 0 0 0 0 0 456 546 22 0 0 0 0 0 100 808 111 5 0 0 0 
77 761 119 46 18 3 0 0 10 632 260 70 35 16 1 0 60 389 481 62 28 4 0 0 
74 502 236 100 86 21 5 0 15 386 295 152 94 64 17 1 58 355 375 143 64 29 0 0 
29 681 171 87 43 13 0 0 0 533 278 114 64 30 5 0 2 509 375 97 35 6 0 0 
46 864 78 19 11 4 2 0 0 749 215 31 16 9 4 0 27 679 272 28 13 4 1 0 
171 670 165 17 1 0 0 0 1 717 166 129 9 2 0 0 597 239 43 67 77 1 0 0 
486 412 124 2 0 0 0 0 60 818 32 112 2 0 0 0 746 129 27 26 92 4 0 0 
30 197 276 258 160 69 30 4 11 115 252 247 225 103 53 18 206 303 231 139 85 38 18 4 
32 197 306 212 135 94 39 9 5 106 272 266 167 121 62 25 262 290 172 129 97 51 14 9 
29 119 220 260 217 117 51 11 5 91 155 238 245 177 81 32 276 288 202 131 71 40 14 2 
149 454 145 98 82 52 26 18 27 460 210 106 83 71 46 21 380 386 108 66 53 22 9 0 
71 393 231 132 98 59 34 6 17 299 258 176 110 83 61 20 200 393 198 113 63 45 11 1 
54 206 235 194 148 83 64 40 26 150 215 192 187 113 77 64 159 250 226 138 106 64 47 34 
43 292 285 188 121 61 29 5 8 178 290 232 155 105 40 16 236 359 220 103 56 29 17 4 
36 253 280 243 130 52 25 5 4 156 298 237 184 91 37 17 179 304 225 171 87 40 17 1 
1 119 379 337 136 41 11 0 0 14 220 372 305 84 27 2 62 193 301 241 198 26 3 0 
1 448 441 108 17 9 0 0 0 16 560 343 87 17 1 0 0 23 405 469 118 9 0 0 
0 452 499 73 0 0 0 0 0 6 600 372 46 0 0 0 0 0 353 610 61 0 0 0 
1 288 510 205 20 0 0 0 0 10 441 428 137 8 0 0 0 0 241 614 161 8 0 0 
2 564 362 88 8 0 0 0 0 25 642 291 60 6 0 0 0 0 327 624 70 3 0 0 
0 735 263 26 0 0 0 0 0 12 814 177 21 0 0 0 0 0 302 668 53 1 0 0 
1 463 471 82 6 1 0 0 0 5 639 310 64 6 0 0 0 0 206 629 179 9 1 0 
0 546 256 189 31 2 0 0 0 120 530 184 169 21 0 0 0 6 528 406 82 2 0 0 
4 783 193 44 0 0 0 0 0 414 524 83 3 0 0 0 0 4 813 175 32 0 0 0 
0 549 470 5 0 0 0 0 0 133 860 31 0 0 0 0 0 0 683 333 8 0 0 0 
0 600 419 5 0 0 0 0 0 249 753 22 0 0 0 0 0 6 832 186 0 0 0 0 
0 675 344 5 0 0 0 0 0 245 755 24 0 0 0 0 0 10 793 215 6 0 0 0 
0 705 316 3 0 0 0 0 0 263 733 28 0 0 0 0 0 3 830 191 0 0 0 0 
0 726 298 0 0 0 0 0 0 285 736 3 0 0 0 0 0 0 905 119 0 0 0 0 
0 575 429 20 0 0 0 0 0 251 723 50 0 0 0 0 0 7 791 225 1 0 0 0 
17 644 345 17 1 0 0 0 0 347 594 80 1 2 0 0 0 99 707 204 14 0 0 0 
10 522 268 145 67 12 0 0 0 185 480 176 133 42 8 0 0 95 598 253 67 11 0 0 
2 884 129 8 1 0 0 0 0 182 789 48 5 0 0 0 0 64 912 45 2 1 0 0 
2 878 141 3 0 0 0 0 0 317 689 16 2 0 0 0 0 46 919 58 1 0 0 0 
1 647 308 51 15 2 0 0 0 318 545 116 36 9 0 0 0 98 685 176 48 15 2 0 
7 513 362 98 30 14 0 0 0 219 550 165 56 26 8 0 0 106 588 253 59 17 1 0 
6 753 195 53 13 3 1 0 0 416 482 90 27 8 1 0 0 217 694 90 19 3 1 0 
7 1005 12 0 0 0 0 0 0 647 377 0 0 0 0 0 0 314 710 0 0 0 0 0 
4 735 280 5 0 0 0 0 0 313 670 41 0 0 0 0 0 97 854 73 0 0 0 0 
1 512 484 20 7 0 0 0 0 167 713 130 7 7 0 0 0 40 607 336 41 0 0 0 
5 586 268 94 51 19 1 0 0 288 465 139 66 48 18 0 0 234 567 153 60 9 1 0 
34 715 115 75 53 30 2 0 0 580 219 84 66 45 27 3 0 543 324 85 47 15 8 2 
47 477 108 100 75 159 50 8 5 415 150 87 85 93 160 29 6 433 170 93 82 113 112 15 
52 331 132 168 132 105 69 35 16 279 157 125 161 138 91 57 157 305 171 88 107 110 70 16 
27 384 166 238 158 36 4 11 2 304 148 150 247 143 19 11 74 422 253 115 79 56 22 3 
132 333 298 156 75 27 3 0 5 316 204 266 163 56 11 3 233 196 233 220 113 21 6 2 
244 585 85 55 38 15 2 0 25 735 119 53 48 37 7 0 636 169 119 84 13 3 0 0 
46 249 287 209 133 54 45 1 11 96 353 222 162 98 54 28 335 299 172 109 58 41 7 3 
46 181 328 202 120 98 40 9 20 100 221 278 184 113 75 33 324 273 162 98 80 52 29 6 
61 206 277 213 159 75 26 7 14 126 230 245 200 129 56 24 351 285 173 98 66 28 17 6 
77 246 206 189 133 113 48 12 20 217 183 204 151 130 76 43 226 342 222 104 68 35 19 8 
115 458 209 98 65 51 22 6 28 393 280 132 72 60 42 17 231 437 152 81 61 38 20 4 
46 320 264 153 91 101 36 13 9 240 284 194 100 93 67 37 143 358 206 110 86 79 39 3 
207 421 186 85 60 38 23 4 70 407 260 115 68 54 32 18 272 402 158 80 49 37 22 4 
28 283 277 216 117 77 22 4 1 176 267 238 158 107 61 16 81 348 288 148 91 48 18 2 
22 248 231 259 160 79 23 2 5 140 250 217 223 127 50 12 73 341 272 195 91 44 7 1 
8 169 366 304 132 39 5 1 1 37 277 390 222 79 17 1 27 172 412 310 80 20 3 0 
1 271 497 231 24 0 0 0 0 23 473 372 149 7 0 0 0 3 376 521 122 2 0 0 
4 252 445 260 63 0 0 0 0 13 400 388 189 33 1 0 0 6 351 505 153 9 0 0 
0 241 505 257 20 1 0 0 0 13 381 431 186 13 0 0 0 2 319 581 120 2 0 0 
1 236 529 229 29 0 0 0 0 14 354 472 168 16 0 0 0 3 267 586 155 11 2 0 
3 337 413 236 35 0 0 0 0 32 426 341 197 28 0 0 0 2 439 483 98 2 0 0 
0 983 36 5 0 0 0 0 0 314 690 17 3 0 0 0 0 0 994 28 2 0 0 0 
2 763 241 16 2 0 0 0 0 449 536 35 4 0 0 0 0 13 833 163 15 0 0 0 
1 657 366 0 0 0 0 0 0 244 778 2 0 0 0 0 0 0 847 177 0 0 0 0 
0 571 446 7 0 0 0 0 0 121 892 11 0 0 0 0 0 4 900 120 0 0 0 0 
0 332 662 30 0 0 0 0 0 116 835 73 0 0 0 0 0 1 653 361 9 0 0 0 
0 777 247 0 0 0 0 0 0 472 541 11 0 0 0 0 0 28 891 105 0 0 0 0 
18 824 142 27 13 0 0 0 0 450 521 14 26 13 0 0 1 94 848 73 8 0 0 0 
39 576 133 161 110 5 0 0 0 288 382 109 153 88 4 0 0 153 632 202 36 1 0 0 
6 169 179 233 337 91 8 1 0 100 133 213 276 274 27 1 1 92 352 383 146 44 5 1 
1 655 214 83 62 9 0 0 0 130 654 121 79 36 4 0 0 92 760 133 36 3 0 0 
4 929 59 14 14 4 0 0 0 273 693 27 15 13 3 0 0 75 901 27 17 4 0 0 
0 679 326 19 0 0 0 0 0 204 694 122 4 0 0 0 0 74 668 224 51 7 0 0 
0 327 676 21 0 0 0 0 0 49 757 216 2 0 0 0 0 9 358 558 98 1 0 0 
14 542 242 116 90 20 0 0 0 307 402 142 98 68 7 0 0 207 528 221 66 2 0 0 
8 602 236 95 61 22 0 0 0 229 532 124 74 47 18 0 4 214 649 109 46 2 0 0 
1 996 27 0 0 0 0 0 0 542 482 0 0 0 0 0 0 272 748 4 0 0 0 0 
12 717 210 55 23 7 0 0 0 247 609 106 38 19 5 0 0 152 767 79 21 5 0 0 
12 539 233 144 69 27 0 0 0 271 422 149 109 57 16 0 5 320 497 151 47 4 0 0 
20 842 99 47 10 6 0 0 0 712 210 59 30 11 2 0 0 607 363 40 13 1 0 0 
35 793 87 26 27 37 19 0 3 645 235 43 17 35 35 11 43 591 269 33 21 38 24 5 
107 493 132 38 17 112 116 9 9 478 186 64 46 52 171 18 172 432 144 28 21 109 111 7 
92 440 216 90 35 33 56 62 40 310 319 144 57 25 37 92 88 314 238 150 79 34 37 84 
135 459 195 115 103 15 2 0 64 361 280 132 114 65 8 0 148 315 356 158 40 7 0 0 
13 228 414 238 123 8 0 0 0 50 150 346 350 124 4 0 515 169 223 111 6 0 0 0 
139 226 169 220 246 24 0 0 10 286 130 185 252 153 7 1 235 209 317 234 26 3 0 0 
26 256 298 178 135 82 45 4 3 166 271 232 159 98 64 31 356 351 140 64 62 40 11 0 
72 245 297 192 97 78 33 10 18 158 265 240 155 96 59 33 303 336 152 94 61 49 21 8 
87 305 259 152 98 73 38 12 35 242 238 191 125 102 64 27 303 294 159 100 87 51 22 8 
41 241 324 189 95 69 40 25 28 151 225 277 176 95 53 19 245 377 161 114 61 39 22 5 
72 348 209 176 87 78 35 19 30 269 270 162 124 83 59 27 158 372 208 131 81 50 21 3 
84 465 219 108 75 34 29 10 26 361 292 147 71 67 36 24 191 445 160 101 59 36 22 10 
91 271 214 154 125 85 68 16 26 216 214 171 147 117 96 37 172 306 183 134 95 80 45 9 
118 385 203 153 93 50 14 8 26 341 224 165 124 86 43 15 218 400 204 91 58 34 16 3 
28 365 267 188 95 52 24 5 8 216 332 184 145 76 48 15 189 459 189 80 67 25 14 1 
7 171 286 281 185 57 33 4 1 81 257 276 239 109 47 14 84 312 294 191 92 36 14 1 
1 84 345 431 133 21 8 1 0 15 142 421 329 99 13 5 19 173 396 359 63 8 5 1 
4 480 327 190 22 1 0 0 0 116 483 292 121 11 1 0 1 28 641 327 27 0 0 0 
1 331 375 255 42 15 3 2 1 106 372 322 189 20 10 4 2 32 497 411 55 18 4 5 
0 364 399 226 34 1 0 0 0 40 441 343 188 12 0 0 0 25 539 390 66 4 0 0 
0 931 69 22 2 0 0 0 0 166 788 51 18 1 0 0 0 19 955 46 4 0 0 0 
2 988 34 0 0 0 0 0 0 606 417 1 0 0 0 0 0 29 967 28 0 0 0 0 
0 775 246 3 0 0 0 0 0 270 739 15 0 0 0 0 0 16 825 180 3 0 0 0 
1 822 191 10 0 0 0 0 0 389 618 16 1 0 0 0 0 68 832 121 3 0 0 0 
7 420 389 185 22 1 0 0 0 234 468 168 130 23 1 0 0 101 696 220 7 0 0 0 
19 555 344 83 23 0 0 0 0 271 589 82 63 19 0 0 1 140 585 288 10 0 0 0 
10 571 83 130 202 28 0 0 0 414 191 63 162 184 10 0 0 131 602 233 57 1 0 0 
10 228 146 267 326 47 0 0 0 162 107 211 328 209 7 0 3 145 475 348 52 1 0 0 
1 38 273 425 276 11 0 0 0 11 89 342 436 145 1 0 6 117 569 317 14 1 0 0 
0 381 248 250 135 10 0 0 0 247 301 183 228 62 3 0 1 227 556 210 26 4 0 0 
4 829 154 31 6 0 0 0 0 450 498 54 17 5 0 0 0 265 700 48 10 1 0 0 
4 689 319 12 0 0 0 0 0 337 584 100 3 0 0 0 0 137 545 321 21 0 0 0 
2 329 627 44 19 3 0 0 0 68 721 184 35 14 2 0 1 28 343 599 52 1 0 0 
3 297 386 169 140 29 0 0 0 54 500 206 151 101 12 0 3 112 479 382 43 5 0 0 
8 494 311 150 43 15 3 0 0 273 423 188 97 30 13 0 1 380 462 132 38 11 0 0 
22 692 216 70 20 4 0 0 0 458 416 99 38 12 1 0 0 482 448 75 14 5 0 0 
1 541 247 167 56 11 1 0 0 245 418 203 116 40 2 0 1 310 574 124 15 0 0 0 
8 282 334 256 125 19 0 0 0 145 341 275 186 76 1 0 5 307 478 202 32 0 0 0 
37 655 174 78 56 22 2 0 0 529 281 94 66 34 20 0 5 627 273 78 34 7 0 0 
10 731 173 71 32 7 0 0 0 565 201 96 123 35 4 0 84 642 248 40 10 0 0 0 
29 416 271 237 54 17 0 0 0 333 145 100 326 106 14 0 227 576 179 36 6 0 0 0 
174 728 91 13 8 10 0 0 13 601 326 56 13 5 10 0 285 564 122 33 7 4 9 0 
260 654 62 24 10 5 7 2 146 580 215 39 18 12 8 6 209 453 279 30 22 19 8 4 
171 403 247 137 51 8 5 2 108 308 186 141 180 90 4 7 521 358 102 28 5 5 5 0 
40 294 489 150 49 2 0 0 5 204 199 301 241 65 9 0 425 430 141 23 5 0 0 0 
70 365 247 201 122 19 0 0 11 280 266 181 177 104 5 0 20 465 337 167 33 2 0 0 
57 179 237 230 187 76 53 5 12 121 202 216 208 146 81 38 237 313 180 113 88 54 30 9 
45 228 317 200 136 71 23 4 19 128 210 285 191 108 69 14 264 338 161 125 75 44 15 2 
182 369 222 120 57 42 21 11 96 353 217 173 84 41 33 27 437 317 118 56 43 28 18 7 
93 448 229 137 63 31 20 3 25 351 272 181 107 48 28 12 316 402 154 90 34 17 11 0 
108 362 190 110 83 49 71 51 46 364 221 112 85 70 67 59 224 334 151 97 68 47 54 49 
76 364 166 144 92 77 69 36 23 343 182 122 134 99 63 58 179 369 138 95 85 78 42 38 
121 317 175 172 123 72 36 8 31 303 179 134 147 117 81 32 264 313 159 132 86 48 18 4 
42 309 298 166 110 65 29 5 14 203 287 203 151 91 59 16 209 409 177 104 70 36 18 1 
42 276 318 196 100 51 31 10 8 180 312 230 143 80 46 25 221 380 194 111 54 31 20 13 
59 425 282 118 76 39 13 12 17 299 351 163 104 46 29 15 200 459 173 91 55 24 11 11 
11 133 261 246 154 111 74 34 2 72 204 314 255 120 40 17 123 270 250 197 111 50 14 9 
4 101 158 141 147 210 190 73 2 47 187 273 313 152 45 5 8 135 300 266 208 87 17 3 
3 76 84 113 146 238 274 90 30 65 102 212 302 213 72 28 37 91 150 262 282 130 52 20 
13 310 82 67 37 120 349 46 5 182 202 85 245 256 33 16 4 148 305 120 355 60 24 8 
24 620 127 57 85 60 42 9 2 493 239 63 112 91 21 3 10 220 570 152 46 20 5 1 
37 581 86 147 140 32 1 0 0 499 153 91 158 104 19 0 8 341 526 124 23 2 0 0 
41 549 114 154 145 21 0 0 0 492 151 78 161 129 13 0 16 424 456 113 14 1 0 0 
21 536 162 201 89 14 1 0 0 340 268 145 206 57 7 1 22 333 569 78 20 2 0 0 
10 283 249 332 149 1 0 0 0 90 282 241 313 97 1 0 60 460 405 78 21 0 0 0 
3 123 279 431 180 8 0 0 0 35 173 324 387 104 1 0 78 399 405 129 13 0 0 0 
4 177 251 398 190 4 0 0 0 101 202 273 358 87 3 0 29 320 475 181 18 1 0 0 
3 537 342 120 20 2 0 0 0 193 562 217 49 3 0 0 0 364 580 75 5 0 0 0 
0 96 300 333 272 23 0 0 0 14 193 285 394 137 1 0 8 183 573 238 21 1 0 0 
14 227 279 291 202 11 0 0 0 150 236 252 291 91 4 0 8 219 501 279 15 2 0 0 
37 486 214 155 112 19 1 0 0 369 299 160 122 68 6 0 2 379 381 214 43 5 0 0 
13 432 326 140 83 30 0 0 0 267 388 210 103 54 2 0 1 263 298 363 95 4 0 0 
67 429 212 123 148 45 0 0 0 385 255 155 113 111 5 0 0 424 317 205 76 2 0 0 
25 621 131 95 109 43 0 0 0 531 208 88 112 73 12 0 4 592 263 130 35 0 0 0 
14 523 189 117 110 69 2 0 0 397 282 101 106 121 17 0 0 485 336 166 37 0 0 0 
95 495 154 112 114 53 1 0 0 504 185 107 120 94 14 0 2 580 272 144 24 2 0 0 
105 358 206 181 150 24 0 0 0 355 230 167 154 108 10 0 3 475 332 140 55 17 2 0 
26 162 192 226 218 192 8 0 1 110 160 161 228 253 111 0 39 294 257 96 69 240 29 0 
13 112 383 322 169 25 0 0 0 36 125 286 442 128 7 0 331 295 220 151 27 0 0 0 
63 455 257 87 92 55 13 2 10 239 312 233 98 93 33 6 248 310 189 154 50 58 13 2 
232 507 126 79 29 19 20 12 52 580 142 84 88 30 24 24 437 358 99 65 30 13 15 7 
304 477 64 35 53 22 45 24 161 512 156 25 16 61 40 53 335 444 128 38 3 14 30 32 
283 511 92 50 22 21 24 21 132 580 97 103 38 17 23 34 506 244 76 89 44 21 27 17 
183 388 148 94 53 90 63 5 33 469 138 95 91 53 114 31 382 327 97 39 20 70 88 1 
201 335 183 119 71 53 35 27 159 306 193 139 90 45 43 49 272 363 204 66 21 19 53 26 
30 228 307 255 153 44 7 0 4 159 255 244 233 110 19 0 19 382 420 165 30 8 0 0 
68 225 261 193 149 81 36 11 12 152 247 216 179 117 62 39 224 313 182 132 77 56 28 12 
102 352 211 152 101 58 36 12 26 284 237 187 123 80 45 42 307 297 179 101 54 50 30 6 
46 268 327 170 98 62 42 11 3 171 262 254 154 92 59 29 286 348 162 95 60 50 12 11 
24 242 327 196 119 74 31 11 7 128 292 264 158 95 60 20 265 348 175 113 75 31 16 1 
87 279 188 136 119 95 70 50 51 261 186 146 114 111 98 57 152 341 147 100 96 84 62 42 
97 463 164 134 99 43 22 2 20 368 259 121 129 72 42 13 145 431 186 117 78 47 19 1 
62 319 275 182 116 54 11 5 7 204 283 224 162 87 50 7 210 337 241 128 61 33 12 2 
59 289 261 164 120 72 38 21 11 192 285 200 140 92 66 38 179 346 191 125 82 50 35 16 
37 220 261 200 147 109 31 19 12 160 242 194 175 136 71 34 133 271 238 150 123 68 33 8 
32 216 263 251 156 66 31 9 8 135 232 239 227 120 47 16 171 338 243 147 66 47 8 4 
9 136 196 218 206 137 80 42 8 99 214 276 208 131 60 28 126 233 237 203 121 56 35 13 
25 117 180 205 200 173 96 28 19 100 191 272 248 133 47 14 118 221 217 224 155 63 21 5 
4 82 238 171 150 150 139 90 39 119 232 207 202 129 84 12 47 200 247 195 161 112 55 7 
1 117 318 236 170 93 66 23 6 51 311 293 224 105 27 7 80 373 275 155 86 41 12 2 
0 130 243 314 247 82 8 0 0 46 221 262 306 166 21 2 110 353 336 182 39 3 1 0 
8 216 263 252 230 54 1 0 0 112 208 260 244 176 23 1 113 371 299 179 60 2 0 0 
19 163 302 299 194 37 10 0 2 58 214 297 277 146 26 4 89 337 337 176 65 17 3 0 
3 112 231 351 277 50 0 0 0 27 159 251 370 197 20 0 110 320 362 182 48 2 0 0 
0 29 332 412 215 31 5 0 4 23 167 402 325 95 7 1 74 400 371 153 25 1 0 0 
2 204 284 313 130 57 31 3 10 196 185 308 242 75 7 1 106 560 236 83 32 6 1 0 
11 184 284 311 163 51 18 2 17 190 185 245 277 97 13 0 75 469 315 104 45 15 1 0 
9 388 146 105 169 115 73 19 11 363 175 113 159 134 55 14 19 381 263 163 92 45 46 15 
7 231 251 196 167 96 55 21 1 204 255 183 230 105 34 12 12 312 316 203 91 63 17 10 
24 210 276 213 180 79 36 6 10 197 261 224 197 97 35 3 29 280 340 220 98 34 21 2 
16 305 203 192 170 124 13 1 12 283 241 192 155 126 15 0 20 335 265 239 146 19 0 0 
22 355 161 119 138 190 36 3 32 341 177 145 124 178 26 1 32 370 213 174 195 34 6 0 
8 397 172 137 117 161 29 3 4 351 232 146 119 140 30 2 3 325 309 180 153 45 9 0 
8 334 138 131 128 230 53 2 0 298 165 159 125 230 47 0 1 301 245 185 231 61 0 0 
37 444 125 126 142 134 16 0 0 437 146 142 140 143 16 0 3 459 215 197 139 11 0 0 
13 242 121 208 212 162 60 6 3 172 152 139 241 218 82 17 24 280 174 197 182 82 74 11 
25 213 126 178 219 207 46 10 3 191 129 154 206 213 114 14 34 280 215 143 84 193 68 7 
8 198 414 216 151 28 9 0 0 101 280 339 197 92 13 2 251 422 193 71 59 21 7 0 
26 193 327 322 138 18 0 0 2 159 98 222 398 138 7 0 574 341 83 23 3 0 0 0 
150 337 115 232 97 58 30 5 85 364 89 78 244 111 39 14 442 311 102 49 44 60 10 6 
392 528 28 31 25 10 9 1 190 681 68 23 31 13 13 5 482 443 64 12 9 6 7 1 
341 601 16 8 10 25 17 6 45 882 25 8 8 7 20 29 613 323 20 9 7 15 35 2 
147 759 56 17 10 11 8 16 8 734 212 27 6 9 8 20 64 607 284 30 12 8 15 4 
169 457 112 83 82 83 38 0 7 574 129 89 93 48 73 11 29 599 202 85 54 38 16 1 
56 307 105 105 76 150 188 37 36 284 130 96 87 86 225 80 117 295 139 79 90 125 147 32 
137 491 164 62 54 51 55 10 91 476 203 74 47 46 63 24 201 462 148 60 45 56 33 19 
28 152 226 246 218 117 35 2 6 87 172 211 240 175 105 28 159 264 211 184 113 69 22 2 
164 334 221 117 78 52 40 18 48 345 253 137 94 58 49 40 346 340 153 63 49 34 31 8 
95 272 254 131 125 92 44 11 32 197 258 183 121 112 71 50 179 344 142 122 96 76 49 16 
130 537 183 75 53 35 11 0 17 503 242 128 44 52 25 13 285 483 114 57 51 22 12 0 
91 430 214 123 81 49 31 5 13 337 275 146 107 62 49 35 184 444 171 101 61 41 19 3 
68 424 203 97 116 75 38 3 17 308 288 125 103 94 72 17 205 434 125 113 91 43 13 0 
46 196 190 217 187 145 40 3 0 116 186 185 198 184 128 27 186 239 197 162 136 86 17 1 
78 443 263 136 55 31 17 1 8 360 293 188 96 41 28 10 292 469 141 66 29 21 5 1 
60 420 259 134 87 42 16 6 15 270 342 173 109 61 42 12 284 387 162 99 46 33 9 4 
49 174 309 239 144 75 28 6 8 100 195 279 235 124 59 24 203 340 219 131 70 44 10 7 
46 245 221 222 156 95 32 7 9 167 228 192 185 139 78 26 171 324 221 142 90 59 14 3 
28 182 337 267 141 44 21 4 5 115 291 281 187 102 35 8 114 318 311 165 72 33 10 1 
6 169 322 267 149 70 36 5 2 102 283 231 207 138 55 6 73 299 370 152 64 42 22 2 
19 320 315 202 122 43 3 0 3 180 381 180 153 108 17 2 101 496 240 112 61 14 0 0 
19 330 346 143 101 61 14 10 11 188 406 185 113 84 23 14 64 478 219 126 73 44 12 8 
75 507 214 140 62 19 7 0 10 433 253 168 102 45 13 0 245 478 175 88 26 10 2 0 
100 460 192 117 65 66 20 4 33 483 231 143 93 35 6 0 250 421 185 107 44 15 2 0 
5 119 181 188 194 226 107 4 47 105 146 226 348 138 13 1 111 217 204 274 202 16 0 0 
2 68 98 128 203 317 194 14 51 90 129 251 336 155 12 0 81 115 188 310 272 56 2 0 
12 89 75 77 219 362 178 12 75 98 84 236 417 106 8 0 100 95 142 388 260 36 3 0 
3 93 64 66 164 325 271 38 89 78 63 204 416 159 15 0 102 85 109 360 311 54 3 0 
4 111 129 76 108 246 267 83 115 125 90 106 263 271 53 1 169 112 98 228 319 94 4 0 
10 161 126 75 107 241 252 52 117 161 91 116 289 202 48 0 158 147 103 243 293 75 5 0 
3 101 79 61 112 308 329 31 90 85 74 118 413 230 12 2 127 72 82 321 357 62 3 0 
8 112 79 68 159 203 347 48 101 98 73 167 384 183 18 0 104 122 100 297 352 46 3 0 
12 136 90 68 148 269 270 31 119 120 71 183 285 228 18 0 132 124 98 253 334 83 0 0 
18 237 99 96 115 237 214 8 119 214 99 123 257 210 2 0 133 200 123 178 350 39 1 0 
10 266 99 100 122 194 212 21 86 258 109 128 274 153 16 0 94 244 132 177 299 74 4 0 
37 304 141 115 90 170 141 26 64 346 108 122 249 123 12 0 97 387 94 163 211 68 4 0 
15 167 122 125 234 195 113 53 19 144 137 84 143 310 174 13 46 148 149 108 221 229 114 9 
25 265 224 88 119 185 89 29 32 172 281 130 72 219 101 17 245 225 104 80 137 180 46 7 
142 590 195 50 20 18 5 4 49 515 242 130 55 17 11 5 314 369 221 64 30 13 11 2 
107 428 120 78 58 110 121 2 5 450 122 101 70 69 157 50 159 419 80 80 80 74 119 13 
408 469 65 26 19 19 17 1 282 510 135 25 27 13 26 6 431 393 114 37 15 25 8 1 
393 495 78 12 15 19 12 0 264 475 216 17 11 14 15 12 304 420 187 67 10 16 20 0 
439 560 24 1 0 0 0 0 148 779 90 5 2 0 0 0 500 445 40 39 0 0 0 0 
274 604 124 19 3 0 0 0 94 659 218 46 6 1 0 0 303 641 70 9 1 0 0 0 
321 288 162 106 74 43 25 5 199 342 173 129 77 67 27 10 299 371 202 83 21 21 22 5 
263 306 154 129 107 45 15 5 241 269 156 138 125 65 24 6 291 360 213 101 40 10 6 3 
243 566 113 65 27 10 0 0 49 694 125 78 53 22 3 0 541 325 114 37 7 0 0 0 
113 327 266 172 91 38 15 2 28 222 279 198 157 80 42 18 299 396 170 67 38 36 16 2 
143 310 198 145 97 65 48 18 48 326 199 139 137 75 59 41 277 302 140 121 69 65 33 17 
62 219 214 216 141 95 58 19 18 148 194 239 161 125 91 48 191 263 202 133 105 74 35 21 
230 473 159 82 50 21 8 1 48 568 143 119 70 51 17 8 263 521 127 54 38 17 4 0 
153 496 152 70 73 45 25 10 84 455 212 89 57 58 41 28 312 440 74 79 46 41 27 5 
106 326 242 147 99 61 38 5 55 300 226 166 118 78 53 28 270 341 165 115 52 51 28 2 
87 320 225 153 115 81 33 10 41 276 239 159 120 99 55 35 247 316 165 136 74 55 25 6 
77 329 203 144 107 88 56 20 28 281 227 145 118 100 78 47 227 345 146 106 84 69 35 12 
33 336 265 165 122 81 21 1 3 176 321 195 157 116 44 12 236 354 180 109 96 44 4 1 
6 208 330 229 145 74 26 6 2 116 275 253 205 114 41 18 254 387 200 107 46 22 6 2 
41 216 279 219 138 90 30 11 5 113 261 218 209 129 63 26 216 344 216 108 80 42 16 2 
39 197 280 233 162 78 26 9 7 94 242 271 198 132 60 20 163 332 208 152 102 47 13 7 
17 231 279 239 178 61 15 4 6 150 251 240 212 125 29 11 255 326 227 136 55 17 6 2 
12 133 218 239 222 134 57 9 6 103 194 246 275 154 37 9 196 243 275 179 103 23 5 0 
15 178 202 180 168 143 120 18 47 170 190 204 255 121 33 4 139 242 211 202 181 38 10 1 
2 88 142 105 109 330 237 11 50 118 129 152 442 127 6 0 90 168 131 353 267 15 0 0 
3 58 75 72 127 415 260 14 68 81 69 178 542 79 7 0 90 80 101 510 220 23 0 0 
4 59 61 79 205 447 158 11 64 67 73 275 493 49 3 0 96 57 122 597 137 13 2 0 
11 97 67 102 243 288 191 25 85 94 82 297 357 99 10 0 98 97 181 426 182 37 3 0 
1 90 39 50 133 375 305 31 71 63 51 186 443 170 36 4 93 55 82 467 233 82 10 2 
4 59 57 52 84 332 414 22 66 59 47 98 467 264 20 3 93 53 63 362 407 35 8 3 
5 93 80 68 131 394 212 41 99 74 69 197 407 157 20 1 118 82 94 422 251 51 6 0 
19 140 54 87 145 363 193 23 148 72 77 174 399 146 8 0 167 69 104 370 277 37 0 0 
19 133 77 61 114 283 312 25 136 90 62 146 409 167 14 0 159 88 84 340 305 47 1 0 
7 76 62 113 294 280 171 21 73 59 102 338 269 128 53 2 80 68 192 436 148 82 17 1 
8 121 80 59 181 340 185 50 103 108 65 224 333 152 34 5 131 110 102 365 242 58 11 5 
21 115 65 54 181 382 186 20 119 88 67 242 373 128 7 0 134 89 105 414 265 15 2 0 
13 104 76 60 259 231 246 35 98 88 72 265 276 215 10 0 116 96 101 366 299 46 0 0 
21 313 80 60 102 231 196 21 101 297 65 91 346 106 16 2 117 299 72 256 240 35 5 0 
80 433 119 83 64 85 83 77 78 510 102 69 94 118 45 8 437 185 100 63 118 87 31 3 
393 500 41 38 12 29 10 1 183 695 44 28 34 25 15 0 522 353 47 22 33 41 6 0 
284 584 102 47 2 3 2 0 233 522 187 41 35 4 2 0 245 528 170 37 28 16 0 0 
510 331 51 17 8 11 71 25 445 342 101 19 13 7 62 35 601 223 66 21 10 6 73 24 
324 651 43 6 0 0 0 0 263 532 215 12 2 0 0 0 320 377 301 22 4 0 0 0 
591 425 1 3 4 0 0 0 373 635 9 2 5 0 0 0 445 557 15 3 4 0 0 0 
778 198 36 7 4 1 0 0 337 616 41 22 3 4 0 1 526 450 21 27 0 0 0 0 
604 331 61 19 7 2 0 0 439 459 74 32 12 5 3 0 699 249 46 28 1 1 0 0 
282 431 166 82 52 11 0 0 183 443 198 112 56 31 1 0 324 379 201 87 29 4 0 0 
131 233 342 188 103 23 4 0 99 200 244 305 130 41 5 0 165 310 241 185 102 18 3 0 
253 623 94 34 13 5 2 0 74 749 120 52 16 11 2 0 443 451 93 29 6 2 0 0 
54 259 239 205 162 86 18 1 13 136 213 198 222 145 78 19 114 322 233 147 116 71 19 2 
99 331 252 179 96 48 14 5 57 268 243 170 152 80 36 18 205 377 196 122 66 33 20 5 
61 271 276 180 111 83 36 6 32 184 246 217 149 107 58 31 202 323 195 117 81 64 34 8 
165 370 203 133 86 42 23 2 91 328 208 173 108 60 45 11 235 410 174 79 67 37 22 0 
126 390 193 103 85 80 37 10 64 342 243 116 78 70 74 37 145 394 165 113 69 72 54 12 
101 411 191 121 110 65 20 5 56 373 210 124 98 78 65 20 209 360 181 105 88 58 22 1 
122 354 202 140 91 70 36 9 71 321 240 141 94 74 59 24 277 331 138 115 67 58 35 3 
87 267 211 127 145 97 67 23 36 270 202 158 110 114 89 45 189 306 168 110 100 91 42 18 
53 365 268 155 93 41 39 10 24 264 326 177 115 61 37 20 192 384 185 119 64 35 37 8 
109 244 203 186 112 99 50 21 60 227 217 170 132 101 78 39 222 257 179 147 107 70 38 4 
62 373 236 154 104 68 24 3 19 313 308 177 120 52 30 5 261 376 180 114 60 24 7 2 
23 179 184 160 121 118 218 21 36 168 187 172 250 170 35 6 185 235 148 184 219 47 5 1 
4 113 148 120 151 278 197 13 61 169 132 193 332 125 12 0 110 199 161 330 188 36 0 0 
2 55 65 76 165 367 277 17 64 67 95 185 510 97 6 0 93 70 123 443 276 16 3 0 
5 69 79 79 154 367 253 18 87 79 84 195 457 121 1 0 107 95 110 407 296 9 0 0 
10 95 87 95 165 350 210 12 113 92 100 186 416 112 5 0 134 103 117 370 272 28 0 0 
5 72 68 65 132 402 263 17 96 58 68 164 521 116 1 0 108 72 83 444 302 15 0 0 
7 73 55 38 195 373 269 14 85 54 47 235 480 114 9 0 98 61 102 461 276 26 0 0 
5 76 50 52 115 404 282 40 80 50 56 204 369 216 48 1 98 52 80 460 262 70 2 0 
1 71 45 49 69 219 531 39 76 48 58 84 382 370 6 0 99 50 69 288 477 41 0 0 
9 110 68 66 226 258 258 29 108 77 73 262 303 180 21 0 127 89 143 361 245 58 1 0 
14 101 63 92 263 377 97 17 95 84 84 270 413 67 7 4 109 97 131 486 179 11 7 4 
22 146 62 89 260 301 123 21 125 107 64 282 357 69 16 4 134 115 120 446 177 21 9 2 
5 95 63 77 194 299 253 38 100 69 67 226 361 185 16 0 108 80 96 396 265 79 0 0 
10 156 69 72 218 351 132 16 137 104 79 257 331 107 8 1 158 104 119 390 220 30 2 1 
7 108 67 52 191 373 211 15 105 69 69 223 408 146 4 0 121 68 88 345 368 30 4 0 
15 161 64 55 111 424 176 18 157 78 59 149 447 111 19 4 179 76 85 393 242 42 7 0 
7 130 75 60 118 408 219 7 129 89 71 155 433 146 1 0 150 88 85 342 327 31 1 0 
2 161 119 83 126 227 201 105 80 170 116 126 238 278 16 0 88 177 127 196 278 152 6 0 
38 181 147 102 151 150 156 99 79 252 157 151 130 152 86 17 165 207 162 154 138 137 59 2 
267 588 105 23 13 11 5 12 138 680 134 40 8 8 9 7 441 389 114 49 7 14 8 2 
174 753 94 3 0 0 0 0 95 670 233 26 0 0 0 0 380 431 172 41 0 0 0 0 
556 425 31 9 1 2 0 0 423 539 40 18 2 2 0 0 696 291 21 15 1 0 0 0 
914 110 0 0 0 0 0 0 877 145 2 0 0 0 0 0 944 73 7 0 0 0 0 0 
560 464 0 0 0 0 0 0 396 628 0 0 0 0 0 0 519 505 0 0 0 0 0 0 
476 533 13 2 0 0 0 0 304 692 17 9 2 0 0 0 300 680 36 7 1 0 0 0 
699 294 23 8 0 0 0 0 668 300 43 7 6 0 0 0 682 280 47 9 6 0 0 0 
626 283 74 19 11 8 3 0 525 307 117 39 16 10 7 3 687 198 86 25 14 7 7 0 
205 544 216 42 12 4 1 0 54 606 117 180 55 8 4 0 499 426 74 15 4 2 4 0 
506 479 28 5 2 1 1 2 157 804 43 14 3 1 0 2 838 159 18 4 3 0 2 0 
116 351 216 144 97 61 31 8 57 244 233 203 100 82 72 33 245 358 159 91 69 50 38 14 
127 393 201 119 93 63 27 1 48 366 234 121 104 77 51 23 178 425 154 94 71 70 30 2 
143 261 209 145 146 81 32 7 81 236 158 166 146 132 83 22 252 271 178 121 101 67 26 8 
148 403 210 98 69 51 30 15 86 417 208 119 70 55 33 36 216 417 159 88 48 41 24 31 
113 348 216 117 106 71 43 10 83 353 196 127 95 89 60 21 193 363 165 113 73 63 41 13 
100 289 169 157 138 114 47 10 84 263 171 118 145 113 100 30 187 283 143 125 140 96 44 6 
87 391 234 151 72 57 27 5 39 368 254 167 81 70 35 10 202 404 179 112 59 42 24 2 
100 393 212 140 77 55 28 19 58 383 204 152 104 67 29 27 230 403 149 97 63 48 19 15 
126 384 202 124 79 61 39 9 88 357 224 130 91 55 51 28 210 367 173 111 71 55 30 7 
154 445 182 113 59 39 29 3 62 488 209 114 74 39 27 11 313 394 131 85 47 35 15 4 
34 223 202 140 117 153 125 30 20 265 167 154 242 142 27 7 167 292 152 154 212 41 5 1 
47 315 122 70 73 198 179 20 101 379 67 79 262 116 20 0 178 332 82 253 142 34 3 0 
20 186 141 57 71 242 281 26 70 283 72 104 410 85 0 0 110 266 87 378 181 2 0 0 
1 113 75 52 95 386 289 13 54 141 47 147 533 100 2 0 69 144 78 468 255 10 0 0 
6 98 121 80 125 323 263 8 80 131 93 161 438 117 4 0 96 137 105 376 289 19 2 0 
6 117 86 72 189 345 202 7 82 127 79 191 464 65 13 3 102 130 105 475 184 18 10 0 
5 62 74 59 101 335 368 20 75 61 66 103 395 309 14 1 95 73 73 355 390 36 1 1 
8 79 79 81 149 376 238 14 82 72 94 157 431 184 4 0 108 85 93 418 307 13 0 0 
13 102 71 77 175 406 177 3 106 79 71 271 433 63 1 0 134 66 122 433 256 13 0 0 
6 134 84 85 206 394 111 4 119 107 90 265 390 51 2 0 136 113 138 462 168 7 0 0 
8 91 54 64 203 470 131 3 91 62 64 197 541 69 0 0 97 76 93 474 261 23 0 0 
7 97 77 83 185 416 141 18 108 74 75 210 449 75 23 10 126 85 83 437 227 31 24 11 
11 120 76 89 155 311 234 28 139 83 84 130 390 171 26 1 153 90 97 295 298 82 9 0 
0 99 60 62 86 347 337 33 105 65 66 106 435 228 19 0 123 64 66 284 380 102 5 0 
13 118 69 67 156 307 282 12 120 84 75 192 368 173 12 0 134 86 106 332 319 47 0 0 
10 143 84 62 284 305 126 10 146 93 66 331 303 81 4 0 170 87 127 448 165 25 2 0 
2 50 39 46 289 425 170 3 53 43 47 406 442 30 3 0 64 45 122 615 165 13 0 0 
9 195 121 83 91 269 246 10 146 179 90 112 406 91 0 0 153 192 101 292 274 12 0 0 
4 73 110 109 110 170 232 216 38 154 85 103 159 308 157 20 58 159 94 126 219 303 58 7 
19 557 172 83 41 71 57 24 39 616 181 58 67 38 20 5 73 577 203 71 59 29 10 2 
367 500 66 19 15 11 14 32 269 514 156 30 15 23 11 6 501 301 114 60 22 12 11 3 
109 910 5 0 0 0 0 0 31 966 27 0 0 0 0 0 106 908 10 0 0 0 0 0 
594 425 5 0 0 0 0 0 310 699 13 2 0 0 0 0 418 601 5 0 0 0 0 0 
791 206 19 3 3 1 1 0 491 515 12 2 2 0 2 0 729 286 4 3 0 2 0 0 
800 122 26 7 10 4 17 38 767 169 17 10 11 15 17 18 851 92 14 7 14 23 16 7 
952 72 0 0 0 0 0 0 913 111 0 0 0 0 0 0 1001 23 0 0 0 0 0 0 
607 417 0 0 0 0 0 0 180 844 0 0 0 0 0 0 950 74 0 0 0 0 0 0 
334 689 1 0 0 0 0 0 131 883 10 0 0 0 0 0 765 252 5 2 0 0 0 0 
301 652 63 8 0 0 0 0 73 834 74 41 2 0 0 0 626 301 50 34 12 1 0 0 
487 532 3 2 0 0 0 0 259 733 28 4 0 0 0 0 733 269 20 2 0 0 0 0 
128 454 198 104 74 47 17 2 56 398 241 115 95 60 46 13 168 455 176 95 59 51 18 2 
222 439 190 76 40 33 16 8 52 524 233 83 51 33 35 13 264 482 131 55 33 31 19 9 
97 393 250 139 59 58 20 8 24 322 285 167 105 49 50 22 158 453 211 77 50 48 21 6 
251 454 140 57 35 44 37 6 134 516 152 65 55 39 35 28 386 385 99 43 37 36 34 4 
184 436 153 91 64 61 31 4 58 501 175 86 64 70 43 27 253 422 111 81 63 63 27 4 
144 397 199 119 68 64 28 5 79 379 217 128 93 67 41 20 232 370 166 105 62 61 26 2 
196 459 148 68 61 59 30 3 75 513 162 86 68 62 45 13 272 420 122 67 66 51 25 1 
65 392 251 148 85 59 22 2 23 390 252 160 89 76 28 6 246 408 163 104 68 25 10 0 
120 369 232 143 73 47 32 8 68 351 227 153 99 63 32 31 327 377 136 80 50 35 18 1 
265 556 101 44 25 18 13 2 152 596 157 52 24 22 12 9 400 460 86 32 21 18 7 0 
43 335 256 162 117 73 34 4 14 285 236 177 123 102 68 19 215 367 172 123 73 53 17 4 
21 772 52 51 57 53 17 1 30 756 42 30 46 59 49 12 291 536 49 60 44 33 10 1 
42 951 31 0 0 0 0 0 78 935 11 0 0 0 0 0 425 599 0 0 0 0 0 0 
31 860 82 15 11 8 16 1 77 870 50 7 18 2 0 0 326 645 28 20 5 0 0 0 
49 540 74 25 69 115 135 17 120 555 23 84 175 61 6 0 344 338 25 192 106 18 1 0 
66 359 147 59 76 141 148 28 164 395 73 73 146 137 29 7 299 287 68 118 181 48 17 6 
11 176 137 60 71 403 137 29 48 231 114 96 425 85 25 0 73 237 108 351 209 43 3 0 
4 104 99 68 91 447 202 9 70 132 83 136 538 62 3 0 94 126 108 547 134 15 0 0 
3 128 97 42 108 499 141 6 85 136 56 160 524 61 2 0 97 144 73 547 154 9 0 0 
15 204 76 71 117 379 156 6 123 171 65 160 437 60 8 0 131 173 96 355 245 19 5 0 
12 177 77 62 85 362 230 19 144 127 68 116 430 127 12 0 168 117 79 279 334 46 1 0 
17 190 92 79 155 279 195 17 154 143 88 183 295 141 20 0 175 143 105 303 246 49 3 0 
23 154 72 86 146 313 212 18 145 109 86 167 394 114 9 0 176 101 104 336 256 47 4 0 
15 184 64 98 229 239 163 32 163 98 95 224 268 91 73 12 181 100 150 302 160 55 70 6 
8 80 78 52 118 477 209 2 101 73 56 191 515 85 3 0 112 78 81 431 305 17 0 0 
7 137 54 47 111 334 326 8 116 78 50 186 412 181 1 0 129 79 78 347 352 39 0 0 
22 142 84 76 116 301 260 23 161 96 86 132 372 143 27 7 176 104 104 287 280 62 8 3 
8 201 164 92 137 186 157 79 76 267 119 162 210 141 47 2 85 277 131 213 194 106 16 2 
223 637 71 17 19 7 15 35 172 741 45 10 9 18 25 4 485 442 33 9 13 28 14 0 
255 631 49 23 20 16 15 15 193 701 62 29 14 11 10 4 344 555 63 29 17 9 6 1 
226 388 87 62 81 56 34 90 245 422 94 67 68 56 39 33 397 310 77 58 78 61 28 15 
669 102 64 39 124 26 0 0 655 116 63 39 125 26 0 0 686 87 62 40 126 23 0 0 
395 335 61 51 106 76 0 0 293 424 63 50 103 91 0 0 359 361 69 51 102 82 0 0 
465 227 84 71 118 52 3 4 341 350 95 52 112 71 3 0 511 199 81 57 105 69 2 0 
432 202 106 69 125 67 11 12 366 281 98 69 118 86 4 2 532 126 106 64 139 54 1 2 
466 296 60 46 99 56 1 0 361 357 96 42 90 75 0 3 508 166 146 41 99 61 3 0 
344 424 109 51 54 42 0 0 178 505 158 79 53 50 1 0 472 236 120 89 72 35 0 0 
350 359 145 48 71 48 1 2 243 343 223 88 66 55 3 3 392 227 163 116 84 35 6 1 
594 409 21 0 0 0 0 0 449 508 64 3 0 0 0 0 657 300 54 13 0 0 0 0 
744 280 0 0 0 0 0 0 664 344 16 0 0 0 0 0 811 199 14 0 0 0 0 0 
132 401 226 101 58 50 40 16 56 403 228 127 67 49 59 35 197 452 139 68 53 45 51 19 
275 341 200 80 46 28 37 17 261 325 203 94 52 34 29 26 332 380 135 58 37 27 28 27 
258 353 180 99 54 39 25 16 217 377 145 122 71 40 29 23 365 349 114 72 51 34 24 15 
29 277 211 156 122 122 84 23 28 312 213 144 125 116 64 22 94 355 186 125 99 100 48 17 
230 401 143 79 82 47 36 6 186 428 136 79 77 56 46 16 347 317 116 82 75 46 33 8 
260 394 134 81 76 38 34 7 176 425 151 91 64 51 43 23 280 396 133 71 59 53 24 8 
300 532 77 38 26 31 16 4 229 558 116 36 24 21 28 12 368 475 76 34 22 37 9 3 
231 529 144 51 27 20 17 5 150 577 160 58 32 19 18 10 373 451 102 37 27 17 12 5 
178 407 176 91 71 63 32 6 109 397 213 102 64 56 46 37 277 384 145 66 59 52 40 1 
221 401 170 110 66 27 20 9 108 460 183 122 65 40 30 16 355 351 155 81 40 27 14 1 
47 290 270 278 85 35 15 4 18 239 239 170 274 49 26 9 117 282 185 124 204 100 9 3 
91 731 73 58 38 17 16 0 86 743 47 34 59 22 19 14 163 703 48 36 31 25 10 8 
19 850 155 0 0 0 0 0 19 885 120 0 0 0 0 0 61 957 6 0 0 0 0 0 
0 920 104 0 0 0 0 0 0 950 74 0 0 0 0 0 42 981 1 0 0 0 0 0 
21 999 4 0 0 0 0 0 36 987 1 0 0 0 0 0 214 810 0 0 0 0 0 0 
26 954 44 0 0 0 0 0 48 960 16 0 0 0 0 0 361 663 0 0 0 0 0 0 
191 830 3 0 0 0 0 0 307 715 2 0 0 0 0 0 684 339 1 0 0 0 0 0 
245 678 58 7 9 16 10 1 323 644 28 8 19 2 0 0 575 397 23 21 8 0 0 0 
298 389 147 27 32 111 19 1 338 430 102 75 77 2 0 0 466 318 94 136 9 1 0 0 
90 346 152 31 30 202 164 9 160 378 87 48 264 80 7 0 199 363 73 221 114 54 0 0 
4 154 189 48 54 287 273 15 35 235 138 76 456 74 8 2 64 231 137 406 154 26 6 0 
2 133 84 46 129 497 124 9 50 169 50 226 443 80 6 0 72 164 92 480 188 23 5 0 
22 134 57 33 117 450 190 21 86 130 31 147 555 71 4 0 90 136 43 529 214 12 0 0 
13 248 71 37 113 354 181 7 112 215 50 124 488 34 1 0 116 221 65 359 255 8 0 0 
9 179 83 43 78 348 272 12 115 158 54 100 535 59 3 0 124 156 75 356 304 9 0 0 
0 110 71 43 146 337 299 18 92 98 47 185 433 166 3 0 102 102 88 405 310 17 0 0 
16 207 120 72 133 308 159 9 135 186 110 183 347 62 1 0 147 154 161 351 197 14 0 0 
2 98 124 197 174 126 174 129 29 148 159 221 125 217 115 10 46 142 154 217 172 229 61 3 
196 707 40 22 11 22 16 10 113 780 55 11 26 18 19 2 466 414 70 13 24 18 18 1 
278 729 17 0 0 0 0 0 152 842 27 3 0 0 0 0 172 803 42 7 0 0 0 0 
732 171 28 16 16 22 10 29 741 204 18 21 6 12 14 8 812 139 24 14 8 19 7 1 
993 31 0 0 0 0 0 0 958 66 0 0 0 0 0 0 1009 15 0 0 0 0 0 0 
551 462 4 2 2 2 0 1 490 526 2 1 4 0 0 1 619 397 2 1 4 0 1 0 
969 39 11 5 0 0 0 0 950 47 15 6 5 1 0 0 997 23 4 0 0 0 0 0 
791 179 10 11 22 7 3 1 538 435 32 7 5 4 1 2 937 64 11 3 4 1 2 2 
172 338 84 82 59 70 76 143 124 393 165 75 56 92 81 38 354 212 161 57 91 70 66 13 
646 295 26 20 24 5 3 5 421 501 41 15 10 11 20 5 731 247 27 10 1 5 1 2 
797 156 42 15 13 1 0 0 661 286 43 14 5 4 9 2 819 147 43 14 1 0 0 0 
793 227 4 0 0 0 0 0 669 348 7 0 0 0 0 0 805 209 10 0 0 0 0 0 
863 161 0 0 0 0 0 0 569 455 0 0 0 0 0 0 738 286 0 0 0 0 0 0 
