0 0 0 788 236 0 0 0 0 0 0 0 523 501 0 0 0 0 0 0 0 322 702 0 
0 0 0 580 444 0 0 0 0 0 0 0 244 780 0 0 0 0 0 0 0 16 1008 0 
0 0 0 431 593 0 0 0 0 0 0 0 102 907 15 0 0 0 0 0 0 0 1024 0 
0 0 0 387 637 0 0 0 0 0 0 0 30 980 14 0 0 0 0 0 0 0 1024 0 
0 0 0 473 551 0 0 0 0 0 0 0 118 906 0 0 0 0 0 0 0 8 1016 0 
0 0 0 532 492 0 0 0 0 0 0 0 372 652 0 0 0 0 0 0 0 573 451 0 
0 0 0 675 349 0 0 0 0 0 0 0 863 161 0 0 0 0 0 0 0 1024 0 0 
0 0 13 982 29 0 0 0 0 0 0 86 938 0 0 0 0 0 0 0 183 841 0 0 
0 0 7 41 771 205 0 0 0 0 0 29 62 841 92 0 0 0 0 4 29 101 890 0 
0 0 22 152 419 431 0 0 0 0 1 145 32 242 604 0 0 0 0 18 153 30 823 0 
0 0 2 166 372 484 0 0 0 0 0 94 91 157 682 0 0 0 0 3 155 75 791 0 
0 0 8 190 484 342 0 0 0 0 2 169 78 285 490 0 0 0 0 63 133 199 629 0 
0 0 15 235 736 38 0 0 0 0 3 215 101 694 11 0 0 0 0 76 178 255 515 0 
0 0 21 288 715 0 0 0 0 0 14 198 263 549 0 0 0 0 0 110 166 482 266 0 
0 0 44 672 308 0 0 0 0 0 27 253 596 148 0 0 0 0 2 167 238 615 2 0 
0 0 106 867 49 2 0 0 0 0 84 448 490 2 0 0 0 0 16 245 523 240 0 0 
0 47 674 282 21 0 0 0 0 28 452 507 36 1 0 0 0 38 339 423 204 20 0 0 
0 26 503 473 22 0 0 0 0 14 299 673 38 0 0 0 0 33 260 423 303 5 0 0 
0 18 259 723 23 1 0 0 0 7 164 786 65 2 0 0 0 14 197 440 366 6 1 0 
0 20 291 663 48 2 0 0 0 3 178 756 85 2 0 0 0 10 159 500 350 4 1 0 
1 13 262 677 48 17 5 1 0 4 130 754 116 15 5 0 0 4 69 535 398 14 4 0 
0 2 281 613 76 38 12 2 0 2 85 751 130 39 14 3 0 0 71 518 396 28 9 2 
0 27 321 465 91 25 39 56 0 20 253 495 126 37 47 46 5 92 276 465 96 57 30 3 
0 51 554 332 43 22 12 10 0 68 470 407 44 19 9 7 5 140 549 282 31 10 7 0 
0 276 572 143 32 1 0 0 2 300 579 138 5 0 0 0 6 417 532 67 2 0 0 0 
2 180 357 202 188 86 8 1 7 220 353 313 108 19 4 0 11 273 420 270 48 2 0 0 
0 67 314 281 152 132 66 12 1 112 319 312 146 92 36 6 5 161 420 262 118 51 6 1 
1 68 342 295 137 98 51 32 2 67 342 328 149 71 39 26 3 126 434 276 106 49 20 10 
0 17 189 467 122 74 85 70 2 12 162 451 192 108 63 34 10 73 394 312 140 69 26 0 
0 13 218 414 141 91 71 76 0 21 202 437 174 94 77 19 10 107 390 320 128 55 14 0 
0 29 171 320 97 101 216 90 1 51 205 302 133 221 69 42 28 157 342 211 203 50 32 1 
0 78 290 223 58 187 157 31 4 90 304 219 191 193 20 3 44 255 306 278 131 7 3 0 
4 275 333 63 192 133 20 4 3 262 362 150 195 40 12 0 23 410 283 229 63 15 1 0 
8 254 397 153 110 76 20 6 4 250 408 198 113 36 14 1 20 375 412 147 53 13 4 0 
5 250 451 271 41 6 0 0 5 254 455 275 33 2 0 0 23 406 470 122 2 1 0 0 
0 42 283 450 142 38 24 45 0 56 286 454 138 30 27 33 4 158 505 259 42 21 22 13 
0 27 223 573 201 0 0 0 0 24 188 546 265 1 0 0 14 168 551 287 4 0 0 0 
1 39 241 400 214 60 25 44 1 55 249 424 207 28 18 42 21 218 420 255 48 17 26 19 
2 47 336 551 87 1 0 0 1 57 307 561 98 0 0 0 24 272 605 121 2 0 0 0 
0 45 370 521 86 2 0 0 0 49 381 519 74 1 0 0 26 305 597 95 1 0 0 0 
6 454 518 46 0 0 0 0 8 445 523 48 0 0 0 0 68 656 299 1 0 0 0 0 
5 328 513 168 10 0 0 0 5 348 502 166 3 0 0 0 42 543 413 26 0 0 0 0 
2 223 469 297 25 6 2 0 1 221 472 306 21 3 0 0 29 387 521 80 6 1 0 0 
0 25 185 339 242 96 67 70 1 41 231 373 211 80 82 5 12 143 432 275 120 40 2 0 
0 47 297 551 122 7 0 0 0 43 288 531 156 6 0 0 19 268 565 164 8 0 0 0 
3 120 299 389 199 14 0 0 2 125 265 384 223 25 0 0 34 324 406 236 24 0 0 0 
2 35 246 526 207 8 0 0 2 55 260 534 168 5 0 0 11 253 553 201 6 0 0 0 
0 23 294 563 133 10 1 0 1 51 386 515 68 3 0 0 20 294 575 129 6 0 0 0 
16 588 395 24 1 0 0 0 23 607 381 13 0 0 0 0 86 739 198 1 0 0 0 0 
5 335 555 89 20 16 4 0 6 374 553 67 13 11 0 0 34 617 336 24 13 0 0 0 
3 47 346 370 112 83 59 4 5 89 426 305 109 78 12 0 19 279 475 162 80 9 0 0 
0 21 255 474 184 62 27 1 0 39 356 459 124 39 7 0 10 217 536 201 48 12 0 0 
0 77 276 451 199 15 6 0 1 92 294 446 177 13 1 0 39 275 475 222 10 3 0 0 
0 72 309 443 194 6 0 0 0 77 310 431 196 10 0 0 44 314 477 176 13 0 0 0 
0 47 294 585 97 1 0 0 1 75 345 538 64 1 0 0 38 314 591 80 1 0 0 0 
2 78 397 497 50 0 0 0 7 115 474 407 21 0 0 0 45 368 565 46 0 0 0 0 
17 579 385 37 6 0 0 0 35 601 367 21 0 0 0 0 94 776 148 6 0 0 0 0 
4 305 649 59 6 1 0 0 5 340 631 43 5 0 0 0 31 642 334 16 1 0 0 0 
0 109 405 317 119 52 19 3 2 173 461 263 88 34 3 0 23 391 419 146 40 5 0 0 
0 64 451 374 62 29 41 3 0 79 478 367 50 46 4 0 12 299 577 107 29 0 0 0 
0 74 329 487 131 3 0 0 1 88 332 467 134 2 0 0 25 254 511 228 6 0 0 0 
3 135 407 348 124 7 0 0 5 176 401 337 102 3 0 0 36 360 427 193 7 1 0 0 
1 109 475 370 64 5 0 0 4 151 507 313 49 0 0 0 54 426 458 82 4 0 0 0 
11 281 342 312 73 5 0 0 28 304 329 278 82 3 0 0 72 434 375 136 7 0 0 0 
