0 0 0 0 0 0 640 384 0 0 0 0 0 0 512 512 0 0 0 0 0 0 0 1024 
0 0 0 0 0 0 216 808 0 0 0 0 0 0 24 1000 0 0 0 0 0 0 24 1000 
0 0 0 0 0 0 0 1024 0 0 0 0 0 0 0 1024 0 0 0 0 0 0 0 1024 
0 0 0 0 0 0 0 1024 0 0 0 0 0 0 0 1024 0 0 0 0 0 0 0 1024 
0 0 0 0 0 0 0 1024 0 0 0 0 0 0 0 1024 0 0 0 0 0 0 0 1024 
0 0 0 0 0 0 0 1024 0 0 0 0 0 0 0 1024 0 0 0 0 0 0 0 1024 
0 0 0 0 0 0 0 1024 0 0 0 0 0 0 0 1024 0 0 0 0 0 0 0 1024 
0 0 0 0 0 0 0 1024 0 0 0 0 0 0 0 1024 0 0 0 0 0 0 0 1024 
0 0 0 0 0 0 0 1024 0 0 0 0 0 0 0 1024 0 0 0 0 0 0 0 1024 
0 0 0 0 0 0 0 1024 0 0 0 0 0 0 0 1024 0 0 0 0 0 0 0 1024 
0 0 0 0 0 0 0 1024 0 0 0 0 0 0 0 1024 0 0 0 0 0 0 0 1024 
0 0 0 0 0 0 0 1024 0 0 0 0 0 0 0 1024 0 0 0 0 0 0 0 1024 
0 0 0 0 0 0 128 896 0 0 0 0 0 0 128 896 0 0 0 0 0 0 0 1024 
0 0 0 0 0 0 128 896 0 0 0 0 0 0 128 896 0 0 0 0 0 0 0 1024 
0 0 0 0 0 0 0 1024 0 0 0 0 0 0 0 1024 0 0 0 0 0 0 0 1024 
0 0 0 0 0 0 0 1024 0 0 0 0 0 0 0 1024 0 0 0 0 0 0 0 1024 
0 0 0 0 0 0 0 1024 0 0 0 0 0 0 0 1024 0 0 0 0 0 0 0 1024 
0 0 0 0 0 0 256 768 0 0 0 0 0 0 0 1024 0 0 0 0 0 0 0 1024 
0 0 0 0 0 0 0 1024 0 0 0 0 0 0 0 1024 0 0 0 0 0 0 0 1024 
0 0 0 0 0 0 64 960 0 0 0 0 0 0 64 960 0 0 0 0 0 0 0 1024 
0 0 0 0 0 0 0 1024 0 0 0 0 0 0 0 1024 0 0 0 0 0 0 0 1024 
0 0 0 0 0 0 256 768 0 0 0 0 0 0 0 1024 0 0 0 0 0 0 0 1024 
0 0 0 0 0 0 0 1024 0 0 0 0 0 0 0 1024 0 0 0 0 0 0 0 1024 
0 0 0 0 0 0 216 808 0 0 0 0 0 0 216 808 0 0 0 0 0 0 24 1000 
0 0 0 0 0 0 64 960 0 0 0 0 0 0 64 960 0 0 0 0 0 0 0 1024 
0 0 0 0 0 0 472 552 0 0 0 0 0 0 344 680 0 0 0 0 0 0 24 1000 
0 0 0 0 0 0 640 384 0 0 0 0 0 0 640 384 0 0 0 0 0 0 0 1024 
0 0 0 0 0 0 256 768 0 0 0 0 0 0 256 768 0 0 0 0 0 0 0 1024 
0 0 0 0 0 0 192 832 0 0 0 0 0 0 192 832 0 0 0 0 0 0 0 1024 
0 0 0 0 0 0 192 832 0 0 0 0 0 0 64 960 0 0 0 0 0 0 0 1024 
0 0 0 0 0 0 408 616 0 0 0 0 0 0 408 616 0 0 0 0 0 0 152 872 
0 0 0 0 0 0 664 360 0 0 0 0 0 0 664 360 0 0 0 0 0 0 88 936 
0 0 0 0 0 0 1024 0 0 0 0 0 0 0 1024 0 0 0 0 0 0 0 0 1024 
0 0 0 0 0 0 1024 0 0 0 0 0 0 0 1024 0 0 0 0 0 0 0 0 1024 
0 0 0 0 0 0 1024 0 0 0 0 0 0 0 1024 0 0 0 0 0 0 0 0 1024 
0 0 0 0 0 0 768 256 0 0 0 0 0 0 768 256 0 0 0 0 0 0 128 896 
0 0 0 0 0 0 816 208 0 0 0 0 0 0 824 200 0 0 0 0 0 0 24 1000 
0 0 0 0 0 0 1024 0 0 0 0 0 0 0 1024 0 0 0 0 0 0 0 0 1024 
0 0 0 0 0 0 1024 0 0 0 0 0 0 0 1024 0 0 0 0 0 0 0 0 1024 
0 0 0 0 0 0 1024 0 0 0 0 0 0 0 1024 0 0 0 0 0 0 0 0 1024 
0 0 0 0 0 0 992 0 0 0 0 0 0 0 992 0 0 0 0 0 0 0 0 992 
0 0 0 0 0 0 1024 0 0 0 0 0 0 0 1024 0 0 0 0 0 0 0 0 1024 
0 0 0 0 0 0 1024 0 0 0 0 0 0 0 960 64 0 0 0 0 0 0 0 1024 
0 0 0 0 0 0 768 256 0 0 0 0 0 0 448 576 0 0 0 0 0 0 0 1024 
0 0 0 0 0 0 0 1024 0 0 0 0 0 0 0 1024 0 0 0 0 0 0 0 1024 
0 0 0 0 0 0 184 840 0 0 0 0 0 0 16 1008 0 0 0 0 0 0 0 1024 
0 0 0 0 0 0 0 1024 0 0 0 0 0 0 0 1024 0 0 0 0 0 0 0 1024 
0 0 0 0 0 0 0 1024 0 0 0 0 0 0 0 1024 0 0 0 0 0 0 0 1024 
0 0 0 0 0 0 0 1024 0 0 0 0 0 0 0 1024 0 0 0 0 0 0 0 1024 
0 0 0 0 0 0 0 1024 0 0 0 0 0 0 0 1024 0 0 0 0 0 0 0 1024 
0 0 0 0 0 0 128 896 0 0 0 0 0 0 0 1024 0 0 0 0 0 0 0 1024 
0 0 0 0 0 0 640 384 0 0 0 0 0 0 0 1024 0 0 0 0 0 0 0 1024 
0 0 0 0 0 0 1024 0 0 0 0 0 0 0 256 768 0 0 0 0 0 0 0 1024 
0 0 0 0 0 0 768 256 0 0 0 0 0 0 576 448 0 0 0 0 0 0 0 1024 
0 0 0 0 0 0 1024 0 0 0 0 0 0 0 1024 0 0 0 0 0 0 0 0 1024 
0 0 0 0 0 0 512 512 0 0 0 0 0 0 448 576 0 0 0 0 0 0 0 1024 
0 0 0 0 0 0 152 872 0 0 0 0 0 0 24 1000 0 0 0 0 0 0 24 1000 
0 0 0 0 0 0 216 808 0 0 0 0 0 0 224 800 0 0 0 0 0 0 0 1024 
0 0 0 0 0 0 448 576 0 0 0 0 0 0 384 640 0 0 0 0 0 0 0 1024 
0 0 0 0 0 0 960 64 0 0 0 0 0 0 832 192 0 0 0 0 0 0 0 1024 
0 0 0 0 0 0 1024 0 0 0 0 0 0 0 1024 0 0 0 0 0 0 0 0 1024 
0 0 0 0 0 0 1024 0 0 0 0 0 0 0 1024 0 0 0 0 0 0 0 0 1024 
0 0 0 0 0 0 1024 0 0 0 0 0 0 0 1024 0 0 0 0 0 0 0 0 1024 
0 0 0 0 0 0 1024 0 0 0 0 0 0 0 1024 0 0 0 0 0 0 0 0 1024 
0 0 0 0 0 0 1024 0 0 0 0 0 0 0 1024 0 0 0 0 0 0 0 0 1024 
0 0 0 0 0 0 1024 0 0 0 0 0 0 0 1024 0 0 0 0 0 0 0 0 1024 
0 0 0 0 0 0 1024 0 0 0 0 0 0 0 1024 0 0 0 0 0 0 0 0 1024 
0 0 0 0 0 0 1024 0 0 0 0 0 0 0 1024 0 0 0 0 0 0 0 0 1024 
0 0 0 0 0 0 1024 0 0 0 0 0 0 0 1024 0 0 0 0 0 0 0 0 1024 
0 0 0 0 0 0 1024 0 0 0 0 0 0 0 1024 0 0 0 0 0 0 0 0 1024 
0 0 0 0 0 0 1024 0 0 0 0 0 0 0 1024 0 0 0 0 0 0 0 0 1024 
0 0 0 0 0 0 1024 0 0 0 0 0 0 0 1024 0 0 0 0 0 0 0 0 1024 
0 0 0 0 0 0 1024 0 0 0 0 0 0 0 1024 0 0 0 0 0 0 0 0 1024 
0 0 0 0 0 0 1024 0 0 0 0 0 0 0 1024 0 0 0 0 0 0 0 0 1024 
0 0 0 0 0 0 1024 0 0 0 0 0 0 0 1024 0 0 0 0 0 0 0 0 1024 
0 0 0 0 0 0 1024 0 0 0 0 0 0 0 1024 0 0 0 0 0 0 0 64 960 
0 0 0 0 0 0 1024 0 0 0 0 0 0 0 1024 0 0 0 0 0 0 0 320 704 
0 0 0 0 0 0 1024 0 0 0 0 0 0 0 1024 0 0 0 0 0 0 0 512 512 
0 0 0 0 0 0 1024 0 0 0 0 0 0 0 1024 0 0 0 0 0 0 0 512 512 
0 0 0 0 0 0 1024 0 0 0 0 0 0 0 1024 0 0 0 0 0 0 0 512 512 
0 0 0 0 0 0 1024 0 0 0 0 0 0 0 1024 0 0 0 0 0 0 0 512 512 
0 0 0 0 0 0 992 0 0 0 0 0 0 0 992 0 0 0 0 0 0 0 496 496 
0 0 0 0 0 0 1024 0 0 0 0 0 0 0 1024 0 0 0 0 0 0 0 0 1024 
0 0 0 0 0 0 1024 0 0 0 0 0 0 0 1024 0 0 0 0 0 0 0 0 1024 
0 0 0 0 0 0 1024 0 0 0 0 0 0 0 1024 0 0 0 0 0 0 0 0 1024 
0 0 0 0 0 0 24 1000 0 0 0 0 0 0 32 992 0 0 0 0 0 0 0 1024 
0 0 0 0 0 0 0 1024 0 0 0 0 0 0 0 1024 0 0 0 0 0 0 0 1024 
0 0 0 0 0 0 0 1024 0 0 0 0 0 0 0 1024 0 0 0 0 0 0 0 1024 
0 0 0 0 0 0 0 1024 0 0 0 0 0 0 0 1024 0 0 0 0 0 0 0 1024 
0 0 0 0 0 0 256 768 0 0 0 0 0 0 0 1024 0 0 0 0 0 0 0 1024 
0 0 0 0 0 0 832 192 0 0 0 0 0 0 320 704 0 0 0 0 0 0 0 1024 
0 0 0 0 0 0 824 200 0 0 0 0 0 0 528 496 0 0 0 0 0 0 0 1024 
0 0 0 0 0 0 496 528 0 0 0 0 0 0 416 608 0 0 0 0 0 0 0 1024 
0 0 0 0 0 0 896 128 0 0 0 0 0 0 704 320 0 0 0 0 0 0 0 1024 
0 0 0 0 0 0 1024 0 0 0 0 0 0 0 1024 0 0 0 0 0 0 0 0 1024 
0 0 0 0 0 0 1024 0 0 0 0 0 0 0 1024 0 0 0 0 0 0 0 0 1024 
0 0 0 0 0 0 1024 0 0 0 0 0 0 0 1024 0 0 0 0 0 0 0 0 1024 
0 0 0 0 0 0 1024 0 0 0 0 0 0 0 1024 0 0 0 0 0 0 0 0 1024 
0 0 0 0 0 0 1024 0 0 0 0 0 0 0 1024 0 0 0 0 0 0 0 0 1024 
0 0 0 0 0 0 1024 0 0 0 0 0 0 0 1024 0 0 0 0 0 0 0 0 1024 
0 0 0 0 0 0 1024 0 0 0 0 0 0 0 1024 0 0 0 0 0 0 0 0 1024 
0 0 0 0 0 0 864 160 0 0 0 0 0 0 880 144 0 0 0 0 0 0 24 1000 
0 0 0 0 0 0 608 416 0 0 0 0 0 0 632 392 0 0 0 0 0 0 24 1000 
0 0 0 0 0 0 984 40 0 0 0 0 0 0 784 240 0 0 0 0 0 0 0 1024 
0 0 0 0 0 0 720 304 0 0 0 0 0 0 744 280 0 0 0 0 0 0 0 1024 
0 0 0 0 0 0 888 136 0 0 0 0 0 0 912 112 0 0 0 0 0 0 0 1024 
0 0 0 0 0 0 1008 16 0 0 0 0 0 0 1016 8 0 0 0 0 0 0 0 1024 
0 0 0 0 0 0 992 32 0 0 0 0 0 0 1008 16 0 0 0 0 0 0 0 1024 
0 0 0 0 0 0 1024 0 0 0 0 0 0 0 1024 0 0 0 0 0 0 0 0 1024 
0 0 0 0 0 0 1024 0 0 0 0 0 0 0 1024 0 0 0 0 0 0 0 448 576 
0 0 0 0 0 0 1024 0 0 0 0 0 0 0 1024 0 0 0 0 0 0 0 512 512 
0 0 0 0 0 0 1024 0 0 0 0 0 0 0 1024 0 0 0 0 0 0 0 512 512 
0 0 0 0 0 0 1024 0 0 0 0 0 0 0 1024 0 0 0 0 0 0 0 704 320 
0 0 0 0 0 0 1024 0 0 0 0 0 0 0 1024 0 0 0 0 0 0 0 768 256 
0 0 0 0 0 0 1024 0 0 0 0 0 0 0 1024 0 0 0 0 0 0 0 832 192 
0 0 0 0 0 0 1024 0 0 0 0 0 0 0 1024 0 0 0 0 0 0 0 960 64 
0 0 0 0 0 0 1024 0 0 0 0 0 0 0 1024 0 0 0 0 0 0 0 1024 0 
0 0 0 0 0 64 960 0 0 0 0 0 0 0 1024 0 0 0 0 0 0 0 960 64 
0 0 0 0 0 304 720 0 0 0 0 0 0 80 944 0 0 0 0 0 0 0 1008 16 
0 0 0 0 0 416 608 0 0 0 0 0 0 240 784 0 0 0 0 0 0 0 928 96 
0 0 0 0 0 416 608 0 0 0 0 0 0 248 776 0 0 0 0 0 0 0 944 80 
0 0 0 0 0 464 560 0 0 0 0 0 0 256 768 0 0 0 0 0 0 0 976 48 
0 0 0 0 0 450 542 0 0 0 0 0 0 243 749 0 0 0 0 0 0 0 946 46 
0 0 0 0 0 0 920 104 0 0 0 0 0 0 864 160 0 0 0 0 0 0 0 1024 
0 0 0 0 0 0 560 464 0 0 0 0 0 0 448 576 0 0 0 0 0 0 0 1024 
0 0 0 0 0 0 608 416 0 0 0 0 0 0 128 896 0 0 0 0 0 0 0 1024 
0 0 0 0 0 0 70 954 0 0 0 0 0 0 6 1018 0 0 0 0 0 0 6 1018 
0 0 0 0 0 0 88 936 0 0 0 0 0 0 0 1024 0 0 0 0 0 0 24 1000 
0 0 0 0 0 0 133 891 0 0 0 0 0 0 5 1019 0 0 0 0 0 0 5 1019 
0 0 0 0 0 0 43 981 0 0 0 0 0 0 0 1024 0 0 0 0 0 0 0 1024 
0 0 0 0 0 0 240 784 0 0 0 0 0 0 32 992 0 0 0 0 0 0 0 1024 
0 0 0 0 0 0 536 488 0 0 0 0 0 0 440 584 0 0 0 0 0 0 0 1024 
0 0 0 0 0 0 1016 8 0 0 0 0 0 0 824 200 0 0 0 0 0 0 0 1024 
0 0 0 0 0 0 1024 0 0 0 0 0 0 0 1024 0 0 0 0 0 0 0 0 1024 
0 0 0 0 0 0 1024 0 0 0 0 0 0 0 1024 0 0 0 0 0 0 0 0 1024 
0 0 0 0 0 0 1024 0 0 0 0 0 0 0 1024 0 0 0 0 0 0 0 0 1024 
0 0 0 0 0 0 1024 0 0 0 0 0 0 0 1024 0 0 0 0 0 0 0 0 1024 
0 0 0 0 0 0 1024 0 0 0 0 0 0 0 1024 0 0 0 0 0 0 0 128 896 
0 0 0 0 0 0 1024 0 0 0 0 0 0 0 1024 0 0 0 0 0 0 0 0 1024 
0 0 0 0 0 0 1024 0 0 0 0 0 0 0 1024 0 0 0 0 0 0 0 24 1000 
0 0 0 0 0 0 1024 0 0 0 0 0 0 0 1024 0 0 0 0 0 0 0 0 1024 
0 0 0 0 0 0 1024 0 0 0 0 0 0 0 1024 0 0 0 0 0 0 0 0 1024 
0 0 0 0 0 0 512 512 0 0 0 0 0 0 512 512 0 0 0 0 0 0 64 960 
0 0 0 0 0 0 0 1024 0 0 0 0 0 0 0 1024 0 0 0 0 0 0 0 1024 
0 0 0 0 0 0 488 536 0 0 0 0 0 0 272 752 0 0 0 0 0 0 0 1024 
0 0 0 0 0 0 1016 8 0 0 0 0 0 0 592 432 0 0 0 0 0 0 0 1024 
0 0 0 0 0 0 96 928 0 0 0 0 0 0 120 904 0 0 0 0 0 0 0 1024 
0 0 0 0 0 0 168 856 0 0 0 0 0 0 200 824 0 0 0 0 0 0 0 1024 
0 0 0 0 0 0 310 714 0 0 0 0 0 0 243 781 0 0 0 0 0 0 32 992 
0 0 0 0 0 0 752 272 0 0 0 0 0 0 760 264 0 0 0 0 0 0 64 960 
0 0 0 0 0 0 784 240 0 0 0 0 0 0 816 208 0 0 0 0 0 0 320 704 
0 0 0 0 0 0 662 362 0 0 0 0 0 0 694 330 0 0 0 0 0 0 398 626 
0 0 0 0 0 0 544 480 0 0 0 0 0 0 552 472 0 0 0 0 0 0 376 648 
0 0 0 0 0 0 504 520 0 0 0 0 0 0 504 520 0 0 0 0 0 0 176 848 
0 0 0 0 0 0 672 352 0 0 0 0 0 0 696 328 0 0 0 0 0 0 352 672 
0 0 0 0 0 0 832 192 0 0 0 0 0 0 832 192 0 0 0 0 0 0 352 672 
0 0 0 0 0 0 864 160 0 0 0 0 0 0 880 144 0 0 0 0 0 0 472 552 
0 0 0 0 0 0 1008 16 0 0 0 0 0 0 1016 8 0 0 0 0 0 0 536 488 
0 0 0 0 0 72 952 0 0 0 0 0 0 16 1008 0 0 0 0 0 0 0 400 624 
0 47 17 15 17 408 520 0 0 34 27 17 7 194 742 3 0 0 21 53 7 28 730 185 
0 37 27 24 88 776 72 0 0 27 35 23 24 719 196 0 0 0 34 28 13 24 881 44 
0 62 34 30 322 576 0 0 0 51 41 23 61 848 0 0 0 0 39 50 24 39 864 8 
0 8 22 13 307 592 82 0 0 14 16 12 22 837 123 0 0 0 19 13 14 36 892 50 
0 5 15 11 283 586 92 0 0 8 12 10 20 807 135 0 0 0 12 10 12 34 865 59 
0 0 0 0 0 0 388 636 0 0 0 0 0 0 404 620 0 0 0 0 0 0 0 1024 
0 0 0 0 0 0 536 488 0 0 0 0 0 0 544 480 0 0 0 0 0 0 0 1024 
0 0 0 0 0 0 704 320 0 0 0 0 0 0 448 576 0 0 0 0 0 0 0 1024 
0 0 0 0 0 0 256 768 0 0 0 0 0 0 256 768 0 0 0 0 0 0 0 1024 
0 0 0 0 0 0 208 816 0 0 0 0 0 0 176 848 0 0 0 0 0 0 48 976 
0 0 0 0 0 0 0 1024 0 0 0 0 0 0 0 1024 0 0 0 0 0 0 0 1024 
0 0 0 0 0 0 0 1024 0 0 0 0 0 0 0 1024 0 0 0 0 0 0 0 1024 
0 0 0 0 0 0 44 980 0 0 0 0 0 0 44 980 0 0 0 0 0 0 44 980 
0 0 0 0 0 0 72 952 0 0 0 0 0 0 80 944 0 0 0 0 0 0 48 976 
0 0 0 0 0 0 240 784 0 0 0 0 0 0 32 992 0 0 0 0 0 0 0 1024 
0 0 0 0 0 0 240 784 0 0 0 0 0 0 176 848 0 0 0 0 0 0 72 952 
0 0 0 0 0 0 344 680 0 0 0 0 0 0 384 640 0 0 0 0 0 0 48 976 
0 0 0 0 0 0 608 416 0 0 0 0 0 0 624 400 0 0 0 0 0 0 88 936 
0 0 0 0 0 0 704 320 0 0 0 0 0 0 712 312 0 0 0 0 0 0 144 880 
0 0 0 0 0 0 680 344 0 0 0 0 0 0 696 328 0 0 0 0 0 0 96 928 
0 0 0 0 0 0 608 416 0 0 0 0 0 0 608 416 0 0 0 0 0 0 96 928 
0 0 0 0 0 0 464 560 0 0 0 0 0 0 472 552 0 0 0 0 0 0 224 800 
0 0 0 0 0 0 336 688 0 0 0 0 0 0 336 688 0 0 0 0 0 0 208 816 
0 0 0 0 0 0 296 728 0 0 0 0 0 0 328 696 0 0 0 0 0 0 24 1000 
0 0 0 0 0 0 121 903 0 0 0 0 0 0 30 994 0 0 0 0 0 0 36 988 
0 0 0 0 0 0 220 804 0 0 0 0 0 0 124 900 0 0 0 0 0 0 16 1008 
0 0 0 0 0 0 575 449 0 0 0 0 0 0 497 527 0 0 0 0 0 0 42 982 
0 0 0 0 0 0 245 779 0 0 0 0 0 0 169 855 0 0 0 0 0 0 10 1014 
0 0 0 0 0 0 150 874 0 0 0 0 0 0 54 970 0 0 0 0 0 0 6 1018 
0 0 0 0 0 0 0 1024 0 0 0 0 0 0 0 1024 0 0 0 0 0 0 0 1024 
0 0 0 0 0 0 0 1024 0 0 0 0 0 0 0 1024 0 0 0 0 0 0 0 1024 
0 0 0 0 0 0 24 1000 0 0 0 0 0 0 32 992 0 0 0 0 0 0 0 1024 
0 0 0 0 0 0 64 960 0 0 0 0 0 0 64 960 0 0 0 0 0 0 0 1024 
0 0 0 0 0 0 286 738 0 0 0 0 0 0 294 730 0 0 0 0 0 0 70 954 
0 0 0 0 0 0 128 896 0 0 0 0 0 0 128 896 0 0 0 0 0 0 0 1024 
0 0 0 0 0 0 0 1024 0 0 0 0 0 0 0 1024 0 0 0 0 0 0 0 1024 
0 0 0 0 0 0 0 1024 0 0 0 0 0 0 0 1024 0 0 0 0 0 0 0 1024 
0 0 6 5 5 4 54 950 0 0 6 6 4 4 56 948 0 0 1 8 5 6 29 975 
0 194 125 31 21 22 552 79 0 124 191 32 25 22 552 78 0 1 127 199 28 23 128 518 
0 514 209 23 22 28 211 17 0 138 579 25 17 25 212 28 0 0 514 214 23 22 45 206 
0 823 102 20 21 8 49 1 0 762 165 16 23 11 46 1 0 0 753 176 19 18 42 16 
24 982 18 0 0 0 0 0 0 1001 23 0 0 0 0 0 0 0 961 55 8 0 0 0 
0 1024 0 0 0 0 0 0 64 960 0 0 0 0 0 0 0 0 1024 0 0 0 0 0 
3 968 43 10 0 0 0 0 155 829 32 8 0 0 0 0 0 73 916 32 3 0 0 0 
0 406 427 25 16 18 129 3 55 669 116 23 11 25 125 0 0 405 379 59 21 16 88 56 
0 358 435 26 16 19 135 3 44 648 108 24 12 25 131 0 0 400 355 48 22 17 91 59 
0 32 273 140 16 22 461 80 0 0 266 163 30 22 465 78 0 0 0 54 379 42 43 506 
0 0 171 97 19 23 600 114 0 0 32 232 20 24 600 116 0 0 0 30 242 19 142 591 
0 0 120 53 28 29 794 0 0 0 79 89 24 22 805 5 0 0 0 30 148 27 234 585 
0 0 191 37 8 20 768 0 0 0 45 161 24 18 776 0 0 0 0 27 184 25 146 642 
0 0 15 68 17 25 899 0 0 0 10 67 21 18 889 19 0 0 0 0 73 29 82 840 
0 0 0 0 0 0 944 80 0 0 0 0 0 0 960 64 0 0 0 0 0 0 0 1024 
0 0 0 0 0 0 864 160 0 0 0 0 0 0 864 160 0 0 0 0 0 0 96 928 
0 0 0 0 0 0 920 104 0 0 0 0 0 0 928 96 0 0 0 0 0 0 0 1024 
0 0 0 0 0 0 1008 16 0 0 0 0 0 0 1016 8 0 0 0 0 0 0 128 896 
0 0 0 0 0 0 600 424 0 0 0 0 0 0 608 416 0 0 0 0 0 0 0 1024 
0 0 0 0 0 0 788 236 0 0 0 0 0 0 796 228 0 0 0 0 0 0 0 1024 
0 0 0 0 0 0 856 168 0 0 0 0 0 0 888 136 0 0 0 0 0 0 24 1000 
0 0 0 0 0 0 96 928 0 0 0 0 0 0 112 912 0 0 0 0 0 0 24 1000 
0 0 0 0 0 0 24 1000 0 0 0 0 0 0 24 1000 0 0 0 0 0 0 24 1000 
0 0 0 0 0 0 0 1024 0 0 0 0 0 0 0 1024 0 0 0 0 0 0 0 1024 
0 0 0 0 0 0 6 1018 0 0 0 0 0 0 6 1018 0 0 0 0 0 0 6 1018 
0 0 0 0 0 0 0 1024 0 0 0 0 0 0 0 1024 0 0 0 0 0 0 0 1024 
0 0 0 0 0 0 0 1024 0 0 0 0 0 0 0 1024 0 0 0 0 0 0 0 1024 
0 0 0 0 0 0 0 1024 0 0 0 0 0 0 0 1024 0 0 0 0 0 0 0 1024 
0 0 0 0 0 0 16 1008 0 0 0 0 0 0 16 1008 0 0 0 0 0 0 16 1008 
0 0 0 0 0 0 0 1024 0 0 0 0 0 0 0 1024 0 0 0 0 0 0 0 1024 
0 0 0 0 0 0 0 1024 0 0 0 0 0 0 0 1024 0 0 0 0 0 0 0 1024 
0 0 0 0 0 0 0 1024 0 0 0 0 0 0 0 1024 0 0 0 0 0 0 0 1024 
0 0 0 0 0 0 0 1024 0 0 0 0 0 0 0 1024 0 0 0 0 0 0 0 1024 
0 0 0 0 0 0 0 1024 0 0 0 0 0 0 0 1024 0 0 0 0 0 0 0 1024 
0 0 0 0 0 0 0 1024 0 0 0 0 0 0 0 1024 0 0 0 0 0 0 0 1024 
0 0 0 0 0 0 0 1024 0 0 0 0 0 0 0 1024 0 0 0 0 0 0 0 1024 
0 0 0 0 0 0 388 636 0 0 0 0 0 0 396 628 0 0 0 0 0 0 48 976 
0 0 0 0 0 0 768 256 0 0 0 0 0 0 768 256 0 0 0 0 0 0 128 896 
0 0 0 0 0 0 896 128 0 0 0 0 0 0 896 128 0 0 0 0 0 0 128 896 
0 15 47 11 13 19 678 241 0 0 51 19 14 14 690 236 0 0 17 49 10 16 43 889 
1 256 84 23 16 23 396 225 0 123 210 25 18 23 391 234 0 0 174 170 27 12 285 356 
38 554 224 27 19 17 54 91 0 291 516 32 21 16 56 92 0 0 318 510 21 21 38 116 
123 880 21 0 0 0 0 0 0 786 237 1 0 0 0 0 0 3 737 284 0 0 0 0 
99 741 138 46 0 0 0 0 0 524 427 73 0 0 0 0 0 9 816 198 1 0 0 0 
6 1002 16 0 0 0 0 0 1 921 102 0 0 0 0 0 0 0 1013 11 0 0 0 0 
311 713 0 0 0 0 0 0 91 933 0 0 0 0 0 0 0 8 1016 0 0 0 0 0 
95 929 0 0 0 0 0 0 394 630 0 0 0 0 0 0 0 56 968 0 0 0 0 0 
22 984 18 0 0 0 0 0 301 723 0 0 0 0 0 0 0 624 400 0 0 0 0 0 
0 547 477 0 0 0 0 0 345 679 0 0 0 0 0 0 3 1015 6 0 0 0 0 0 
0 504 488 0 0 0 0 0 304 688 0 0 0 0 0 0 3 983 6 0 0 0 0 0 
56 968 0 0 0 0 0 0 0 168 856 0 0 0 0 0 0 0 0 754 270 0 0 0 
42 939 43 0 0 0 0 0 0 146 846 32 0 0 0 0 0 0 0 845 179 0 0 0 
0 688 336 0 0 0 0 0 0 8 898 118 0 0 0 0 0 0 0 614 410 0 0 0 
0 471 553 0 0 0 0 0 0 0 894 130 0 0 0 0 0 0 0 507 517 0 0 0 
0 104 871 35 7 5 2 0 0 0 746 257 11 4 4 2 0 0 0 115 888 11 4 6 
0 16 774 46 28 28 123 9 0 0 532 302 27 22 125 16 0 0 0 16 816 34 85 73 
0 1 428 61 26 33 471 4 0 0 240 233 32 33 464 22 0 0 0 44 437 38 177 328 
0 0 10 9 9 11 983 2 0 0 7 10 9 12 982 4 0 0 0 3 16 14 170 821 
0 0 0 0 0 0 776 248 0 0 0 0 0 0 792 232 0 0 0 0 0 0 64 960 
0 0 0 0 0 0 526 498 0 0 0 0 0 0 550 474 0 0 0 0 0 0 70 954 
0 0 0 0 0 0 548 476 0 0 0 0 0 0 580 444 0 0 0 0 0 0 24 1000 
0 0 0 0 0 0 24 1000 0 0 0 0 0 0 24 1000 0 0 0 0 0 0 24 1000 
0 0 0 0 0 0 6 1018 0 0 0 0 0 0 6 1018 0 0 0 0 0 0 6 1018 
0 0 0 0 0 0 0 1024 0 0 0 0 0 0 0 1024 0 0 0 0 0 0 0 1024 
0 0 0 0 0 0 0 1024 0 0 0 0 0 0 0 1024 0 0 0 0 0 0 0 1024 
0 0 0 0 0 0 0 1024 0 0 0 0 0 0 0 1024 0 0 0 0 0 0 0 1024 
0 0 0 0 0 0 0 1024 0 0 0 0 0 0 0 1024 0 0 0 0 0 0 0 1024 
0 0 0 0 0 0 0 1024 0 0 0 0 0 0 0 1024 0 0 0 0 0 0 0 1024 
0 0 0 0 0 0 0 1024 0 0 0 0 0 0 0 1024 0 0 0 0 0 0 0 1024 
0 0 0 0 0 0 0 1024 0 0 0 0 0 0 0 1024 0 0 0 0 0 0 0 1024 
0 0 0 0 0 0 256 768 0 0 0 0 0 0 160 864 0 0 0 0 0 0 0 1024 
0 0 0 0 0 0 240 784 0 0 0 0 0 0 248 776 0 0 0 0 0 0 0 1024 
0 0 0 0 0 0 284 740 0 0 0 0 0 0 292 732 0 0 0 0 0 0 44 980 
0 0 0 0 0 0 224 800 0 0 0 0 0 0 248 776 0 0 0 0 0 0 0 1024 
0 0 0 0 0 0 172 852 0 0 0 0 0 0 172 852 0 0 0 0 0 0 44 980 
0 0 0 0 0 0 48 976 0 0 0 0 0 0 48 976 0 0 0 0 0 0 48 976 
0 0 0 0 0 0 48 976 0 0 0 0 0 0 48 976 0 0 0 0 0 0 48 976 
0 0 0 0 0 0 162 862 0 0 0 0 0 0 162 862 0 0 0 0 0 0 162 862 
0 20 51 19 15 18 794 107 0 0 43 41 15 18 789 118 0 0 10 65 20 14 260 655 
0 324 300 36 24 30 297 13 0 19 532 100 23 26 289 35 0 0 122 514 34 24 95 235 
4 733 258 7 10 5 7 0 0 171 785 45 10 3 8 2 0 0 363 632 7 10 5 7 
75 901 48 0 0 0 0 0 0 584 439 1 0 0 0 0 0 1 718 305 0 0 0 0 
340 684 0 0 0 0 0 0 0 846 178 0 0 0 0 0 0 3 868 153 0 0 0 0 
609 409 6 0 0 0 0 0 30 912 81 1 0 0 0 0 0 9 979 36 0 0 0 0 
584 440 0 0 0 0 0 0 152 872 0 0 0 0 0 0 0 24 1000 0 0 0 0 0 
296 728 0 0 0 0 0 0 128 896 0 0 0 0 0 0 0 34 990 0 0 0 0 0 
391 633 0 0 0 0 0 0 451 573 0 0 0 0 0 0 0 149 875 0 0 0 0 0 
77 947 0 0 0 0 0 0 217 807 0 0 0 0 0 0 0 768 256 0 0 0 0 0 
0 1000 24 0 0 0 0 0 464 560 0 0 0 0 0 0 0 896 128 0 0 0 0 0 
0 856 168 0 0 0 0 0 216 808 0 0 0 0 0 0 12 1012 0 0 0 0 0 0 
0 805 187 0 0 0 0 0 199 793 0 0 0 0 0 0 27 965 0 0 0 0 0 0 
87 937 0 0 0 0 0 0 0 256 768 0 0 0 0 0 0 0 0 965 59 0 0 0 
19 844 142 19 0 0 0 0 0 181 790 53 0 0 0 0 0 0 3 841 180 0 0 0 
9 675 340 0 0 0 0 0 0 105 878 41 0 0 0 0 0 0 0 762 262 0 0 0 
4 646 366 8 0 0 0 0 0 75 870 79 0 0 0 0 0 0 3 674 347 0 0 0 
0 426 598 0 0 0 0 0 0 5 934 85 0 0 0 0 0 0 0 467 557 0 0 0 
0 462 562 0 0 0 0 0 0 0 1010 14 0 0 0 0 0 0 0 361 663 0 0 0 
0 844 180 0 0 0 0 0 0 0 1007 17 0 0 0 0 0 0 0 728 296 0 0 0 
0 128 786 40 15 15 31 9 0 0 731 217 18 11 43 4 0 0 0 299 654 17 32 22 
0 4 502 161 27 30 234 66 0 0 214 450 31 28 235 66 0 0 0 21 645 38 167 153 
0 2 285 150 27 25 360 175 0 0 103 303 48 27 367 176 0 0 0 101 304 63 240 316 
0 0 85 224 39 42 410 224 0 0 0 262 70 36 422 234 0 0 0 0 95 250 195 484 
0 0 101 21 28 28 383 463 0 0 5 110 33 12 408 456 0 0 0 0 45 100 377 502 
0 0 2 21 11 13 628 349 0 0 1 20 13 13 649 328 0 0 0 0 11 22 380 611 
0 0 0 0 0 0 856 168 0 0 0 0 0 0 864 160 0 0 0 0 0 0 296 728 
0 0 0 0 0 0 800 224 0 0 0 0 0 0 800 224 0 0 0 0 0 0 224 800 
0 0 0 0 0 0 384 640 0 0 0 0 0 0 392 632 0 0 0 0 0 0 144 880 
0 0 0 0 0 0 24 1000 0 0 0 0 0 0 24 1000 0 0 0 0 0 0 24 1000 
0 0 0 0 0 0 128 896 0 0 0 0 0 0 0 1024 0 0 0 0 0 0 0 1024 
0 0 0 0 0 0 24 1000 0 0 0 0 0 0 32 992 0 0 0 0 0 0 0 1024 
0 0 0 0 0 0 616 408 0 0 0 0 0 0 344 680 0 0 0 0 0 0 0 1024 
0 0 0 0 0 0 582 442 0 0 0 0 0 0 390 634 0 0 0 0 0 0 14 1010 
0 0 0 0 0 0 516 508 0 0 0 0 0 0 465 559 0 0 0 0 0 0 14 1010 
0 0 0 0 0 0 601 423 0 0 0 0 0 0 609 415 0 0 0 0 0 0 65 959 
0 0 0 0 0 0 611 413 0 0 0 0 0 0 611 413 0 0 0 0 0 0 99 925 
0 0 0 0 0 0 692 332 0 0 0 0 0 0 684 340 0 0 0 0 0 0 196 828 
0 0 0 0 0 0 472 552 0 0 0 0 0 0 488 536 0 0 0 0 0 0 40 984 
0 0 0 0 0 2 609 413 0 0 0 0 0 2 633 389 0 0 0 0 0 2 145 877 
0 62 220 113 37 36 350 206 0 0 163 224 40 28 337 232 0 0 32 335 55 27 342 233 
0 154 745 55 11 8 45 6 0 65 716 171 10 10 46 6 0 0 52 857 51 9 30 25 
2 494 493 35 0 0 0 0 0 68 854 102 0 0 0 0 0 0 269 747 8 0 0 0 
60 695 268 1 0 0 0 0 0 255 754 15 0 0 0 0 0 5 671 347 1 0 0 0 
189 794 41 0 0 0 0 0 0 471 553 0 0 0 0 0 0 24 845 155 0 0 0 0 
743 281 0 0 0 0 0 0 9 1006 9 0 0 0 0 0 0 22 999 3 0 0 0 0 
736 288 0 0 0 0 0 0 108 916 0 0 0 0 0 0 0 0 1024 0 0 0 0 0 
736 288 0 0 0 0 0 0 152 872 0 0 0 0 0 0 0 96 928 0 0 0 0 0 
742 282 0 0 0 0 0 0 215 809 0 0 0 0 0 0 0 388 636 0 0 0 0 0 
218 806 0 0 0 0 0 0 119 905 0 0 0 0 0 0 0 634 390 0 0 0 0 0 
151 845 28 0 0 0 0 0 649 375 0 0 0 0 0 0 0 921 103 0 0 0 0 0 
0 1007 17 0 0 0 0 0 461 563 0 0 0 0 0 0 71 953 0 0 0 0 0 0 
0 925 99 0 0 0 0 0 410 614 0 0 0 0 0 0 297 727 0 0 0 0 0 0 
0 877 115 0 0 0 0 0 394 598 0 0 0 0 0 0 293 699 0 0 0 0 0 0 
347 652 25 0 0 0 0 0 0 750 273 1 0 0 0 0 0 0 7 944 73 0 0 0 
430 192 341 61 0 0 0 0 0 459 381 184 0 0 0 0 0 0 1 725 298 0 0 0 
364 570 90 0 0 0 0 0 0 644 380 0 0 0 0 0 0 0 4 864 156 0 0 0 
206 483 303 32 0 0 0 0 0 278 686 60 0 0 0 0 0 0 11 728 283 2 0 0 
26 784 214 0 0 0 0 0 0 68 902 54 0 0 0 0 0 0 0 822 202 0 0 0 
1 890 101 32 0 0 0 0 0 15 977 32 0 0 0 0 0 0 0 844 180 0 0 0 
10 1012 2 0 0 0 0 0 0 16 1006 2 0 0 0 0 0 0 0 781 243 0 0 0 
0 312 712 0 0 0 0 0 0 0 934 90 0 0 0 0 0 0 0 376 648 0 0 0 
0 82 931 11 0 0 0 0 0 0 642 382 0 0 0 0 0 0 0 419 605 0 0 0 
0 83 808 133 0 0 0 0 0 0 558 466 0 0 0 0 0 0 0 113 887 24 0 0 
0 31 967 26 0 0 0 0 0 0 584 439 1 0 0 0 0 0 0 44 903 77 0 0 
0 686 338 0 0 0 0 0 0 0 740 284 0 0 0 0 0 0 0 17 925 82 0 0 
3 782 205 19 7 8 0 0 0 0 733 275 8 8 0 0 0 0 0 0 877 135 12 0 
0 482 450 43 24 10 15 0 0 0 548 414 28 14 20 0 0 0 0 0 896 93 17 18 
0 6 579 133 33 35 225 13 0 0 42 660 45 37 232 8 0 0 0 0 355 388 154 127 
0 0 29 29 15 20 389 542 0 0 6 46 20 21 394 537 0 0 0 0 17 65 184 758 
0 0 0 0 0 0 0 1024 0 0 0 0 0 0 0 1024 0 0 0 0 0 0 0 1024 
0 0 0 0 0 0 0 1024 0 0 0 0 0 0 0 1024 0 0 0 0 0 0 0 1024 
0 0 0 0 0 0 0 1024 0 0 0 0 0 0 0 1024 0 0 0 0 0 0 0 1024 
0 0 0 0 0 0 2 1022 0 0 0 0 0 0 2 1022 0 0 0 0 0 0 2 1022 
0 0 0 0 0 0 0 1024 0 0 0 0 0 0 0 1024 0 0 0 0 0 0 0 1024 
0 0 0 0 0 0 0 1024 0 0 0 0 0 0 0 1024 0 0 0 0 0 0 0 1024 
0 0 0 0 0 0 0 1024 0 0 0 0 0 0 0 1024 0 0 0 0 0 0 0 1024 
0 0 0 0 0 0 0 1024 0 0 0 0 0 0 0 1024 0 0 0 0 0 0 0 1024 
0 0 0 0 0 0 222 802 0 0 0 0 0 1 226 797 0 0 0 0 0 0 75 949 
0 0 0 53 78 70 407 416 0 0 0 23 62 69 447 423 0 0 0 36 41 34 427 486 
0 5 326 387 58 40 118 90 0 0 24 508 232 41 121 98 0 0 12 587 160 41 90 134 
0 563 457 4 0 0 0 0 0 8 758 258 0 0 0 0 0 0 66 958 0 0 0 0 
16 659 336 13 0 0 0 0 0 95 733 191 5 0 0 0 0 0 338 673 13 0 0 0 
32 914 78 0 0 0 0 0 0 159 862 3 0 0 0 0 0 0 691 333 0 0 0 0 
174 773 77 0 0 0 0 0 0 465 536 23 0 0 0 0 0 21 899 104 0 0 0 0 
155 735 134 0 0 0 0 0 0 513 485 26 0 0 0 0 0 31 956 37 0 0 0 0 
469 555 0 0 0 0 0 0 2 844 178 0 0 0 0 0 0 59 965 0 0 0 0 0 
718 270 36 0 0 0 0 0 302 595 98 29 0 0 0 0 1 216 805 2 0 0 0 0 
414 607 3 0 0 0 0 0 214 665 145 0 0 0 0 0 0 423 601 0 0 0 0 0 
237 782 5 0 0 0 0 0 198 806 20 0 0 0 0 0 5 828 191 0 0 0 0 0 
313 711 0 0 0 0 0 0 395 629 0 0 0 0 0 0 0 975 49 0 0 0 0 0 
363 661 0 0 0 0 0 0 615 409 0 0 0 0 0 0 18 1005 1 0 0 0 0 0 
0 1023 1 0 0 0 0 0 191 833 0 0 0 0 0 0 50 974 0 0 0 0 0 0 
0 895 129 0 0 0 0 0 174 846 4 0 0 0 0 0 367 657 0 0 0 0 0 0 
0 847 145 0 0 0 0 0 185 803 4 0 0 0 0 0 391 601 0 0 0 0 0 0 
790 234 0 0 0 0 0 0 0 876 148 0 0 0 0 0 0 0 2 997 25 0 0 0 
958 66 0 0 0 0 0 0 0 994 30 0 0 0 0 0 0 0 2 1018 4 0 0 0 
764 260 0 0 0 0 0 0 0 887 137 0 0 0 0 0 0 0 2 1014 8 0 0 0 
448 576 0 0 0 0 0 0 0 727 297 0 0 0 0 0 0 0 7 1011 6 0 0 0 
32 990 2 0 0 0 0 0 0 160 864 0 0 0 0 0 0 0 5 1010 9 0 0 0 
28 996 0 0 0 0 0 0 0 122 902 0 0 0 0 0 0 0 0 984 40 0 0 0 
36 988 0 0 0 0 0 0 0 120 904 0 0 0 0 0 0 0 0 964 60 0 0 0 
10 820 194 0 0 0 0 0 0 26 996 2 0 0 0 0 0 0 0 760 264 0 0 0 
0 568 331 125 0 0 0 0 0 5 745 274 0 0 0 0 0 0 0 615 408 1 0 0 
9 497 518 0 0 0 0 0 0 16 919 89 0 0 0 0 0 0 0 544 480 0 0 0 
0 696 328 0 0 0 0 0 0 0 928 96 0 0 0 0 0 0 0 528 496 0 0 0 
0 268 756 0 0 0 0 0 0 0 686 338 0 0 0 0 0 0 0 282 742 0 0 0 
0 452 572 0 0 0 0 0 0 0 735 289 0 0 0 0 0 0 0 147 877 0 0 0 
0 302 722 0 0 0 0 0 0 0 645 379 0 0 0 0 0 0 0 35 986 3 0 0 
0 91 933 0 0 0 0 0 0 0 450 574 0 0 0 0 0 0 0 0 869 155 0 0 
0 19 874 51 16 13 41 10 0 0 94 840 20 13 44 13 0 0 0 1 545 409 45 24 
0 1 439 82 26 29 177 270 0 0 0 500 35 32 195 262 0 0 0 0 344 202 132 346 
0 0 42 24 127 50 217 564 0 0 0 53 21 169 222 559 0 0 0 0 21 49 262 692 
0 0 0 0 105 219 384 316 0 0 0 0 0 157 535 332 0 0 0 0 0 0 332 692 
0 0 0 0 32 298 550 144 0 0 0 0 0 132 660 232 0 0 0 0 0 0 341 683 
0 0 0 0 18 25 529 452 0 0 0 0 3 29 488 504 0 0 0 0 0 0 130 894 
0 0 1 78 112 51 205 577 0 0 0 0 72 149 210 593 0 0 0 0 0 12 216 796 
0 0 0 18 193 149 452 212 0 0 0 0 47 258 517 202 0 0 0 0 0 15 411 598 
0 0 0 19 577 78 302 48 0 0 0 0 43 618 302 61 0 0 0 0 0 8 758 258 
0 28 225 227 297 101 113 33 0 0 68 218 307 243 174 14 0 0 21 228 95 129 430 121 
0 100 432 324 130 33 5 0 0 0 257 484 217 43 22 1 0 0 31 734 166 26 55 12 
0 329 627 68 0 0 0 0 0 0 638 386 0 0 0 0 0 0 70 940 14 0 0 0 
50 556 418 0 0 0 0 0 0 285 454 285 0 0 0 0 0 2 568 454 0 0 0 0 
160 662 202 0 0 0 0 0 0 360 636 28 0 0 0 0 0 2 932 90 0 0 0 0 
284 740 0 0 0 0 0 0 0 657 367 0 0 0 0 0 0 0 1013 11 0 0 0 0 
351 378 236 59 0 0 0 0 0 520 322 182 0 0 0 0 0 44 846 134 0 0 0 0 
243 491 290 0 0 0 0 0 0 461 527 36 0 0 0 0 0 69 950 5 0 0 0 0 
337 684 3 0 0 0 0 0 0 971 52 1 0 0 0 0 0 65 959 0 0 0 0 0 
743 257 24 0 0 0 0 0 79 862 70 13 0 0 0 0 0 728 296 0 0 0 0 0 
474 550 0 0 0 0 0 0 164 850 10 0 0 0 0 0 0 845 179 0 0 0 0 0 
455 569 0 0 0 0 0 0 446 578 0 0 0 0 0 0 11 991 22 0 0 0 0 0 
521 503 0 0 0 0 0 0 550 474 0 0 0 0 0 0 3 1012 9 0 0 0 0 0 
102 922 0 0 0 0 0 0 326 698 0 0 0 0 0 0 54 970 0 0 0 0 0 0 
0 1008 16 0 0 0 0 0 200 824 0 0 0 0 0 0 160 864 0 0 0 0 0 0 
0 645 379 0 0 0 0 0 234 790 0 0 0 0 0 0 489 535 0 0 0 0 0 0 
0 601 391 0 0 0 0 0 240 752 0 0 0 0 0 0 489 503 0 0 0 0 0 0 
477 547 0 0 0 0 0 0 0 536 488 0 0 0 0 0 0 0 27 987 10 0 0 0 
855 169 0 0 0 0 0 0 0 889 135 0 0 0 0 0 0 0 11 1012 1 0 0 0 
567 457 0 0 0 0 0 0 0 931 93 0 0 0 0 0 0 0 14 1010 0 0 0 0 
687 337 0 0 0 0 0 0 0 907 117 0 0 0 0 0 0 0 0 1016 8 0 0 0 
133 887 4 0 0 0 0 0 0 383 641 0 0 0 0 0 0 0 36 979 9 0 0 0 
0 602 331 87 4 0 0 0 0 14 836 164 10 0 0 0 0 0 0 835 186 3 0 0 
9 374 235 307 99 0 0 0 0 9 533 267 215 0 0 0 0 0 0 560 456 8 0 0 
1 737 225 61 0 0 0 0 0 13 866 142 3 0 0 0 0 0 1 822 201 0 0 0 
2 792 196 34 0 0 0 0 0 10 922 92 0 0 0 0 0 0 0 751 273 0 0 0 
1 857 166 0 0 0 0 0 0 6 1008 10 0 0 0 0 0 0 0 747 277 0 0 0 
0 376 646 2 0 0 0 0 0 0 912 112 0 0 0 0 0 0 0 368 656 0 0 0 
0 192 832 0 0 0 0 0 0 0 904 120 0 0 0 0 0 0 0 168 856 0 0 0 
0 176 833 15 0 0 0 0 0 0 861 163 0 0 0 0 0 0 0 283 737 4 0 0 
0 23 970 31 0 0 0 0 0 0 417 604 3 0 0 0 0 0 0 339 682 3 0 0 
0 104 920 0 0 0 0 0 0 0 296 728 0 0 0 0 0 0 0 48 976 0 0 0 
0 0 929 95 0 0 0 0 0 0 145 879 0 0 0 0 0 0 0 108 903 13 0 0 
0 13 841 170 0 0 0 0 0 0 49 961 14 0 0 0 0 0 0 0 819 205 0 0 
0 42 753 71 131 27 0 0 0 0 314 496 60 154 0 0 0 0 0 0 635 231 158 0 
0 0 73 80 702 169 0 0 0 0 5 78 78 807 56 0 0 0 0 0 44 183 769 28 
0 0 0 232 726 66 0 0 0 0 0 0 313 711 0 0 0 0 0 0 0 27 989 8 
0 0 0 465 518 37 4 0 0 0 0 0 557 428 38 1 0 0 0 0 0 5 983 36 
0 0 0 270 593 161 0 0 0 0 0 0 344 596 84 0 0 0 0 0 0 11 980 33 
0 0 0 108 808 108 0 0 0 0 0 0 148 860 16 0 0 0 0 0 0 9 1012 3 
0 0 325 217 482 0 0 0 0 0 111 351 166 396 0 0 0 0 3 394 67 88 472 0 
0 170 494 358 2 0 0 0 0 3 377 584 60 0 0 0 0 0 79 872 70 3 0 0 
3 572 440 9 0 0 0 0 0 20 878 122 4 0 0 0 0 0 609 415 0 0 0 0 
0 340 557 127 0 0 0 0 0 0 554 470 0 0 0 0 0 0 480 544 0 0 0 0 
5 231 480 305 3 0 0 0 0 40 402 522 60 0 0 0 0 0 654 369 1 0 0 0 
0 72 602 350 0 0 0 0 0 6 486 511 21 0 0 0 0 1 547 476 0 0 0 0 
37 533 363 91 0 0 0 0 0 159 530 326 9 0 0 0 0 44 777 200 3 0 0 0 
55 472 258 236 3 0 0 0 0 364 322 297 41 0 0 0 0 237 575 212 0 0 0 0 
235 740 49 0 0 0 0 0 0 924 94 6 0 0 0 0 0 224 797 3 0 0 0 0 
700 324 0 0 0 0 0 0 16 1008 0 0 0 0 0 0 0 618 406 0 0 0 0 0 
625 399 0 0 0 0 0 0 99 925 0 0 0 0 0 0 0 947 77 0 0 0 0 0 
692 332 0 0 0 0 0 0 664 360 0 0 0 0 0 0 64 908 52 0 0 0 0 0 
787 237 0 0 0 0 0 0 789 235 0 0 0 0 0 0 48 971 5 0 0 0 0 0 
263 761 0 0 0 0 0 0 423 601 0 0 0 0 0 0 48 976 0 0 0 0 0 0 
42 966 16 0 0 0 0 0 50 974 0 0 0 0 0 0 42 982 0 0 0 0 0 0 
0 903 121 0 0 0 0 0 134 881 9 0 0 0 0 0 319 699 6 0 0 0 0 0 
0 391 577 56 0 0 0 0 268 607 149 0 0 0 0 0 378 564 82 0 0 0 0 0 
0 355 575 62 0 0 0 0 253 589 150 0 0 0 0 0 345 559 88 0 0 0 0 0 
939 85 0 0 0 0 0 0 0 878 146 0 0 0 0 0 0 0 49 972 3 0 0 0 
759 265 0 0 0 0 0 0 1 736 287 0 0 0 0 0 0 0 38 975 11 0 0 0 
516 489 19 0 0 0 0 0 0 539 478 7 0 0 0 0 0 0 47 970 7 0 0 0 
674 350 0 0 0 0 0 0 0 810 214 0 0 0 0 0 0 0 10 1014 0 0 0 0 
203 821 0 0 0 0 0 0 0 524 500 0 0 0 0 0 0 0 5 1019 0 0 0 0 
197 552 248 27 0 0 0 0 0 279 674 71 0 0 0 0 0 0 31 899 94 0 0 0 
0 174 507 320 23 0 0 0 0 8 464 467 85 0 0 0 0 0 11 586 421 6 0 0 
0 31 282 618 93 0 0 0 0 4 114 669 230 7 0 0 0 0 9 299 698 18 0 0 
0 32 115 697 141 39 0 0 0 0 82 610 296 36 0 0 0 0 0 178 773 73 0 0 
0 24 425 505 70 0 0 0 0 0 223 639 162 0 0 0 0 0 0 332 672 20 0 0 
0 20 560 315 129 0 0 0 0 0 293 545 186 0 0 0 0 0 0 272 731 21 0 0 
0 132 884 8 0 0 0 0 0 0 661 363 0 0 0 0 0 0 0 402 622 0 0 0 
0 716 308 0 0 0 0 0 0 0 932 92 0 0 0 0 0 0 0 496 528 0 0 0 
0 213 728 83 0 0 0 0 0 0 465 559 0 0 0 0 0 0 0 266 758 0 0 0 
0 112 891 21 0 0 0 0 0 0 257 767 0 0 0 0 0 0 0 135 889 0 0 0 
0 0 462 561 1 0 0 0 0 0 9 884 131 0 0 0 0 0 0 17 997 10 0 0 
0 0 264 718 42 0 0 0 0 0 0 664 360 0 0 0 0 0 0 1 939 84 0 0 
0 7 651 348 18 0 0 0 0 0 124 864 36 0 0 0 0 0 0 6 977 41 0 0 
0 47 483 378 116 0 0 0 0 0 71 705 223 25 0 0 0 0 0 0 673 317 34 0 
0 0 100 390 500 34 0 0 0 0 0 212 433 379 0 0 0 0 0 0 55 496 473 0 
0 0 224 235 565 0 0 0 0 0 0 229 266 529 0 0 0 0 0 0 0 284 715 25 
0 3 53 70 859 39 0 0 0 0 0 84 69 871 0 0 0 0 0 0 7 122 891 4 
0 342 178 50 453 1 0 0 0 1 455 80 64 424 0 0 0 0 9 447 77 65 426 0 
0 471 553 0 0 0 0 0 0 55 740 229 0 0 0 0 0 0 239 784 1 0 0 0 
9 429 586 0 0 0 0 0 0 145 646 233 0 0 0 0 0 2 489 533 0 0 0 0 
0 484 538 2 0 0 0 0 0 32 788 204 0 0 0 0 0 0 585 439 0 0 0 0 
0 631 377 16 0 0 0 0 0 50 776 198 0 0 0 0 0 0 811 213 0 0 0 0 
1 455 550 18 0 0 0 0 0 33 907 84 0 0 0 0 0 11 876 137 0 0 0 0 
167 570 186 101 0 0 0 0 0 449 442 129 4 0 0 0 0 90 803 129 2 0 0 0 
699 303 21 1 0 0 0 0 16 918 88 2 0 0 0 0 0 627 392 5 0 0 0 0 
824 160 40 0 0 0 0 0 384 528 112 0 0 0 0 0 0 512 512 0 0 0 0 0 
891 133 0 0 0 0 0 0 280 743 1 0 0 0 0 0 0 696 328 0 0 0 0 0 
311 713 0 0 0 0 0 0 123 901 0 0 0 0 0 0 0 865 159 0 0 0 0 0 
618 406 0 0 0 0 0 0 569 438 17 0 0 0 0 0 3 933 88 0 0 0 0 0 
547 472 5 0 0 0 0 0 456 533 35 0 0 0 0 0 67 939 18 0 0 0 0 0 
136 813 75 0 0 0 0 0 120 817 87 0 0 0 0 0 86 908 30 0 0 0 0 0 
3 971 50 0 0 0 0 0 3 882 139 0 0 0 0 0 71 941 12 0 0 0 0 0 
0 1012 12 0 0 0 0 0 79 945 0 0 0 0 0 0 320 704 0 0 0 0 0 0 
0 867 157 0 0 0 0 0 213 808 3 0 0 0 0 0 527 497 0 0 0 0 0 0 
0 684 340 0 0 0 0 0 409 615 0 0 0 0 0 0 835 189 0 0 0 0 0 0 
0 629 363 0 0 0 0 0 410 582 0 0 0 0 0 0 807 185 0 0 0 0 0 0 
125 236 346 283 34 0 0 0 0 155 371 372 126 0 0 0 0 0 73 680 265 6 0 0 
577 236 64 108 39 0 0 0 0 592 232 104 96 0 0 0 0 0 233 647 144 0 0 0 
593 311 112 8 0 0 0 0 0 656 325 43 0 0 0 0 0 0 125 868 31 0 0 0 
256 689 79 0 0 0 0 0 0 352 631 41 0 0 0 0 0 0 124 857 43 0 0 0 
67 814 143 0 0 0 0 0 0 365 610 49 0 0 0 0 0 0 30 992 2 0 0 0 
54 668 302 0 0 0 0 0 0 287 728 9 0 0 0 0 0 0 25 942 57 0 0 0 
0 559 372 93 0 0 0 0 0 106 708 196 14 0 0 0 0 0 8 834 182 0 0 0 
0 7 390 351 225 51 0 0 0 3 322 362 270 67 0 0 0 0 0 394 568 62 0 0 
0 0 54 559 313 98 0 0 0 0 20 477 414 113 0 0 0 0 0 152 730 142 0 0 
0 0 182 719 123 0 0 0 0 0 9 758 257 0 0 0 0 0 0 282 718 24 0 0 
0 0 8 858 157 1 0 0 0 0 1 784 234 5 0 0 0 0 0 72 900 52 0 0 
0 0 372 637 15 0 0 0 0 0 32 955 37 0 0 0 0 0 0 359 652 13 0 0 
0 0 717 307 0 0 0 0 0 0 260 761 3 0 0 0 0 0 0 554 470 0 0 0 
0 4 1020 0 0 0 0 0 0 0 320 704 0 0 0 0 0 0 0 411 613 0 0 0 
0 0 469 432 123 0 0 0 0 0 100 733 187 4 0 0 0 0 0 86 877 61 0 0 
0 0 72 820 132 0 0 0 0 0 16 708 300 0 0 0 0 0 0 2 920 102 0 0 
0 0 96 862 66 0 0 0 0 0 0 693 331 0 0 0 0 0 0 1 963 60 0 0 
0 0 2 827 195 0 0 0 0 0 0 437 587 0 0 0 0 0 0 3 874 147 0 0 
0 0 76 608 340 0 0 0 0 0 0 298 717 9 0 0 0 0 0 1 683 340 0 0 
0 0 245 563 216 0 0 0 0 0 0 549 427 48 0 0 0 0 0 5 679 293 47 0 
0 0 585 342 96 1 0 0 0 0 33 685 268 38 0 0 0 0 1 48 288 634 53 0 
2 123 791 108 0 0 0 0 0 0 316 624 84 0 0 0 0 0 14 585 137 283 5 0 
3 798 223 0 0 0 0 0 0 80 903 41 0 0 0 0 0 0 308 712 4 0 0 0 
1 838 185 0 0 0 0 0 0 26 934 64 0 0 0 0 0 0 539 485 0 0 0 0 
19 449 543 13 0 0 0 0 0 152 685 187 0 0 0 0 0 1 646 376 1 0 0 0 
81 860 83 0 0 0 0 0 0 403 608 13 0 0 0 0 0 10 994 20 0 0 0 0 
3 624 314 77 6 0 0 0 0 252 573 182 17 0 0 0 0 45 820 147 12 0 0 0 
510 371 110 33 0 0 0 0 0 753 211 51 9 0 0 0 0 141 842 41 0 0 0 0 
896 128 0 0 0 0 0 0 0 1024 0 0 0 0 0 0 0 0 1024 0 0 0 0 0 
896 128 0 0 0 0 0 0 0 1024 0 0 0 0 0 0 0 768 256 0 0 0 0 0 
596 428 0 0 0 0 0 0 539 485 0 0 0 0 0 0 0 854 170 0 0 0 0 0 
619 405 0 0 0 0 0 0 414 595 15 0 0 0 0 0 16 910 98 0 0 0 0 0 
739 280 5 0 0 0 0 0 696 317 11 0 0 0 0 0 47 960 17 0 0 0 0 0 
276 686 62 0 0 0 0 0 280 580 164 0 0 0 0 0 37 977 10 0 0 0 0 0 
106 745 173 0 0 0 0 0 73 622 328 1 0 0 0 0 53 897 74 0 0 0 0 0 
152 743 129 0 0 0 0 0 112 774 138 0 0 0 0 0 165 808 51 0 0 0 0 0 
44 954 26 0 0 0 0 0 136 850 38 0 0 0 0 0 127 897 0 0 0 0 0 0 
7 1016 1 0 0 0 0 0 354 670 0 0 0 0 0 0 482 542 0 0 0 0 0 0 
0 948 76 0 0 0 0 0 466 558 0 0 0 0 0 0 650 374 0 0 0 0 0 0 
0 477 547 0 0 0 0 0 476 548 0 0 0 0 0 0 707 317 0 0 0 0 0 0 
0 432 560 0 0 0 0 0 469 523 0 0 0 0 0 0 683 309 0 0 0 0 0 0 
0 1 164 680 179 0 0 0 0 1 112 595 303 13 0 0 0 60 277 414 250 23 0 0 
17 66 178 593 168 2 0 0 9 57 79 527 322 30 0 0 56 54 156 428 293 37 0 0 
95 130 257 452 90 0 0 0 0 110 217 439 248 10 0 0 0 81 290 378 274 1 0 0 
120 311 296 275 22 0 0 0 0 198 364 390 72 0 0 0 0 0 212 657 155 0 0 0 
17 602 297 62 39 7 0 0 0 154 699 120 34 17 0 0 0 0 143 768 90 23 0 0 
6 496 505 17 0 0 0 0 0 55 910 59 0 0 0 0 0 0 35 967 22 0 0 0 
85 818 119 2 0 0 0 0 0 286 733 5 0 0 0 0 0 0 45 949 30 0 0 0 
170 685 146 17 6 0 0 0 1 226 769 28 0 0 0 0 0 0 28 947 49 0 0 0 
9 23 497 447 48 0 0 0 0 3 258 690 73 0 0 0 0 0 7 627 390 0 0 0 
0 12 450 497 65 0 0 0 0 7 214 649 154 0 0 0 0 0 8 497 508 11 0 0 
0 0 587 413 24 0 0 0 0 0 236 726 62 0 0 0 0 0 6 689 320 9 0 0 
0 0 109 843 72 0 0 0 0 0 18 860 146 0 0 0 0 0 0 141 866 17 0 0 
0 0 108 685 180 51 0 0 0 0 16 734 223 51 0 0 0 0 0 107 855 62 0 0 
0 0 24 505 422 73 0 0 0 0 0 331 619 74 0 0 0 0 0 48 826 150 0 0 
0 0 2 511 456 55 0 0 0 0 0 263 715 46 0 0 0 0 0 13 705 306 0 0 
0 0 6 269 737 12 0 0 0 0 0 192 816 16 0 0 0 0 0 10 654 360 0 0 
0 0 389 542 93 0 0 0 0 0 44 841 139 0 0 0 0 0 0 64 916 44 0 0 
0 0 288 724 12 0 0 0 0 0 32 973 19 0 0 0 0 0 0 61 961 2 0 0 
0 0 88 909 27 0 0 0 0 0 4 845 175 0 0 0 0 0 0 8 992 24 0 0 
0 4 204 806 10 0 0 0 0 0 29 900 95 0 0 0 0 0 0 149 861 14 0 0 
0 16 834 152 22 0 0 0 0 0 467 477 80 0 0 0 0 0 0 803 212 9 0 0 
0 452 572 0 0 0 0 0 0 24 885 115 0 0 0 0 0 0 118 905 1 0 0 0 
22 763 233 6 0 0 0 0 0 91 890 43 0 0 0 0 0 0 479 543 2 0 0 0 
17 490 441 76 0 0 0 0 0 139 676 201 8 0 0 0 0 14 748 260 2 0 0 0 
12 329 601 82 0 0 0 0 0 99 652 272 1 0 0 0 0 6 751 267 0 0 0 0 
96 787 141 0 0 0 0 0 0 239 783 2 0 0 0 0 0 51 950 23 0 0 0 0 
660 359 5 0 0 0 0 0 0 981 43 0 0 0 0 0 0 16 1008 0 0 0 0 0 
672 352 0 0 0 0 0 0 0 1024 0 0 0 0 0 0 0 192 832 0 0 0 0 0 
720 304 0 0 0 0 0 0 32 992 0 0 0 0 0 0 0 672 352 0 0 0 0 0 
570 451 3 0 0 0 0 0 79 920 25 0 0 0 0 0 0 698 326 0 0 0 0 0 
365 654 5 0 0 0 0 0 245 757 22 0 0 0 0 0 34 830 160 0 0 0 0 0 
511 511 2 0 0 0 0 0 344 653 27 0 0 0 0 0 72 897 55 0 0 0 0 0 
496 503 25 0 0 0 0 0 463 482 79 0 0 0 0 0 137 877 10 0 0 0 0 0 
356 662 6 0 0 0 0 0 265 750 9 0 0 0 0 0 152 871 1 0 0 0 0 0 
296 728 0 0 0 0 0 0 232 792 0 0 0 0 0 0 232 792 0 0 0 0 0 0 
704 320 0 0 0 0 0 0 704 320 0 0 0 0 0 0 448 576 0 0 0 0 0 0 
488 536 0 0 0 0 0 0 1000 24 0 0 0 0 0 0 1000 24 0 0 0 0 0 0 
24 1000 0 0 0 0 0 0 1024 0 0 0 0 0 0 0 1024 0 0 0 0 0 0 0 
0 1024 0 0 0 0 0 0 1024 0 0 0 0 0 0 0 976 48 0 0 0 0 0 0 
0 832 192 0 0 0 0 0 1024 0 0 0 0 0 0 0 1024 0 0 0 0 0 0 0 
0 784 208 0 0 0 0 0 992 0 0 0 0 0 0 0 992 0 0 0 0 0 0 0 
53 453 313 145 60 0 0 0 20 546 286 148 24 0 0 0 388 435 179 22 0 0 0 0 
4 167 424 403 26 0 0 0 6 255 502 261 0 0 0 0 104 478 420 22 0 0 0 0 
301 209 224 275 15 0 0 0 334 179 211 279 21 0 0 0 457 222 312 33 0 0 0 0 
55 275 330 359 5 0 0 0 91 230 345 345 13 0 0 0 266 268 415 75 0 0 0 0 
51 182 409 210 163 9 0 0 55 194 367 242 157 9 0 0 172 292 218 147 182 13 0 0 
149 208 221 215 226 5 0 0 123 188 258 247 208 0 0 0 191 154 150 289 211 29 0 0 
223 458 184 156 3 0 0 0 79 297 447 200 1 0 0 0 93 57 179 654 41 0 0 0 
588 292 131 11 2 0 0 0 97 623 223 78 3 0 0 0 96 99 290 514 24 1 0 0 
423 258 190 149 4 0 0 0 16 513 260 221 14 0 0 0 13 84 217 568 140 2 0 0 
347 303 175 168 31 0 0 0 5 425 295 196 103 0 0 0 0 0 147 718 155 4 0 0 
146 374 288 191 25 0 0 0 0 199 408 259 158 0 0 0 0 0 136 679 208 1 0 0 
79 251 355 246 93 0 0 0 1 121 357 403 142 0 0 0 0 0 95 623 306 0 0 0 
54 251 156 247 261 55 0 0 0 56 317 289 300 62 0 0 0 1 42 478 440 63 0 0 
0 9 62 174 579 148 52 0 0 0 30 76 601 314 3 0 0 0 0 89 704 228 3 0 
0 5 20 196 665 138 0 0 0 0 10 72 647 295 0 0 0 0 13 43 835 133 0 0 
0 0 20 153 674 174 3 0 0 0 5 74 555 380 10 0 0 0 0 84 742 198 0 0 
0 2 128 293 280 242 79 0 0 0 36 266 268 304 150 0 0 0 1 131 630 249 13 0 
0 0 13 228 275 157 351 0 0 0 0 152 297 216 359 0 0 0 0 25 326 354 319 0 
5 86 267 437 146 80 3 0 0 5 157 482 273 90 17 0 0 0 44 362 480 132 6 0 
0 251 561 206 6 0 0 0 0 0 662 312 50 0 0 0 0 0 29 850 135 10 0 0 
0 630 394 0 0 0 0 0 0 24 997 3 0 0 0 0 0 0 59 965 0 0 0 0 
0 949 75 0 0 0 0 0 0 315 687 22 0 0 0 0 0 0 350 674 0 0 0 0 
25 729 155 115 0 0 0 0 0 310 522 190 2 0 0 0 0 10 698 303 13 0 0 0 
82 670 268 4 0 0 0 0 27 159 779 58 1 0 0 0 0 28 864 130 2 0 0 0 
134 812 78 0 0 0 0 0 0 378 646 0 0 0 0 0 0 97 915 12 0 0 0 0 
410 614 0 0 0 0 0 0 0 827 197 0 0 0 0 0 0 237 784 3 0 0 0 0 
896 128 0 0 0 0 0 0 0 1024 0 0 0 0 0 0 0 152 872 0 0 0 0 0 
532 492 0 0 0 0 0 0 3 1021 0 0 0 0 0 0 0 505 519 0 0 0 0 0 
429 595 0 0 0 0 0 0 69 949 6 0 0 0 0 0 0 578 446 0 0 0 0 0 
716 308 0 0 0 0 0 0 221 803 0 0 0 0 0 0 0 981 43 0 0 0 0 0 
847 177 0 0 0 0 0 0 113 911 0 0 0 0 0 0 0 1024 0 0 0 0 0 0 
1016 8 0 0 0 0 0 0 644 380 0 0 0 0 0 0 96 928 0 0 0 0 0 0 
404 620 0 0 0 0 0 0 259 765 0 0 0 0 0 0 50 974 0 0 0 0 0 0 
748 276 0 0 0 0 0 0 706 318 0 0 0 0 0 0 0 1024 0 0 0 0 0 0 
395 629 0 0 0 0 0 0 441 583 0 0 0 0 0 0 171 853 0 0 0 0 0 0 
679 345 0 0 0 0 0 0 679 345 0 0 0 0 0 0 463 561 0 0 0 0 0 0 
408 616 0 0 0 0 0 0 1000 24 0 0 0 0 0 0 824 200 0 0 0 0 0 0 
0 1024 0 0 0 0 0 0 920 104 0 0 0 0 0 0 792 232 0 0 0 0 0 0 
0 1011 13 0 0 0 0 0 789 235 0 0 0 0 0 0 884 140 0 0 0 0 0 0 
0 555 469 0 0 0 0 0 521 503 0 0 0 0 0 0 672 352 0 0 0 0 0 0 
0 495 497 0 0 0 0 0 493 499 0 0 0 0 0 0 640 352 0 0 0 0 0 0 
887 110 27 0 0 0 0 0 886 127 11 0 0 0 0 0 941 80 3 0 0 0 0 0 
122 393 406 103 0 0 0 0 256 578 190 0 0 0 0 0 523 483 18 0 0 0 0 0 
440 300 242 42 0 0 0 0 532 292 200 0 0 0 0 0 745 249 30 0 0 0 0 0 
636 292 90 6 0 0 0 0 588 171 265 0 0 0 0 0 872 136 16 0 0 0 0 0 
373 477 154 20 0 0 0 0 475 362 182 5 0 0 0 0 749 243 31 1 0 0 0 0 
376 518 91 39 0 0 0 0 608 310 101 5 0 0 0 0 798 166 60 0 0 0 0 0 
276 534 117 49 23 25 0 0 227 557 126 56 29 29 0 0 586 260 87 56 33 2 0 0 
539 196 84 88 96 21 0 0 505 190 109 93 101 26 0 0 581 120 136 126 59 2 0 0 
414 349 98 105 58 0 0 0 391 337 120 65 111 0 0 0 528 271 81 129 15 0 0 0 
40 188 70 413 313 0 0 0 29 193 74 127 601 0 0 0 128 138 54 320 384 0 0 0 
0 0 15 378 631 0 0 0 0 0 14 57 953 0 0 0 0 11 27 420 566 0 0 0 
0 0 0 64 960 0 0 0 0 0 0 0 1024 0 0 0 0 0 0 112 912 0 0 0 
0 0 0 55 967 2 0 0 0 0 0 8 1011 5 0 0 0 0 0 429 595 0 0 0 
0 0 16 321 670 17 0 0 0 0 0 9 957 58 0 0 0 0 0 494 530 0 0 0 
0 0 0 240 728 56 0 0 0 0 0 0 992 32 0 0 0 0 0 456 568 0 0 0 
0 0 0 184 776 64 0 0 0 0 0 0 952 72 0 0 0 0 0 240 784 0 0 0 
0 0 0 152 728 79 65 0 0 0 0 0 786 163 75 0 0 0 0 206 679 73 66 0 
0 0 0 13 328 119 564 0 0 0 0 9 320 123 572 0 0 0 0 80 293 89 562 0 
150 278 168 89 57 50 232 0 2 301 230 125 63 60 242 1 0 6 345 282 85 59 246 1 
0 250 384 371 19 0 0 0 0 20 489 380 135 0 0 0 0 0 187 794 43 0 0 0 
0 318 158 517 31 0 0 0 0 72 364 217 371 0 0 0 0 2 191 788 43 0 0 0 
1 713 208 90 12 0 0 0 0 65 778 138 43 0 0 0 0 6 826 169 23 0 0 0 
0 767 234 23 0 0 0 0 0 89 931 4 0 0 0 0 0 1 919 104 0 0 0 0 
4 786 234 0 0 0 0 0 0 136 887 1 0 0 0 0 0 35 980 9 0 0 0 0 
17 1007 0 0 0 0 0 0 0 478 546 0 0 0 0 0 0 103 921 0 0 0 0 0 
760 264 0 0 0 0 0 0 60 898 66 0 0 0 0 0 0 519 505 0 0 0 0 0 
317 707 0 0 0 0 0 0 3 996 25 0 0 0 0 0 0 439 585 0 0 0 0 0 
307 715 2 0 0 0 0 0 108 840 76 0 0 0 0 0 10 721 293 0 0 0 0 0 
544 480 0 0 0 0 0 0 166 826 32 0 0 0 0 0 0 930 94 0 0 0 0 0 
694 330 0 0 0 0 0 0 280 744 0 0 0 0 0 0 0 1002 22 0 0 0 0 0 
338 685 1 0 0 0 0 0 216 807 1 0 0 0 0 0 1 1009 14 0 0 0 0 0 
680 344 0 0 0 0 0 0 632 392 0 0 0 0 0 0 50 954 20 0 0 0 0 0 
936 88 0 0 0 0 0 0 946 78 0 0 0 0 0 0 8 1016 0 0 0 0 0 0 
699 325 0 0 0 0 0 0 609 415 0 0 0 0 0 0 56 968 0 0 0 0 0 0 
119 905 0 0 0 0 0 0 119 905 0 0 0 0 0 0 55 969 0 0 0 0 0 0 
156 868 0 0 0 0 0 0 156 868 0 0 0 0 0 0 309 715 0 0 0 0 0 0 
0 986 38 0 0 0 0 0 8 1016 0 0 0 0 0 0 406 618 0 0 0 0 0 0 
0 944 80 0 0 0 0 0 25 999 0 0 0 0 0 0 484 540 0 0 0 0 0 0 
0 784 240 0 0 0 0 0 168 856 0 0 0 0 0 0 453 571 0 0 0 0 0 0 
0 352 672 0 0 0 0 0 160 864 0 0 0 0 0 0 480 544 0 0 0 0 0 0 
0 330 662 0 0 0 0 0 156 836 0 0 0 0 0 0 474 518 0 0 0 0 0 0 
700 324 0 0 0 0 0 0 955 69 0 0 0 0 0 0 1015 9 0 0 0 0 0 0 
315 443 266 0 0 0 0 0 638 386 0 0 0 0 0 0 950 74 0 0 0 0 0 0 
42 71 845 66 0 0 0 0 114 751 159 0 0 0 0 0 269 751 4 0 0 0 0 0 
0 64 423 484 53 0 0 0 18 366 519 121 0 0 0 0 136 582 293 13 0 0 0 0 
130 287 247 358 2 0 0 0 174 313 506 31 0 0 0 0 371 465 188 0 0 0 0 0 
103 803 104 14 0 0 0 0 429 580 15 0 0 0 0 0 761 263 0 0 0 0 0 0 
66 808 150 0 0 0 0 0 276 739 9 0 0 0 0 0 689 334 1 0 0 0 0 0 
232 751 37 3 1 0 0 0 276 703 40 2 3 0 0 0 884 131 5 3 1 0 0 0 
390 494 91 38 11 0 0 0 259 652 64 36 13 0 0 0 835 115 40 31 3 0 0 0 
207 424 141 120 120 12 0 0 78 350 316 120 155 5 0 0 521 221 79 178 25 0 0 0 
4 123 217 188 422 70 0 0 1 112 225 150 461 75 0 0 56 226 163 502 77 0 0 0 
0 0 0 44 860 120 0 0 0 0 0 2 586 436 0 0 0 0 0 886 138 0 0 0 
0 0 0 0 808 216 0 0 0 0 0 0 768 256 0 0 0 0 0 960 64 0 0 0 
0 0 0 116 700 208 0 0 0 0 0 0 716 308 0 0 0 0 32 761 215 16 0 0 
0 0 0 0 640 384 0 0 0 0 0 0 720 304 0 0 0 0 0 584 440 0 0 0 
0 0 0 55 609 344 16 0 0 0 0 0 837 187 0 0 0 0 0 635 365 24 0 0 
0 0 0 1 580 336 107 0 0 0 0 0 712 272 40 0 0 0 0 650 286 88 0 0 
0 0 0 90 475 314 145 0 0 0 0 0 645 268 111 0 0 0 8 604 251 132 29 0 
0 0 2 87 374 72 489 0 0 0 2 61 376 93 490 2 0 0 12 423 57 69 462 1 
0 3 40 39 269 215 458 0 0 4 25 49 187 262 495 2 0 2 21 153 235 210 379 24 
0 31 73 225 523 89 83 0 0 7 45 107 531 234 98 2 0 10 94 555 218 60 87 0 
6 112 297 445 135 28 1 0 0 28 227 377 355 34 3 0 0 84 402 452 65 21 0 0 
0 153 425 356 51 39 0 0 0 19 379 442 139 45 0 0 0 19 656 265 44 40 0 0 
1 397 473 153 0 0 0 0 0 33 530 439 22 0 0 0 0 164 818 42 0 0 0 0 
9 307 583 125 0 0 0 0 0 47 495 478 4 0 0 0 0 334 677 13 0 0 0 0 
192 294 453 85 0 0 0 0 0 319 283 419 3 0 0 0 2 433 573 16 0 0 0 0 
350 674 0 0 0 0 0 0 0 997 27 0 0 0 0 0 0 856 168 0 0 0 0 0 
687 337 0 0 0 0 0 0 194 830 0 0 0 0 0 0 0 904 120 0 0 0 0 0 
684 340 0 0 0 0 0 0 375 649 0 0 0 0 0 0 19 1005 0 0 0 0 0 0 
564 457 3 0 0 0 0 0 161 848 15 0 0 0 0 0 14 933 77 0 0 0 0 0 
815 208 1 0 0 0 0 0 482 542 0 0 0 0 0 0 0 1005 19 0 0 0 0 0 
999 25 0 0 0 0 0 0 877 147 0 0 0 0 0 0 83 941 0 0 0 0 0 0 
779 245 0 0 0 0 0 0 711 313 0 0 0 0 0 0 277 747 0 0 0 0 0 0 
418 606 0 0 0 0 0 0 392 632 0 0 0 0 0 0 326 698 0 0 0 0 0 0 
156 868 0 0 0 0 0 0 150 868 6 0 0 0 0 0 227 797 0 0 0 0 0 0 
102 921 1 0 0 0 0 0 215 809 0 0 0 0 0 0 592 432 0 0 0 0 0 0 
103 921 0 0 0 0 0 0 738 286 0 0 0 0 0 0 856 168 0 0 0 0 0 0 
277 713 34 0 0 0 0 0 922 102 0 0 0 0 0 0 965 59 0 0 0 0 0 0 
0 1024 0 0 0 0 0 0 952 72 0 0 0 0 0 0 1024 0 0 0 0 0 0 0 
0 443 581 0 0 0 0 0 991 33 0 0 0 0 0 0 1012 12 0 0 0 0 0 0 
0 379 613 0 0 0 0 0 965 27 0 0 0 0 0 0 980 12 0 0 0 0 0 0 
462 562 0 0 0 0 0 0 895 129 0 0 0 0 0 0 981 43 0 0 0 0 0 0 
456 566 2 0 0 0 0 0 967 57 0 0 0 0 0 0 1004 20 0 0 0 0 0 0 
353 603 68 0 0 0 0 0 843 173 8 0 0 0 0 0 924 100 0 0 0 0 0 0 
131 457 307 129 0 0 0 0 500 334 190 0 0 0 0 0 632 363 29 0 0 0 0 0 
233 238 147 399 7 0 0 0 413 135 441 35 0 0 0 0 456 248 312 8 0 0 0 0 
89 460 346 129 0 0 0 0 320 424 280 0 0 0 0 0 508 472 44 0 0 0 0 0 
0 219 536 269 0 0 0 0 101 349 574 0 0 0 0 0 260 691 73 0 0 0 0 0 
43 396 248 336 1 0 0 0 215 314 489 6 0 0 0 0 386 548 90 0 0 0 0 0 
218 617 139 50 0 0 0 0 233 649 137 5 0 0 0 0 750 232 42 0 0 0 0 0 
694 279 51 0 0 0 0 0 650 299 75 0 0 0 0 0 876 148 0 0 0 0 0 0 
60 543 350 70 1 0 0 0 57 731 216 20 0 0 0 0 452 512 59 1 0 0 0 0 
0 77 359 241 345 2 0 0 0 219 350 101 354 0 0 0 14 422 246 342 0 0 0 0 
0 0 55 127 712 124 6 0 0 0 55 130 715 124 0 0 0 12 172 780 54 6 0 0 
0 3 45 219 638 98 21 0 0 2 27 145 766 72 12 0 0 14 162 701 122 25 0 0 
0 0 0 27 924 71 2 0 0 0 0 3 983 36 2 0 0 0 26 890 107 1 0 0 
0 0 0 1 692 323 8 0 0 0 0 0 900 124 0 0 0 0 0 626 372 26 0 0 
0 0 0 134 520 345 25 0 0 0 0 44 860 117 3 0 0 0 62 591 337 34 0 0 
0 0 0 176 622 226 0 0 0 0 0 23 933 68 0 0 0 0 89 705 195 35 0 0 
0 0 0 379 554 91 0 0 0 0 0 219 771 34 0 0 0 0 31 903 90 0 0 0 
0 2 6 257 752 7 0 0 0 1 6 232 783 2 0 0 0 3 69 942 10 0 0 0 
22 68 63 492 346 21 12 0 2 62 67 346 504 24 17 2 6 67 294 597 23 29 8 0 
2 89 175 258 374 80 46 0 1 64 186 376 256 78 63 0 1 79 266 476 73 78 51 0 
50 182 225 266 159 93 49 0 15 204 231 241 186 95 52 0 5 240 281 256 107 93 41 1 
20 236 184 126 142 141 175 0 0 239 195 111 157 147 175 0 0 199 244 149 136 121 175 0 
2 321 159 293 119 73 57 0 0 286 189 263 153 75 58 0 0 255 234 338 95 96 6 0 
8 222 214 476 104 0 0 0 0 211 255 421 137 0 0 0 1 242 438 329 14 0 0 0 
74 333 248 351 18 0 0 0 0 439 230 343 12 0 0 0 2 469 410 142 1 0 0 0 
107 550 262 105 0 0 0 0 20 516 322 152 14 0 0 0 21 627 292 84 0 0 0 0 
230 495 232 66 1 0 0 0 60 704 149 109 2 0 0 0 1 630 328 60 5 0 0 0 
196 755 70 3 0 0 0 0 304 683 35 2 0 0 0 0 15 882 119 8 0 0 0 0 
612 412 0 0 0 0 0 0 538 438 48 0 0 0 0 0 42 981 1 0 0 0 0 0 
650 374 0 0 0 0 0 0 319 705 0 0 0 0 0 0 259 765 0 0 0 0 0 0 
609 415 0 0 0 0 0 0 558 466 0 0 0 0 0 0 474 550 0 0 0 0 0 0 
709 315 0 0 0 0 0 0 726 298 0 0 0 0 0 0 550 474 0 0 0 0 0 0 
613 411 0 0 0 0 0 0 613 411 0 0 0 0 0 0 613 411 0 0 0 0 0 0 
490 534 0 0 0 0 0 0 902 122 0 0 0 0 0 0 805 219 0 0 0 0 0 0 
444 507 73 0 0 0 0 0 861 163 0 0 0 0 0 0 848 176 0 0 0 0 0 0 
177 847 0 0 0 0 0 0 1001 23 0 0 0 0 0 0 966 58 0 0 0 0 0 0 
0 1024 0 0 0 0 0 0 994 30 0 0 0 0 0 0 1013 11 0 0 0 0 0 0 
0 600 424 0 0 0 0 0 1022 2 0 0 0 0 0 0 1024 0 0 0 0 0 0 0 
0 554 438 0 0 0 0 0 990 2 0 0 0 0 0 0 992 0 0 0 0 0 0 0 
18 758 246 2 0 0 0 0 463 553 8 0 0 0 0 0 874 150 0 0 0 0 0 0 
95 562 357 10 0 0 0 0 496 484 44 0 0 0 0 0 695 311 18 0 0 0 0 0 
186 626 212 0 0 0 0 0 522 502 0 0 0 0 0 0 900 124 0 0 0 0 0 0 
51 648 325 0 0 0 0 0 379 645 0 0 0 0 0 0 752 272 0 0 0 0 0 0 
227 615 167 15 0 0 0 0 573 424 27 0 0 0 0 0 799 211 14 0 0 0 0 0 
220 675 126 3 0 0 0 0 469 535 20 0 0 0 0 0 709 307 8 0 0 0 0 0 
109 710 173 29 3 0 0 0 407 538 75 4 0 0 0 0 708 295 20 1 0 0 0 0 
291 356 248 126 3 0 0 0 480 389 143 12 0 0 0 0 606 339 79 0 0 0 0 0 
709 273 38 4 0 0 0 0 864 143 17 0 0 0 0 0 931 82 11 0 0 0 0 0 
492 293 139 95 5 0 0 0 543 330 121 30 0 0 0 0 758 192 74 0 0 0 0 0 
368 363 169 118 6 0 0 0 435 396 161 31 1 0 0 0 696 230 93 5 0 0 0 0 
24 279 506 211 4 0 0 0 37 494 428 65 0 0 0 0 191 569 264 0 0 0 0 0 
3 277 434 228 69 13 0 0 64 421 371 119 44 5 0 0 84 577 299 55 9 0 0 0 
0 0 52 151 547 188 86 0 0 0 0 189 626 165 44 0 0 10 305 482 159 68 0 0 
0 0 0 0 344 465 215 0 0 0 0 0 538 479 7 0 0 0 24 770 223 7 0 0 
0 0 0 37 216 650 121 0 0 0 0 9 457 558 0 0 0 0 95 771 158 0 0 0 
0 0 0 182 353 465 24 0 0 0 0 24 474 522 4 0 0 0 191 720 113 0 0 0 
0 0 0 3 287 508 226 0 0 0 0 0 404 496 124 0 0 0 148 594 197 85 0 0 
0 0 0 8 497 480 39 0 0 0 0 0 566 396 62 0 0 0 133 635 209 47 0 0 
0 0 0 107 609 292 16 0 0 0 0 44 792 188 0 0 0 2 237 696 87 2 0 0 
0 0 22 335 627 40 0 0 0 0 0 223 801 0 0 0 0 0 685 339 0 0 0 0 
0 11 102 778 133 0 0 0 0 0 39 439 546 0 0 0 0 89 783 152 0 0 0 0 
0 0 17 626 346 35 0 0 0 0 34 624 363 3 0 0 0 16 935 73 0 0 0 0 
0 0 0 417 492 54 61 0 0 0 16 703 198 44 63 0 0 21 837 53 21 64 28 0 
0 5 46 412 237 144 180 0 0 1 34 581 82 139 187 0 3 34 581 63 33 182 128 0 
2 22 47 401 107 389 56 0 0 20 37 392 118 371 86 0 15 46 350 120 76 385 32 0 
6 60 184 367 190 215 2 0 2 54 80 438 225 222 3 0 9 109 357 219 148 182 0 0 
4 74 485 393 61 7 0 0 0 40 200 697 53 34 0 0 16 108 662 184 50 4 0 0 
3 249 353 364 55 0 0 0 1 184 303 441 95 0 0 0 45 250 458 261 10 0 0 0 
98 405 306 157 54 4 0 0 43 369 340 246 26 0 0 0 91 412 385 123 13 0 0 0 
298 259 252 169 46 0 0 0 249 275 260 207 33 0 0 0 178 423 284 110 26 3 0 0 
122 754 75 50 23 0 0 0 116 745 81 36 46 0 0 0 77 797 74 44 32 0 0 0 
480 534 10 0 0 0 0 0 480 534 10 0 0 0 0 0 480 534 10 0 0 0 0 0 
866 158 0 0 0 0 0 0 866 158 0 0 0 0 0 0 802 222 0 0 0 0 0 0 
725 299 0 0 0 0 0 0 914 110 0 0 0 0 0 0 879 145 0 0 0 0 0 0 
431 591 2 0 0 0 0 0 869 155 0 0 0 0 0 0 764 260 0 0 0 0 0 0 
426 588 10 0 0 0 0 0 820 204 0 0 0 0 0 0 821 203 0 0 0 0 0 0 
408 616 0 0 0 0 0 0 822 202 0 0 0 0 0 0 852 172 0 0 0 0 0 0 
0 1012 12 0 0 0 0 0 998 26 0 0 0 0 0 0 1007 17 0 0 0 0 0 0 
0 974 50 0 0 0 0 0 954 70 0 0 0 0 0 0 984 40 0 0 0 0 0 0 
0 938 54 0 0 0 0 0 922 70 0 0 0 0 0 0 950 42 0 0 0 0 0 0 
484 483 57 0 0 0 0 0 826 198 0 0 0 0 0 0 907 117 0 0 0 0 0 0 
408 464 148 4 0 0 0 0 764 242 18 0 0 0 0 0 839 175 10 0 0 0 0 0 
218 573 233 0 0 0 0 0 578 446 0 0 0 0 0 0 728 296 0 0 0 0 0 0 
172 442 298 112 0 0 0 0 580 363 81 0 0 0 0 0 740 256 28 0 0 0 0 0 
132 372 420 100 0 0 0 0 368 608 48 0 0 0 0 0 661 340 23 0 0 0 0 0 
116 466 367 73 2 0 0 0 430 529 65 0 0 0 0 0 730 281 13 0 0 0 0 0 
165 305 467 82 5 0 0 0 345 611 68 0 0 0 0 0 579 428 17 0 0 0 0 0 
13 510 418 83 0 0 0 0 228 674 122 0 0 0 0 0 497 510 17 0 0 0 0 0 
782 241 1 0 0 0 0 0 788 236 0 0 0 0 0 0 993 31 0 0 0 0 0 0 
301 550 140 33 0 0 0 0 284 635 103 2 0 0 0 0 774 235 15 0 0 0 0 0 
524 414 84 2 0 0 0 0 666 313 45 0 0 0 0 0 862 157 5 0 0 0 0 0 
373 481 170 0 0 0 0 0 506 480 38 0 0 0 0 0 728 296 0 0 0 0 0 0 
5 472 528 16 3 0 0 0 27 735 255 7 0 0 0 0 115 874 33 2 0 0 0 0 
0 0 300 193 446 85 0 0 0 6 405 120 493 0 0 0 0 154 567 303 0 0 0 0 
0 0 1 164 601 258 0 0 0 0 1 100 923 0 0 0 0 5 506 513 0 0 0 0 
0 0 0 102 721 201 0 0 0 0 0 260 764 0 0 0 0 0 673 351 0 0 0 0 
0 0 0 73 871 80 0 0 0 0 0 121 889 14 0 0 0 2 838 184 0 0 0 0 
0 0 0 27 985 12 0 0 0 0 0 78 943 3 0 0 0 0 879 145 0 0 0 0 
0 0 0 80 872 72 0 0 0 0 0 256 768 0 0 0 0 0 872 152 0 0 0 0 
0 0 0 521 487 16 0 0 0 0 4 719 301 0 0 0 0 86 902 36 0 0 0 0 
0 0 0 174 844 6 0 0 0 0 0 725 299 0 0 0 0 20 932 72 0 0 0 0 
0 0 17 465 542 0 0 0 0 0 0 686 338 0 0 0 0 53 968 3 0 0 0 0 
0 0 0 554 470 0 0 0 0 0 0 918 106 0 0 0 0 84 932 8 0 0 0 0 
0 0 0 677 347 0 0 0 0 0 0 1003 21 0 0 0 0 172 852 0 0 0 0 0 
0 0 8 856 152 8 0 0 0 0 4 980 40 0 0 0 0 253 771 0 0 0 0 0 
0 8 30 956 30 0 0 0 0 4 62 933 25 0 0 0 13 225 786 0 0 0 0 0 
0 0 16 936 72 0 0 0 0 0 0 1024 0 0 0 0 0 296 728 0 0 0 0 0 
67 118 218 601 20 0 0 0 57 110 128 691 33 5 0 0 121 390 482 18 13 0 0 0 
385 243 216 79 82 19 0 0 322 254 204 137 85 22 0 0 469 299 110 65 66 15 0 0 
416 290 232 66 19 1 0 0 338 291 306 69 19 1 0 0 497 334 153 29 10 1 0 0 
351 412 118 89 50 4 0 0 318 314 196 148 42 6 0 0 419 358 160 53 34 0 0 0 
191 462 192 130 48 1 0 0 117 482 221 131 70 3 0 0 247 471 152 128 24 2 0 0 
513 366 99 34 11 1 0 0 537 370 67 30 19 1 0 0 524 389 63 32 15 1 0 0 
400 378 242 4 0 0 0 0 454 464 103 3 0 0 0 0 428 461 132 3 0 0 0 0 
529 417 66 12 0 0 0 0 776 179 61 8 0 0 0 0 688 266 61 9 0 0 0 0 
652 354 18 0 0 0 0 0 909 112 3 0 0 0 0 0 849 169 6 0 0 0 0 0 
438 582 4 0 0 0 0 0 913 111 0 0 0 0 0 0 857 167 0 0 0 0 0 0 
455 556 13 0 0 0 0 0 912 112 0 0 0 0 0 0 914 110 0 0 0 0 0 0 
218 789 17 0 0 0 0 0 902 122 0 0 0 0 0 0 954 70 0 0 0 0 0 0 
5 278 719 22 0 0 0 0 398 590 36 0 0 0 0 0 412 588 24 0 0 0 0 0 
0 250 720 22 0 0 0 0 394 562 36 0 0 0 0 0 408 560 24 0 0 0 0 0 
167 851 6 0 0 0 0 0 796 228 0 0 0 0 0 0 954 70 0 0 0 0 0 0 
341 683 0 0 0 0 0 0 843 181 0 0 0 0 0 0 958 66 0 0 0 0 0 0 
192 764 68 0 0 0 0 0 794 230 0 0 0 0 0 0 925 99 0 0 0 0 0 0 
215 554 246 9 0 0 0 0 583 422 19 0 0 0 0 0 689 332 3 0 0 0 0 0 
30 354 471 169 0 0 0 0 270 650 104 0 0 0 0 0 577 410 37 0 0 0 0 0 
318 696 10 0 0 0 0 0 852 172 0 0 0 0 0 0 984 40 0 0 0 0 0 0 
207 450 241 126 0 0 0 0 488 442 94 0 0 0 0 0 818 202 4 0 0 0 0 0 
122 302 425 175 0 0 0 0 232 684 108 0 0 0 0 0 674 350 0 0 0 0 0 0 
923 101 0 0 0 0 0 0 893 131 0 0 0 0 0 0 1013 11 0 0 0 0 0 0 
790 198 36 0 0 0 0 0 777 218 29 0 0 0 0 0 923 98 3 0 0 0 0 0 
564 308 115 37 0 0 0 0 608 314 97 5 0 0 0 0 793 158 73 0 0 0 0 0 
688 268 68 0 0 0 0 0 697 309 18 0 0 0 0 0 919 105 0 0 0 0 0 0 
464 286 230 44 0 0 0 0 593 279 151 1 0 0 0 0 661 330 33 0 0 0 0 0 
0 308 682 34 0 0 0 0 21 560 436 7 0 0 0 0 195 690 139 0 0 0 0 0 
29 107 203 365 207 111 2 0 27 148 234 332 249 34 0 0 88 250 554 129 3 0 0 0 
0 0 0 32 488 359 145 0 0 0 0 240 508 276 0 0 0 0 633 391 0 0 0 0 
0 0 0 24 471 288 240 1 0 0 0 71 653 299 1 0 0 1 600 395 28 0 0 0 
0 0 0 35 478 438 73 0 0 0 0 82 635 305 2 0 0 2 579 437 6 0 0 0 
0 0 0 100 757 167 0 0 0 0 0 367 628 29 0 0 0 1 880 143 0 0 0 0 
0 0 62 458 504 0 0 0 0 0 43 879 102 0 0 0 0 168 856 0 0 0 0 0 
0 0 164 434 418 8 0 0 0 0 8 831 185 0 0 0 0 334 690 0 0 0 0 0 
0 0 127 333 550 14 0 0 0 0 76 680 268 0 0 0 2 276 732 14 0 0 0 0 
0 0 250 685 89 0 0 0 0 0 329 680 15 0 0 0 0 468 539 17 0 0 0 0 
0 0 246 602 176 0 0 0 0 0 286 730 8 0 0 0 0 451 573 0 0 0 0 0 
0 0 32 934 58 0 0 0 0 0 47 977 0 0 0 0 0 386 638 0 0 0 0 0 
0 0 88 934 2 0 0 0 0 0 122 902 0 0 0 0 0 469 555 0 0 0 0 0 
0 8 393 623 0 0 0 0 0 0 172 852 0 0 0 0 0 628 396 0 0 0 0 0 
0 32 662 330 0 0 0 0 0 8 330 686 0 0 0 0 40 809 175 0 0 0 0 0 
6 131 766 116 5 0 0 0 0 66 538 420 0 0 0 0 97 849 78 0 0 0 0 0 
0 133 307 574 10 0 0 0 0 72 382 570 0 0 0 0 105 658 254 7 0 0 0 0 
18 140 592 217 57 0 0 0 5 46 507 466 0 0 0 0 72 786 166 0 0 0 0 0 
323 172 419 110 0 0 0 0 310 166 436 112 0 0 0 0 456 508 60 0 0 0 0 0 
658 286 80 0 0 0 0 0 630 105 287 2 0 0 0 0 766 258 0 0 0 0 0 0 
903 89 32 0 0 0 0 0 887 84 53 0 0 0 0 0 946 78 0 0 0 0 0 0 
346 222 268 178 10 0 0 0 364 217 242 198 3 0 0 0 453 312 173 86 0 0 0 0 
365 287 161 211 0 0 0 0 428 248 174 174 0 0 0 0 489 239 229 67 0 0 0 0 
431 411 150 32 0 0 0 0 640 237 142 5 0 0 0 0 713 217 94 0 0 0 0 0 
198 657 130 39 0 0 0 0 589 351 78 6 0 0 0 0 667 289 68 0 0 0 0 0 
41 625 356 2 0 0 0 0 504 463 57 0 0 0 0 0 531 420 73 0 0 0 0 0 
0 423 592 9 0 0 0 0 352 627 45 0 0 0 0 0 403 577 44 0 0 0 0 0 
0 405 577 10 0 0 0 0 348 598 46 0 0 0 0 0 391 555 46 0 0 0 0 0 
953 71 0 0 0 0 0 0 980 44 0 0 0 0 0 0 1019 5 0 0 0 0 0 0 
970 54 0 0 0 0 0 0 974 50 0 0 0 0 0 0 1011 13 0 0 0 0 0 0 
675 349 0 0 0 0 0 0 900 124 0 0 0 0 0 0 1011 13 0 0 0 0 0 0 
576 448 0 0 0 0 0 0 931 93 0 0 0 0 0 0 952 72 0 0 0 0 0 0 
164 736 124 0 0 0 0 0 637 383 4 0 0 0 0 0 881 143 0 0 0 0 0 0 
209 370 445 0 0 0 0 0 368 602 54 0 0 0 0 0 724 300 0 0 0 0 0 0 
261 528 215 20 0 0 0 0 341 586 95 2 0 0 0 0 812 210 2 0 0 0 0 0 
128 715 181 0 0 0 0 0 172 767 85 0 0 0 0 0 908 116 0 0 0 0 0 0 
506 388 125 5 0 0 0 0 443 577 4 0 0 0 0 0 859 165 0 0 0 0 0 0 
294 299 328 103 0 0 0 0 335 490 199 0 0 0 0 0 629 342 53 0 0 0 0 0 
533 413 69 9 0 0 0 0 479 439 106 0 0 0 0 0 887 127 10 0 0 0 0 0 
270 527 222 5 0 0 0 0 291 590 143 0 0 0 0 0 640 364 20 0 0 0 0 0 
361 531 132 0 0 0 0 0 336 622 66 0 0 0 0 0 720 282 22 0 0 0 0 0 
584 322 114 4 0 0 0 0 555 422 47 0 0 0 0 0 833 189 2 0 0 0 0 0 
682 301 31 8 2 0 0 0 693 281 38 8 4 0 0 0 870 143 9 2 0 0 0 0 
536 193 63 66 106 60 0 0 432 284 67 87 130 24 0 0 721 113 121 69 0 0 0 0 
55 78 57 66 162 600 6 0 47 88 53 63 339 434 0 0 126 84 114 700 0 0 0 0 
0 20 28 20 91 841 24 0 0 25 24 31 359 585 0 0 38 22 133 812 19 0 0 0 
0 0 0 30 380 614 0 0 0 0 0 238 298 488 0 0 0 0 429 594 1 0 0 0 
0 0 48 407 236 333 0 0 0 0 5 379 519 121 0 0 0 58 481 485 0 0 0 0 
0 0 156 567 265 36 0 0 0 0 3 652 364 5 0 0 2 196 734 92 0 0 0 0 
0 0 221 803 0 0 0 0 0 0 0 956 68 0 0 0 0 458 566 0 0 0 0 0 
0 0 377 617 30 0 0 0 0 0 17 749 258 0 0 0 11 703 310 0 0 0 0 0 
0 0 477 547 0 0 0 0 0 0 97 870 57 0 0 0 10 910 104 0 0 0 0 0 
0 0 399 625 0 0 0 0 0 0 185 817 22 0 0 0 17 836 171 0 0 0 0 0 
10 37 653 324 0 0 0 0 0 18 207 799 0 0 0 0 59 947 18 0 0 0 0 0 
42 199 240 543 0 0 0 0 25 187 145 667 0 0 0 0 187 798 39 0 0 0 0 0 
15 30 492 487 0 0 0 0 12 31 368 613 0 0 0 0 46 865 113 0 0 0 0 0 
0 33 806 185 0 0 0 0 0 24 741 259 0 0 0 0 42 946 36 0 0 0 0 0 
0 74 898 52 0 0 0 0 0 75 916 33 0 0 0 0 122 900 2 0 0 0 0 0 
0 185 839 0 0 0 0 0 0 243 721 60 0 0 0 0 401 623 0 0 0 0 0 0 
0 240 756 28 0 0 0 0 0 116 653 255 0 0 0 0 259 762 3 0 0 0 0 0 
53 529 442 0 0 0 0 0 23 349 498 154 0 0 0 0 426 598 0 0 0 0 0 0 
992 32 0 0 0 0 0 0 979 45 0 0 0 0 0 0 1014 10 0 0 0 0 0 0 
201 592 231 0 0 0 0 0 80 568 376 0 0 0 0 0 776 248 0 0 0 0 0 0 
40 695 289 0 0 0 0 0 0 516 508 0 0 0 0 0 576 448 0 0 0 0 0 0 
58 512 454 0 0 0 0 0 56 693 275 0 0 0 0 0 535 489 0 0 0 0 0 0 
146 83 733 62 0 0 0 0 180 662 182 0 0 0 0 0 732 292 0 0 0 0 0 0 
203 229 328 264 0 0 0 0 333 318 373 0 0 0 0 0 693 331 0 0 0 0 0 0 
24 483 503 14 0 0 0 0 444 568 12 0 0 0 0 0 1004 20 0 0 0 0 0 0 
20 468 498 6 0 0 0 0 432 556 4 0 0 0 0 0 983 9 0 0 0 0 0 0 
545 479 0 0 0 0 0 0 432 522 70 0 0 0 0 0 950 74 0 0 0 0 0 0 
588 435 1 0 0 0 0 0 466 507 51 0 0 0 0 0 994 30 0 0 0 0 0 0 
172 852 0 0 0 0 0 0 40 945 39 0 0 0 0 0 990 34 0 0 0 0 0 0 
170 854 0 0 0 0 0 0 70 877 77 0 0 0 0 0 971 53 0 0 0 0 0 0 
71 848 105 0 0 0 0 0 58 653 313 0 0 0 0 0 925 99 0 0 0 0 0 0 
55 881 88 0 0 0 0 0 31 604 384 5 0 0 0 0 913 111 0 0 0 0 0 0 
83 936 5 0 0 0 0 0 16 631 377 0 0 0 0 0 999 25 0 0 0 0 0 0 
90 899 35 0 0 0 0 0 38 689 297 0 0 0 0 0 949 75 0 0 0 0 0 0 
89 708 227 0 0 0 0 0 3 510 511 0 0 0 0 0 955 69 0 0 0 0 0 0 
63 871 72 18 0 0 0 0 16 264 744 0 0 0 0 0 972 52 0 0 0 0 0 0 
291 686 47 0 0 0 0 0 226 333 465 0 0 0 0 0 1003 21 0 0 0 0 0 0 
459 395 152 18 0 0 0 0 246 418 355 5 0 0 0 0 865 159 0 0 0 0 0 0 
924 100 0 0 0 0 0 0 770 253 1 0 0 0 0 0 977 47 0 0 0 0 0 0 
598 410 16 0 0 0 0 0 519 505 0 0 0 0 0 0 1008 16 0 0 0 0 0 0 
495 504 25 0 0 0 0 0 495 528 1 0 0 0 0 0 960 64 0 0 0 0 0 0 
504 504 16 0 0 0 0 0 469 555 0 0 0 0 0 0 969 55 0 0 0 0 0 0 
434 452 63 48 27 0 0 0 314 550 68 52 38 2 0 0 774 195 39 16 0 0 0 0 
131 442 160 101 61 126 3 0 79 422 215 100 146 62 0 0 466 230 121 195 12 0 0 0 
57 229 117 97 169 345 10 0 35 246 114 88 322 209 10 0 173 186 158 434 45 24 4 0 
134 248 187 88 205 162 0 0 115 227 191 101 289 101 0 0 317 237 198 272 0 0 0 0 
55 405 397 135 32 0 0 0 23 341 421 161 78 0 0 0 431 425 158 10 0 0 0 0 
57 178 272 517 0 0 0 0 37 97 205 669 16 0 0 0 179 461 384 0 0 0 0 0 
125 250 450 199 0 0 0 0 16 162 338 508 0 0 0 0 296 558 170 0 0 0 0 0 
94 139 622 169 0 0 0 0 0 76 432 514 2 0 0 0 205 680 139 0 0 0 0 0 
382 176 390 76 0 0 0 0 20 284 352 368 0 0 0 0 451 553 20 0 0 0 0 0 
620 230 159 15 0 0 0 0 370 301 206 144 3 0 0 0 759 258 7 0 0 0 0 0 
436 428 158 2 0 0 0 0 279 374 291 80 0 0 0 0 753 271 0 0 0 0 0 0 
681 208 126 9 0 0 0 0 619 204 166 35 0 0 0 0 836 168 20 0 0 0 0 0 
677 107 206 32 2 0 0 0 668 101 158 97 0 0 0 0 789 212 21 2 0 0 0 0 
533 93 198 89 106 5 0 0 545 149 173 101 56 0 0 0 676 176 97 75 0 0 0 0 
191 134 347 125 197 30 0 0 193 139 327 235 130 0 0 0 400 323 169 132 0 0 0 0 
19 79 887 35 4 0 0 0 16 41 885 82 0 0 0 0 239 771 14 0 0 0 0 0 
114 321 585 4 0 0 0 0 93 263 637 31 0 0 0 0 520 492 10 2 0 0 0 0 
304 524 175 21 0 0 0 0 208 392 401 23 0 0 0 0 569 398 49 8 0 0 0 0 
166 518 340 0 0 0 0 0 5 590 429 0 0 0 0 0 636 388 0 0 0 0 0 0 
26 195 722 81 0 0 0 0 0 603 421 0 0 0 0 0 657 367 0 0 0 0 0 0 
0 311 543 170 0 0 0 0 0 638 386 0 0 0 0 0 643 381 0 0 0 0 0 0 
0 810 214 0 0 0 0 0 17 978 29 0 0 0 0 0 1016 8 0 0 0 0 0 0 
0 520 504 0 0 0 0 0 8 776 240 0 0 0 0 0 992 32 0 0 0 0 0 0 
0 152 872 0 0 0 0 0 0 1004 20 0 0 0 0 0 1021 3 0 0 0 0 0 0 
0 140 852 0 0 0 0 0 0 972 20 0 0 0 0 0 989 3 0 0 0 0 0 0 
744 280 0 0 0 0 0 0 468 555 1 0 0 0 0 0 918 106 0 0 0 0 0 0 
894 130 0 0 0 0 0 0 784 166 74 0 0 0 0 0 1018 6 0 0 0 0 0 0 
274 350 392 8 0 0 0 0 431 413 180 0 0 0 0 0 869 155 0 0 0 0 0 0 
74 213 737 0 0 0 0 0 187 696 141 0 0 0 0 0 843 181 0 0 0 0 0 0 
122 76 762 64 0 0 0 0 400 452 172 0 0 0 0 0 720 304 0 0 0 0 0 0 
209 66 590 159 0 0 0 0 220 474 322 8 0 0 0 0 587 415 22 0 0 0 0 0 
165 357 344 158 0 0 0 0 191 328 497 8 0 0 0 0 503 503 18 0 0 0 0 0 
341 433 225 25 0 0 0 0 154 378 489 3 0 0 0 0 770 233 21 0 0 0 0 0 
454 559 11 0 0 0 0 0 313 472 239 0 0 0 0 0 946 78 0 0 0 0 0 0 
648 309 67 0 0 0 0 0 613 302 109 0 0 0 0 0 953 71 0 0 0 0 0 0 
520 430 65 9 0 0 0 0 378 350 296 0 0 0 0 0 913 109 2 0 0 0 0 0 
683 338 3 0 0 0 0 0 600 339 85 0 0 0 0 0 984 40 0 0 0 0 0 0 
897 120 7 0 0 0 0 0 908 116 0 0 0 0 0 0 1004 20 0 0 0 0 0 0 
961 63 0 0 0 0 0 0 884 140 0 0 0 0 0 0 994 30 0 0 0 0 0 0 
526 480 18 0 0 0 0 0 356 537 131 0 0 0 0 0 900 124 0 0 0 0 0 0 
143 866 15 0 0 0 0 0 101 490 433 0 0 0 0 0 937 87 0 0 0 0 0 0 
276 692 56 0 0 0 0 0 212 549 263 0 0 0 0 0 897 127 0 0 0 0 0 0 
745 244 35 0 0 0 0 0 646 364 13 1 0 0 0 0 857 167 0 0 0 0 0 0 
345 420 249 10 0 0 0 0 356 431 235 2 0 0 0 0 685 330 9 0 0 0 0 0 
192 281 422 128 1 0 0 0 171 350 475 28 0 0 0 0 357 528 125 14 0 0 0 0 
85 208 380 341 10 0 0 0 81 303 596 42 2 0 0 0 195 653 168 8 0 0 0 0 
3 183 549 283 6 0 0 0 17 283 641 83 0 0 0 0 107 657 254 6 0 0 0 0 
190 304 227 197 94 12 0 0 230 289 260 189 41 15 0 0 390 305 204 103 20 2 0 0 
374 320 221 103 6 0 0 0 255 319 329 121 0 0 0 0 505 399 92 28 0 0 0 0 
490 213 267 54 0 0 0 0 255 391 363 15 0 0 0 0 682 320 22 0 0 0 0 0 
221 142 501 160 0 0 0 0 75 420 517 12 0 0 0 0 689 335 0 0 0 0 0 0 
176 159 603 86 0 0 0 0 110 474 440 0 0 0 0 0 832 192 0 0 0 0 0 0 
521 233 270 0 0 0 0 0 553 389 82 0 0 0 0 0 967 57 0 0 0 0 0 0 
1024 0 0 0 0 0 0 0 1024 0 0 0 0 0 0 0 1024 0 0 0 0 0 0 0 
1018 6 0 0 0 0 0 0 1018 6 0 0 0 0 0 0 1018 6 0 0 0 0 0 0 
1023 1 0 0 0 0 0 0 1023 1 0 0 0 0 0 0 1023 1 0 0 0 0 0 0 
811 178 35 0 0 0 0 0 792 154 78 0 0 0 0 0 979 45 0 0 0 0 0 0 
657 331 36 0 0 0 0 0 559 403 61 1 0 0 0 0 862 154 8 0 0 0 0 0 
52 513 448 11 0 0 0 0 0 372 644 8 0 0 0 0 508 495 21 0 0 0 0 0 
4 301 699 20 0 0 0 0 0 757 267 0 0 0 0 0 565 459 0 0 0 0 0 0 
0 32 992 0 0 0 0 0 0 843 181 0 0 0 0 0 498 526 0 0 0 0 0 0 
0 416 608 0 0 0 0 0 0 976 48 0 0 0 0 0 888 136 0 0 0 0 0 0 
0 375 649 0 0 0 0 0 11 1013 0 0 0 0 0 0 917 107 0 0 0 0 0 0 
0 264 760 0 0 0 0 0 8 1016 0 0 0 0 0 0 768 256 0 0 0 0 0 0 
0 24 1000 0 0 0 0 0 38 986 0 0 0 0 0 0 1024 0 0 0 0 0 0 0 
0 26 966 0 0 0 0 0 42 950 0 0 0 0 0 0 992 0 0 0 0 0 0 0 
731 293 0 0 0 0 0 0 757 264 3 0 0 0 0 0 991 33 0 0 0 0 0 0 
758 263 3 0 0 0 0 0 800 223 1 0 0 0 0 0 960 64 0 0 0 0 0 0 
392 196 369 64 3 0 0 0 442 514 67 1 0 0 0 0 638 369 17 0 0 0 0 0 
0 19 1002 3 0 0 0 0 4 987 33 0 0 0 0 0 409 615 0 0 0 0 0 0 
11 67 904 42 0 0 0 0 51 821 152 0 0 0 0 0 154 862 8 0 0 0 0 0 
0 29 632 363 0 0 0 0 1 435 588 0 0 0 0 0 169 855 0 0 0 0 0 0 
0 14 430 580 0 0 0 0 2 213 809 0 0 0 0 0 59 963 2 0 0 0 0 0 
339 222 366 97 0 0 0 0 407 348 269 0 0 0 0 0 626 398 0 0 0 0 0 0 
949 75 0 0 0 0 0 0 969 55 0 0 0 0 0 0 993 31 0 0 0 0 0 0 
507 449 68 0 0 0 0 0 625 399 0 0 0 0 0 0 975 49 0 0 0 0 0 0 
61 786 176 1 0 0 0 0 425 591 8 0 0 0 0 0 869 153 2 0 0 0 0 0 
80 805 137 2 0 0 0 0 587 422 15 0 0 0 0 0 860 164 0 0 0 0 0 0 
67 775 170 12 0 0 0 0 471 546 7 0 0 0 0 0 900 117 7 0 0 0 0 0 
142 550 326 6 0 0 0 0 249 649 119 7 0 0 0 0 727 295 2 0 0 0 0 0 
153 280 487 98 6 0 0 0 123 448 394 59 0 0 0 0 481 480 63 0 0 0 0 0 
228 388 269 117 22 0 0 0 150 447 268 157 2 0 0 0 503 285 217 19 0 0 0 0 
457 337 144 86 0 0 0 0 499 355 157 13 0 0 0 0 650 253 119 2 0 0 0 0 
705 128 93 94 4 0 0 0 717 169 105 33 0 0 0 0 754 173 97 0 0 0 0 0 
338 344 150 138 54 0 0 0 520 228 167 99 10 0 0 0 629 154 162 77 2 0 0 0 
389 287 196 131 21 0 0 0 480 345 140 59 0 0 0 0 570 276 134 44 0 0 0 0 
451 245 164 150 14 0 0 0 497 315 180 32 0 0 0 0 614 253 139 18 0 0 0 0 
422 264 174 113 51 0 0 0 439 259 236 89 1 0 0 0 571 281 137 35 0 0 0 0 
418 371 123 91 21 0 0 0 399 428 131 66 0 0 0 0 674 229 113 8 0 0 0 0 
227 456 301 40 0 0 0 0 191 605 218 10 0 0 0 0 479 394 151 0 0 0 0 0 
217 470 258 79 0 0 0 0 202 571 230 21 0 0 0 0 429 483 101 11 0 0 0 0 
42 325 432 208 17 0 0 0 109 457 355 95 8 0 0 0 203 473 283 65 0 0 0 0 
170 415 416 15 8 0 0 0 194 689 116 16 9 0 0 0 494 487 23 12 8 0 0 0 
614 387 17 6 0 0 0 0 622 387 9 6 0 0 0 0 936 80 8 0 0 0 0 0 
990 34 0 0 0 0 0 0 986 37 1 0 0 0 0 0 1008 16 0 0 0 0 0 0 
976 48 0 0 0 0 0 0 993 31 0 0 0 0 0 0 1013 11 0 0 0 0 0 0 
961 62 1 0 0 0 0 0 953 67 4 0 0 0 0 0 1015 9 0 0 0 0 0 0 
862 144 18 0 0 0 0 0 758 248 18 0 0 0 0 0 983 41 0 0 0 0 0 0 
267 741 16 0 0 0 0 0 188 836 0 0 0 0 0 0 999 25 0 0 0 0 0 0 
0 928 96 0 0 0 0 0 0 960 64 0 0 0 0 0 920 104 0 0 0 0 0 0 
0 782 242 0 0 0 0 0 8 775 241 0 0 0 0 0 949 75 0 0 0 0 0 0 
0 483 541 0 0 0 0 0 32 796 196 0 0 0 0 0 1016 8 0 0 0 0 0 0 
0 88 936 0 0 0 0 0 0 720 304 0 0 0 0 0 1024 0 0 0 0 0 0 0 
0 128 896 0 0 0 0 0 0 1024 0 0 0 0 0 0 960 64 0 0 0 0 0 0 
0 405 619 0 0 0 0 0 118 906 0 0 0 0 0 0 1021 3 0 0 0 0 0 0 
0 148 876 0 0 0 0 0 44 980 0 0 0 0 0 0 1024 0 0 0 0 0 0 0 
0 138 854 0 0 0 0 0 44 948 0 0 0 0 0 0 992 0 0 0 0 0 0 0 
900 124 0 0 0 0 0 0 613 387 24 0 0 0 0 0 1020 4 0 0 0 0 0 0 
947 77 0 0 0 0 0 0 820 204 0 0 0 0 0 0 1018 6 0 0 0 0 0 0 
578 403 43 0 0 0 0 0 532 492 0 0 0 0 0 0 989 35 0 0 0 0 0 0 
175 576 273 0 0 0 0 0 469 555 0 0 0 0 0 0 868 156 0 0 0 0 0 0 
172 609 243 0 0 0 0 0 505 519 0 0 0 0 0 0 892 132 0 0 0 0 0 0 
137 547 316 24 0 0 0 0 236 447 229 112 0 0 0 0 638 336 50 0 0 0 0 0 
21 103 638 262 0 0 0 0 18 359 503 144 0 0 0 0 232 700 92 0 0 0 0 0 
187 355 393 86 3 0 0 0 306 470 207 41 0 0 0 0 637 351 36 0 0 0 0 0 
185 676 115 47 1 0 0 0 600 373 38 13 0 0 0 0 869 120 35 0 0 0 0 0 
467 427 130 0 0 0 0 0 740 284 0 0 0 0 0 0 957 67 0 0 0 0 0 0 
296 686 42 0 0 0 0 0 761 263 0 0 0 0 0 0 962 62 0 0 0 0 0 0 
272 711 41 0 0 0 0 0 802 222 0 0 0 0 0 0 937 87 0 0 0 0 0 0 
0 381 617 26 0 0 0 0 96 849 79 0 0 0 0 0 697 321 6 0 0 0 0 0 
25 493 427 79 0 0 0 0 51 564 408 1 0 0 0 0 391 614 19 0 0 0 0 0 
141 472 372 39 0 0 0 0 18 681 314 11 0 0 0 0 645 361 18 0 0 0 0 0 
60 435 427 100 2 0 0 0 22 293 407 286 16 0 0 0 282 322 336 84 0 0 0 0 
278 570 166 10 0 0 0 0 153 504 341 26 0 0 0 0 694 299 31 0 0 0 0 0 
961 63 0 0 0 0 0 0 941 83 0 0 0 0 0 0 1007 17 0 0 0 0 0 0 
857 164 3 0 0 0 0 0 975 49 0 0 0 0 0 0 996 28 0 0 0 0 0 0 
1018 6 0 0 0 0 0 0 1018 6 0 0 0 0 0 0 1018 6 0 0 0 0 0 0 
926 98 0 0 0 0 0 0 907 117 0 0 0 0 0 0 952 72 0 0 0 0 0 0 
961 63 0 0 0 0 0 0 961 63 0 0 0 0 0 0 961 63 0 0 0 0 0 0 
984 40 0 0 0 0 0 0 913 102 9 0 0 0 0 0 993 31 0 0 0 0 0 0 
871 138 15 0 0 0 0 0 674 327 23 0 0 0 0 0 936 80 8 0 0 0 0 0 
550 218 111 145 0 0 0 0 529 311 180 4 0 0 0 0 694 185 143 2 0 0 0 0 
659 189 99 69 8 0 0 0 605 314 74 31 0 0 0 0 795 136 78 15 0 0 0 0 
592 378 54 0 0 0 0 0 636 362 26 0 0 0 0 0 799 224 1 0 0 0 0 0 
732 264 25 3 0 0 0 0 762 245 17 0 0 0 0 0 844 172 8 0 0 0 0 0 
490 431 67 36 0 0 0 0 762 206 41 15 0 0 0 0 778 193 50 3 0 0 0 0 
948 76 0 0 0 0 0 0 938 86 0 0 0 0 0 0 993 31 0 0 0 0 0 0 
797 227 0 0 0 0 0 0 713 307 4 0 0 0 0 0 985 39 0 0 0 0 0 0 
60 678 286 0 0 0 0 0 0 961 63 0 0 0 0 0 676 348 0 0 0 0 0 0 
0 256 768 0 0 0 0 0 0 1024 0 0 0 0 0 0 320 704 0 0 0 0 0 0 
0 520 504 0 0 0 0 0 0 1016 8 0 0 0 0 0 512 512 0 0 0 0 0 0 
0 815 209 0 0 0 0 0 0 972 52 0 0 0 0 0 778 243 3 0 0 0 0 0 
5 955 64 0 0 0 0 0 5 870 149 0 0 0 0 0 656 368 0 0 0 0 0 0 
16 768 240 0 0 0 0 0 94 914 16 0 0 0 0 0 826 198 0 0 0 0 0 0 
0 587 437 0 0 0 0 0 199 825 0 0 0 0 0 0 943 81 0 0 0 0 0 0 
104 817 103 0 0 0 0 0 785 239 0 0 0 0 0 0 1021 3 0 0 0 0 0 0 
7 698 319 0 0 0 0 0 631 381 12 0 0 0 0 0 1024 0 0 0 0 0 0 0 
7 648 337 0 0 0 0 0 591 389 12 0 0 0 0 0 992 0 0 0 0 0 0 0 
869 123 0 0 0 0 0 0 464 504 24 0 0 0 0 0 988 4 0 0 0 0 0 0 
945 47 0 0 0 0 0 0 746 246 0 0 0 0 0 0 992 0 0 0 0 0 0 0 
595 380 17 0 0 0 0 0 487 505 0 0 0 0 0 0 955 37 0 0 0 0 0 0 
439 492 61 0 0 0 0 0 757 235 0 0 0 0 0 0 887 105 0 0 0 0 0 0 
316 546 130 0 0 0 0 0 726 266 0 0 0 0 0 0 933 59 0 0 0 0 0 0 
270 426 270 26 0 0 0 0 351 277 252 112 0 0 0 0 615 324 53 0 0 0 0 0 
43 253 532 164 0 0 0 0 13 182 638 159 0 0 0 0 285 610 97 0 0 0 0 0 
203 398 314 74 3 0 0 0 216 465 267 44 0 0 0 0 629 320 42 1 0 0 0 0 
36 607 248 99 2 0 0 0 410 465 102 15 0 0 0 0 668 238 84 2 0 0 0 0 
403 432 157 0 0 0 0 0 659 333 0 0 0 0 0 0 887 105 0 0 0 0 0 0 
408 550 34 0 0 0 0 0 767 225 0 0 0 0 0 0 961 31 0 0 0 0 0 0 
273 678 41 0 0 0 0 0 734 258 0 0 0 0 0 0 903 89 0 0 0 0 0 0 
0 382 593 17 0 0 0 0 87 844 61 0 0 0 0 0 680 307 5 0 0 0 0 0 
81 571 318 22 0 0 0 0 78 638 272 4 0 0 0 0 561 427 4 0 0 0 0 0 
212 496 272 12 0 0 0 0 36 639 317 0 0 0 0 0 695 297 0 0 0 0 0 0 
90 524 341 37 0 0 0 0 0 365 422 204 1 0 0 0 349 381 235 27 0 0 0 0 
310 491 181 10 0 0 0 0 46 500 405 41 0 0 0 0 672 290 30 0 0 0 0 0 
895 97 0 0 0 0 0 0 785 204 3 0 0 0 0 0 956 36 0 0 0 0 0 0 
944 45 3 0 0 0 0 0 975 17 0 0 0 0 0 0 972 20 0 0 0 0 0 0 
986 6 0 0 0 0 0 0 986 6 0 0 0 0 0 0 986 6 0 0 0 0 0 0 
958 34 0 0 0 0 0 0 956 36 0 0 0 0 0 0 958 34 0 0 0 0 0 0 
924 68 0 0 0 0 0 0 924 68 0 0 0 0 0 0 924 68 0 0 0 0 0 0 
935 57 0 0 0 0 0 0 924 68 0 0 0 0 0 0 954 38 0 0 0 0 0 0 
888 101 3 0 0 0 0 0 822 163 7 0 0 0 0 0 949 43 0 0 0 0 0 0 
707 132 70 83 0 0 0 0 709 164 119 0 0 0 0 0 768 143 81 0 0 0 0 0 
798 178 14 2 0 0 0 0 753 230 9 0 0 0 0 0 935 51 6 0 0 0 0 0 
823 159 10 0 0 0 0 0 818 160 14 0 0 0 0 0 928 64 0 0 0 0 0 0 
860 106 23 3 0 0 0 0 881 96 15 0 0 0 0 0 913 72 7 0 0 0 0 0 
512 347 89 44 0 0 0 0 697 215 63 17 0 0 0 0 732 188 69 3 0 0 0 0 
922 70 0 0 0 0 0 0 912 80 0 0 0 0 0 0 962 30 0 0 0 0 0 0 
619 363 10 0 0 0 0 0 531 381 80 0 0 0 0 0 902 90 0 0 0 0 0 0 
10 811 171 0 0 0 0 0 0 937 55 0 0 0 0 0 792 200 0 0 0 0 0 0 
6 516 470 0 0 0 0 0 0 970 22 0 0 0 0 0 560 432 0 0 0 0 0 0 
0 636 356 0 0 0 0 0 0 970 22 0 0 0 0 0 583 409 0 0 0 0 0 0 
0 703 289 0 0 0 0 0 0 940 52 0 0 0 0 0 682 307 3 0 0 0 0 0 
0 754 238 0 0 0 0 0 0 726 266 0 0 0 0 0 571 421 0 0 0 0 0 0 
4 660 328 0 0 0 0 0 35 882 75 0 0 0 0 0 668 324 0 0 0 0 0 0 
14 815 163 0 0 0 0 0 369 623 0 0 0 0 0 0 899 93 0 0 0 0 0 0 
120 821 51 0 0 0 0 0 741 251 0 0 0 0 0 0 990 2 0 0 0 0 0 0 
7 733 252 0 0 0 0 0 891 101 0 0 0 0 0 0 992 0 0 0 0 0 0 0 
7 688 266 0 0 0 0 0 859 102 0 0 0 0 0 0 961 0 0 0 0 0 0 0 
