0 0 0 103 484 421 16 0 0 0 0 0 0 139 802 83 0 0 0 0 0 0 101 923 
0 0 41 416 439 128 0 0 0 0 0 0 0 652 372 0 0 0 0 0 0 0 614 410 
0 68 305 375 276 0 0 0 0 0 0 0 353 658 13 0 0 0 0 0 0 22 979 23 
128 261 307 295 33 0 0 0 0 0 0 188 610 226 0 0 0 0 0 0 0 358 666 0 
349 262 241 172 0 0 0 0 0 0 18 498 500 8 0 0 0 0 0 0 0 650 374 0 
318 253 299 154 0 0 0 0 0 0 88 475 461 0 0 0 0 0 0 0 0 719 305 0 
177 252 294 246 55 0 0 0 0 0 9 416 526 73 0 0 0 0 0 0 0 591 433 0 
26 193 265 358 182 0 0 0 0 0 0 147 562 315 0 0 0 0 0 0 0 293 731 0 
0 5 173 307 453 86 0 0 0 0 0 0 302 648 74 0 0 0 0 0 0 14 961 49 
0 0 0 46 252 694 32 0 0 0 0 0 9 336 678 1 0 0 0 0 0 0 447 577 
0 0 25 53 139 574 117 84 0 0 0 51 54 144 620 123 0 0 0 76 29 25 213 649 
0 0 0 0 88 359 254 323 0 0 1 58 325 15 42 583 0 0 198 184 12 7 12 611 
0 0 0 13 80 380 363 188 0 0 3 62 188 69 406 296 0 1 80 96 122 25 6 694 
0 0 20 29 129 383 384 79 0 0 25 44 162 185 594 14 0 0 1 85 224 22 163 529 
0 0 0 16 186 461 345 16 0 0 0 0 220 455 349 0 0 0 0 34 243 28 550 169 
0 0 0 88 186 381 360 9 0 0 0 0 120 535 369 0 0 0 0 1 122 28 867 6 
0 0 0 81 168 184 484 107 0 0 0 0 47 420 557 0 0 0 0 0 0 1 1023 0 
0 0 0 0 142 230 378 274 0 0 0 0 1 371 652 0 0 0 0 0 0 0 982 42 
0 0 0 0 76 256 422 270 0 0 0 0 0 224 724 76 0 0 0 0 0 0 437 587 
0 0 0 0 10 274 324 416 0 0 0 0 0 48 535 441 0 0 0 0 0 0 57 967 
0 0 0 0 0 40 400 584 0 0 0 0 0 0 209 815 0 0 0 0 0 1 2 1021 
0 0 32 71 35 33 299 522 0 0 9 73 54 28 78 750 0 0 6 76 55 34 36 785 
0 0 6 733 167 90 27 1 0 0 5 868 142 9 0 0 1 360 646 17 0 0 0 0 
0 0 43 581 150 79 157 14 0 5 61 712 112 132 2 0 6 420 553 45 0 0 0 0 
0 0 106 343 201 75 252 47 0 11 197 435 79 293 9 0 3 215 722 78 6 0 0 0 
0 11 288 183 224 148 70 100 0 38 317 289 190 172 18 0 7 151 532 279 55 0 0 0 
0 74 161 313 303 144 26 3 0 80 196 405 275 62 5 1 5 153 295 410 157 4 0 0 
0 238 60 134 363 199 30 0 0 234 73 225 387 100 5 0 0 114 230 288 272 107 13 0 
0 332 100 88 286 170 26 22 0 276 153 151 351 61 32 0 0 62 264 193 192 277 27 9 
2 517 76 100 79 171 31 48 0 459 133 112 110 156 30 24 0 48 472 77 118 242 35 32 
6 675 156 13 11 59 43 61 0 659 183 11 11 79 22 59 0 109 670 71 9 60 46 59 
0 635 361 4 0 19 5 0 0 592 405 3 2 22 0 0 0 55 782 161 2 17 7 0 
0 458 271 67 32 36 64 64 0 439 279 46 66 34 32 96 0 51 519 192 66 36 32 96 
0 15 65 209 408 114 207 6 1 24 70 174 409 283 63 0 31 474 512 6 1 0 0 0 
0 12 54 138 221 77 244 278 0 21 66 96 297 317 227 0 38 334 471 181 0 0 0 0 
1 53 85 132 204 312 220 17 2 64 105 139 224 417 73 0 45 565 397 17 0 0 0 0 
1 67 96 112 162 463 123 0 2 77 106 123 163 435 118 0 49 697 275 3 0 0 0 0 
1 196 158 141 256 247 21 4 6 216 172 150 166 307 5 2 83 655 261 21 4 0 0 0 
1 206 248 178 151 177 63 0 13 207 258 173 140 198 35 0 89 548 352 35 0 0 0 0 
22 466 157 88 109 76 40 66 28 409 199 98 108 167 15 0 52 621 300 50 1 0 0 0 
113 782 104 22 3 0 0 0 53 805 136 28 2 0 0 0 52 850 122 0 0 0 0 0 
237 717 58 10 2 0 0 0 15 933 62 12 2 0 0 0 28 855 140 1 0 0 0 0 
151 723 37 31 55 25 2 0 74 810 94 45 1 0 0 0 63 647 313 1 0 0 0 0 
94 448 46 90 89 72 87 66 81 457 103 117 72 30 36 96 76 367 274 61 49 35 30 100 
50 290 168 118 137 145 109 7 72 294 174 116 232 133 3 0 169 466 362 25 2 0 0 0 
11 260 193 148 254 83 72 3 52 256 169 123 277 144 3 0 128 494 394 8 0 0 0 0 
0 157 121 39 44 269 180 214 1 236 64 39 89 390 109 96 27 466 186 88 122 112 23 0 
0 21 56 47 122 447 127 204 0 44 58 77 214 465 136 30 30 457 182 88 163 103 1 0 
0 245 179 82 107 313 62 36 21 312 131 86 187 274 12 1 110 691 181 23 10 8 1 0 
12 416 187 132 113 73 61 30 65 445 199 134 123 54 4 0 126 710 172 13 3 0 0 0 
10 407 192 143 122 64 60 26 55 468 204 149 97 43 8 0 118 686 197 22 1 0 0 0 
6 402 292 62 80 91 56 35 23 588 187 117 68 33 8 0 98 725 178 23 0 0 0 0 
4 355 453 97 57 39 18 1 20 679 226 60 33 6 0 0 75 824 118 7 0 0 0 0 
5 459 293 128 73 44 18 4 47 634 244 75 19 4 1 0 96 772 154 2 0 0 0 0 
7 365 117 165 109 86 79 64 27 438 158 131 68 36 38 96 54 547 127 44 51 32 41 96 
366 264 126 104 100 41 14 9 310 324 132 117 114 24 2 1 199 705 93 20 3 2 1 1 
267 533 65 47 68 39 5 0 285 519 78 53 53 36 0 0 197 739 88 0 0 0 0 0 
86 768 137 18 8 3 2 2 95 716 154 47 7 4 1 0 75 654 154 86 42 12 1 0 
7 272 184 50 45 91 149 226 26 319 151 105 112 186 105 20 38 294 212 237 193 47 3 0 
1 38 86 58 58 150 292 341 11 104 97 117 252 296 140 7 37 179 211 336 239 22 0 0 
3 127 167 88 127 148 215 149 39 261 138 165 201 179 40 1 116 412 285 151 50 9 1 0 
0 5 32 76 112 194 261 344 12 58 125 196 280 295 58 0 84 289 416 218 17 0 0 0 
0 2 21 63 102 215 278 343 1 57 133 222 297 272 42 0 56 274 475 212 7 0 0 0 
0 455 196 96 91 67 82 37 19 606 174 111 87 26 1 0 63 723 193 45 0 0 0 0 
6 968 49 1 0 0 0 0 32 965 27 0 0 0 0 0 17 987 20 0 0 0 0 0 
10 550 108 109 47 38 66 64 27 592 82 63 58 39 35 96 29 626 65 52 49 39 34 98 
163 540 33 65 36 37 64 86 146 565 27 43 57 33 38 115 64 653 29 42 53 31 36 116 
117 619 32 64 32 32 64 64 130 606 32 32 64 32 32 96 7 729 5 59 64 32 32 96 
192 485 56 86 42 35 64 64 317 383 45 51 68 32 32 96 271 444 30 54 65 32 32 96 
12 142 198 226 174 118 87 67 40 244 221 209 133 46 35 96 149 416 170 60 68 33 32 96 
0 58 126 211 168 182 169 110 35 140 190 210 219 96 38 96 117 292 256 119 80 32 32 96 
6 131 116 193 189 176 133 80 37 196 207 221 178 57 32 96 100 400 224 76 64 32 32 96 
2 24 62 168 161 212 227 168 25 99 175 248 218 122 40 97 100 283 270 136 73 34 32 96 
0 5 29 116 121 206 298 249 4 41 128 236 313 160 46 96 53 253 331 154 73 32 32 96 
0 20 56 154 166 208 269 151 16 81 175 279 248 96 33 96 76 302 305 117 64 32 32 96 
5 581 82 128 54 43 67 64 25 618 93 63 65 32 32 96 29 661 66 44 64 32 32 96 
12 494 42 98 52 54 106 134 29 477 32 62 93 52 60 187 17 489 28 66 95 53 57 187 
136 535 33 65 36 37 64 86 122 557 27 43 57 33 38 115 50 635 29 42 53 31 36 116 
115 589 32 64 32 32 64 64 122 582 32 32 64 32 32 96 4 700 5 59 64 32 32 96 
184 466 56 85 39 34 64 64 307 366 45 47 67 32 32 96 262 426 28 52 64 32 32 96 
12 139 188 221 170 109 86 67 40 234 215 199 128 45 35 96 146 395 162 60 68 33 32 96 
0 56 120 207 162 178 166 103 35 131 184 203 216 89 38 96 115 279 249 114 75 32 32 96 
6 131 115 189 180 167 127 77 37 192 200 209 172 54 32 96 95 387 213 73 64 32 32 96 
2 24 60 166 156 207 219 158 24 97 170 242 209 113 40 97 97 272 260 128 73 34 32 96 
0 5 29 115 117 197 286 243 4 40 123 227 304 153 45 96 53 241 315 150 73 32 32 96 
0 20 54 153 159 199 260 147 16 79 166 269 241 92 33 96 74 291 290 113 64 32 32 96 
5 554 80 125 54 43 67 64 23 590 91 63 65 32 32 96 26 633 65 44 64 32 32 96 
12 472 41 96 51 53 104 132 28 456 31 61 91 52 58 184 14 470 27 65 93 52 56 184 
