0 0 0 0 16 1008 0 0 0 0 0 0 0 0 1024 0 0 0 0 0 0 0 382 642 
0 0 0 0 0 1024 0 0 0 0 0 0 0 0 1024 0 0 0 0 0 0 0 8 1016 
0 0 0 0 0 1024 0 0 0 0 0 0 0 0 1024 0 0 0 0 0 0 0 4 1020 
0 0 0 0 0 1024 0 0 0 0 0 0 0 0 1024 0 0 0 0 0 0 0 0 1024 
0 0 0 0 0 1024 0 0 0 0 0 0 0 0 1024 0 0 0 0 0 0 0 0 1024 
0 0 0 0 0 1024 0 0 0 0 0 0 0 0 1024 0 0 0 0 0 0 0 0 1024 
0 0 0 0 0 1024 0 0 0 0 0 0 0 0 1024 0 0 0 0 0 0 0 11 1013 
0 0 0 0 0 1024 0 0 0 0 0 0 0 0 1024 0 0 0 0 0 0 0 28 996 
0 0 0 0 0 1024 0 0 0 0 0 0 0 0 1024 0 0 0 0 0 0 0 16 1008 
0 0 0 0 0 1024 0 0 0 0 0 0 0 0 1024 0 0 0 0 0 0 0 38 986 
0 0 0 0 0 1024 0 0 0 0 0 0 0 0 1024 0 0 0 0 0 0 0 34 990 
0 0 0 0 0 1024 0 0 0 0 0 0 0 0 1024 0 0 0 0 0 0 0 8 1016 
0 0 0 0 0 1024 0 0 0 0 0 0 0 0 1024 0 0 0 0 0 0 0 35 989 
0 0 0 0 0 1024 0 0 0 0 0 0 0 0 1024 0 0 0 0 0 0 0 48 976 
0 0 0 0 0 1024 0 0 0 0 0 0 0 0 1024 0 0 0 0 0 0 0 144 880 
0 0 0 0 0 1024 0 0 0 0 0 0 0 0 1024 0 0 0 0 0 0 0 243 781 
0 0 0 0 0 1024 0 0 0 0 0 0 0 0 1024 0 0 0 0 0 0 0 136 888 
0 0 0 0 9 1015 0 0 0 0 0 0 0 0 1024 0 0 0 0 0 0 0 168 856 
0 0 0 0 198 826 0 0 0 0 0 0 0 0 1024 0 0 0 0 0 0 0 440 584 
0 0 0 0 46 978 0 0 0 0 0 0 0 0 1024 0 0 0 0 0 0 0 372 652 
0 0 0 0 8 1016 0 0 0 0 0 0 0 0 1024 0 0 0 0 0 0 0 360 664 
0 0 0 0 252 772 0 0 0 0 0 0 0 0 1024 0 0 0 0 0 0 0 140 884 
0 0 0 0 504 520 0 0 0 0 0 0 0 0 1024 0 0 0 0 0 0 0 300 724 
0 0 0 0 482 542 0 0 0 0 0 0 0 0 1024 0 0 0 0 0 0 0 196 828 
0 0 0 0 512 512 0 0 0 0 0 0 0 0 1024 0 0 0 0 0 0 0 320 704 
0 0 0 0 513 511 0 0 0 0 0 0 0 0 1024 0 0 0 0 0 0 0 275 749 
0 0 0 0 458 566 0 0 0 0 0 0 0 0 1024 0 0 0 0 0 0 0 705 319 
0 0 0 0 3 1021 0 0 0 0 0 0 0 0 1024 0 0 0 0 0 0 0 792 232 
0 0 0 0 14 1010 0 0 0 0 0 0 0 0 1024 0 0 0 0 0 0 0 913 111 
0 0 0 0 65 959 0 0 0 0 0 0 0 0 1024 0 0 0 0 0 0 0 636 388 
0 0 0 0 51 973 0 0 0 0 0 0 0 0 1024 0 0 0 0 0 0 0 951 73 
0 0 0 0 80 944 0 0 0 0 0 0 0 0 1024 0 0 0 0 0 0 0 864 160 
0 0 0 0 64 960 0 0 0 0 0 0 0 0 1024 0 0 0 0 0 0 0 931 93 
0 0 0 0 4 1020 0 0 0 0 0 0 0 0 1024 0 0 0 0 0 0 0 914 110 
0 0 0 0 17 1007 0 0 0 0 0 0 0 0 1024 0 0 0 0 0 0 0 863 161 
0 0 0 0 93 931 0 0 0 0 0 0 0 0 1024 0 0 0 0 0 0 0 1016 8 
0 0 0 0 407 617 0 0 0 0 0 0 0 1 1023 0 0 0 0 0 0 0 1020 4 
0 0 0 0 689 335 0 0 0 0 0 0 0 0 1024 0 0 0 0 0 0 0 979 45 
0 0 0 0 339 685 0 0 0 0 0 0 0 0 1024 0 0 0 0 0 0 0 984 40 
0 0 0 0 703 321 0 0 0 0 0 0 0 0 1024 0 0 0 0 0 0 0 756 268 
0 0 0 0 607 417 0 0 0 0 0 0 0 5 1019 0 0 0 0 0 0 0 929 95 
0 0 0 0 515 509 0 0 0 0 0 0 0 75 949 0 0 0 0 0 0 0 886 138 
0 0 0 0 368 656 0 0 0 0 0 0 0 144 880 0 0 0 0 0 0 0 968 56 
0 0 0 0 367 625 0 0 0 0 0 0 0 93 899 0 0 0 0 0 0 3 954 35 
0 0 0 0 515 509 0 0 0 0 0 0 0 57 967 0 0 0 0 0 0 0 853 171 
0 0 0 0 118 906 0 0 0 0 0 0 0 0 1024 0 0 0 0 0 0 0 193 831 
0 0 0 0 0 1024 0 0 0 0 0 0 0 0 1024 0 0 0 0 0 0 0 0 1024 
0 0 0 0 0 1024 0 0 0 0 0 0 0 0 1024 0 0 0 0 0 0 0 0 1024 
0 0 0 0 0 1024 0 0 0 0 0 0 0 0 1024 0 0 0 0 0 0 0 0 1024 
0 0 0 0 4 1020 0 0 0 0 0 0 0 0 1024 0 0 0 0 0 0 0 58 966 
0 0 0 0 0 1024 0 0 0 0 0 0 0 0 1024 0 0 0 0 0 0 0 107 917 
0 0 0 0 0 1024 0 0 0 0 0 0 0 0 1024 0 0 0 0 0 0 0 40 984 
0 0 0 0 0 1024 0 0 0 0 0 0 0 0 1024 0 0 0 0 0 0 0 47 977 
0 0 0 0 0 1024 0 0 0 0 0 0 0 0 1024 0 0 0 0 0 0 0 222 802 
0 0 0 0 0 1024 0 0 0 0 0 0 0 0 1024 0 0 0 0 0 0 0 137 887 
0 0 0 0 0 1024 0 0 0 0 0 0 0 0 1024 0 0 0 0 0 0 0 607 417 
0 0 0 0 6 1018 0 0 0 0 0 0 0 0 1024 0 0 0 0 0 0 0 424 600 
0 0 0 0 0 1024 0 0 0 0 0 0 0 0 1024 0 0 0 0 0 0 0 592 432 
0 0 0 0 0 1024 0 0 0 0 0 0 0 0 1024 0 0 0 0 0 0 0 586 438 
0 0 0 0 0 1024 0 0 0 0 0 0 0 0 1024 0 0 0 0 0 0 0 639 385 
0 0 0 0 0 1024 0 0 0 0 0 0 0 0 1024 0 0 0 0 0 0 0 682 342 
0 0 0 0 0 1024 0 0 0 0 0 0 0 0 1024 0 0 0 0 0 0 0 811 213 
0 0 0 0 0 1024 0 0 0 0 0 0 0 0 1024 0 0 0 0 0 0 0 891 133 
0 0 0 0 0 1024 0 0 0 0 0 0 0 0 1024 0 0 0 0 0 0 0 741 283 
0 0 0 0 0 1024 0 0 0 0 0 0 0 0 1024 0 0 0 0 0 0 0 948 76 
0 0 0 0 0 1024 0 0 0 0 0 0 0 0 1024 0 0 0 0 0 0 0 575 449 
0 0 0 0 0 1024 0 0 0 0 0 0 0 0 1024 0 0 0 0 0 0 0 951 73 
0 0 0 0 0 1024 0 0 0 0 0 0 0 0 1024 0 0 0 0 0 0 0 1024 0 
0 0 0 0 3 1021 0 0 0 0 0 0 0 0 1024 0 0 0 0 0 0 0 568 456 
0 0 0 0 39 985 0 0 0 0 0 0 0 0 1024 0 0 0 0 0 0 0 754 270 
0 0 0 0 117 907 0 0 0 0 0 0 0 0 1024 0 0 0 0 0 0 0 767 257 
0 0 0 0 256 768 0 0 0 0 0 0 0 0 1024 0 0 0 0 0 0 0 1006 18 
0 0 0 0 507 517 0 0 0 0 0 0 0 0 1024 0 0 0 0 0 0 0 1017 7 
0 0 0 0 340 684 0 0 0 0 0 0 0 0 1024 0 0 0 0 0 0 0 997 27 
0 0 0 0 296 728 0 0 0 0 0 0 0 0 1024 0 0 0 0 0 0 0 1016 8 
0 0 0 0 297 727 0 0 0 0 0 0 0 0 1024 0 0 0 0 0 0 0 1024 0 
0 0 0 0 226 798 0 0 0 0 0 0 0 0 1024 0 0 0 0 0 0 0 1022 2 
0 0 0 0 270 754 0 0 0 0 0 0 0 0 1024 0 0 0 0 0 0 0 976 48 
0 0 0 0 105 919 0 0 0 0 0 0 0 0 1024 0 0 0 0 0 0 0 987 37 
0 0 0 0 400 624 0 0 0 0 0 0 0 0 1024 0 0 0 0 0 0 0 1024 0 
0 0 0 0 353 671 0 0 0 0 0 0 0 0 1024 0 0 0 0 0 0 0 1024 0 
0 0 0 0 798 226 0 0 0 0 0 0 0 0 1024 0 0 0 0 0 0 0 1024 0 
0 0 0 0 996 28 0 0 0 0 0 0 0 0 1024 0 0 0 0 0 0 0 1024 0 
0 0 0 0 1020 4 0 0 0 0 0 0 0 5 1019 0 0 0 0 0 0 0 1024 0 
0 0 0 0 1024 0 0 0 0 0 0 0 0 87 937 0 0 0 0 0 0 0 1012 12 
0 0 0 0 1024 0 0 0 0 0 0 0 0 338 686 0 0 0 0 0 0 0 1024 0 
1 21 28 30 933 11 0 0 0 6 37 14 22 700 245 0 4 11 24 13 16 29 926 1 
88 293 85 75 446 5 0 0 10 228 185 49 57 414 49 0 136 228 67 34 40 72 415 0 
3 423 96 24 374 104 0 0 0 5 481 32 24 162 319 1 0 9 454 43 25 25 448 20 
0 374 45 26 110 469 0 0 0 9 383 26 27 71 508 0 0 5 369 38 17 27 365 203 
2 112 40 20 148 700 2 0 0 4 114 29 25 57 794 1 0 2 98 40 22 19 210 633 
0 16 17 23 157 811 0 0 0 0 12 16 21 47 926 2 0 0 6 16 15 27 436 524 
0 0 0 0 116 908 0 0 0 0 0 0 0 13 1011 0 0 0 0 0 0 0 517 507 
0 0 0 0 24 1000 0 0 0 0 0 0 0 0 1024 0 0 0 0 0 0 0 465 559 
0 0 0 0 22 1002 0 0 0 0 0 0 0 0 1024 0 0 0 0 0 0 0 414 610 
0 0 0 0 0 1024 0 0 0 0 0 0 0 0 1024 0 0 0 0 0 0 0 1020 4 
0 0 0 0 0 1024 0 0 0 0 0 0 0 0 1024 0 0 0 0 0 0 0 1024 0 
0 0 0 0 0 1024 0 0 0 0 0 0 0 0 1024 0 0 0 0 0 0 0 904 120 
0 0 0 0 1 1023 0 0 0 0 0 0 0 0 1024 0 0 0 0 0 0 0 998 26 
0 0 0 0 0 1024 0 0 0 0 0 0 0 0 1024 0 0 0 0 0 0 0 912 112 
0 0 0 0 12 1012 0 0 0 0 0 0 0 0 1024 0 0 0 0 0 0 0 1020 4 
0 0 0 0 0 1024 0 0 0 0 0 0 0 0 1024 0 0 0 0 0 0 0 918 106 
0 0 0 0 0 1024 0 0 0 0 0 0 0 0 1024 0 0 0 0 0 0 0 978 46 
0 0 0 0 33 991 0 0 0 0 0 0 0 0 1024 0 0 0 0 0 0 0 914 110 
0 0 0 0 3 1021 0 0 0 0 0 0 0 0 1024 0 0 0 0 0 0 0 949 75 
0 0 0 0 256 768 0 0 0 0 0 0 0 0 1024 0 0 0 0 0 0 0 990 34 
0 0 0 0 235 789 0 0 0 0 0 0 0 0 1024 0 0 0 0 0 0 0 995 29 
0 0 0 0 126 898 0 0 0 0 0 0 0 0 1024 0 0 0 0 0 0 0 976 48 
0 0 0 0 200 824 0 0 0 0 0 0 0 0 1024 0 0 0 0 0 0 0 1000 24 
0 0 0 0 124 900 0 0 0 0 0 0 0 0 1024 0 0 0 0 0 0 0 1012 12 
0 0 0 0 48 976 0 0 0 0 0 0 0 0 1024 0 0 0 0 0 0 0 984 40 
0 0 0 0 252 772 0 0 0 0 0 0 0 0 1024 0 0 0 0 0 0 0 936 88 
0 0 0 0 487 537 0 0 0 0 0 0 0 0 1024 0 0 0 0 0 0 0 1022 2 
0 0 0 0 591 433 0 0 0 0 0 0 0 0 1024 0 0 0 0 0 0 0 1024 0 
0 0 0 0 671 353 0 0 0 0 0 0 0 0 1024 0 0 0 0 0 0 0 1024 0 
0 0 0 0 726 298 0 0 0 0 0 0 0 1 1023 0 0 0 0 0 0 0 1016 8 
0 0 0 0 798 226 0 0 0 0 0 0 0 4 1020 0 0 0 0 0 0 0 1024 0 
0 0 0 0 904 120 0 0 0 0 0 0 0 0 1024 0 0 0 0 0 0 0 1024 0 
0 0 0 0 902 122 0 0 0 0 0 0 0 0 1024 0 0 0 0 0 0 0 1024 0 
0 0 0 0 870 154 0 0 0 0 0 0 0 26 998 0 0 0 0 0 0 0 1024 0 
0 0 0 0 1024 0 0 0 0 0 0 0 0 0 1024 0 0 0 0 0 0 0 1024 0 
0 0 0 0 1012 12 0 0 0 0 0 0 0 39 985 0 0 0 0 0 0 0 1024 0 
0 0 0 0 1006 18 0 0 0 0 0 0 0 90 934 0 0 0 0 0 0 0 1024 0 
0 0 0 0 1016 8 0 0 0 0 0 0 0 25 999 0 0 0 0 0 0 0 1024 0 
0 0 0 0 948 76 0 0 0 0 0 0 0 80 944 0 0 0 0 0 0 0 1024 0 
0 0 0 0 983 41 0 0 0 0 0 0 0 21 1003 0 0 0 0 0 0 0 1024 0 
0 0 0 0 1015 9 0 0 0 0 0 0 0 15 1009 0 0 0 0 0 0 0 1024 0 
0 0 0 0 1024 0 0 0 0 0 0 0 0 119 905 0 0 0 0 0 0 0 1024 0 
0 2 2 3 1016 1 0 0 0 0 1 1 3 134 885 0 0 0 0 2 2 5 1014 1 
55 78 40 39 783 29 0 0 9 95 39 35 32 294 520 0 41 74 27 30 29 46 767 10 
272 479 57 27 164 25 0 0 36 638 111 27 38 106 68 0 347 383 56 24 15 36 163 0 
473 496 23 0 0 0 0 0 81 844 67 0 0 0 0 0 670 322 0 0 0 0 0 0 
0 651 373 0 0 0 0 0 0 0 974 50 0 0 0 0 0 30 994 0 0 0 0 0 
2 512 510 0 0 0 0 0 0 3 973 48 0 0 0 0 0 60 963 1 0 0 0 0 
0 509 515 0 0 0 0 0 0 0 941 83 0 0 0 0 0 60 961 3 0 0 0 0 
0 728 294 2 0 0 0 0 0 3 957 61 3 0 0 0 0 50 956 15 3 0 0 0 
0 770 151 25 34 41 3 0 0 11 858 52 24 29 46 4 0 56 822 35 23 16 53 19 
2 420 272 30 194 106 0 0 0 4 590 101 28 33 268 0 0 18 623 49 29 12 259 34 
5 393 99 31 284 211 1 0 0 21 423 57 25 53 444 1 0 29 420 43 24 24 447 37 
4 59 38 25 366 532 0 0 0 3 70 24 26 72 829 0 0 10 66 16 23 20 866 23 
0 0 0 0 503 521 0 0 0 0 0 0 0 2 1022 0 0 0 0 0 0 0 1024 0 
0 0 0 0 447 577 0 0 0 0 0 0 0 1 1023 0 0 0 0 0 0 0 1024 0 
0 0 0 0 427 597 0 0 0 0 0 0 0 0 1024 0 0 0 0 0 0 0 1024 0 
0 0 0 0 437 587 0 0 0 0 0 0 0 0 1024 0 0 0 0 0 0 0 1024 0 
0 0 0 0 402 622 0 0 0 0 0 0 0 3 1021 0 0 0 0 0 0 0 1024 0 
0 0 0 0 393 631 0 0 0 0 0 0 0 0 1024 0 0 0 0 0 0 0 988 36 
0 0 0 0 627 397 0 0 0 0 0 0 0 0 1024 0 0 0 0 0 0 0 1024 0 
0 0 0 0 631 393 0 0 0 0 0 0 0 0 1024 0 0 0 0 0 0 0 1024 0 
0 0 0 0 860 164 0 0 0 0 0 0 0 1 1023 0 0 0 0 0 0 0 1024 0 
0 0 0 0 924 100 0 0 0 0 0 0 0 4 1020 0 0 0 0 0 0 0 1024 0 
0 0 0 0 797 227 0 0 0 0 0 0 0 6 1018 0 0 0 0 0 0 0 1024 0 
0 0 0 0 887 137 0 0 0 0 0 0 0 0 1024 0 0 0 0 0 0 0 1024 0 
0 0 0 0 830 194 0 0 0 0 0 0 0 3 1021 0 0 0 0 0 0 0 1024 0 
0 0 0 0 812 212 0 0 0 0 0 0 0 2 1022 0 0 0 0 0 0 0 1024 0 
0 0 0 0 860 164 0 0 0 0 0 0 0 9 1015 0 0 0 0 0 0 0 1024 0 
0 0 0 0 844 180 0 0 0 0 0 0 0 1 1023 0 0 0 0 0 0 0 1024 0 
0 0 0 0 879 145 0 0 0 0 0 0 0 0 1024 0 0 0 0 0 0 0 1024 0 
0 0 0 0 796 228 0 0 0 0 0 0 0 0 1024 0 0 0 0 0 0 0 1024 0 
0 0 0 0 977 47 0 0 0 0 0 0 0 56 968 0 0 0 0 0 0 0 1024 0 
0 0 0 0 992 32 0 0 0 0 0 0 0 25 999 0 0 0 0 0 0 0 1024 0 
0 0 0 0 991 33 0 0 0 0 0 0 0 13 1011 0 0 0 0 0 0 0 1024 0 
0 0 0 0 1024 0 0 0 0 0 0 0 0 59 965 0 0 0 0 0 0 0 1024 0 
0 0 0 0 1024 0 0 0 0 0 0 0 0 72 952 0 0 0 0 0 0 0 1024 0 
0 0 0 0 1024 0 0 0 0 0 0 0 0 248 776 0 0 0 0 0 0 0 1024 0 
0 0 0 0 1024 0 0 0 0 0 0 0 0 208 816 0 0 0 0 0 0 0 1024 0 
0 0 0 0 1024 0 0 0 0 0 0 0 0 242 782 0 0 0 0 0 0 0 1024 0 
0 0 0 0 1018 6 0 0 0 0 0 0 0 254 770 0 0 0 0 0 0 0 1024 0 
0 0 0 0 1024 0 0 0 0 0 0 0 0 255 769 0 0 0 0 0 0 0 1024 0 
0 0 0 0 1024 0 0 0 0 0 0 0 0 198 826 0 0 0 0 0 0 0 1024 0 
0 0 0 0 1024 0 0 0 0 0 0 0 0 300 724 0 0 0 0 0 0 0 1024 0 
24 37 18 34 909 2 0 0 0 45 16 18 30 544 371 0 11 36 12 17 20 32 895 1 
251 300 28 31 399 15 0 0 19 495 40 26 29 313 102 0 194 328 28 26 25 34 387 2 
373 474 52 38 78 9 0 0 105 681 75 33 38 67 25 0 405 412 43 30 31 41 62 0 
411 490 103 13 5 1 1 0 236 562 196 20 5 3 1 1 602 369 35 9 4 3 1 1 
517 498 9 0 0 0 0 0 125 820 79 0 0 0 0 0 788 234 2 0 0 0 0 0 
709 240 34 9 0 0 0 0 311 604 64 13 0 0 0 0 806 153 28 5 0 0 0 0 
0 852 172 0 0 0 0 0 0 0 1024 0 0 0 0 0 0 191 833 0 0 0 0 0 
0 776 248 0 0 0 0 0 0 0 1020 4 0 0 0 0 0 233 791 0 0 0 0 0 
0 763 261 0 0 0 0 0 0 0 1018 6 0 0 0 0 0 160 864 0 0 0 0 0 
0 872 152 0 0 0 0 0 0 0 1024 0 0 0 0 0 0 129 895 0 0 0 0 0 
0 854 170 0 0 0 0 0 0 2 1021 1 0 0 0 0 0 143 881 0 0 0 0 0 
0 835 189 0 0 0 0 0 0 9 1008 7 0 0 0 0 0 284 740 0 0 0 0 0 
1 948 75 0 0 0 0 0 0 71 953 0 0 0 0 0 0 224 800 0 0 0 0 0 
1 946 72 3 2 0 0 0 0 54 961 5 3 1 0 0 0 196 815 8 3 2 0 0 
7 698 186 19 84 30 0 0 0 15 844 32 15 40 77 1 0 172 695 18 17 20 90 12 
0 511 252 12 169 80 0 0 0 16 624 122 11 55 196 0 0 78 576 107 8 20 229 6 
0 295 319 16 276 118 0 0 0 1 461 155 14 41 352 0 0 21 469 125 13 18 374 4 
0 77 270 25 515 137 0 0 0 1 97 261 13 75 577 0 0 8 102 244 16 14 631 9 
0 1 37 13 842 131 0 0 0 0 6 37 9 91 881 0 0 0 1 40 9 7 960 7 
0 0 0 0 880 144 0 0 0 0 0 0 0 0 1024 0 0 0 0 0 0 0 1024 0 
0 0 0 0 955 69 0 0 0 0 0 0 0 23 1001 0 0 0 0 0 0 0 1024 0 
0 0 0 0 1014 10 0 0 0 0 0 0 0 10 1014 0 0 0 0 0 0 0 1024 0 
0 0 0 0 1013 11 0 0 0 0 0 0 0 5 1019 0 0 0 0 0 0 0 1024 0 
0 0 0 0 1024 0 0 0 0 0 0 0 0 44 980 0 0 0 0 0 0 0 1024 0 
0 0 0 0 1007 17 0 0 0 0 0 0 0 17 1007 0 0 0 0 0 0 0 1024 0 
0 0 0 0 1003 21 0 0 0 0 0 0 0 6 1018 0 0 0 0 0 0 0 1024 0 
0 0 0 0 1020 4 0 0 0 0 0 0 0 23 1001 0 0 0 0 0 0 0 1024 0 
0 0 0 0 999 25 0 0 0 0 0 0 0 6 1018 0 0 0 0 0 0 0 1024 0 
0 0 0 0 1008 16 0 0 0 0 0 0 0 8 1016 0 0 0 0 0 0 0 1024 0 
0 0 0 0 1008 16 0 0 0 0 0 0 0 0 1024 0 0 0 0 0 0 0 1024 0 
0 0 0 0 1022 2 0 0 0 0 0 0 0 74 950 0 0 0 0 0 0 0 1024 0 
0 0 0 0 1024 0 0 0 0 0 0 0 0 110 914 0 0 0 0 0 0 0 1024 0 
0 0 0 0 1024 0 0 0 0 0 0 0 0 71 953 0 0 0 0 0 0 0 1024 0 
0 0 0 0 1023 1 0 0 0 0 0 0 0 31 993 0 0 0 0 0 0 0 1024 0 
0 0 0 0 1024 0 0 0 0 0 0 0 0 283 741 0 0 0 0 0 0 0 1024 0 
0 0 0 0 1024 0 0 0 0 0 0 0 0 210 814 0 0 0 0 0 0 0 1024 0 
0 0 0 0 1024 0 0 0 0 0 0 0 0 352 672 0 0 0 0 0 0 0 1024 0 
0 0 0 0 1024 0 0 0 0 0 0 0 0 575 449 0 0 0 0 0 0 0 1024 0 
0 0 0 0 1024 0 0 0 0 0 0 0 0 534 490 0 0 0 0 0 0 0 1024 0 
0 0 0 0 1024 0 0 0 0 0 0 0 0 712 312 0 0 0 0 0 0 0 1024 0 
0 0 0 0 1024 0 0 0 0 0 0 0 0 912 112 0 0 0 0 0 0 0 1024 0 
0 0 0 0 1024 0 0 0 0 0 0 0 0 960 64 0 0 0 0 0 0 0 1024 0 
44 69 19 27 855 10 0 0 7 61 48 19 19 800 70 0 40 56 20 13 19 36 840 0 
144 194 64 54 548 20 0 0 25 223 98 57 44 492 85 0 132 153 63 41 42 61 531 1 
448 472 32 35 36 1 0 0 78 812 41 29 19 37 8 0 573 326 39 18 18 23 27 0 
534 467 17 6 0 0 0 0 68 895 51 10 0 0 0 0 821 188 14 1 0 0 0 0 
807 211 6 0 0 0 0 0 154 828 42 0 0 0 0 0 967 56 1 0 0 0 0 0 
874 140 6 4 0 0 0 0 430 571 19 3 1 0 0 0 961 53 7 3 0 0 0 0 
903 93 15 13 0 0 0 0 618 357 29 17 3 0 0 0 943 56 15 10 0 0 0 0 
688 241 38 23 2 0 0 0 580 306 64 37 5 0 0 0 666 264 35 25 2 0 0 0 
1 953 70 0 0 0 0 0 0 93 931 0 0 0 0 0 1 941 82 0 0 0 0 0 
0 937 87 0 0 0 0 0 0 44 980 0 0 0 0 0 0 856 168 0 0 0 0 0 
0 882 142 0 0 0 0 0 0 25 999 0 0 0 0 0 0 624 400 0 0 0 0 0 
4 919 101 0 0 0 0 0 0 61 961 2 0 0 0 0 0 489 535 0 0 0 0 0 
0 878 146 0 0 0 0 0 0 5 1018 1 0 0 0 0 0 506 518 0 0 0 0 0 
0 928 96 0 0 0 0 0 0 12 1006 6 0 0 0 0 0 557 467 0 0 0 0 0 
0 882 142 0 0 0 0 0 0 3 1017 4 0 0 0 0 0 537 487 0 0 0 0 0 
0 858 166 0 0 0 0 0 0 0 1024 0 0 0 0 0 0 394 630 0 0 0 0 0 
0 834 190 0 0 0 0 0 0 5 1017 2 0 0 0 0 0 380 644 0 0 0 0 0 
1 946 77 0 0 0 0 0 0 64 956 4 0 0 0 0 0 531 493 0 0 0 0 0 
0 950 74 0 0 0 0 0 0 11 1013 0 0 0 0 0 0 352 672 0 0 0 0 0 
0 831 193 0 0 0 0 0 0 2 962 60 0 0 0 0 0 238 745 41 0 0 0 0 
0 760 229 7 11 17 0 0 0 2 881 107 6 8 20 0 0 186 658 141 7 5 22 5 
5 509 156 15 266 73 0 0 0 76 526 69 15 92 246 0 0 105 440 119 17 18 319 6 
6 206 31 23 717 41 0 0 0 47 179 19 22 319 438 0 0 69 144 28 22 18 742 1 
1 3 5 6 1000 9 0 0 0 1 3 5 5 511 499 0 0 0 3 3 4 5 1009 0 
0 0 0 0 1024 0 0 0 0 0 0 0 0 476 548 0 0 0 0 0 0 0 1024 0 
0 0 0 0 1013 11 0 0 0 0 0 0 0 455 569 0 0 0 0 0 0 0 1024 0 
0 0 0 0 1024 0 0 0 0 0 0 0 0 417 607 0 0 0 0 0 0 0 1024 0 
0 0 0 0 1024 0 0 0 0 0 0 0 0 616 408 0 0 0 0 0 0 0 1024 0 
0 0 0 0 1022 2 0 0 0 0 0 0 0 605 419 0 0 0 0 0 0 0 1024 0 
0 0 0 0 1024 0 0 0 0 0 0 0 0 523 501 0 0 0 0 0 0 0 1024 0 
0 0 0 0 1024 0 0 0 0 0 0 0 0 734 290 0 0 0 0 0 0 0 1024 0 
0 0 0 0 1016 8 0 0 0 0 0 0 0 701 323 0 0 0 0 0 0 0 1024 0 
0 0 0 0 1020 4 0 0 0 0 0 0 0 599 425 0 0 0 0 0 0 0 1024 0 
0 0 0 0 1024 0 0 0 0 0 0 0 0 616 408 0 0 0 0 0 0 0 1024 0 
0 0 0 0 1024 0 0 0 0 0 0 0 0 536 488 0 0 0 0 0 0 0 1024 0 
0 0 0 0 1024 0 0 0 0 0 0 0 0 655 369 0 0 0 0 0 0 0 1024 0 
0 0 0 0 1024 0 0 0 0 0 0 0 0 840 184 0 0 0 0 0 0 0 1024 0 
0 0 0 0 1024 0 0 0 0 0 0 0 0 840 184 0 0 0 0 0 0 0 1024 0 
0 0 0 0 1024 0 0 0 0 0 0 0 0 899 125 0 0 0 0 0 0 0 1024 0 
0 0 0 0 1024 0 0 0 0 0 0 0 0 897 127 0 0 0 0 0 0 0 1024 0 
0 0 0 0 1024 0 0 0 0 0 0 0 0 946 78 0 0 0 0 0 0 0 1024 0 
0 7 4 3 999 11 0 0 0 0 5 5 3 980 31 0 0 0 4 4 4 10 1002 0 
1 94 30 14 865 20 0 0 0 1 100 22 14 848 39 0 0 0 52 64 15 25 868 0 
216 194 57 42 504 11 0 0 91 230 110 37 37 476 43 0 171 166 82 48 31 53 473 0 
713 208 25 22 39 17 0 0 480 409 45 15 22 39 14 0 719 190 19 17 15 26 37 1 
831 193 0 0 0 0 0 0 337 666 21 0 0 0 0 0 936 88 0 0 0 0 0 0 
932 92 0 0 0 0 0 0 534 488 2 0 0 0 0 0 995 29 0 0 0 0 0 0 
769 250 5 0 0 0 0 0 366 573 84 1 0 0 0 0 964 59 1 0 0 0 0 0 
488 533 3 0 0 0 0 0 103 742 179 0 0 0 0 0 973 51 0 0 0 0 0 0 
331 666 27 0 0 0 0 0 42 771 207 4 0 0 0 0 849 173 2 0 0 0 0 0 
781 220 23 0 0 0 0 0 452 510 62 0 0 0 0 0 936 87 1 0 0 0 0 0 
757 216 19 0 0 0 0 0 572 317 103 0 0 0 0 0 872 115 5 0 0 0 0 0 
4 1019 1 0 0 0 0 0 0 752 272 0 0 0 0 0 2 1021 1 0 0 0 0 0 
9 991 24 0 0 0 0 0 0 425 599 0 0 0 0 0 6 993 25 0 0 0 0 0 
3 1000 21 0 0 0 0 0 0 372 652 0 0 0 0 0 4 991 29 0 0 0 0 0 
4 1019 1 0 0 0 0 0 0 436 588 0 0 0 0 0 3 969 52 0 0 0 0 0 
17 952 54 1 0 0 0 0 0 409 595 20 0 0 0 0 13 962 49 0 0 0 0 0 
31 977 16 0 0 0 0 0 1 370 649 4 0 0 0 0 17 907 100 0 0 0 0 0 
30 992 2 0 0 0 0 0 0 281 743 0 0 0 0 0 8 993 23 0 0 0 0 0 
1 1017 6 0 0 0 0 0 0 139 885 0 0 0 0 0 2 968 54 0 0 0 0 0 
1 1004 19 0 0 0 0 0 0 145 874 5 0 0 0 0 1 918 105 0 0 0 0 0 
17 889 114 4 0 0 0 0 0 211 780 33 0 0 0 0 14 882 125 3 0 0 0 0 
19 998 7 0 0 0 0 0 0 265 759 0 0 0 0 0 0 953 71 0 0 0 0 0 
16 905 103 0 0 0 0 0 0 134 872 18 0 0 0 0 5 786 233 0 0 0 0 0 
13 974 37 0 0 0 0 0 0 161 862 1 0 0 0 0 0 916 108 0 0 0 0 0 
0 957 67 0 0 0 0 0 0 110 903 11 0 0 0 0 0 719 305 0 0 0 0 0 
5 857 161 1 0 0 0 0 0 102 894 28 0 0 0 0 2 604 416 2 0 0 0 0 
2 908 67 4 21 22 0 0 0 94 832 51 5 14 28 0 0 445 478 52 5 8 36 0 
0 511 253 17 182 61 0 0 0 58 522 186 18 173 67 0 0 119 483 161 14 21 224 2 
0 156 186 15 621 46 0 0 0 0 184 158 15 584 83 0 0 0 184 153 16 19 649 3 
0 8 9 6 979 22 0 0 0 0 7 10 5 957 45 0 0 0 4 12 5 22 981 0 
0 0 0 0 1024 0 0 0 0 0 0 0 0 1023 1 0 0 0 0 0 0 0 1024 0 
0 0 0 0 1024 0 0 0 0 0 0 0 0 1020 4 0 0 0 0 0 0 0 1024 0 
0 0 0 0 1024 0 0 0 0 0 0 0 0 1024 0 0 0 0 0 0 0 0 1024 0 
0 0 0 0 1024 0 0 0 0 0 0 0 0 1023 1 0 0 0 0 0 0 0 1024 0 
0 0 0 0 1024 0 0 0 0 0 0 0 0 1024 0 0 0 0 0 0 0 0 1024 0 
0 0 0 0 1024 0 0 0 0 0 0 0 0 1022 2 0 0 0 0 0 0 0 1024 0 
0 0 0 0 1024 0 0 0 0 0 0 0 0 1024 0 0 0 0 0 0 0 0 1024 0 
0 0 0 0 1024 0 0 0 0 0 0 0 0 1024 0 0 0 0 0 0 0 0 1024 0 
0 0 0 0 1024 0 0 0 0 0 0 0 0 1020 4 0 0 0 0 0 0 0 1024 0 
0 0 0 0 1024 0 0 0 0 0 0 0 0 1024 0 0 0 0 0 0 0 8 1016 0 
0 0 0 0 1024 0 0 0 0 0 0 0 0 1024 0 0 0 0 0 0 0 0 1024 0 
2 18 4 6 991 3 0 0 0 1 18 5 4 983 13 0 0 0 7 15 4 17 981 0 
1 279 28 14 685 17 0 0 0 0 269 36 17 668 34 0 0 0 176 122 16 46 664 0 
0 663 54 13 275 19 0 0 0 0 674 43 11 259 37 0 0 0 417 294 11 38 264 0 
9 801 157 6 40 11 0 0 1 81 796 88 6 36 16 0 16 71 596 280 8 10 43 0 
461 547 16 0 0 0 0 0 284 424 311 5 0 0 0 0 484 249 227 64 0 0 0 0 
880 144 0 0 0 0 0 0 553 471 0 0 0 0 0 0 959 65 0 0 0 0 0 0 
935 89 0 0 0 0 0 0 507 508 9 0 0 0 0 0 1001 23 0 0 0 0 0 0 
790 233 1 0 0 0 0 0 416 568 40 0 0 0 0 0 937 87 0 0 0 0 0 0 
521 479 21 3 0 0 0 0 256 583 182 2 1 0 0 0 928 93 3 0 0 0 0 0 
482 541 1 0 0 0 0 0 109 790 125 0 0 0 0 0 986 38 0 0 0 0 0 0 
306 631 68 17 2 0 0 0 75 727 198 22 2 0 0 0 897 111 16 0 0 0 0 0 
594 396 34 0 0 0 0 0 266 673 82 3 0 0 0 0 933 90 1 0 0 0 0 0 
627 326 70 1 0 0 0 0 329 495 162 38 0 0 0 0 883 136 5 0 0 0 0 0 
465 480 47 0 0 0 0 0 116 624 238 14 0 0 0 0 850 140 2 0 0 0 0 0 
56 963 5 0 0 0 0 0 0 997 27 0 0 0 0 0 18 1002 4 0 0 0 0 0 
7 1015 2 0 0 0 0 0 0 999 25 0 0 0 0 0 8 1016 0 0 0 0 0 0 
8 1016 0 0 0 0 0 0 0 898 126 0 0 0 0 0 17 1007 0 0 0 0 0 0 
21 1003 0 0 0 0 0 0 2 989 33 0 0 0 0 0 14 1010 0 0 0 0 0 0 
6 1018 0 0 0 0 0 0 1 872 151 0 0 0 0 0 6 1017 1 0 0 0 0 0 
3 1018 3 0 0 0 0 0 0 730 294 0 0 0 0 0 2 1022 0 0 0 0 0 0 
42 982 0 0 0 0 0 0 0 764 260 0 0 0 0 0 1 1022 1 0 0 0 0 0 
77 932 15 0 0 0 0 0 0 754 268 2 0 0 0 0 14 988 22 0 0 0 0 0 
4 1020 0 0 0 0 0 0 0 683 341 0 0 0 0 0 0 1022 2 0 0 0 0 0 
16 870 126 11 1 0 0 0 0 466 529 25 4 0 0 0 5 892 116 11 0 0 0 0 
14 751 240 19 0 0 0 0 0 171 793 60 0 0 0 0 22 796 197 9 0 0 0 0 
27 977 20 0 0 0 0 0 0 641 383 0 0 0 0 0 3 991 30 0 0 0 0 0 
43 973 8 0 0 0 0 0 0 773 251 0 0 0 0 0 5 993 26 0 0 0 0 0 
12 830 177 5 0 0 0 0 0 324 622 78 0 0 0 0 4 822 198 0 0 0 0 0 
5 812 192 15 0 0 0 0 0 208 751 65 0 0 0 0 1 731 281 11 0 0 0 0 
24 893 98 8 1 0 0 0 0 251 730 40 3 0 0 0 1 802 211 9 1 0 0 0 
27 888 102 7 0 0 0 0 0 278 717 25 4 0 0 0 0 715 299 10 0 0 0 0 
10 983 31 0 0 0 0 0 0 256 750 18 0 0 0 0 0 484 518 22 0 0 0 0 
10 613 346 14 35 6 0 0 0 237 401 333 11 30 12 0 0 274 507 187 10 11 35 0 
0 56 556 209 199 4 0 0 0 6 180 555 77 190 16 0 0 1 186 554 59 83 141 0 
0 1 560 290 173 0 0 0 0 0 9 604 206 200 5 0 0 0 5 562 121 184 152 0 
0 9 527 341 147 0 0 0 0 0 48 442 344 186 4 0 0 0 0 358 236 302 128 0 
0 3 431 409 181 0 0 0 0 0 4 376 445 197 2 0 0 0 0 164 327 382 151 0 
0 2 301 458 263 0 0 0 0 0 0 269 488 267 0 0 0 0 0 107 361 330 226 0 
0 0 240 372 412 0 0 0 0 0 0 190 466 368 0 0 0 0 0 3 384 436 201 0 
0 0 263 459 302 0 0 0 0 0 0 116 564 342 2 0 0 0 0 0 377 409 238 0 
0 50 243 412 319 0 0 0 0 0 14 91 598 321 0 0 0 0 0 64 312 402 246 0 
0 227 91 367 339 0 0 0 0 0 73 228 374 349 0 0 0 0 0 270 77 400 277 0 
0 347 97 238 342 0 0 0 0 0 202 232 176 413 1 0 0 0 118 302 31 267 306 0 
3 588 32 36 356 9 0 0 0 0 583 35 33 354 19 0 0 0 488 122 26 82 306 0 
1 924 17 10 62 10 0 0 0 1 917 23 10 58 15 0 0 0 862 77 9 21 54 1 
16 995 13 0 0 0 0 0 0 19 993 12 0 0 0 0 6 35 979 4 0 0 0 0 
241 754 29 0 0 0 0 0 17 416 548 43 0 0 0 0 290 197 526 11 0 0 0 0 
621 374 29 0 0 0 0 0 138 741 115 30 0 0 0 0 745 172 97 10 0 0 0 0 
812 207 5 0 0 0 0 0 310 677 36 1 0 0 0 0 975 48 1 0 0 0 0 0 
761 263 0 0 0 0 0 0 333 639 52 0 0 0 0 0 955 69 0 0 0 0 0 0 
790 145 62 27 0 0 0 0 457 436 88 43 0 0 0 0 868 93 53 10 0 0 0 0 
651 305 46 19 3 0 0 0 278 562 146 33 5 0 0 0 856 130 28 9 1 0 0 0 
828 195 1 0 0 0 0 0 257 753 14 0 0 0 0 0 992 32 0 0 0 0 0 0 
834 185 5 0 0 0 0 0 295 707 20 2 0 0 0 0 976 45 3 0 0 0 0 0 
702 318 4 0 0 0 0 0 264 754 6 0 0 0 0 0 994 28 2 0 0 0 0 0 
549 475 0 0 0 0 0 0 148 855 21 0 0 0 0 0 968 56 0 0 0 0 0 0 
750 254 19 1 0 0 0 0 413 513 96 2 0 0 0 0 924 96 4 0 0 0 0 0 
706 257 29 0 0 0 0 0 405 472 112 3 0 0 0 0 870 119 3 0 0 0 0 0 
32 746 234 12 0 0 0 0 1 391 592 37 3 0 0 0 48 845 126 5 0 0 0 0 
47 767 147 59 4 0 0 0 3 693 223 99 6 0 0 0 35 811 149 27 2 0 0 0 
50 810 126 26 12 0 0 0 4 712 238 54 16 0 0 0 68 818 103 28 7 0 0 0 
13 947 52 11 1 0 0 0 0 768 238 16 2 0 0 0 36 947 36 5 0 0 0 0 
43 977 4 0 0 0 0 0 2 940 82 0 0 0 0 0 24 996 4 0 0 0 0 0 
17 991 16 0 0 0 0 0 3 841 180 0 0 0 0 0 30 987 7 0 0 0 0 0 
17 1007 0 0 0 0 0 0 0 935 89 0 0 0 0 0 4 1020 0 0 0 0 0 0 
39 941 44 0 0 0 0 0 1 764 256 3 0 0 0 0 23 958 43 0 0 0 0 0 
48 958 16 2 0 0 0 0 4 877 135 8 0 0 0 0 35 970 17 2 0 0 0 0 
14 920 86 4 0 0 0 0 0 735 263 26 0 0 0 0 4 927 90 3 0 0 0 0 
5 365 610 44 0 0 0 0 0 203 561 259 1 0 0 0 6 425 580 13 0 0 0 0 
20 769 231 4 0 0 0 0 0 462 520 42 0 0 0 0 14 809 200 1 0 0 0 0 
72 951 1 0 0 0 0 0 2 906 116 0 0 0 0 0 14 1008 2 0 0 0 0 0 
224 800 0 0 0 0 0 0 0 826 198 0 0 0 0 0 6 1017 1 0 0 0 0 0 
70 919 35 0 0 0 0 0 0 683 332 9 0 0 0 0 9 945 70 0 0 0 0 0 
84 780 153 7 0 0 0 0 0 502 472 49 1 0 0 0 14 822 181 7 0 0 0 0 
21 763 231 9 0 0 0 0 0 157 773 90 4 0 0 0 4 646 364 10 0 0 0 0 
33 931 57 3 0 0 0 0 0 264 747 12 1 0 0 0 3 776 242 3 0 0 0 0 
14 1001 9 0 0 0 0 0 0 638 384 2 0 0 0 0 0 869 155 0 0 0 0 0 
6 937 81 0 0 0 0 0 0 497 500 27 0 0 0 0 0 579 440 5 0 0 0 0 
0 477 521 25 1 0 0 0 0 35 568 415 6 0 0 0 0 150 589 281 4 0 0 0 
1 363 581 79 0 0 0 0 0 2 485 536 1 0 0 0 0 4 451 560 9 0 0 0 
0 418 530 67 9 0 0 0 0 0 466 544 11 3 0 0 0 0 308 694 19 3 0 0 
0 559 463 2 0 0 0 0 0 1 470 544 9 0 0 0 0 0 307 691 26 0 0 0 
0 727 291 6 0 0 0 0 0 0 609 402 13 0 0 0 0 0 405 533 85 1 0 0 
8 759 252 5 0 0 0 0 0 10 596 409 9 0 0 0 0 0 441 527 56 0 0 0 
0 1009 15 0 0 0 0 0 0 14 825 185 0 0 0 0 0 0 574 444 6 0 0 0 
6 1008 10 0 0 0 0 0 0 24 928 72 0 0 0 0 0 0 742 282 0 0 0 0 
0 1008 16 0 0 0 0 0 0 14 1006 4 0 0 0 0 0 1 989 34 0 0 0 0 
4 1020 0 0 0 0 0 0 0 238 782 4 0 0 0 0 0 68 956 0 0 0 0 0 
113 911 0 0 0 0 0 0 18 436 566 4 0 0 0 0 123 272 629 0 0 0 0 0 
460 558 6 0 0 0 0 0 72 846 106 0 0 0 0 0 730 225 69 0 0 0 0 0 
561 463 0 0 0 0 0 0 90 871 63 0 0 0 0 0 947 77 0 0 0 0 0 0 
613 405 6 0 0 0 0 0 112 835 77 0 0 0 0 0 954 70 0 0 0 0 0 0 
747 277 0 0 0 0 0 0 218 782 24 0 0 0 0 0 965 59 0 0 0 0 0 0 
522 477 25 0 0 0 0 0 86 790 147 1 0 0 0 0 932 92 0 0 0 0 0 0 
471 358 157 38 0 0 0 0 107 598 222 96 1 0 0 0 713 206 101 4 0 0 0 0 
589 387 40 6 2 0 0 0 298 516 196 12 2 0 0 0 924 90 8 2 0 0 0 0 
133 595 286 10 0 0 0 0 31 621 355 16 1 0 0 0 705 305 14 0 0 0 0 0 
300 632 92 0 0 0 0 0 115 500 408 1 0 0 0 0 839 184 1 0 0 0 0 0 
342 656 26 0 0 0 0 0 85 669 266 4 0 0 0 0 898 125 1 0 0 0 0 0 
933 91 0 0 0 0 0 0 619 405 0 0 0 0 0 0 1020 4 0 0 0 0 0 0 
912 103 9 0 0 0 0 0 760 215 49 0 0 0 0 0 977 45 2 0 0 0 0 0 
713 268 11 0 0 0 0 0 428 457 106 1 0 0 0 0 891 101 0 0 0 0 0 0 
13 774 183 54 0 0 0 0 1 484 426 110 3 0 0 0 25 801 158 40 0 0 0 0 
8 724 247 45 0 0 0 0 0 366 548 107 3 0 0 0 52 769 189 14 0 0 0 0 
41 749 168 59 7 0 0 0 0 481 430 101 12 0 0 0 64 779 139 38 4 0 0 0 
17 758 137 110 2 0 0 0 0 393 471 152 8 0 0 0 92 742 109 81 0 0 0 0 
10 946 57 10 1 0 0 0 0 789 216 14 5 0 0 0 24 944 49 6 1 0 0 0 
75 592 169 183 5 0 0 0 8 437 338 221 20 0 0 0 99 624 151 149 1 0 0 0 
84 699 62 173 6 0 0 0 3 626 200 171 24 0 0 0 61 742 88 129 4 0 0 0 
15 990 19 0 0 0 0 0 0 838 185 1 0 0 0 0 24 983 17 0 0 0 0 0 
124 871 28 1 0 0 0 0 15 807 201 1 0 0 0 0 44 958 22 0 0 0 0 0 
32 987 5 0 0 0 0 0 1 820 203 0 0 0 0 0 26 998 0 0 0 0 0 0 
54 959 11 0 0 0 0 0 0 777 247 0 0 0 0 0 20 998 6 0 0 0 0 0 
34 990 0 0 0 0 0 0 1 960 63 0 0 0 0 0 17 1006 1 0 0 0 0 0 
159 854 11 0 0 0 0 0 12 928 84 0 0 0 0 0 30 974 20 0 0 0 0 0 
194 828 2 0 0 0 0 0 4 874 146 0 0 0 0 0 44 978 2 0 0 0 0 0 
135 889 0 0 0 0 0 0 0 903 121 0 0 0 0 0 27 997 0 0 0 0 0 0 
102 922 0 0 0 0 0 0 0 833 191 0 0 0 0 0 6 1010 8 0 0 0 0 0 
28 995 1 0 0 0 0 0 0 359 665 0 0 0 0 0 2 987 35 0 0 0 0 0 
32 981 11 0 0 0 0 0 0 408 613 3 0 0 0 0 1 960 63 0 0 0 0 0 
36 988 0 0 0 0 0 0 0 420 604 0 0 0 0 0 2 971 51 0 0 0 0 0 
94 930 0 0 0 0 0 0 0 662 362 0 0 0 0 0 0 989 35 0 0 0 0 0 
33 958 31 2 0 0 0 0 0 536 467 21 0 0 0 0 0 825 181 18 0 0 0 0 
5 849 169 1 0 0 0 0 0 173 748 103 0 0 0 0 0 342 616 66 0 0 0 0 
20 787 200 17 0 0 0 0 0 63 772 184 5 0 0 0 0 216 693 115 0 0 0 0 
29 926 62 3 3 1 0 0 0 180 799 40 2 2 1 0 0 300 683 37 2 2 0 0 
3 903 113 5 0 0 0 0 0 52 895 76 1 0 0 0 0 238 731 55 0 0 0 0 
6 967 51 0 0 0 0 0 0 166 841 17 0 0 0 0 0 251 751 22 0 0 0 0 
16 934 69 5 0 0 0 0 0 148 815 61 0 0 0 0 0 258 729 37 0 0 0 0 
21 990 13 0 0 0 0 0 0 172 848 4 0 0 0 0 0 255 768 1 0 0 0 0 
31 992 1 0 0 0 0 0 0 273 751 0 0 0 0 0 0 358 666 0 0 0 0 0 
245 772 7 0 0 0 0 0 8 615 401 0 0 0 0 0 305 493 226 0 0 0 0 0 
569 454 1 0 0 0 0 0 84 885 55 0 0 0 0 0 853 170 1 0 0 0 0 0 
736 286 2 0 0 0 0 0 197 802 25 0 0 0 0 0 999 25 0 0 0 0 0 0 
659 348 17 0 0 0 0 0 149 786 86 3 0 0 0 0 936 88 0 0 0 0 0 0 
558 442 24 0 0 0 0 0 153 701 168 2 0 0 0 0 910 114 0 0 0 0 0 0 
657 367 0 0 0 0 0 0 184 804 36 0 0 0 0 0 984 40 0 0 0 0 0 0 
561 421 42 0 0 0 0 0 111 646 262 5 0 0 0 0 948 76 0 0 0 0 0 0 
328 627 67 2 0 0 0 0 65 638 310 11 0 0 0 0 947 75 2 0 0 0 0 0 
172 795 57 0 0 0 0 0 20 699 294 11 0 0 0 0 934 90 0 0 0 0 0 0 
292 643 89 0 0 0 0 0 28 761 235 0 0 0 0 0 906 117 1 0 0 0 0 0 
342 535 147 0 0 0 0 0 53 577 392 2 0 0 0 0 892 132 0 0 0 0 0 0 
710 278 36 0 0 0 0 0 397 557 64 6 0 0 0 0 974 44 6 0 0 0 0 0 
918 103 3 0 0 0 0 0 857 125 42 0 0 0 0 0 960 64 0 0 0 0 0 0 
802 210 12 0 0 0 0 0 597 363 63 1 0 0 0 0 930 89 5 0 0 0 0 0 
802 189 1 0 0 0 0 0 328 629 35 0 0 0 0 0 931 61 0 0 0 0 0 0 
11 1012 1 0 0 0 0 0 0 834 190 0 0 0 0 0 37 987 0 0 0 0 0 0 
6 1016 2 0 0 0 0 0 0 609 415 0 0 0 0 0 36 985 3 0 0 0 0 0 
18 961 38 7 0 0 0 0 0 622 389 12 1 0 0 0 47 944 29 4 0 0 0 0 
57 879 66 22 0 0 0 0 7 662 323 28 4 0 0 0 115 843 52 14 0 0 0 0 
46 885 93 0 0 0 0 0 0 706 315 3 0 0 0 0 88 883 53 0 0 0 0 0 
19 789 154 54 7 1 0 0 2 454 466 84 16 2 0 0 55 826 104 35 3 1 0 0 
75 655 197 93 4 0 0 0 14 527 302 162 19 0 0 0 80 682 199 60 3 0 0 0 
101 919 4 0 0 0 0 0 2 817 205 0 0 0 0 0 87 933 4 0 0 0 0 0 
13 1008 3 0 0 0 0 0 2 749 273 0 0 0 0 0 63 960 1 0 0 0 0 0 
106 917 1 0 0 0 0 0 2 821 201 0 0 0 0 0 63 961 0 0 0 0 0 0 
84 938 2 0 0 0 0 0 0 755 269 0 0 0 0 0 47 977 0 0 0 0 0 0 
60 963 1 0 0 0 0 0 0 853 171 0 0 0 0 0 36 987 1 0 0 0 0 0 
26 991 7 0 0 0 0 0 0 661 363 0 0 0 0 0 15 1002 7 0 0 0 0 0 
94 930 0 0 0 0 0 0 0 747 277 0 0 0 0 0 30 993 1 0 0 0 0 0 
176 848 0 0 0 0 0 0 2 882 140 0 0 0 0 0 21 1003 0 0 0 0 0 0 
154 870 0 0 0 0 0 0 1 840 183 0 0 0 0 0 23 1001 0 0 0 0 0 0 
231 793 0 0 0 0 0 0 0 815 209 0 0 0 0 0 22 999 3 0 0 0 0 0 
232 792 0 0 0 0 0 0 0 893 131 0 0 0 0 0 13 1011 0 0 0 0 0 0 
132 892 0 0 0 0 0 0 1 765 258 0 0 0 0 0 32 992 0 0 0 0 0 0 
64 960 0 0 0 0 0 0 0 805 219 0 0 0 0 0 2 1020 2 0 0 0 0 0 
57 961 6 0 0 0 0 0 0 367 653 4 0 0 0 0 10 997 17 0 0 0 0 0 
14 894 113 3 0 0 0 0 0 224 741 59 0 0 0 0 7 820 193 4 0 0 0 0 
13 459 545 7 0 0 0 0 0 81 471 471 1 0 0 0 10 550 458 6 0 0 0 0 
8 941 75 0 0 0 0 0 0 170 808 46 0 0 0 0 0 833 188 3 0 0 0 0 
5 1010 9 0 0 0 0 0 0 112 912 0 0 0 0 0 0 917 107 0 0 0 0 0 
10 1014 0 0 0 0 0 0 0 272 752 0 0 0 0 0 0 876 148 0 0 0 0 0 
32 992 0 0 0 0 0 0 0 366 658 0 0 0 0 0 0 931 93 0 0 0 0 0 
50 974 0 0 0 0 0 0 0 435 589 0 0 0 0 0 53 843 128 0 0 0 0 0 
214 810 0 0 0 0 0 0 3 610 411 0 0 0 0 0 514 433 77 0 0 0 0 0 
551 466 7 0 0 0 0 0 90 754 180 0 0 0 0 0 921 103 0 0 0 0 0 0 
440 580 4 0 0 0 0 0 50 860 114 0 0 0 0 0 961 63 0 0 0 0 0 0 
918 99 7 0 0 0 0 0 568 444 7 5 0 0 0 0 994 28 2 0 0 0 0 0 
859 161 4 0 0 0 0 0 535 446 43 0 0 0 0 0 979 45 0 0 0 0 0 0 
590 424 10 0 0 0 0 0 250 658 116 0 0 0 0 0 935 89 0 0 0 0 0 0 
310 701 13 0 0 0 0 0 24 896 104 0 0 0 0 0 965 59 0 0 0 0 0 0 
801 204 19 0 0 0 0 0 320 642 59 3 0 0 0 0 965 59 0 0 0 0 0 0 
971 52 1 0 0 0 0 0 760 262 2 0 0 0 0 0 1016 8 0 0 0 0 0 0 
743 272 9 0 0 0 0 0 360 588 76 0 0 0 0 0 985 39 0 0 0 0 0 0 
708 280 36 0 0 0 0 0 291 589 121 23 0 0 0 0 988 36 0 0 0 0 0 0 
667 346 11 0 0 0 0 0 53 876 94 1 0 0 0 0 957 67 0 0 0 0 0 0 
616 382 26 0 0 0 0 0 213 686 109 16 0 0 0 0 960 63 1 0 0 0 0 0 
901 111 12 0 0 0 0 0 569 422 27 6 0 0 0 0 980 35 9 0 0 0 0 0 
963 61 0 0 0 0 0 0 742 281 1 0 0 0 0 0 1015 9 0 0 0 0 0 0 
942 50 0 0 0 0 0 0 775 217 0 0 0 0 0 0 965 27 0 0 0 0 0 0 
16 1001 7 0 0 0 0 0 0 895 129 0 0 0 0 0 96 928 0 0 0 0 0 0 
38 986 0 0 0 0 0 0 0 886 138 0 0 0 0 0 157 867 0 0 0 0 0 0 
117 906 1 0 0 0 0 0 2 849 173 0 0 0 0 0 188 836 0 0 0 0 0 0 
63 959 2 0 0 0 0 0 4 631 389 0 0 0 0 0 111 913 0 0 0 0 0 0 
91 930 3 0 0 0 0 0 3 672 349 0 0 0 0 0 194 830 0 0 0 0 0 0 
91 925 8 0 0 0 0 0 4 834 185 1 0 0 0 0 176 843 5 0 0 0 0 0 
115 845 38 24 2 0 0 0 0 674 306 30 14 0 0 0 164 803 36 21 0 0 0 0 
85 934 5 0 0 0 0 0 0 716 308 0 0 0 0 0 150 873 1 0 0 0 0 0 
82 912 30 0 0 0 0 0 1 798 220 5 0 0 0 0 111 887 26 0 0 0 0 0 
83 940 1 0 0 0 0 0 7 828 189 0 0 0 0 0 133 891 0 0 0 0 0 0 
8 1016 0 0 0 0 0 0 0 498 526 0 0 0 0 0 42 982 0 0 0 0 0 0 
72 952 0 0 0 0 0 0 1 712 311 0 0 0 0 0 64 960 0 0 0 0 0 0 
127 897 0 0 0 0 0 0 1 842 181 0 0 0 0 0 58 966 0 0 0 0 0 0 
66 957 1 0 0 0 0 0 0 549 475 0 0 0 0 0 55 969 0 0 0 0 0 0 
141 883 0 0 0 0 0 0 1 726 297 0 0 0 0 0 49 972 3 0 0 0 0 0 
26 988 10 0 0 0 0 0 0 501 521 2 0 0 0 0 24 998 2 0 0 0 0 0 
115 881 28 0 0 0 0 0 2 676 340 6 0 0 0 0 54 956 14 0 0 0 0 0 
69 716 237 2 0 0 0 0 0 381 464 179 0 0 0 0 73 900 51 0 0 0 0 0 
10 486 520 8 0 0 0 0 0 244 299 481 0 0 0 0 31 890 103 0 0 0 0 0 
6 244 766 8 0 0 0 0 1 106 244 673 0 0 0 0 8 835 181 0 0 0 0 0 
14 104 893 13 0 0 0 0 5 29 311 679 0 0 0 0 21 748 253 2 0 0 0 0 
9 64 920 31 0 0 0 0 0 40 380 603 1 0 0 0 26 809 189 0 0 0 0 0 
11 336 672 4 1 0 0 0 0 195 375 452 2 0 0 0 15 893 115 1 0 0 0 0 
50 487 479 4 2 2 0 0 1 300 474 244 2 3 0 0 44 862 113 1 3 1 0 0 
42 855 127 0 0 0 0 0 0 633 347 44 0 0 0 0 23 978 23 0 0 0 0 0 
83 922 19 0 0 0 0 0 1 777 241 5 0 0 0 0 108 895 21 0 0 0 0 0 
132 888 4 0 0 0 0 0 2 598 424 0 0 0 0 0 340 684 0 0 0 0 0 0 
447 575 2 0 0 0 0 0 90 631 303 0 0 0 0 0 839 185 0 0 0 0 0 0 
442 541 41 0 0 0 0 0 46 739 233 6 0 0 0 0 904 120 0 0 0 0 0 0 
400 527 95 2 0 0 0 0 112 668 213 31 0 0 0 0 892 130 2 0 0 0 0 0 
291 638 92 3 0 0 0 0 32 615 355 22 0 0 0 0 920 98 6 0 0 0 0 0 
544 471 9 0 0 0 0 0 220 684 120 0 0 0 0 0 924 100 0 0 0 0 0 0 
527 430 67 0 0 0 0 0 167 617 203 37 0 0 0 0 923 101 0 0 0 0 0 0 
540 451 33 0 0 0 0 0 223 596 197 8 0 0 0 0 977 47 0 0 0 0 0 0 
720 239 65 0 0 0 0 0 494 396 130 4 0 0 0 0 952 70 2 0 0 0 0 0 
895 129 0 0 0 0 0 0 604 403 17 0 0 0 0 0 980 44 0 0 0 0 0 0 
550 444 30 0 0 0 0 0 130 730 155 9 0 0 0 0 954 69 1 0 0 0 0 0 
679 342 3 0 0 0 0 0 89 867 68 0 0 0 0 0 989 35 0 0 0 0 0 0 
744 265 15 0 0 0 0 0 108 848 63 5 0 0 0 0 998 25 1 0 0 0 0 0 
905 115 4 0 0 0 0 0 607 377 39 1 0 0 0 0 983 40 1 0 0 0 0 0 
962 54 8 0 0 0 0 0 795 202 27 0 0 0 0 0 996 28 0 0 0 0 0 0 
1020 4 0 0 0 0 0 0 901 123 0 0 0 0 0 0 1024 0 0 0 0 0 0 0 
991 27 6 0 0 0 0 0 847 161 16 0 0 0 0 0 1001 23 0 0 0 0 0 0 
850 128 14 0 0 0 0 0 693 255 44 0 0 0 0 0 931 60 1 0 0 0 0 0 
157 867 0 0 0 0 0 0 0 720 304 0 0 0 0 0 188 836 0 0 0 0 0 0 
107 916 1 0 0 0 0 0 0 647 377 0 0 0 0 0 289 735 0 0 0 0 0 0 
150 853 19 2 0 0 0 0 7 684 328 5 0 0 0 0 304 712 8 0 0 0 0 0 
187 837 0 0 0 0 0 0 4 914 106 0 0 0 0 0 303 721 0 0 0 0 0 0 
42 968 14 0 0 0 0 0 0 853 169 2 0 0 0 0 113 906 5 0 0 0 0 0 
71 891 57 5 0 0 0 0 3 620 383 18 0 0 0 0 164 835 25 0 0 0 0 0 
99 896 29 0 0 0 0 0 4 739 281 0 0 0 0 0 213 803 8 0 0 0 0 0 
101 917 6 0 0 0 0 0 3 765 256 0 0 0 0 0 180 844 0 0 0 0 0 0 
31 977 16 0 0 0 0 0 0 674 350 0 0 0 0 0 192 831 1 0 0 0 0 0 
72 948 4 0 0 0 0 0 6 881 137 0 0 0 0 0 160 862 2 0 0 0 0 0 
30 993 1 0 0 0 0 0 0 740 284 0 0 0 0 0 136 888 0 0 0 0 0 0 
15 1008 1 0 0 0 0 0 0 627 397 0 0 0 0 0 80 944 0 0 0 0 0 0 
66 911 38 9 0 0 0 0 1 683 313 26 1 0 0 0 102 892 27 3 0 0 0 0 
76 691 241 6 4 6 0 0 0 463 396 154 5 6 0 0 103 880 26 6 8 1 0 0 
29 464 531 0 0 0 0 0 1 315 207 501 0 0 0 0 72 950 2 0 0 0 0 0 
4 283 737 0 0 0 0 0 0 62 193 769 0 0 0 0 12 1000 12 0 0 0 0 0 
7 373 644 0 0 0 0 0 0 23 154 847 0 0 0 0 39 977 8 0 0 0 0 0 
12 528 484 0 0 0 0 0 0 18 217 789 0 0 0 0 33 976 15 0 0 0 0 0 
9 409 603 3 0 0 0 0 0 47 288 689 0 0 0 0 53 941 30 0 0 0 0 0 
28 530 455 7 3 1 0 0 0 260 313 444 5 2 0 0 123 850 44 5 2 0 0 0 
163 682 176 3 0 0 0 0 10 691 181 142 0 0 0 0 172 804 45 3 0 0 0 0 
103 834 86 1 0 0 0 0 0 642 344 38 0 0 0 0 76 914 34 0 0 0 0 0 
94 814 101 15 0 0 0 0 0 516 437 71 0 0 0 0 68 896 59 1 0 0 0 0 
68 939 16 1 0 0 0 0 0 394 625 5 0 0 0 0 95 914 13 2 0 0 0 0 
59 965 0 0 0 0 0 0 7 318 699 0 0 0 0 0 305 719 0 0 0 0 0 0 
402 619 3 0 0 0 0 0 67 619 338 0 0 0 0 0 754 270 0 0 0 0 0 0 
799 223 2 0 0 0 0 0 380 610 33 1 0 0 0 0 948 75 1 0 0 0 0 0 
565 424 35 0 0 0 0 0 108 694 214 8 0 0 0 0 896 128 0 0 0 0 0 0 
545 457 22 0 0 0 0 0 220 659 141 4 0 0 0 0 954 69 1 0 0 0 0 0 
586 413 25 0 0 0 0 0 202 720 101 1 0 0 0 0 944 80 0 0 0 0 0 0 
515 498 11 0 0 0 0 0 75 844 99 6 0 0 0 0 961 60 3 0 0 0 0 0 
377 621 26 0 0 0 0 0 47 769 204 4 0 0 0 0 954 70 0 0 0 0 0 0 
603 395 26 0 0 0 0 0 208 627 179 10 0 0 0 0 958 65 1 0 0 0 0 0 
800 192 32 0 0 0 0 0 652 243 117 12 0 0 0 0 967 57 0 0 0 0 0 0 
752 234 35 3 0 0 0 0 345 552 109 18 0 0 0 0 966 48 10 0 0 0 0 0 
868 149 7 0 0 0 0 0 388 603 33 0 0 0 0 0 992 31 1 0 0 0 0 0 
992 32 0 0 0 0 0 0 494 529 1 0 0 0 0 0 1019 5 0 0 0 0 0 0 
1024 0 0 0 0 0 0 0 849 175 0 0 0 0 0 0 1024 0 0 0 0 0 0 0 
1023 1 0 0 0 0 0 0 957 67 0 0 0 0 0 0 1024 0 0 0 0 0 0 0 
1024 0 0 0 0 0 0 0 907 117 0 0 0 0 0 0 1024 0 0 0 0 0 0 0 
941 83 0 0 0 0 0 0 803 209 12 0 0 0 0 0 991 33 0 0 0 0 0 0 
964 59 1 0 0 0 0 0 763 254 7 0 0 0 0 0 1000 24 0 0 0 0 0 0 
945 79 0 0 0 0 0 0 776 230 18 0 0 0 0 0 999 25 0 0 0 0 0 0 
934 58 0 0 0 0 0 0 869 117 6 0 0 0 0 0 946 46 0 0 0 0 0 0 
45 970 9 0 0 0 0 0 0 343 681 0 0 0 0 0 282 742 0 0 0 0 0 0 
23 999 2 0 0 0 0 0 0 152 872 0 0 0 0 0 370 654 0 0 0 0 0 0 
84 935 5 0 0 0 0 0 0 418 606 0 0 0 0 0 316 708 0 0 0 0 0 0 
158 853 13 0 0 0 0 0 7 731 286 0 0 0 0 0 288 730 6 0 0 0 0 0 
194 827 3 0 0 0 0 0 7 831 186 0 0 0 0 0 352 671 1 0 0 0 0 0 
134 889 1 0 0 0 0 0 0 827 197 0 0 0 0 0 174 850 0 0 0 0 0 0 
40 952 32 0 0 0 0 0 3 659 362 0 0 0 0 0 240 781 3 0 0 0 0 0 
83 922 19 0 0 0 0 0 0 574 449 1 0 0 0 0 202 820 2 0 0 0 0 0 
159 861 4 0 0 0 0 0 0 877 147 0 0 0 0 0 300 724 0 0 0 0 0 0 
145 850 26 3 0 0 0 0 0 793 216 13 2 0 0 0 309 703 10 2 0 0 0 0 
102 654 207 59 2 0 0 0 4 521 327 153 18 1 0 0 218 693 111 1 1 0 0 0 
8 454 196 266 100 0 0 0 0 214 370 174 266 0 0 0 130 442 417 35 0 0 0 0 
1 211 420 348 44 0 0 0 0 19 260 497 243 5 0 0 79 506 406 33 0 0 0 0 
5 150 515 210 144 0 0 0 0 36 190 460 338 0 0 0 91 573 331 29 0 0 0 0 
13 241 433 158 179 0 0 0 1 67 215 483 258 0 0 0 110 592 297 25 0 0 0 0 
13 276 552 170 13 0 0 0 0 99 347 517 61 0 0 0 121 708 194 1 0 0 0 0 
22 408 545 45 2 2 0 0 0 114 445 458 3 3 1 0 134 817 69 2 2 0 0 0 
18 520 439 21 17 7 2 0 3 188 373 429 15 11 5 0 176 790 24 20 9 5 0 0 
42 576 391 14 1 0 0 0 0 234 516 271 3 0 0 0 182 807 33 2 0 0 0 0 
75 732 217 0 0 0 0 0 2 418 452 152 0 0 0 0 269 732 23 0 0 0 0 0 
197 811 15 1 0 0 0 0 2 665 350 7 0 0 0 0 335 685 4 0 0 0 0 0 
118 904 2 0 0 0 0 0 1 648 375 0 0 0 0 0 216 808 0 0 0 0 0 0 
102 922 0 0 0 0 0 0 0 466 558 0 0 0 0 0 336 688 0 0 0 0 0 0 
206 811 7 0 0 0 0 0 3 682 339 0 0 0 0 0 701 323 0 0 0 0 0 0 
545 477 2 0 0 0 0 0 177 666 181 0 0 0 0 0 953 71 0 0 0 0 0 0 
644 346 34 0 0 0 0 0 216 671 133 4 0 0 0 0 908 114 2 0 0 0 0 0 
641 357 26 0 0 0 0 0 249 625 148 2 0 0 0 0 920 104 0 0 0 0 0 0 
468 516 40 0 0 0 0 0 102 704 213 5 0 0 0 0 929 92 3 0 0 0 0 0 
403 601 20 0 0 0 0 0 193 618 211 2 0 0 0 0 956 68 0 0 0 0 0 0 
498 501 25 0 0 0 0 0 143 728 149 4 0 0 0 0 940 83 1 0 0 0 0 0 
638 342 44 0 0 0 0 0 201 624 182 17 0 0 0 0 914 109 1 0 0 0 0 0 
589 391 44 0 0 0 0 0 196 560 263 5 0 0 0 0 940 82 2 0 0 0 0 0 
384 599 41 0 0 0 0 0 61 706 247 10 0 0 0 0 987 37 0 0 0 0 0 0 
616 395 13 0 0 0 0 0 250 661 110 3 0 0 0 0 983 40 1 0 0 0 0 0 
821 178 25 0 0 0 0 0 370 572 73 9 0 0 0 0 980 43 1 0 0 0 0 0 
967 57 0 0 0 0 0 0 625 384 15 0 0 0 0 0 1002 22 0 0 0 0 0 0 
1021 3 0 0 0 0 0 0 966 58 0 0 0 0 0 0 1024 0 0 0 0 0 0 0 
1024 0 0 0 0 0 0 0 1022 2 0 0 0 0 0 0 1024 0 0 0 0 0 0 0 
1024 0 0 0 0 0 0 0 935 89 0 0 0 0 0 0 1024 0 0 0 0 0 0 0 
911 99 14 0 0 0 0 0 637 350 34 3 0 0 0 0 986 35 3 0 0 0 0 0 
954 69 1 0 0 0 0 0 773 233 18 0 0 0 0 0 983 41 0 0 0 0 0 0 
996 28 0 0 0 0 0 0 771 252 1 0 0 0 0 0 1011 13 0 0 0 0 0 0 
885 128 11 0 0 0 0 0 548 430 43 3 0 0 0 0 962 59 3 0 0 0 0 0 
736 253 3 0 0 0 0 0 432 513 46 1 0 0 0 0 934 58 0 0 0 0 0 0 
55 964 5 0 0 0 0 0 0 678 346 0 0 0 0 0 189 832 3 0 0 0 0 0 
86 926 12 0 0 0 0 0 1 664 359 0 0 0 0 0 235 789 0 0 0 0 0 0 
99 925 0 0 0 0 0 0 1 720 303 0 0 0 0 0 341 683 0 0 0 0 0 0 
102 917 5 0 0 0 0 0 11 769 244 0 0 0 0 0 325 699 0 0 0 0 0 0 
96 922 6 0 0 0 0 0 0 626 396 2 0 0 0 0 393 629 2 0 0 0 0 0 
118 900 6 0 0 0 0 0 0 591 433 0 0 0 0 0 282 735 7 0 0 0 0 0 
44 979 1 0 0 0 0 0 0 855 169 0 0 0 0 0 272 752 0 0 0 0 0 0 
71 928 25 0 0 0 0 0 0 875 147 2 0 0 0 0 331 688 5 0 0 0 0 0 
102 748 136 37 1 0 0 0 0 598 321 98 7 0 0 0 302 613 105 4 0 0 0 0 
10 277 201 364 172 0 0 0 0 94 302 240 388 0 0 0 115 341 562 6 0 0 0 0 
0 8 18 737 261 0 0 0 0 0 15 78 931 0 0 0 3 40 979 2 0 0 0 0 
0 0 18 767 239 0 0 0 0 0 5 200 819 0 0 0 0 23 999 2 0 0 0 0 
0 0 7 669 348 0 0 0 0 0 4 176 844 0 0 0 1 19 1000 4 0 0 0 0 
0 0 1 807 216 0 0 0 0 0 0 388 636 0 0 0 0 51 972 1 0 0 0 0 
11 370 56 449 138 0 0 0 1 170 254 142 457 0 0 0 118 318 571 17 0 0 0 0 
44 478 168 281 32 19 2 0 8 265 376 222 128 19 6 0 159 449 339 40 21 15 1 0 
55 604 332 31 2 0 0 0 11 393 364 247 9 0 0 0 273 676 62 13 0 0 0 0 
18 522 479 5 0 0 0 0 0 161 610 253 0 0 0 0 276 735 13 0 0 0 0 0 
11 772 236 5 0 0 0 0 0 83 882 59 0 0 0 0 425 589 10 0 0 0 0 0 
2 877 145 0 0 0 0 0 0 43 981 0 0 0 0 0 378 646 0 0 0 0 0 0 
233 786 5 0 0 0 0 0 9 475 540 0 0 0 0 0 633 391 0 0 0 0 0 0 
214 810 0 0 0 0 0 0 11 799 214 0 0 0 0 0 623 401 0 0 0 0 0 0 
465 555 4 0 0 0 0 0 39 801 184 0 0 0 0 0 873 151 0 0 0 0 0 0 
461 535 28 0 0 0 0 0 61 791 165 7 0 0 0 0 908 115 1 0 0 0 0 0 
254 729 41 0 0 0 0 0 30 657 330 7 0 0 0 0 942 82 0 0 0 0 0 0 
656 366 2 0 0 0 0 0 178 751 95 0 0 0 0 0 986 38 0 0 0 0 0 0 
854 164 6 0 0 0 0 0 475 525 23 1 0 0 0 0 984 39 1 0 0 0 0 0 
649 357 18 0 0 0 0 0 238 680 102 4 0 0 0 0 933 90 1 0 0 0 0 0 
617 392 15 0 0 0 0 0 261 661 101 1 0 0 0 0 959 63 2 0 0 0 0 0 
709 309 6 0 0 0 0 0 196 781 47 0 0 0 0 0 995 29 0 0 0 0 0 0 
738 272 14 0 0 0 0 0 321 599 103 1 0 0 0 0 941 81 2 0 0 0 0 0 
669 328 27 0 0 0 0 0 229 641 150 4 0 0 0 0 956 68 0 0 0 0 0 0 
891 133 0 0 0 0 0 0 484 529 11 0 0 0 0 0 1011 13 0 0 0 0 0 0 
1014 10 0 0 0 0 0 0 902 122 0 0 0 0 0 0 1023 1 0 0 0 0 0 0 
1024 0 0 0 0 0 0 0 887 137 0 0 0 0 0 0 1024 0 0 0 0 0 0 0 
1024 0 0 0 0 0 0 0 1011 13 0 0 0 0 0 0 1024 0 0 0 0 0 0 0 
1024 0 0 0 0 0 0 0 1024 0 0 0 0 0 0 0 1024 0 0 0 0 0 0 0 
1024 0 0 0 0 0 0 0 1024 0 0 0 0 0 0 0 1024 0 0 0 0 0 0 0 
961 57 6 0 0 0 0 0 882 120 20 2 0 0 0 0 986 37 1 0 0 0 0 0 
784 177 63 0 0 0 0 0 408 452 112 52 0 0 0 0 907 113 4 0 0 0 0 0 
947 77 0 0 0 0 0 0 647 369 8 0 0 0 0 0 988 36 0 0 0 0 0 0 
860 154 10 0 0 0 0 0 551 404 67 2 0 0 0 0 957 65 2 0 0 0 0 0 
1019 5 0 0 0 0 0 0 945 79 0 0 0 0 0 0 1024 0 0 0 0 0 0 0 
919 73 0 0 0 0 0 0 780 207 5 0 0 0 0 0 950 42 0 0 0 0 0 0 
42 981 1 0 0 0 0 0 0 756 268 0 0 0 0 0 246 778 0 0 0 0 0 0 
51 968 5 0 0 0 0 0 0 626 398 0 0 0 0 0 247 777 0 0 0 0 0 0 
94 907 23 0 0 0 0 0 1 687 334 2 0 0 0 0 272 749 3 0 0 0 0 0 
51 882 89 2 0 0 0 0 0 572 432 20 0 0 0 0 309 686 29 0 0 0 0 0 
141 669 161 53 0 0 0 0 17 541 331 122 13 0 0 0 344 592 86 2 0 0 0 0 
171 641 174 32 4 1 1 0 35 588 287 105 7 0 2 0 365 561 88 7 1 2 0 0 
196 376 236 79 58 47 28 4 24 429 188 232 50 59 34 8 332 392 110 50 54 54 28 4 
147 385 153 168 55 56 37 23 33 331 244 207 66 60 48 35 312 300 121 129 44 53 41 24 
147 282 287 268 19 11 7 3 33 312 248 375 35 9 8 4 282 394 299 27 9 8 2 3 
19 138 218 521 123 5 0 0 4 88 189 535 200 8 0 0 101 268 574 77 4 0 0 0 
35 281 207 342 159 0 0 0 2 194 245 355 224 4 0 0 128 295 464 126 11 0 0 0 
12 368 289 254 86 12 3 0 4 283 302 246 170 16 3 0 200 378 345 79 15 7 0 0 
60 424 105 334 87 12 2 0 8 389 173 174 260 18 2 0 318 273 372 38 21 2 0 0 
25 500 236 187 76 0 0 0 4 270 468 121 161 0 0 0 268 485 259 12 0 0 0 0 
107 604 281 25 7 0 0 0 18 463 495 35 13 0 0 0 334 654 26 10 0 0 0 0 
259 528 145 41 34 17 0 0 31 652 230 58 32 21 0 0 468 413 69 35 33 6 0 0 
151 815 39 17 2 0 0 0 28 492 466 31 6 1 0 0 545 425 26 21 7 0 0 0 
23 884 117 0 0 0 0 0 0 144 812 68 0 0 0 0 668 356 0 0 0 0 0 0 
303 720 1 0 0 0 0 0 73 501 450 0 0 0 0 0 704 320 0 0 0 0 0 0 
524 499 1 0 0 0 0 0 260 539 225 0 0 0 0 0 817 207 0 0 0 0 0 0 
407 610 7 0 0 0 0 0 52 765 207 0 0 0 0 0 852 172 0 0 0 0 0 0 
213 717 92 2 0 0 0 0 1 604 402 17 0 0 0 0 861 161 2 0 0 0 0 0 
186 791 47 0 0 0 0 0 13 787 217 7 0 0 0 0 857 167 0 0 0 0 0 0 
495 506 23 0 0 0 0 0 55 760 208 1 0 0 0 0 945 79 0 0 0 0 0 0 
628 355 41 0 0 0 0 0 206 673 137 8 0 0 0 0 915 105 4 0 0 0 0 0 
577 400 46 1 0 0 0 0 148 696 173 7 0 0 0 0 918 104 2 0 0 0 0 0 
647 370 7 0 0 0 0 0 339 577 108 0 0 0 0 0 979 44 1 0 0 0 0 0 
905 116 3 0 0 0 0 0 490 492 42 0 0 0 0 0 996 28 0 0 0 0 0 0 
847 154 23 0 0 0 0 0 688 276 57 3 0 0 0 0 967 56 1 0 0 0 0 0 
936 84 4 0 0 0 0 0 724 286 14 0 0 0 0 0 1006 18 0 0 0 0 0 0 
918 101 5 0 0 0 0 0 704 289 31 0 0 0 0 0 1007 17 0 0 0 0 0 0 
1016 8 0 0 0 0 0 0 953 71 0 0 0 0 0 0 1024 0 0 0 0 0 0 0 
1000 24 0 0 0 0 0 0 921 97 6 0 0 0 0 0 1007 17 0 0 0 0 0 0 
933 89 2 0 0 0 0 0 627 391 6 0 0 0 0 0 1014 10 0 0 0 0 0 0 
984 40 0 0 0 0 0 0 522 502 0 0 0 0 0 0 1022 2 0 0 0 0 0 0 
1024 0 0 0 0 0 0 0 718 306 0 0 0 0 0 0 1024 0 0 0 0 0 0 0 
1023 1 0 0 0 0 0 0 953 71 0 0 0 0 0 0 1024 0 0 0 0 0 0 0 
1018 6 0 0 0 0 0 0 885 139 0 0 0 0 0 0 1021 3 0 0 0 0 0 0 
994 30 0 0 0 0 0 0 928 93 3 0 0 0 0 0 1011 13 0 0 0 0 0 0 
960 64 0 0 0 0 0 0 796 219 9 0 0 0 0 0 1003 21 0 0 0 0 0 0 
988 28 8 0 0 0 0 0 908 104 12 0 0 0 0 0 1002 19 3 0 0 0 0 0 
1016 8 0 0 0 0 0 0 1001 23 0 0 0 0 0 0 1023 1 0 0 0 0 0 0 
1015 9 0 0 0 0 0 0 905 119 0 0 0 0 0 0 1023 1 0 0 0 0 0 0 
958 34 0 0 0 0 0 0 877 115 0 0 0 0 0 0 960 32 0 0 0 0 0 0 
27 580 335 82 0 0 0 0 1 487 339 189 8 0 0 0 242 676 104 2 0 0 0 0 
55 385 407 177 0 0 0 0 3 345 286 379 11 0 0 0 234 612 172 6 0 0 0 0 
40 406 394 108 75 1 0 0 0 238 475 237 71 3 0 0 204 611 157 50 2 0 0 0 
41 375 470 134 4 0 0 0 1 286 313 406 18 0 0 0 237 643 138 6 0 0 0 0 
38 295 536 155 0 0 0 0 1 191 548 269 15 0 0 0 192 654 177 1 0 0 0 0 
48 364 550 62 0 0 0 0 3 304 509 207 1 0 0 0 269 653 102 0 0 0 0 0 
34 339 550 97 4 0 0 0 1 295 404 316 6 2 0 0 248 595 167 10 4 0 0 0 
116 390 408 98 7 3 2 0 21 328 378 282 9 4 2 0 251 604 150 7 7 3 2 0 
65 485 423 51 0 0 0 0 3 285 635 101 0 0 0 0 317 638 69 0 0 0 0 0 
41 411 572 0 0 0 0 0 0 277 739 8 0 0 0 0 347 674 3 0 0 0 0 0 
10 436 577 1 0 0 0 0 0 269 736 19 0 0 0 0 267 755 2 0 0 0 0 0 
20 527 472 5 0 0 0 0 2 390 578 54 0 0 0 0 317 692 15 0 0 0 0 0 
74 616 334 0 0 0 0 0 1 547 449 27 0 0 0 0 439 584 1 0 0 0 0 0 
65 571 383 5 0 0 0 0 6 386 515 117 0 0 0 0 380 635 9 0 0 0 0 0 
206 632 179 3 4 0 0 0 39 638 318 25 3 1 0 0 486 510 24 3 1 0 0 0 
350 512 155 7 0 0 0 0 94 645 252 33 0 0 0 0 565 429 28 2 0 0 0 0 
341 673 10 0 0 0 0 0 75 671 277 1 0 0 0 0 742 282 0 0 0 0 0 0 
702 322 0 0 0 0 0 0 559 387 78 0 0 0 0 0 828 196 0 0 0 0 0 0 
670 268 49 21 15 1 0 0 475 339 156 34 17 3 0 0 838 136 29 17 4 0 0 0 
382 473 98 50 14 4 3 0 140 492 300 59 24 4 4 1 798 136 59 21 5 5 0 0 
196 723 105 0 0 0 0 0 26 494 490 14 0 0 0 0 901 123 0 0 0 0 0 0 
311 653 60 0 0 0 0 0 37 810 177 0 0 0 0 0 924 100 0 0 0 0 0 0 
627 372 25 0 0 0 0 0 126 778 120 0 0 0 0 0 946 78 0 0 0 0 0 0 
697 306 21 0 0 0 0 0 326 586 109 3 0 0 0 0 960 64 0 0 0 0 0 0 
554 441 29 0 0 0 0 0 150 710 160 4 0 0 0 0 944 80 0 0 0 0 0 0 
383 596 45 0 0 0 0 0 38 623 342 21 0 0 0 0 905 119 0 0 0 0 0 0 
351 583 89 1 0 0 0 0 40 582 369 33 0 0 0 0 904 119 1 0 0 0 0 0 
452 568 4 0 0 0 0 0 141 715 168 0 0 0 0 0 1007 17 0 0 0 0 0 0 
960 64 0 0 0 0 0 0 637 387 0 0 0 0 0 0 1022 2 0 0 0 0 0 0 
1003 21 0 0 0 0 0 0 633 391 0 0 0 0 0 0 1024 0 0 0 0 0 0 0 
1008 16 0 0 0 0 0 0 780 244 0 0 0 0 0 0 1018 6 0 0 0 0 0 0 
1018 6 0 0 0 0 0 0 962 62 0 0 0 0 0 0 1023 1 0 0 0 0 0 0 
940 70 14 0 0 0 0 0 573 421 27 3 0 0 0 0 983 32 9 0 0 0 0 0 
997 27 0 0 0 0 0 0 703 321 0 0 0 0 0 0 1024 0 0 0 0 0 0 0 
1020 4 0 0 0 0 0 0 635 389 0 0 0 0 0 0 1024 0 0 0 0 0 0 0 
1024 0 0 0 0 0 0 0 936 88 0 0 0 0 0 0 1024 0 0 0 0 0 0 0 
1024 0 0 0 0 0 0 0 976 48 0 0 0 0 0 0 1024 0 0 0 0 0 0 0 
1023 1 0 0 0 0 0 0 1015 9 0 0 0 0 0 0 1024 0 0 0 0 0 0 0 
1024 0 0 0 0 0 0 0 1012 12 0 0 0 0 0 0 1024 0 0 0 0 0 0 0 
1016 8 0 0 0 0 0 0 994 30 0 0 0 0 0 0 1018 6 0 0 0 0 0 0 
1024 0 0 0 0 0 0 0 1024 0 0 0 0 0 0 0 1024 0 0 0 0 0 0 0 
1024 0 0 0 0 0 0 0 1024 0 0 0 0 0 0 0 1024 0 0 0 0 0 0 0 
1018 6 0 0 0 0 0 0 1013 11 0 0 0 0 0 0 1020 4 0 0 0 0 0 0 
960 32 0 0 0 0 0 0 900 91 1 0 0 0 0 0 969 23 0 0 0 0 0 0 
131 399 306 184 4 0 0 0 1 393 191 186 251 2 0 0 236 313 126 345 4 0 0 0 
143 404 302 120 52 3 0 0 15 398 274 250 86 1 0 0 317 306 288 108 5 0 0 0 
148 550 235 62 9 13 5 2 4 591 224 171 12 11 8 3 441 522 27 12 11 9 1 1 
72 378 573 1 0 0 0 0 5 340 239 440 0 0 0 0 323 701 0 0 0 0 0 0 
67 489 464 2 2 0 0 0 10 425 313 274 2 0 0 0 393 621 7 2 1 0 0 0 
19 373 532 100 0 0 0 0 1 274 333 415 1 0 0 0 261 754 9 0 0 0 0 0 
15 413 341 195 60 0 0 0 0 330 332 253 109 0 0 0 260 629 135 0 0 0 0 0 
30 340 272 246 136 0 0 0 10 243 280 323 168 0 0 0 248 537 239 0 0 0 0 0 
20 740 243 20 1 0 0 0 5 539 415 63 2 0 0 0 355 659 8 2 0 0 0 0 
41 591 388 4 0 0 0 0 6 497 437 84 0 0 0 0 316 696 12 0 0 0 0 0 
35 631 336 22 0 0 0 0 2 547 385 90 0 0 0 0 363 657 4 0 0 0 0 0 
22 383 610 9 0 0 0 0 0 147 792 85 0 0 0 0 244 777 3 0 0 0 0 0 
191 348 453 5 7 4 9 7 191 132 649 29 5 9 9 0 409 578 11 7 5 10 4 0 
1 628 395 0 0 0 0 0 0 68 940 16 0 0 0 0 391 633 0 0 0 0 0 0 
71 748 193 12 0 0 0 0 16 292 661 53 2 0 0 0 604 386 33 1 0 0 0 0 
317 625 77 5 0 0 0 0 104 542 357 18 3 0 0 0 654 355 13 2 0 0 0 0 
407 576 41 0 0 0 0 0 202 389 423 10 0 0 0 0 780 243 1 0 0 0 0 0 
244 705 75 0 0 0 0 0 47 407 543 27 0 0 0 0 799 208 17 0 0 0 0 0 
330 648 46 0 0 0 0 0 39 641 333 11 0 0 0 0 910 113 1 0 0 0 0 0 
400 550 74 0 0 0 0 0 59 631 320 14 0 0 0 0 903 119 2 0 0 0 0 0 
278 587 159 0 0 0 0 0 42 585 384 13 0 0 0 0 876 147 1 0 0 0 0 0 
700 319 5 0 0 0 0 0 458 496 70 0 0 0 0 0 960 63 1 0 0 0 0 0 
798 196 30 0 0 0 0 0 459 474 89 2 0 0 0 0 942 81 1 0 0 0 0 0 
402 520 101 1 0 0 0 0 69 652 248 55 0 0 0 0 932 88 4 0 0 0 0 0 
598 392 34 0 0 0 0 0 247 567 202 8 0 0 0 0 916 107 1 0 0 0 0 0 
540 463 20 1 0 0 0 0 151 640 230 3 0 0 0 0 964 60 0 0 0 0 0 0 
770 236 18 0 0 0 0 0 506 454 62 2 0 0 0 0 960 62 2 0 0 0 0 0 
670 330 24 0 0 0 0 0 238 662 119 5 0 0 0 0 964 60 0 0 0 0 0 0 
833 191 0 0 0 0 0 0 358 633 33 0 0 0 0 0 1006 18 0 0 0 0 0 0 
1020 4 0 0 0 0 0 0 963 61 0 0 0 0 0 0 1024 0 0 0 0 0 0 0 
1024 0 0 0 0 0 0 0 989 35 0 0 0 0 0 0 1024 0 0 0 0 0 0 0 
984 40 0 0 0 0 0 0 807 216 1 0 0 0 0 0 997 27 0 0 0 0 0 0 
1024 0 0 0 0 0 0 0 999 25 0 0 0 0 0 0 1024 0 0 0 0 0 0 0 
1024 0 0 0 0 0 0 0 905 119 0 0 0 0 0 0 1024 0 0 0 0 0 0 0 
1024 0 0 0 0 0 0 0 971 53 0 0 0 0 0 0 1024 0 0 0 0 0 0 0 
1024 0 0 0 0 0 0 0 1024 0 0 0 0 0 0 0 1024 0 0 0 0 0 0 0 
1024 0 0 0 0 0 0 0 1023 1 0 0 0 0 0 0 1024 0 0 0 0 0 0 0 
1024 0 0 0 0 0 0 0 1024 0 0 0 0 0 0 0 1024 0 0 0 0 0 0 0 
1024 0 0 0 0 0 0 0 1024 0 0 0 0 0 0 0 1024 0 0 0 0 0 0 0 
1024 0 0 0 0 0 0 0 1024 0 0 0 0 0 0 0 1024 0 0 0 0 0 0 0 
1015 9 0 0 0 0 0 0 1008 16 0 0 0 0 0 0 1024 0 0 0 0 0 0 0 
1024 0 0 0 0 0 0 0 1022 2 0 0 0 0 0 0 1024 0 0 0 0 0 0 0 
1011 13 0 0 0 0 0 0 837 187 0 0 0 0 0 0 1024 0 0 0 0 0 0 0 
972 20 0 0 0 0 0 0 818 174 0 0 0 0 0 0 960 32 0 0 0 0 0 0 
178 457 199 88 102 0 0 0 15 392 332 159 126 0 0 0 401 461 158 4 0 0 0 0 
164 327 109 91 333 0 0 0 38 407 92 161 326 0 0 0 332 314 377 1 0 0 0 0 
59 219 139 169 437 1 0 0 31 210 107 193 482 1 0 0 169 304 535 15 1 0 0 0 
18 131 105 121 649 0 0 0 13 88 103 147 673 0 0 0 83 203 738 0 0 0 0 0 
0 18 76 132 798 0 0 0 0 12 23 147 842 0 0 0 20 105 898 1 0 0 0 0 
0 0 0 166 858 0 0 0 0 0 0 150 874 0 0 0 0 43 981 0 0 0 0 0 
0 0 0 114 910 0 0 0 0 0 0 132 892 0 0 0 0 22 1002 0 0 0 0 0 
0 0 0 165 859 0 0 0 0 0 0 190 834 0 0 0 0 50 974 0 0 0 0 0 
5 130 376 272 241 0 0 0 0 53 261 443 267 0 0 0 113 579 332 0 0 0 0 0 
30 481 505 8 0 0 0 0 0 219 767 38 0 0 0 0 496 525 3 0 0 0 0 0 
1 175 824 24 0 0 0 0 0 14 805 205 0 0 0 0 238 778 8 0 0 0 0 0 
0 53 914 57 0 0 0 0 0 3 736 282 3 0 0 0 176 816 31 1 0 0 0 0 
257 160 261 150 117 47 21 11 190 145 218 185 150 99 29 8 146 262 112 120 148 159 59 18 
123 395 185 135 79 50 38 19 78 223 370 114 105 122 12 0 247 389 103 70 73 105 35 2 
114 677 207 22 4 0 0 0 12 336 596 68 12 0 0 0 621 337 55 11 0 0 0 0 
79 877 66 2 0 0 0 0 10 208 774 32 0 0 0 0 864 148 10 2 0 0 0 0 
55 526 156 196 85 5 1 0 13 122 534 229 115 10 1 0 477 178 158 186 21 4 0 0 
12 52 356 518 60 22 4 0 9 37 264 588 93 26 6 1 24 128 621 205 31 12 3 0 
132 126 362 390 13 1 0 0 35 178 280 507 22 2 0 0 214 117 619 71 3 0 0 0 
771 89 83 70 8 3 0 0 679 174 50 109 9 3 0 0 803 77 125 14 4 1 0 0 
767 242 15 0 0 0 0 0 568 378 76 2 0 0 0 0 933 91 0 0 0 0 0 0 
833 190 1 0 0 0 0 0 614 404 6 0 0 0 0 0 1004 20 0 0 0 0 0 0 
914 108 2 0 0 0 0 0 749 248 27 0 0 0 0 0 996 28 0 0 0 0 0 0 
739 272 13 0 0 0 0 0 301 584 139 0 0 0 0 0 942 82 0 0 0 0 0 0 
748 260 16 0 0 0 0 0 324 568 125 7 0 0 0 0 958 66 0 0 0 0 0 0 
862 141 20 1 0 0 0 0 490 475 56 3 0 0 0 0 968 54 2 0 0 0 0 0 
964 58 2 0 0 0 0 0 871 145 8 0 0 0 0 0 1003 21 0 0 0 0 0 0 
1018 6 0 0 0 0 0 0 919 105 0 0 0 0 0 0 1022 2 0 0 0 0 0 0 
1015 9 0 0 0 0 0 0 873 151 0 0 0 0 0 0 1022 2 0 0 0 0 0 0 
1024 0 0 0 0 0 0 0 925 99 0 0 0 0 0 0 1024 0 0 0 0 0 0 0 
1016 8 0 0 0 0 0 0 994 30 0 0 0 0 0 0 1023 1 0 0 0 0 0 0 
1024 0 0 0 0 0 0 0 859 165 0 0 0 0 0 0 1024 0 0 0 0 0 0 0 
1017 7 0 0 0 0 0 0 954 70 0 0 0 0 0 0 1022 2 0 0 0 0 0 0 
1024 0 0 0 0 0 0 0 967 57 0 0 0 0 0 0 1024 0 0 0 0 0 0 0 
1024 0 0 0 0 0 0 0 1018 6 0 0 0 0 0 0 1024 0 0 0 0 0 0 0 
1024 0 0 0 0 0 0 0 1024 0 0 0 0 0 0 0 1024 0 0 0 0 0 0 0 
1024 0 0 0 0 0 0 0 1019 5 0 0 0 0 0 0 1024 0 0 0 0 0 0 0 
1024 0 0 0 0 0 0 0 1024 0 0 0 0 0 0 0 1024 0 0 0 0 0 0 0 
1024 0 0 0 0 0 0 0 1024 0 0 0 0 0 0 0 1024 0 0 0 0 0 0 0 
1024 0 0 0 0 0 0 0 1024 0 0 0 0 0 0 0 1024 0 0 0 0 0 0 0 
1024 0 0 0 0 0 0 0 1024 0 0 0 0 0 0 0 1024 0 0 0 0 0 0 0 
1024 0 0 0 0 0 0 0 1023 1 0 0 0 0 0 0 1024 0 0 0 0 0 0 0 
1021 3 0 0 0 0 0 0 926 98 0 0 0 0 0 0 1024 0 0 0 0 0 0 0 
972 20 0 0 0 0 0 0 946 46 0 0 0 0 0 0 981 11 0 0 0 0 0 0 
0 0 2 74 948 0 0 0 0 0 4 161 859 0 0 0 2 9 1013 0 0 0 0 0 
0 0 4 82 938 0 0 0 0 0 4 113 907 0 0 0 1 16 1007 0 0 0 0 0 
14 271 118 161 459 1 0 0 2 269 136 185 432 0 0 0 215 244 555 10 0 0 0 0 
0 76 89 73 786 0 0 0 0 38 129 97 760 0 0 0 68 126 820 10 0 0 0 0 
0 7 7 39 971 0 0 0 0 7 7 68 942 0 0 0 9 7 1008 0 0 0 0 0 
0 14 17 80 913 0 0 0 0 17 19 109 879 0 0 0 18 29 977 0 0 0 0 0 
0 0 23 133 868 0 0 0 0 0 4 118 902 0 0 0 0 57 967 0 0 0 0 0 
0 25 70 541 388 0 0 0 0 12 71 390 550 1 0 0 65 305 653 1 0 0 0 0 
0 211 395 354 64 0 0 0 0 123 354 417 130 0 0 0 250 636 138 0 0 0 0 0 
2 361 577 84 0 0 0 0 0 280 582 162 0 0 0 0 505 512 7 0 0 0 0 0 
17 438 479 88 2 0 0 0 0 75 720 222 7 0 0 0 384 610 28 2 0 0 0 0 
17 415 398 188 6 0 0 0 36 176 606 203 3 0 0 0 346 624 52 2 0 0 0 0 
346 347 159 106 52 14 0 0 382 222 165 138 73 36 8 0 395 165 158 125 95 62 21 3 
91 302 254 175 71 53 71 7 103 299 303 108 101 98 12 0 392 260 87 86 114 77 8 0 
122 510 352 40 0 0 0 0 4 417 510 93 0 0 0 0 707 312 5 0 0 0 0 0 
98 605 304 17 0 0 0 0 9 367 552 96 0 0 0 0 755 269 0 0 0 0 0 0 
95 236 259 307 109 18 0 0 74 159 318 326 128 19 0 0 353 155 239 223 49 5 0 0 
6 64 261 446 185 58 4 0 7 63 208 452 213 77 4 0 46 129 399 308 116 25 1 0 
187 331 258 165 58 24 1 0 87 389 272 173 74 27 2 0 381 296 200 105 32 10 0 0 
790 154 58 19 3 0 0 0 627 314 59 20 4 0 0 0 869 105 40 8 2 0 0 0 
570 419 35 0 0 0 0 0 182 676 158 8 0 0 0 0 943 81 0 0 0 0 0 0 
302 701 21 0 0 0 0 0 60 738 226 0 0 0 0 0 962 62 0 0 0 0 0 0 
476 539 9 0 0 0 0 0 71 733 220 0 0 0 0 0 962 62 0 0 0 0 0 0 
541 473 10 0 0 0 0 0 118 772 134 0 0 0 0 0 993 31 0 0 0 0 0 0 
939 85 0 0 0 0 0 0 467 550 7 0 0 0 0 0 1015 9 0 0 0 0 0 0 
1024 0 0 0 0 0 0 0 976 48 0 0 0 0 0 0 1024 0 0 0 0 0 0 0 
1003 21 0 0 0 0 0 0 965 54 5 0 0 0 0 0 1018 6 0 0 0 0 0 0 
996 28 0 0 0 0 0 0 747 277 0 0 0 0 0 0 1021 3 0 0 0 0 0 0 
1013 11 0 0 0 0 0 0 624 400 0 0 0 0 0 0 1023 1 0 0 0 0 0 0 
1021 3 0 0 0 0 0 0 728 296 0 0 0 0 0 0 1024 0 0 0 0 0 0 0 
1024 0 0 0 0 0 0 0 992 32 0 0 0 0 0 0 1024 0 0 0 0 0 0 0 
1024 0 0 0 0 0 0 0 701 323 0 0 0 0 0 0 1024 0 0 0 0 0 0 0 
1024 0 0 0 0 0 0 0 855 169 0 0 0 0 0 0 1024 0 0 0 0 0 0 0 
1024 0 0 0 0 0 0 0 1023 1 0 0 0 0 0 0 1024 0 0 0 0 0 0 0 
1024 0 0 0 0 0 0 0 1024 0 0 0 0 0 0 0 1024 0 0 0 0 0 0 0 
1024 0 0 0 0 0 0 0 1024 0 0 0 0 0 0 0 1024 0 0 0 0 0 0 0 
1024 0 0 0 0 0 0 0 1013 11 0 0 0 0 0 0 1024 0 0 0 0 0 0 0 
1024 0 0 0 0 0 0 0 1024 0 0 0 0 0 0 0 1024 0 0 0 0 0 0 0 
1024 0 0 0 0 0 0 0 1005 19 0 0 0 0 0 0 1024 0 0 0 0 0 0 0 
1024 0 0 0 0 0 0 0 1023 1 0 0 0 0 0 0 1024 0 0 0 0 0 0 0 
1024 0 0 0 0 0 0 0 1023 1 0 0 0 0 0 0 1024 0 0 0 0 0 0 0 
1024 0 0 0 0 0 0 0 1024 0 0 0 0 0 0 0 1024 0 0 0 0 0 0 0 
1024 0 0 0 0 0 0 0 1022 2 0 0 0 0 0 0 1024 0 0 0 0 0 0 0 
974 18 0 0 0 0 0 0 948 44 0 0 0 0 0 0 980 12 0 0 0 0 0 0 
26 496 102 191 209 0 0 0 4 480 129 236 175 0 0 0 390 296 336 2 0 0 0 0 
265 483 68 82 125 1 0 0 76 645 87 91 125 0 0 0 579 258 168 19 0 0 0 0 
165 824 29 6 0 0 0 0 22 942 50 9 1 0 0 0 676 335 12 1 0 0 0 0 
25 873 75 25 26 0 0 0 5 595 368 38 18 0 0 0 560 430 33 1 0 0 0 0 
190 572 69 82 111 0 0 0 8 532 282 86 116 0 0 0 537 308 178 1 0 0 0 0 
71 690 150 66 47 0 0 0 1 253 591 111 68 0 0 0 707 226 91 0 0 0 0 0 
8 726 184 85 21 0 0 0 0 80 789 115 40 0 0 0 670 284 70 0 0 0 0 0 
18 400 383 180 38 5 0 0 10 91 675 203 41 4 0 0 385 379 185 64 11 0 0 0 
14 233 318 421 30 6 2 0 2 177 313 485 37 7 3 0 219 296 422 73 11 3 0 0 
16 532 453 23 0 0 0 0 0 401 577 46 0 0 0 0 592 418 14 0 0 0 0 0 
0 59 865 100 0 0 0 0 0 9 703 312 0 0 0 0 242 782 0 0 0 0 0 0 
0 99 910 15 0 0 0 0 0 3 797 224 0 0 0 0 289 735 0 0 0 0 0 0 
53 371 318 62 46 88 82 4 342 125 319 70 83 83 2 0 511 274 55 79 77 28 0 0 
0 263 629 96 14 12 10 0 74 89 792 37 13 18 1 0 530 442 22 13 17 0 0 0 
0 339 679 6 0 0 0 0 0 54 919 51 0 0 0 0 771 252 1 0 0 0 0 0 
70 299 566 84 5 0 0 0 18 252 591 158 5 0 0 0 433 411 143 37 0 0 0 0 
13 52 399 461 86 13 0 0 4 29 353 482 141 13 2 0 50 223 488 230 29 4 0 0 
8 108 455 421 29 3 0 0 6 55 465 453 42 3 0 0 195 274 450 99 6 0 0 0 
29 636 315 44 0 0 0 0 4 382 578 60 0 0 0 0 664 328 32 0 0 0 0 0 
282 726 16 0 0 0 0 0 73 749 202 0 0 0 0 0 929 95 0 0 0 0 0 0 
655 352 17 0 0 0 0 0 192 748 84 0 0 0 0 0 988 36 0 0 0 0 0 0 
867 156 1 0 0 0 0 0 622 368 34 0 0 0 0 0 999 25 0 0 0 0 0 0 
978 46 0 0 0 0 0 0 857 161 6 0 0 0 0 0 1014 10 0 0 0 0 0 0 
1011 13 0 0 0 0 0 0 910 114 0 0 0 0 0 0 1024 0 0 0 0 0 0 0 
1020 4 0 0 0 0 0 0 962 62 0 0 0 0 0 0 1024 0 0 0 0 0 0 0 
1024 0 0 0 0 0 0 0 1023 1 0 0 0 0 0 0 1024 0 0 0 0 0 0 0 
1024 0 0 0 0 0 0 0 1023 1 0 0 0 0 0 0 1024 0 0 0 0 0 0 0 
1024 0 0 0 0 0 0 0 1007 17 0 0 0 0 0 0 1024 0 0 0 0 0 0 0 
1009 15 0 0 0 0 0 0 854 170 0 0 0 0 0 0 1024 0 0 0 0 0 0 0 
1024 0 0 0 0 0 0 0 954 70 0 0 0 0 0 0 1024 0 0 0 0 0 0 0 
1024 0 0 0 0 0 0 0 720 304 0 0 0 0 0 0 1024 0 0 0 0 0 0 0 
992 28 4 0 0 0 0 0 621 394 9 0 0 0 0 0 1003 18 3 0 0 0 0 0 
1003 21 0 0 0 0 0 0 743 277 4 0 0 0 0 0 1023 1 0 0 0 0 0 0 
1024 0 0 0 0 0 0 0 896 128 0 0 0 0 0 0 1024 0 0 0 0 0 0 0 
1024 0 0 0 0 0 0 0 888 136 0 0 0 0 0 0 1024 0 0 0 0 0 0 0 
1019 5 0 0 0 0 0 0 771 253 0 0 0 0 0 0 1023 1 0 0 0 0 0 0 
1023 1 0 0 0 0 0 0 820 204 0 0 0 0 0 0 1023 1 0 0 0 0 0 0 
1024 0 0 0 0 0 0 0 991 33 0 0 0 0 0 0 1024 0 0 0 0 0 0 0 
1024 0 0 0 0 0 0 0 1005 19 0 0 0 0 0 0 1024 0 0 0 0 0 0 0 
1024 0 0 0 0 0 0 0 1024 0 0 0 0 0 0 0 1024 0 0 0 0 0 0 0 
1024 0 0 0 0 0 0 0 1023 1 0 0 0 0 0 0 1024 0 0 0 0 0 0 0 
1024 0 0 0 0 0 0 0 1014 10 0 0 0 0 0 0 1024 0 0 0 0 0 0 0 
1024 0 0 0 0 0 0 0 1019 5 0 0 0 0 0 0 1024 0 0 0 0 0 0 0 
982 10 0 0 0 0 0 0 962 30 0 0 0 0 0 0 984 8 0 0 0 0 0 0 
340 681 3 0 0 0 0 0 105 903 16 0 0 0 0 0 689 335 0 0 0 0 0 0 
457 567 0 0 0 0 0 0 266 734 24 0 0 0 0 0 779 245 0 0 0 0 0 0 
188 819 17 0 0 0 0 0 32 935 57 0 0 0 0 0 790 234 0 0 0 0 0 0 
110 889 25 0 0 0 0 0 11 762 251 0 0 0 0 0 732 292 0 0 0 0 0 0 
427 565 31 1 0 0 0 0 160 601 255 8 0 0 0 0 889 132 2 1 0 0 0 0 
519 497 8 0 0 0 0 0 115 753 155 1 0 0 0 0 949 74 1 0 0 0 0 0 
41 876 107 0 0 0 0 0 9 481 527 7 0 0 0 0 932 91 1 0 0 0 0 0 
9 599 365 48 3 0 0 0 0 439 542 42 1 0 0 0 635 330 50 9 0 0 0 0 
0 340 472 201 11 0 0 0 0 89 771 161 3 0 0 0 563 383 74 4 0 0 0 0 
8 352 557 100 7 0 0 0 5 215 711 86 7 0 0 0 617 382 23 2 0 0 0 0 
11 449 512 51 1 0 0 0 5 370 626 23 0 0 0 0 547 467 10 0 0 0 0 0 
0 68 715 230 11 0 0 0 2 65 672 271 14 0 0 0 151 733 140 0 0 0 0 0 
21 76 204 408 107 78 77 53 28 84 260 405 117 83 47 0 78 340 332 103 70 97 4 0 
6 386 536 30 31 28 7 0 0 145 774 46 50 9 0 0 474 469 29 41 11 0 0 0 
5 541 440 29 9 0 0 0 0 241 741 26 16 0 0 0 698 289 22 15 0 0 0 0 
53 596 282 93 0 0 0 0 27 480 390 127 0 0 0 0 634 281 109 0 0 0 0 0 
3 534 376 102 9 0 0 0 1 268 629 121 5 0 0 0 627 341 53 3 0 0 0 0 
0 617 404 3 0 0 0 0 0 284 733 7 0 0 0 0 826 197 1 0 0 0 0 0 
128 648 246 2 0 0 0 0 1 520 494 9 0 0 0 0 834 190 0 0 0 0 0 0 
337 687 0 0 0 0 0 0 15 929 80 0 0 0 0 0 1006 18 0 0 0 0 0 0 
492 532 0 0 0 0 0 0 197 798 29 0 0 0 0 0 1002 22 0 0 0 0 0 0 
587 437 0 0 0 0 0 0 183 817 24 0 0 0 0 0 1002 22 0 0 0 0 0 0 
967 57 0 0 0 0 0 0 288 736 0 0 0 0 0 0 1024 0 0 0 0 0 0 0 
1015 9 0 0 0 0 0 0 947 77 0 0 0 0 0 0 1022 2 0 0 0 0 0 0 
1022 2 0 0 0 0 0 0 1010 14 0 0 0 0 0 0 1024 0 0 0 0 0 0 0 
1024 0 0 0 0 0 0 0 1021 3 0 0 0 0 0 0 1024 0 0 0 0 0 0 0 
1024 0 0 0 0 0 0 0 1017 7 0 0 0 0 0 0 1024 0 0 0 0 0 0 0 
1013 11 0 0 0 0 0 0 939 85 0 0 0 0 0 0 1023 1 0 0 0 0 0 0 
981 43 0 0 0 0 0 0 706 316 2 0 0 0 0 0 1008 16 0 0 0 0 0 0 
1023 1 0 0 0 0 0 0 779 245 0 0 0 0 0 0 1024 0 0 0 0 0 0 0 
1023 1 0 0 0 0 0 0 905 119 0 0 0 0 0 0 1023 1 0 0 0 0 0 0 
923 99 2 0 0 0 0 0 693 294 37 0 0 0 0 0 996 28 0 0 0 0 0 0 
813 193 18 0 0 0 0 0 364 587 70 3 0 0 0 0 981 43 0 0 0 0 0 0 
1012 12 0 0 0 0 0 0 587 437 0 0 0 0 0 0 1024 0 0 0 0 0 0 0 
1005 19 0 0 0 0 0 0 882 142 0 0 0 0 0 0 1021 3 0 0 0 0 0 0 
1019 5 0 0 0 0 0 0 542 482 0 0 0 0 0 0 1024 0 0 0 0 0 0 0 
1023 1 0 0 0 0 0 0 648 376 0 0 0 0 0 0 1024 0 0 0 0 0 0 0 
1024 0 0 0 0 0 0 0 985 39 0 0 0 0 0 0 1024 0 0 0 0 0 0 0 
1024 0 0 0 0 0 0 0 1008 16 0 0 0 0 0 0 1024 0 0 0 0 0 0 0 
997 21 6 0 0 0 0 0 973 36 12 3 0 0 0 0 1004 17 3 0 0 0 0 0 
1015 5 4 0 0 0 0 0 1005 13 6 0 0 0 0 0 1016 6 2 0 0 0 0 0 
1010 13 1 0 0 0 0 0 987 34 3 0 0 0 0 0 1015 9 0 0 0 0 0 0 
796 180 45 3 0 0 0 0 683 210 121 10 0 0 0 0 859 143 22 0 0 0 0 0 
922 67 3 0 0 0 0 0 884 99 9 0 0 0 0 0 930 58 4 0 0 0 0 0 
409 601 14 0 0 0 0 0 260 730 34 0 0 0 0 0 711 313 0 0 0 0 0 0 
497 493 34 0 0 0 0 0 352 469 203 0 0 0 0 0 764 260 0 0 0 0 0 0 
42 847 135 0 0 0 0 0 0 597 426 1 0 0 0 0 672 352 0 0 0 0 0 0 
101 912 11 0 0 0 0 0 2 763 259 0 0 0 0 0 867 157 0 0 0 0 0 0 
76 787 161 0 0 0 0 0 33 598 392 1 0 0 0 0 855 169 0 0 0 0 0 0 
6 550 463 5 0 0 0 0 0 338 662 24 0 0 0 0 660 363 1 0 0 0 0 0 
30 880 114 0 0 0 0 0 0 649 375 0 0 0 0 0 951 73 0 0 0 0 0 0 
55 952 17 0 0 0 0 0 0 786 238 0 0 0 0 0 946 78 0 0 0 0 0 0 
29 871 124 0 0 0 0 0 0 499 524 1 0 0 0 0 921 103 0 0 0 0 0 0 
8 837 179 0 0 0 0 0 0 366 657 1 0 0 0 0 797 226 1 0 0 0 0 0 
11 775 233 5 0 0 0 0 0 460 544 20 0 0 0 0 823 198 3 0 0 0 0 0 
1 359 612 52 0 0 0 0 0 139 821 64 0 0 0 0 600 395 29 0 0 0 0 0 
43 230 684 65 2 0 0 0 29 123 793 77 2 0 0 0 549 456 17 2 0 0 0 0 
0 75 529 405 10 5 0 0 0 17 583 409 10 5 0 0 216 448 350 10 0 0 0 0 
1 174 673 175 1 0 0 0 1 71 725 227 0 0 0 0 298 557 168 1 0 0 0 0 
81 428 461 48 6 0 0 0 23 337 605 46 13 0 0 0 699 279 33 13 0 0 0 0 
3 329 578 99 15 0 0 0 0 154 794 55 21 0 0 0 605 341 59 19 0 0 0 0 
36 864 124 0 0 0 0 0 4 715 305 0 0 0 0 0 825 199 0 0 0 0 0 0 
102 863 59 0 0 0 0 0 32 831 161 0 0 0 0 0 869 155 0 0 0 0 0 0 
335 647 42 0 0 0 0 0 44 898 82 0 0 0 0 0 954 70 0 0 0 0 0 0 
420 571 33 0 0 0 0 0 67 872 85 0 0 0 0 0 937 84 3 0 0 0 0 0 
273 739 12 0 0 0 0 0 0 942 82 0 0 0 0 0 975 49 0 0 0 0 0 0 
384 638 2 0 0 0 0 0 133 848 43 0 0 0 0 0 1014 10 0 0 0 0 0 0 
924 99 1 0 0 0 0 0 752 269 3 0 0 0 0 0 1013 11 0 0 0 0 0 0 
1010 14 0 0 0 0 0 0 899 125 0 0 0 0 0 0 1024 0 0 0 0 0 0 0 
1022 2 0 0 0 0 0 0 997 27 0 0 0 0 0 0 1024 0 0 0 0 0 0 0 
1024 0 0 0 0 0 0 0 991 33 0 0 0 0 0 0 1024 0 0 0 0 0 0 0 
1024 0 0 0 0 0 0 0 937 87 0 0 0 0 0 0 1024 0 0 0 0 0 0 0 
1024 0 0 0 0 0 0 0 958 66 0 0 0 0 0 0 1024 0 0 0 0 0 0 0 
1023 1 0 0 0 0 0 0 714 310 0 0 0 0 0 0 1024 0 0 0 0 0 0 0 
1018 6 0 0 0 0 0 0 956 68 0 0 0 0 0 0 1021 3 0 0 0 0 0 0 
939 83 2 0 0 0 0 0 708 297 19 0 0 0 0 0 997 27 0 0 0 0 0 0 
930 94 0 0 0 0 0 0 762 237 25 0 0 0 0 0 980 44 0 0 0 0 0 0 
977 44 3 0 0 0 0 0 899 107 18 0 0 0 0 0 993 31 0 0 0 0 0 0 
1024 0 0 0 0 0 0 0 811 213 0 0 0 0 0 0 1024 0 0 0 0 0 0 0 
1020 4 0 0 0 0 0 0 563 461 0 0 0 0 0 0 1024 0 0 0 0 0 0 0 
1024 0 0 0 0 0 0 0 761 263 0 0 0 0 0 0 1024 0 0 0 0 0 0 0 
1024 0 0 0 0 0 0 0 1009 15 0 0 0 0 0 0 1024 0 0 0 0 0 0 0 
1024 0 0 0 0 0 0 0 1024 0 0 0 0 0 0 0 1024 0 0 0 0 0 0 0 
1012 12 0 0 0 0 0 0 1000 15 9 0 0 0 0 0 1017 7 0 0 0 0 0 0 
533 390 101 0 0 0 0 0 310 351 317 46 0 0 0 0 860 162 2 0 0 0 0 0 
525 434 65 0 0 0 0 0 231 491 283 19 0 0 0 0 807 210 7 0 0 0 0 0 
630 314 78 2 0 0 0 0 322 457 230 15 0 0 0 0 800 202 22 0 0 0 0 0 
838 137 15 2 0 0 0 0 485 464 39 4 0 0 0 0 911 75 6 0 0 0 0 0 
491 493 40 0 0 0 0 0 98 691 234 1 0 0 0 0 821 203 0 0 0 0 0 0 
130 820 74 0 0 0 0 0 16 447 543 18 0 0 0 0 780 244 0 0 0 0 0 0 
23 666 319 16 0 0 0 0 2 372 609 41 0 0 0 0 611 397 16 0 0 0 0 0 
1 790 224 9 0 0 0 0 0 354 649 21 0 0 0 0 786 233 5 0 0 0 0 0 
110 899 15 0 0 0 0 0 16 769 234 5 0 0 0 0 946 76 2 0 0 0 0 0 
99 804 121 0 0 0 0 0 4 420 580 20 0 0 0 0 902 122 0 0 0 0 0 0 
2 853 169 0 0 0 0 0 0 397 623 4 0 0 0 0 900 124 0 0 0 0 0 0 
28 909 87 0 0 0 0 0 0 679 343 2 0 0 0 0 927 97 0 0 0 0 0 0 
13 719 261 29 2 0 0 0 0 473 505 45 1 0 0 0 803 199 22 0 0 0 0 0 
6 754 258 6 0 0 0 0 0 516 479 29 0 0 0 0 832 190 2 0 0 0 0 0 
30 738 206 49 1 0 0 0 3 655 311 53 2 0 0 0 784 210 30 0 0 0 0 0 
273 699 33 18 1 0 0 0 73 837 89 21 4 0 0 0 920 83 18 3 0 0 0 0 
22 876 124 2 0 0 0 0 0 633 384 7 0 0 0 0 886 137 1 0 0 0 0 0 
3 508 504 9 0 0 0 0 0 477 539 8 0 0 0 0 704 319 1 0 0 0 0 0 
17 66 546 343 50 2 0 0 15 166 580 224 38 1 0 0 128 643 216 35 2 0 0 0 
69 255 343 249 77 23 6 2 80 302 349 215 53 20 3 2 211 477 242 67 21 4 2 0 
9 312 438 225 39 1 0 0 31 506 251 215 21 0 0 0 224 534 238 28 0 0 0 0 
0 238 637 132 17 0 0 0 2 507 416 88 11 0 0 0 112 749 142 21 0 0 0 0 
143 398 328 143 12 0 0 0 173 426 291 128 6 0 0 0 433 417 166 8 0 0 0 0 
301 600 92 30 1 0 0 0 342 569 84 25 4 0 0 0 763 222 31 8 0 0 0 0 
498 333 139 54 0 0 0 0 459 386 130 49 0 0 0 0 799 162 60 3 0 0 0 0 
274 303 174 238 33 2 0 0 131 431 150 233 73 6 0 0 526 119 202 161 15 1 0 0 
581 204 50 123 61 5 0 0 561 226 36 126 70 5 0 0 736 62 89 114 23 0 0 0 
965 59 0 0 0 0 0 0 895 129 0 0 0 0 0 0 1016 8 0 0 0 0 0 0 
961 63 0 0 0 0 0 0 806 218 0 0 0 0 0 0 1022 2 0 0 0 0 0 0 
1017 7 0 0 0 0 0 0 891 133 0 0 0 0 0 0 1024 0 0 0 0 0 0 0 
1023 1 0 0 0 0 0 0 1012 12 0 0 0 0 0 0 1024 0 0 0 0 0 0 0 
1020 4 0 0 0 0 0 0 992 32 0 0 0 0 0 0 1021 3 0 0 0 0 0 0 
1021 3 0 0 0 0 0 0 893 131 0 0 0 0 0 0 1023 1 0 0 0 0 0 0 
1024 0 0 0 0 0 0 0 1014 10 0 0 0 0 0 0 1024 0 0 0 0 0 0 0 
1024 0 0 0 0 0 0 0 1024 0 0 0 0 0 0 0 1024 0 0 0 0 0 0 0 
1024 0 0 0 0 0 0 0 1003 21 0 0 0 0 0 0 1024 0 0 0 0 0 0 0 
1024 0 0 0 0 0 0 0 1016 8 0 0 0 0 0 0 1024 0 0 0 0 0 0 0 
1015 9 0 0 0 0 0 0 919 104 1 0 0 0 0 0 1018 6 0 0 0 0 0 0 
927 96 1 0 0 0 0 0 750 250 24 0 0 0 0 0 1001 23 0 0 0 0 0 0 
994 30 0 0 0 0 0 0 827 192 5 0 0 0 0 0 1006 18 0 0 0 0 0 0 
1023 1 0 0 0 0 0 0 897 127 0 0 0 0 0 0 1024 0 0 0 0 0 0 0 
1008 16 0 0 0 0 0 0 904 120 0 0 0 0 0 0 1014 10 0 0 0 0 0 0 
923 92 9 0 0 0 0 0 740 245 39 0 0 0 0 0 984 35 5 0 0 0 0 0 
778 230 16 0 0 0 0 0 526 373 124 1 0 0 0 0 911 108 5 0 0 0 0 0 
642 322 60 0 0 0 0 0 292 475 234 23 0 0 0 0 825 199 0 0 0 0 0 0 
577 431 16 0 0 0 0 0 201 611 210 2 0 0 0 0 860 162 2 0 0 0 0 0 
683 288 51 1 1 0 0 0 159 664 179 20 2 0 0 0 863 146 13 2 0 0 0 0 
547 402 42 1 0 0 0 0 217 536 234 5 0 0 0 0 771 215 6 0 0 0 0 0 
660 331 1 0 0 0 0 0 162 743 87 0 0 0 0 0 915 77 0 0 0 0 0 0 
193 751 48 0 0 0 0 0 51 556 383 2 0 0 0 0 745 246 1 0 0 0 0 0 
22 660 298 12 0 0 0 0 2 462 503 25 0 0 0 0 526 454 12 0 0 0 0 0 
36 803 153 0 0 0 0 0 0 263 723 6 0 0 0 0 729 263 0 0 0 0 0 0 
261 670 61 0 0 0 0 0 31 528 416 17 0 0 0 0 808 181 3 0 0 0 0 0 
145 759 88 0 0 0 0 0 4 314 631 43 0 0 0 0 856 136 0 0 0 0 0 0 
30 663 287 12 0 0 0 0 0 210 733 49 0 0 0 0 854 138 0 0 0 0 0 0 
20 680 288 4 0 0 0 0 0 355 599 38 0 0 0 0 766 226 0 0 0 0 0 0 
0 280 479 188 39 6 0 0 0 168 627 165 28 4 0 0 445 393 126 25 3 0 0 0 
0 215 732 44 1 0 0 0 0 144 768 79 1 0 0 0 511 471 10 0 0 0 0 0 
12 229 577 166 8 0 0 0 3 248 598 138 5 0 0 0 399 519 72 2 0 0 0 0 
277 434 225 53 3 0 0 0 69 567 276 74 6 0 0 0 661 267 59 5 0 0 0 0 
40 732 199 19 2 0 0 0 4 635 319 28 6 0 0 0 746 223 21 2 0 0 0 0 
44 592 260 63 31 2 0 0 5 618 274 70 25 0 0 0 700 204 66 22 0 0 0 0 
0 35 200 460 269 28 0 0 0 63 229 535 150 15 0 0 37 271 533 139 12 0 0 0 
1 13 158 369 364 75 10 2 3 19 189 484 240 50 5 2 18 180 501 238 47 6 2 0 
6 62 193 533 183 14 1 0 9 86 222 549 113 13 0 0 42 262 541 135 12 0 0 0 
2 73 393 360 155 9 0 0 3 158 373 346 106 6 0 0 69 393 382 142 6 0 0 0 
10 157 415 372 38 0 0 0 23 198 407 338 26 0 0 0 113 454 388 36 1 0 0 0 
70 313 201 350 42 13 3 0 74 321 230 318 35 11 3 0 291 294 331 56 14 6 0 0 
69 329 342 226 22 4 0 0 56 348 376 190 18 3 1 0 353 360 246 28 4 1 0 0 
55 265 419 237 14 2 0 0 23 252 393 300 21 3 0 0 188 337 358 104 4 1 0 0 
445 383 75 68 20 1 0 0 410 417 60 81 23 1 0 0 710 141 85 50 6 0 0 0 
674 288 30 0 0 0 0 0 596 357 39 0 0 0 0 0 805 182 5 0 0 0 0 0 
630 362 0 0 0 0 0 0 326 660 6 0 0 0 0 0 955 37 0 0 0 0 0 0 
857 133 2 0 0 0 0 0 553 428 11 0 0 0 0 0 969 23 0 0 0 0 0 0 
977 15 0 0 0 0 0 0 954 38 0 0 0 0 0 0 985 7 0 0 0 0 0 0 
976 16 0 0 0 0 0 0 947 45 0 0 0 0 0 0 980 12 0 0 0 0 0 0 
992 0 0 0 0 0 0 0 979 13 0 0 0 0 0 0 992 0 0 0 0 0 0 0 
992 0 0 0 0 0 0 0 992 0 0 0 0 0 0 0 992 0 0 0 0 0 0 0 
992 0 0 0 0 0 0 0 992 0 0 0 0 0 0 0 992 0 0 0 0 0 0 0 
992 0 0 0 0 0 0 0 971 21 0 0 0 0 0 0 992 0 0 0 0 0 0 0 
992 0 0 0 0 0 0 0 984 8 0 0 0 0 0 0 992 0 0 0 0 0 0 0 
992 0 0 0 0 0 0 0 968 24 0 0 0 0 0 0 992 0 0 0 0 0 0 0 
968 24 0 0 0 0 0 0 905 80 7 0 0 0 0 0 983 9 0 0 0 0 0 0 
992 0 0 0 0 0 0 0 932 60 0 0 0 0 0 0 992 0 0 0 0 0 0 0 
992 0 0 0 0 0 0 0 945 47 0 0 0 0 0 0 992 0 0 0 0 0 0 0 
925 61 6 0 0 0 0 0 857 102 33 0 0 0 0 0 953 37 2 0 0 0 0 0 
816 173 3 0 0 0 0 0 520 414 58 0 0 0 0 0 911 79 2 0 0 0 0 0 
619 363 10 0 0 0 0 0 191 664 136 1 0 0 0 0 854 136 2 0 0 0 0 0 
563 359 70 0 0 0 0 0 201 510 238 43 0 0 0 0 798 193 1 0 0 0 0 0 
661 300 31 0 0 0 0 0 352 482 153 5 0 0 0 0 864 125 3 0 0 0 0 0 
722 237 28 3 2 0 0 0 257 646 70 16 3 0 0 0 901 72 16 3 0 0 0 0 
608 316 35 2 0 0 0 0 285 551 119 6 0 0 0 0 804 150 7 0 0 0 0 0 
