0 0 0 0 0 0 0 1024 0 0 0 0 0 0 0 1024 0 0 0 0 0 0 0 1024 
0 0 0 0 0 0 0 1024 0 0 0 0 0 0 0 1024 0 0 0 0 0 0 0 1024 
0 0 0 0 0 0 0 1024 0 0 0 0 0 0 0 1024 0 0 0 0 0 0 0 1024 
0 0 0 0 0 0 57 967 0 0 0 0 0 0 0 1024 0 0 0 0 0 0 0 1024 
0 0 0 0 0 0 459 565 0 0 0 0 0 0 334 690 0 0 0 0 0 0 11 1013 
0 0 0 0 0 0 1008 16 0 0 0 0 0 0 880 144 0 0 0 0 0 0 176 848 
0 0 0 0 0 0 1024 0 0 0 0 0 0 0 933 91 0 0 0 0 0 0 614 410 
0 0 0 0 0 0 984 40 0 0 0 0 0 0 536 488 0 0 0 0 0 0 45 979 
0 0 0 0 0 0 112 912 0 0 0 0 0 0 36 988 0 0 0 0 0 0 0 1024 
0 0 0 0 0 0 0 1024 0 0 0 0 0 0 0 1024 0 0 0 0 0 0 0 1024 
0 0 0 0 0 0 0 1024 0 0 0 0 0 0 0 1024 0 0 0 0 0 0 0 1024 
0 0 0 0 0 0 169 855 0 0 0 0 0 0 115 909 0 0 0 0 0 0 0 1024 
0 0 0 0 0 0 208 816 0 0 0 0 0 0 169 855 0 0 0 0 0 0 0 1024 
0 0 0 0 0 0 683 341 0 0 0 0 0 0 484 540 0 0 0 0 0 0 114 910 
0 0 0 0 0 153 612 259 0 0 0 0 0 0 697 327 0 0 0 0 0 0 460 564 
0 0 0 0 0 35 471 518 0 0 0 0 0 0 472 552 0 0 0 0 0 0 227 797 
0 0 0 0 0 0 278 746 0 0 0 0 0 0 238 786 0 0 0 0 0 0 124 900 
0 0 0 0 0 0 552 472 0 0 0 0 0 0 268 756 0 0 0 0 0 0 0 1024 
0 0 0 0 3 108 430 483 0 0 0 0 0 22 188 814 0 0 0 0 0 0 22 1002 
0 0 0 0 22 130 644 228 0 0 0 0 0 24 499 501 0 0 0 0 0 0 28 996 
0 0 0 0 0 0 175 849 0 0 0 0 0 0 73 951 0 0 0 0 0 0 0 1024 
0 0 0 0 0 0 15 1009 0 0 0 0 0 0 0 1024 0 0 0 0 0 0 0 1024 
0 0 0 0 0 0 0 1024 0 0 0 0 0 0 0 1024 0 0 0 0 0 0 0 1024 
0 0 0 0 0 0 41 983 0 0 0 0 0 0 26 998 0 0 0 0 0 0 0 1024 
0 0 0 0 0 0 240 784 0 0 0 0 0 0 187 837 0 0 0 0 0 0 0 1024 
0 0 0 0 0 2 86 936 0 0 0 0 0 0 69 955 0 0 0 0 0 0 4 1020 
0 0 0 0 0 0 5 987 0 0 0 0 0 0 3 989 0 0 0 0 0 0 0 992 
0 0 0 0 0 0 0 1024 0 0 0 0 0 0 0 1024 0 0 0 0 0 0 0 1024 
0 0 0 0 0 0 0 1024 0 0 0 0 0 0 0 1024 0 0 0 0 0 0 0 1024 
0 0 0 0 0 0 0 1024 0 0 0 0 0 0 0 1024 0 0 0 0 0 0 0 1024 
0 0 0 0 0 0 0 1024 0 0 0 0 0 0 0 1024 0 0 0 0 0 0 0 1024 
0 0 0 0 0 0 24 1000 0 0 0 0 0 0 16 1008 0 0 0 0 0 0 0 1024 
0 0 0 0 0 0 916 108 0 0 0 0 0 0 734 290 0 0 0 0 0 0 253 771 
0 0 0 0 0 0 1024 0 0 0 0 0 0 0 1024 0 0 0 0 0 0 0 991 33 
0 0 0 0 0 2 1004 18 0 0 0 0 0 0 997 27 0 0 0 0 0 0 684 340 
0 0 0 0 0 0 153 871 0 0 0 0 0 0 130 894 0 0 0 0 0 0 0 1024 
0 0 0 0 0 0 0 1024 0 0 0 0 0 0 0 1024 0 0 0 0 0 0 0 1024 
0 0 0 0 0 0 606 418 0 0 0 0 0 0 331 693 0 0 0 0 0 0 13 1011 
0 0 0 0 0 0 1024 0 0 0 0 0 0 0 1018 6 0 0 0 0 0 0 577 447 
0 0 0 0 0 0 1024 0 0 0 0 0 0 0 1013 11 0 0 0 0 0 0 704 320 
0 0 0 0 0 21 947 56 0 0 0 0 0 0 858 166 0 0 0 0 0 0 661 363 
0 0 0 0 0 318 419 287 0 0 0 0 0 0 684 340 0 0 0 0 0 0 565 459 
0 0 0 0 0 24 205 795 0 0 0 0 0 0 209 815 0 0 0 0 0 0 117 907 
0 0 0 0 0 0 7 1017 0 0 0 0 0 0 0 1024 0 0 0 0 0 0 0 1024 
0 0 0 0 0 0 0 1024 0 0 0 0 0 0 2 1022 0 0 0 0 0 0 0 1024 
0 0 0 0 0 0 0 1024 0 0 0 0 0 0 0 1024 0 0 0 0 0 0 0 1024 
0 0 0 0 0 0 2 1022 0 0 0 0 0 0 4 1020 0 0 0 0 0 0 0 1024 
0 0 0 0 0 0 0 1024 0 0 0 0 0 0 0 1024 0 0 0 0 0 0 0 1024 
0 0 0 0 0 0 3 1021 0 0 0 0 0 0 1 1023 0 0 0 0 0 0 0 1024 
0 0 0 0 0 0 4 1020 0 0 0 0 0 0 2 1022 0 0 0 0 0 0 0 1024 
0 0 0 0 29 103 317 575 0 0 0 0 0 42 324 658 0 0 0 0 0 0 30 994 
0 0 0 0 78 300 491 155 0 0 0 0 0 150 603 271 0 0 0 0 0 0 99 925 
0 0 0 6 427 226 158 207 0 0 0 0 0 500 270 254 0 0 0 0 0 0 188 836 
0 0 0 0 350 130 113 399 0 0 0 0 0 376 172 444 0 0 0 0 0 0 157 835 
0 0 0 0 0 0 69 955 0 0 0 0 0 0 28 996 0 0 0 0 0 0 0 1024 
0 0 0 0 0 0 382 642 0 0 0 0 0 0 351 673 0 0 0 0 0 0 144 880 
0 0 0 0 0 15 353 656 0 0 0 0 0 0 360 664 0 0 0 0 0 0 155 869 
0 0 0 0 0 0 72 952 0 0 0 0 0 0 80 944 0 0 0 0 0 0 25 999 
0 0 0 0 0 0 0 1024 0 0 0 0 0 0 0 1024 0 0 0 0 0 0 0 1024 
0 0 0 0 0 0 72 952 0 0 0 0 0 0 86 938 0 0 0 0 0 0 22 1002 
0 0 0 0 0 0 306 718 0 0 0 0 0 0 292 732 0 0 0 0 0 0 180 844 
0 0 0 0 0 0 194 830 0 0 0 0 0 0 198 826 0 0 0 0 0 0 82 942 
0 0 0 0 0 0 0 1024 0 0 0 0 0 0 0 1024 0 0 0 0 0 0 0 1024 
0 0 0 0 0 0 0 1024 0 0 0 0 0 0 0 1024 0 0 0 0 0 0 0 1024 
0 0 0 0 0 0 432 592 0 0 0 0 0 0 263 761 0 0 0 0 0 0 44 980 
0 0 0 0 0 0 569 455 0 0 0 0 0 0 575 449 0 0 0 0 0 0 227 797 
0 0 0 0 0 0 441 583 0 0 0 0 0 0 443 581 0 0 0 0 0 0 139 885 
0 0 0 0 0 0 554 470 0 0 0 0 0 0 552 472 0 0 0 0 0 0 304 720 
0 0 0 0 0 209 485 330 0 0 0 0 0 5 704 315 0 0 0 0 0 0 575 449 
0 0 0 0 0 0 304 720 0 0 0 0 0 0 310 714 0 0 0 0 0 0 184 840 
0 0 0 0 0 0 0 1024 0 0 0 0 0 0 0 1024 0 0 0 0 0 0 0 1024 
0 0 0 0 0 0 0 1024 0 0 0 0 0 0 0 1024 0 0 0 0 0 0 0 1024 
0 0 0 0 0 0 0 1024 0 0 0 0 0 0 0 1024 0 0 0 0 0 0 0 1024 
0 0 0 0 0 0 0 1024 0 0 0 0 0 0 0 1024 0 0 0 0 0 0 0 1024 
0 0 0 0 0 0 0 1024 0 0 0 0 0 0 0 1024 0 0 0 0 0 0 0 1024 
0 0 0 0 0 0 0 1024 0 0 0 0 0 0 0 1024 0 0 0 0 0 0 0 1024 
0 0 0 0 0 0 0 1024 0 0 0 0 0 0 0 1024 0 0 0 0 0 0 0 1024 
0 0 0 0 0 16 45 963 0 0 0 0 0 0 61 963 0 0 0 0 0 0 4 1020 
0 0 0 0 146 153 388 337 0 0 0 0 0 151 394 479 0 0 0 0 0 0 37 987 
0 0 0 8 803 160 53 0 0 0 0 0 0 827 188 9 0 0 0 0 0 0 117 907 
0 0 0 8 703 265 16 0 0 0 0 0 0 751 238 3 0 0 0 0 0 0 135 857 
0 0 0 0 0 0 0 1024 0 0 0 0 0 0 0 1024 0 0 0 0 0 0 0 1024 
0 0 0 0 0 0 198 826 0 0 0 0 0 0 194 830 0 0 0 0 0 0 121 903 
0 0 0 0 0 178 306 540 0 0 0 0 0 0 466 558 0 0 0 0 0 0 362 662 
0 0 0 0 0 3 485 536 0 0 0 0 0 0 484 540 0 0 0 0 0 0 317 707 
0 0 0 0 0 0 131 893 0 0 0 0 0 0 91 933 0 0 0 0 0 0 0 1024 
0 0 0 0 0 0 0 1024 0 0 0 0 0 0 0 1024 0 0 0 0 0 0 0 1024 
0 0 0 0 0 0 0 1024 0 0 0 0 0 0 0 1024 0 0 0 0 0 0 0 1024 
0 0 0 0 0 0 0 1024 0 0 0 0 0 0 0 1024 0 0 0 0 0 0 0 1024 
0 0 0 0 0 0 63 961 0 0 0 0 0 0 28 996 0 0 0 0 0 0 0 1024 
0 0 0 0 0 0 133 891 0 0 0 0 0 0 113 911 0 0 0 0 0 0 12 1012 
0 0 0 0 0 0 0 1024 0 0 0 0 0 0 0 1024 0 0 0 0 0 0 0 1024 
0 0 0 0 0 0 0 1024 0 0 0 0 0 0 0 1024 0 0 0 0 0 0 0 1024 
0 0 0 0 0 0 0 1024 0 0 0 0 0 0 0 1024 0 0 0 0 0 0 0 1024 
0 0 0 0 0 0 0 1024 0 0 0 0 0 0 0 1024 0 0 0 0 0 0 0 1024 
0 0 0 0 0 0 0 1024 0 0 0 0 0 0 0 1024 0 0 0 0 0 0 0 1024 
0 0 0 0 0 0 0 1024 0 0 0 0 0 0 0 1024 0 0 0 0 0 0 0 1024 
0 0 0 0 0 0 0 1024 0 0 0 0 0 0 0 1024 0 0 0 0 0 0 0 1024 
0 0 0 0 0 0 0 1024 0 0 0 0 0 0 0 1024 0 0 0 0 0 0 0 1024 
0 0 0 0 0 0 0 1024 0 0 0 0 0 0 0 1024 0 0 0 0 0 0 0 1024 
0 0 0 0 0 0 0 1024 0 0 0 0 0 0 0 1024 0 0 0 0 0 0 0 1024 
0 0 0 0 0 0 0 1024 0 0 0 0 0 0 0 1024 0 0 0 0 0 0 0 1024 
0 0 0 0 0 0 0 1024 0 0 0 0 0 0 0 1024 0 0 0 0 0 0 0 1024 
0 0 0 0 0 0 45 979 0 0 0 0 0 0 3 1021 0 0 0 0 0 0 0 1024 
0 0 0 0 0 0 6 1018 0 0 0 0 0 0 0 1024 0 0 0 0 0 0 0 1024 
0 0 0 0 74 100 127 723 0 0 0 0 0 73 170 781 0 0 0 0 0 0 32 992 
0 0 0 10 487 345 149 33 0 0 0 0 0 541 429 54 0 0 0 0 0 0 104 920 
0 0 0 0 413 318 204 57 0 0 0 0 0 435 473 84 0 0 0 0 0 0 123 869 
0 0 0 0 0 0 424 600 0 0 0 0 0 0 256 768 0 0 0 0 0 0 0 1024 
0 0 0 0 0 0 10 1014 0 0 0 0 0 0 23 1001 0 0 0 0 0 0 0 1024 
0 0 0 0 0 0 0 1024 0 0 0 0 0 0 0 1024 0 0 0 0 0 0 0 1024 
0 0 0 0 0 0 0 1024 0 0 0 0 0 0 0 1024 0 0 0 0 0 0 0 1024 
0 0 0 0 0 0 0 1024 0 0 0 0 0 0 0 1024 0 0 0 0 0 0 0 1024 
0 0 0 0 0 0 41 983 0 0 0 0 0 0 21 1003 0 0 0 0 0 0 0 1024 
0 0 0 0 0 0 0 1024 0 0 0 0 0 0 0 1024 0 0 0 0 0 0 0 1024 
0 0 0 0 0 0 17 1007 0 0 0 0 0 0 26 998 0 0 0 0 0 0 0 1024 
0 0 0 0 0 0 685 339 0 0 0 0 0 0 590 434 0 0 0 0 0 0 275 749 
0 0 0 0 0 0 696 328 0 0 0 0 0 0 644 380 0 0 0 0 0 0 378 646 
0 0 0 0 0 92 281 651 0 0 0 0 0 9 304 711 0 0 0 0 0 0 224 800 
0 0 0 0 0 8 448 568 0 0 0 0 0 4 338 682 0 0 0 0 0 0 182 842 
0 0 0 0 0 0 204 820 0 0 0 0 0 0 182 842 0 0 0 0 0 0 68 956 
0 0 0 0 0 0 0 1024 0 0 0 0 0 0 1 1023 0 0 0 0 0 0 0 1024 
0 0 0 0 0 0 0 1024 0 0 0 0 0 0 0 1024 0 0 0 0 0 0 0 1024 
0 0 0 0 0 0 0 1024 0 0 0 0 0 0 0 1024 0 0 0 0 0 0 0 1024 
0 0 0 0 0 0 0 1024 0 0 0 0 0 0 0 1024 0 0 0 0 0 0 0 1024 
0 0 0 0 0 0 26 998 0 0 0 0 0 0 39 985 0 0 0 0 0 0 2 1022 
0 0 0 0 0 0 0 1024 0 0 0 0 0 0 0 1024 0 0 0 0 0 0 0 1024 
0 0 0 0 0 0 0 1024 0 0 0 0 0 0 0 1024 0 0 0 0 0 0 0 1024 
0 0 0 0 0 0 0 1024 0 0 0 0 0 0 0 1024 0 0 0 0 0 0 0 1024 
0 0 0 0 0 0 435 589 0 0 0 0 0 0 268 756 0 0 0 0 0 0 0 1024 
0 0 0 0 0 0 600 424 0 0 0 0 0 0 421 603 0 0 0 0 0 0 7 1017 
0 0 0 0 0 0 440 584 0 0 0 0 0 0 314 710 0 0 0 0 0 0 3 1021 
0 0 0 0 0 0 0 1024 0 0 0 0 0 0 0 1024 0 0 0 0 0 0 0 1024 
0 0 0 0 0 7 118 899 0 0 0 0 0 1 81 942 0 0 0 0 0 0 11 1013 
0 0 0 0 0 6 74 912 0 0 0 0 0 1 59 932 0 0 0 0 0 0 12 980 
0 0 0 0 0 0 1024 0 0 0 0 0 0 0 1024 0 0 0 0 0 0 0 197 827 
0 0 0 0 0 0 900 124 0 0 0 0 0 0 745 279 0 0 0 0 0 0 159 865 
0 0 0 0 0 0 479 545 0 0 0 0 0 0 404 620 0 0 0 0 0 0 100 924 
0 0 0 0 0 0 73 951 0 0 0 0 0 0 142 882 0 0 0 0 0 0 9 1015 
0 0 0 0 0 0 0 1024 0 0 0 0 0 0 0 1024 0 0 0 0 0 0 0 1024 
0 0 0 0 0 0 0 1024 0 0 0 0 0 0 0 1024 0 0 0 0 0 0 0 1024 
0 0 0 0 0 0 109 915 0 0 0 0 0 0 24 1000 0 0 0 0 0 0 0 1024 
0 0 0 0 0 0 666 358 0 0 0 0 0 0 582 442 0 0 0 0 0 0 255 769 
0 0 0 0 0 416 608 0 0 0 0 0 0 8 1016 0 0 0 0 0 0 0 954 70 
0 0 0 0 0 783 241 0 0 0 0 0 0 363 661 0 0 0 0 0 0 0 999 25 
0 0 0 0 0 830 194 0 0 0 0 0 0 711 296 17 0 0 0 0 0 0 929 95 
0 0 0 0 0 905 119 0 0 0 0 0 0 699 325 0 0 0 0 0 0 0 1002 22 
0 0 0 0 0 564 453 7 0 0 0 0 0 347 646 31 0 0 0 0 0 0 852 172 
0 0 0 0 0 19 747 258 0 0 0 0 0 0 692 332 0 0 0 0 0 0 366 658 
0 0 0 0 0 0 240 784 0 0 0 0 0 0 192 832 0 0 0 0 0 0 75 949 
0 0 0 0 0 0 0 1024 0 0 0 0 0 0 0 1024 0 0 0 0 0 0 0 1024 
0 0 0 0 0 0 0 1024 0 0 0 0 0 0 0 1024 0 0 0 0 0 0 0 1024 
0 0 0 0 0 0 0 1024 0 0 0 0 0 0 0 1024 0 0 0 0 0 0 0 1024 
0 0 0 0 0 0 0 1024 0 0 0 0 0 0 0 1024 0 0 0 0 0 0 0 1024 
0 0 0 0 0 0 0 1024 0 0 0 0 0 0 0 1024 0 0 0 0 0 0 0 1024 
0 0 0 0 0 0 0 1024 0 0 0 0 0 0 0 1024 0 0 0 0 0 0 0 1024 
0 0 0 0 0 0 429 595 0 0 0 0 0 0 346 678 0 0 0 0 0 0 118 906 
0 0 0 0 0 24 1000 0 0 0 0 0 0 0 1008 16 0 0 0 0 0 0 705 319 
0 0 0 0 0 93 928 3 0 0 0 0 0 7 960 57 0 0 0 0 0 0 506 518 
0 0 0 0 0 0 604 420 0 0 0 0 0 0 456 568 0 0 0 0 0 0 1 1023 
0 0 0 0 0 0 53 971 0 0 0 0 0 0 4 1020 0 0 0 0 0 0 0 1024 
0 0 0 0 0 0 31 961 0 0 0 0 0 0 0 992 0 0 0 0 0 0 0 992 
0 0 0 0 0 45 979 0 0 0 0 0 0 0 1019 5 0 0 0 0 0 0 926 98 
0 0 0 0 0 744 280 0 0 0 0 0 0 208 816 0 0 0 0 0 0 0 1024 0 
0 0 0 0 0 558 466 0 0 0 0 0 0 207 817 0 0 0 0 0 0 0 956 68 
0 0 0 0 0 25 995 4 0 0 0 0 0 0 985 39 0 0 0 0 0 0 705 319 
0 0 0 0 0 0 806 218 0 0 0 0 0 0 679 345 0 0 0 0 0 0 424 600 
0 0 0 0 0 0 891 133 0 0 0 0 0 0 784 240 0 0 0 0 0 0 545 479 
0 0 0 0 0 5 998 21 0 0 0 0 0 0 950 74 0 0 0 0 0 0 728 296 
0 0 0 0 0 0 1021 3 0 0 0 0 0 0 1015 9 0 0 0 0 0 0 859 165 
0 0 0 0 0 195 780 49 0 0 0 0 0 50 901 73 0 0 0 0 0 0 763 261 
0 0 0 0 0 912 112 0 0 0 0 0 0 677 347 0 0 0 0 0 0 0 1024 0 
0 0 0 0 0 1012 12 0 0 0 0 0 0 904 120 0 0 0 0 0 0 0 1024 0 
0 0 0 0 0 1013 11 0 0 0 0 0 0 923 101 0 0 0 0 0 0 0 1024 0 
0 0 0 0 0 1024 0 0 0 0 0 0 0 877 147 0 0 0 0 0 0 0 1024 0 
0 0 0 0 0 955 69 0 0 0 0 0 0 712 312 0 0 0 0 0 0 0 1024 0 
0 0 0 0 0 740 216 68 0 0 0 0 0 513 432 79 0 0 0 0 0 0 911 113 
0 0 0 0 0 358 273 393 0 0 0 0 0 92 498 434 0 0 0 0 0 0 511 513 
0 0 0 0 0 232 414 378 0 0 0 0 0 56 505 463 0 0 0 0 0 0 423 601 
0 0 0 0 0 186 343 495 0 0 0 0 0 28 497 499 0 0 0 0 0 0 393 631 
0 0 0 0 0 37 278 709 0 0 0 0 0 0 286 738 0 0 0 0 0 0 191 833 
0 0 0 0 0 0 41 983 0 0 0 0 0 0 46 978 0 0 0 0 0 0 14 1010 
0 0 0 0 0 0 125 899 0 0 0 0 0 0 90 934 0 0 0 0 0 0 10 1014 
0 0 0 0 0 197 637 190 0 0 0 0 0 0 824 200 0 0 0 0 0 0 653 371 
0 0 0 0 0 498 526 0 0 0 0 0 0 1 1023 0 0 0 0 0 0 0 897 127 
0 0 0 0 0 840 184 0 0 0 0 0 0 499 525 0 0 0 0 0 0 0 963 61 
0 0 0 0 0 97 927 0 0 0 0 0 0 0 1021 3 0 0 0 0 0 0 485 539 
0 0 0 0 0 4 977 43 0 0 0 0 0 0 756 268 0 0 0 0 0 0 495 529 
0 0 0 0 0 4 732 256 0 0 0 0 0 0 532 460 0 0 0 0 0 0 319 673 
0 0 0 0 0 5 931 88 0 0 0 0 0 0 573 451 0 0 0 0 0 0 23 1001 
0 0 0 0 19 360 641 4 0 0 0 0 0 55 916 53 0 0 0 0 0 0 400 624 
0 0 0 0 0 603 421 0 0 0 0 0 0 8 1004 12 0 0 0 0 0 0 670 354 
0 0 0 0 0 319 705 0 0 0 0 0 0 19 1005 0 0 0 0 0 0 0 868 156 
0 0 0 0 0 0 869 155 0 0 0 0 0 0 795 229 0 0 0 0 0 0 496 528 
0 0 0 0 0 0 352 672 0 0 0 0 0 0 244 780 0 0 0 0 0 0 110 914 
0 0 0 0 0 0 4 1020 0 0 0 0 0 0 8 1016 0 0 0 0 0 0 0 1024 
0 0 0 0 0 0 69 955 0 0 0 0 0 0 77 947 0 0 0 0 0 0 45 979 
0 0 0 0 0 0 351 673 0 0 0 0 0 0 280 744 0 0 0 0 0 0 107 917 
0 0 0 0 0 0 614 410 0 0 0 0 0 0 594 430 0 0 0 0 0 0 506 518 
0 0 0 0 0 327 551 146 0 0 0 0 0 46 814 164 0 0 0 0 0 0 806 218 
0 0 0 0 0 772 252 0 0 0 0 0 0 248 769 7 0 0 0 0 0 0 957 67 
0 0 0 0 0 842 174 8 0 0 0 0 0 338 674 12 0 0 0 0 0 0 995 29 
0 0 0 0 0 1024 0 0 0 0 0 0 0 943 81 0 0 0 0 0 0 0 1024 0 
0 0 0 0 0 1024 0 0 0 0 0 0 0 1011 13 0 0 0 0 0 0 0 1024 0 
0 0 0 0 0 1024 0 0 0 0 0 0 0 991 33 0 0 0 0 0 0 2 1022 0 
0 0 0 0 0 1024 0 0 0 0 0 0 0 976 48 0 0 0 0 0 0 3 1021 0 
0 0 0 0 0 1024 0 0 0 0 0 0 0 1024 0 0 0 0 0 0 0 3 1021 0 
0 0 0 0 0 1019 5 0 0 0 0 0 0 865 159 0 0 0 0 0 0 77 947 0 
0 0 0 0 0 838 186 0 0 0 0 0 0 746 265 13 0 0 0 0 0 41 909 74 
0 0 0 0 0 761 231 32 0 0 0 0 0 697 260 67 0 0 0 0 0 16 882 126 
0 0 0 0 6 1018 0 0 0 0 0 0 0 817 207 0 0 0 0 0 0 6 1018 0 
0 0 0 0 0 1024 0 0 0 0 0 0 0 832 192 0 0 0 0 0 0 56 968 0 
0 0 0 0 16 1008 0 0 0 0 0 0 0 1002 22 0 0 0 0 0 0 152 872 0 
0 0 0 0 0 916 108 0 0 0 0 0 0 644 380 0 0 0 0 0 0 10 1014 0 
0 0 0 0 0 108 776 140 0 0 0 0 0 15 768 241 0 0 0 0 0 0 561 463 
0 0 0 0 0 13 602 377 0 0 0 0 0 0 510 482 0 0 0 0 0 0 259 733 
0 0 0 0 251 538 191 44 0 0 0 0 0 0 873 151 0 0 0 0 0 0 1 1023 
0 0 0 0 483 525 16 0 0 0 0 0 0 1 1016 7 0 0 0 0 0 0 1 1023 
0 0 0 0 934 90 0 0 0 0 0 0 0 0 1024 0 0 0 0 0 0 0 0 1024 
0 0 0 0 784 154 86 0 0 0 0 0 0 0 983 41 0 0 0 0 0 0 0 1024 
0 0 0 0 586 111 158 169 0 0 0 0 0 0 749 275 0 0 0 0 0 0 0 1024 
0 0 0 0 580 114 147 183 0 0 0 0 0 0 752 272 0 0 0 0 0 0 0 1024 
0 0 0 0 270 163 138 453 0 0 0 0 0 0 473 551 0 0 0 0 0 0 2 1022 
0 0 0 0 0 65 266 693 0 0 0 0 0 0 191 833 0 0 0 0 0 0 0 1024 
0 0 0 0 0 0 0 1024 0 0 0 0 0 0 0 1024 0 0 0 0 0 0 0 1024 
0 0 0 0 0 0 0 1024 0 0 0 0 0 0 0 1024 0 0 0 0 0 0 0 1024 
0 0 0 0 0 0 0 1024 0 0 0 0 0 0 0 1024 0 0 0 0 0 0 0 1024 
0 0 0 0 0 0 4 1020 0 0 0 0 0 0 4 1020 0 0 0 0 0 0 4 1020 
0 0 0 0 0 0 251 773 0 0 0 0 0 0 243 781 0 0 0 0 0 0 186 838 
0 0 0 0 0 375 414 235 0 0 0 0 0 226 506 292 0 0 0 0 0 0 629 395 
0 0 0 0 0 512 287 225 0 0 0 0 0 421 355 248 0 0 0 0 0 0 679 345 
0 0 0 0 0 507 156 361 0 0 0 0 0 465 199 360 0 0 0 0 0 85 523 416 
0 0 0 0 0 689 225 110 0 0 0 0 0 643 250 131 0 0 0 0 0 66 773 185 
0 0 0 0 0 781 243 0 0 0 0 0 0 752 271 1 0 0 0 0 0 234 748 42 
0 0 0 0 66 689 269 0 0 0 0 0 0 687 337 0 0 0 0 0 0 272 752 0 
0 0 0 0 30 994 0 0 0 0 0 0 0 1004 20 0 0 0 0 0 0 593 431 0 
0 0 0 0 264 760 0 0 0 0 0 0 0 1024 0 0 0 0 0 0 0 852 172 0 
0 0 0 0 631 393 0 0 0 0 0 0 0 1024 0 0 0 0 0 0 0 968 56 0 
0 0 0 0 660 364 0 0 0 0 0 0 0 1024 0 0 0 0 0 0 0 604 420 0 
0 0 0 0 512 512 0 0 0 0 0 0 0 1011 13 0 0 0 0 0 0 501 523 0 
0 0 0 0 183 566 275 0 0 0 0 0 0 606 418 0 0 0 0 0 0 104 893 27 
0 0 0 0 0 237 440 347 0 0 0 0 0 96 547 381 0 0 0 0 0 0 423 601 
0 0 0 0 0 87 249 656 0 0 0 0 0 11 314 667 0 0 0 0 0 0 209 783 
0 0 0 0 116 665 128 115 0 0 0 0 0 0 825 199 0 0 0 0 0 0 0 1024 
0 0 0 0 256 768 0 0 0 0 0 0 0 0 1024 0 0 0 0 0 0 0 0 1024 
0 0 0 0 480 544 0 0 0 0 0 0 0 0 1024 0 0 0 0 0 0 0 0 1024 
0 0 0 0 704 320 0 0 0 0 0 0 0 0 1024 0 0 0 0 0 0 0 0 1024 
0 0 0 0 1024 0 0 0 0 0 0 0 0 0 1024 0 0 0 0 0 0 0 0 1024 
0 0 0 0 1024 0 0 0 0 0 0 0 0 0 1024 0 0 0 0 0 0 0 0 1024 
0 0 0 0 840 122 35 27 0 0 0 0 0 0 984 40 0 0 0 0 0 0 5 1019 
0 0 0 0 345 371 286 22 0 0 0 0 0 0 916 108 0 0 0 0 0 0 6 1018 
0 0 0 0 0 122 683 219 0 0 0 0 0 0 682 342 0 0 0 0 0 0 316 708 
0 0 0 0 0 95 492 437 0 0 0 0 0 0 483 541 0 0 0 0 0 0 301 723 
0 0 0 0 0 28 751 245 0 0 0 0 0 0 752 272 0 0 0 0 0 0 586 438 
0 0 0 0 0 416 249 359 0 0 0 0 0 32 608 384 0 0 0 0 0 0 610 414 
0 0 0 0 0 273 239 512 0 0 0 0 0 64 445 515 0 0 0 0 0 0 451 573 
0 0 0 0 0 106 306 612 0 0 0 0 0 0 401 623 0 0 0 0 0 0 326 698 
0 0 0 0 0 0 242 782 0 0 0 0 0 0 220 804 0 0 0 0 0 0 140 884 
0 0 0 0 0 0 286 738 0 0 0 0 0 0 184 840 0 0 0 0 0 0 66 958 
0 0 0 0 0 0 22 1002 0 0 0 0 0 0 28 996 0 0 0 0 0 0 1 1023 
0 0 0 0 0 0 98 926 0 0 0 0 0 0 119 905 0 0 0 0 0 0 36 988 
0 0 0 0 0 80 381 563 0 0 0 0 0 47 426 551 0 0 0 0 0 0 394 630 
0 0 0 0 0 483 187 354 0 0 0 0 0 410 272 342 0 0 0 0 0 26 613 385 
0 0 0 0 264 528 232 0 0 0 0 0 0 703 321 0 0 0 0 0 0 410 588 26 
0 0 0 0 580 444 0 0 0 0 0 0 0 1024 0 0 0 0 0 0 0 673 351 0 
0 0 0 0 735 289 0 0 0 0 0 0 0 1019 5 0 0 0 0 0 0 748 276 0 
0 0 0 0 131 801 92 0 0 0 0 0 0 890 134 0 0 0 0 0 0 168 856 0 
0 0 0 0 0 585 439 0 0 0 0 0 0 283 732 9 0 0 0 0 0 0 972 52 
0 0 0 0 0 260 461 303 0 0 0 0 0 109 518 397 0 0 0 0 0 0 449 575 
0 0 0 0 0 114 359 519 0 0 0 0 0 21 414 557 0 0 0 0 0 0 302 690 
0 0 0 0 0 1024 0 0 0 0 0 0 0 0 1024 0 0 0 0 0 0 0 0 1024 
0 0 0 0 0 1024 0 0 0 0 0 0 0 0 1024 0 0 0 0 0 0 0 0 1024 
0 0 0 0 0 1024 0 0 0 0 0 0 0 0 1024 0 0 0 0 0 0 0 0 1024 
0 0 0 0 0 1024 0 0 0 0 0 0 0 0 1024 0 0 0 0 0 0 0 0 1024 
0 0 0 0 128 896 0 0 0 0 0 0 0 0 1024 0 0 0 0 0 0 0 0 1024 
0 0 0 0 512 512 0 0 0 0 0 0 0 0 1024 0 0 0 0 0 0 0 0 1024 
0 0 0 0 64 960 0 0 0 0 0 0 0 0 1024 0 0 0 0 0 0 0 0 1024 
0 0 0 0 192 832 0 0 0 0 0 0 0 0 1024 0 0 0 0 0 0 0 0 1024 
0 0 0 0 104 878 42 0 0 0 0 0 0 0 1024 0 0 0 0 0 0 0 17 1007 
0 0 0 0 8 778 236 2 0 0 0 0 0 4 989 31 0 0 0 0 0 0 158 866 
0 0 0 0 0 434 558 32 0 0 0 0 0 44 722 258 0 0 0 0 0 0 417 607 
0 0 0 0 0 741 267 16 0 0 0 0 0 399 540 85 0 0 0 0 0 0 623 401 
0 0 0 0 0 874 150 0 0 0 0 0 0 633 369 22 0 0 0 0 0 5 741 278 
0 0 0 0 0 804 188 32 0 0 0 0 0 550 401 73 0 0 0 0 0 0 704 320 
0 0 0 0 0 543 287 194 0 0 0 0 0 190 572 262 0 0 0 0 0 0 681 343 
0 0 0 0 0 95 736 193 0 0 0 0 0 0 601 423 0 0 0 0 0 0 313 711 
0 0 0 0 0 55 349 620 0 0 0 0 0 0 286 738 0 0 0 0 0 0 3 1021 
0 0 0 0 0 0 116 908 0 0 0 0 0 0 32 992 0 0 0 0 0 0 0 1024 
0 0 0 0 0 0 0 1024 0 0 0 0 0 0 0 1024 0 0 0 0 0 0 0 1024 
0 0 0 0 0 0 1 1023 0 0 0 0 0 0 1 1023 0 0 0 0 0 0 1 1023 
0 0 0 0 0 45 174 805 0 0 0 0 0 17 205 802 0 0 0 0 0 0 186 838 
0 0 0 0 0 470 196 358 0 0 0 0 0 438 244 342 0 0 0 0 0 65 518 441 
0 0 0 0 0 786 238 0 0 0 0 0 0 612 412 0 0 0 0 0 0 0 1012 12 
0 0 0 0 0 747 277 0 0 0 0 0 0 549 475 0 0 0 0 0 0 0 1024 0 
0 0 0 0 0 821 203 0 0 0 0 0 0 674 350 0 0 0 0 0 0 0 1024 0 
0 0 0 0 0 998 26 0 0 0 0 0 0 562 462 0 0 0 0 0 0 0 1024 0 
0 0 0 0 0 917 75 0 0 0 0 0 0 622 370 0 0 0 0 0 0 0 988 4 
0 0 0 0 0 1024 0 0 0 0 0 0 0 0 1024 0 0 0 0 0 0 0 0 1024 
0 0 0 0 0 1024 0 0 0 0 0 0 0 0 1024 0 0 0 0 0 0 0 0 1024 
0 0 0 0 0 1024 0 0 0 0 0 0 0 0 1024 0 0 0 0 0 0 0 0 1024 
0 0 0 0 0 1024 0 0 0 0 0 0 0 0 1024 0 0 0 0 0 0 0 0 1024 
0 0 0 0 0 1024 0 0 0 0 0 0 0 0 1024 0 0 0 0 0 0 0 0 1024 
0 0 0 0 0 1024 0 0 0 0 0 0 0 0 1024 0 0 0 0 0 0 0 0 1024 
0 0 0 0 0 1024 0 0 0 0 0 0 0 0 1024 0 0 0 0 0 0 0 0 1024 
0 0 0 0 0 1024 0 0 0 0 0 0 0 0 1024 0 0 0 0 0 0 0 0 1024 
0 0 0 0 0 1024 0 0 0 0 0 0 0 0 1024 0 0 0 0 0 0 0 0 1024 
0 0 0 0 0 1024 0 0 0 0 0 0 0 0 1024 0 0 0 0 0 0 0 0 1024 
0 0 0 0 5 885 134 0 0 0 0 0 0 0 999 25 0 0 0 0 0 0 0 1024 
0 0 0 0 3 476 332 213 0 0 0 0 0 0 636 388 0 0 0 0 0 0 3 1021 
0 0 0 0 21 805 151 47 0 0 0 0 0 0 946 78 0 0 0 0 0 0 3 1021 
0 0 0 0 0 481 517 26 0 0 0 0 0 0 844 180 0 0 0 0 0 0 1 1023 
0 0 0 0 2 573 377 72 0 0 0 0 0 0 756 268 0 0 0 0 0 0 0 1024 
0 0 0 0 0 429 575 20 0 0 0 0 0 0 736 288 0 0 0 0 0 0 0 1024 
0 0 0 0 3 728 293 0 0 0 0 0 0 0 964 60 0 0 0 0 0 0 1 1023 
0 0 0 0 0 632 242 150 0 0 0 0 0 0 793 231 0 0 0 0 0 0 2 1022 
0 0 0 0 0 246 379 399 0 0 0 0 0 0 475 549 0 0 0 0 0 0 2 1022 
0 0 0 0 0 62 224 738 0 0 0 0 0 0 164 860 0 0 0 0 0 0 0 1024 
0 0 0 0 0 0 1 1023 0 0 0 0 0 0 3 1021 0 0 0 0 0 0 0 1024 
0 0 0 0 0 0 282 742 0 0 0 0 0 0 268 756 0 0 0 0 0 0 177 847 
0 0 0 0 0 56 430 538 0 0 0 0 0 8 510 506 0 0 0 0 0 0 356 668 
0 0 0 0 0 218 745 61 0 0 0 0 0 134 743 147 0 0 0 0 0 6 753 265 
0 0 0 0 0 280 744 0 0 0 0 0 0 72 952 0 0 0 0 0 0 0 1007 17 
0 0 0 0 0 60 964 0 0 0 0 0 0 3 1021 0 0 0 0 0 0 0 888 136 
0 0 0 0 0 81 911 0 0 0 0 0 0 11 975 6 0 0 0 0 0 0 730 262 
0 0 0 0 0 947 64 13 0 0 0 0 0 0 991 33 0 0 0 0 0 0 0 1024 
0 0 0 0 0 1024 0 0 0 0 0 0 0 0 1024 0 0 0 0 0 0 0 0 1024 
0 0 0 0 0 922 85 17 0 0 0 0 0 0 946 78 0 0 0 0 0 0 0 1024 
0 0 0 0 0 758 155 111 0 0 0 0 0 0 811 213 0 0 0 0 0 0 1 1023 
0 0 0 0 0 1018 6 0 0 0 0 0 0 0 1019 5 0 0 0 0 0 0 0 1024 
0 0 0 0 7 976 35 6 0 0 0 0 0 0 1004 20 0 0 0 0 0 0 2 1022 
0 0 0 0 0 1024 0 0 0 0 0 0 0 0 1024 0 0 0 0 0 0 0 0 1024 
0 0 0 0 0 1024 0 0 0 0 0 0 0 0 1024 0 0 0 0 0 0 0 0 1024 
0 0 0 0 0 1024 0 0 0 0 0 0 0 0 1024 0 0 0 0 0 0 0 0 1024 
0 0 0 0 0 1024 0 0 0 0 0 0 0 0 1024 0 0 0 0 0 0 0 0 1024 
0 0 0 0 0 1024 0 0 0 0 0 0 0 0 1024 0 0 0 0 0 0 0 0 1024 
0 0 0 0 0 1024 0 0 0 0 0 0 0 0 1024 0 0 0 0 0 0 0 0 1024 
0 0 0 0 0 1024 0 0 0 0 0 0 0 0 1024 0 0 0 0 0 0 0 0 1024 
0 0 0 0 0 1012 12 0 0 0 0 0 0 0 1023 1 0 0 0 0 0 0 0 1024 
0 0 0 0 0 1024 0 0 0 0 0 0 0 0 1024 0 0 0 0 0 0 0 0 1024 
0 0 0 0 6 576 442 0 0 0 0 0 0 0 878 146 0 0 0 0 0 0 0 1024 
0 0 0 0 0 158 815 51 0 0 0 0 0 0 642 382 0 0 0 0 0 0 13 1011 
0 0 0 0 0 99 338 587 0 0 0 0 0 0 330 694 0 0 0 0 0 0 12 1012 
0 0 0 0 0 598 298 128 0 0 0 0 0 0 769 255 0 0 0 0 0 0 6 1018 
0 0 0 0 0 323 282 419 0 0 0 0 0 0 480 544 0 0 0 0 0 0 1 1023 
0 0 0 0 0 0 234 790 0 0 0 0 0 0 234 790 0 0 0 0 0 0 94 930 
0 0 0 0 0 0 943 81 0 0 0 0 0 0 914 110 0 0 0 0 0 0 788 236 
0 0 0 0 0 274 750 0 0 0 0 0 0 26 998 0 0 0 0 0 0 0 1023 1 
0 0 0 0 0 841 177 6 0 0 0 0 0 578 435 11 0 0 0 0 0 0 1005 19 
0 0 0 0 0 997 27 0 0 0 0 0 0 791 232 1 0 0 0 0 0 0 1015 9 
0 0 0 0 0 833 191 0 0 0 0 0 0 562 462 0 0 0 0 0 0 0 1016 8 
0 0 0 0 0 755 237 0 0 0 0 0 0 413 571 8 0 0 0 0 0 0 962 30 
0 0 0 0 0 153 171 700 0 0 0 0 0 0 215 809 0 0 0 0 0 0 0 1024 
0 0 0 0 0 213 127 684 0 0 0 0 0 0 249 775 0 0 0 0 0 0 1 1023 
0 0 0 0 0 717 53 254 0 0 0 0 0 0 746 278 0 0 0 0 0 0 7 1017 
0 0 117 102 17 721 67 0 0 0 0 115 99 13 743 54 0 0 0 0 91 123 15 795 
0 0 74 98 7 113 110 622 0 0 0 132 44 8 147 693 0 0 0 0 64 114 15 831 
0 0 0 0 0 34 21 969 0 0 0 0 0 4 46 974 0 0 0 0 0 4 20 1000 
0 0 0 0 0 396 79 549 0 0 0 0 0 0 428 596 0 0 0 0 0 0 20 1004 
0 0 0 0 0 424 97 503 0 0 0 0 0 0 452 572 0 0 0 0 0 0 1 1023 
0 0 0 0 0 571 86 367 0 0 0 0 0 0 596 428 0 0 0 0 0 0 1 1023 
0 0 0 0 0 917 89 18 0 0 0 0 0 0 958 66 0 0 0 0 0 0 0 1024 
0 0 0 0 0 952 53 19 0 0 0 0 0 0 969 55 0 0 0 0 0 0 3 1021 
0 0 0 0 0 612 63 349 0 0 0 0 0 0 645 379 0 0 0 0 0 0 9 1015 
0 0 0 0 0 334 45 645 0 0 0 0 0 0 354 670 0 0 0 0 0 0 9 1015 
0 0 0 0 0 220 50 754 0 0 0 0 0 0 259 765 0 0 0 0 0 0 15 1009 
0 0 0 0 1 436 130 457 0 0 0 0 0 0 489 535 0 0 0 0 0 0 9 1015 
0 0 0 0 0 216 346 462 0 0 0 0 0 0 350 674 0 0 0 0 0 0 0 1024 
0 0 0 0 0 0 251 773 0 0 0 0 0 0 65 959 0 0 0 0 0 0 0 1024 
0 0 0 0 0 0 31 993 0 0 0 0 0 0 0 1024 0 0 0 0 0 0 0 1024 
0 0 0 0 0 0 265 759 0 0 0 0 0 0 135 889 0 0 0 0 0 0 4 1020 
0 0 0 0 0 0 0 1024 0 0 0 0 0 0 0 1024 0 0 0 0 0 0 0 1024 
0 0 0 0 0 0 8 1016 0 0 0 0 0 0 12 1012 0 0 0 0 0 0 0 1024 
0 0 0 0 0 0 588 436 0 0 0 0 0 0 433 591 0 0 0 0 0 0 179 845 
0 0 0 0 0 75 752 197 0 0 0 0 0 0 739 285 0 0 0 0 0 0 576 448 
0 0 0 0 0 59 530 435 0 0 0 0 0 0 592 432 0 0 0 0 0 0 512 512 
0 0 0 0 0 164 337 523 0 0 0 0 0 92 380 552 0 0 0 0 0 0 381 643 
0 0 0 0 0 4 863 157 0 0 0 0 0 0 881 143 0 0 0 0 0 0 743 281 
0 0 0 0 0 37 927 28 0 0 0 0 0 0 971 21 0 0 0 0 0 0 848 144 
0 0 0 0 0 0 77 947 0 0 0 0 0 0 42 982 0 0 0 0 0 0 0 1024 
0 0 0 0 0 0 152 872 0 0 0 0 0 0 56 968 0 0 0 0 0 0 0 1024 
0 0 32 178 13 70 84 647 0 0 0 77 137 17 102 691 0 0 0 0 65 153 20 786 
0 0 33 916 7 32 28 8 0 0 0 201 751 7 30 35 0 0 0 0 68 887 6 63 
0 0 26 970 6 6 3 13 0 0 0 152 848 6 3 15 0 0 0 0 64 938 7 15 
0 0 90 791 10 15 14 104 0 0 0 216 670 17 10 111 0 0 0 2 227 661 16 118 
0 0 37 336 15 13 28 595 0 0 2 134 248 12 15 613 0 0 0 2 111 276 15 620 
0 0 8 24 11 9 10 962 0 0 0 23 19 9 8 965 0 0 0 3 23 20 10 968 
0 0 0 0 0 0 7 1017 0 0 0 0 0 0 9 1015 0 0 0 0 0 0 0 1024 
0 0 0 0 4 2 6 1012 0 0 0 0 4 2 8 1010 0 0 0 0 4 2 5 1013 
0 0 0 0 0 20 48 956 0 0 0 0 0 0 32 992 0 0 0 0 0 0 0 1024 
0 0 0 0 0 0 0 1024 0 0 0 0 0 0 0 1024 0 0 0 0 0 0 0 1024 
0 0 0 0 0 0 0 1024 0 0 0 0 0 0 0 1024 0 0 0 0 0 0 0 1024 
0 0 0 0 0 0 0 1024 0 0 0 0 0 0 0 1024 0 0 0 0 0 0 0 1024 
0 0 0 0 0 0 0 1024 0 0 0 0 0 0 0 1024 0 0 0 0 0 0 0 1024 
0 0 0 0 0 1 81 942 0 0 0 0 0 0 49 975 0 0 0 0 0 0 7 1017 
0 0 0 0 0 0 25 999 0 0 0 0 0 0 2 1022 0 0 0 0 0 0 2 1022 
0 0 0 0 0 0 7 1017 0 0 0 0 0 0 1 1023 0 0 0 0 0 0 0 1024 
0 0 0 0 0 0 0 1024 0 0 0 0 0 0 0 1024 0 0 0 0 0 0 0 1024 
0 0 0 0 0 0 39 985 0 0 0 0 0 0 43 981 0 0 0 0 0 0 21 1003 
0 0 0 0 0 0 530 494 0 0 0 0 0 0 453 571 0 0 0 0 0 0 305 719 
0 0 0 0 0 0 1019 5 0 0 0 0 0 0 979 45 0 0 0 0 0 0 734 290 
0 0 0 0 0 0 809 215 0 0 0 0 0 0 780 244 0 0 0 0 0 0 440 584 
0 0 0 0 0 0 534 490 0 0 0 0 0 0 460 564 0 0 0 0 0 0 229 795 
0 0 0 0 0 184 745 95 0 0 0 0 0 32 808 184 0 0 0 0 0 0 750 274 
0 0 0 0 0 535 441 48 0 0 0 0 0 36 943 45 0 0 0 0 0 0 841 183 
0 0 0 0 0 565 425 2 0 0 0 0 0 13 958 21 0 0 0 0 0 0 862 130 
0 0 91 357 32 16 494 34 0 0 0 193 275 20 368 168 0 0 0 1 336 136 58 493 
0 0 185 528 25 43 241 2 0 0 0 343 380 21 256 24 0 0 0 2 422 306 86 208 
0 0 211 802 9 1 1 0 0 0 0 534 487 1 1 1 0 0 0 1 568 452 1 2 
0 0 540 477 7 0 0 0 0 0 0 723 301 0 0 0 0 0 0 0 754 270 0 0 
0 0 387 483 145 9 0 0 0 0 0 489 502 31 2 0 0 0 0 0 544 456 23 1 
0 0 239 730 55 0 0 0 0 0 0 290 733 1 0 0 0 0 0 0 361 663 0 0 
0 0 27 996 1 0 0 0 0 0 0 144 880 0 0 0 0 0 0 0 175 849 0 0 
0 0 35 821 86 42 6 34 0 0 0 222 682 59 26 35 0 0 0 0 277 649 55 43 
0 0 3 741 127 29 4 120 0 0 0 103 747 43 11 120 0 0 0 0 161 718 23 122 
0 0 106 805 68 11 11 23 0 0 0 471 504 13 12 24 0 0 0 1 222 760 14 27 
0 0 123 358 17 19 79 428 0 0 0 340 151 15 33 485 0 0 0 5 215 279 19 506 
0 0 0 0 0 0 7 1017 0 0 0 0 0 0 7 1017 0 0 0 0 0 0 7 1017 
0 0 0 52 47 16 11 898 0 0 0 20 76 19 12 897 0 0 0 0 16 92 14 902 
0 0 0 347 224 15 17 421 0 0 0 30 532 20 16 426 0 0 0 1 111 465 15 432 
0 0 0 507 186 17 18 296 0 0 0 102 581 16 20 305 0 0 0 0 154 539 19 312 
0 0 10 111 11 10 39 843 0 0 0 78 49 11 15 871 0 0 0 0 52 81 10 881 
0 0 0 0 0 0 173 851 0 0 0 0 0 0 109 915 0 0 0 0 0 0 11 1013 
0 0 0 0 0 0 663 361 0 0 0 0 0 0 550 474 0 0 0 0 0 0 214 810 
0 0 0 0 0 129 741 154 0 0 0 0 0 1 687 336 0 0 0 0 0 0 389 635 
0 0 0 0 0 138 252 634 0 0 0 0 0 27 264 733 0 0 0 0 0 0 198 826 
0 0 0 0 0 0 758 266 0 0 0 0 0 0 582 442 0 0 0 0 0 0 209 815 
0 0 0 0 0 39 843 142 0 0 0 0 0 0 821 203 0 0 0 0 0 0 603 421 
0 0 0 0 0 0 972 52 0 0 0 0 0 0 920 104 0 0 0 0 0 0 692 332 
0 0 0 0 0 275 574 175 0 0 0 0 0 85 747 192 0 0 0 0 0 0 797 227 
0 0 0 0 0 234 390 400 0 0 0 0 0 118 498 408 0 0 0 0 0 0 554 470 
0 0 0 0 0 194 705 125 0 0 0 0 0 26 858 140 0 0 0 0 0 0 822 202 
0 0 0 0 0 221 771 0 0 0 0 0 0 6 986 0 0 0 0 0 0 0 961 31 
0 0 496 526 2 0 0 0 0 0 0 865 159 0 0 0 0 0 0 0 1008 16 0 0 
0 0 310 708 6 0 0 0 0 0 0 881 143 0 0 0 0 0 0 0 999 25 0 0 
0 0 396 628 0 0 0 0 0 0 0 801 223 0 0 0 0 0 0 0 1020 4 0 0 
0 0 307 717 0 0 0 0 0 0 0 549 475 0 0 0 0 0 0 0 1024 0 0 0 
0 0 31 993 0 0 0 0 0 0 0 481 543 0 0 0 0 0 0 0 1024 0 0 0 
0 0 278 746 0 0 0 0 0 0 0 525 499 0 0 0 0 0 0 0 1016 8 0 0 
0 0 457 567 0 0 0 0 0 0 0 810 214 0 0 0 0 0 0 0 1024 0 0 0 
0 0 512 507 5 0 0 0 0 0 0 858 164 2 0 0 0 0 0 0 904 120 0 0 
0 0 567 454 3 0 0 0 0 0 0 675 349 0 0 0 0 0 0 0 700 324 0 0 
0 0 434 533 52 5 0 0 0 0 0 474 524 26 0 0 0 0 0 0 483 516 25 0 
0 0 271 738 10 1 4 0 0 0 0 378 635 6 2 3 0 0 0 0 327 689 4 4 
0 0 133 352 339 44 38 118 0 0 0 166 578 117 20 143 0 0 0 0 219 621 34 150 
0 0 30 343 426 77 43 105 0 0 0 73 680 110 54 107 0 0 0 12 227 604 63 118 
0 0 20 372 341 93 48 150 0 0 0 43 667 109 57 148 0 0 0 0 141 629 94 160 
0 0 25 839 160 0 0 0 0 0 0 99 924 1 0 0 0 0 0 0 146 878 0 0 
0 0 60 922 21 4 4 13 0 0 0 126 875 4 5 14 0 0 0 2 98 903 5 16 
0 0 10 673 18 52 220 51 0 0 0 172 518 18 198 118 0 0 0 0 52 641 121 210 
0 0 66 167 12 188 466 125 0 0 0 139 100 29 622 134 0 0 0 1 74 170 480 299 
0 0 0 0 27 704 215 78 0 0 0 0 0 517 396 111 0 0 0 0 0 0 825 199 
0 0 102 79 43 730 70 0 0 0 0 140 46 608 228 2 0 0 0 0 109 77 784 54 
0 0 300 441 29 173 42 39 0 0 0 522 223 108 123 48 0 0 0 0 314 432 199 79 
0 0 172 134 20 26 198 474 0 0 2 262 55 17 163 525 0 0 0 5 191 130 106 592 
0 0 1 25 18 14 197 769 0 0 0 16 23 11 164 810 0 0 0 0 24 19 30 951 
0 0 0 0 0 0 89 935 0 0 0 0 0 0 56 968 0 0 0 0 0 0 15 1009 
0 0 0 0 0 0 380 644 0 0 0 0 0 0 251 773 0 0 0 0 0 0 144 880 
0 3 92 198 78 210 401 42 0 2 103 211 57 23 543 85 0 22 150 164 35 21 482 150 
0 29 146 263 117 219 215 3 0 27 139 274 111 26 408 7 4 65 228 215 39 23 385 33 
0 0 530 478 16 0 0 0 0 0 0 878 146 0 0 0 0 0 0 7 950 67 0 0 
0 0 410 614 0 0 0 0 0 0 0 902 122 0 0 0 0 0 0 0 1021 3 0 0 
0 0 600 424 0 0 0 0 0 0 0 975 49 0 0 0 0 0 0 0 977 47 0 0 
0 0 499 525 0 0 0 0 0 0 0 1004 20 0 0 0 0 0 0 0 1014 10 0 0 
0 0 455 569 0 0 0 0 0 0 0 983 41 0 0 0 0 0 0 0 1022 2 0 0 
0 0 467 557 0 0 0 0 0 0 0 952 72 0 0 0 0 0 0 0 1024 0 0 0 
0 0 352 672 0 0 0 0 0 0 0 836 188 0 0 0 0 0 0 0 1023 1 0 0 
0 0 236 788 0 0 0 0 0 0 0 762 262 0 0 0 0 0 0 0 1024 0 0 0 
0 0 129 895 0 0 0 0 0 0 0 507 517 0 0 0 0 0 0 0 1024 0 0 0 
0 0 244 780 0 0 0 0 0 0 0 759 265 0 0 0 0 0 0 0 1023 1 0 0 
0 0 632 392 0 0 0 0 0 0 0 791 233 0 0 0 0 0 0 0 1004 20 0 0 
0 0 957 67 0 0 0 0 0 0 0 998 26 0 0 0 0 0 0 0 998 26 0 0 
0 0 1024 0 0 0 0 0 0 0 0 1024 0 0 0 0 0 0 0 0 1013 11 0 0 
0 0 1022 2 0 0 0 0 0 0 0 1024 0 0 0 0 0 0 0 0 1024 0 0 0 
0 0 790 234 0 0 0 0 0 0 0 979 45 0 0 0 0 0 0 0 1023 1 0 0 
0 0 501 518 5 0 0 0 0 0 0 822 202 0 0 0 0 0 0 0 999 25 0 0 
0 0 222 800 2 0 0 0 0 0 0 496 527 1 0 0 0 0 0 0 582 442 0 0 
0 0 73 777 126 39 5 4 0 0 0 161 749 101 7 6 0 0 0 1 167 779 66 11 
0 0 11 591 73 59 96 194 0 0 0 108 541 71 51 253 0 0 0 1 172 491 82 278 
0 0 33 924 27 12 26 2 0 0 0 274 702 14 25 9 0 0 0 0 202 778 26 18 
0 0 0 1020 4 0 0 0 0 0 0 137 887 0 0 0 0 0 0 0 132 892 0 0 
0 0 64 936 15 7 2 0 0 0 0 516 492 10 6 0 0 0 0 0 286 718 15 5 
0 0 39 821 43 72 49 0 0 0 0 360 526 63 75 0 0 0 0 0 319 586 116 3 
0 0 111 863 14 10 26 0 0 0 0 332 653 7 20 12 0 0 0 0 374 613 10 27 
0 88 269 421 89 24 101 32 0 32 250 240 341 22 79 60 0 123 239 143 143 225 64 87 
0 97 260 310 290 66 1 0 0 36 256 360 320 52 0 0 2 118 397 319 177 11 0 0 
0 94 232 292 288 84 2 0 0 34 229 358 299 71 1 0 2 91 361 317 202 19 0 0 
0 0 482 542 0 0 0 0 0 0 0 946 78 0 0 0 0 0 0 5 1019 0 0 0 
0 0 452 572 0 0 0 0 0 0 0 927 97 0 0 0 0 0 0 1 1023 0 0 0 
0 0 355 669 0 0 0 0 0 0 0 841 183 0 0 0 0 0 0 22 1002 0 0 0 
0 0 389 635 0 0 0 0 0 0 0 881 143 0 0 0 0 0 0 100 918 6 0 0 
0 0 584 440 0 0 0 0 0 0 0 924 100 0 0 0 0 0 0 153 868 3 0 0 
0 0 451 557 16 0 0 0 0 0 0 906 118 0 0 0 0 0 0 94 928 2 0 0 
0 0 673 351 0 0 0 0 0 0 0 935 89 0 0 0 0 0 0 32 990 2 0 0 
0 0 719 305 0 0 0 0 0 0 0 930 94 0 0 0 0 0 0 28 969 27 0 0 
0 0 750 274 0 0 0 0 0 0 0 959 65 0 0 0 0 0 0 10 979 35 0 0 
0 0 497 527 0 0 0 0 0 0 0 939 85 0 0 0 0 0 0 0 1019 5 0 0 
0 0 352 606 66 0 0 0 0 0 0 776 244 4 0 0 0 0 0 0 953 71 0 0 
0 0 359 665 0 0 0 0 0 0 0 901 123 0 0 0 0 0 0 0 1016 8 0 0 
0 0 475 549 0 0 0 0 0 0 0 721 303 0 0 0 0 0 0 0 981 43 0 0 
0 0 747 277 0 0 0 0 0 0 0 741 283 0 0 0 0 0 0 0 867 157 0 0 
0 0 1015 9 0 0 0 0 0 0 0 1010 14 0 0 0 0 0 0 0 763 261 0 0 
0 0 1019 5 0 0 0 0 0 0 0 1013 11 0 0 0 0 0 0 0 750 274 0 0 
0 0 696 328 0 0 0 0 0 0 0 856 168 0 0 0 0 0 0 0 842 182 0 0 
0 0 481 543 0 0 0 0 0 0 0 685 339 0 0 0 0 0 0 0 851 173 0 0 
0 0 61 963 0 0 0 0 0 0 0 222 802 0 0 0 0 0 0 0 433 591 0 0 
0 0 21 1003 0 0 0 0 0 0 0 87 937 0 0 0 0 0 0 0 116 908 0 0 
0 0 35 989 0 0 0 0 0 0 0 205 819 0 0 0 0 0 0 0 186 838 0 0 
0 0 0 1024 0 0 0 0 0 0 0 153 871 0 0 0 0 0 0 0 201 823 0 0 
0 7 28 967 22 0 0 0 0 2 23 49 950 0 0 0 0 7 18 12 86 901 0 0 
0 77 305 492 134 16 0 0 0 26 278 185 524 11 0 0 3 133 228 147 132 381 0 0 
0 49 206 345 344 79 1 0 0 9 212 368 407 28 0 0 0 110 294 421 190 9 0 0 
0 15 127 232 378 262 10 0 0 16 145 287 400 172 4 0 1 35 190 310 386 98 4 0 
0 55 162 232 315 224 4 0 0 39 152 315 348 138 0 0 1 58 258 266 337 72 0 0 
0 0 452 562 10 0 0 0 0 0 3 799 220 2 0 0 0 0 18 327 676 3 0 0 
0 0 604 420 0 0 0 0 0 0 0 887 137 0 0 0 0 0 0 55 969 0 0 0 
0 0 561 463 0 0 0 0 0 0 0 1003 21 0 0 0 0 0 0 96 928 0 0 0 
0 0 838 186 0 0 0 0 0 0 0 1022 2 0 0 0 0 0 0 81 943 0 0 0 
0 0 764 260 0 0 0 0 0 0 0 1005 19 0 0 0 0 0 0 104 920 0 0 0 
0 0 831 193 0 0 0 0 0 0 0 1009 15 0 0 0 0 0 0 83 941 0 0 0 
0 0 808 216 0 0 0 0 0 0 0 1006 18 0 0 0 0 0 0 46 978 0 0 0 
0 0 897 127 0 0 0 0 0 0 0 1022 2 0 0 0 0 0 0 138 886 0 0 0 
0 0 907 117 0 0 0 0 0 0 0 1016 8 0 0 0 0 0 0 272 752 0 0 0 
0 0 773 232 16 3 0 0 0 0 0 976 43 5 0 0 0 0 0 333 688 3 0 0 
0 0 474 517 27 6 0 0 0 0 3 901 106 14 0 0 0 0 0 457 542 25 0 0 
0 0 372 624 28 0 0 0 0 0 0 839 174 11 0 0 0 0 0 283 708 32 1 0 
0 0 486 538 0 0 0 0 0 0 0 903 121 0 0 0 0 0 0 360 644 20 0 0 
0 0 632 392 0 0 0 0 0 0 0 987 37 0 0 0 0 0 0 317 704 3 0 0 
0 0 764 260 0 0 0 0 0 0 0 1010 14 0 0 0 0 0 0 404 620 0 0 0 
0 0 810 214 0 0 0 0 0 0 0 1012 12 0 0 0 0 0 0 343 681 0 0 0 
0 0 634 390 0 0 0 0 0 0 0 1012 12 0 0 0 0 0 0 452 567 5 0 0 
0 0 545 479 0 0 0 0 0 0 1 867 156 0 0 0 0 0 0 419 562 43 0 0 
0 0 398 626 0 0 0 0 0 0 0 739 285 0 0 0 0 0 0 408 583 33 0 0 
0 0 443 581 0 0 0 0 0 0 0 731 293 0 0 0 0 0 0 499 403 122 0 0 
0 0 327 678 19 0 0 0 0 0 0 553 471 0 0 0 0 0 0 308 244 469 3 0 
0 27 146 822 29 0 0 0 0 0 59 164 801 0 0 0 0 15 51 103 123 732 0 0 
0 23 221 392 264 124 0 0 0 14 199 284 458 69 0 0 0 39 230 233 297 225 0 0 
0 2 95 275 452 198 2 0 0 2 123 330 454 115 0 0 0 4 160 369 434 57 0 0 
0 9 235 262 429 89 0 0 0 3 263 332 400 26 0 0 0 2 269 397 338 18 0 0 
0 20 132 316 483 73 0 0 0 18 145 383 438 40 0 0 0 46 168 430 363 17 0 0 
0 55 198 279 370 90 0 0 0 39 204 342 357 50 0 0 0 97 237 348 293 17 0 0 
0 0 811 213 0 0 0 0 0 0 200 812 12 0 0 0 0 0 149 867 8 0 0 0 
0 0 514 510 0 0 0 0 0 0 120 736 168 0 0 0 0 0 111 609 304 0 0 0 
0 0 441 583 0 0 0 0 0 0 3 863 158 0 0 0 0 0 0 133 891 0 0 0 
0 0 453 571 0 0 0 0 0 0 0 917 107 0 0 0 0 0 0 127 897 0 0 0 
0 0 571 453 0 0 0 0 0 0 0 938 86 0 0 0 0 0 0 231 793 0 0 0 
0 0 672 352 0 0 0 0 0 0 0 954 70 0 0 0 0 0 0 184 840 0 0 0 
0 0 653 358 13 0 0 0 0 0 0 948 76 0 0 0 0 0 0 418 606 0 0 0 
0 0 568 456 0 0 0 0 0 0 0 944 80 0 0 0 0 0 0 282 742 0 0 0 
0 0 438 578 8 0 0 0 0 0 1 832 191 0 0 0 0 0 0 299 725 0 0 0 
0 0 394 558 54 18 0 0 0 0 2 852 125 45 0 0 0 0 2 322 692 8 0 0 
0 0 506 518 0 0 0 0 0 0 0 969 55 0 0 0 0 0 0 327 697 0 0 0 
0 0 345 679 0 0 0 0 0 0 0 951 73 0 0 0 0 0 0 329 695 0 0 0 
0 0 434 552 34 4 0 0 0 0 5 910 87 22 0 0 0 0 1 388 635 0 0 0 
0 0 397 623 4 0 0 0 0 0 0 933 90 1 0 0 0 0 0 451 573 0 0 0 
0 0 454 385 80 101 4 0 0 0 26 730 132 135 1 0 0 0 3 527 481 13 0 0 
0 0 405 576 17 26 0 0 0 0 1 879 109 35 0 0 0 0 0 500 524 0 0 0 
0 0 237 787 0 0 0 0 0 0 0 945 79 0 0 0 0 0 0 408 616 0 0 0 
0 0 288 734 2 0 0 0 0 0 0 961 63 0 0 0 0 0 0 269 754 1 0 0 
0 0 615 409 0 0 0 0 0 0 0 1005 19 0 0 0 0 0 0 317 707 0 0 0 
0 0 720 304 0 0 0 0 0 0 5 1010 9 0 0 0 0 0 0 416 608 0 0 0 
0 32 477 369 132 14 0 0 0 1 105 773 132 13 0 0 0 14 119 562 329 0 0 0 
0 105 429 211 164 108 7 0 0 36 403 307 180 97 1 0 2 100 382 319 190 31 0 0 
0 28 217 314 329 134 2 0 0 27 228 347 325 97 0 0 0 32 231 360 337 64 0 0 
0 12 182 261 408 158 3 0 0 4 200 324 423 73 0 0 0 0 194 396 393 41 0 0 
0 13 119 201 523 148 20 0 0 10 140 301 510 63 0 0 0 14 137 369 482 22 0 0 
0 21 128 234 443 193 5 0 0 21 140 307 446 107 3 0 0 21 144 338 436 84 1 0 
0 24 161 192 378 232 5 0 0 26 175 238 421 129 3 0 0 21 191 261 429 89 1 0 
0 5 696 321 2 0 0 0 0 0 161 823 40 0 0 0 0 0 205 810 9 0 0 0 
0 2 650 372 0 0 0 0 0 0 128 876 20 0 0 0 0 0 145 873 6 0 0 0 
0 1 594 418 11 0 0 0 0 0 90 818 116 0 0 0 0 0 193 746 85 0 0 0 
0 0 339 685 0 0 0 0 0 0 33 795 196 0 0 0 0 0 54 439 531 0 0 0 
0 0 307 717 0 0 0 0 0 0 2 861 161 0 0 0 0 0 3 265 756 0 0 0 
0 0 677 347 0 0 0 0 0 0 4 978 42 0 0 0 0 0 0 368 656 0 0 0 
0 0 485 348 106 85 0 0 0 0 25 727 194 78 0 0 0 0 1 513 494 16 0 0 
0 0 523 469 30 2 0 0 0 0 0 936 80 8 0 0 0 0 0 574 448 2 0 0 
0 0 600 424 0 0 0 0 0 0 0 992 32 0 0 0 0 0 0 489 535 0 0 0 
0 0 619 400 5 0 0 0 0 0 1 940 83 0 0 0 0 0 0 399 623 2 0 0 
0 0 713 311 0 0 0 0 0 0 0 999 25 0 0 0 0 0 0 420 604 0 0 0 
0 0 655 369 0 0 0 0 0 0 3 1005 16 0 0 0 0 0 0 403 621 0 0 0 
0 0 590 315 99 20 0 0 0 0 2 862 63 97 0 0 0 0 2 672 350 0 0 0 
0 0 465 414 145 0 0 0 0 0 0 817 128 79 0 0 0 0 0 693 331 0 0 0 
0 0 529 485 10 0 0 0 0 0 1 913 107 3 0 0 0 0 0 551 472 1 0 0 
0 0 451 539 33 1 0 0 0 0 1 880 129 14 0 0 0 0 1 524 499 0 0 0 
0 0 424 600 0 0 0 0 0 0 1 932 91 0 0 0 0 0 0 335 689 0 0 0 
0 0 609 415 0 0 0 0 0 0 1 1004 19 0 0 0 0 0 0 327 697 0 0 0 
0 0 706 313 3 2 0 0 0 0 9 952 61 2 0 0 0 0 9 310 705 0 0 0 
0 23 392 340 149 104 16 0 0 3 117 615 207 80 2 0 0 23 159 460 343 39 0 0 
0 16 205 265 276 230 32 0 0 12 181 319 310 193 9 0 2 62 231 291 291 145 2 0 
1 109 365 269 154 113 13 0 0 34 392 303 187 97 11 0 6 97 409 259 169 82 2 0 
1 147 223 203 236 179 35 0 0 114 249 242 256 151 12 0 40 194 221 224 273 72 0 0 
0 27 106 180 458 250 3 0 0 12 125 260 472 155 0 0 0 47 112 315 471 79 0 0 
0 0 68 275 508 173 0 0 0 4 106 343 494 77 0 0 0 3 125 395 463 38 0 0 
0 12 213 263 315 192 29 0 0 9 256 280 331 148 0 0 0 33 250 292 363 86 0 0 
0 12 140 257 386 176 21 0 0 9 171 307 395 110 0 0 0 32 171 319 415 55 0 0 
0 0 632 380 12 0 0 0 0 0 148 852 23 1 0 0 0 0 117 841 60 6 0 0 
0 7 653 364 0 0 0 0 0 0 207 794 23 0 0 0 0 0 256 766 2 0 0 0 
0 7 652 349 13 3 0 0 0 1 87 878 53 4 1 0 0 48 303 668 5 0 0 0 
0 12 687 280 44 1 0 0 0 4 242 672 97 9 0 0 3 67 405 541 8 0 0 0 
0 1 570 446 7 0 0 0 0 0 153 720 149 2 0 0 0 0 145 732 145 2 0 0 
0 6 236 782 0 0 0 0 0 0 26 622 376 0 0 0 0 0 60 541 423 0 0 0 
0 0 62 962 0 0 0 0 0 0 0 749 275 0 0 0 0 0 0 589 435 0 0 0 
0 0 118 906 0 0 0 0 0 0 0 822 202 0 0 0 0 0 0 798 226 0 0 0 
0 0 125 899 0 0 0 0 0 0 0 784 240 0 0 0 0 0 0 765 259 0 0 0 
0 0 153 871 0 0 0 0 0 0 0 795 229 0 0 0 0 0 0 608 416 0 0 0 
0 56 217 750 1 0 0 0 0 7 104 683 230 0 0 0 0 76 59 307 582 0 0 0 
0 0 280 744 0 0 0 0 0 0 0 916 108 0 0 0 0 0 0 528 496 0 0 0 
0 0 390 634 0 0 0 0 0 0 0 957 67 0 0 0 0 0 0 610 414 0 0 0 
0 0 567 457 0 0 0 0 0 0 4 1009 11 0 0 0 0 0 0 649 375 0 0 0 
0 0 540 484 0 0 0 0 0 0 0 994 30 0 0 0 0 0 0 618 406 0 0 0 
0 0 550 474 0 0 0 0 0 0 0 968 56 0 0 0 0 0 0 620 404 0 0 0 
0 0 380 644 0 0 0 0 0 0 0 883 141 0 0 0 0 0 0 507 517 0 0 0 
0 13 180 796 26 9 0 0 0 0 34 740 243 7 0 0 0 9 57 514 444 0 0 0 
0 13 271 451 183 101 5 0 0 0 120 552 299 53 0 0 0 47 331 320 303 23 0 0 
0 293 258 188 201 78 6 0 0 152 360 250 201 58 3 0 0 357 241 198 193 35 0 0 
0 39 352 472 138 20 2 1 0 7 450 453 98 14 2 0 1 141 611 195 68 6 2 0 
2 218 588 165 44 7 0 0 0 75 578 301 61 9 0 0 25 523 373 78 24 1 0 0 
27 621 315 49 9 3 0 0 1 434 480 91 14 4 0 0 124 657 209 28 5 1 0 0 
2 245 429 160 129 52 7 0 1 97 512 221 134 57 2 0 2 348 389 166 93 26 0 0 
0 51 374 248 251 96 4 0 0 11 346 333 275 58 1 0 0 117 398 273 202 33 1 0 
0 237 464 184 105 33 1 0 0 104 499 289 110 22 0 0 10 451 338 121 94 10 0 0 
0 248 455 128 95 61 5 0 0 113 491 223 113 52 0 0 10 480 288 90 96 28 0 0 
0 40 850 134 0 0 0 0 0 4 491 525 4 0 0 0 0 15 254 747 8 0 0 0 
0 10 514 424 75 1 0 0 0 2 170 645 188 18 1 0 8 90 399 515 12 0 0 0 
0 68 472 393 81 10 0 0 0 6 259 522 207 28 2 0 28 255 527 202 11 1 0 0 
0 62 556 369 35 2 0 0 0 13 297 589 118 5 2 0 9 156 617 228 12 2 0 0 
0 44 619 319 40 2 0 0 0 9 281 614 107 13 0 0 3 78 451 476 16 0 0 0 
0 0 718 274 30 2 0 0 0 0 150 815 49 10 0 0 0 0 161 838 25 0 0 0 
0 0 297 634 85 8 0 0 0 0 39 727 247 11 0 0 0 0 142 739 143 0 0 0 
0 0 210 795 19 0 0 0 0 0 4 795 219 6 0 0 0 0 24 729 269 2 0 0 
0 65 141 817 1 0 0 0 0 15 130 563 316 0 0 0 0 88 86 471 379 0 0 0 
0 67 274 675 8 0 0 0 0 15 167 524 318 0 0 0 1 93 311 304 315 0 0 0 
2 321 435 258 8 0 0 0 0 176 435 297 116 0 0 0 1 382 404 199 38 0 0 0 
0 12 134 873 5 0 0 0 0 2 20 488 514 0 0 0 0 6 62 372 584 0 0 0 
0 89 280 655 0 0 0 0 0 4 160 632 228 0 0 0 0 57 160 389 418 0 0 0 
0 9 257 757 1 0 0 0 0 0 75 622 327 0 0 0 0 13 99 404 508 0 0 0 
0 5 268 747 4 0 0 0 0 0 25 770 229 0 0 0 0 3 61 549 411 0 0 0 
0 27 362 632 3 0 0 0 0 5 61 757 201 0 0 0 0 20 45 557 402 0 0 0 
0 10 261 719 33 1 0 0 0 1 66 632 318 7 0 0 0 27 153 449 391 4 0 0 
1 319 441 171 61 30 1 0 0 147 521 249 86 21 0 0 8 411 390 144 62 9 0 0 
0 173 387 309 131 24 0 0 0 90 327 433 159 15 0 0 1 266 535 128 89 5 0 0 
4 251 369 197 111 73 19 0 0 167 403 247 141 60 6 0 5 329 431 152 86 21 0 0 
0 42 566 389 26 1 0 0 0 9 416 549 49 1 0 0 0 191 716 112 5 0 0 0 
7 339 561 117 0 0 0 0 0 165 620 235 4 0 0 0 46 664 303 11 0 0 0 0 
85 717 175 44 3 0 0 0 4 642 290 74 14 0 0 0 253 629 128 14 0 0 0 0 
54 512 276 95 47 37 3 0 0 380 383 152 52 48 9 0 120 550 227 78 32 17 0 0 
0 284 372 255 97 15 1 0 0 91 455 276 164 33 5 0 3 454 401 145 15 5 1 0 
0 99 575 262 87 1 0 0 0 44 421 398 146 15 0 0 4 438 474 107 1 0 0 0 
1 137 560 283 10 1 0 0 0 73 449 402 64 4 0 0 11 503 452 25 1 0 0 0 
0 154 582 244 41 3 0 0 0 40 442 426 102 13 1 0 12 212 527 251 22 0 0 0 
1 75 493 384 67 4 0 0 0 21 282 513 186 20 2 0 24 341 506 145 8 0 0 0 
1 72 462 422 67 0 0 0 0 26 213 556 210 19 0 0 59 435 433 89 8 0 0 0 
0 70 516 346 76 16 0 0 0 14 332 491 155 28 4 0 29 304 522 148 21 0 0 0 
1 80 624 292 25 2 0 0 0 19 311 592 93 9 0 0 10 168 438 401 7 0 0 0 
0 0 821 203 0 0 0 0 0 0 252 751 21 0 0 0 0 1 385 632 6 0 0 0 
0 2 859 162 1 0 0 0 0 0 337 684 3 0 0 0 0 0 243 778 3 0 0 0 
0 44 594 346 40 0 0 0 0 2 298 636 78 10 0 0 2 77 487 427 31 0 0 0 
2 304 344 271 98 5 0 0 0 147 384 295 167 31 0 0 2 374 343 218 87 0 0 0 
1 332 501 186 4 0 0 0 0 125 536 323 40 0 0 0 5 488 453 78 0 0 0 0 
34 708 253 27 2 0 0 0 1 541 411 64 7 0 0 0 24 729 247 24 0 0 0 0 
0 74 392 546 12 0 0 0 0 32 282 592 118 0 0 0 2 145 563 269 45 0 0 0 
2 374 454 175 18 1 0 0 0 139 539 284 59 3 0 0 8 420 504 92 0 0 0 0 
1 132 385 326 103 56 21 0 0 33 289 471 163 64 4 0 2 165 496 279 79 3 0 0 
0 58 397 362 169 37 1 0 0 18 297 499 184 26 0 0 3 138 572 275 35 1 0 0 
2 70 259 391 100 151 51 0 0 43 190 467 164 158 2 0 2 197 228 421 174 2 0 0 
1 126 404 271 103 91 28 0 0 49 365 367 142 98 3 0 7 266 456 222 73 0 0 0 
2 207 441 183 61 75 55 0 0 95 442 264 102 120 1 0 17 316 446 148 94 3 0 0 
0 129 362 267 167 81 18 0 0 47 368 328 201 78 2 0 0 196 476 255 91 6 0 0 
0 183 498 292 47 4 0 0 0 105 399 434 77 9 0 0 12 349 526 116 20 1 0 0 
0 111 417 433 63 0 0 0 0 18 321 512 170 3 0 0 14 351 580 76 3 0 0 0 
23 512 404 84 1 0 0 0 1 400 468 154 1 0 0 0 165 658 196 5 0 0 0 0 
81 589 266 78 10 0 0 0 5 574 303 127 15 0 0 0 217 615 166 25 1 0 0 0 
40 412 363 198 11 0 0 0 1 318 376 292 35 2 0 0 117 549 323 35 0 0 0 0 
0 84 227 622 91 0 0 0 0 38 228 609 142 7 0 0 0 266 670 88 0 0 0 0 
0 23 497 475 29 0 0 0 0 6 362 572 84 0 0 0 8 493 517 6 0 0 0 0 
0 33 485 433 41 0 0 0 0 11 335 534 112 0 0 0 22 453 500 17 0 0 0 0 
0 106 347 426 142 3 0 0 0 33 230 429 294 38 0 0 82 434 426 79 3 0 0 0 
0 85 426 447 64 2 0 0 0 27 252 478 256 10 1 0 52 443 461 66 2 0 0 0 
1 218 472 258 72 3 0 0 0 73 415 362 150 24 0 0 121 465 384 51 3 0 0 0 
0 146 507 280 76 13 2 0 0 43 418 400 141 17 5 0 49 472 386 101 14 2 0 0 
1 258 478 229 57 1 0 0 0 76 478 345 113 12 0 0 70 523 346 80 5 0 0 0 
0 85 388 458 70 12 11 0 0 31 291 548 139 15 0 0 8 193 630 193 0 0 0 0 
0 113 399 312 54 79 67 0 0 68 333 417 115 91 0 0 10 181 497 332 4 0 0 0 
0 267 507 220 30 0 0 0 0 97 539 322 62 4 0 0 14 475 501 34 0 0 0 0 
0 283 416 289 35 1 0 0 0 162 377 385 96 4 0 0 9 423 507 84 1 0 0 0 
18 444 369 171 22 0 0 0 0 343 383 242 56 0 0 0 13 548 377 86 0 0 0 0 
19 592 264 133 16 0 0 0 0 418 370 179 53 4 0 0 70 645 252 56 1 0 0 0 
0 27 130 435 432 0 0 0 0 9 81 197 706 31 0 0 4 134 735 148 3 0 0 0 
0 52 143 489 336 4 0 0 0 17 106 307 550 44 0 0 23 186 603 209 3 0 0 0 
0 83 321 372 228 20 0 0 0 50 231 356 343 44 0 0 20 224 593 184 3 0 0 0 
6 269 381 274 86 8 0 0 1 190 365 316 136 16 0 0 34 399 419 143 29 0 0 0 
0 39 465 438 75 7 0 0 0 3 329 546 132 14 0 0 4 293 589 124 14 0 0 0 
0 54 297 544 126 3 0 0 0 31 169 592 220 12 0 0 10 249 634 126 5 0 0 0 
2 78 404 423 116 1 0 0 0 23 286 405 282 28 0 0 14 281 626 103 0 0 0 0 
1 103 396 464 55 5 0 0 1 70 313 498 136 6 0 0 14 273 576 147 11 3 0 0 
2 82 222 434 275 9 0 0 0 54 187 346 407 30 0 0 30 155 455 360 24 0 0 0 
1 127 407 362 123 4 0 0 0 50 358 435 166 15 0 0 57 412 416 137 2 0 0 0 
74 606 297 41 6 0 0 0 9 537 392 78 8 0 0 0 225 641 141 17 0 0 0 0 
70 611 203 118 20 2 0 0 8 538 295 142 36 5 0 0 221 585 172 40 6 0 0 0 
49 261 180 221 277 36 0 0 2 244 208 196 297 77 0 0 138 313 256 269 48 0 0 0 
0 85 276 367 264 32 0 0 0 56 234 372 328 34 0 0 21 295 435 260 13 0 0 0 
0 2 40 500 460 22 0 0 0 0 24 438 548 14 0 0 3 47 500 460 14 0 0 0 
0 2 35 510 444 1 0 0 0 0 22 422 538 10 0 0 3 46 577 363 3 0 0 0 
0 53 374 477 110 10 0 0 0 18 238 530 213 23 2 0 52 378 492 88 13 1 0 0 
0 51 325 483 151 14 0 0 0 24 238 486 254 22 0 0 49 315 494 155 11 0 0 0 
9 373 372 200 58 11 1 0 3 205 400 271 116 26 3 0 133 536 268 71 15 1 0 0 
6 302 424 215 72 5 0 0 0 137 474 269 130 12 2 0 104 515 296 101 6 2 0 0 
4 189 336 350 145 0 0 0 0 82 289 383 250 20 0 0 80 342 459 142 1 0 0 0 
0 30 198 530 240 24 2 0 0 8 118 357 508 33 0 0 31 208 576 205 4 0 0 0 
0 1 66 655 249 53 0 0 0 0 21 284 678 41 0 0 4 103 699 218 0 0 0 0 
0 21 212 637 154 0 0 0 0 12 97 520 388 7 0 0 19 228 713 61 3 0 0 0 
1 45 174 606 198 0 0 0 0 27 124 433 437 3 0 0 9 187 737 91 0 0 0 0 
2 89 153 489 291 0 0 0 0 58 140 369 443 14 0 0 27 170 589 238 0 0 0 0 
5 198 236 398 186 1 0 0 0 155 180 300 363 26 0 0 36 383 515 90 0 0 0 0 
0 1 74 701 248 0 0 0 0 0 22 406 586 10 0 0 1 137 798 88 0 0 0 0 
0 32 199 700 92 1 0 0 0 8 103 533 376 4 0 0 32 294 657 41 0 0 0 0 
0 4 203 652 162 3 0 0 0 0 96 598 319 11 0 0 0 211 705 105 3 0 0 0 
0 5 118 455 430 16 0 0 0 0 87 432 485 20 0 0 0 109 471 411 31 2 0 0 
0 25 267 529 193 10 0 0 0 3 196 508 300 17 0 0 8 206 630 167 13 0 0 0 
0 9 216 597 189 13 0 0 0 6 186 600 225 7 0 0 3 182 611 211 17 0 0 0 
0 3 122 553 344 2 0 0 0 0 80 434 481 29 0 0 5 139 733 145 2 0 0 0 
0 1 129 554 327 13 0 0 0 0 60 451 498 15 0 0 0 126 633 252 13 0 0 0 
12 291 202 300 218 1 0 0 2 233 216 206 355 12 0 0 98 413 374 138 1 0 0 0 
13 477 345 143 35 11 0 0 1 338 404 205 57 18 1 0 152 559 242 51 20 0 0 0 
58 511 302 134 19 0 0 0 14 442 358 167 42 1 0 0 216 517 229 53 9 0 0 0 
46 518 318 114 24 4 0 0 8 366 395 209 35 11 0 0 147 608 213 41 15 0 0 0 
16 104 114 281 456 53 0 0 3 103 107 253 491 67 0 0 67 128 230 494 103 2 0 0 
4 185 442 288 102 3 0 0 0 104 373 394 145 7 1 0 86 413 376 139 9 1 0 0 
0 21 320 508 170 5 0 0 0 7 208 509 288 12 0 0 2 208 583 221 10 0 0 0 
0 38 406 446 100 2 0 0 0 17 288 480 200 7 0 0 7 290 531 159 5 0 0 0 
0 94 354 370 187 17 2 0 0 22 234 436 273 56 2 1 86 401 381 145 9 2 0 0 
0 92 425 345 147 15 0 0 0 34 317 396 238 39 0 0 46 404 391 167 16 0 0 0 
14 237 323 286 151 13 0 0 0 157 334 262 223 47 1 0 106 444 325 137 12 0 0 0 
7 169 384 304 153 7 0 0 0 79 356 308 242 39 0 0 110 433 335 138 8 0 0 0 
19 216 279 334 175 1 0 0 0 114 268 299 289 54 0 0 169 313 400 141 1 0 0 0 
16 233 321 316 135 3 0 0 2 130 314 298 263 17 0 0 181 370 374 96 3 0 0 0 
1 18 115 723 167 0 0 0 0 10 43 423 545 3 0 0 28 214 735 47 0 0 0 0 
0 4 281 617 120 2 0 0 0 0 111 548 350 15 0 0 1 314 623 82 4 0 0 0 
0 5 165 730 123 1 0 0 0 0 65 521 430 8 0 0 1 186 755 82 0 0 0 0 
0 0 44 793 187 0 0 0 0 0 3 441 576 4 0 0 0 241 761 22 0 0 0 0 
1 56 244 577 146 0 0 0 0 12 138 450 401 23 0 0 43 339 585 57 0 0 0 0 
0 12 409 527 76 0 0 0 0 2 199 625 193 5 0 0 3 364 588 69 0 0 0 0 
0 28 366 510 119 1 0 0 0 5 213 549 242 15 0 0 11 270 633 108 2 0 0 0 
0 31 258 544 178 13 0 0 0 15 149 565 265 30 0 0 4 213 565 223 19 0 0 0 
1 94 321 410 192 6 0 0 0 51 280 433 237 23 0 0 18 297 458 234 17 0 0 0 
0 43 324 510 136 11 0 0 0 26 281 535 164 18 0 0 7 194 592 203 28 0 0 0 
1 92 391 421 110 9 0 0 0 46 351 440 171 15 1 0 9 335 477 182 20 1 0 0 
0 36 405 445 134 4 0 0 0 9 273 511 219 12 0 0 3 256 536 215 14 0 0 0 
0 8 303 546 167 0 0 0 0 0 182 505 323 14 0 0 2 208 665 147 2 0 0 0 
39 480 233 191 81 0 0 0 0 390 284 193 151 6 0 0 154 527 269 74 0 0 0 0 
27 592 241 142 22 0 0 0 0 439 335 168 82 0 0 0 171 613 213 27 0 0 0 0 
185 519 218 100 2 0 0 0 28 552 260 167 17 0 0 0 367 471 166 19 1 0 0 0 
114 534 262 102 11 1 0 0 15 460 354 152 40 3 0 0 260 520 195 45 4 0 0 0 
62 346 280 242 89 5 0 0 4 319 225 315 146 14 1 0 146 436 288 139 14 1 0 0 
111 544 243 99 24 3 0 0 1 495 338 142 38 10 0 0 188 621 159 46 10 0 0 0 
3 77 346 381 182 35 0 0 0 38 269 391 264 62 0 0 22 286 461 225 29 1 0 0 
0 120 300 363 178 31 0 0 0 72 255 361 251 53 0 0 22 285 432 225 28 0 0 0 
0 58 389 402 170 5 0 0 0 10 250 434 299 31 0 0 33 400 422 160 9 0 0 0 
1 232 447 273 70 1 0 0 0 85 437 366 125 11 0 0 89 483 343 101 8 0 0 0 
48 375 349 160 82 10 0 0 2 240 397 235 107 42 1 0 137 530 247 99 11 0 0 0 
0 132 450 319 101 21 1 0 0 58 406 352 169 36 3 0 55 456 381 108 22 2 0 0 
0 72 282 399 252 19 0 0 0 26 213 369 328 88 0 0 36 298 435 234 21 0 0 0 
0 80 269 452 220 3 0 0 0 33 204 365 386 36 0 0 25 302 573 124 0 0 0 0 
0 10 260 571 182 1 0 0 0 1 109 543 347 24 0 0 6 252 630 135 1 0 0 0 
0 3 206 697 118 0 0 0 0 0 84 550 390 0 0 0 2 288 684 50 0 0 0 0 
0 2 146 681 194 1 0 0 0 0 42 544 427 11 0 0 3 125 708 187 1 0 0 0 
0 12 525 464 23 0 0 0 0 0 302 637 84 1 0 0 1 362 619 42 0 0 0 0 
0 77 551 362 34 0 0 0 0 13 356 494 159 2 0 0 9 407 539 68 1 0 0 0 
1 81 377 453 110 2 0 0 0 51 252 510 197 14 0 0 26 240 554 191 13 0 0 0 
10 233 411 312 58 0 0 0 2 155 382 336 143 6 0 0 57 391 479 90 7 0 0 0 
2 207 298 331 175 11 0 0 0 123 307 324 236 34 0 0 81 375 362 179 27 0 0 0 
0 116 293 356 244 15 0 0 0 59 247 331 318 67 2 0 44 302 399 258 19 2 0 0 
0 106 488 371 57 2 0 0 0 32 402 490 96 4 0 0 13 368 517 117 8 1 0 0 
1 411 432 154 24 2 0 0 0 224 533 214 50 3 0 0 61 614 291 53 5 0 0 0 
1 161 361 361 126 12 2 0 0 81 312 402 200 27 2 0 51 281 457 197 35 3 0 0 
0 72 275 441 227 9 0 0 0 26 231 378 349 40 0 0 8 256 540 205 15 0 0 0 
72 660 222 66 4 0 0 0 0 540 357 103 23 1 0 0 192 676 146 9 1 0 0 0 
84 719 167 50 4 0 0 0 2 629 279 100 14 0 0 0 252 638 121 13 0 0 0 0 
134 549 220 103 18 0 0 0 15 534 271 142 62 0 0 0 269 534 180 41 0 0 0 0 
472 371 142 32 7 0 0 0 97 646 193 73 14 1 0 0 542 375 91 16 0 0 0 0 
210 594 154 61 5 0 0 0 20 662 216 102 24 0 0 0 307 564 138 15 0 0 0 0 
230 634 126 31 3 0 0 0 10 746 206 57 4 1 0 0 313 592 96 22 1 0 0 0 
32 257 265 237 161 70 2 0 0 201 249 256 190 106 22 0 130 335 334 197 23 4 1 0 
8 122 258 331 197 74 2 0 1 88 208 322 241 110 22 0 74 251 405 229 28 4 1 0 
0 109 387 388 119 20 1 0 0 42 322 425 201 30 4 0 43 346 458 147 28 2 0 0 
5 305 439 213 53 9 0 0 0 153 455 315 88 12 1 0 58 505 329 112 17 3 0 0 
109 492 249 125 46 3 0 0 18 484 266 176 59 19 2 0 256 497 193 69 8 1 0 0 
0 109 440 330 131 14 0 0 0 58 370 363 187 44 2 0 67 414 379 144 19 1 0 0 
3 264 486 231 39 1 0 0 0 93 506 312 101 12 0 0 51 535 361 75 2 0 0 0 
1 242 482 218 78 3 0 0 0 141 463 276 133 11 0 0 60 543 345 73 3 0 0 0 
0 50 371 484 118 1 0 0 0 8 198 483 316 19 0 0 19 382 518 102 3 0 0 0 
0 38 374 485 115 12 0 0 0 15 272 499 221 17 0 0 0 246 596 161 21 0 0 0 
0 26 369 491 136 2 0 0 0 6 260 490 255 13 0 0 4 251 548 208 13 0 0 0 
0 59 458 420 86 1 0 0 0 28 320 519 149 8 0 0 6 298 576 139 5 0 0 0 
3 357 580 81 3 0 0 0 0 105 659 251 9 0 0 0 43 695 273 13 0 0 0 0 
0 77 205 404 309 29 0 0 0 42 160 328 415 79 0 0 55 212 518 206 33 0 0 0 
4 39 173 474 310 24 0 0 1 23 121 344 484 51 0 0 17 218 592 166 27 4 0 0 
6 90 215 404 283 26 0 0 0 57 173 352 378 64 0 0 49 269 492 179 35 0 0 0 
35 191 326 319 139 14 0 0 3 128 297 334 220 42 0 0 133 398 391 96 6 0 0 0 
3 244 568 182 27 0 0 0 0 136 522 321 43 2 0 0 75 658 270 21 0 0 0 0 
2 394 415 179 32 2 0 0 1 260 456 251 51 5 0 0 101 551 302 64 6 0 0 0 
1 52 237 422 293 19 0 0 0 32 151 319 438 83 1 0 58 359 405 186 16 0 0 0 
4 137 297 376 202 8 0 0 0 55 240 353 329 47 0 0 71 418 411 110 14 0 0 0 
179 730 95 20 0 0 0 0 9 739 231 43 2 0 0 0 337 618 62 7 0 0 0 0 
179 742 91 12 0 0 0 0 15 798 188 22 1 0 0 0 358 594 67 5 0 0 0 0 
64 600 255 104 1 0 0 0 0 464 384 147 29 0 0 0 264 561 179 20 0 0 0 0 
281 388 132 114 85 21 3 0 74 515 153 123 99 49 11 0 429 347 160 67 14 6 1 0 
301 566 104 42 8 3 0 0 52 716 175 60 14 6 1 0 461 473 70 19 1 0 0 0 
386 490 82 35 28 3 0 0 47 756 128 45 32 14 2 0 452 477 71 22 2 0 0 0 
18 129 179 324 332 42 0 0 2 86 162 238 363 165 8 0 107 257 492 149 19 0 0 0 
19 143 188 358 245 39 0 0 2 103 173 290 295 125 4 0 109 282 442 127 32 0 0 0 
1 257 477 227 50 10 2 0 0 84 472 348 98 17 5 0 54 513 341 92 18 6 0 0 
19 318 435 181 63 7 1 0 2 173 492 239 95 21 1 1 65 518 316 94 26 4 1 0 
106 479 304 98 34 3 0 0 14 416 368 157 60 8 1 0 177 564 213 60 9 1 0 0 
6 421 441 119 28 7 2 0 0 164 575 217 51 14 3 0 96 624 240 43 16 4 1 0 
10 409 429 145 31 0 0 0 2 204 531 209 72 6 0 0 88 589 275 69 3 0 0 0 
2 212 270 282 247 11 0 0 0 142 268 257 300 57 0 0 29 360 414 212 9 0 0 0 
0 210 475 267 71 1 0 0 0 63 485 312 151 13 0 0 25 486 418 91 4 0 0 0 
0 300 541 155 26 2 0 0 0 169 602 210 37 6 0 0 6 517 415 73 13 0 0 0 
17 121 524 306 53 3 0 0 8 68 450 405 85 8 0 0 30 240 562 170 22 0 0 0 
0 174 665 164 21 0 0 0 0 37 587 358 40 2 0 0 23 538 407 52 4 0 0 0 
35 449 357 135 48 0 0 0 1 302 414 202 93 12 0 0 195 559 227 42 1 0 0 0 
0 4 99 638 279 4 0 0 0 1 35 293 639 56 0 0 8 174 742 99 1 0 0 0 
0 1 116 634 266 7 0 0 0 0 37 426 540 21 0 0 0 356 603 61 4 0 0 0 
0 8 127 726 162 1 0 0 0 6 41 458 510 9 0 0 8 402 573 40 1 0 0 0 
3 26 103 702 187 3 0 0 0 21 40 435 509 19 0 0 25 591 390 18 0 0 0 0 
0 4 238 709 66 7 0 0 0 0 79 636 296 13 0 0 11 630 352 26 5 0 0 0 
0 32 329 353 176 101 33 0 0 2 127 521 248 113 13 0 28 539 294 102 59 2 0 0 
0 5 192 508 263 55 1 0 0 0 83 524 369 48 0 0 59 562 334 60 9 0 0 0 
4 28 71 481 315 113 12 0 0 18 50 372 447 121 16 0 34 451 331 118 83 7 0 0 
57 207 142 474 144 0 0 0 12 209 141 245 407 10 0 0 190 480 342 12 0 0 0 0 
46 223 125 381 244 5 0 0 17 215 98 235 419 40 0 0 120 467 373 63 1 0 0 0 
13 96 255 448 212 0 0 0 1 64 150 386 417 6 0 0 50 425 497 52 0 0 0 0 
15 109 236 388 260 16 0 0 10 71 191 327 379 46 0 0 71 444 449 59 1 0 0 0 
21 117 245 404 230 7 0 0 1 95 151 337 425 15 0 0 87 459 457 18 3 0 0 0 
59 63 138 483 280 1 0 0 35 69 81 297 534 8 0 0 120 452 439 13 0 0 0 0 
0 0 84 577 324 36 3 0 0 0 40 417 511 53 3 0 9 420 525 61 9 0 0 0 
0 0 31 511 397 49 4 0 0 0 9 344 565 69 5 0 5 356 523 90 17 1 0 0 
1 323 435 199 53 12 1 0 0 138 456 306 93 28 3 0 79 485 335 97 24 4 0 0 
41 465 374 94 36 9 5 0 5 270 501 179 46 16 7 0 125 551 270 52 14 10 2 0 
136 630 216 36 5 1 0 0 15 554 391 56 5 3 0 0 339 574 88 20 3 0 0 0 
25 242 379 247 87 31 11 2 5 187 317 335 120 44 13 3 104 386 363 101 53 10 7 0 
23 252 280 342 125 2 0 0 6 203 242 298 260 15 0 0 134 413 417 60 0 0 0 0 
1 96 221 563 142 1 0 0 0 63 149 366 422 24 0 0 37 352 584 51 0 0 0 0 
0 101 292 525 105 1 0 0 0 49 193 465 306 11 0 0 33 388 534 67 2 0 0 0 
0 111 307 460 142 4 0 0 0 49 227 346 360 42 0 0 72 470 419 62 1 0 0 0 
18 183 463 274 86 0 0 0 2 76 352 395 180 19 0 0 132 516 340 33 3 0 0 0 
0 245 639 138 2 0 0 0 0 52 627 327 18 0 0 0 31 692 289 12 0 0 0 0 
20 421 354 181 46 2 0 0 0 204 442 266 100 12 0 0 71 573 299 74 7 0 0 0 
3 120 529 331 41 0 0 0 0 24 356 477 167 0 0 0 31 515 426 51 1 0 0 0 
0 17 542 418 45 2 0 0 0 0 246 609 157 12 0 0 6 624 358 33 3 0 0 0 
0 11 380 576 55 2 0 0 0 0 150 653 218 3 0 0 9 585 401 27 2 0 0 0 
0 2 389 623 10 0 0 0 0 0 101 803 120 0 0 0 17 657 346 4 0 0 0 0 
0 6 267 675 74 2 0 0 0 3 71 833 115 2 0 0 19 513 470 21 1 0 0 0 
0 12 70 510 251 137 43 1 0 3 63 537 240 131 49 1 16 181 455 177 133 60 2 0 
1 49 189 345 185 181 73 1 0 23 172 370 213 192 54 0 24 272 301 174 180 73 0 0 
0 0 147 656 178 42 1 0 0 0 52 673 250 48 1 0 6 489 388 110 30 1 0 0 
0 0 287 607 111 17 2 0 0 0 72 742 180 28 2 0 0 678 301 35 9 1 0 0 
0 7 246 638 102 31 0 0 0 0 115 696 180 33 0 0 17 743 199 28 36 1 0 0 
0 0 160 634 218 12 0 0 0 0 88 640 268 28 0 0 23 703 294 4 0 0 0 0 
0 0 105 529 309 70 9 2 0 0 84 528 317 88 7 0 19 489 434 64 16 2 0 0 
0 0 170 374 433 47 0 0 0 0 91 370 469 94 0 0 44 464 452 64 0 0 0 0 
0 0 57 386 495 78 8 0 0 0 42 426 517 39 0 0 9 288 577 143 7 0 0 0 
0 8 140 388 398 86 4 0 0 7 92 429 430 63 3 0 52 334 469 154 14 1 0 0 
0 6 155 400 350 79 2 0 0 7 92 427 399 64 3 0 59 370 424 126 12 1 0 0 
7 327 424 211 52 2 1 0 0 158 430 304 118 12 2 0 135 496 294 87 11 1 0 0 
35 487 367 121 14 0 0 0 4 303 461 215 39 2 0 0 122 626 240 28 8 0 0 0 
113 420 362 105 19 5 0 0 23 312 439 210 31 9 0 0 204 534 233 42 11 0 0 0 
15 95 462 246 189 17 0 0 6 60 309 349 243 57 0 0 57 397 442 92 33 3 0 0 
0 57 361 452 152 2 0 0 0 5 200 479 323 17 0 0 58 457 464 44 1 0 0 0 
0 15 414 561 34 0 0 0 0 0 124 608 291 1 0 0 26 625 366 7 0 0 0 0 
0 109 632 270 12 1 0 0 0 11 378 554 77 4 0 0 24 766 220 9 5 0 0 0 
1 173 508 292 46 4 0 0 0 62 368 469 109 16 0 0 31 525 366 87 15 0 0 0 
2 298 592 123 9 0 0 0 0 108 577 316 23 0 0 0 52 627 324 21 0 0 0 0 
0 219 706 97 2 0 0 0 0 32 681 298 13 0 0 0 7 625 378 14 0 0 0 0 
0 183 773 68 0 0 0 0 0 32 628 356 8 0 0 0 1 643 372 8 0 0 0 0 
0 42 704 265 12 1 0 0 0 2 343 611 65 3 0 0 1 448 514 58 3 0 0 0 
0 20 443 349 196 16 0 0 0 0 273 491 229 31 0 0 10 452 293 213 56 0 0 0 
0 47 453 432 85 7 0 0 0 11 296 589 117 11 0 0 13 529 389 83 10 0 0 0 
0 35 272 418 275 24 0 0 0 6 169 494 329 26 0 0 14 331 366 258 54 1 0 0 
0 18 118 398 437 53 0 0 0 3 93 393 466 69 0 0 13 144 345 392 129 1 0 0 
1 76 260 373 282 32 0 0 0 32 231 431 302 28 0 0 49 309 316 276 71 3 0 0 
2 96 387 390 135 14 0 0 0 27 385 416 166 30 0 0 105 527 350 42 0 0 0 0 
0 27 172 398 390 37 0 0 0 13 156 378 395 79 3 0 55 483 433 53 0 0 0 0 
0 0 44 382 523 73 2 0 0 0 45 415 493 67 4 0 17 288 444 235 38 2 0 0 
0 6 62 334 480 125 17 0 0 5 60 339 476 134 10 0 42 194 478 241 63 6 0 0 
0 51 169 216 433 155 0 0 0 39 156 200 377 247 5 0 172 375 442 35 0 0 0 0 
1 89 243 258 317 113 3 0 1 76 227 228 317 163 12 0 171 389 366 97 1 0 0 0 
2 68 234 350 302 68 0 0 7 101 221 340 282 73 0 0 135 366 424 98 1 0 0 0 
0 35 138 379 349 95 26 2 0 84 159 303 354 114 10 0 70 403 319 168 57 6 1 0 
0 3 128 424 420 48 1 0 0 0 50 364 491 118 1 0 22 360 521 117 4 0 0 0 
0 0 149 391 390 59 3 0 0 0 67 355 447 119 4 0 44 357 463 121 5 2 0 0 
9 255 466 242 48 4 0 0 0 100 398 404 106 15 1 0 131 536 291 57 9 0 0 0 
45 441 410 117 11 0 0 0 1 329 397 254 41 2 0 0 176 569 244 32 3 0 0 0 
13 415 521 69 6 0 0 0 0 176 591 229 27 1 0 0 119 660 220 24 1 0 0 0 
4 116 578 250 54 22 0 0 1 49 391 450 96 36 1 0 47 434 423 77 39 4 0 0 
0 91 573 286 58 14 2 0 0 16 336 507 134 24 7 0 67 507 351 79 17 3 0 0 
2 135 526 274 74 12 1 0 0 20 359 458 156 29 2 0 75 594 267 73 14 1 0 0 
0 60 621 292 49 2 0 0 0 8 321 582 106 7 0 0 17 506 407 81 13 0 0 0 
1 137 538 289 56 3 0 0 0 34 435 421 122 11 1 0 10 375 479 146 14 0 0 0 
2 423 505 78 12 4 0 0 0 156 645 193 25 5 0 0 67 623 289 38 5 2 0 0 
0 196 682 124 21 1 0 0 0 52 637 287 46 2 0 0 40 634 313 36 1 0 0 0 
1 220 684 70 31 10 6 2 0 26 802 153 30 8 4 1 22 761 203 29 7 1 1 0 
0 113 625 190 68 20 8 0 0 6 623 279 89 24 3 0 39 649 249 68 19 0 0 0 
0 55 526 294 115 31 3 0 0 29 499 329 124 37 6 0 47 557 267 97 53 3 0 0 
0 55 439 314 151 62 3 0 0 25 433 366 133 65 2 0 88 572 314 50 0 0 0 0 
0 107 378 307 198 31 2 1 0 10 453 388 147 23 3 0 82 612 283 43 3 1 0 0 
0 176 201 256 339 51 1 0 0 71 324 276 321 31 1 0 79 594 321 28 2 0 0 0 
0 18 64 316 516 105 5 0 0 5 106 367 463 81 2 0 90 568 333 29 3 1 0 0 
0 1 47 395 524 55 2 0 0 0 24 371 560 67 2 0 96 585 266 59 18 0 0 0 
0 0 19 350 551 93 11 0 0 0 13 270 627 111 3 0 26 430 467 83 18 0 0 0 
0 0 42 450 470 61 1 0 0 0 25 291 585 122 1 0 70 568 369 16 1 0 0 0 
0 18 108 294 539 65 0 0 0 11 72 211 504 226 0 0 107 434 463 20 0 0 0 0 
7 48 205 340 364 56 4 0 1 36 193 322 355 112 5 0 188 410 389 32 5 0 0 0 
1 45 239 374 297 67 1 0 0 61 247 414 277 23 2 0 109 396 386 115 18 0 0 0 
0 0 43 353 475 143 10 0 0 2 93 448 382 98 1 0 4 198 486 295 41 0 0 0 
0 0 11 245 516 222 29 1 0 2 11 280 563 157 11 0 8 189 491 261 70 5 0 0 
0 2 39 275 497 157 44 10 0 2 33 289 511 149 30 10 40 336 461 144 27 9 7 0 
0 8 66 267 494 117 32 8 0 4 66 266 490 131 27 8 79 380 393 108 20 7 5 0 
7 316 390 212 83 16 0 0 0 151 427 273 116 50 7 0 116 457 325 112 14 0 0 0 
42 410 304 167 79 22 0 0 2 273 374 217 104 48 6 0 213 474 215 94 25 3 0 0 
7 305 375 271 60 6 0 0 0 165 357 343 146 11 2 0 83 514 322 93 12 0 0 0 
1 81 552 288 94 8 0 0 0 26 410 420 141 27 0 0 30 374 463 117 40 0 0 0 
0 77 495 334 102 16 0 0 0 12 351 444 188 27 2 0 24 411 399 168 20 2 0 0 
6 221 457 260 70 10 0 0 0 78 407 358 152 29 0 0 92 483 316 114 19 0 0 0 
0 85 522 292 110 15 0 0 0 6 351 448 179 38 2 0 37 487 375 110 14 1 0 0 
0 97 385 320 155 60 7 0 0 47 316 403 209 46 3 0 64 459 392 105 4 0 0 0 
2 239 192 259 253 67 11 1 0 166 236 267 270 76 8 1 118 487 348 60 10 1 0 0 
0 82 244 235 357 84 19 3 0 53 262 326 318 56 8 1 55 510 342 90 23 3 1 0 
0 33 193 193 447 140 14 4 0 51 252 256 369 84 9 3 71 538 347 51 12 3 2 0 
0 3 66 314 473 149 19 0 0 4 62 357 429 157 14 1 146 527 308 39 4 0 0 0 
0 8 103 343 431 129 10 0 0 3 93 393 412 120 3 0 181 530 289 22 2 0 0 0 
0 4 138 423 369 90 0 0 0 5 110 367 424 115 3 0 192 549 258 24 1 0 0 0 
0 17 62 218 600 125 2 0 0 10 76 332 525 78 3 0 129 607 263 25 0 0 0 0 
0 0 1 89 770 149 15 0 0 0 0 337 593 85 9 0 17 638 327 28 13 1 0 0 
0 0 18 137 726 118 22 3 0 0 10 351 581 63 16 3 34 593 331 46 12 6 2 0 
0 0 22 230 618 154 0 0 0 0 4 295 639 85 1 0 42 555 369 58 0 0 0 0 
0 3 49 396 531 45 0 0 0 0 7 325 585 107 0 0 102 528 363 24 7 0 0 0 
0 4 41 318 503 131 24 3 0 3 30 260 569 140 20 2 59 485 374 85 16 5 0 0 
0 11 81 261 487 177 7 0 0 10 85 362 496 71 0 0 64 402 445 108 5 0 0 0 
0 2 22 242 684 73 1 0 0 2 20 296 644 61 1 0 24 600 374 25 1 0 0 0 
0 0 14 325 586 93 6 0 0 0 13 313 597 98 3 0 33 570 352 62 6 1 0 0 
0 2 24 257 569 150 21 1 0 0 19 308 570 114 13 0 67 396 449 89 21 2 0 0 
0 0 82 393 406 128 15 0 0 0 66 372 433 141 12 0 108 482 299 121 14 0 0 0 
0 10 100 408 396 87 20 3 0 0 72 375 427 122 27 1 146 489 283 75 26 4 1 0 
0 21 105 337 388 116 20 5 0 6 92 300 427 137 28 2 159 440 281 81 28 2 1 0 
34 193 308 303 164 20 2 0 2 140 254 327 227 67 7 0 147 367 321 157 28 4 0 0 
51 237 336 294 83 22 1 0 1 167 289 334 185 45 3 0 211 404 300 94 14 1 0 0 
18 307 318 233 115 27 6 0 1 177 352 310 145 37 2 0 170 521 261 59 12 1 0 0 
0 41 277 319 302 82 3 0 0 19 248 304 335 115 3 0 52 429 423 109 11 0 0 0 
0 28 185 360 330 76 39 6 0 12 145 327 367 117 49 7 43 374 436 110 42 16 3 0 
1 29 122 363 400 87 15 7 0 10 91 334 438 125 18 8 64 399 444 92 16 4 4 1 
0 1 19 252 576 165 11 0 0 0 18 258 585 161 2 0 41 388 435 119 40 1 0 0 
0 0 3 189 710 116 6 0 0 0 16 412 547 46 3 0 19 563 405 34 3 0 0 0 
0 0 5 245 623 135 15 1 0 0 7 288 599 114 12 4 81 576 315 45 7 0 0 0 
0 0 49 317 493 143 13 9 0 0 10 308 513 166 17 10 136 528 294 42 6 8 6 4 
0 15 135 405 350 93 17 9 0 1 91 281 421 195 20 15 214 530 203 43 19 10 5 0 
0 3 72 401 388 129 24 7 0 1 51 299 447 184 32 10 159 450 303 76 26 9 1 0 
0 2 84 356 494 77 7 4 0 2 63 353 504 92 6 4 90 378 467 77 5 5 2 0 
0 16 116 364 406 108 10 4 0 15 128 327 432 117 5 0 140 433 288 133 16 7 7 0 
1 40 175 397 319 77 10 5 0 16 234 381 292 84 14 3 212 551 207 29 18 6 1 0 
7 115 168 275 347 95 11 6 0 70 133 264 379 153 19 6 261 371 320 51 11 8 2 0 
5 80 185 338 319 69 15 13 0 62 155 249 405 114 24 15 201 398 283 89 26 16 7 4 
0 21 123 361 433 71 13 2 0 3 82 208 497 208 23 3 132 464 325 79 14 8 2 0 
0 25 187 385 309 97 20 1 0 9 148 397 327 126 13 4 197 488 259 56 17 7 0 0 
0 1 86 341 501 91 3 1 0 0 26 296 552 143 6 1 172 536 263 46 5 2 0 0 
0 9 85 336 550 44 0 0 0 0 39 243 646 95 1 0 263 549 203 9 0 0 0 0 
0 0 5 198 723 87 10 1 0 0 5 164 739 100 15 1 16 538 423 34 12 1 0 0 
0 0 14 297 612 94 3 4 0 0 21 410 532 53 7 1 60 576 345 35 3 5 0 0 
0 3 69 365 473 90 18 6 0 1 81 411 449 62 16 4 126 531 286 55 12 13 1 0 
0 6 106 376 375 126 35 0 0 7 146 410 344 112 5 0 152 416 306 109 37 4 0 0 
0 31 195 407 293 90 8 0 0 18 182 401 308 103 12 0 159 425 311 105 21 3 0 0 
0 20 162 404 305 96 5 0 0 9 151 396 296 127 13 0 138 410 288 124 31 1 0 0 
2 85 208 391 256 47 3 0 0 47 159 373 329 77 7 0 87 344 381 159 21 0 0 0 
21 146 250 290 187 63 30 5 1 111 229 322 230 77 20 2 153 337 332 106 39 19 6 0 
2 54 162 323 370 71 10 0 1 24 145 348 374 96 4 0 80 415 383 99 14 1 0 0 
0 8 40 336 483 121 4 0 0 6 69 305 476 132 4 0 40 283 488 166 13 2 0 0 
0 2 60 376 448 69 33 4 0 1 47 310 486 105 39 4 53 382 427 83 34 11 2 0 
0 0 23 277 552 130 6 4 0 0 12 224 588 156 7 5 34 345 482 116 10 1 3 1 
0 0 7 255 554 168 8 0 0 1 12 378 518 82 1 0 41 436 393 110 11 1 0 0 
0 0 4 137 677 164 10 0 0 0 18 365 524 82 3 0 35 570 338 40 9 0 0 0 
0 1 45 306 505 108 23 4 0 0 26 261 530 138 30 7 101 523 271 60 28 9 0 0 
0 7 147 376 313 97 29 23 0 2 69 334 365 160 36 26 176 425 241 76 34 22 14 4 
0 28 204 377 264 78 24 17 0 6 155 335 333 105 37 21 209 432 223 66 34 14 11 3 
0 5 74 406 399 88 17 3 0 5 67 318 446 129 24 3 70 400 357 135 23 6 1 0 
0 5 34 315 547 75 12 4 0 3 31 318 524 103 9 4 36 381 476 80 10 7 2 0 
0 0 33 380 447 107 17 8 0 5 23 254 563 134 9 4 71 393 346 139 22 12 9 0 
1 45 183 287 364 90 10 12 0 12 166 307 408 75 12 12 167 481 284 28 15 6 9 2 
8 123 163 286 325 69 12 6 0 95 169 301 342 64 15 6 207 369 324 69 13 8 2 0 
5 62 145 254 393 101 23 9 0 57 129 202 426 139 30 9 129 289 408 103 43 17 3 0 
0 104 191 286 258 98 31 24 0 75 209 248 266 136 38 20 227 367 204 111 40 25 11 7 
0 15 200 372 266 105 29 5 0 9 195 389 256 111 25 7 188 443 218 98 30 14 1 0 
0 8 165 422 354 41 2 0 0 0 53 338 451 143 7 0 388 449 128 20 7 0 0 0 
0 14 171 354 389 61 3 0 0 1 95 221 430 239 6 0 339 526 108 18 1 0 0 0 
0 1 82 357 443 86 20 3 0 0 28 299 514 120 27 4 194 486 244 43 22 3 0 0 
0 0 41 325 482 116 22 6 0 0 22 442 424 72 29 3 89 495 302 73 22 11 0 0 
0 0 79 359 454 78 16 6 0 1 59 471 385 54 18 4 82 532 306 47 11 13 1 0 
0 2 78 410 348 102 42 10 0 1 85 406 361 99 25 15 116 460 266 91 34 13 12 0 
0 21 142 372 301 97 47 12 0 11 123 351 327 118 47 15 108 434 266 100 43 34 7 0 
0 13 136 343 344 109 12 4 0 5 120 317 356 145 14 4 105 418 281 117 34 3 3 0 
