0 10 436 221 21 10 14 312 0 2 73 559 54 10 10 316 0 0 8 287 386 11 9 323 
0 0 0 0 0 1 2 1021 0 0 0 0 0 1 2 1021 0 0 0 0 0 0 2 1022 
0 0 0 0 0 0 70 954 0 0 0 0 0 0 2 1022 0 0 0 0 0 0 0 1024 
0 0 0 0 0 164 361 499 0 0 0 0 0 0 310 714 0 0 0 0 0 0 0 1024 
0 0 0 0 0 2 501 521 0 0 0 0 0 0 234 790 0 0 0 0 0 0 0 1024 
0 0 0 0 0 0 3 1021 0 0 0 0 0 0 0 1024 0 0 0 0 0 0 0 1024 
0 0 0 0 0 0 0 1024 0 0 0 0 0 0 0 1024 0 0 0 0 0 0 0 1024 
0 0 0 0 0 15 113 896 0 0 0 0 0 0 0 1024 0 0 0 0 0 0 0 1024 
0 0 0 0 0 321 251 452 0 0 0 0 0 0 0 1024 0 0 0 0 0 0 0 1024 
39 136 45 5 8 511 129 151 21 103 93 6 7 4 15 775 5 52 144 17 6 3 8 789 
92 275 84 7 9 344 98 83 46 233 164 12 9 5 19 504 9 138 269 30 10 4 11 521 
0 0 266 695 62 1 0 0 0 0 16 828 178 2 0 0 0 0 0 364 655 5 0 0 
0 0 43 141 9 5 7 819 0 0 14 138 40 5 8 819 0 0 0 37 151 6 8 822 
0 0 0 0 0 0 56 968 0 0 0 0 0 0 0 1024 0 0 0 0 0 0 0 1024 
0 0 0 0 0 16 812 196 0 0 0 0 0 0 495 529 0 0 0 0 0 0 0 1024 
0 0 0 0 0 0 1024 0 0 0 0 0 0 0 666 358 0 0 0 0 0 0 0 1024 
0 0 0 0 0 0 492 532 0 0 0 0 0 0 27 997 0 0 0 0 0 0 0 1024 
0 0 0 0 0 0 0 1024 0 0 0 0 0 0 0 1024 0 0 0 0 0 0 0 1024 
0 0 0 0 0 0 37 987 0 0 0 0 0 0 0 1024 0 0 0 0 0 0 0 1024 
2 12 5 1 4 24 364 612 0 10 8 2 1 3 3 997 0 2 4 11 2 1 4 1000 
39 612 229 6 3 3 4 128 4 371 499 11 4 3 4 128 0 173 660 50 2 4 5 130 
34 652 291 3 1 0 2 9 5 399 567 9 1 0 2 9 1 220 719 40 0 1 2 9 
0 152 261 469 131 11 0 0 0 0 185 517 289 31 2 0 0 0 78 362 519 62 3 0 
0 0 115 332 92 22 12 451 0 0 8 314 206 33 12 451 0 0 1 127 373 53 13 457 
0 0 0 0 7 103 70 844 0 0 0 0 0 0 51 973 0 0 0 0 0 0 0 1024 
0 0 0 0 0 29 258 737 0 0 0 0 0 0 12 1012 0 0 0 0 0 0 0 1024 
0 0 0 0 0 0 876 148 0 0 0 0 0 0 585 439 0 0 0 0 0 0 0 1024 
0 0 0 0 0 0 565 459 0 0 0 0 0 0 56 968 0 0 0 0 0 0 0 1024 
0 0 0 0 0 0 0 1024 0 0 0 0 0 0 0 1024 0 0 0 0 0 0 0 1024 
0 0 0 0 0 0 33 991 0 0 0 0 0 0 0 1024 0 0 0 0 0 0 0 1024 
5 200 124 4 8 37 235 411 0 109 208 16 6 5 4 676 0 22 235 67 8 6 5 681 
44 880 100 0 0 0 0 0 2 555 465 2 0 0 0 0 1 230 782 11 0 0 0 0 
46 889 57 0 0 0 0 0 1 670 320 1 0 0 0 0 1 362 627 2 0 0 0 0 
16 646 303 49 10 0 0 0 0 47 718 221 36 2 0 0 0 23 575 392 32 2 0 0 
0 286 227 216 77 40 16 162 0 2 322 297 168 53 17 165 0 0 76 471 230 62 16 169 
0 3 4 7 25 64 112 809 0 0 5 3 10 36 112 858 0 0 3 3 9 23 85 901 
0 0 0 0 6 97 81 840 0 0 0 0 1 3 14 1006 0 0 0 0 1 3 5 1015 
0 0 0 0 3 14 195 812 0 0 0 0 0 5 48 971 0 0 0 0 0 3 29 992 
0 0 0 0 4 11 165 844 0 0 0 0 0 5 15 1004 0 0 0 0 0 0 15 1009 
0 0 0 0 0 0 0 1024 0 0 0 0 0 0 0 1024 0 0 0 0 0 0 0 1024 
2 17 33 36 21 9 5 901 0 8 31 18 39 17 8 903 0 0 23 25 9 34 27 906 
20 556 262 12 13 3 0 158 6 310 501 33 12 3 1 158 3 156 553 133 11 6 3 159 
64 891 69 0 0 0 0 0 12 721 291 0 0 0 0 0 3 455 559 7 0 0 0 0 
101 860 31 0 0 0 0 0 27 771 193 1 0 0 0 0 19 559 410 4 0 0 0 0 
75 543 307 67 25 7 0 0 2 196 598 177 40 8 3 0 4 207 675 111 23 4 0 0 
33 688 294 9 0 0 0 0 8 64 772 177 3 0 0 0 13 31 592 385 3 0 0 0 
1 222 479 140 65 44 52 21 0 7 303 417 136 66 50 45 0 6 185 456 115 120 84 58 
0 3 85 405 125 131 124 151 0 0 10 117 396 148 143 210 0 0 1 24 142 405 190 262 
0 7 55 202 164 125 179 292 0 0 5 66 221 180 157 395 0 0 0 8 74 266 207 469 
0 14 520 156 46 73 90 125 0 0 6 542 146 59 97 174 0 0 0 19 599 94 92 220 
1 29 586 240 56 16 6 90 0 7 22 605 249 40 8 93 0 0 16 28 629 238 18 95 
170 373 162 175 104 10 5 25 7 341 234 130 214 65 7 26 0 154 385 54 171 188 43 29 
94 886 44 0 0 0 0 0 4 720 299 1 0 0 0 0 0 467 544 13 0 0 0 0 
175 834 15 0 0 0 0 0 49 885 90 0 0 0 0 0 23 824 177 0 0 0 0 0 
187 786 19 0 0 0 0 0 42 894 56 0 0 0 0 0 18 887 87 0 0 0 0 0 
799 191 26 3 3 2 0 0 690 202 116 10 4 2 0 0 769 172 74 3 4 2 0 0 
714 245 57 8 0 0 0 0 545 288 163 27 1 0 0 0 664 156 188 16 0 0 0 0 
156 500 304 52 11 1 0 0 5 322 502 163 28 4 0 0 21 278 583 126 13 3 0 0 
64 273 410 277 0 0 0 0 17 76 332 275 324 0 0 0 60 38 323 206 86 311 0 0 
123 292 426 166 17 0 0 0 53 94 104 579 186 8 0 0 107 40 11 132 541 186 7 0 
0 377 622 25 0 0 0 0 0 0 265 755 4 0 0 0 0 0 0 464 560 0 0 0 
43 632 348 1 0 0 0 0 0 206 597 221 0 0 0 0 0 29 429 440 126 0 0 0 
201 718 102 3 0 0 0 0 9 646 360 7 2 0 0 0 14 386 576 45 3 0 0 0 
593 430 1 0 0 0 0 0 218 778 28 0 0 0 0 0 289 682 53 0 0 0 0 0 
551 473 0 0 0 0 0 0 279 736 9 0 0 0 0 0 390 627 7 0 0 0 0 0 
542 450 0 0 0 0 0 0 232 758 2 0 0 0 0 0 356 636 0 0 0 0 0 0 
929 93 2 0 0 0 0 0 912 46 65 1 0 0 0 0 1007 17 0 0 0 0 0 0 
889 122 13 0 0 0 0 0 823 116 85 0 0 0 0 0 1010 14 0 0 0 0 0 0 
774 180 68 2 0 0 0 0 498 376 144 5 1 0 0 0 912 103 7 2 0 0 0 0 
839 60 125 0 0 0 0 0 654 227 142 1 0 0 0 0 952 66 6 0 0 0 0 0 
820 97 107 0 0 0 0 0 744 115 162 3 0 0 0 0 939 80 5 0 0 0 0 0 
475 357 187 5 0 0 0 0 277 264 374 109 0 0 0 0 634 105 64 195 26 0 0 0 
525 437 60 1 1 0 0 0 190 479 352 2 1 0 0 0 428 396 191 8 0 1 0 0 
677 291 53 3 0 0 0 0 417 349 253 5 0 0 0 0 689 298 32 3 2 0 0 0 
739 248 33 2 2 0 0 0 676 90 255 1 2 0 0 0 929 85 7 1 2 0 0 0 
759 258 7 0 0 0 0 0 681 99 244 0 0 0 0 0 975 49 0 0 0 0 0 0 
741 246 5 0 0 0 0 0 656 109 227 0 0 0 0 0 944 48 0 0 0 0 0 0 
117 864 11 0 0 0 0 0 97 47 843 5 0 0 0 0 969 23 0 0 0 0 0 0 
70 870 52 0 0 0 0 0 40 73 867 12 0 0 0 0 967 25 0 0 0 0 0 0 
48 850 94 0 0 0 0 0 33 33 903 23 0 0 0 0 965 27 0 0 0 0 0 0 
55 783 154 0 0 0 0 0 36 28 889 39 0 0 0 0 958 34 0 0 0 0 0 0 
22 846 124 0 0 0 0 0 10 32 923 27 0 0 0 0 951 41 0 0 0 0 0 0 
10 875 107 0 0 0 0 0 0 16 953 23 0 0 0 0 955 37 0 0 0 0 0 0 
7 927 58 0 0 0 0 0 0 8 976 8 0 0 0 0 986 6 0 0 0 0 0 0 
27 925 40 0 0 0 0 0 0 34 955 3 0 0 0 0 975 17 0 0 0 0 0 0 
30 930 32 0 0 0 0 0 0 34 950 8 0 0 0 0 981 11 0 0 0 0 0 0 
61 921 10 0 0 0 0 0 0 88 903 1 0 0 0 0 985 7 0 0 0 0 0 0 
56 897 8 0 0 0 0 0 0 104 856 1 0 0 0 0 957 4 0 0 0 0 0 0 
