0 0 0 0 0 0 162 862 0 0 0 0 0 0 0 1024 0 0 0 0 0 0 0 1024 
0 0 0 0 0 0 169 855 0 0 0 0 0 0 0 1024 0 0 0 0 0 0 4 1020 
0 0 0 0 0 0 173 851 0 0 0 0 0 0 0 1024 0 0 0 0 0 0 9 1015 
0 0 0 0 0 0 148 876 0 0 0 0 0 0 0 1024 0 0 0 0 0 0 49 975 
0 0 0 0 0 0 77 947 0 0 0 0 0 0 0 1024 0 0 0 0 0 0 61 963 
0 0 0 0 0 0 0 1024 0 0 0 0 0 0 0 1024 0 0 0 0 0 0 15 1009 
0 0 0 0 0 0 0 1024 0 0 0 0 0 0 0 1024 0 0 0 0 0 0 0 1024 
0 0 0 0 0 0 0 1024 0 0 0 0 0 0 0 1024 0 0 0 0 0 0 0 1024 
0 4 64 15 44 47 81 769 0 0 2 57 19 27 59 860 0 0 12 58 27 96 237 594 
0 0 59 104 52 95 72 642 0 0 0 49 110 34 91 740 0 0 4 118 55 135 253 459 
0 0 22 68 133 106 68 627 0 0 0 17 64 97 135 711 0 0 1 63 58 230 271 401 
0 0 14 120 153 52 47 638 0 0 0 9 58 177 88 692 0 0 0 33 158 147 509 177 
0 0 41 56 122 80 71 654 0 0 0 36 48 118 88 734 0 0 1 66 121 129 598 109 
0 0 16 106 172 70 70 590 0 0 0 2 79 146 117 680 0 0 0 40 154 160 399 271 
0 0 18 118 186 59 56 587 0 0 0 3 87 179 94 661 0 0 0 11 181 187 176 469 
0 13 73 154 99 85 56 544 0 0 2 69 97 139 106 611 0 0 0 80 187 152 112 493 
0 98 443 320 58 65 40 0 0 0 42 285 280 268 51 98 0 0 27 343 107 409 85 53 
105 255 430 194 30 5 4 1 0 9 318 324 228 128 7 10 0 7 318 384 165 136 8 6 
50 329 363 252 29 1 0 0 0 8 362 287 357 10 0 0 0 36 430 409 143 6 0 0 
23 278 400 261 53 9 0 0 0 6 317 306 364 31 0 0 0 50 455 374 145 0 0 0 
82 415 368 126 32 1 0 0 0 18 473 256 255 22 0 0 0 72 549 246 157 0 0 0 
105 513 278 83 45 0 0 0 0 34 588 207 167 27 1 0 1 107 673 125 114 4 0 0 
2 168 428 275 136 15 0 0 0 6 210 384 353 68 3 0 0 111 503 246 114 50 0 0 
28 338 381 170 100 7 0 0 0 17 337 257 312 101 0 0 0 102 446 156 172 148 0 0 
3 139 845 37 0 0 0 0 0 3 105 358 558 0 0 0 0 6 142 172 646 58 0 0 
3 84 827 108 2 0 0 0 0 0 70 255 668 31 0 0 0 13 110 176 626 99 0 0 
18 124 787 75 17 1 2 0 0 14 122 95 770 20 2 1 0 53 113 74 740 42 2 0 
106 212 663 43 0 0 0 0 0 104 225 115 580 0 0 0 0 246 176 47 547 8 0 0 
71 282 546 96 9 8 7 5 3 93 295 182 424 12 4 11 59 416 140 36 353 15 4 1 
292 264 376 90 2 0 0 0 3 315 254 173 279 0 0 0 266 396 111 26 223 2 0 0 
201 439 278 106 0 0 0 0 1 229 447 141 203 3 0 0 160 559 102 27 125 51 0 0 
187 298 353 182 4 0 0 0 0 207 344 300 139 34 0 0 111 600 175 28 39 71 0 0 
8 165 387 197 217 49 1 0 0 29 251 396 307 41 0 0 179 441 101 48 145 110 0 0 
8 149 344 345 134 29 5 10 0 16 225 390 259 101 19 14 77 422 172 115 169 59 4 6 
80 370 284 133 114 36 2 5 0 106 442 327 117 21 6 5 61 460 381 80 29 8 1 4 
243 360 255 87 31 20 11 17 7 282 390 226 50 30 19 20 157 477 291 54 22 22 1 0 
534 315 99 43 18 7 4 4 20 610 240 85 42 16 4 7 491 343 115 47 19 8 1 0 
620 282 89 32 1 0 0 0 247 466 232 72 6 1 0 0 732 270 20 2 0 0 0 0 
582 162 207 62 11 0 0 0 237 356 204 187 39 1 0 0 702 264 57 1 0 0 0 0 
482 344 124 71 3 0 0 0 12 500 343 124 45 0 0 0 658 316 50 0 0 0 0 0 
239 355 216 63 84 56 11 0 60 263 334 237 117 12 1 0 760 231 32 1 0 0 0 0 
143 606 234 33 8 0 0 0 4 273 583 151 13 0 0 0 776 244 4 0 0 0 0 0 
137 417 198 99 140 33 0 0 26 196 473 276 53 0 0 0 749 260 15 0 0 0 0 0 
276 272 138 150 116 53 10 9 78 285 262 154 177 49 9 10 627 271 96 17 3 8 2 0 
155 156 107 235 163 44 67 97 35 235 103 210 210 54 63 114 394 316 146 79 62 26 1 0 
381 418 177 30 9 6 3 0 103 383 411 99 16 6 6 0 769 223 21 6 5 0 0 0 
500 108 122 140 88 47 18 1 229 292 141 173 91 56 40 2 683 169 89 72 11 0 0 0 
599 208 125 56 26 10 0 0 200 407 211 131 47 28 0 0 676 228 96 24 0 0 0 0 
87 164 215 202 193 118 42 3 34 153 281 316 146 58 34 2 556 350 100 18 0 0 0 0 
48 190 179 192 272 130 13 0 7 111 230 416 233 27 0 0 476 478 70 0 0 0 0 0 
75 237 113 186 273 117 22 1 16 101 337 371 157 36 6 0 596 359 64 5 0 0 0 0 
242 300 152 154 144 32 0 0 113 199 355 236 119 2 0 0 712 272 39 1 0 0 0 0 
193 93 164 257 272 41 4 0 109 160 235 416 80 23 1 0 610 364 48 2 0 0 0 0 
353 175 161 234 98 3 0 0 239 278 282 221 4 0 0 0 820 202 2 0 0 0 0 0 
104 381 280 180 78 1 0 0 21 357 446 187 13 0 0 0 870 149 5 0 0 0 0 0 
405 366 173 69 11 0 0 0 170 381 358 106 9 0 0 0 884 126 14 0 0 0 0 0 
119 48 196 416 211 34 0 0 129 82 376 367 65 5 0 0 704 296 24 0 0 0 0 0 
148 81 222 296 198 60 17 2 137 135 315 278 123 27 9 0 678 279 66 1 0 0 0 0 
130 52 167 180 168 118 142 67 130 96 227 181 123 146 116 5 526 217 236 43 2 0 0 0 
321 235 220 132 85 30 1 0 218 260 286 164 73 23 0 0 788 166 58 12 0 0 0 0 
125 33 71 103 201 347 142 2 128 1 60 151 299 331 54 0 221 306 459 38 0 0 0 0 
117 30 83 176 271 279 66 2 128 9 96 234 304 243 10 0 255 397 353 19 0 0 0 0 
126 105 250 310 198 35 0 0 127 54 288 369 172 14 0 0 518 391 114 1 0 0 0 0 
126 102 302 369 122 3 0 0 129 74 439 335 46 1 0 0 744 270 10 0 0 0 0 0 
