254 665 105 0 0 0 0 0 5 543 470 6 0 0 0 0 7 623 394 0 0 0 0 0 
323 543 155 3 0 0 0 0 0 625 382 17 0 0 0 0 1 404 617 2 0 0 0 0 
359 424 237 4 0 0 0 0 0 568 425 31 0 0 0 0 0 472 547 5 0 0 0 0 
128 568 320 8 0 0 0 0 0 487 481 56 0 0 0 0 0 352 662 10 0 0 0 0 
137 565 303 18 1 0 0 0 0 442 519 61 2 0 0 0 0 268 726 29 1 0 0 0 
16 567 376 51 13 1 0 0 0 337 539 124 20 4 0 0 0 197 750 76 1 0 0 0 
0 441 396 141 38 8 0 0 0 221 477 269 51 6 0 0 0 95 743 180 6 0 0 0 
7 361 282 256 94 23 1 0 0 257 255 371 124 17 0 0 2 152 734 132 4 0 0 0 
3 218 244 265 172 114 8 0 0 116 297 328 247 36 0 0 0 162 554 288 19 1 0 0 
3 238 331 219 94 115 24 0 0 83 382 311 195 53 0 0 0 192 549 246 37 0 0 0 
32 205 272 213 175 84 39 4 0 132 246 356 209 79 2 0 4 240 489 248 42 1 0 0 
3 181 174 232 196 142 74 22 0 129 155 295 268 156 21 0 3 202 428 278 102 11 0 0 
8 217 188 193 280 112 22 4 0 149 216 241 325 89 4 0 0 220 359 295 148 2 0 0 
0 159 188 203 201 158 82 33 0 114 179 263 262 176 30 0 2 151 435 317 109 10 0 0 
0 152 173 196 226 162 70 45 0 81 198 265 281 166 33 0 0 88 502 346 87 1 0 0 
0 157 104 287 307 134 27 8 0 128 100 301 358 115 20 2 1 96 513 366 46 2 0 0 
0 343 348 333 0 0 0 0 0 187 391 415 31 0 0 0 0 15 479 498 32 0 0 0 
0 174 395 446 9 0 0 0 0 53 393 449 129 0 0 0 0 9 310 593 112 0 0 0 
0 59 438 514 13 0 0 0 0 11 349 309 355 0 0 0 0 1 281 446 296 0 0 0 
0 18 85 659 212 41 8 1 0 2 76 271 616 49 10 0 0 12 99 374 523 13 3 0 
0 54 379 193 292 101 4 1 0 0 202 355 356 106 5 0 0 10 295 475 235 9 0 0 
0 38 293 290 233 143 24 3 0 4 223 303 301 175 15 3 0 25 377 400 195 23 3 1 
0 39 227 335 326 69 27 1 0 4 212 249 461 71 27 0 0 18 265 446 255 40 0 0 
0 124 236 306 198 136 19 5 0 12 279 299 272 131 24 7 0 10 303 426 240 29 11 5 
0 166 210 464 73 50 31 30 1 114 232 320 277 40 24 16 13 62 316 366 237 16 8 6 
0 247 97 588 83 9 0 0 0 198 109 296 406 14 1 0 0 10 287 312 409 6 0 0 
0 83 88 419 306 103 20 5 0 44 73 240 483 156 25 3 0 4 142 451 412 13 2 0 
0 54 173 292 298 94 53 60 0 29 152 210 403 132 58 40 4 56 201 247 366 112 30 8 
2 128 328 285 178 56 22 25 0 66 302 304 242 70 25 15 4 97 318 327 212 45 15 6 
0 150 261 251 227 64 35 36 1 71 265 223 307 90 36 31 3 84 298 238 290 76 31 4 
0 93 240 315 244 71 33 28 0 26 205 325 320 100 30 18 1 41 220 343 330 67 14 8 
0 124 160 295 290 100 53 2 0 2 211 197 420 151 42 1 0 4 214 222 434 143 7 0 
0 17 26 857 88 28 6 2 0 9 34 559 373 44 5 0 0 20 30 585 364 24 1 0 
0 15 39 882 87 1 0 0 0 0 34 425 563 2 0 0 0 0 24 518 482 0 0 0 
0 0 91 605 299 28 1 0 0 0 18 303 662 40 1 0 0 0 5 480 531 8 0 0 
0 438 103 249 215 14 4 1 0 272 255 160 325 11 1 0 0 70 473 265 213 3 0 0 
3 490 311 131 52 8 9 20 0 262 487 105 70 71 8 21 1 165 482 194 60 39 60 23 
0 76 252 303 159 68 50 116 0 31 211 215 323 77 47 120 0 43 197 346 257 48 24 109 
0 240 234 295 215 32 7 1 0 83 328 176 385 41 10 1 0 60 306 297 345 14 2 0 
0 38 182 323 403 39 31 8 0 9 111 259 545 73 24 3 4 14 79 327 532 61 7 0 
58 235 245 438 45 3 0 0 0 242 270 421 88 3 0 0 9 360 275 337 43 0 0 0 
0 185 459 347 31 2 0 0 0 74 439 460 51 0 0 0 0 208 372 424 20 0 0 0 
0 90 761 165 6 2 0 0 0 0 523 490 7 4 0 0 0 4 353 659 7 1 0 0 
0 85 353 496 69 18 3 0 0 28 139 702 103 38 13 1 0 4 167 775 59 19 0 0 
70 217 287 333 53 31 27 6 0 187 234 347 187 37 30 2 0 158 212 475 179 0 0 0 
142 397 97 258 105 9 9 7 0 303 323 109 268 16 3 2 1 271 332 164 252 4 0 0 
15 528 144 57 206 55 17 2 0 244 408 67 230 55 20 0 0 137 468 247 172 0 0 0 
0 63 194 474 224 69 0 0 0 3 159 454 299 109 0 0 0 0 84 420 499 21 0 0 
572 401 51 0 0 0 0 0 5 850 160 9 0 0 0 0 129 880 15 0 0 0 0 0 
398 570 56 0 0 0 0 0 11 891 119 3 0 0 0 0 176 810 36 2 0 0 0 0 
0 317 450 241 16 0 0 0 0 284 405 282 52 1 0 0 25 591 365 43 0 0 0 0 
41 223 415 287 56 2 0 0 0 196 407 344 73 4 0 0 21 473 379 140 11 0 0 0 
223 506 229 55 11 0 0 0 2 582 335 85 17 3 0 0 38 666 261 51 8 0 0 0 
174 507 305 37 1 0 0 0 0 403 451 160 10 0 0 0 44 669 297 14 0 0 0 0 
17 891 108 8 0 0 0 0 0 102 902 20 0 0 0 0 18 173 579 251 3 0 0 0 
0 325 424 205 50 18 2 0 0 1 678 249 61 27 8 0 2 43 222 741 16 0 0 0 
205 678 33 11 1 0 0 96 9 802 93 16 8 0 0 96 86 816 24 2 0 0 0 96 
58 325 182 218 115 24 4 98 2 314 168 216 186 37 3 98 63 578 241 38 6 1 1 96 
13 344 373 147 41 7 2 97 0 210 350 255 98 12 3 96 52 656 187 29 2 2 0 96 
32 540 252 85 18 1 0 96 1 256 483 133 50 5 0 96 50 724 139 13 2 0 0 96 
141 332 286 92 60 16 1 96 1 312 329 197 65 23 1 96 52 615 235 26 0 0 0 96 
53 470 369 35 1 0 0 96 0 212 535 172 9 0 0 96 73 661 190 4 0 0 0 96 
53 357 257 102 124 33 2 96 0 236 359 156 120 53 4 96 60 590 237 39 2 0 0 96 
0 38 209 310 277 88 6 96 0 9 144 288 308 155 23 97 42 409 373 101 3 0 0 96 
