0 0 0 334 342 334 14 0 0 0 0 0 6 574 440 4 0 0 2 5 10 13 93 901 
0 0 0 971 51 2 0 0 0 0 0 0 0 1009 15 0 0 0 0 0 0 0 0 1024 
0 0 0 1024 0 0 0 0 0 0 0 0 0 1024 0 0 0 0 0 0 0 0 0 1024 
0 0 0 1024 0 0 0 0 0 0 0 0 0 1024 0 0 0 0 0 0 0 0 0 1024 
0 0 0 1024 0 0 0 0 0 0 0 0 0 1024 0 0 0 0 0 0 0 0 0 1024 
0 0 0 987 37 0 0 0 0 0 0 0 0 1023 1 0 0 0 0 0 0 0 0 1024 
0 0 0 889 135 0 0 0 0 0 0 0 0 1001 23 0 0 0 0 0 0 0 0 1024 
0 0 0 1003 21 0 0 0 0 0 0 0 0 1024 0 0 0 0 0 0 0 0 0 1024 
0 0 0 1024 0 0 0 0 0 0 0 0 0 1024 0 0 0 0 0 0 0 0 0 1024 
0 0 0 1024 0 0 0 0 0 0 0 0 0 1024 0 0 0 0 0 0 0 0 0 1024 
0 0 0 1024 0 0 0 0 0 0 0 0 0 1024 0 0 0 0 0 0 0 0 0 1024 
0 0 0 1024 0 0 0 0 0 0 0 0 0 1024 0 0 0 0 0 0 0 0 0 1024 
0 0 0 1024 0 0 0 0 0 0 0 0 0 1024 0 0 0 0 0 0 0 0 0 1024 
0 0 0 1024 0 0 0 0 0 0 0 0 0 1024 0 0 0 0 0 0 0 0 0 1024 
0 0 0 1024 0 0 0 0 0 0 0 0 0 1024 0 0 0 0 0 0 0 0 0 1024 
0 0 0 1024 0 0 0 0 0 0 0 0 0 1024 0 0 0 0 0 0 0 0 0 1024 
0 0 0 1024 0 0 0 0 0 0 0 0 0 1024 0 0 0 0 0 0 0 0 0 1024 
0 0 0 1024 0 0 0 0 0 0 0 0 0 1024 0 0 0 0 0 0 0 0 0 1024 
0 0 0 1024 0 0 0 0 0 0 0 0 0 1024 0 0 0 0 0 0 0 0 0 1024 
0 0 0 1020 4 0 0 0 0 0 0 0 0 1021 3 0 0 0 0 0 0 0 0 1024 
0 0 0 787 190 26 19 2 0 0 0 0 0 903 114 7 0 0 0 0 0 0 0 1024 
0 0 0 24 392 376 66 166 0 0 0 0 0 132 686 206 0 0 0 0 0 0 5 1019 
0 0 0 2 299 405 281 37 0 0 0 0 0 55 842 127 0 0 0 0 0 0 0 1024 
0 0 0 0 92 262 651 19 0 0 0 0 0 12 548 464 0 0 0 0 0 0 0 1024 
0 0 0 15 182 180 646 1 0 0 0 0 0 63 625 336 0 0 0 0 0 0 0 1024 
0 0 0 0 40 333 639 12 0 0 0 0 0 4 731 289 0 0 0 0 0 0 2 1022 
0 0 0 0 672 185 103 64 0 0 0 0 0 148 740 136 0 0 0 0 0 0 0 1024 
0 0 0 5 441 201 151 226 0 0 0 0 0 60 634 330 0 0 0 0 0 0 2 1022 
0 0 0 1 493 270 166 94 0 0 0 0 0 195 648 181 0 0 0 0 0 0 2 1022 
0 0 0 7 535 46 56 380 0 0 0 0 0 50 546 428 0 0 0 0 0 0 1 1023 
0 0 0 7 499 50 76 392 0 0 0 0 0 48 508 468 0 0 0 0 0 0 1 1023 
0 0 0 2 658 78 206 80 0 0 0 0 0 33 733 258 0 0 0 0 0 0 0 1024 
0 0 0 0 279 104 143 498 0 0 0 0 0 3 422 599 0 0 0 0 0 0 0 1024 
0 0 0 0 0 0 0 1024 0 0 0 0 0 0 0 1024 0 0 0 0 0 0 0 1024 
0 0 0 0 0 0 0 1024 0 0 0 0 0 0 0 1024 0 0 0 0 0 0 0 1024 
0 0 0 0 0 0 0 1024 0 0 0 0 0 0 0 1024 0 0 0 0 0 0 0 1024 
0 0 0 0 0 0 0 1024 0 0 0 0 0 0 0 1024 0 0 0 0 0 0 0 1024 
0 0 0 0 0 0 0 1024 0 0 0 0 0 0 0 1024 0 0 0 0 0 0 0 1024 
0 0 0 0 0 0 0 1024 0 0 0 0 0 0 0 1024 0 0 0 0 0 0 0 1024 
0 0 0 0 0 0 0 1024 0 0 0 0 0 0 0 1024 0 0 0 0 0 0 0 1024 
0 0 0 0 0 0 0 1024 0 0 0 0 0 0 0 1024 0 0 0 0 0 0 0 1024 
0 0 0 0 0 0 0 1024 0 0 0 0 0 0 0 1024 0 0 0 0 0 0 0 1024 
0 0 0 0 0 0 0 1024 0 0 0 0 0 0 0 1024 0 0 0 0 0 0 0 1024 
0 0 0 0 0 0 0 1024 0 0 0 0 0 0 0 1024 0 0 0 0 0 0 0 1024 
0 0 0 0 0 0 0 1024 0 0 0 0 0 0 0 1024 0 0 0 0 0 0 0 1024 
0 0 0 0 0 40 61 923 0 0 0 0 0 0 51 973 0 0 0 0 0 0 0 1024 
0 0 0 0 4 122 171 727 0 0 0 0 0 0 124 900 0 0 0 0 0 0 1 1023 
0 0 0 0 0 66 208 750 0 0 0 0 0 0 67 957 0 0 0 0 0 0 0 1024 
0 0 0 0 19 137 273 595 0 0 0 0 0 1 167 856 0 0 0 0 0 0 2 1022 
0 0 0 0 2 52 103 867 0 0 0 0 0 2 60 962 0 0 0 0 0 0 1 1023 
38 23 27 478 403 55 0 0 7 24 22 29 40 744 155 3 23 33 28 33 38 73 160 636 
0 0 0 1015 9 0 0 0 0 0 0 0 0 1024 0 0 0 0 0 0 0 0 0 1024 
0 0 0 1024 0 0 0 0 0 0 0 0 0 1024 0 0 0 0 0 0 0 0 0 1024 
0 0 0 966 58 0 0 0 0 0 0 0 0 1024 0 0 0 0 0 0 0 0 0 1024 
0 0 0 703 321 0 0 0 0 0 0 0 0 975 49 0 0 0 0 0 0 0 0 1024 
0 0 0 729 295 0 0 0 0 0 0 0 0 941 83 0 0 0 0 0 0 0 0 1024 
0 0 0 888 136 0 0 0 0 0 0 0 0 1021 3 0 0 0 0 0 0 0 0 1024 
0 0 0 1020 4 0 0 0 0 0 0 0 0 1024 0 0 0 0 0 0 0 0 0 1024 
0 0 0 1024 0 0 0 0 0 0 0 0 0 1015 9 0 0 0 0 0 0 0 0 1024 
0 0 0 943 81 0 0 0 0 0 0 0 0 1001 23 0 0 0 0 0 0 0 0 1024 
0 0 0 920 104 0 0 0 0 0 0 0 0 1024 0 0 0 0 0 0 0 0 0 1024 
0 0 0 956 68 0 0 0 0 0 0 0 0 1024 0 0 0 0 0 0 0 0 0 1024 
0 0 0 891 133 0 0 0 0 0 0 0 0 1024 0 0 0 0 0 0 0 0 0 1024 
0 0 0 624 400 0 0 0 0 0 0 0 0 978 46 0 0 0 0 0 0 0 0 1024 
0 0 0 842 126 33 22 1 0 0 0 0 0 885 117 22 0 0 0 0 0 0 1 1023 
0 0 0 615 135 39 72 163 0 0 0 0 0 687 111 226 0 0 0 0 0 0 2 1022 
0 0 0 604 270 73 57 20 0 0 0 0 0 734 237 53 0 0 0 0 0 0 0 1024 
0 0 0 784 233 7 0 0 0 0 0 0 0 933 91 0 0 0 0 0 0 0 0 1024 
0 0 0 626 388 10 0 0 0 0 0 0 0 892 132 0 0 0 0 0 0 0 0 1024 
0 0 0 222 132 101 117 452 0 0 0 0 0 269 227 528 0 0 0 0 0 0 10 1014 
0 0 0 23 51 82 270 598 0 0 0 0 0 41 204 779 0 0 0 0 0 0 3 1021 
0 0 0 0 0 0 108 916 0 0 0 0 0 0 9 1015 0 0 0 0 0 0 0 1024 
0 0 0 0 25 52 590 357 0 0 0 0 0 0 263 761 0 0 0 0 0 0 0 1024 
0 0 0 0 0 31 630 363 0 0 0 0 0 0 226 798 0 0 0 0 0 0 0 1024 
0 0 0 0 0 24 462 538 0 0 0 0 0 0 93 931 0 0 0 0 0 0 0 1024 
0 0 0 0 0 21 200 803 0 0 0 0 0 0 63 961 0 0 0 0 0 0 0 1024 
0 0 0 0 0 10 156 858 0 0 0 0 0 0 16 1008 0 0 0 0 0 0 0 1024 
0 0 0 0 0 0 68 956 0 0 0 0 0 0 0 1024 0 0 0 0 0 0 0 1024 
0 0 0 0 0 0 62 962 0 0 0 0 0 0 0 1024 0 0 0 0 0 0 0 1024 
0 0 0 0 0 0 0 1024 0 0 0 0 0 0 0 1024 0 0 0 0 0 0 0 1024 
0 0 0 0 0 0 0 1024 0 0 0 0 0 0 0 1024 0 0 0 0 0 0 0 1024 
0 0 0 0 0 24 235 765 0 0 0 0 0 0 52 972 0 0 0 0 0 0 0 1024 
0 0 0 0 0 0 0 1024 0 0 0 0 0 0 0 1024 0 0 0 0 0 0 0 1024 
0 0 0 0 0 0 0 1024 0 0 0 0 0 0 0 1024 0 0 0 0 0 0 0 1024 
0 0 0 0 0 0 0 1024 0 0 0 0 0 0 0 1024 0 0 0 0 0 0 0 1024 
0 0 0 0 0 0 0 1024 0 0 0 0 0 0 0 1024 0 0 0 0 0 0 0 1024 
0 0 0 0 0 0 0 1024 0 0 0 0 0 0 0 1024 0 0 0 0 0 0 0 1024 
0 0 0 0 0 0 0 1024 0 0 0 0 0 0 0 1024 0 0 0 0 0 0 0 1024 
0 0 0 0 0 0 0 1024 0 0 0 0 0 0 0 1024 0 0 0 0 0 0 0 1024 
0 0 0 0 0 0 0 1024 0 0 0 0 0 0 0 1024 0 0 0 0 0 0 0 1024 
0 0 0 0 0 0 0 1024 0 0 0 0 0 0 0 1024 0 0 0 0 0 0 0 1024 
0 0 0 0 0 0 0 1024 0 0 0 0 0 0 0 1024 0 0 0 0 0 0 0 1024 
0 0 0 0 0 0 0 1024 0 0 0 0 0 0 0 1024 0 0 0 0 0 0 0 1024 
0 0 0 0 0 0 0 1024 0 0 0 0 0 0 0 1024 0 0 0 0 0 0 0 1024 
0 0 0 0 0 0 0 1024 0 0 0 0 0 0 0 1024 0 0 0 0 0 0 0 1024 
0 0 0 0 0 0 0 1024 0 0 0 0 0 0 0 1024 0 0 0 0 0 0 0 1024 
0 0 0 0 0 0 0 1024 0 0 0 0 0 0 0 1024 0 0 0 0 0 0 0 1024 
0 0 0 0 0 0 3 1021 0 0 0 0 0 0 0 1024 0 0 0 0 0 0 0 1024 
0 0 0 0 0 2 28 994 0 0 0 0 0 0 10 1014 0 0 0 0 0 0 0 1024 
0 0 0 0 0 0 20 1004 0 0 0 0 0 0 9 1015 0 0 0 0 0 0 4 1020 
149 82 81 252 339 101 20 0 69 76 61 87 113 337 242 39 86 73 78 61 92 117 163 354 
2 18 58 429 506 9 2 0 0 0 6 28 93 861 27 9 0 0 8 19 43 67 259 628 
0 1 5 298 695 19 6 0 0 0 0 2 9 706 298 9 0 0 0 1 4 8 73 938 
0 0 0 144 880 0 0 0 0 0 0 0 0 527 497 0 0 0 0 0 0 0 0 1024 
0 0 0 173 851 0 0 0 0 0 0 0 0 215 809 0 0 0 0 0 0 0 0 1024 
0 0 0 402 622 0 0 0 0 0 0 0 0 157 867 0 0 0 0 0 0 0 0 1024 
0 0 0 336 688 0 0 0 0 0 0 0 0 112 912 0 0 0 0 0 0 0 0 1024 
0 0 0 288 736 0 0 0 0 0 0 0 0 0 1024 0 0 0 0 0 0 0 0 1024 
0 0 0 233 791 0 0 0 0 0 0 0 0 211 813 0 0 0 0 0 0 0 0 1024 
0 0 0 149 581 45 67 182 0 0 0 0 0 216 560 248 0 0 0 0 0 0 0 1024 
0 0 0 2 866 54 70 32 0 0 0 0 0 132 811 81 0 0 0 0 0 0 0 1024 
0 0 0 12 845 92 67 8 0 0 0 0 0 51 921 52 0 0 0 0 0 0 0 1024 
0 0 0 11 972 21 18 2 0 0 0 0 0 53 960 11 0 0 0 0 0 0 0 1024 
0 0 0 34 810 53 64 63 0 0 0 0 0 43 866 115 0 0 0 0 0 0 0 1024 
0 0 0 42 36 19 63 864 0 0 0 0 0 43 58 923 0 0 0 0 0 0 0 1024 
0 0 0 0 0 0 35 989 0 0 0 0 0 0 1 1023 0 0 0 0 0 0 0 1024 
0 0 0 0 0 86 579 359 0 0 0 0 0 0 418 606 0 0 0 0 0 0 0 1024 
0 0 0 1 168 448 407 0 0 0 0 0 0 15 891 118 0 0 0 0 0 0 0 1024 
0 0 0 0 206 191 595 32 0 0 0 0 0 26 583 415 0 0 0 0 0 0 1 1023 
0 0 0 0 0 0 444 580 0 0 0 0 0 0 9 1015 0 0 0 0 0 0 0 1024 
0 0 0 0 0 0 213 811 0 0 0 0 0 0 0 1024 0 0 0 0 0 0 0 1024 
0 0 0 0 0 0 66 958 0 0 0 0 0 0 0 1024 0 0 0 0 0 0 0 1024 
0 0 0 0 0 0 431 593 0 0 0 0 0 0 23 1001 0 0 0 0 0 0 0 1024 
0 0 0 0 0 0 100 924 0 0 0 0 0 0 0 1024 0 0 0 0 0 0 0 1024 
0 0 0 0 0 0 172 852 0 0 0 0 0 0 1 1023 0 0 0 0 0 0 0 1024 
0 0 0 0 0 0 8 1016 0 0 0 0 0 0 0 1024 0 0 0 0 0 0 0 1024 
0 0 0 0 0 0 2 1022 0 0 0 0 0 0 0 1024 0 0 0 0 0 0 0 1024 
0 0 0 0 0 0 92 932 0 0 0 0 0 0 0 1024 0 0 0 0 0 0 0 1024 
0 0 0 0 0 0 0 1024 0 0 0 0 0 0 0 1024 0 0 0 0 0 0 0 1024 
0 0 0 0 0 206 159 659 0 0 0 0 0 0 236 788 0 0 0 0 0 0 3 1021 
0 0 0 0 0 66 200 758 0 0 0 0 0 0 100 924 0 0 0 0 0 0 4 1020 
0 0 0 0 0 13 63 948 0 0 0 0 0 0 19 1005 0 0 0 0 0 0 2 1022 
0 0 0 0 0 0 0 1024 0 0 0 0 0 0 0 1024 0 0 0 0 0 0 0 1024 
0 0 0 0 0 0 0 1024 0 0 0 0 0 0 0 1024 0 0 0 0 0 0 0 1024 
0 0 0 0 0 0 0 1024 0 0 0 0 0 0 0 1024 0 0 0 0 0 0 0 1024 
0 0 0 0 0 0 136 888 0 0 0 0 0 0 0 1024 0 0 0 0 0 0 0 1024 
0 0 0 0 0 0 229 795 0 0 0 0 0 0 0 1024 0 0 0 0 0 0 0 1024 
0 0 0 0 0 0 24 1000 0 0 0 0 0 0 0 1024 0 0 0 0 0 0 0 1024 
0 0 0 0 0 0 0 1024 0 0 0 0 0 0 0 1024 0 0 0 0 0 0 0 1024 
0 0 0 0 0 0 13 1011 0 0 0 0 0 0 0 1024 0 0 0 0 0 0 0 1024 
0 0 0 0 0 0 72 952 0 0 0 0 0 0 0 1024 0 0 0 0 0 0 0 1024 
0 0 0 0 0 0 0 1024 0 0 0 0 0 0 0 1024 0 0 0 0 0 0 0 1024 
0 0 0 0 0 0 0 1024 0 0 0 0 0 0 0 1024 0 0 0 0 0 0 0 1024 
0 0 0 0 0 0 0 1024 0 0 0 0 0 0 0 1024 0 0 0 0 0 0 0 1024 
0 0 0 0 0 0 0 1024 0 0 0 0 0 0 0 1024 0 0 0 0 0 0 0 1024 
0 0 0 0 0 0 0 1024 0 0 0 0 0 0 0 1024 0 0 0 0 0 0 0 1024 
0 0 0 0 0 0 0 1024 0 0 0 0 0 0 0 1024 0 0 0 0 0 0 0 1024 
0 0 0 4 13 6 16 985 0 0 0 3 10 8 10 993 0 0 0 0 10 11 10 993 
0 0 0 0 0 0 0 1024 0 0 0 0 0 0 0 1024 0 0 0 0 0 0 0 1024 
0 0 0 0 0 0 0 1024 0 0 0 0 0 0 0 1024 0 0 0 0 0 0 0 1024 
33 47 30 10 50 67 159 628 9 21 39 44 12 44 135 720 30 36 41 14 22 14 63 804 
82 230 97 67 51 107 303 87 1 66 213 119 72 59 162 332 118 155 123 65 45 44 66 408 
0 8 30 51 548 371 16 0 0 0 5 20 42 109 801 47 0 0 6 10 34 38 109 827 
0 0 0 0 915 109 0 0 0 0 0 0 0 2 1022 0 0 0 0 0 0 0 0 1024 
0 0 0 0 323 236 422 43 0 0 0 0 0 0 842 182 0 0 0 0 0 0 0 1024 
0 0 0 0 393 289 341 1 0 0 0 0 0 0 946 78 0 0 0 0 0 0 1 1023 
0 0 0 0 832 192 0 0 0 0 0 0 0 0 1024 0 0 0 0 0 0 0 0 1024 
0 0 0 1 861 136 24 2 0 0 0 0 0 0 1007 17 0 0 0 0 0 0 0 1024 
0 0 0 17 713 118 124 52 0 0 0 0 0 10 881 133 0 0 0 0 0 0 0 1024 
0 0 0 0 21 129 411 463 0 0 0 0 0 0 343 681 0 0 0 0 0 0 0 1024 
0 0 0 0 0 15 668 341 0 0 0 0 0 0 265 759 0 0 0 0 0 0 0 1024 
0 0 0 0 0 0 603 421 0 0 0 0 0 0 185 839 0 0 0 0 0 0 0 1024 
0 0 0 1 56 31 553 383 0 0 0 0 0 4 189 831 0 0 0 0 0 0 2 1022 
0 0 0 0 9 102 569 344 0 0 0 0 0 1 362 661 0 0 0 0 0 0 0 1024 
0 0 0 0 17 211 517 279 0 0 0 0 0 0 400 624 0 0 0 0 0 0 0 1024 
0 0 0 0 470 192 325 37 0 0 0 0 0 0 790 234 0 0 0 0 0 0 0 1024 
0 0 0 0 386 268 155 215 0 0 0 0 0 0 712 312 0 0 0 0 0 0 0 1024 
0 0 0 0 0 85 451 488 0 0 0 0 0 0 191 833 0 0 0 0 0 0 1 1023 
0 0 0 0 0 72 494 458 0 0 0 0 0 0 361 663 0 0 0 0 0 0 0 1024 
0 0 0 0 0 470 242 312 0 0 0 0 0 0 589 435 0 0 0 0 0 0 0 1024 
0 0 0 0 0 590 328 106 0 0 0 0 0 0 696 328 0 0 0 0 0 0 0 1024 
0 0 0 0 0 692 259 73 0 0 0 0 0 0 795 229 0 0 0 0 0 0 0 1024 
0 0 0 0 6 234 498 286 0 0 0 0 0 0 345 679 0 0 0 0 0 0 0 1024 
0 0 0 0 0 0 264 760 0 0 0 0 0 0 1 1023 0 0 0 0 0 0 0 1024 
0 0 0 0 0 0 81 943 0 0 0 0 0 0 0 1024 0 0 0 0 0 0 0 1024 
0 0 0 0 0 0 429 595 0 0 0 0 0 0 0 1024 0 0 0 0 0 0 0 1024 
0 0 0 0 0 0 213 811 0 0 0 0 0 0 0 1024 0 0 0 0 0 0 0 1024 
0 0 0 0 0 0 162 862 0 0 0 0 0 0 0 1024 0 0 0 0 0 0 0 1024 
0 0 0 0 0 3 42 979 0 0 0 0 0 0 10 1014 0 0 0 0 0 0 1 1023 
0 0 0 0 0 147 154 723 0 0 0 0 0 0 169 855 0 0 0 0 0 0 0 1024 
0 0 0 0 0 0 47 977 0 0 0 0 0 0 12 1012 0 0 0 0 0 0 0 1024 
0 0 0 0 0 0 13 1011 0 0 0 0 0 0 0 1024 0 0 0 0 0 0 0 1024 
0 0 0 0 0 0 0 1024 0 0 0 0 0 0 0 1024 0 0 0 0 0 0 0 1024 
0 1 5 23 12 3 7 973 0 0 3 16 18 7 4 976 0 0 5 19 15 5 4 976 
0 0 23 214 109 9 16 653 0 0 3 104 198 48 10 661 0 0 6 189 148 12 10 659 
0 0 58 175 43 7 108 633 0 0 3 144 109 24 34 710 0 0 1 167 98 13 11 734 
0 0 0 0 0 0 317 707 0 0 0 0 0 0 179 845 0 0 0 0 0 0 15 1009 
0 0 0 0 0 0 408 616 0 0 0 0 0 0 279 745 0 0 0 0 0 0 96 928 
0 0 0 0 0 0 501 523 0 0 0 0 0 0 304 720 0 0 0 0 0 0 14 1010 
0 0 0 0 9 33 539 443 0 0 0 0 0 26 238 760 0 0 0 0 0 20 104 900 
0 0 0 12 67 95 321 529 0 0 0 0 39 96 220 669 0 0 0 0 10 81 188 745 
0 0 1 98 52 38 220 615 0 0 0 8 118 48 72 778 0 0 0 2 80 75 58 809 
0 0 0 2 0 2 17 1003 0 0 0 1 1 2 2 1018 0 0 0 1 1 2 0 1020 
0 0 2 45 9 3 10 955 0 0 0 12 42 5 5 960 0 0 0 7 41 9 4 963 
0 0 8 37 7 10 7 955 0 0 0 23 28 7 8 958 0 0 0 9 35 11 10 959 
0 0 1 59 30 11 6 917 0 0 0 14 74 8 9 919 0 0 0 10 72 13 8 921 
0 0 3 425 101 52 42 401 0 0 0 65 426 77 47 409 0 0 0 2 367 168 74 413 
0 0 2 531 324 63 38 66 0 0 0 56 700 145 48 75 0 0 0 5 616 251 68 84 
0 0 2 402 74 18 58 470 0 0 0 100 371 17 54 482 0 0 0 12 447 26 50 489 
0 0 6 140 19 8 51 800 0 0 0 50 111 8 15 840 0 0 0 12 144 12 8 848 
86 83 92 97 88 110 172 296 44 68 88 100 80 111 124 409 177 110 85 66 60 69 93 364 
18 31 38 28 29 394 294 192 7 19 27 33 36 25 522 355 71 20 18 24 21 19 38 813 
0 0 0 0 176 422 96 330 0 0 0 0 0 0 614 410 0 0 0 0 0 0 0 1024 
0 0 0 0 114 405 260 245 0 0 0 0 0 0 569 455 0 0 0 0 0 0 1 1023 
0 0 0 0 1 11 183 829 0 0 0 0 0 0 70 954 0 0 0 0 0 0 1 1023 
0 0 0 0 0 4 117 903 0 0 0 0 0 0 33 991 0 0 0 0 0 0 0 1024 
0 0 0 0 0 160 386 478 0 0 0 0 0 0 250 774 0 0 0 0 0 0 0 1024 
0 0 0 0 0 85 287 652 0 0 0 0 0 0 167 857 0 0 0 0 0 0 1 1023 
0 0 4 9 6 5 362 638 0 0 0 7 9 4 85 919 0 0 0 2 8 9 5 1000 
0 0 0 0 0 0 537 487 0 0 0 0 0 0 98 926 0 0 0 0 0 0 2 1022 
0 0 0 0 0 0 474 550 0 0 0 0 0 0 128 896 0 0 0 0 0 0 17 1007 
0 0 0 0 0 0 911 113 0 0 0 0 0 0 525 499 0 0 0 0 0 0 17 1007 
0 0 0 0 0 0 547 477 0 0 0 0 0 0 220 804 0 0 0 0 0 0 5 1019 
0 0 0 0 0 0 660 364 0 0 0 0 0 0 163 861 0 0 0 0 0 0 0 1024 
0 0 0 0 0 12 796 216 0 0 0 0 0 0 244 780 0 0 0 0 0 0 1 1023 
0 0 0 0 125 433 411 55 0 0 0 0 0 0 850 174 0 0 0 0 0 0 2 1022 
0 0 0 0 60 290 668 6 0 0 0 0 0 0 824 200 0 0 0 0 0 0 77 947 
0 0 0 0 0 10 732 282 0 0 0 0 0 0 358 666 0 0 0 0 0 0 20 1004 
0 0 0 0 0 0 189 835 0 0 0 0 0 0 16 1008 0 0 0 0 0 0 0 1024 
0 0 0 0 0 267 411 346 0 0 0 0 0 0 382 642 0 0 0 0 0 0 1 1023 
0 0 0 0 2 746 267 9 0 0 0 0 0 0 864 160 0 0 0 0 0 0 0 1024 
0 0 0 0 0 773 126 125 0 0 0 0 0 0 813 211 0 0 0 0 0 0 2 1022 
0 0 0 0 0 290 350 384 0 0 0 0 0 0 437 587 0 0 0 0 0 0 0 1024 
0 0 0 0 0 151 536 337 0 0 0 0 0 0 362 662 0 0 0 0 0 0 3 1021 
0 0 0 0 0 44 821 159 0 0 0 0 0 0 582 442 0 0 0 0 0 0 15 1009 
0 0 0 0 0 12 451 561 0 0 0 0 0 0 88 936 0 0 0 0 0 0 0 1024 
0 0 0 0 0 0 59 965 0 0 0 0 0 0 0 1024 0 0 0 0 0 0 0 1024 
0 0 0 0 0 0 105 919 0 0 0 0 0 0 0 1024 0 0 0 0 0 0 0 1024 
0 0 0 0 0 0 3 1021 0 0 0 0 0 0 0 1024 0 0 0 0 0 0 0 1024 
0 2 14 13 1 10 53 931 0 2 10 10 8 8 14 972 0 2 10 8 10 8 8 978 
0 2 65 29 11 14 10 893 0 0 30 61 11 15 11 896 0 0 47 48 8 17 9 895 
0 39 171 106 33 8 8 659 0 5 99 166 71 14 8 661 0 17 151 153 24 9 10 660 
0 87 331 111 11 8 10 466 0 4 237 260 37 4 14 468 0 10 259 239 30 4 13 469 
0 44 604 266 15 7 5 83 0 4 267 586 67 9 6 85 0 4 284 556 80 9 5 86 
0 14 438 550 22 0 0 0 0 2 114 720 188 0 0 0 0 1 138 725 160 0 0 0 
0 5 542 425 27 2 17 6 0 0 82 743 167 7 16 9 0 0 21 780 198 0 6 19 
0 8 568 117 41 38 252 0 0 0 215 431 71 37 262 8 0 0 8 584 108 42 248 34 
0 3 120 459 86 72 247 37 0 0 41 367 229 71 225 91 0 0 0 84 512 102 189 137 
0 0 8 507 76 145 181 107 0 0 0 391 161 144 146 182 0 0 0 0 526 145 146 207 
0 0 156 649 100 59 60 0 0 0 0 702 155 93 74 0 0 0 0 45 763 120 83 13 
0 0 48 884 88 4 0 0 0 0 0 502 503 19 0 0 0 0 0 16 960 46 2 0 
0 0 22 1002 0 0 0 0 0 0 0 698 326 0 0 0 0 0 0 0 1022 2 0 0 
0 0 31 872 37 3 12 69 0 0 1 464 468 7 10 74 0 0 0 29 891 19 5 80 
0 0 30 868 98 4 4 20 0 0 0 233 760 6 2 23 0 0 0 30 910 58 4 22 
0 0 151 866 7 0 0 0 0 0 0 591 432 1 0 0 0 0 0 11 995 17 1 0 
0 0 155 846 23 0 0 0 0 0 0 537 487 0 0 0 0 0 0 36 971 17 0 0 
0 0 94 878 52 0 0 0 0 0 0 434 584 6 0 0 0 0 0 102 906 16 0 0 
0 0 81 819 124 0 0 0 0 0 1 299 716 8 0 0 0 0 0 108 902 14 0 0 
0 0 137 854 33 0 0 0 0 0 1 502 521 0 0 0 0 0 0 225 795 4 0 0 
0 0 85 902 14 5 6 12 0 0 0 506 494 3 7 14 0 0 0 180 816 5 5 18 
136 169 177 132 112 117 111 70 35 148 183 148 137 116 113 144 397 159 116 94 62 42 63 91 
90 89 90 92 80 107 128 348 38 75 99 89 89 98 113 423 213 101 90 77 71 68 77 327 
1 2 11 52 87 125 470 276 0 1 7 13 73 97 327 506 8 5 7 17 40 127 119 701 
0 0 3 218 87 88 501 127 0 0 0 8 237 63 343 373 0 0 0 0 138 162 25 699 
0 0 215 167 15 72 555 0 0 0 1 162 220 16 561 64 0 0 0 1 263 121 51 588 
0 0 173 436 18 12 314 71 0 0 0 131 482 17 120 274 0 0 0 0 273 351 25 375 
0 0 40 532 24 27 322 79 0 0 0 49 528 22 87 338 0 0 0 0 218 365 20 421 
0 0 41 657 47 12 242 25 0 0 0 60 654 31 155 124 0 0 0 0 285 457 6 276 
0 0 386 581 21 7 19 10 0 0 0 420 552 17 9 26 0 0 0 0 699 290 6 29 
0 0 59 526 127 58 230 24 0 0 0 114 527 74 191 118 0 0 0 15 521 172 31 285 
0 0 34 503 70 63 310 44 0 0 0 40 536 32 284 132 0 0 0 13 230 356 42 383 
0 0 35 601 54 12 322 0 0 0 0 18 620 52 248 86 0 0 0 0 55 615 38 316 
0 0 21 550 70 31 295 57 0 0 0 11 568 62 165 218 0 0 0 0 25 594 22 383 
0 0 0 536 35 11 372 70 0 0 0 1 548 26 169 280 0 0 0 0 16 554 14 440 
0 0 0 420 15 104 424 61 0 0 0 4 419 14 314 273 0 0 0 0 17 413 15 579 
0 0 2 91 14 91 551 275 0 0 0 3 93 14 308 606 0 0 0 0 16 85 30 893 
0 0 0 0 0 334 418 272 0 0 0 0 0 0 566 458 0 0 0 0 0 0 247 777 
0 0 0 0 0 509 315 200 0 0 0 0 0 0 715 309 0 0 0 0 0 0 125 899 
0 0 0 0 0 292 553 179 0 0 0 0 0 0 601 423 0 0 0 0 0 0 22 1002 
0 0 0 0 0 372 613 39 0 0 0 0 0 0 660 364 0 0 0 0 0 0 3 1021 
0 0 0 0 0 384 592 48 0 0 0 0 0 0 650 374 0 0 0 0 0 0 6 1018 
0 0 0 0 0 215 724 85 0 0 0 0 0 0 577 447 0 0 0 0 0 0 3 1021 
0 0 0 0 0 63 900 61 0 0 0 0 0 0 518 506 0 0 0 0 0 0 1 1023 
0 0 0 0 0 9 747 268 0 0 0 0 0 0 406 618 0 0 0 0 0 0 2 1022 
0 0 0 0 0 20 554 450 0 0 0 0 0 0 138 886 0 0 0 0 0 0 0 1024 
0 0 0 0 0 0 792 232 0 0 0 0 0 0 286 738 0 0 0 0 0 0 4 1020 
0 2 35 24 10 11 640 302 0 0 17 40 13 8 177 769 0 2 39 18 10 9 10 936 
3 97 121 98 12 7 423 263 0 21 142 129 32 13 207 480 0 30 179 107 8 13 18 669 
12 539 94 20 10 10 150 189 2 140 490 27 13 8 19 325 1 35 579 39 17 8 14 331 
22 789 181 16 7 2 2 5 0 261 678 64 9 5 1 6 0 45 903 55 9 5 1 6 
11 586 328 91 8 0 0 0 0 174 552 274 19 5 0 0 0 68 735 208 13 0 0 0 
1 239 521 214 48 1 0 0 0 30 502 367 105 20 0 0 1 96 651 262 14 0 0 0 
3 422 507 88 4 0 0 0 0 86 715 200 23 0 0 0 0 94 805 125 0 0 0 0 
0 148 648 227 1 0 0 0 0 27 512 449 36 0 0 0 0 53 710 259 2 0 0 0 
4 527 458 35 0 0 0 0 0 96 762 165 1 0 0 0 0 67 815 142 0 0 0 0 
2 181 565 269 7 0 0 0 0 39 405 511 67 2 0 0 0 28 482 451 61 2 0 0 
0 82 670 262 10 0 0 0 0 8 316 604 94 2 0 0 0 4 209 690 120 1 0 0 
0 59 827 132 5 1 0 0 0 0 405 590 27 2 0 0 0 0 17 888 116 3 0 0 
0 25 672 323 4 0 0 0 0 0 187 781 55 1 0 0 0 0 15 670 338 1 0 0 
0 38 444 520 22 0 0 0 0 0 168 698 155 3 0 0 0 0 14 471 531 8 0 0 
0 0 297 591 136 0 0 0 0 0 10 624 378 12 0 0 0 0 2 173 813 36 0 0 
0 0 150 799 75 0 0 0 0 0 1 669 345 9 0 0 0 0 0 42 946 36 0 0 
0 0 124 686 214 0 0 0 0 0 2 563 436 23 0 0 0 0 0 91 912 21 0 0 
0 0 186 548 290 0 0 0 0 0 0 354 616 54 0 0 0 0 0 167 817 40 0 0 
0 0 347 603 74 0 0 0 0 0 6 637 377 4 0 0 0 0 0 184 825 15 0 0 
0 0 249 741 34 0 0 0 0 0 7 686 322 9 0 0 0 0 1 274 742 7 0 0 
0 1 43 583 393 4 0 0 0 0 6 239 721 58 0 0 0 0 4 262 739 19 0 0 
0 0 69 794 160 1 0 0 0 0 3 375 632 14 0 0 0 0 0 219 789 16 0 0 
0 0 142 814 68 0 0 0 0 0 20 453 548 3 0 0 0 0 1 294 725 4 0 0 
0 0 118 844 62 0 0 0 0 0 8 603 408 5 0 0 0 0 2 368 645 9 0 0 
414 273 180 70 43 27 11 6 123 405 226 147 49 41 21 12 643 204 90 48 18 12 7 2 
263 209 208 121 83 61 54 25 74 225 211 193 122 79 53 67 455 188 150 80 47 38 43 23 
44 131 185 330 257 66 5 6 14 49 182 191 363 197 20 8 173 151 149 109 251 164 18 9 
5 45 154 698 122 0 0 0 0 8 77 163 714 62 0 0 5 46 115 66 552 240 0 0 
1 36 288 642 57 0 0 0 0 3 64 292 644 21 0 0 1 28 104 101 624 166 0 0 
0 5 116 755 148 0 0 0 0 0 24 185 747 68 0 0 0 5 110 166 530 213 0 0 
0 6 103 766 148 1 0 0 0 0 29 221 712 62 0 0 0 10 76 247 503 188 0 0 
0 2 119 769 133 1 0 0 0 1 13 264 675 71 0 0 0 4 80 323 471 146 0 0 
1 4 123 768 128 0 0 0 0 2 18 309 635 60 0 0 1 7 58 343 534 81 0 0 
0 18 179 707 117 3 0 0 0 3 35 340 600 45 1 0 0 5 78 355 550 35 1 0 
0 13 170 650 188 3 0 0 0 0 34 276 626 88 0 0 0 2 125 332 541 24 0 0 
0 8 157 785 74 0 0 0 0 0 33 347 619 25 0 0 0 2 95 339 506 82 0 0 
0 20 179 718 107 0 0 0 0 4 37 373 558 52 0 0 0 0 90 431 261 241 1 0 
2 17 173 754 78 0 0 0 0 4 47 335 596 42 0 0 0 7 117 344 206 350 0 0 
2 19 206 732 65 0 0 0 0 3 67 260 668 26 0 0 0 7 133 301 172 411 0 0 
0 9 162 731 116 2 4 0 0 1 27 297 637 56 2 4 0 3 89 380 204 338 5 5 
0 24 250 535 123 53 39 0 0 0 60 373 456 45 61 29 0 2 104 427 232 156 18 85 
0 14 227 561 132 19 28 43 0 1 42 398 448 56 13 66 0 6 116 509 209 96 15 73 
0 11 132 626 133 10 57 55 0 1 27 369 488 20 19 100 0 0 29 491 278 104 10 112 
0 2 151 568 99 89 115 0 0 0 3 362 438 17 170 34 0 0 3 371 361 80 13 196 
0 1 138 526 71 18 256 14 0 0 6 361 355 20 222 60 0 0 11 418 272 35 11 277 
0 0 119 488 42 18 341 16 0 0 3 317 320 17 227 140 0 0 3 353 286 8 18 356 
0 1 232 403 35 12 325 16 0 0 11 388 267 12 162 184 0 0 1 300 361 11 13 338 
0 2 212 308 144 13 326 19 0 0 18 314 273 67 160 192 0 11 93 194 260 106 17 343 
0 23 263 281 92 6 241 118 0 5 112 326 168 51 103 259 0 26 314 90 95 131 19 349 
7 206 452 112 7 15 192 33 0 96 378 288 20 11 97 134 2 156 501 116 8 11 20 210 
17 304 559 133 3 2 3 3 1 149 509 351 5 2 4 3 4 229 670 111 2 2 3 3 
4 214 557 248 1 0 0 0 0 73 430 487 34 0 0 0 2 172 708 140 2 0 0 0 
0 394 524 106 0 0 0 0 0 92 660 254 18 0 0 0 0 229 701 94 0 0 0 0 
18 601 329 75 1 0 0 0 0 223 639 146 16 0 0 0 2 397 570 55 0 0 0 0 
7 369 474 162 12 0 0 0 0 162 527 285 50 0 0 0 9 370 575 70 0 0 0 0 
4 141 560 312 6 1 0 0 1 56 384 531 50 2 0 0 11 273 671 68 1 0 0 0 
10 382 482 150 0 0 0 0 2 150 529 328 15 0 0 0 6 289 706 23 0 0 0 0 
12 449 455 108 0 0 0 0 0 138 662 217 7 0 0 0 1 138 802 83 0 0 0 0 
1 220 532 265 6 0 0 0 0 45 545 401 33 0 0 0 0 61 688 272 3 0 0 0 
3 261 478 262 20 0 0 0 1 64 564 349 46 0 0 0 0 67 688 264 5 0 0 0 
4 300 483 231 6 0 0 0 1 95 509 391 28 0 0 0 2 129 710 181 2 0 0 0 
7 314 478 223 2 0 0 0 1 88 513 394 28 0 0 0 0 108 584 311 21 0 0 0 
0 28 445 531 20 0 0 0 0 3 169 749 100 3 0 0 0 27 317 608 71 1 0 0 
0 66 490 433 30 5 0 0 0 3 301 618 88 14 0 0 0 8 318 612 78 8 0 0 
0 64 486 395 79 0 0 0 0 1 240 670 104 9 0 0 0 3 198 709 112 2 0 0 
0 13 346 528 135 2 0 0 0 0 78 682 249 15 0 0 0 0 122 533 356 13 0 0 
0 3 415 551 55 0 0 0 0 1 54 796 168 5 0 0 0 1 141 578 301 3 0 0 
0 3 479 474 65 3 0 0 0 0 70 750 183 21 0 0 0 1 137 595 284 7 0 0 
0 1 246 614 158 5 0 0 0 0 38 581 367 38 0 0 0 0 55 544 409 16 0 0 
0 1 153 793 75 2 0 0 0 0 37 615 362 9 1 0 0 0 61 592 362 8 1 0 
0 1 96 647 272 8 0 0 0 0 23 341 591 69 0 0 0 0 38 523 451 12 0 0 
0 1 111 552 347 13 0 0 0 0 22 324 562 113 3 0 0 0 34 523 452 15 0 0 
0 0 71 696 246 11 0 0 0 0 6 392 570 55 1 0 0 0 31 549 436 8 0 0 
0 0 323 670 31 0 0 0 0 0 8 869 140 7 0 0 0 0 4 775 242 3 0 0 
371 294 122 88 78 37 22 12 92 378 247 121 93 55 24 14 766 163 60 22 8 3 2 0 
315 267 180 114 66 40 31 11 94 277 278 152 110 56 26 31 534 220 127 66 44 18 12 3 
89 253 272 163 104 60 34 49 16 123 295 243 136 82 55 74 390 252 172 89 48 38 31 4 
45 228 406 210 65 35 23 12 12 72 350 355 117 62 25 31 192 347 336 96 38 12 3 0 
11 279 532 170 25 5 2 0 3 45 528 343 81 19 3 2 41 290 604 80 7 2 0 0 
9 119 424 393 79 0 0 0 1 27 239 457 265 35 0 0 12 235 603 170 4 0 0 0 
7 138 424 402 53 0 0 0 0 33 259 470 247 15 0 0 9 209 556 242 8 0 0 0 
1 61 339 582 41 0 0 0 0 13 170 645 190 6 0 0 3 63 553 401 4 0 0 0 
1 31 387 562 43 0 0 0 0 4 122 654 237 7 0 0 1 68 625 327 3 0 0 0 
3 64 375 499 77 6 0 0 0 22 137 531 296 37 1 0 5 110 608 290 11 0 0 0 
8 73 321 488 134 0 0 0 0 26 144 472 344 38 0 0 4 92 495 412 21 0 0 0 
12 140 415 372 85 0 0 0 2 50 241 424 278 29 0 0 4 108 489 394 29 0 0 0 
4 81 418 482 39 0 0 0 0 22 191 556 246 9 0 0 0 30 466 519 9 0 0 0 
5 65 363 524 67 0 0 0 0 21 145 521 328 9 0 0 2 54 495 441 32 0 0 0 
0 42 299 570 112 1 0 0 0 10 110 484 397 23 0 0 0 62 577 363 22 0 0 0 
2 27 358 576 60 1 0 0 0 5 76 559 376 8 0 0 0 20 423 554 27 0 0 0 
1 29 217 616 160 1 0 0 0 4 68 379 540 33 0 0 0 13 262 672 76 1 0 0 
0 12 277 662 72 1 0 0 0 0 54 522 426 22 0 0 0 3 174 770 77 0 0 0 
0 17 386 564 55 2 0 0 0 2 107 665 238 12 0 0 0 3 107 815 98 1 0 0 
0 3 274 668 79 0 0 0 0 0 47 631 334 12 0 0 0 2 86 784 151 1 0 0 
1 69 352 531 71 0 0 0 0 24 178 542 252 28 0 0 0 55 236 568 162 3 0 0 
1 48 482 454 39 0 0 0 0 11 302 552 147 12 0 0 1 74 432 408 109 0 0 0 
2 145 465 374 38 0 0 0 0 59 353 491 114 7 0 0 2 149 564 247 62 0 0 0 
23 474 461 65 1 0 0 0 2 247 548 219 8 0 0 0 7 421 536 60 0 0 0 0 
11 251 534 226 2 0 0 0 0 119 478 400 27 0 0 0 5 252 623 143 1 0 0 0 
9 177 628 208 2 0 0 0 0 80 473 448 23 0 0 0 3 214 683 123 1 0 0 0 
21 454 409 137 2 1 0 0 2 246 520 237 18 1 0 0 7 398 555 63 1 0 0 0 
6 347 520 145 6 0 0 0 0 139 573 281 31 0 0 0 13 378 533 98 2 0 0 0 
21 243 413 317 30 0 0 0 1 135 397 390 101 0 0 0 18 245 548 210 3 0 0 0 
43 287 342 335 17 0 0 0 7 204 316 414 83 0 0 0 12 355 544 113 0 0 0 0 
0 16 319 635 54 0 0 0 0 5 141 673 201 4 0 0 3 112 753 156 0 0 0 0 
2 32 322 559 108 1 0 0 0 12 121 548 327 16 0 0 11 209 615 185 4 0 0 0 
33 178 349 368 94 2 0 0 5 94 282 391 217 34 1 0 33 259 497 219 16 0 0 0 
61 275 433 225 30 0 0 0 12 183 419 321 84 5 0 0 37 337 485 146 19 0 0 0 
1 229 538 211 44 1 0 0 0 34 571 326 82 11 0 0 10 156 715 134 9 0 0 0 
1 321 594 99 9 0 0 0 0 31 773 198 22 0 0 0 1 88 847 88 0 0 0 0 
6 401 529 83 5 0 0 0 0 104 776 130 14 0 0 0 3 135 808 76 2 0 0 0 
23 508 419 73 1 0 0 0 1 159 713 144 7 0 0 0 4 182 766 71 1 0 0 0 
2 506 465 50 1 0 0 0 0 107 795 116 6 0 0 0 0 132 842 50 0 0 0 0 
2 423 531 68 0 0 0 0 0 126 722 175 1 0 0 0 2 290 705 27 0 0 0 0 
3 518 410 93 0 0 0 0 0 122 698 194 10 0 0 0 0 218 739 66 1 0 0 0 
0 186 616 221 1 0 0 0 0 21 569 420 14 0 0 0 0 82 745 194 3 0 0 0 
0 219 699 106 0 0 0 0 0 87 540 392 5 0 0 0 1 121 747 155 0 0 0 0 
0 117 728 179 0 0 0 0 0 16 545 458 5 0 0 0 0 34 735 254 1 0 0 0 
0 44 671 301 8 0 0 0 0 8 361 593 62 0 0 0 0 51 629 340 4 0 0 0 
0 68 633 312 11 0 0 0 0 5 492 504 23 0 0 0 0 18 745 257 4 0 0 0 
0 38 481 394 89 14 7 1 0 7 282 519 172 33 7 4 38 81 510 343 45 3 4 0 
15 114 265 384 184 51 6 5 4 45 166 359 307 111 23 9 221 243 272 219 57 9 2 1 
0 16 231 564 201 12 0 0 0 5 124 518 337 38 2 0 0 39 442 480 60 3 0 0 
3 92 271 523 133 2 0 0 0 44 214 536 217 13 0 0 5 119 437 422 41 0 0 0 
231 224 180 205 151 30 3 0 66 195 220 185 175 152 28 3 690 238 77 17 1 1 0 0 
106 195 213 226 214 58 8 4 10 134 202 263 253 119 34 9 677 236 57 26 18 8 2 0 
167 149 184 167 141 94 76 46 61 143 169 188 158 129 89 87 409 196 168 99 63 56 32 1 
148 223 186 162 133 97 49 26 49 149 212 168 175 119 74 78 406 226 160 128 61 32 8 3 
89 488 338 88 15 2 2 2 9 200 446 269 83 11 3 3 121 592 287 18 5 1 0 0 
44 381 420 173 6 0 0 0 1 154 455 318 95 1 0 0 62 487 435 40 0 0 0 0 
42 396 452 133 1 0 0 0 3 212 414 308 87 0 0 0 71 521 412 20 0 0 0 0 
39 316 463 185 21 0 0 0 2 117 450 353 99 3 0 0 59 387 480 97 1 0 0 0 
107 299 367 204 45 2 0 0 11 157 350 331 155 20 0 0 61 366 488 108 1 0 0 0 
58 374 300 276 16 0 0 0 13 183 334 338 152 4 0 0 30 411 479 103 1 0 0 0 
24 163 410 411 16 0 0 0 0 60 243 456 262 3 0 0 8 165 672 178 1 0 0 0 
31 112 387 431 63 0 0 0 6 45 211 411 320 31 0 0 16 135 599 272 2 0 0 0 
25 128 383 459 29 0 0 0 1 63 193 430 332 5 0 0 14 160 553 294 3 0 0 0 
39 241 392 305 47 0 0 0 4 128 269 403 201 19 0 0 21 238 532 229 4 0 0 0 
12 109 360 474 68 1 0 0 1 38 165 447 343 30 0 0 15 186 517 300 6 0 0 0 
43 139 414 376 51 1 0 0 3 74 209 477 232 28 1 0 17 210 460 328 9 0 0 0 
208 345 220 226 24 1 0 0 13 410 194 265 124 15 3 0 14 433 310 244 17 5 1 0 
78 599 234 108 5 0 0 0 7 387 416 181 32 1 0 0 26 455 408 133 2 0 0 0 
37 265 371 303 48 0 0 0 8 148 391 331 136 10 0 0 42 294 518 166 4 0 0 0 
9 217 447 319 32 0 0 0 0 79 449 393 102 1 0 0 11 287 578 140 8 0 0 0 
2 287 467 240 28 0 0 0 0 112 531 332 49 0 0 0 3 276 647 97 1 0 0 0 
15 147 441 358 63 0 0 0 4 73 334 428 184 1 0 0 17 296 558 153 0 0 0 0 
14 373 333 280 24 0 0 0 0 260 334 356 71 3 0 0 14 402 514 93 1 0 0 0 
9 368 263 342 42 0 0 0 0 185 387 357 91 4 0 0 21 351 525 126 1 0 0 0 
28 187 399 344 62 4 0 0 12 99 329 425 135 24 0 0 49 272 504 188 9 2 0 0 
4 74 334 421 186 5 0 0 0 38 252 437 256 40 1 0 19 178 602 218 7 0 0 0 
5 71 232 504 209 3 0 0 1 43 125 450 374 30 1 0 42 297 514 168 3 0 0 0 
3 44 340 504 128 5 0 0 0 8 158 516 316 26 0 0 42 316 510 155 1 0 0 0 
28 130 361 394 111 0 0 0 8 65 238 424 257 32 0 0 76 326 480 139 3 0 0 0 
22 183 399 379 40 1 0 0 5 93 332 459 125 10 0 0 42 274 540 162 6 0 0 0 
17 93 487 410 17 0 0 0 5 63 341 489 125 1 0 0 28 182 679 133 2 0 0 0 
2 50 269 553 134 16 0 0 0 7 113 397 414 85 7 1 37 303 567 114 3 0 0 0 
7 99 391 397 121 9 0 0 0 20 168 454 283 94 5 0 66 332 491 128 7 0 0 0 
42 143 277 386 156 19 1 0 6 75 172 364 297 102 8 0 104 320 453 134 13 0 0 0 
52 159 350 365 90 8 0 0 7 97 217 390 260 46 7 0 89 325 454 147 9 0 0 0 
37 158 352 402 75 0 0 0 4 75 235 432 244 34 0 0 79 324 478 140 3 0 0 0 
26 150 401 344 95 8 0 0 5 70 267 456 185 39 2 0 75 353 512 84 0 0 0 0 
6 184 488 281 64 1 0 0 1 60 436 352 154 20 1 0 35 287 598 99 5 0 0 0 
36 322 449 178 35 4 0 0 3 176 491 249 80 23 2 0 31 433 503 56 1 0 0 0 
10 512 411 82 9 0 0 0 0 178 630 178 37 1 0 0 25 519 465 15 0 0 0 0 
25 650 291 58 0 0 0 0 0 260 601 130 33 0 0 0 15 586 423 0 0 0 0 0 
16 538 353 97 20 0 0 0 0 152 612 153 89 18 0 0 34 500 490 0 0 0 0 0 
18 436 529 41 0 0 0 0 1 127 661 218 17 0 0 0 51 657 307 9 0 0 0 0 
27 625 334 35 3 0 0 0 0 215 672 131 6 0 0 0 32 658 314 20 0 0 0 0 
39 477 349 155 3 1 0 0 1 187 528 265 41 2 0 0 50 520 368 84 2 0 0 0 
44 406 460 107 7 0 0 0 0 159 559 243 59 4 0 0 43 352 570 59 0 0 0 0 
91 360 340 179 50 3 1 0 25 189 400 279 106 23 1 1 256 340 343 75 8 1 1 0 
122 380 330 139 45 6 2 0 32 226 392 246 96 25 6 1 395 344 234 41 10 0 0 0 
22 338 351 237 75 1 0 0 0 105 482 281 144 12 0 0 37 416 493 77 1 0 0 0 
38 439 456 90 1 0 0 0 3 176 604 222 19 0 0 0 52 508 451 13 0 0 0 0 
501 210 185 106 17 0 4 1 301 282 198 157 72 9 1 4 632 217 136 33 1 4 1 0 
329 218 196 147 75 40 14 5 90 282 205 184 139 81 29 14 671 207 98 32 8 4 4 0 
145 194 197 190 135 100 53 10 58 156 198 193 160 134 82 43 510 209 152 91 42 17 3 0 
204 221 241 175 82 49 34 18 66 204 213 224 157 67 45 48 358 288 199 89 51 25 13 1 
122 237 263 286 76 16 12 12 21 162 233 268 253 51 15 21 192 302 322 161 30 9 8 0 
282 385 267 70 18 2 0 0 49 363 309 225 56 20 2 0 211 512 239 59 3 0 0 0 
77 258 396 264 29 0 0 0 14 105 241 428 208 28 0 0 84 343 477 114 6 0 0 0 
66 156 304 380 114 4 0 0 11 90 173 265 284 186 15 0 64 188 604 162 6 0 0 0 
21 135 352 402 110 4 0 0 2 45 145 369 284 176 3 0 28 311 495 167 21 2 0 0 
70 122 300 418 110 4 0 0 10 91 129 287 320 179 8 0 80 412 444 83 4 1 0 0 
101 171 293 380 78 1 0 0 54 85 187 299 246 149 4 0 111 320 475 111 7 0 0 0 
53 212 440 276 43 0 0 0 19 63 188 463 211 78 2 0 77 399 438 109 1 0 0 0 
78 274 386 192 84 10 0 0 10 114 299 358 181 62 0 0 85 374 456 98 11 0 0 0 
110 301 364 165 78 6 0 0 34 195 286 301 166 42 0 0 71 428 460 64 1 0 0 0 
84 312 384 200 44 0 0 0 20 129 334 399 130 12 0 0 92 405 467 60 0 0 0 0 
161 361 392 98 9 2 0 1 25 230 388 341 33 6 0 1 124 438 399 54 6 2 0 1 
75 281 396 166 105 1 0 0 14 121 283 377 192 36 1 0 97 404 470 53 0 0 0 0 
159 349 330 159 27 0 0 0 30 261 322 275 120 16 0 0 135 476 373 40 0 0 0 0 
133 450 133 134 155 19 0 0 33 342 273 88 108 170 10 0 179 584 223 38 0 0 0 0 
213 315 174 254 66 2 0 0 75 279 237 135 157 140 1 0 230 438 312 42 2 0 0 0 
101 560 277 84 2 0 0 0 21 357 442 173 30 1 0 0 142 678 187 16 1 0 0 0 
138 362 293 204 26 1 0 0 25 324 330 278 62 4 1 0 104 517 344 56 3 0 0 0 
144 333 274 237 30 2 2 2 48 320 279 284 85 4 1 3 113 498 355 47 4 3 2 2 
67 338 407 185 23 0 1 3 6 223 375 318 89 9 0 4 99 571 301 47 2 0 2 2 
44 162 308 347 159 4 0 0 8 85 211 304 272 139 5 0 105 466 403 48 2 0 0 0 
11 86 193 389 317 28 0 0 1 21 108 234 328 295 37 0 119 498 357 50 0 0 0 0 
33 94 216 433 240 8 0 0 5 49 100 278 390 192 10 0 128 498 346 51 1 0 0 0 
51 157 311 418 86 1 0 0 10 91 167 356 359 40 1 0 145 449 371 58 1 0 0 0 
17 98 323 455 127 4 0 0 1 34 182 321 401 83 2 0 90 388 475 68 3 0 0 0 
60 194 314 352 102 2 0 0 13 94 247 308 305 55 2 0 137 400 420 65 2 0 0 0 
68 354 375 206 21 0 0 0 6 201 361 374 80 2 0 0 84 549 365 26 0 0 0 0 
58 293 357 277 38 1 0 0 10 164 254 334 227 35 0 0 114 529 356 23 2 0 0 0 
53 221 354 336 59 1 0 0 8 88 247 341 303 36 1 0 102 432 440 48 2 0 0 0 
48 174 412 277 96 16 1 0 6 84 236 414 190 87 7 0 52 368 477 113 12 2 0 0 
55 185 241 267 214 62 0 0 11 128 178 251 192 203 61 0 59 303 446 183 33 0 0 0 
20 87 205 364 295 53 0 0 8 49 120 236 350 226 35 0 61 263 445 226 29 0 0 0 
48 317 254 208 170 27 0 0 4 193 230 236 210 123 28 0 60 572 365 27 0 0 0 0 
27 125 215 363 230 63 1 0 5 71 147 259 294 208 39 1 51 381 492 89 10 1 0 0 
40 90 172 367 294 56 5 0 14 59 107 231 281 306 26 0 84 341 381 173 42 3 0 0 
36 267 326 220 147 24 4 0 3 93 345 308 197 71 7 0 67 428 383 126 20 0 0 0 
20 285 444 211 60 4 0 0 1 36 420 410 132 25 0 0 42 480 450 50 2 0 0 0 
40 103 421 293 148 19 0 0 15 40 296 353 239 76 5 0 83 291 498 139 11 1 1 0 
52 157 372 251 100 65 26 1 10 88 225 390 196 87 26 2 44 430 399 74 17 38 22 0 
82 153 293 241 155 81 13 6 13 115 176 369 201 116 27 7 81 366 369 160 17 16 14 1 
63 218 262 299 164 17 1 0 7 90 259 394 216 52 6 0 87 397 471 56 2 10 1 0 
28 258 561 155 21 0 1 0 0 68 513 385 51 6 1 0 57 503 440 21 2 1 0 0 
225 439 207 98 43 11 0 1 44 361 343 158 80 33 4 1 486 346 130 35 21 5 0 1 
41 271 410 210 72 16 4 0 11 82 297 369 188 63 11 3 321 425 211 54 12 1 0 0 
79 344 443 103 29 25 1 0 8 175 387 338 72 36 8 0 105 655 199 33 17 14 1 0 
137 440 376 67 1 3 0 0 15 266 477 242 21 1 2 0 92 721 173 27 8 1 2 0 
317 230 199 155 84 29 7 3 131 262 220 200 134 50 18 9 631 183 133 52 15 8 2 0 
321 264 208 170 53 3 5 0 43 270 268 203 177 56 1 6 626 222 138 29 6 3 0 0 
251 313 211 109 78 47 14 1 113 195 296 224 90 67 27 12 607 205 127 56 25 4 0 0 
164 230 308 174 88 32 20 8 37 149 248 265 170 90 36 29 324 317 237 84 38 17 6 1 
29 40 148 405 272 97 33 0 3 23 49 134 468 324 22 1 44 115 490 296 69 10 0 0 
3 8 130 460 406 16 1 0 1 2 5 148 630 236 2 0 8 38 582 395 1 0 0 0 
0 9 364 508 136 7 0 0 0 0 31 449 498 46 0 0 1 187 676 147 10 3 0 0 
5 24 303 442 195 51 4 0 0 3 13 202 577 199 30 0 13 383 470 141 17 0 0 0 
13 265 318 309 99 18 2 0 0 18 182 365 350 101 8 0 42 457 409 96 17 3 0 0 
25 531 298 151 19 0 0 0 0 17 485 350 120 52 0 0 154 716 129 11 14 0 0 0 
13 320 335 208 110 18 20 0 0 35 213 437 241 73 25 0 216 480 214 68 13 12 11 10 
13 124 327 348 74 67 70 1 11 87 76 269 371 132 75 3 109 472 224 58 26 49 65 21 
2 161 222 243 213 93 84 6 0 3 76 255 333 241 104 12 124 481 170 97 36 82 28 6 
48 68 167 349 229 81 75 7 11 73 57 86 315 376 97 9 193 418 204 58 48 61 39 3 
10 55 329 324 201 55 29 21 1 15 92 210 444 193 63 6 251 369 214 109 24 30 21 6 
17 100 304 312 134 71 33 53 3 34 106 324 353 87 85 32 92 311 360 102 34 35 46 44 
78 266 269 121 111 37 44 98 33 73 146 293 235 100 76 68 147 422 208 71 22 48 55 51 
185 225 355 192 49 17 1 0 70 217 169 248 237 83 0 0 204 612 154 44 10 0 0 0 
207 454 314 48 1 0 0 0 70 301 469 174 10 0 0 0 195 664 150 13 2 0 0 0 
287 459 186 84 8 0 0 0 99 436 358 109 22 0 0 0 251 582 158 17 13 3 0 0 
259 692 73 0 0 0 0 0 82 564 373 5 0 0 0 0 216 728 80 0 0 0 0 0 
253 570 176 15 5 3 2 0 89 496 361 67 2 5 3 1 235 665 108 6 5 3 2 0 
108 327 439 112 13 12 12 1 29 189 301 457 19 12 12 5 136 616 156 58 22 15 14 7 
334 468 122 16 6 41 33 4 105 544 208 80 8 32 41 6 303 567 60 10 5 22 50 7 
330 388 176 60 16 36 15 3 102 427 255 125 56 32 22 5 338 491 103 19 16 23 28 6 
388 390 162 84 0 0 0 0 185 426 183 135 93 2 0 0 339 604 80 1 0 0 0 0 
78 422 283 175 64 2 0 0 17 182 311 320 160 34 0 0 203 654 148 18 1 0 0 0 
36 332 272 233 149 2 0 0 21 24 208 302 374 95 0 0 228 457 296 43 0 0 0 0 
35 275 131 166 282 67 63 5 18 29 236 206 347 177 11 0 210 277 340 192 5 0 0 0 
15 312 123 278 190 62 44 0 12 20 241 233 340 178 0 0 284 229 386 91 34 0 0 0 
66 294 510 128 26 0 0 0 31 46 270 496 166 15 0 0 180 586 253 5 0 0 0 0 
53 193 396 184 173 25 0 0 16 64 125 364 288 167 0 0 128 543 348 5 0 0 0 0 
61 115 460 292 90 6 0 0 19 83 98 207 496 120 1 0 222 517 257 26 1 1 0 0 
39 620 284 50 23 5 0 3 10 89 496 365 35 21 5 3 199 640 141 34 5 0 2 3 
116 484 343 72 9 0 0 0 25 128 378 439 48 6 0 0 300 575 115 34 0 0 0 0 
47 466 325 134 50 2 0 0 18 52 196 650 100 8 0 0 390 419 136 61 17 1 0 0 
109 531 281 96 7 0 0 0 24 142 351 467 40 0 0 0 382 502 120 20 0 0 0 0 
63 454 299 201 7 0 0 0 9 91 328 497 86 13 0 0 345 483 142 52 2 0 0 0 
38 639 196 110 41 0 0 0 3 48 491 399 68 15 0 0 450 391 136 45 2 0 0 0 
57 703 250 14 0 0 0 0 3 83 803 131 4 0 0 0 469 404 150 1 0 0 0 0 
52 664 266 34 8 0 0 0 0 109 749 150 15 1 0 0 379 458 128 46 13 0 0 0 
57 615 145 65 110 32 0 0 1 96 587 165 109 61 5 0 435 328 56 41 80 61 23 0 
81 617 80 44 124 74 4 0 12 141 582 83 115 81 10 0 318 425 42 64 98 69 8 0 
83 418 251 35 37 113 86 1 16 178 382 206 29 135 74 4 251 426 80 31 35 98 98 5 
87 370 335 89 34 55 54 0 11 166 449 245 39 66 48 0 205 367 229 98 17 57 51 0 
101 422 263 190 44 3 1 0 24 194 462 230 104 7 3 0 156 464 248 147 7 2 0 0 
412 380 119 78 29 6 0 0 154 513 173 100 60 18 6 0 629 272 88 29 6 0 0 0 
126 388 330 129 41 8 2 0 15 216 402 245 99 39 7 1 386 421 167 42 5 3 0 0 
65 302 440 131 61 24 1 0 10 138 435 312 83 40 6 0 206 502 186 74 39 17 0 0 
54 288 416 127 73 57 9 0 14 126 332 339 112 77 24 0 267 475 101 38 44 58 40 1 
240 290 217 141 81 28 16 11 110 280 245 182 94 69 24 20 611 210 119 48 22 6 6 2 
100 271 263 210 101 53 13 13 35 185 263 232 169 80 41 19 596 236 114 48 16 8 5 1 
221 304 207 127 74 40 24 27 95 220 280 188 105 73 25 38 573 219 113 54 22 17 17 9 
163 262 232 175 95 57 22 18 51 171 243 221 167 74 58 39 374 301 160 95 58 22 12 2 
141 244 283 197 109 31 16 3 47 147 249 274 166 96 25 20 316 356 217 96 25 12 2 0 
49 91 189 455 186 39 11 4 7 55 145 440 240 102 18 17 149 173 479 166 32 19 6 0 
1 249 452 257 51 9 5 0 0 1 95 637 276 9 3 3 17 614 323 38 18 9 2 3 
23 205 479 247 60 10 0 0 5 25 142 496 290 66 0 0 66 609 297 51 1 0 0 0 
88 139 444 290 63 0 0 0 22 82 118 400 376 26 0 0 105 603 300 15 1 0 0 0 
45 178 744 54 3 0 0 0 2 40 150 705 127 0 0 0 117 810 95 2 0 0 0 0 
29 191 343 188 106 159 8 0 4 40 175 442 164 176 23 0 73 392 268 109 32 114 36 0 
22 319 253 97 93 221 19 0 24 319 80 193 113 266 29 0 69 452 106 93 108 185 10 1 
16 487 360 105 21 32 3 0 6 43 457 351 122 36 9 0 150 632 114 68 15 29 13 3 
73 623 254 20 2 20 31 1 9 98 517 323 25 17 33 2 420 508 30 12 2 3 44 5 
41 529 255 71 2 8 92 26 0 23 423 319 107 39 90 23 552 315 13 18 6 17 54 49 
35 426 143 265 32 15 35 73 0 9 351 155 150 230 92 37 441 416 36 8 17 21 59 26 
2 268 317 220 127 12 15 63 0 0 168 270 275 206 71 34 425 344 56 40 82 15 33 29 
0 43 292 336 303 49 0 1 0 0 74 372 319 250 8 1 183 188 206 193 198 49 6 1 
24 274 278 143 185 98 21 1 0 22 405 237 187 119 48 6 217 282 176 62 106 103 61 17 
148 352 183 147 125 64 4 1 40 176 314 181 195 90 27 1 352 307 52 39 74 144 48 8 
232 363 294 98 31 5 1 0 68 323 298 252 59 20 3 1 309 516 156 36 6 0 1 0 
125 759 137 3 0 0 0 0 29 205 708 82 0 0 0 0 143 840 40 1 0 0 0 0 
63 420 57 32 240 210 2 0 8 75 366 97 41 377 59 1 71 406 40 23 26 72 351 35 
147 540 179 20 17 109 10 2 23 266 486 106 10 77 53 3 224 549 99 11 7 26 104 4 
493 314 190 18 4 3 2 0 326 301 327 60 4 2 3 1 527 424 58 4 6 1 3 1 
140 467 356 58 1 1 1 0 62 158 332 468 2 1 1 0 498 442 80 1 1 1 1 0 
114 740 156 13 1 0 0 0 42 161 678 138 4 1 0 0 644 342 36 2 0 0 0 0 
236 690 98 0 0 0 0 0 102 248 622 52 0 0 0 0 696 322 6 0 0 0 0 0 
39 630 355 0 0 0 0 0 0 67 616 341 0 0 0 0 797 224 3 0 0 0 0 0 
13 435 492 83 1 0 0 0 0 36 422 467 95 4 0 0 606 391 27 0 0 0 0 0 
0 39 154 412 415 4 0 0 0 0 25 251 397 290 61 0 316 315 272 120 1 0 0 0 
0 74 192 435 317 6 0 0 0 8 83 299 289 256 89 0 332 407 230 51 4 0 0 0 
4 235 247 243 61 195 39 0 0 23 209 238 198 356 0 0 304 374 70 36 56 184 0 0 
0 40 369 246 20 21 288 40 0 0 14 238 421 137 214 0 277 302 91 12 26 316 0 0 
0 24 339 326 58 28 156 93 0 2 54 277 339 124 221 7 221 293 208 41 25 185 51 0 
2 52 385 399 162 17 2 5 0 2 118 431 381 85 6 1 262 244 289 134 69 21 5 0 
31 386 286 97 125 99 0 0 2 98 376 300 92 156 0 0 271 339 109 83 60 160 2 0 
90 429 147 150 171 37 0 0 7 142 433 203 190 49 0 0 348 285 86 104 131 70 0 0 
55 409 236 113 172 39 0 0 3 118 406 238 201 58 0 0 446 249 61 112 97 52 7 0 
73 321 318 157 128 27 0 0 0 113 368 331 156 52 4 0 379 281 121 107 94 39 3 0 
50 421 247 119 187 0 0 0 0 79 418 297 229 1 0 0 398 299 57 99 171 0 0 0 
32 757 186 35 14 0 0 0 0 53 750 194 26 1 0 0 489 442 63 19 11 0 0 0 
16 692 291 17 8 0 0 0 0 41 727 234 17 5 0 0 357 576 64 16 11 0 0 0 
15 479 351 82 66 31 0 0 0 37 468 375 78 57 9 0 267 420 170 61 61 36 9 0 
60 384 363 100 85 32 0 0 9 82 405 341 121 63 3 0 237 382 239 57 62 46 1 0 
184 225 252 196 111 55 1 0 86 156 203 228 202 141 8 0 373 299 197 55 37 44 18 1 
428 401 133 43 18 1 0 0 122 538 216 95 38 14 1 0 693 268 51 11 1 0 0 0 
180 388 273 143 33 6 0 1 33 254 324 256 123 29 4 1 580 286 128 24 3 2 1 0 
86 230 335 251 96 26 0 0 21 104 249 311 244 87 8 0 351 349 186 80 30 14 14 0 
77 279 406 210 44 8 0 0 10 112 332 367 180 20 3 0 393 418 173 32 7 1 0 0 
236 255 207 144 120 43 14 5 87 226 245 174 151 89 37 15 580 215 113 80 25 8 3 0 
328 236 171 140 92 39 13 5 86 317 208 177 120 79 27 10 647 189 104 56 17 8 3 0 
212 263 213 134 90 42 42 28 99 247 231 173 125 65 37 47 593 174 118 60 37 25 10 7 
103 143 206 183 155 83 66 85 73 117 186 167 164 117 91 109 391 208 178 101 64 40 27 15 
209 191 199 155 124 68 52 26 83 172 174 186 139 124 69 77 396 213 160 111 65 46 24 9 
161 197 216 208 147 48 35 12 46 143 188 199 208 134 60 46 362 268 220 96 41 27 9 1 
146 171 345 206 82 34 30 10 40 122 147 292 255 85 41 42 337 368 207 55 36 15 6 0 
2 89 488 218 173 54 0 0 0 0 31 422 435 131 5 0 204 430 323 65 2 0 0 0 
6 480 324 146 61 7 0 0 0 4 274 445 271 30 0 0 351 559 97 15 2 0 0 0 
6 501 378 113 26 0 0 0 0 6 217 534 267 0 0 0 445 492 80 7 0 0 0 0 
14 388 271 180 35 41 80 15 0 12 94 501 266 111 32 8 407 347 114 10 21 95 25 5 
56 173 443 240 50 17 45 0 16 41 47 377 410 100 29 4 285 402 216 57 22 30 12 0 
49 188 565 180 34 8 0 0 5 27 68 488 368 53 15 0 281 553 147 36 7 0 0 0 
24 430 485 60 23 2 0 0 1 10 118 670 186 28 11 0 538 413 57 15 1 0 0 0 
7 834 182 1 0 0 0 0 0 0 434 576 14 0 0 0 696 328 0 0 0 0 0 0 
26 550 318 18 5 68 39 0 0 18 386 479 33 81 26 1 585 303 23 6 4 92 11 0 
8 404 310 16 16 248 22 0 0 24 212 495 24 249 20 0 472 242 17 17 19 240 17 0 
2 279 395 83 21 130 105 9 0 5 101 454 208 161 95 0 361 380 37 6 10 223 7 0 
0 16 380 142 103 177 133 73 0 0 13 77 424 226 270 14 120 388 117 17 56 144 177 5 
35 40 191 234 225 289 10 0 20 36 26 113 306 434 88 1 110 292 150 93 184 133 51 11 
178 107 352 235 110 41 1 0 120 121 89 416 160 112 6 0 343 388 120 62 71 40 0 0 
56 440 195 173 85 73 2 0 4 117 422 299 101 72 9 0 101 573 184 84 38 41 3 0 
22 840 119 33 2 7 1 0 4 20 744 166 78 8 4 0 45 905 61 3 2 2 5 1 
224 420 51 20 21 259 29 0 78 250 297 74 24 146 152 3 255 418 22 12 17 48 248 4 
103 513 46 148 85 118 11 0 17 139 478 93 134 126 36 1 236 380 35 30 153 121 68 1 
31 558 289 57 21 52 16 0 10 37 619 257 24 50 26 1 274 520 114 19 18 36 41 2 
43 438 333 133 29 32 15 1 2 103 473 354 36 31 24 1 403 415 104 27 20 31 22 2 
84 896 33 9 1 0 1 0 7 166 826 22 1 1 1 0 797 219 2 4 1 1 0 0 
28 956 39 1 0 0 0 0 0 88 920 16 0 0 0 0 838 185 1 0 0 0 0 0 
22 706 287 8 0 1 0 0 2 53 668 294 6 1 0 0 680 304 37 2 1 0 0 0 
6 680 248 90 0 0 0 0 0 6 257 728 33 0 0 0 800 151 71 2 0 0 0 0 
7 826 184 4 3 0 0 0 0 15 467 539 3 0 0 0 808 195 20 1 0 0 0 0 
19 774 120 21 12 65 13 0 0 21 576 330 21 57 19 0 789 122 20 12 16 65 0 0 
2 162 533 211 52 16 48 0 0 0 41 327 488 121 47 0 731 163 48 21 10 19 32 0 
0 15 406 543 41 14 5 0 0 0 11 56 608 325 24 0 764 190 48 6 9 7 0 0 
0 1 387 576 59 1 0 0 0 0 3 67 542 411 1 0 829 150 32 13 0 0 0 0 
8 362 420 144 83 7 0 0 0 7 150 546 289 32 0 0 716 175 54 47 30 2 0 0 
3 228 224 272 292 5 0 0 0 5 97 342 499 80 1 0 494 116 49 233 132 0 0 0 
2 282 124 224 359 33 0 0 0 5 164 241 401 213 0 0 532 90 43 66 270 23 0 0 
16 350 362 71 192 33 0 0 0 28 352 341 216 87 0 0 557 192 17 69 105 84 0 0 
13 418 415 58 120 0 0 0 0 30 398 421 174 1 0 0 663 174 15 77 93 2 0 0 
31 450 473 30 40 0 0 0 0 45 399 519 57 4 0 0 730 216 14 35 29 0 0 0 
37 696 291 0 0 0 0 0 0 73 563 388 0 0 0 0 697 327 0 0 0 0 0 0 
67 687 202 41 20 7 0 0 8 354 412 185 41 20 3 1 444 496 59 18 7 0 0 0 
221 298 205 164 104 27 3 2 110 207 276 167 163 73 23 5 465 339 127 72 17 3 1 0 
292 249 232 185 53 12 1 0 187 228 177 206 165 50 10 1 560 267 141 43 13 0 0 0 
482 386 98 41 13 3 0 1 166 567 175 79 26 9 1 1 722 212 58 24 6 1 1 0 
258 355 241 127 33 9 1 0 71 287 318 208 107 28 4 1 595 270 114 35 9 1 0 0 
64 150 300 322 140 31 14 3 22 76 195 327 284 99 15 6 293 359 245 94 22 8 3 0 
38 159 362 317 111 31 6 0 12 70 243 358 243 79 18 1 313 404 226 62 16 3 0 0 
299 187 189 146 110 58 25 10 127 204 183 142 146 114 70 38 495 207 147 101 42 22 8 2 
321 261 156 144 70 44 15 13 177 246 191 136 131 73 41 29 572 214 133 49 29 18 7 2 
333 282 203 129 45 17 7 8 163 275 255 168 103 38 13 9 690 197 90 23 16 3 1 4 
158 261 227 163 89 55 44 27 39 193 271 216 119 90 48 48 581 197 111 59 43 19 12 2 
119 208 202 168 126 78 65 58 57 152 237 177 133 122 77 69 392 212 161 117 66 40 28 8 
187 256 231 153 93 54 36 14 65 175 242 220 140 79 52 51 429 255 168 72 63 23 13 1 
136 227 281 241 91 27 16 5 45 131 202 282 226 83 29 26 370 318 237 65 21 8 4 1 
12 62 228 205 437 80 0 0 3 14 55 227 399 325 1 0 135 223 111 57 110 281 106 1 
32 199 272 249 267 5 0 0 3 40 168 349 334 128 2 0 172 331 114 58 64 199 86 0 
91 407 227 160 87 25 19 8 24 75 238 356 178 91 38 24 554 270 123 44 22 9 2 0 
227 382 180 124 66 32 6 7 119 133 174 320 138 87 38 15 625 196 121 60 13 6 3 0 
306 214 196 170 89 42 6 1 129 191 181 184 151 125 53 10 523 253 148 75 20 5 0 0 
392 169 207 146 83 24 3 0 253 168 131 181 151 101 36 3 529 242 151 76 22 4 0 0 
280 228 217 178 80 32 9 0 103 163 206 207 183 109 37 16 464 286 163 70 29 9 3 0 
131 520 209 93 44 20 7 0 10 78 398 340 99 64 26 9 527 351 88 43 10 2 3 0 
67 538 252 71 24 38 31 3 15 50 164 537 160 57 37 4 555 300 63 26 12 57 11 0 
110 406 243 104 22 117 22 0 24 76 141 444 162 140 36 1 475 281 102 25 14 117 10 0 
3 299 370 137 31 95 89 0 0 2 29 377 369 166 81 0 509 238 85 6 15 165 6 0 
0 5 121 621 173 8 64 32 0 0 3 43 344 526 90 18 426 333 160 9 9 81 6 0 
4 18 256 707 39 0 0 0 0 5 3 75 480 449 12 0 688 272 53 11 0 0 0 0 
2 22 507 468 23 2 0 0 0 1 11 65 740 206 1 0 720 247 36 13 4 4 0 0 
0 5 190 389 172 241 26 1 0 0 3 60 648 303 10 0 174 256 208 152 210 22 2 0 
0 1 466 556 1 0 0 0 0 0 0 45 939 40 0 0 2 523 499 0 0 0 0 0 
0 115 581 328 0 0 0 0 0 0 59 312 619 34 0 0 7 708 309 0 0 0 0 0 
10 503 234 73 118 86 0 0 1 13 320 425 83 167 15 0 76 643 24 14 75 172 20 0 
9 77 13 71 188 660 6 0 2 14 67 20 113 660 148 0 31 60 8 6 87 541 291 0 
37 455 225 135 37 122 13 0 6 51 509 302 18 80 58 0 316 388 140 31 11 43 93 2 
101 389 327 140 44 16 7 0 16 203 456 277 45 16 9 2 423 405 111 48 20 9 6 2 
113 425 172 127 146 21 19 1 22 214 392 160 170 43 21 2 435 243 106 126 82 9 19 4 
20 317 289 264 71 44 19 0 1 83 298 374 187 50 30 1 314 224 260 143 23 19 34 7 
2 88 141 362 384 47 0 0 0 1 108 190 535 188 2 0 131 176 258 282 167 10 0 0 
9 140 120 325 371 59 0 0 0 33 123 193 508 166 1 0 163 79 189 311 243 39 0 0 
26 289 247 299 117 38 8 0 2 64 223 374 274 67 18 2 305 236 229 158 62 24 10 0 
3 122 576 269 43 11 0 0 0 4 27 160 585 245 3 0 695 253 55 21 0 0 0 0 
0 28 619 325 46 6 0 0 0 0 2 45 593 375 9 0 681 279 43 21 0 0 0 0 
0 15 395 412 184 18 0 0 0 0 1 39 424 547 13 0 662 253 89 19 1 0 0 0 
1 16 211 549 239 8 0 0 0 1 12 55 561 387 8 0 752 198 66 8 0 0 0 0 
0 9 22 547 439 6 1 0 0 2 15 31 367 594 15 0 761 155 100 6 2 0 0 0 
4 24 123 610 253 9 1 0 0 10 33 108 515 353 4 1 805 120 72 25 2 0 0 0 
22 160 724 116 2 0 0 0 5 75 124 664 156 0 0 0 551 421 48 4 0 0 0 0 
44 285 689 6 0 0 0 0 4 91 256 668 5 0 0 0 678 333 9 4 0 0 0 0 
83 255 685 1 0 0 0 0 30 96 187 711 0 0 0 0 798 220 6 0 0 0 0 0 
72 157 628 129 27 11 0 0 34 54 146 652 96 23 16 3 714 273 36 1 0 0 0 0 
308 178 202 160 118 55 3 0 190 138 143 206 125 136 73 13 595 277 126 22 4 0 0 0 
219 290 244 158 87 22 4 0 90 189 249 228 152 89 21 6 551 275 123 62 9 2 2 0 
80 288 355 221 70 7 3 0 14 105 310 306 223 58 7 1 430 365 171 47 7 4 0 0 
527 367 91 29 7 2 1 0 248 559 140 49 23 4 1 0 727 243 39 11 3 1 0 0 
298 342 225 120 31 5 3 0 99 371 271 181 79 16 5 2 587 294 114 21 7 1 0 0 
187 272 235 165 106 39 11 9 69 194 259 223 149 91 24 15 440 244 176 103 35 18 6 2 
59 206 319 246 114 50 14 16 26 151 262 289 179 78 19 20 292 324 242 107 30 15 11 3 
332 232 201 133 73 33 15 5 168 194 203 183 148 69 40 19 574 217 126 68 30 5 4 0 
539 148 138 94 59 25 15 6 369 213 127 103 96 63 33 20 643 158 113 56 25 21 7 1 
526 226 131 85 33 13 6 4 355 251 168 130 67 35 8 10 745 163 67 25 13 7 4 0 
161 297 274 197 70 19 6 0 61 155 318 277 152 44 12 5 674 230 85 25 6 4 0 0 
59 142 210 227 134 89 81 82 56 95 166 246 180 112 93 76 469 211 125 78 64 40 21 16 
217 209 196 158 118 72 37 17 98 185 236 167 145 90 63 40 389 215 190 104 62 45 16 3 
219 230 246 200 82 26 14 7 130 149 213 226 171 90 23 22 430 322 182 55 20 14 1 0 
198 194 247 235 119 17 11 3 103 125 184 245 235 101 18 13 448 319 185 53 13 6 0 0 
336 234 237 161 46 8 1 1 169 191 201 204 179 69 8 3 553 277 138 44 9 1 1 1 
230 234 180 153 105 59 38 25 95 218 180 174 149 102 53 53 482 221 163 86 43 23 4 2 
180 240 214 181 110 56 27 16 62 190 259 175 160 105 38 35 426 269 172 85 47 20 4 1 
232 183 201 190 97 73 25 23 140 147 184 181 178 88 65 41 463 267 149 88 40 10 7 0 
454 278 180 65 38 8 1 0 295 302 234 107 56 24 6 0 602 240 120 42 16 3 1 0 
287 260 213 137 80 29 14 4 159 208 251 169 116 71 35 15 480 267 150 76 31 16 4 0 
297 270 231 135 63 21 5 2 122 196 252 228 139 55 25 7 495 285 155 60 23 6 0 0 
513 248 161 75 19 3 3 2 349 251 194 139 73 13 3 2 619 234 120 37 6 5 1 2 
423 287 186 105 15 8 0 0 216 268 239 162 114 17 8 0 577 299 111 26 11 0 0 0 
353 272 268 112 17 2 0 0 130 212 244 260 144 31 3 0 563 303 131 22 5 0 0 0 
222 286 262 240 14 0 0 0 70 149 238 269 149 149 0 0 591 369 58 6 0 0 0 0 
205 308 239 248 24 0 0 0 37 153 236 269 140 189 0 0 620 313 76 14 1 0 0 0 
12 148 402 322 79 58 3 0 1 9 54 242 636 82 0 0 407 323 172 47 75 0 0 0 
0 12 488 298 111 114 1 0 0 0 0 131 802 89 2 0 22 467 315 72 136 12 0 0 
0 12 763 248 1 0 0 0 0 0 0 256 738 30 0 0 1 491 529 3 0 0 0 0 
3 212 657 152 0 0 0 0 0 1 64 608 345 6 0 0 18 595 405 6 0 0 0 0 
6 841 161 6 10 0 0 0 0 4 655 351 6 8 0 0 116 883 9 4 3 9 0 0 
5 76 28 422 424 69 0 0 0 6 75 52 675 214 2 0 24 64 15 34 402 470 15 0 
23 362 70 231 291 47 0 0 0 29 335 109 374 175 2 0 247 186 33 25 153 365 15 0 
8 329 392 202 67 18 8 0 0 30 550 335 72 25 11 1 354 307 253 69 26 11 4 0 
0 6 74 580 343 17 4 0 0 2 27 391 553 42 9 0 8 40 452 471 45 6 2 0 
9 82 199 439 192 81 22 0 5 20 106 389 358 94 50 2 135 189 359 222 34 36 46 3 
3 50 248 429 236 54 4 0 1 9 83 361 423 143 4 0 218 283 212 215 32 53 11 0 
0 23 216 464 297 24 0 0 0 0 24 334 542 121 3 0 207 288 210 236 79 4 0 0 
0 9 68 198 301 421 27 0 0 0 22 95 303 578 24 2 65 94 170 180 90 329 94 2 
2 22 133 149 133 570 15 0 0 4 34 107 160 669 50 0 126 140 149 31 32 284 260 2 
1 13 130 366 352 151 11 0 0 1 69 414 191 280 69 0 114 295 455 59 16 32 53 0 
0 10 52 615 290 57 0 0 0 0 69 606 137 182 30 0 71 210 680 61 2 0 0 0 
0 4 112 475 317 106 10 0 0 0 109 371 274 241 29 0 122 289 496 98 19 0 0 0 
0 11 151 179 181 429 73 0 0 0 19 71 598 323 13 0 161 202 114 316 231 0 0 0 
0 45 131 145 229 467 6 1 0 3 41 202 647 123 6 2 159 150 124 540 47 4 0 0 
64 359 258 288 55 0 0 0 0 89 565 359 11 0 0 0 378 171 459 16 0 0 0 0 
248 555 208 12 1 0 0 0 16 265 650 80 12 1 0 0 643 286 93 2 0 0 0 0 
157 587 215 45 14 5 1 0 26 91 671 175 43 12 4 2 675 298 36 9 5 1 0 0 
279 199 235 181 88 24 11 7 139 162 194 218 172 90 29 20 502 288 160 47 10 11 4 2 
345 219 184 151 76 37 6 6 194 194 196 178 136 79 36 11 547 228 134 75 28 6 5 1 
179 279 273 181 80 18 12 2 51 174 267 265 166 75 15 11 444 300 172 75 21 11 1 0 
317 362 211 90 32 9 3 0 77 380 295 176 62 26 5 3 600 278 100 29 14 3 0 0 
737 231 44 12 0 0 0 0 428 507 66 22 1 0 0 0 883 115 24 2 0 0 0 0 
297 354 187 111 43 20 8 4 98 399 231 148 81 41 17 9 632 232 95 32 22 7 4 0 
212 270 277 165 63 21 10 6 73 224 258 236 146 56 15 16 475 300 154 65 13 12 4 1 
252 366 247 114 27 13 2 3 122 298 313 188 71 22 6 4 533 302 130 41 11 4 2 1 
163 256 296 183 72 33 20 1 28 100 195 263 251 116 39 32 633 221 99 51 16 4 0 0 
314 248 194 116 82 39 28 3 143 192 186 184 134 103 46 36 597 204 102 58 39 15 7 2 
438 283 156 73 38 20 11 5 235 330 198 145 51 34 19 12 615 225 99 48 20 11 5 1 
365 245 157 113 71 44 12 17 181 256 211 138 109 63 39 27 550 224 120 75 23 17 8 7 
110 193 262 224 137 68 26 4 39 159 230 257 198 93 35 13 470 283 157 73 26 9 6 0 
147 189 215 202 138 92 33 8 55 116 186 196 180 159 93 39 346 277 163 141 51 37 6 3 
308 192 200 158 96 49 20 1 168 197 175 183 155 82 49 15 505 241 166 74 29 7 2 0 
295 190 209 177 82 52 18 1 170 171 168 202 170 84 42 17 479 256 162 65 44 16 2 0 
401 204 147 128 65 42 24 13 262 213 170 137 103 56 46 37 540 222 126 73 33 21 8 1 
355 288 168 91 53 34 23 12 198 297 233 121 75 41 30 29 564 229 113 65 26 17 9 1 
338 279 173 107 64 38 17 8 203 266 216 129 97 54 33 26 545 237 127 66 30 16 3 0 
233 242 221 132 96 48 38 14 117 220 229 182 114 70 52 40 468 257 155 94 29 15 6 0 
780 120 59 27 20 9 8 1 667 203 62 35 29 13 9 6 817 113 56 24 5 7 1 1 
338 218 173 146 86 37 15 11 200 213 211 137 131 75 36 21 495 222 161 82 35 20 8 1 
415 244 189 90 50 24 8 4 255 226 199 178 76 55 21 14 593 232 120 39 27 10 2 1 
300 220 199 129 89 49 26 12 211 140 192 188 130 90 43 30 524 243 128 62 39 18 10 0 
512 222 150 69 40 22 8 1 357 228 179 123 73 40 18 6 650 192 98 58 21 3 2 0 
419 276 190 85 38 8 5 3 223 239 240 182 84 41 8 7 569 258 130 38 21 7 0 1 
433 349 186 50 3 3 0 0 204 297 293 170 53 5 2 0 632 295 83 11 2 1 0 0 
241 411 262 85 22 3 0 0 57 243 377 207 114 25 1 0 573 303 109 35 4 0 0 0 
62 112 253 326 102 128 39 2 17 62 92 156 471 201 20 5 216 341 237 70 139 18 3 0 
103 138 403 357 18 4 1 0 21 91 128 221 506 52 5 0 183 352 445 36 5 3 0 0 
58 117 402 405 38 4 0 0 13 49 103 200 564 92 2 1 151 323 481 60 7 2 0 0 
105 178 345 299 86 11 0 0 30 87 169 294 327 104 12 1 304 393 276 48 3 0 0 0 
34 658 182 113 34 3 0 0 0 29 576 287 103 28 1 0 254 680 82 7 1 0 0 0 
75 271 310 328 36 3 0 1 16 108 308 327 246 16 2 1 321 345 185 66 95 11 0 1 
120 253 319 213 77 22 8 12 27 163 270 314 160 51 21 18 406 331 172 63 29 19 4 0 
153 314 331 161 33 16 8 8 44 197 305 310 114 24 15 15 513 333 127 29 6 7 9 0 
75 202 255 330 158 4 0 0 22 99 225 333 319 24 2 0 312 273 291 138 9 1 0 0 
0 0 19 262 602 141 0 0 0 0 4 108 611 295 6 0 7 48 483 475 11 0 0 0 
1 13 50 238 512 207 3 0 3 7 21 99 379 485 30 0 57 224 415 295 14 11 8 0 
8 167 371 285 174 16 2 1 3 20 142 379 391 84 3 2 426 366 163 53 7 7 1 1 
1 143 593 175 70 42 0 0 0 0 21 346 542 101 14 0 685 238 66 35 0 0 0 0 
0 59 582 306 66 11 0 0 0 0 4 179 680 151 10 0 664 289 57 14 0 0 0 0 
1 59 589 334 21 20 0 0 0 0 2 133 684 182 23 0 725 261 27 11 0 0 0 0 
1 41 591 379 11 1 0 0 0 1 7 108 734 172 2 0 759 259 5 1 0 0 0 0 
18 33 469 478 19 5 1 1 5 8 16 100 678 206 9 2 757 228 20 15 2 1 1 0 
19 34 507 439 21 4 0 0 6 16 10 95 689 201 6 1 673 302 34 11 4 0 0 0 
17 240 583 167 16 1 0 0 0 15 107 356 475 68 2 1 766 229 27 1 1 0 0 0 
150 374 294 147 51 6 2 0 26 197 378 259 121 35 4 4 445 349 174 47 8 1 0 0 
148 314 357 149 45 7 3 1 50 236 321 282 107 20 4 4 313 439 200 55 11 3 3 0 
174 261 315 171 63 28 11 1 61 167 272 299 136 55 23 11 398 348 166 71 31 10 0 0 
252 249 206 175 91 29 11 11 106 214 212 190 164 91 27 20 492 234 173 76 28 10 10 1 
235 217 227 187 98 36 17 7 90 193 208 212 173 93 38 17 544 246 110 75 25 13 11 0 
196 291 248 155 76 43 11 4 107 248 271 189 120 56 23 10 507 316 122 54 16 8 1 0 
402 378 133 71 33 6 1 0 129 489 211 99 66 25 4 1 667 228 80 34 13 2 0 0 
807 191 23 3 0 0 0 0 587 392 39 5 1 0 0 0 917 95 10 2 0 0 0 0 
326 319 177 108 62 24 6 2 145 388 197 141 82 47 20 4 608 242 94 54 22 3 1 0 
322 305 180 102 69 32 8 6 200 309 215 131 93 50 18 8 506 289 121 65 27 9 5 2 
271 278 211 151 72 24 13 4 151 281 191 180 136 51 22 12 545 238 146 55 26 7 7 0 
132 244 302 201 67 30 15 1 17 76 178 263 259 127 47 25 596 237 97 43 14 4 1 0 
242 209 241 155 85 40 18 2 66 149 180 212 187 118 51 29 578 201 115 55 26 14 3 0 
359 305 168 84 44 20 8 4 171 284 234 147 77 45 25 9 576 242 98 47 16 8 4 1 
344 263 152 108 69 37 9 10 168 219 238 154 99 63 34 17 525 212 122 76 30 16 8 3 
156 240 266 167 96 50 14 3 62 177 249 227 149 81 31 16 383 275 184 91 37 14 8 0 
131 180 215 220 143 76 25 2 45 108 172 211 198 156 74 28 324 300 186 123 35 21 3 0 
220 177 222 203 107 48 13 2 116 140 176 214 206 94 39 7 423 241 202 83 29 12 2 0 
178 199 238 186 107 56 22 6 80 142 188 232 170 106 48 26 384 262 192 75 58 18 3 0 
243 198 170 158 98 68 36 21 123 157 176 166 146 94 70 60 453 219 148 91 46 23 11 1 
382 286 145 69 52 31 14 13 217 311 207 112 58 39 23 25 572 204 99 60 32 14 8 3 
310 254 161 113 82 33 20 19 212 227 204 122 99 62 30 36 520 218 128 73 31 16 6 0 
250 218 203 131 87 54 35 14 116 224 207 162 109 71 60 43 447 262 145 84 28 20 6 0 
682 153 67 40 27 14 8 1 564 228 79 45 39 20 12 5 741 144 62 28 9 6 1 1 
338 203 178 136 73 39 16 9 200 212 188 142 126 63 39 22 482 235 144 67 34 22 6 2 
549 193 130 72 27 13 6 2 421 215 146 113 49 32 7 9 657 182 98 27 19 8 1 0 
235 206 215 147 106 45 24 14 143 136 197 199 152 94 41 30 466 228 160 68 39 24 7 0 
412 229 183 88 47 23 8 2 250 235 221 131 91 37 19 8 545 218 131 68 22 6 2 0 
388 262 190 92 42 9 6 3 195 248 242 173 78 39 9 8 558 240 121 40 23 9 0 1 
388 328 192 57 19 6 2 0 165 295 270 176 59 19 6 2 574 301 83 26 6 2 0 0 
217 383 231 113 41 3 1 3 59 252 340 195 107 33 3 3 475 310 151 47 7 2 0 0 
160 167 268 237 68 60 30 2 67 124 145 184 316 125 26 5 325 305 209 70 63 17 3 0 
114 138 353 363 19 4 1 0 21 95 114 206 503 48 5 0 183 329 436 38 4 2 0 0 
137 185 323 273 68 5 1 0 51 104 171 242 327 89 7 1 302 331 287 61 9 2 0 0 
113 159 292 312 104 12 0 0 34 90 159 278 306 112 12 1 396 375 178 40 3 0 0 0 
65 434 260 180 49 4 0 0 11 86 445 257 153 38 2 0 367 484 125 14 2 0 0 0 
122 276 342 213 35 3 0 1 34 174 302 317 145 17 2 1 428 363 164 25 9 2 0 1 
170 286 268 150 67 28 11 12 56 185 291 246 115 50 28 21 478 299 142 42 14 13 4 0 
207 292 290 114 31 31 15 12 67 220 272 258 91 31 27 26 531 286 110 37 9 11 7 1 
153 296 250 197 84 9 2 1 52 186 278 258 180 28 7 3 452 300 173 60 6 0 1 0 
50 72 105 161 444 153 4 3 9 53 88 129 397 296 14 6 143 129 316 385 15 4 0 0 
38 83 128 134 400 205 4 0 4 48 97 136 276 391 40 0 169 151 381 281 10 0 0 0 
10 148 219 273 280 55 6 1 0 30 120 289 342 192 16 3 281 363 259 73 11 3 1 1 
9 201 613 154 7 5 2 1 0 4 41 390 500 48 5 4 758 208 16 7 2 1 0 0 
4 40 567 369 11 1 0 0 0 4 3 123 732 129 1 0 736 247 7 1 1 0 0 0 
2 39 565 372 14 0 0 0 0 1 3 104 685 195 4 0 755 230 6 1 0 0 0 0 
25 54 493 399 17 4 0 0 8 15 24 137 655 147 5 1 716 250 20 4 2 0 0 0 
48 93 448 355 31 10 4 3 14 40 67 155 539 159 11 7 638 280 38 26 5 4 1 0 
62 95 381 378 59 13 4 0 21 54 73 160 501 166 14 3 536 304 102 29 18 3 0 0 
47 286 413 190 35 17 4 0 3 49 201 341 315 65 14 4 603 274 75 31 8 1 0 0 
228 343 223 118 65 9 6 0 50 263 312 193 105 53 8 8 452 313 146 62 13 4 2 0 
206 312 266 125 58 15 6 4 87 269 283 195 92 40 17 9 379 349 174 58 19 9 4 0 
215 263 241 155 83 23 8 4 74 196 261 227 132 72 18 12 437 276 161 81 27 10 0 0 
274 277 196 144 55 31 9 6 101 239 245 178 130 58 30 11 531 225 136 55 30 12 3 0 
270 253 215 143 72 22 11 6 76 220 248 201 132 78 24 13 588 217 95 54 21 8 7 2 
273 267 187 127 74 44 13 7 151 307 216 130 93 54 26 15 588 235 92 43 22 11 1 0 
419 382 118 50 19 3 1 0 136 518 199 81 36 18 3 1 709 210 58 11 3 1 0 0 
768 173 40 7 4 0 0 0 554 376 47 9 5 1 0 0 876 92 16 7 1 0 0 0 
262 338 185 122 66 13 5 1 106 346 222 158 98 49 10 3 578 253 99 44 16 2 0 0 
273 285 170 137 80 32 11 4 159 282 200 136 128 62 17 8 500 263 126 62 27 9 3 2 
161 233 236 197 101 46 14 4 77 144 208 225 195 86 43 14 528 225 149 55 22 6 6 1 
