0 0 0 1024 0 0 0 0 0 0 0 0 0 1024 0 0 0 0 0 0 0 0 0 1024 
0 0 0 1024 0 0 0 0 0 0 0 0 0 1024 0 0 0 0 0 0 0 0 0 1024 
0 0 0 1024 0 0 0 0 0 0 0 0 0 1024 0 0 0 0 0 0 0 0 0 1024 
0 0 0 1024 0 0 0 0 0 0 0 0 0 1024 0 0 0 0 0 0 0 0 0 1024 
0 0 0 1024 0 0 0 0 0 0 0 0 0 1024 0 0 0 0 0 0 0 0 0 1024 
0 0 0 1024 0 0 0 0 0 0 0 0 0 1024 0 0 0 0 0 0 0 0 0 1024 
0 0 0 1024 0 0 0 0 0 0 0 0 0 1024 0 0 0 0 0 0 0 0 0 1024 
0 0 0 1024 0 0 0 0 0 0 0 0 0 1024 0 0 0 0 0 0 0 0 0 1024 
0 0 0 1024 0 0 0 0 0 0 0 0 0 1024 0 0 0 0 0 0 0 0 0 1024 
0 0 0 1024 0 0 0 0 0 0 0 0 0 1024 0 0 0 0 0 0 0 0 0 1024 
0 0 0 1024 0 0 0 0 0 0 0 0 0 1024 0 0 0 0 0 0 0 0 0 1024 
0 0 0 1008 16 0 0 0 0 0 0 0 0 1019 5 0 0 0 0 0 0 0 0 1024 
0 0 0 991 33 0 0 0 0 0 0 0 0 848 176 0 0 0 0 0 0 0 0 1024 
0 0 0 872 152 0 0 0 0 0 0 0 0 404 620 0 0 0 0 0 0 0 0 1024 
0 0 0 502 522 0 0 0 0 0 0 0 0 120 904 0 0 0 0 0 0 0 0 1024 
0 0 0 98 926 0 0 0 0 0 0 0 0 2 1022 0 0 0 0 0 0 0 0 1024 
0 0 0 10 1014 0 0 0 0 0 0 0 0 0 1024 0 0 0 0 0 0 0 0 1024 
0 0 0 0 1024 0 0 0 0 0 0 0 0 0 1024 0 0 0 0 0 0 0 0 1024 
0 0 0 0 1024 0 0 0 0 0 0 0 0 0 1024 0 0 0 0 0 0 0 0 1024 
0 0 0 0 1024 0 0 0 0 0 0 0 0 0 1024 0 0 0 0 0 0 0 0 1024 
0 0 0 0 1024 0 0 0 0 0 0 0 0 0 1024 0 0 0 0 0 0 0 0 1024 
0 0 0 0 1024 0 0 0 0 0 0 0 0 0 1024 0 0 0 0 0 0 0 0 1024 
0 0 0 0 1024 0 0 0 0 0 0 0 0 0 1024 0 0 0 0 0 0 0 0 1024 
0 0 0 0 1024 0 0 0 0 0 0 0 0 0 1024 0 0 0 0 0 0 0 0 1024 
0 0 0 0 1024 0 0 0 0 0 0 0 0 0 1024 0 0 0 0 0 0 0 0 1024 
0 0 0 0 1024 0 0 0 0 0 0 0 0 0 1024 0 0 0 0 0 0 0 0 1024 
0 0 0 0 1024 0 0 0 0 0 0 0 0 0 1024 0 0 0 0 0 0 0 0 1024 
0 0 0 0 1024 0 0 0 0 0 0 0 0 0 1024 0 0 0 0 0 0 0 0 1024 
0 0 0 0 1024 0 0 0 0 0 0 0 0 0 1024 0 0 0 0 0 0 0 0 1024 
0 0 0 0 858 166 0 0 0 0 0 0 0 0 1024 0 0 0 0 0 0 0 0 1024 
0 0 0 0 579 445 0 0 0 0 0 0 0 0 1000 24 0 0 0 0 0 0 0 1024 
0 0 0 0 458 566 0 0 0 0 0 0 0 0 857 167 0 0 0 0 0 0 0 1024 
0 0 0 0 344 680 0 0 0 0 0 0 0 0 678 346 0 0 0 0 0 0 0 1024 
0 0 0 0 212 812 0 0 0 0 0 0 0 0 504 520 0 0 0 0 0 0 0 1024 
0 0 0 0 131 893 0 0 0 0 0 0 0 0 501 523 0 0 0 0 0 0 0 1024 
0 0 0 0 0 1024 0 0 0 0 0 0 0 0 437 587 0 0 0 0 0 0 0 1024 
0 0 0 0 5 1019 0 0 0 0 0 0 0 0 519 505 0 0 0 0 0 0 0 1024 
0 0 0 0 8 984 0 0 0 0 0 0 0 0 593 399 0 0 0 0 0 0 0 992 
0 0 0 1024 0 0 0 0 0 0 0 0 0 1024 0 0 0 0 0 0 0 0 0 1024 
0 0 0 1024 0 0 0 0 0 0 0 0 0 1024 0 0 0 0 0 0 0 0 0 1024 
0 0 0 1024 0 0 0 0 0 0 0 0 0 1024 0 0 0 0 0 0 0 0 0 1024 
0 0 0 1024 0 0 0 0 0 0 0 0 0 1024 0 0 0 0 0 0 0 0 0 1024 
0 0 0 1024 0 0 0 0 0 0 0 0 0 1024 0 0 0 0 0 0 0 0 0 1024 
0 0 0 1024 0 0 0 0 0 0 0 0 0 1024 0 0 0 0 0 0 0 0 0 1024 
0 0 0 1024 0 0 0 0 0 0 0 0 0 1024 0 0 0 0 0 0 0 0 0 1024 
0 0 0 1024 0 0 0 0 0 0 0 0 0 1024 0 0 0 0 0 0 0 0 0 1024 
0 0 0 1024 0 0 0 0 0 0 0 0 0 981 43 0 0 0 0 0 0 0 0 1024 
0 0 0 1000 24 0 0 0 0 0 0 0 0 773 251 0 0 0 0 0 0 0 0 1024 
0 0 0 943 81 0 0 0 0 0 0 0 0 399 625 0 0 0 0 0 0 0 0 1024 
0 0 0 665 359 0 0 0 0 0 0 0 0 218 806 0 0 0 0 0 0 0 0 1024 
0 0 0 519 505 0 0 0 0 0 0 0 0 0 1024 0 0 0 0 0 0 0 0 1024 
0 0 0 58 966 0 0 0 0 0 0 0 0 0 1024 0 0 0 0 0 0 0 0 1024 
0 0 0 1 1023 0 0 0 0 0 0 0 0 0 1024 0 0 0 0 0 0 0 0 1024 
0 0 0 0 1024 0 0 0 0 0 0 0 0 0 1024 0 0 0 0 0 0 0 0 1024 
0 0 0 0 1024 0 0 0 0 0 0 0 0 0 1024 0 0 0 0 0 0 0 0 1024 
0 0 0 0 1024 0 0 0 0 0 0 0 0 0 1024 0 0 0 0 0 0 0 0 1024 
0 0 0 0 1024 0 0 0 0 0 0 0 0 0 1024 0 0 0 0 0 0 0 0 1024 
0 0 0 0 1024 0 0 0 0 0 0 0 0 0 1024 0 0 0 0 0 0 0 0 1024 
0 0 0 0 1024 0 0 0 0 0 0 0 0 0 1024 0 0 0 0 0 0 0 0 1024 
0 0 0 0 1024 0 0 0 0 0 0 0 0 0 1024 0 0 0 0 0 0 0 0 1024 
0 0 0 0 1024 0 0 0 0 0 0 0 0 0 1024 0 0 0 0 0 0 0 0 1024 
0 0 0 0 1024 0 0 0 0 0 0 0 0 0 1024 0 0 0 0 0 0 0 0 1024 
0 0 0 0 1024 0 0 0 0 0 0 0 0 0 1024 0 0 0 0 0 0 0 0 1024 
0 0 0 0 976 48 0 0 0 0 0 0 0 0 1024 0 0 0 0 0 0 0 0 1024 
0 0 0 0 961 63 0 0 0 0 0 0 0 0 1024 0 0 0 0 0 0 0 0 1024 
0 0 0 0 658 366 0 0 0 0 0 0 0 0 960 64 0 0 0 0 0 0 0 1024 
0 0 0 0 406 618 0 0 0 0 0 0 0 0 770 254 0 0 0 0 0 0 0 1024 
0 0 0 0 87 937 0 0 0 0 0 0 0 0 444 580 0 0 0 0 0 0 0 1024 
0 0 0 0 10 1014 0 0 0 0 0 0 0 0 164 860 0 0 0 0 0 0 0 1024 
0 0 0 0 0 1024 0 0 0 0 0 0 0 0 7 1017 0 0 0 0 0 0 0 1024 
0 0 0 0 0 1024 0 0 0 0 0 0 0 0 2 1022 0 0 0 0 0 0 0 1024 
0 0 0 0 0 1024 0 0 0 0 0 0 0 0 0 1024 0 0 0 0 0 0 0 1024 
0 0 0 0 0 1024 0 0 0 0 0 0 0 0 0 1024 0 0 0 0 0 0 0 1024 
0 0 0 0 0 1024 0 0 0 0 0 0 0 0 0 1024 0 0 0 0 0 0 0 1024 
8 113 31 18 47 807 0 0 0 0 104 35 16 18 43 808 0 0 1 84 29 30 19 861 
17 354 40 27 64 490 0 0 0 2 347 49 23 23 69 479 0 0 1 301 60 39 27 564 
0 0 0 1024 0 0 0 0 0 0 0 0 0 1024 0 0 0 0 0 0 0 0 0 1024 
0 0 0 1024 0 0 0 0 0 0 0 0 0 1024 0 0 0 0 0 0 0 0 0 1024 
0 0 0 1024 0 0 0 0 0 0 0 0 0 1024 0 0 0 0 0 0 0 0 0 1024 
0 0 0 1024 0 0 0 0 0 0 0 0 0 1024 0 0 0 0 0 0 0 0 0 1024 
0 0 0 1024 0 0 0 0 0 0 0 0 0 1022 2 0 0 0 0 0 0 0 0 1024 
0 0 0 1024 0 0 0 0 0 0 0 0 0 936 88 0 0 0 0 0 0 0 0 1024 
0 0 0 1005 19 0 0 0 0 0 0 0 0 620 404 0 0 0 0 0 0 0 0 1024 
0 0 0 874 150 0 0 0 0 0 0 0 0 322 702 0 0 0 0 0 0 0 0 1024 
0 0 0 515 509 0 0 0 0 0 0 0 0 115 909 0 0 0 0 0 0 0 0 1024 
0 0 0 261 763 0 0 0 0 0 0 0 0 23 1001 0 0 0 0 0 0 0 0 1024 
0 0 0 56 968 0 0 0 0 0 0 0 0 0 1024 0 0 0 0 0 0 0 0 1024 
0 0 0 0 1024 0 0 0 0 0 0 0 0 0 1024 0 0 0 0 0 0 0 0 1024 
0 0 0 0 1024 0 0 0 0 0 0 0 0 0 1024 0 0 0 0 0 0 0 0 1024 
0 0 0 0 1024 0 0 0 0 0 0 0 0 0 1024 0 0 0 0 0 0 0 0 1024 
0 0 0 0 1024 0 0 0 0 0 0 0 0 0 1024 0 0 0 0 0 0 0 0 1024 
0 0 0 0 1024 0 0 0 0 0 0 0 0 0 1024 0 0 0 0 0 0 0 0 1024 
0 0 0 0 1024 0 0 0 0 0 0 0 0 0 1024 0 0 0 0 0 0 0 0 1024 
0 0 0 0 1024 0 0 0 0 0 0 0 0 0 1024 0 0 0 0 0 0 0 0 1024 
0 0 0 0 1024 0 0 0 0 0 0 0 0 0 1024 0 0 0 0 0 0 0 0 1024 
0 0 0 0 1024 0 0 0 0 0 0 0 0 0 1024 0 0 0 0 0 0 0 0 1024 
0 0 0 0 1024 0 0 0 0 0 0 0 0 0 1024 0 0 0 0 0 0 0 0 1024 
0 0 0 0 1024 0 0 0 0 0 0 0 0 0 1024 0 0 0 0 0 0 0 0 1024 
0 0 0 0 1024 0 0 0 0 0 0 0 0 0 1024 0 0 0 0 0 0 0 0 1024 
0 0 0 0 964 60 0 0 0 0 0 0 0 0 1023 1 0 0 0 0 0 0 0 1024 
0 0 0 0 599 425 0 0 0 0 0 0 0 0 918 106 0 0 0 0 0 0 0 1024 
0 0 0 0 142 882 0 0 0 0 0 0 0 0 640 384 0 0 0 0 0 0 0 1024 
0 0 0 0 43 981 0 0 0 0 0 0 0 0 266 758 0 0 0 0 0 0 0 1024 
0 0 0 0 14 1010 0 0 0 0 0 0 0 0 80 944 0 0 0 0 0 0 0 1024 
0 0 0 0 0 1024 0 0 0 0 0 0 0 0 11 1013 0 0 0 0 0 0 0 1024 
0 0 0 0 0 1024 0 0 0 0 0 0 0 0 0 1024 0 0 0 0 0 0 0 1024 
0 0 0 0 0 1024 0 0 0 0 0 0 0 0 0 1024 0 0 0 0 0 0 0 1024 
0 0 0 0 0 1024 0 0 0 0 0 0 0 0 0 1024 0 0 0 0 0 0 0 1024 
0 1 1 1 3 1018 0 0 0 0 0 1 1 2 2 1018 0 0 0 0 1 1 1 1021 
0 199 75 9 18 723 0 0 0 0 51 210 19 16 22 706 0 0 0 3 232 40 10 739 
21 157 77 21 19 729 0 0 0 8 122 121 21 14 25 713 0 0 0 103 123 34 17 747 
56 568 68 20 24 288 0 0 0 4 588 91 20 16 30 275 0 0 2 595 57 34 21 315 
2 690 321 6 4 1 0 0 0 6 647 360 4 4 3 0 0 0 53 919 33 10 3 6 
27 767 198 0 0 0 0 0 0 9 730 253 0 0 0 0 0 0 160 832 0 0 0 0 
0 0 0 1024 0 0 0 0 0 0 0 0 0 945 79 0 0 0 0 0 0 0 0 1024 
0 0 0 1001 23 0 0 0 0 0 0 0 0 762 262 0 0 0 0 0 0 0 0 1024 
0 0 0 938 86 0 0 0 0 0 0 0 0 563 461 0 0 0 0 0 0 0 0 1024 
0 0 0 856 168 0 0 0 0 0 0 0 0 344 680 0 0 0 0 0 0 0 0 1024 
0 0 0 695 329 0 0 0 0 0 0 0 0 57 967 0 0 0 0 0 0 0 0 1024 
0 0 0 687 337 0 0 0 0 0 0 0 0 13 1011 0 0 0 0 0 0 0 0 1024 
0 0 0 352 672 0 0 0 0 0 0 0 0 0 1024 0 0 0 0 0 0 0 0 1024 
0 0 0 57 967 0 0 0 0 0 0 0 0 0 1024 0 0 0 0 0 0 0 0 1024 
0 0 0 14 1010 0 0 0 0 0 0 0 0 0 1024 0 0 0 0 0 0 0 0 1024 
0 0 0 0 1024 0 0 0 0 0 0 0 0 0 1024 0 0 0 0 0 0 0 0 1024 
0 0 0 0 1024 0 0 0 0 0 0 0 0 0 1024 0 0 0 0 0 0 0 0 1024 
0 0 0 0 1024 0 0 0 0 0 0 0 0 0 1024 0 0 0 0 0 0 0 0 1024 
0 0 0 0 1024 0 0 0 0 0 0 0 0 0 1024 0 0 0 0 0 0 0 0 1024 
0 0 0 0 1024 0 0 0 0 0 0 0 0 0 1024 0 0 0 0 0 0 0 0 1024 
0 0 0 0 1024 0 0 0 0 0 0 0 0 0 1024 0 0 0 0 0 0 0 0 1024 
0 0 0 0 1024 0 0 0 0 0 0 0 0 0 1024 0 0 0 0 0 0 0 0 1024 
0 0 0 0 1024 0 0 0 0 0 0 0 0 0 1024 0 0 0 0 0 0 0 0 1024 
0 0 0 0 1024 0 0 0 0 0 0 0 0 0 1024 0 0 0 0 0 0 0 0 1024 
0 0 0 0 1024 0 0 0 0 0 0 0 0 0 1024 0 0 0 0 0 0 0 0 1024 
0 0 0 0 1024 0 0 0 0 0 0 0 0 0 1024 0 0 0 0 0 0 0 0 1024 
0 0 0 0 992 32 0 0 0 0 0 0 0 0 1014 10 0 0 0 0 0 0 0 1024 
0 0 0 0 598 426 0 0 0 0 0 0 0 0 889 135 0 0 0 0 0 0 0 1024 
0 0 0 0 229 795 0 0 0 0 0 0 0 0 524 500 0 0 0 0 0 0 0 1024 
0 0 0 0 54 970 0 0 0 0 0 0 0 0 200 824 0 0 0 0 0 0 0 1024 
0 0 0 0 1 1023 0 0 0 0 0 0 0 0 12 1012 0 0 0 0 0 0 0 1024 
0 0 0 0 0 1024 0 0 0 0 0 0 0 0 4 1020 0 0 0 0 0 0 0 1024 
0 0 0 0 0 1024 0 0 0 0 0 0 0 0 0 1024 0 0 0 0 0 0 0 1024 
0 0 0 0 0 1024 0 0 0 0 0 0 0 0 0 1024 0 0 0 0 0 0 0 1024 
0 0 0 0 0 1024 0 0 0 0 0 0 0 0 0 1024 0 0 0 0 0 0 0 1024 
0 0 0 0 0 1024 0 0 0 0 0 0 0 0 0 1024 0 0 0 0 0 0 0 1024 
0 0 6 2 4 1012 0 0 0 0 0 5 3 0 6 1010 0 0 0 0 2 5 1 1016 
0 24 137 134 20 708 1 0 0 0 16 119 157 17 14 701 0 0 0 7 104 176 15 722 
2 603 70 36 14 298 1 0 0 1 300 363 41 13 12 294 0 0 3 108 541 50 14 308 
137 871 16 0 0 0 0 0 0 95 702 227 0 0 0 0 0 0 18 497 509 0 0 0 
691 310 23 0 0 0 0 0 0 653 285 86 0 0 0 0 0 0 40 896 88 0 0 0 
469 555 0 0 0 0 0 0 0 434 590 0 0 0 0 0 0 0 58 966 0 0 0 0 
365 659 0 0 0 0 0 0 0 235 789 0 0 0 0 0 0 0 130 894 0 0 0 0 
484 508 0 0 0 0 0 0 0 488 504 0 0 0 0 0 0 0 334 658 0 0 0 0 
0 0 0 934 90 0 0 0 0 0 0 0 0 85 939 0 0 0 0 0 0 0 0 1024 
0 0 0 836 188 0 0 0 0 0 0 0 0 8 1016 0 0 0 0 0 0 0 0 1024 
0 0 0 576 448 0 0 0 0 0 0 0 0 0 1024 0 0 0 0 0 0 0 0 1024 
0 0 0 317 707 0 0 0 0 0 0 0 0 0 1024 0 0 0 0 0 0 0 0 1024 
0 0 0 82 942 0 0 0 0 0 0 0 0 0 1024 0 0 0 0 0 0 0 0 1024 
0 0 0 2 1022 0 0 0 0 0 0 0 0 0 1024 0 0 0 0 0 0 0 0 1024 
0 0 0 0 1024 0 0 0 0 0 0 0 0 0 1024 0 0 0 0 0 0 0 0 1024 
0 0 0 0 1024 0 0 0 0 0 0 0 0 0 1024 0 0 0 0 0 0 0 0 1024 
0 0 0 0 1024 0 0 0 0 0 0 0 0 0 1024 0 0 0 0 0 0 0 0 1024 
0 0 0 0 1024 0 0 0 0 0 0 0 0 0 1024 0 0 0 0 0 0 0 0 1024 
0 0 0 0 1024 0 0 0 0 0 0 0 0 0 1024 0 0 0 0 0 0 0 0 1024 
0 0 0 0 1024 0 0 0 0 0 0 0 0 0 1024 0 0 0 0 0 0 0 0 1024 
0 0 0 0 1024 0 0 0 0 0 0 0 0 0 1024 0 0 0 0 0 0 0 0 1024 
0 0 0 0 1024 0 0 0 0 0 0 0 0 0 1024 0 0 0 0 0 0 0 0 1024 
0 0 0 0 1024 0 0 0 0 0 0 0 0 0 1024 0 0 0 0 0 0 0 0 1024 
0 0 0 0 1024 0 0 0 0 0 0 0 0 0 1024 0 0 0 0 0 0 0 0 1024 
0 0 0 0 1024 0 0 0 0 0 0 0 0 0 1024 0 0 0 0 0 0 0 0 1024 
0 0 0 0 1004 20 0 0 0 0 0 0 0 0 1006 18 0 0 0 0 0 0 0 1024 
0 0 0 0 798 226 0 0 0 0 0 0 0 0 904 120 0 0 0 0 0 0 0 1024 
0 0 0 0 383 641 0 0 0 0 0 0 0 0 646 378 0 0 0 0 0 0 0 1024 
0 0 0 0 100 924 0 0 0 0 0 0 0 0 217 807 0 0 0 0 0 0 0 1024 
0 0 0 0 0 1024 0 0 0 0 0 0 0 0 24 1000 0 0 0 0 0 0 0 1024 
0 0 0 0 0 1024 0 0 0 0 0 0 0 0 0 1024 0 0 0 0 0 0 0 1024 
0 0 0 0 0 1024 0 0 0 0 0 0 0 0 0 1024 0 0 0 0 0 0 0 1024 
0 0 0 0 0 1024 0 0 0 0 0 0 0 0 0 1024 0 0 0 0 0 0 0 1024 
0 0 0 0 0 1024 0 0 0 0 0 0 0 0 0 1024 0 0 0 0 0 0 0 1024 
0 0 0 0 0 1024 0 0 0 0 0 0 0 0 0 1024 0 0 0 0 0 0 0 1024 
0 0 0 0 0 1024 0 0 0 0 0 0 0 0 0 1024 0 0 0 0 0 0 0 1024 
0 1 21 3 5 992 2 0 0 0 0 19 4 3 5 993 0 0 0 0 12 11 3 998 
0 59 411 36 16 500 2 0 0 0 0 451 47 15 20 491 0 0 0 0 387 105 17 515 
0 233 607 33 12 137 2 0 0 0 90 734 45 8 15 132 0 0 0 26 706 134 9 149 
2 783 213 26 0 0 0 0 0 15 688 275 46 0 0 0 0 0 4 399 553 68 0 0 
63 961 0 0 0 0 0 0 0 42 979 3 0 0 0 0 0 0 8 932 84 0 0 0 
482 542 0 0 0 0 0 0 0 475 549 0 0 0 0 0 0 0 324 700 0 0 0 0 
752 272 0 0 0 0 0 0 0 850 174 0 0 0 0 0 0 0 472 552 0 0 0 0 
476 548 0 0 0 0 0 0 0 579 445 0 0 0 0 0 0 0 261 763 0 0 0 0 
621 403 0 0 0 0 0 0 0 559 465 0 0 0 0 0 0 0 385 639 0 0 0 0 
712 280 0 0 0 0 0 0 0 716 276 0 0 0 0 0 0 0 503 489 0 0 0 0 
0 54 214 322 336 88 10 0 0 3 146 255 198 141 281 0 0 12 120 214 205 122 40 311 
0 7 63 214 455 220 65 0 0 0 48 161 277 251 287 0 0 0 3 161 291 242 78 249 
0 0 7 131 705 145 36 0 0 0 5 95 175 167 582 0 0 0 0 69 175 168 49 563 
0 0 0 12 1000 11 1 0 0 0 0 11 5 11 997 0 0 0 0 3 11 3 12 995 
0 0 0 0 1024 0 0 0 0 0 0 0 0 0 1024 0 0 0 0 0 0 0 0 1024 
0 0 0 0 1024 0 0 0 0 0 0 0 0 0 1024 0 0 0 0 0 0 0 0 1024 
0 0 0 0 1024 0 0 0 0 0 0 0 0 0 1024 0 0 0 0 0 0 0 0 1024 
0 0 0 0 1024 0 0 0 0 0 0 0 0 0 1024 0 0 0 0 0 0 0 0 1024 
0 0 0 0 1024 0 0 0 0 0 0 0 0 0 1024 0 0 0 0 0 0 0 0 1024 
0 0 0 0 1024 0 0 0 0 0 0 0 0 0 1024 0 0 0 0 0 0 0 0 1024 
0 0 0 0 1024 0 0 0 0 0 0 0 0 0 1024 0 0 0 0 0 0 0 0 1024 
0 0 0 0 1024 0 0 0 0 0 0 0 0 0 1024 0 0 0 0 0 0 0 0 1024 
0 0 0 0 1024 0 0 0 0 0 0 0 0 0 1020 4 0 0 0 0 0 0 0 1024 
0 0 0 0 971 53 0 0 0 0 0 0 0 0 1017 7 0 0 0 0 0 0 0 1024 
0 0 0 0 678 346 0 0 0 0 0 0 0 0 828 196 0 0 0 0 0 0 0 1024 
0 0 0 0 551 473 0 0 0 0 0 0 0 0 559 465 0 0 0 0 0 0 0 1024 
0 0 0 0 321 703 0 0 0 0 0 0 0 0 421 603 0 0 0 0 0 0 0 1024 
0 0 0 0 80 944 0 0 0 0 0 0 0 0 196 828 0 0 0 0 0 0 0 1024 
0 0 0 0 0 1024 0 0 0 0 0 0 0 0 27 997 0 0 0 0 0 0 0 1024 
0 0 0 0 0 1024 0 0 0 0 0 0 0 0 0 1024 0 0 0 0 0 0 0 1024 
0 0 0 0 0 1024 0 0 0 0 0 0 0 0 0 1024 0 0 0 0 0 0 0 1024 
0 0 0 0 0 1024 0 0 0 0 0 0 0 0 0 1024 0 0 0 0 0 0 0 1024 
0 0 0 0 0 1024 0 0 0 0 0 0 0 0 0 1024 0 0 0 0 0 0 0 1024 
0 0 0 0 0 1024 0 0 0 0 0 0 0 0 0 1024 0 0 0 0 0 0 0 1024 
0 0 0 0 0 1024 0 0 0 0 0 0 0 0 0 1024 0 0 0 0 0 0 0 1024 
0 0 0 0 0 1024 0 0 0 0 0 0 0 0 0 1024 0 0 0 0 0 0 0 1024 
0 3 14 7 2 990 8 0 0 0 0 13 8 3 3 997 0 0 0 0 15 7 3 999 
0 57 148 181 96 528 14 0 0 0 0 222 238 20 13 531 0 0 0 0 235 225 19 545 
0 256 210 380 24 150 4 0 0 0 1 470 380 14 11 148 0 0 0 1 662 188 16 157 
0 897 125 2 0 0 0 0 0 0 395 617 12 0 0 0 0 0 0 203 807 14 0 0 
5 934 83 2 0 0 0 0 0 12 840 163 9 0 0 0 0 0 20 685 319 0 0 0 
247 776 1 0 0 0 0 0 0 298 724 2 0 0 0 0 0 0 235 737 52 0 0 0 
476 536 12 0 0 0 0 0 0 517 498 9 0 0 0 0 0 0 520 504 0 0 0 0 
968 56 0 0 0 0 0 0 0 951 73 0 0 0 0 0 0 0 879 145 0 0 0 0 
921 103 0 0 0 0 0 0 0 1011 13 0 0 0 0 0 0 0 957 67 0 0 0 0 
810 214 0 0 0 0 0 0 0 916 108 0 0 0 0 0 0 0 795 229 0 0 0 0 
667 357 0 0 0 0 0 0 0 884 140 0 0 0 0 0 0 6 676 342 0 0 0 0 
639 350 3 0 0 0 0 0 0 766 219 7 0 0 0 0 0 8 753 231 0 0 0 0 
0 10 124 416 269 146 53 6 0 9 62 443 341 127 39 3 1 71 347 260 202 121 21 1 
0 0 4 114 255 472 176 3 0 0 2 91 306 477 146 2 0 0 49 124 259 490 101 1 
0 0 4 34 179 523 280 4 0 0 6 39 219 554 206 0 0 0 0 43 238 573 170 0 
0 0 13 50 257 267 414 23 0 0 8 46 128 335 496 11 0 0 2 43 128 369 332 150 
0 0 0 0 901 69 52 2 0 0 0 0 8 54 962 0 0 0 0 0 3 50 56 915 
0 0 0 0 1024 0 0 0 0 0 0 0 0 0 1024 0 0 0 0 0 0 0 0 1024 
0 0 0 0 1024 0 0 0 0 0 0 0 0 0 1024 0 0 0 0 0 0 0 0 1024 
0 0 0 0 1012 12 0 0 0 0 0 0 0 1 1021 2 0 0 0 0 0 0 1 1023 
0 0 2 9 1003 10 0 0 0 0 0 0 5 17 993 9 0 0 0 0 4 5 13 1002 
0 0 0 0 998 26 0 0 0 0 0 0 0 0 931 93 0 0 0 0 0 0 0 1024 
0 0 0 0 794 230 0 0 0 0 0 0 0 0 845 179 0 0 0 0 0 0 0 1024 
0 0 0 0 549 475 0 0 0 0 0 0 0 0 579 445 0 0 0 0 0 0 0 1024 
0 0 0 0 231 793 0 0 0 0 0 0 0 0 343 681 0 0 0 0 0 0 0 1024 
0 0 0 0 8 1016 0 0 0 0 0 0 0 0 96 928 0 0 0 0 0 0 0 1024 
0 0 0 0 0 1024 0 0 0 0 0 0 0 0 9 1015 0 0 0 0 0 0 0 1024 
0 0 0 0 0 1024 0 0 0 0 0 0 0 0 0 1024 0 0 0 0 0 0 0 1024 
0 0 0 0 0 1024 0 0 0 0 0 0 0 0 0 1024 0 0 0 0 0 0 0 1024 
0 0 0 0 0 1024 0 0 0 0 0 0 0 0 0 1024 0 0 0 0 0 0 0 1024 
0 0 0 0 0 1024 0 0 0 0 0 0 0 0 0 1024 0 0 0 0 0 0 0 1024 
0 0 0 0 0 1024 0 0 0 0 0 0 0 0 0 1024 0 0 0 0 0 0 0 1024 
0 0 0 0 0 1024 0 0 0 0 0 0 0 0 0 1024 0 0 0 0 0 0 0 1024 
0 0 0 0 0 1024 0 0 0 0 0 0 0 0 0 1024 0 0 0 0 0 0 0 1024 
0 0 0 0 0 1024 0 0 0 0 0 0 0 0 0 1024 0 0 0 0 0 0 0 1024 
0 0 0 0 0 1024 0 0 0 0 0 0 0 0 0 1024 0 0 0 0 0 0 0 1024 
0 0 0 0 0 996 28 0 0 0 0 0 0 0 0 1024 0 0 0 0 0 0 0 1024 
0 43 17 7 4 815 138 0 0 0 6 52 4 7 4 951 0 0 0 0 59 4 7 954 
0 321 343 68 12 226 54 0 0 0 97 563 72 7 12 273 0 0 0 24 665 45 10 280 
0 327 557 136 4 0 0 0 0 0 75 829 120 0 0 0 0 0 0 58 931 35 0 0 
1 818 145 55 5 0 0 0 0 0 542 425 55 2 0 0 0 0 0 579 433 12 0 0 
57 942 25 0 0 0 0 0 0 65 899 60 0 0 0 0 0 0 75 937 12 0 0 0 
683 256 75 10 0 0 0 0 0 725 206 78 15 0 0 0 0 0 745 274 5 0 0 0 
502 519 3 0 0 0 0 0 0 674 348 2 0 0 0 0 0 0 754 270 0 0 0 0 
255 750 19 0 0 0 0 0 0 559 458 7 0 0 0 0 0 0 756 267 1 0 0 0 
809 215 0 0 0 0 0 0 0 992 32 0 0 0 0 0 0 0 977 47 0 0 0 0 
763 261 0 0 0 0 0 0 0 1009 15 0 0 0 0 0 0 0 930 94 0 0 0 0 
880 143 1 0 0 0 0 0 0 944 79 1 0 0 0 0 0 4 999 21 0 0 0 0 
867 153 4 0 0 0 0 0 0 901 123 0 0 0 0 0 0 4 1000 20 0 0 0 0 
973 19 0 0 0 0 0 0 0 979 13 0 0 0 0 0 0 0 992 0 0 0 0 0 
0 13 171 510 191 76 58 5 0 5 91 479 302 89 53 5 3 121 455 245 102 63 35 0 
2 12 126 332 395 139 18 0 0 3 43 333 452 176 17 0 9 81 230 371 250 81 2 0 
0 4 118 417 177 139 164 5 0 2 52 383 280 198 106 3 1 55 356 252 76 201 82 1 
0 14 221 393 93 117 178 8 0 0 54 515 146 192 117 0 0 32 217 380 87 203 103 2 
0 0 327 280 194 80 136 7 0 0 35 511 132 77 263 6 0 0 18 534 133 76 111 152 
0 0 106 188 618 95 17 0 0 0 3 215 130 82 590 4 0 0 0 174 146 87 44 573 
0 0 21 55 749 197 2 0 0 0 0 43 45 34 744 158 0 0 0 19 57 34 18 896 
10 24 40 81 522 347 0 0 0 12 24 31 57 66 610 224 0 2 25 22 33 49 63 830 
46 135 113 118 224 388 0 0 7 112 110 91 84 67 233 320 42 134 94 73 58 51 59 513 
0 0 0 0 37 987 0 0 0 0 0 0 0 0 54 970 0 0 0 0 0 0 0 1024 
0 0 0 0 0 1024 0 0 0 0 0 0 0 0 0 1024 0 0 0 0 0 0 0 1024 
0 0 0 0 0 1024 0 0 0 0 0 0 0 0 0 1024 0 0 0 0 0 0 0 1024 
0 0 0 0 0 1024 0 0 0 0 0 0 0 0 0 1024 0 0 0 0 0 0 0 1024 
0 0 0 0 0 1024 0 0 0 0 0 0 0 0 0 1024 0 0 0 0 0 0 0 1024 
0 0 0 0 0 1024 0 0 0 0 0 0 0 0 0 1024 0 0 0 0 0 0 0 1024 
0 0 0 0 0 1024 0 0 0 0 0 0 0 0 0 1024 0 0 0 0 0 0 0 1024 
0 0 0 0 0 1024 0 0 0 0 0 0 0 0 0 1024 0 0 0 0 0 0 0 1024 
0 0 0 0 0 1024 0 0 0 0 0 0 0 0 0 1024 0 0 0 0 0 0 0 1024 
0 0 0 0 0 1024 0 0 0 0 0 0 0 0 0 1024 0 0 0 0 0 0 0 1024 
0 0 0 0 0 1023 1 0 0 0 0 0 0 0 0 1024 0 0 0 0 0 0 0 1024 
0 0 0 0 0 870 154 0 0 0 0 0 0 0 0 1024 0 0 0 0 0 0 0 1024 
0 0 0 0 0 642 382 0 0 0 0 0 0 0 0 1024 0 0 0 0 0 0 0 1024 
0 0 0 0 0 452 572 0 0 0 0 0 0 0 0 1024 0 0 0 0 0 0 0 1024 
0 0 0 0 0 187 837 0 0 0 0 0 0 0 0 1024 0 0 0 0 0 0 0 1024 
0 30 42 9 3 55 885 0 0 0 13 58 7 5 9 932 0 0 0 8 64 9 3 940 
0 228 568 32 9 40 147 0 0 0 57 725 40 10 8 184 0 0 0 136 672 18 8 190 
4 524 356 137 3 0 0 0 0 0 418 510 95 1 0 0 0 0 0 321 687 16 0 0 
1 938 70 15 0 0 0 0 0 0 851 168 5 0 0 0 0 0 0 837 185 2 0 0 
197 699 128 0 0 0 0 0 0 214 652 154 4 0 0 0 0 0 258 738 28 0 0 0 
787 210 27 0 0 0 0 0 0 843 133 48 0 0 0 0 0 0 910 112 2 0 0 0 
901 123 0 0 0 0 0 0 0 999 25 0 0 0 0 0 0 0 1014 10 0 0 0 0 
718 297 9 0 0 0 0 0 0 930 94 0 0 0 0 0 0 3 962 59 0 0 0 0 
860 164 0 0 0 0 0 0 0 1006 18 0 0 0 0 0 0 0 1000 24 0 0 0 0 
990 34 0 0 0 0 0 0 0 1024 0 0 0 0 0 0 0 0 1020 4 0 0 0 0 
801 213 10 0 0 0 0 0 0 910 112 2 0 0 0 0 0 11 998 15 0 0 0 0 
982 42 0 0 0 0 0 0 0 1005 19 0 0 0 0 0 0 9 1014 1 0 0 0 0 
1010 14 0 0 0 0 0 0 0 1024 0 0 0 0 0 0 0 45 979 0 0 0 0 0 
992 0 0 0 0 0 0 0 0 992 0 0 0 0 0 0 0 149 843 0 0 0 0 0 
0 61 332 538 88 5 0 0 0 34 236 540 208 6 0 0 37 309 475 193 10 0 0 0 
7 83 310 530 74 16 4 0 1 40 170 590 200 19 4 0 38 325 514 102 37 6 2 0 
4 77 286 377 199 65 16 0 0 40 195 420 267 81 19 2 14 154 397 288 121 39 11 0 
0 43 227 449 211 64 30 0 0 19 167 465 272 71 30 0 3 115 435 303 104 47 17 0 
0 3 119 460 293 100 34 15 0 1 27 470 365 104 42 15 1 19 257 512 146 59 27 3 
0 4 177 510 162 102 62 7 0 0 22 554 259 125 59 5 0 3 140 559 160 120 39 3 
0 15 252 495 155 92 15 0 0 0 36 559 274 118 37 0 0 0 35 589 256 113 23 8 
237 288 224 162 86 27 0 0 71 325 217 179 107 53 56 16 184 260 171 161 84 47 42 75 
168 264 199 146 72 175 0 0 61 258 210 161 96 60 43 135 150 308 174 112 49 37 35 159 
0 5 9 19 22 969 0 0 0 0 7 7 15 13 27 955 0 2 6 3 12 13 15 973 
0 0 0 0 0 1024 0 0 0 0 0 0 0 0 0 1024 0 0 0 0 0 0 0 1024 
0 0 0 0 0 1024 0 0 0 0 0 0 0 0 0 1024 0 0 0 0 0 0 0 1024 
0 0 0 0 0 1024 0 0 0 0 0 0 0 0 0 1024 0 0 0 0 0 0 0 1024 
0 0 0 0 0 1024 0 0 0 0 0 0 0 0 0 1024 0 0 0 0 0 0 0 1024 
0 0 0 0 0 1024 0 0 0 0 0 0 0 0 0 1024 0 0 0 0 0 0 0 1024 
0 0 0 0 0 987 37 0 0 0 0 0 0 0 0 1024 0 0 0 0 0 0 0 1024 
0 0 0 0 0 803 221 0 0 0 0 0 0 0 0 1024 0 0 0 0 0 0 0 1024 
0 0 0 0 0 590 434 0 0 0 0 0 0 0 0 1024 0 0 0 0 0 0 0 1024 
0 0 0 0 0 348 676 0 0 0 0 0 0 0 0 1024 0 0 0 0 0 0 0 1024 
0 0 0 0 0 104 920 0 0 0 0 0 0 0 0 1024 0 0 0 0 0 0 0 1024 
0 0 0 0 0 0 1024 0 0 0 0 0 0 0 0 1024 0 0 0 0 0 0 0 1024 
0 0 0 0 0 0 1024 0 0 0 0 0 0 0 0 1024 0 0 0 0 0 0 0 1024 
0 0 0 0 0 0 1024 0 0 0 0 0 0 0 0 1024 0 0 0 0 0 0 0 1024 
0 187 16 11 15 18 777 0 0 0 165 35 10 11 13 790 0 0 0 75 122 13 16 798 
0 581 302 11 10 15 105 0 0 0 340 539 12 10 9 114 0 0 1 435 444 12 10 122 
16 747 218 35 6 0 2 0 0 0 691 295 31 5 0 2 0 0 17 736 249 18 2 2 
84 863 52 20 4 1 0 0 0 17 938 50 17 2 0 0 2 25 98 880 18 1 0 0 
545 477 2 0 0 0 0 0 0 457 562 5 0 0 0 0 0 0 522 502 0 0 0 0 
965 59 0 0 0 0 0 0 0 1004 20 0 0 0 0 0 0 0 1011 13 0 0 0 0 
844 180 0 0 0 0 0 0 0 983 41 0 0 0 0 0 0 0 1014 10 0 0 0 0 
927 94 3 0 0 0 0 0 0 966 57 1 0 0 0 0 0 0 1008 16 0 0 0 0 
835 184 5 0 0 0 0 0 0 902 120 2 0 0 0 0 0 13 1001 10 0 0 0 0 
1024 0 0 0 0 0 0 0 0 1024 0 0 0 0 0 0 0 0 1024 0 0 0 0 0 
915 103 6 0 0 0 0 0 0 961 62 1 0 0 0 0 0 19 997 8 0 0 0 0 
957 67 0 0 0 0 0 0 0 1012 12 0 0 0 0 0 0 54 970 0 0 0 0 0 
1024 0 0 0 0 0 0 0 0 1024 0 0 0 0 0 0 0 560 464 0 0 0 0 0 
1024 0 0 0 0 0 0 0 0 1024 0 0 0 0 0 0 0 907 117 0 0 0 0 0 
992 0 0 0 0 0 0 0 0 992 0 0 0 0 0 0 0 904 88 0 0 0 0 0 
0 1 125 588 295 14 1 0 0 0 51 482 467 23 1 0 0 28 383 527 81 5 0 0 
0 10 137 725 149 3 0 0 0 5 41 567 405 6 0 0 5 66 597 338 18 0 0 0 
0 3 114 637 195 53 20 2 0 0 34 473 422 67 23 5 0 69 544 275 96 34 6 0 
2 57 126 366 266 158 48 1 0 42 103 327 358 156 38 0 9 105 318 270 201 105 16 0 
0 17 194 481 205 111 16 0 0 7 92 499 309 109 8 0 1 101 423 281 154 61 3 0 
0 4 157 634 153 35 34 7 0 0 69 544 332 39 36 4 0 58 558 311 46 31 20 0 
112 131 343 373 43 21 1 0 49 137 193 529 86 26 4 0 156 162 568 93 31 13 1 0 
227 390 259 108 38 2 0 0 95 385 309 166 61 7 1 0 373 381 180 66 22 2 0 0 
200 404 271 123 20 4 1 1 65 422 294 186 46 9 1 1 324 421 213 54 8 2 1 1 
0 27 129 258 172 408 30 0 0 11 77 185 255 117 46 333 18 107 145 122 159 94 42 337 
0 2 12 29 29 785 167 0 0 0 8 13 21 22 34 926 0 5 12 9 18 16 22 942 
0 0 0 0 0 686 338 0 0 0 0 0 0 0 0 1024 0 0 0 0 0 0 0 1024 
0 0 0 0 0 474 550 0 0 0 0 0 0 0 0 1024 0 0 0 0 0 0 0 1024 
0 0 0 0 0 350 674 0 0 0 0 0 0 0 0 1024 0 0 0 0 0 0 0 1024 
0 0 0 0 0 182 842 0 0 0 0 0 0 0 0 1024 0 0 0 0 0 0 0 1024 
0 0 0 0 0 24 1000 0 0 0 0 0 0 0 0 1024 0 0 0 0 0 0 0 1024 
0 0 0 0 0 0 1024 0 0 0 0 0 0 0 0 1024 0 0 0 0 0 0 0 1024 
0 0 0 0 0 0 1024 0 0 0 0 0 0 0 0 1024 0 0 0 0 0 0 0 1024 
0 0 0 0 0 0 1023 1 0 0 0 0 0 0 0 1024 0 0 0 0 0 0 0 1024 
0 0 0 0 0 0 1008 16 0 0 0 0 0 0 0 1024 0 0 0 0 0 0 0 1024 
0 0 0 0 0 0 1024 0 0 0 0 0 0 0 0 1024 0 0 0 0 0 0 0 1024 
0 0 0 0 0 0 1024 0 0 0 0 0 0 0 0 1024 0 0 0 0 0 0 0 1024 
0 306 25 15 12 16 650 0 0 0 279 51 12 9 20 653 0 0 0 189 143 14 13 665 
5 846 108 11 8 8 38 0 0 0 796 160 14 5 4 45 0 0 8 721 236 5 7 47 
91 856 77 0 0 0 0 0 0 19 900 105 0 0 0 0 0 0 15 970 39 0 0 0 
56 506 242 111 56 30 12 11 0 66 609 192 84 39 21 13 24 48 302 525 65 30 19 11 
289 358 201 84 51 30 8 3 0 408 322 175 52 39 23 5 37 158 549 211 35 20 9 5 
1022 2 0 0 0 0 0 0 0 1024 0 0 0 0 0 0 0 0 1024 0 0 0 0 0 
983 39 2 0 0 0 0 0 0 1015 8 1 0 0 0 0 0 3 1019 2 0 0 0 0 
627 339 58 0 0 0 0 0 0 754 230 40 0 0 0 0 0 42 935 47 0 0 0 0 
659 316 49 0 0 0 0 0 0 747 245 32 0 0 0 0 0 78 913 33 0 0 0 0 
1000 24 0 0 0 0 0 0 0 1012 12 0 0 0 0 0 0 7 1017 0 0 0 0 0 
995 28 1 0 0 0 0 0 0 1016 8 0 0 0 0 0 0 220 802 2 0 0 0 0 
1011 13 0 0 0 0 0 0 0 1024 0 0 0 0 0 0 0 366 658 0 0 0 0 0 
1024 0 0 0 0 0 0 0 0 1024 0 0 0 0 0 0 0 613 411 0 0 0 0 0 
1021 3 0 0 0 0 0 0 0 1024 0 0 0 0 0 0 0 490 534 0 0 0 0 0 
1011 11 2 0 0 0 0 0 5 1008 9 2 0 0 0 0 0 1001 21 2 0 0 0 0 
942 48 2 0 0 0 0 0 7 946 37 2 0 0 0 0 0 906 84 2 0 0 0 0 
0 50 301 516 116 28 12 1 0 20 195 572 190 33 13 1 2 128 527 278 56 28 5 0 
0 1 110 692 181 35 5 0 0 0 41 551 380 45 7 0 0 32 526 373 70 22 1 0 
0 0 48 711 253 12 0 0 0 0 11 424 570 19 0 0 0 8 455 522 35 4 0 0 
1 17 200 714 87 5 0 0 0 8 57 552 394 13 0 0 7 137 647 218 14 1 0 0 
0 16 149 527 182 68 52 30 0 9 72 455 328 78 53 29 2 108 460 239 106 50 50 9 
36 98 285 385 106 48 30 36 19 85 168 463 167 55 45 22 63 236 407 170 60 36 45 7 
303 359 206 127 23 5 1 0 141 422 236 150 65 9 0 1 506 330 148 30 7 2 1 0 
349 373 201 83 14 4 0 0 192 430 251 110 36 5 0 0 563 315 112 26 6 2 0 0 
158 401 287 153 23 1 1 0 54 375 318 201 72 3 1 0 420 401 172 28 1 1 1 0 
54 227 306 332 98 7 0 0 14 172 271 318 223 25 1 0 144 391 323 139 24 3 0 0 
0 7 88 345 248 132 192 12 0 4 14 238 364 151 87 166 2 22 46 273 295 140 77 169 
0 0 1 82 100 85 756 0 0 0 0 28 115 78 49 754 0 0 0 28 112 76 48 760 
0 0 0 0 0 0 1024 0 0 0 0 0 0 0 0 1024 0 0 0 0 0 0 0 1024 
0 0 0 0 0 0 1024 0 0 0 0 0 0 0 0 1024 0 0 0 0 0 0 0 1024 
0 0 0 0 0 0 1024 0 0 0 0 0 0 0 0 1024 0 0 0 0 0 0 0 1024 
0 0 0 0 0 0 1024 0 0 0 0 0 0 0 0 1024 0 0 0 0 0 0 0 1024 
0 0 0 0 4 4 1016 0 0 0 0 0 0 4 3 1017 0 0 0 0 0 0 6 1018 
0 0 0 0 0 0 1024 0 0 0 0 0 0 0 0 1024 0 0 0 0 0 0 0 1024 
0 0 0 0 0 0 990 34 0 0 0 0 0 0 0 1024 0 0 0 0 0 0 0 1024 
0 0 0 0 0 0 922 102 0 0 0 0 0 0 0 1024 0 0 0 0 0 0 0 1024 
0 74 19 38 10 10 838 35 0 0 64 26 39 11 10 874 0 0 0 21 84 30 12 877 
13 561 64 11 18 12 340 5 0 1 539 95 13 17 10 349 0 0 4 446 188 15 18 353 
134 868 21 0 1 0 0 0 0 49 933 40 1 1 0 0 0 0 1 969 51 2 1 0 
75 825 116 8 0 0 0 0 0 24 903 94 3 0 0 0 0 0 125 879 20 0 0 0 
224 694 104 2 0 0 0 0 0 281 644 97 2 0 0 0 0 0 531 478 15 0 0 0 
625 266 79 25 22 7 0 0 0 752 172 60 22 14 4 0 0 49 827 102 22 17 7 0 
752 156 60 22 18 13 3 0 0 875 79 22 28 13 7 0 0 60 880 36 32 13 3 0 
982 42 0 0 0 0 0 0 0 1024 0 0 0 0 0 0 0 0 1024 0 0 0 0 0 
893 124 7 0 0 0 0 0 0 951 70 3 0 0 0 0 0 28 988 8 0 0 0 0 
866 157 1 0 0 0 0 0 0 995 28 1 0 0 0 0 0 9 1009 6 0 0 0 0 
780 239 5 0 0 0 0 0 0 890 132 2 0 0 0 0 0 48 959 17 0 0 0 0 
1024 0 0 0 0 0 0 0 0 1024 0 0 0 0 0 0 0 433 591 0 0 0 0 0 
1024 0 0 0 0 0 0 0 0 1024 0 0 0 0 0 0 0 974 50 0 0 0 0 0 
1024 0 0 0 0 0 0 0 0 1024 0 0 0 0 0 0 0 997 27 0 0 0 0 0 
1013 11 0 0 0 0 0 0 2 1015 7 0 0 0 0 0 0 883 141 0 0 0 0 0 
885 130 9 0 0 0 0 0 14 901 103 6 0 0 0 0 0 875 148 1 0 0 0 0 
764 203 57 0 0 0 0 0 31 779 175 39 0 0 0 0 5 843 176 0 0 0 0 0 
760 166 66 0 0 0 0 0 32 768 140 52 0 0 0 0 6 848 138 0 0 0 0 0 
2 53 345 461 108 36 18 1 1 31 270 467 194 38 22 1 37 241 424 230 47 35 10 0 
0 6 165 518 251 70 14 0 0 2 114 469 345 78 15 1 0 51 370 428 128 39 8 0 
0 4 119 455 350 79 17 0 0 2 68 355 485 94 20 0 0 42 298 488 136 48 12 0 
0 6 137 507 330 43 1 0 0 0 72 423 464 61 4 0 0 48 374 482 101 18 1 0 
0 0 111 695 185 33 0 0 0 0 30 477 467 45 5 0 0 25 543 388 45 23 0 0 
156 180 135 416 132 5 0 0 60 235 120 218 377 13 1 0 250 174 304 278 15 3 0 0 
221 290 255 161 70 21 6 0 109 333 255 199 95 25 8 0 364 304 208 97 38 13 0 0 
137 329 265 191 64 30 8 0 67 309 296 215 92 35 8 2 298 351 226 87 41 18 3 0 
181 392 262 121 49 14 5 0 68 407 298 168 58 20 5 0 411 354 160 68 20 7 4 0 
73 299 352 252 44 4 0 0 19 237 317 335 109 7 0 0 298 414 264 46 2 0 0 0 
0 4 131 601 218 50 19 1 0 0 44 448 426 84 20 2 0 12 121 574 259 40 18 0 
0 0 99 664 149 72 36 4 0 0 5 433 447 87 38 14 0 0 10 570 310 83 36 15 
0 0 20 177 152 108 536 31 0 0 1 96 165 141 94 527 0 0 2 101 155 105 130 531 
0 0 0 35 80 21 867 21 0 0 0 0 4 104 27 889 0 0 0 0 0 6 115 903 
0 0 0 69 105 28 770 52 0 0 0 0 55 120 28 821 0 0 0 0 0 97 95 832 
0 0 5 123 300 70 496 30 0 0 0 5 37 367 84 531 0 0 0 0 7 79 371 567 
0 6 26 532 348 45 66 1 0 0 0 28 200 622 101 73 0 0 0 0 110 218 570 126 
0 50 144 337 275 95 105 18 0 0 25 159 311 258 150 121 0 0 0 2 342 196 292 192 
0 70 247 461 155 54 36 1 0 0 32 288 447 178 44 35 0 0 0 21 557 245 117 84 
3 299 347 271 62 16 16 10 0 0 215 412 300 57 15 25 0 0 0 247 534 189 23 31 
150 711 98 65 0 0 0 0 0 143 711 91 79 0 0 0 0 0 86 758 146 34 0 0 
505 505 14 0 0 0 0 0 0 540 464 20 0 0 0 0 0 0 216 799 9 0 0 0 
361 592 65 5 1 0 0 0 0 443 525 54 2 0 0 0 0 0 461 548 14 1 0 0 
245 556 210 12 1 0 0 0 0 353 503 163 4 1 0 0 0 9 665 339 10 0 1 0 
975 48 1 0 0 0 0 0 0 1000 24 0 0 0 0 0 0 2 1016 6 0 0 0 0 
869 83 39 14 6 6 3 4 2 932 35 29 12 5 2 7 5 105 869 25 4 8 1 7 
537 211 118 58 45 35 15 5 0 672 166 76 45 42 17 6 9 261 553 86 48 36 24 7 
1010 12 2 0 0 0 0 0 0 1018 6 0 0 0 0 0 0 115 906 3 0 0 0 0 
925 99 0 0 0 0 0 0 0 1023 1 0 0 0 0 0 0 1 1023 0 0 0 0 0 
1001 23 0 0 0 0 0 0 0 1016 8 0 0 0 0 0 0 46 978 0 0 0 0 0 
942 75 7 0 0 0 0 0 0 981 42 1 0 0 0 0 0 701 319 4 0 0 0 0 
1024 0 0 0 0 0 0 0 0 1024 0 0 0 0 0 0 0 959 65 0 0 0 0 0 
1024 0 0 0 0 0 0 0 0 1024 0 0 0 0 0 0 0 1024 0 0 0 0 0 0 
1005 19 0 0 0 0 0 0 2 1018 4 0 0 0 0 0 0 863 161 0 0 0 0 0 
714 262 48 0 0 0 0 0 6 782 206 30 0 0 0 0 7 811 204 2 0 0 0 0 
647 275 102 0 0 0 0 0 7 706 227 84 0 0 0 0 12 840 168 4 0 0 0 0 
582 379 63 0 0 0 0 0 14 729 256 25 0 0 0 0 4 806 212 2 0 0 0 0 
413 470 109 0 0 0 0 0 10 581 369 32 0 0 0 0 2 680 307 3 0 0 0 0 
5 171 390 375 75 6 2 0 2 91 339 430 148 12 2 0 163 360 363 117 18 3 0 0 
0 49 249 463 147 58 50 8 0 17 191 456 230 60 58 12 23 187 373 259 85 60 36 1 
0 8 210 536 197 56 17 0 0 3 100 469 364 67 20 1 1 84 469 351 68 40 11 0 
0 2 209 489 222 81 21 0 0 1 114 483 313 93 20 0 0 68 415 343 120 66 12 0 
0 8 112 488 286 98 31 1 0 7 36 381 450 107 42 1 2 45 322 427 145 62 21 0 
134 211 251 328 96 3 1 0 38 228 210 288 245 14 1 0 226 245 336 202 13 2 0 0 
227 297 235 201 54 8 2 0 108 317 238 234 115 10 2 0 363 284 259 101 11 5 1 0 
248 366 265 125 17 2 1 0 138 366 276 190 51 1 2 0 475 362 156 24 4 2 1 0 
46 221 225 200 135 87 91 19 12 186 237 222 157 101 83 26 131 234 214 162 112 85 69 17 
104 306 329 185 64 23 12 1 40 269 338 244 90 31 11 1 353 368 186 65 29 17 6 0 
10 58 95 200 218 193 205 45 1 41 87 181 266 219 204 25 56 97 188 178 184 199 122 0 
0 5 101 649 160 52 40 17 0 0 20 494 374 71 52 13 2 35 309 509 95 36 32 6 
0 1 167 529 184 104 32 7 0 0 38 467 338 132 38 11 0 4 102 532 229 115 34 8 
0 5 112 645 188 59 14 1 0 0 19 240 523 219 22 1 0 0 24 300 245 376 79 0 
0 5 95 548 310 65 1 0 0 0 2 130 481 394 17 0 0 0 0 32 415 508 69 0 
0 85 321 537 74 6 1 0 0 0 54 321 574 72 3 0 0 0 0 37 776 198 13 0 
0 446 285 250 41 2 0 0 0 0 333 384 288 19 0 0 0 0 0 95 856 72 1 0 
0 629 374 21 0 0 0 0 0 0 441 554 29 0 0 0 0 0 0 208 814 2 0 0 
64 827 133 0 0 0 0 0 0 39 662 319 4 0 0 0 0 0 19 594 411 0 0 0 
493 505 26 0 0 0 0 0 0 497 477 50 0 0 0 0 0 0 397 598 29 0 0 0 
927 97 0 0 0 0 0 0 0 972 52 0 0 0 0 0 0 0 748 276 0 0 0 0 
913 111 0 0 0 0 0 0 0 1009 15 0 0 0 0 0 0 0 986 38 0 0 0 0 
687 334 3 0 0 0 0 0 0 880 144 0 0 0 0 0 0 13 932 79 0 0 0 0 
964 46 10 3 1 0 0 0 0 989 25 9 0 1 0 0 0 42 967 13 1 1 0 0 
711 147 95 36 21 11 1 2 5 814 113 52 20 15 2 3 14 291 630 46 24 11 6 2 
804 97 46 41 18 10 8 0 10 864 58 38 31 11 11 1 5 322 629 34 16 10 8 0 
761 103 76 22 23 27 10 2 0 855 70 33 26 24 13 3 6 327 605 22 20 29 12 3 
935 89 0 0 0 0 0 0 0 1024 0 0 0 0 0 0 0 20 1004 0 0 0 0 0 
895 84 23 3 10 4 5 0 3 966 20 14 4 9 5 3 3 167 828 8 8 5 3 2 
1015 9 0 0 0 0 0 0 21 1003 0 0 0 0 0 0 0 662 362 0 0 0 0 0 
1024 0 0 0 0 0 0 0 0 1024 0 0 0 0 0 0 0 786 238 0 0 0 0 0 
1024 0 0 0 0 0 0 0 3 1021 0 0 0 0 0 0 0 888 136 0 0 0 0 0 
1016 8 0 0 0 0 0 0 9 1010 5 0 0 0 0 0 0 1014 10 0 0 0 0 0 
898 109 17 0 0 0 0 0 14 909 92 9 0 0 0 0 0 935 87 2 0 0 0 0 
575 368 81 0 0 0 0 0 7 656 314 47 0 0 0 0 21 797 206 0 0 0 0 0 
733 247 44 0 0 0 0 0 30 793 177 24 0 0 0 0 20 892 110 2 0 0 0 0 
624 340 60 0 0 0 0 0 27 739 219 39 0 0 0 0 36 844 143 1 0 0 0 0 
481 373 137 1 0 0 0 0 20 591 285 96 0 0 0 0 39 765 186 2 0 0 0 0 
4 60 327 530 96 6 1 0 0 26 182 539 263 12 2 0 54 318 507 125 16 4 0 0 
5 80 294 486 146 13 0 0 0 41 192 485 278 28 0 0 90 263 446 192 30 3 0 0 
0 11 184 552 239 31 7 0 0 1 71 463 439 41 9 0 11 204 512 246 37 13 1 0 
2 134 370 362 126 26 4 0 0 44 309 422 207 36 6 0 34 306 426 198 47 11 2 0 
0 0 40 538 340 88 16 2 0 0 11 362 522 100 27 2 0 3 324 516 118 55 7 1 
366 192 113 270 79 4 0 0 245 271 114 201 182 11 0 0 473 156 234 153 8 0 0 0 
81 176 277 378 103 8 0 1 31 149 196 354 274 18 1 1 181 244 374 209 13 2 1 0 
260 414 217 105 23 3 2 0 104 460 261 141 47 8 3 0 499 325 158 27 12 1 2 0 
160 380 255 147 52 12 9 9 63 382 273 181 84 22 8 11 353 334 193 80 36 9 10 9 
64 302 362 229 57 9 1 0 19 237 354 304 95 13 2 0 328 412 214 54 9 6 1 0 
76 224 314 292 97 12 4 5 22 187 260 333 188 25 3 6 266 399 272 64 12 5 5 1 
22 62 189 400 223 62 49 17 1 50 100 337 355 111 51 19 23 142 462 246 53 51 36 11 
0 9 148 497 219 105 41 5 0 7 62 389 400 126 38 2 6 99 356 363 121 62 17 0 
0 9 234 526 118 82 45 10 0 1 58 568 247 93 47 10 0 14 143 636 116 73 37 5 
0 10 304 653 47 10 0 0 0 0 34 657 312 18 3 0 0 0 52 681 275 14 2 0 
0 117 642 265 0 0 0 0 0 0 76 728 220 0 0 0 0 0 4 442 578 0 0 0 
0 582 401 41 0 0 0 0 0 0 496 478 50 0 0 0 0 0 1 562 461 0 0 0 
150 466 352 56 0 0 0 0 0 162 369 455 38 0 0 0 0 1 121 713 188 1 0 0 
824 193 7 0 0 0 0 0 0 786 229 9 0 0 0 0 0 0 684 337 3 0 0 0 
1017 7 0 0 0 0 0 0 0 1022 2 0 0 0 0 0 0 0 995 29 0 0 0 0 
896 53 60 15 0 0 0 0 0 912 48 57 7 0 0 0 0 22 941 61 0 0 0 0 
910 91 17 6 0 0 0 0 1 970 38 12 3 0 0 0 0 310 692 21 1 0 0 0 
1014 10 0 0 0 0 0 0 0 1023 1 0 0 0 0 0 0 332 692 0 0 0 0 0 
924 64 24 9 3 0 0 0 7 972 30 11 4 0 0 0 0 430 565 20 7 2 0 0 
859 73 49 17 12 9 5 0 25 887 49 34 11 11 7 0 7 707 242 36 12 11 8 1 
615 215 77 69 22 18 8 0 14 779 96 76 24 23 11 1 20 527 361 57 27 19 11 2 
626 156 121 41 40 18 19 3 15 735 119 64 46 23 18 4 34 553 315 48 34 17 20 3 
812 100 46 27 12 6 10 11 15 865 62 29 22 8 9 14 53 449 458 21 12 12 7 12 
399 206 187 108 74 30 10 10 70 461 187 149 79 53 13 12 98 513 256 73 44 26 9 5 
1018 5 1 0 0 0 0 0 25 995 3 1 0 0 0 0 0 1019 4 1 0 0 0 0 
1020 4 0 0 0 0 0 0 38 984 2 0 0 0 0 0 0 1021 3 0 0 0 0 0 
867 93 62 2 0 0 0 0 0 883 104 37 0 0 0 0 1 919 101 3 0 0 0 0 
657 239 123 5 0 0 0 0 5 704 250 65 0 0 0 0 11 793 217 3 0 0 0 0 
365 465 194 0 0 0 0 0 11 505 422 86 0 0 0 0 13 653 357 1 0 0 0 0 
683 284 57 0 0 0 0 0 68 730 212 14 0 0 0 0 5 893 126 0 0 0 0 0 
815 184 25 0 0 0 0 0 152 732 139 1 0 0 0 0 7 940 77 0 0 0 0 0 
849 155 20 0 0 0 0 0 185 740 94 5 0 0 0 0 32 942 49 1 0 0 0 0 
713 249 30 0 0 0 0 0 159 661 168 4 0 0 0 0 42 863 87 0 0 0 0 0 
0 52 372 499 95 6 0 0 0 6 153 544 296 25 0 0 34 347 504 131 8 0 0 0 
2 110 354 404 127 19 7 1 0 38 247 465 235 29 9 1 61 301 442 183 26 8 3 0 
0 28 238 572 174 12 0 0 0 3 91 494 402 34 0 0 19 244 595 157 9 0 0 0 
0 3 83 503 344 75 15 1 0 4 35 430 441 94 19 1 2 107 455 346 85 24 5 0 
0 23 176 413 255 100 47 10 0 4 122 396 332 112 45 13 9 107 340 346 118 65 31 8 
8 46 136 545 267 19 3 0 2 36 78 392 463 48 5 0 39 71 406 442 59 7 0 0 
331 367 198 109 18 1 0 0 173 422 247 135 43 3 1 0 548 296 141 35 3 1 0 0 
198 316 265 169 57 14 5 0 95 356 255 200 94 17 7 0 350 318 225 95 20 13 3 0 
187 332 224 190 82 7 2 0 111 319 253 194 132 13 2 0 393 332 202 85 9 3 0 0 
199 390 250 155 30 0 0 0 68 407 282 197 65 5 0 0 469 358 155 41 1 0 0 0 
96 283 319 258 67 1 0 0 35 232 303 291 151 12 0 0 331 397 246 49 1 0 0 0 
33 134 192 383 275 6 1 0 5 105 163 277 412 61 1 0 98 214 399 294 18 1 0 0 
5 51 213 554 187 9 5 0 2 28 122 376 459 32 5 0 39 178 518 266 18 5 0 0 
2 8 41 221 187 195 257 113 0 6 22 154 310 220 256 56 4 24 191 199 176 203 210 17 
0 4 319 482 49 63 82 25 0 7 54 694 109 80 66 14 0 8 117 692 77 69 55 6 
0 65 393 435 85 39 7 0 0 0 139 625 200 50 10 0 0 1 185 650 129 50 9 0 
81 393 520 30 0 0 0 0 0 77 463 463 21 0 0 0 0 4 391 606 23 0 0 0 
512 145 319 48 0 0 0 0 0 510 196 310 8 0 0 0 0 2 665 350 7 0 0 0 
309 133 451 131 0 0 0 0 0 331 158 491 44 0 0 0 0 6 607 406 5 0 0 0 
308 133 469 114 0 0 0 0 0 328 167 492 37 0 0 0 0 126 552 340 6 0 0 0 
697 104 182 41 0 0 0 0 1 708 119 176 20 0 0 0 0 641 247 134 2 0 0 0 
1023 1 0 0 0 0 0 0 0 1023 1 0 0 0 0 0 0 822 202 0 0 0 0 0 
1024 0 0 0 0 0 0 0 0 1024 0 0 0 0 0 0 0 739 285 0 0 0 0 0 
961 34 11 9 3 6 0 0 13 979 13 10 2 7 0 0 0 876 127 10 3 6 2 0 
660 140 119 41 44 17 2 1 41 727 114 76 45 17 2 2 12 712 173 61 39 23 3 1 
271 203 270 155 72 31 15 7 12 420 196 247 87 35 20 7 26 365 360 161 57 36 14 5 
288 247 201 127 73 56 25 7 35 421 232 145 102 49 33 7 36 456 267 104 81 49 22 9 
690 117 82 64 38 21 8 4 49 705 88 77 53 32 15 5 87 697 158 41 22 11 4 4 
417 232 230 70 50 18 5 2 59 474 250 150 45 34 9 3 98 555 288 53 14 11 5 0 
395 219 349 52 8 1 0 0 3 461 349 196 15 0 0 0 5 569 402 43 5 0 0 0 
127 256 488 144 9 0 0 0 6 191 407 388 31 1 0 0 6 349 576 84 9 0 0 0 
58 429 499 38 0 0 0 0 2 169 641 211 1 0 0 0 14 389 597 24 0 0 0 0 
384 423 195 22 0 0 0 0 18 582 340 84 0 0 0 0 18 674 306 26 0 0 0 0 
637 359 28 0 0 0 0 0 42 834 144 4 0 0 0 0 17 893 112 2 0 0 0 0 
439 465 120 0 0 0 0 0 36 626 325 37 0 0 0 0 35 792 194 3 0 0 0 0 
901 103 20 0 0 0 0 0 249 720 50 5 0 0 0 0 24 944 54 2 0 0 0 0 
692 192 129 8 3 0 0 0 334 443 191 51 5 0 0 0 29 808 171 13 3 0 0 0 
694 185 102 8 3 0 0 0 340 437 154 56 5 0 0 0 88 761 127 13 3 0 0 0 
0 38 287 481 189 26 3 0 0 8 99 416 412 81 7 1 77 341 432 151 22 1 0 0 
45 345 375 216 34 7 2 0 2 188 409 317 94 11 3 0 243 455 255 57 11 3 0 0 
1 46 294 451 197 34 1 0 0 6 111 444 379 73 11 0 34 298 486 172 31 3 0 0 
0 4 87 498 357 67 10 1 0 1 47 396 479 88 12 1 1 50 390 423 133 23 4 0 
104 142 88 273 285 96 29 7 60 161 90 217 351 109 27 9 163 121 221 337 121 39 15 7 
126 144 152 244 241 82 25 10 71 167 151 239 255 96 34 11 181 153 201 280 137 50 20 2 
216 376 242 135 47 8 0 0 118 375 280 167 70 13 1 0 433 322 175 69 24 1 0 0 
124 348 295 166 62 16 7 6 61 341 299 199 87 24 7 6 295 337 241 97 32 11 6 5 
140 325 242 218 92 5 2 0 63 303 255 236 139 25 3 0 401 356 200 60 3 3 1 0 
111 267 268 274 97 6 0 1 50 246 253 281 171 21 1 1 343 355 246 70 8 1 0 1 
110 205 278 358 69 4 0 0 47 172 237 333 222 10 3 0 225 288 399 106 6 0 0 0 
30 238 296 294 151 13 2 0 11 158 282 306 225 39 3 0 212 356 320 119 14 3 0 0 
0 26 170 590 229 9 0 0 0 6 85 375 520 38 0 0 19 128 526 324 25 2 0 0 
0 13 201 558 231 16 5 0 0 1 69 400 514 34 6 0 2 104 499 389 22 8 0 0 
0 23 124 360 199 136 142 40 0 19 79 288 328 151 147 12 5 51 322 285 118 145 94 4 
1 84 260 343 110 90 99 37 0 9 187 406 197 106 97 22 2 48 444 271 77 102 78 2 
0 131 396 408 87 2 0 0 0 4 284 515 216 5 0 0 0 53 611 343 16 1 0 0 
215 378 387 42 2 0 0 0 0 338 416 255 15 0 0 0 0 215 661 145 3 0 0 0 
424 311 265 24 0 0 0 0 0 513 324 181 6 0 0 0 0 490 421 112 1 0 0 0 
900 44 45 32 3 0 0 0 7 909 38 49 21 0 0 0 0 892 88 42 2 0 0 0 
915 47 52 10 0 0 0 0 1 934 41 45 3 0 0 0 0 928 67 29 0 0 0 0 
741 55 178 50 0 0 0 0 1 746 83 180 14 0 0 0 0 766 188 68 2 0 0 0 
500 166 268 90 0 0 0 0 0 520 216 255 33 0 0 0 0 591 298 133 2 0 0 0 
175 203 505 130 11 0 0 0 2 209 329 443 40 1 0 0 0 283 557 172 12 0 0 0 
30 341 509 86 27 22 8 1 0 128 497 333 36 22 7 1 5 291 577 103 23 23 1 1 
63 205 351 199 122 55 24 5 6 171 279 328 127 75 30 8 30 283 404 156 88 40 21 2 
193 286 360 98 35 33 19 0 6 318 372 220 45 40 22 1 29 461 403 59 29 34 9 0 
189 279 315 156 55 21 9 0 18 327 286 277 76 28 9 3 58 457 346 86 48 23 5 1 
64 246 331 200 98 44 27 14 18 189 334 258 120 55 29 21 88 328 348 143 57 33 20 7 
262 399 316 38 6 1 2 0 44 427 386 152 9 4 2 0 32 572 370 43 5 2 0 0 
466 405 149 4 0 0 0 0 68 636 284 36 0 0 0 0 24 781 212 7 0 0 0 0 
105 433 332 97 40 13 3 1 4 313 451 180 53 18 4 1 12 499 384 79 34 12 3 1 
355 483 179 7 0 0 0 0 36 558 372 58 0 0 0 0 50 746 224 4 0 0 0 0 
456 430 127 9 2 0 0 0 42 623 289 68 2 0 0 0 42 795 173 12 2 0 0 0 
477 424 122 1 0 0 0 0 16 619 335 53 1 0 0 0 78 823 123 0 0 0 0 0 
302 569 153 0 0 0 0 0 29 468 451 76 0 0 0 0 52 844 128 0 0 0 0 0 
364 497 162 1 0 0 0 0 73 500 386 65 0 0 0 0 43 818 163 0 0 0 0 0 
447 359 185 1 0 0 0 0 93 510 291 98 0 0 0 0 34 815 143 0 0 0 0 0 
0 51 313 487 162 10 1 0 0 7 139 430 392 54 2 0 99 388 427 102 6 2 0 0 
23 103 257 361 213 50 15 2 2 73 162 346 337 85 16 3 96 281 350 217 52 19 9 0 
4 57 315 412 141 43 28 24 0 15 161 401 320 71 27 29 38 296 394 170 60 32 31 3 
0 19 211 601 179 12 2 0 0 1 41 440 499 40 3 0 20 263 536 183 15 7 0 0 
173 282 270 181 49 28 18 23 98 276 244 236 93 28 18 31 325 349 200 58 27 25 17 23 
293 334 219 119 42 9 6 2 171 349 270 139 72 14 7 2 444 308 181 57 21 7 5 1 
206 283 201 187 116 29 2 0 128 312 219 188 140 33 4 0 344 261 195 142 74 8 0 0 
272 258 183 150 90 42 19 10 175 320 185 159 110 46 19 10 390 222 174 116 73 24 17 8 
318 370 220 93 18 5 0 0 194 422 243 124 34 7 0 0 553 297 116 51 3 4 0 0 
73 201 277 329 127 15 2 0 25 179 244 338 194 41 2 1 222 332 324 112 32 0 2 0 
42 223 333 304 112 10 0 0 4 154 299 328 211 27 1 0 212 342 330 126 14 0 0 0 
36 209 345 348 75 10 1 0 19 142 299 384 166 13 1 0 218 445 300 51 9 1 0 0 
3 92 256 487 168 14 4 0 0 54 190 430 326 19 5 0 51 261 502 191 9 10 0 0 
0 8 193 654 169 0 0 0 0 1 69 484 463 7 0 0 0 85 589 345 5 0 0 0 
0 13 103 627 278 3 0 0 0 7 35 400 569 13 0 0 1 71 535 401 16 0 0 0 
0 36 306 580 74 15 12 1 0 13 161 541 274 20 15 0 21 231 622 114 14 17 5 0 
0 7 272 648 97 0 0 0 0 0 103 606 310 5 0 0 0 119 679 205 21 0 0 0 
23 87 206 619 89 0 0 0 0 72 125 453 374 0 0 0 3 146 506 367 2 0 0 0 
258 325 313 124 4 0 0 0 4 361 366 262 31 0 0 0 2 414 418 183 7 0 0 0 
192 262 364 202 4 0 0 0 0 291 305 353 75 0 0 0 1 373 446 197 7 0 0 0 
137 318 464 105 0 0 0 0 2 244 346 417 15 0 0 0 9 361 515 139 0 0 0 0 
45 319 570 90 0 0 0 0 0 119 408 476 21 0 0 0 3 264 633 124 0 0 0 0 
33 334 562 95 0 0 0 0 0 97 466 440 21 0 0 0 5 275 617 127 0 0 0 0 
69 419 472 52 12 0 0 0 3 183 481 337 18 2 0 0 13 383 535 83 10 0 0 0 
35 335 514 101 24 13 1 1 3 128 475 368 34 14 1 1 17 377 541 56 23 9 1 0 
72 282 383 170 65 36 15 1 29 175 374 288 89 49 18 2 61 397 374 100 46 32 13 1 
303 214 231 132 60 37 39 8 131 349 211 160 79 44 43 7 109 529 172 94 43 41 36 0 
303 284 222 114 54 28 16 3 99 420 256 132 60 38 15 4 138 509 203 92 44 26 10 2 
182 314 297 140 64 18 7 2 48 351 311 201 76 28 6 3 120 480 260 104 40 14 4 2 
169 304 338 130 38 27 14 4 31 328 334 228 52 26 18 7 87 419 340 105 37 22 11 3 
468 376 171 9 0 0 0 0 94 537 331 62 0 0 0 0 81 739 200 4 0 0 0 0 
380 425 200 19 0 0 0 0 45 534 340 103 2 0 0 0 73 720 225 6 0 0 0 0 
214 445 244 50 35 14 19 3 44 387 331 161 41 31 22 7 123 594 224 23 22 21 14 3 
279 467 192 74 7 2 3 0 28 430 344 125 90 3 3 1 250 614 142 9 4 2 3 0 
463 281 172 68 27 8 3 2 164 465 204 91 72 24 2 2 322 541 108 29 17 4 3 0 
821 138 65 0 0 0 0 0 305 569 102 48 0 0 0 0 312 679 33 0 0 0 0 0 
732 248 44 0 0 0 0 0 341 480 185 18 0 0 0 0 324 643 57 0 0 0 0 0 
627 291 74 0 0 0 0 0 344 370 246 32 0 0 0 0 178 738 76 0 0 0 0 0 
28 201 369 318 98 10 0 0 7 77 267 363 243 62 5 0 253 400 278 83 9 1 0 0 
5 118 429 337 104 13 15 3 0 27 241 444 241 51 16 4 136 431 317 102 18 12 7 1 
8 110 358 441 95 10 2 0 0 38 204 468 270 40 3 1 80 390 434 103 14 2 1 0 
4 125 332 379 152 22 10 0 0 30 218 448 267 49 11 1 96 357 382 147 28 13 1 0 
214 262 227 226 66 17 8 4 94 307 192 228 160 28 11 4 340 321 246 65 27 15 8 2 
417 330 149 85 33 7 2 1 223 444 182 100 57 13 4 1 540 292 106 64 16 4 2 0 
309 382 206 108 17 2 0 0 150 426 245 151 47 4 1 0 546 293 139 42 2 2 0 0 
134 232 276 264 109 9 0 0 75 225 254 272 176 22 0 0 324 285 278 117 19 1 0 0 
181 233 235 247 115 12 1 0 106 242 236 232 182 25 1 0 312 307 257 114 31 2 1 0 
207 294 248 186 77 11 1 0 94 297 288 195 126 22 2 0 401 304 193 103 18 5 0 0 
44 177 314 307 168 14 0 0 6 135 271 317 251 44 0 0 166 343 334 151 29 1 0 0 
37 196 397 300 88 6 0 0 17 132 320 371 165 19 0 0 160 434 325 90 13 2 0 0 
49 206 329 358 81 1 0 0 17 144 284 373 199 7 0 0 224 397 349 52 2 0 0 0 
0 19 253 658 90 4 0 0 0 5 112 604 293 9 1 0 4 144 622 235 17 2 0 0 
0 62 280 516 166 0 0 0 0 16 170 462 371 5 0 0 20 249 512 240 3 0 0 0 
42 183 379 384 36 0 0 0 4 149 288 440 143 0 0 0 112 493 367 52 0 0 0 0 
3 89 374 490 66 2 0 0 0 41 249 517 212 5 0 0 52 405 487 78 2 0 0 0 
0 9 170 633 199 12 1 0 0 0 58 475 459 29 2 1 3 147 643 212 17 2 0 0 
95 73 133 459 152 56 42 14 15 108 90 351 339 71 46 4 21 178 481 214 55 41 33 1 
672 106 71 67 28 34 39 7 118 617 74 81 51 45 36 2 50 716 117 56 18 44 22 1 
234 414 344 32 0 0 0 0 5 367 411 236 5 0 0 0 21 516 420 67 0 0 0 0 
79 369 488 88 0 0 0 0 2 189 435 374 24 0 0 0 26 377 543 78 0 0 0 0 
41 389 489 105 0 0 0 0 0 137 454 418 15 0 0 0 16 392 527 89 0 0 0 0 
182 335 460 47 0 0 0 0 29 262 428 298 7 0 0 0 42 465 478 39 0 0 0 0 
668 175 74 55 34 14 4 0 389 430 100 61 28 14 2 0 109 759 72 51 20 12 1 0 
701 152 86 39 19 19 7 1 506 335 97 43 15 19 8 1 183 681 75 45 11 20 9 0 
467 215 148 55 45 41 45 8 329 364 141 53 44 38 47 8 192 541 112 52 41 44 37 5 
461 262 141 63 48 37 9 3 125 552 174 61 60 37 12 3 99 630 143 52 58 28 9 5 
307 383 210 71 32 15 6 0 91 473 273 118 42 15 11 1 139 561 221 62 24 14 3 0 
138 423 341 85 21 14 2 0 18 351 424 188 22 19 2 0 40 483 380 86 20 13 2 0 
314 350 226 68 38 18 7 3 74 419 324 128 44 21 10 4 140 500 252 63 42 16 9 2 
409 329 134 58 40 24 23 7 94 465 248 99 47 34 16 21 508 268 128 43 29 21 23 4 
198 307 274 141 52 38 13 1 51 266 301 210 126 44 24 2 501 285 116 47 41 26 7 1 
205 245 237 166 80 54 28 9 46 239 260 200 143 89 28 19 420 234 151 89 61 42 20 7 
246 271 193 140 76 58 33 7 47 256 229 202 149 71 54 16 382 317 119 72 59 45 25 5 
717 261 46 0 0 0 0 0 346 492 172 14 0 0 0 0 229 760 35 0 0 0 0 0 
649 323 52 0 0 0 0 0 314 534 171 5 0 0 0 0 262 682 80 0 0 0 0 0 
584 368 40 0 0 0 0 0 239 566 184 3 0 0 0 0 250 656 86 0 0 0 0 0 
3 76 244 398 236 46 12 9 1 29 154 354 348 114 14 10 77 263 381 218 53 18 6 8 
13 176 349 321 138 22 5 0 1 82 257 371 240 66 7 0 190 368 309 124 28 4 1 0 
0 109 389 401 87 22 15 1 0 36 222 427 282 34 20 3 74 380 424 100 23 19 4 0 
5 34 187 454 253 73 18 0 3 20 123 409 355 89 21 4 18 155 426 307 85 25 8 0 
311 218 275 187 30 2 1 0 205 268 228 251 68 3 1 0 413 256 293 46 14 2 0 0 
524 336 136 26 2 0 0 0 289 484 170 74 7 0 0 0 677 251 84 11 1 0 0 0 
448 317 170 65 19 4 1 0 278 384 211 113 26 9 3 0 639 242 110 23 7 3 0 0 
359 361 196 93 15 0 0 0 232 418 226 120 25 3 0 0 628 276 98 21 1 0 0 0 
435 278 182 105 19 2 3 0 263 389 196 131 36 6 3 0 619 281 91 27 3 2 1 0 
171 323 229 198 78 11 12 2 68 343 252 213 118 15 13 2 391 295 199 95 27 6 10 1 
23 154 292 389 155 10 1 0 10 98 237 406 247 24 2 0 180 382 360 90 11 1 0 0 
118 291 321 232 61 1 0 0 45 265 290 284 132 8 0 0 357 402 220 42 3 0 0 0 
81 277 339 271 53 3 0 0 26 220 319 306 143 10 0 0 329 450 219 26 0 0 0 0 
0 46 268 487 200 23 0 0 0 17 165 492 313 37 0 0 28 212 468 262 51 3 0 0 
14 194 377 375 62 2 0 0 3 117 316 446 134 8 0 0 106 473 349 79 15 2 0 0 
8 107 287 513 107 2 0 0 2 70 191 481 273 7 0 0 61 313 528 119 3 0 0 0 
1 37 264 554 162 6 0 0 0 19 154 523 310 18 0 0 26 256 489 231 20 2 0 0 
0 0 67 596 358 3 0 0 0 0 23 368 607 26 0 0 1 78 690 224 31 0 0 0 
0 44 338 538 102 1 1 0 0 14 161 532 305 10 2 0 19 321 589 89 5 1 0 0 
2 37 258 484 149 55 32 7 0 16 103 468 332 64 37 4 10 170 509 205 64 38 26 2 
208 242 161 131 77 70 66 69 23 329 182 190 93 79 65 63 44 376 225 138 63 70 55 53 
324 413 240 47 0 0 0 0 24 532 315 149 4 0 0 0 112 591 267 54 0 0 0 0 
450 322 215 37 0 0 0 0 207 401 281 128 7 0 0 0 104 630 270 20 0 0 0 0 
755 134 85 19 10 10 11 0 541 345 82 27 10 8 10 1 232 694 52 20 11 7 8 0 
903 74 27 15 4 1 0 0 737 231 36 14 4 2 0 0 334 651 23 12 3 1 0 0 
905 84 25 7 2 1 0 0 775 219 21 6 2 1 0 0 277 722 18 5 1 1 0 0 
594 113 112 48 35 39 63 20 483 238 104 43 34 38 61 23 209 551 75 41 32 43 52 21 
581 214 157 48 13 8 3 0 355 414 170 56 17 8 4 0 205 648 118 28 15 7 3 0 
553 355 104 10 1 0 1 0 263 541 189 28 1 1 1 0 188 707 123 4 1 0 1 0 
408 434 151 19 4 3 3 2 55 660 246 49 6 3 2 3 79 712 198 23 4 3 3 2 
379 367 217 25 17 12 7 0 86 491 237 109 73 14 13 1 318 532 128 22 11 9 4 0 
394 363 143 72 34 13 4 1 132 399 279 130 53 22 8 1 683 204 65 37 20 9 6 0 
294 336 208 90 44 21 17 14 47 400 272 162 77 30 18 18 582 241 88 40 33 23 8 9 
324 297 192 115 50 27 13 6 115 319 257 172 93 45 15 8 555 241 125 49 28 17 5 4 
173 288 269 132 81 47 23 11 37 246 244 235 155 53 35 19 445 312 104 65 44 25 20 9 
597 383 44 0 0 0 0 0 144 656 205 19 0 0 0 0 283 680 61 0 0 0 0 0 
479 442 103 0 0 0 0 0 111 609 280 24 0 0 0 0 225 712 87 0 0 0 0 0 
442 472 78 0 0 0 0 0 89 619 280 4 0 0 0 0 186 738 68 0 0 0 0 0 
12 139 341 361 148 18 5 0 0 36 197 399 304 77 11 0 164 419 322 96 17 6 0 0 
17 154 390 345 105 11 2 0 0 46 224 406 289 54 4 1 230 421 288 69 10 6 0 0 
35 117 286 350 157 49 23 7 21 95 198 359 225 84 34 8 88 272 361 184 76 27 15 1 
146 114 305 355 98 3 2 1 69 124 161 369 261 37 2 1 222 310 376 105 8 2 0 1 
12 93 334 493 84 8 0 0 3 57 208 471 269 16 0 0 53 299 540 120 12 0 0 0 
485 298 147 77 15 2 0 0 285 437 165 93 42 2 0 0 661 237 100 24 2 0 0 0 
567 271 100 65 16 4 1 0 379 391 141 79 24 8 2 0 701 200 89 24 7 3 0 0 
286 327 229 151 31 0 0 0 161 348 247 182 83 3 0 0 513 299 167 45 0 0 0 0 
284 277 204 178 77 4 0 0 212 261 216 191 129 15 0 0 458 317 173 71 4 1 0 0 
213 392 253 133 31 2 0 0 98 379 308 156 74 9 0 0 472 358 149 41 4 0 0 0 
21 192 354 348 96 13 0 0 4 112 301 379 202 26 0 0 247 419 288 62 7 1 0 0 
130 249 257 258 113 15 2 0 44 253 245 284 164 31 3 0 308 318 278 106 13 1 0 0 
117 260 290 263 91 3 0 0 46 197 284 301 174 22 0 0 326 375 273 47 3 0 0 0 
2 46 214 542 200 19 1 0 0 21 131 464 379 28 1 0 47 244 500 208 21 4 0 0 
106 382 338 169 27 2 0 0 47 292 391 240 50 4 0 0 299 478 196 44 7 0 0 0 
80 281 278 289 90 6 0 0 31 252 284 283 166 8 0 0 213 412 267 116 15 1 0 0 
5 87 309 467 153 3 0 0 0 42 209 473 289 11 0 0 78 287 442 208 9 0 0 0 
0 1 116 713 188 6 0 0 0 1 27 501 487 8 0 0 0 128 598 271 27 0 0 0 
3 60 409 482 70 0 0 0 0 29 296 484 212 3 0 0 41 386 516 79 2 0 0 0 
6 70 251 539 155 3 0 0 0 29 164 385 432 13 1 0 58 279 552 128 6 1 0 0 
0 65 305 440 132 41 32 9 0 28 185 442 277 52 31 9 40 263 460 135 57 36 26 7 
239 196 123 189 107 52 35 83 82 272 158 155 176 62 46 73 96 338 250 127 77 32 49 55 
623 221 131 49 0 0 0 0 428 314 171 97 14 0 0 0 201 637 144 42 0 0 0 0 
690 145 100 41 23 15 8 2 561 265 96 55 24 14 8 1 227 658 60 40 20 13 6 0 
619 232 120 39 5 6 3 0 458 370 110 68 8 7 3 0 271 604 111 27 3 6 2 0 
866 94 52 10 2 0 0 0 717 210 61 31 5 0 0 0 99 852 59 11 3 0 0 0 
707 115 103 38 11 10 18 22 461 389 78 32 13 14 13 24 298 604 34 30 12 12 25 9 
946 72 6 0 0 0 0 0 621 372 30 1 0 0 0 0 226 776 21 1 0 0 0 0 
838 152 25 5 3 0 1 0 614 293 98 11 5 2 0 1 447 553 20 2 0 1 1 0 
625 255 85 33 16 8 2 0 240 512 149 70 35 9 9 0 355 562 76 18 5 8 0 0 
344 326 146 93 63 30 17 5 69 431 227 131 88 45 25 8 582 209 90 64 44 23 8 4 
313 317 184 90 55 25 22 18 66 365 222 173 116 34 23 25 633 181 74 50 31 24 18 13 
123 288 259 169 103 60 19 3 23 246 276 234 130 73 33 9 381 275 146 97 69 36 17 3 
80 272 305 212 78 40 21 16 8 148 282 286 192 55 35 18 469 242 131 76 46 28 18 14 
409 219 174 87 44 39 28 24 247 194 201 155 108 45 41 33 598 209 59 35 32 33 33 25 
780 228 16 0 0 0 0 0 396 514 109 5 0 0 0 0 535 474 15 0 0 0 0 0 
579 378 67 0 0 0 0 0 200 568 240 16 0 0 0 0 312 652 60 0 0 0 0 0 
755 213 24 0 0 0 0 0 423 461 102 6 0 0 0 0 381 576 35 0 0 0 0 0 
3 81 176 158 127 222 228 29 3 85 119 183 211 296 113 14 54 197 167 121 174 256 48 7 
13 88 242 390 237 45 5 4 4 56 153 319 362 113 11 6 69 280 373 213 66 17 6 0 
62 282 293 227 103 39 12 6 14 210 311 269 143 51 19 7 205 338 271 121 53 25 9 2 
328 206 163 178 91 46 11 1 219 278 166 170 124 54 11 2 404 214 195 119 60 26 6 0 
299 264 172 185 66 18 18 2 206 286 193 174 115 34 16 0 414 254 215 91 19 18 13 0 
597 256 104 55 12 0 0 0 433 359 133 75 23 1 0 0 750 176 78 18 2 0 0 0 
704 250 54 14 2 0 0 0 488 433 75 23 5 0 0 0 861 122 32 8 1 0 0 0 
273 341 235 134 34 5 2 0 154 387 246 169 57 8 3 0 495 338 155 28 7 1 0 0 
568 264 112 65 12 3 0 0 412 360 139 82 27 4 0 0 708 212 84 17 1 2 0 0 
161 225 264 268 96 7 2 1 71 234 243 277 177 18 3 1 346 349 246 74 4 5 0 0 
75 179 276 350 129 15 0 0 34 160 244 353 208 23 2 0 216 347 332 108 17 4 0 0 
51 211 265 333 128 27 7 2 17 169 221 357 202 48 8 2 210 321 322 122 39 8 0 2 
48 164 246 294 187 48 25 12 13 124 212 286 274 71 32 12 184 297 290 157 41 33 17 5 
33 69 142 436 183 74 69 18 18 50 95 331 359 86 65 20 55 139 428 217 52 70 53 10 
163 270 271 253 50 17 0 0 94 262 240 304 103 21 0 0 275 314 326 80 25 4 0 0 
146 308 308 233 23 4 2 0 66 307 288 286 69 6 2 0 353 413 221 31 3 3 0 0 
45 268 382 290 38 1 0 0 19 231 282 383 106 3 0 0 142 500 310 68 4 0 0 0 
1 56 255 470 219 21 2 0 1 31 193 416 348 33 2 0 24 199 460 280 55 5 1 0 
0 49 301 544 130 0 0 0 0 21 181 500 320 2 0 0 21 299 585 117 2 0 0 0 
40 182 322 433 47 0 0 0 9 135 226 453 200 1 0 0 145 470 364 45 0 0 0 0 
14 123 354 490 42 1 0 0 5 71 259 502 184 3 0 0 110 393 401 111 9 0 0 0 
0 13 208 616 162 21 4 0 0 0 119 524 332 42 7 0 11 238 562 173 36 4 0 0 
135 171 333 254 58 27 27 19 50 173 247 338 136 33 27 20 82 415 345 92 34 22 25 9 
417 231 257 109 10 0 0 0 247 353 193 202 28 1 0 0 254 527 204 32 7 0 0 0 
424 384 146 30 14 18 8 0 196 553 170 63 15 19 8 0 277 544 140 29 14 16 4 0 
670 212 102 29 7 2 0 2 485 342 127 54 12 2 0 2 470 412 107 25 6 2 0 2 
497 202 179 50 39 19 22 16 366 350 163 43 41 21 23 17 306 491 89 44 37 24 26 7 
898 65 35 2 7 4 10 3 709 231 41 18 4 4 11 6 423 538 42 0 5 3 9 4 
425 219 131 98 66 34 25 26 232 313 165 125 84 45 27 33 372 364 97 74 51 19 35 12 
497 227 111 87 38 24 21 19 248 407 130 80 74 32 26 27 428 359 99 56 29 19 21 13 
448 379 112 53 18 10 3 1 281 399 199 84 41 14 5 1 563 340 67 27 17 5 4 1 
312 361 154 93 65 23 12 4 120 411 226 123 81 40 15 8 497 270 100 70 55 19 13 0 
299 392 169 81 47 20 13 3 75 434 270 142 55 29 15 4 550 263 95 53 34 15 10 4 
217 273 244 177 67 27 11 8 36 257 319 209 127 48 18 10 491 265 123 80 32 16 9 8 
662 183 94 61 10 5 3 6 409 279 162 75 72 14 6 7 777 189 30 10 6 5 4 3 
910 93 21 0 0 0 0 0 821 153 49 1 0 0 0 0 797 208 19 0 0 0 0 0 
648 346 30 0 0 0 0 0 333 527 158 6 0 0 0 0 486 519 19 0 0 0 0 0 
760 221 11 0 0 0 0 0 495 401 95 1 0 0 0 0 581 393 18 0 0 0 0 0 
56 99 34 89 141 319 278 8 60 97 42 108 226 417 71 3 65 113 93 167 318 255 13 0 
21 33 171 396 199 63 129 12 19 20 83 294 353 208 41 6 62 232 342 172 113 88 8 7 
4 41 122 147 155 84 451 20 2 15 89 157 191 357 213 0 47 109 133 120 142 444 28 1 
6 59 73 42 17 58 671 98 5 47 76 53 35 258 547 3 28 70 67 28 69 619 142 1 
0 3 2 1 4 76 757 181 0 3 3 3 28 359 609 19 0 3 4 16 106 661 226 8 
17 13 7 7 6 50 797 127 16 15 9 5 22 418 533 6 22 10 8 19 121 731 110 3 
113 62 15 14 9 46 598 167 94 79 18 14 13 244 544 18 139 40 19 10 38 551 217 10 
210 87 39 26 16 67 461 118 177 101 49 35 24 221 413 4 261 63 37 20 100 415 126 2 
108 170 147 93 35 66 319 86 70 158 165 111 55 246 200 19 240 176 96 38 121 248 97 8 
23 84 200 335 164 47 154 17 10 57 147 321 264 155 67 3 128 277 317 86 67 129 17 3 
39 179 311 354 124 14 3 0 12 130 258 344 257 20 3 0 197 356 330 122 15 4 0 0 
146 246 252 246 111 20 3 0 82 232 242 267 160 36 5 0 342 311 248 92 24 7 0 0 
86 219 268 251 143 38 15 4 30 202 232 280 194 66 13 7 279 329 231 110 50 14 10 1 
9 55 134 259 218 112 143 94 2 37 89 228 287 149 140 92 59 182 247 139 97 121 123 56 
34 119 241 320 140 67 56 47 17 97 209 305 221 69 58 48 68 226 328 172 98 55 44 33 
107 300 154 294 114 30 11 14 86 300 117 260 199 37 11 14 228 325 259 128 45 21 11 7 
71 342 304 271 36 0 0 0 47 269 297 286 125 0 0 0 187 493 278 60 6 0 0 0 
18 224 389 271 99 15 6 2 3 145 328 360 153 25 7 3 110 424 344 105 30 7 4 0 
18 119 347 399 123 17 1 0 8 76 279 432 200 27 2 0 60 385 462 96 19 2 0 0 
36 234 467 272 15 0 0 0 12 142 411 408 49 2 0 0 185 579 237 21 2 0 0 0 
9 182 481 317 35 0 0 0 1 90 389 432 111 1 0 0 175 537 268 43 1 0 0 0 
11 235 514 243 21 0 0 0 2 126 460 356 80 0 0 0 136 593 275 20 0 0 0 0 
1 133 551 332 7 0 0 0 0 33 331 604 56 0 0 0 86 583 344 11 0 0 0 0 
0 90 365 516 38 10 5 0 3 81 128 606 189 11 6 0 87 312 533 73 13 6 0 0 
184 264 303 212 44 17 0 0 109 271 264 274 84 22 0 0 244 389 290 63 32 6 0 0 
423 408 145 33 10 5 0 0 165 557 223 63 7 9 0 0 211 639 134 26 10 4 0 0 
121 323 313 97 54 49 43 24 55 343 309 144 56 48 40 29 131 438 248 60 43 53 36 15 
448 241 235 78 8 8 4 2 320 231 222 182 52 9 6 2 403 414 167 22 7 6 3 2 
595 254 98 46 19 7 5 0 283 426 165 92 44 7 4 3 641 282 50 19 22 6 4 0 
466 186 134 113 67 29 18 11 331 272 133 108 100 44 21 15 432 314 118 60 37 37 13 13 
671 202 85 39 13 13 1 0 483 308 108 62 47 13 3 0 665 259 49 26 16 8 1 0 
569 281 93 46 31 3 0 1 386 365 152 72 33 13 2 1 646 281 49 29 15 4 0 0 
281 324 170 112 74 35 22 6 92 353 248 153 96 45 27 10 467 246 105 84 65 35 20 2 
278 368 188 129 43 11 7 0 78 316 304 171 117 26 12 0 548 302 89 50 23 10 2 0 
439 386 169 22 6 2 0 0 237 328 280 140 32 5 2 0 522 408 83 7 4 0 0 0 
645 191 106 23 10 10 21 18 482 219 78 138 51 11 18 27 737 192 25 13 9 12 11 25 
389 430 151 24 9 10 6 5 75 523 227 131 45 9 8 6 445 494 48 14 8 7 5 3 
330 532 123 4 3 0 0 0 44 507 344 91 4 2 0 0 328 591 69 3 1 0 0 0 
211 176 41 39 123 350 81 3 271 124 50 77 331 147 24 0 280 125 59 252 262 42 4 0 
389 400 96 79 41 8 8 3 413 375 103 81 34 8 7 3 585 208 102 83 28 8 7 3 
336 207 143 134 82 74 23 25 324 208 138 141 93 70 25 25 314 181 150 121 118 85 27 28 
93 270 105 96 98 107 203 52 107 274 87 107 111 193 101 44 167 230 80 96 137 237 29 48 
2 28 35 63 70 99 685 42 4 33 43 54 83 374 433 0 6 37 39 56 140 681 65 0 
7 46 30 24 33 67 724 93 17 47 27 36 24 220 647 6 4 50 34 42 54 639 199 2 
200 45 16 6 8 40 531 178 193 55 14 7 21 146 564 24 196 56 12 12 40 464 234 10 
48 48 25 23 12 65 599 204 39 53 29 24 40 204 586 49 40 53 34 24 53 560 217 43 
0 0 0 2 4 46 796 176 0 0 1 1 17 221 781 3 0 0 2 2 45 715 257 3 
0 0 0 0 0 34 840 150 0 0 0 0 11 352 650 11 0 0 0 0 41 791 187 5 
0 2 1 16 20 66 712 207 0 1 2 17 32 354 610 8 3 5 15 22 73 684 222 0 
2 23 46 71 91 110 481 200 1 22 30 67 114 306 429 55 19 38 77 84 98 436 235 37 
54 148 142 107 38 73 323 139 31 135 139 134 72 206 292 15 190 180 89 25 72 295 169 4 
17 65 165 273 135 72 216 81 2 54 100 247 244 155 198 24 102 259 215 74 56 199 114 5 
0 62 176 342 172 104 124 44 2 57 101 285 309 126 97 47 35 284 260 124 100 100 90 31 
214 206 196 209 124 42 22 11 187 193 175 218 176 47 27 1 299 233 220 174 51 28 18 1 
43 69 184 477 198 40 10 3 34 66 89 410 355 54 13 3 57 237 425 209 69 20 4 3 
7 164 335 438 80 0 0 0 1 87 268 454 210 4 0 0 94 422 444 62 2 0 0 0 
44 231 436 264 34 9 6 0 14 162 369 394 67 12 5 1 180 498 266 52 16 8 4 0 
326 461 196 41 0 0 0 0 116 552 268 86 2 0 0 0 591 368 65 0 0 0 0 0 
199 428 337 59 1 0 0 0 84 349 420 163 8 0 0 0 478 488 56 2 0 0 0 0 
86 396 406 130 6 0 0 0 32 351 406 216 19 0 0 0 294 530 181 19 0 0 0 0 
0 61 544 390 29 0 0 0 0 9 270 658 87 0 0 0 39 528 393 50 14 0 0 0 
5 115 262 445 107 47 35 8 2 62 172 427 243 59 39 20 140 287 411 117 34 23 11 1 
27 87 380 389 85 36 16 4 21 45 177 460 230 60 22 9 145 348 418 78 22 11 2 0 
27 150 285 492 32 16 11 11 16 128 132 444 265 17 11 11 37 324 544 61 27 11 9 11 
313 298 287 66 27 16 7 10 129 515 230 85 32 17 6 10 330 480 135 30 25 11 6 7 
644 239 120 16 5 0 0 0 467 338 165 44 7 3 0 0 573 351 85 11 4 0 0 0 
614 280 79 18 10 11 10 2 435 384 146 22 14 10 10 3 583 338 56 16 11 9 10 1 
331 271 180 114 59 40 25 4 235 215 218 181 79 59 32 5 509 266 106 52 39 30 21 1 
601 244 103 44 24 8 0 0 420 344 139 70 33 18 0 0 601 301 78 23 18 3 0 0 
446 317 142 64 32 20 2 1 241 385 217 104 48 20 8 1 639 256 67 27 27 8 0 0 
253 400 209 80 40 32 9 1 81 276 295 206 105 33 24 4 712 182 52 25 26 17 10 0 
197 300 224 168 67 47 18 3 47 280 271 169 161 63 26 7 432 288 135 60 61 32 14 2 
252 339 216 125 41 34 14 3 56 337 287 178 103 35 25 3 391 387 129 45 27 32 10 3 
373 212 213 102 55 49 16 4 192 314 192 146 94 54 25 7 483 267 115 77 57 18 5 2 
350 341 194 67 31 13 5 23 254 164 210 266 76 19 11 24 577 288 69 37 12 14 9 18 
482 343 93 29 14 6 2 23 260 318 182 170 22 13 4 23 599 283 47 22 11 8 4 18 
85 120 24 20 39 258 402 76 105 107 28 27 140 372 242 3 128 88 26 69 352 285 75 1 
262 690 45 19 4 3 1 0 292 660 43 21 6 1 1 0 513 450 37 17 5 1 1 0 
445 452 71 23 14 11 7 1 450 444 69 27 15 12 6 1 567 330 69 23 14 11 9 1 
467 557 0 0 0 0 0 0 578 446 0 0 0 0 0 0 989 35 0 0 0 0 0 0 
140 711 42 44 43 43 1 0 154 699 42 42 73 14 0 0 622 237 40 80 43 2 0 0 
39 464 37 39 68 199 161 17 70 444 39 45 129 206 91 0 208 317 41 82 158 189 29 0 
383 192 31 25 30 73 274 16 405 181 27 26 45 183 157 0 481 108 32 28 74 253 48 0 
368 291 76 37 35 66 138 13 416 271 61 37 46 107 83 3 501 199 55 45 76 129 16 3 
10 74 55 25 56 121 532 151 22 74 50 30 78 276 431 63 39 88 23 35 115 463 209 52 
1 8 9 5 15 97 682 207 2 12 7 7 31 311 640 14 2 12 7 10 75 589 326 3 
0 0 0 0 2 87 668 267 0 0 0 0 16 294 673 41 0 0 0 1 51 573 383 16 
0 0 0 1 8 151 636 228 0 0 0 3 69 328 611 13 0 0 0 4 115 552 349 4 
0 0 1 5 6 85 631 296 0 1 3 6 20 308 648 38 0 1 3 6 52 518 431 13 
0 0 5 4 14 70 597 334 0 1 6 3 34 247 689 44 0 1 7 7 48 482 462 17 
4 19 25 46 40 83 475 332 6 24 37 47 46 191 649 24 10 25 45 38 71 361 470 4 
38 76 16 12 59 206 429 188 47 70 16 29 113 329 379 41 71 51 14 47 171 408 251 11 
2 60 302 516 127 16 1 0 1 41 140 455 359 27 1 0 86 387 412 103 32 3 1 0 
11 90 233 493 135 44 16 2 4 63 143 474 252 65 21 2 43 236 449 187 63 32 12 2 
75 268 359 264 46 6 6 0 35 222 313 347 85 16 5 1 198 450 300 48 18 6 4 0 
197 325 343 144 14 1 0 0 112 325 335 212 39 1 0 0 341 436 222 21 4 0 0 0 
152 380 350 140 2 0 0 0 67 329 366 228 34 0 0 0 418 488 118 0 0 0 0 0 
190 479 276 75 3 1 0 0 79 410 378 152 4 1 0 0 462 462 94 5 1 0 0 0 
13 109 622 238 30 11 0 1 0 44 312 573 71 19 4 1 128 586 250 48 11 0 1 0 
15 201 299 234 115 80 43 37 2 100 283 272 166 90 64 47 333 259 182 100 66 39 29 16 
19 224 333 243 97 56 38 14 0 92 317 311 148 76 55 25 391 290 186 79 39 24 10 5 
10 123 501 321 36 17 14 2 0 115 213 538 115 24 15 4 205 388 363 45 6 14 3 0 
9 67 444 447 25 10 21 1 6 41 113 652 176 10 25 1 46 366 528 44 11 26 3 0 
326 181 342 175 0 0 0 0 267 126 211 361 59 0 0 0 318 378 325 3 0 0 0 0 
560 227 208 15 8 4 2 0 437 229 243 95 9 6 3 2 548 365 92 8 8 2 1 0 
325 389 167 75 42 18 5 3 126 436 252 105 71 20 9 5 609 265 72 41 18 13 5 1 
112 319 233 173 87 52 30 18 35 243 297 193 128 63 40 25 407 292 124 76 51 40 27 7 
545 266 89 55 27 26 13 3 367 388 122 64 38 23 18 4 601 234 78 55 25 19 10 2 
482 345 95 57 23 20 0 2 247 456 198 64 33 18 6 2 579 298 68 38 24 14 2 1 
282 333 164 127 62 35 19 2 81 322 275 152 110 45 26 13 505 271 102 50 44 32 17 3 
484 277 105 51 42 29 31 5 230 336 217 111 55 27 41 7 594 254 52 42 30 32 18 2 
534 270 125 45 16 11 10 13 243 428 182 94 38 10 15 14 629 263 70 15 15 13 11 8 
163 284 370 120 45 20 11 11 42 190 281 281 170 35 13 12 613 215 102 36 31 15 7 5 
78 235 383 152 67 46 18 13 12 123 289 294 178 47 32 17 442 235 152 59 50 33 14 7 
4 101 51 63 101 333 337 34 52 60 55 94 232 402 114 15 61 50 52 227 379 191 39 25 
263 653 59 18 11 8 4 8 256 638 77 21 11 9 4 8 322 503 120 42 19 5 5 8 
412 435 76 40 26 21 8 6 568 286 70 36 24 24 8 8 705 158 59 29 27 29 9 8 
102 578 149 102 55 38 0 0 210 476 150 86 53 48 1 0 420 256 175 64 55 53 1 0 
255 739 9 7 8 6 0 0 460 535 6 9 8 6 0 0 902 90 9 6 8 9 0 0 
261 763 0 0 0 0 0 0 323 701 0 0 0 0 0 0 824 200 0 0 0 0 0 0 
706 318 0 0 0 0 0 0 725 299 0 0 0 0 0 0 1013 11 0 0 0 0 0 0 
279 645 22 17 22 29 10 0 265 672 14 24 29 20 0 0 742 199 21 22 33 7 0 0 
36 555 43 28 35 65 209 53 56 550 39 30 51 122 176 0 383 228 42 38 66 196 71 0 
25 265 42 27 40 65 413 147 52 255 35 26 50 195 407 4 123 195 35 31 59 386 195 0 
0 7 16 22 42 144 529 264 0 18 11 23 44 232 680 16 1 18 12 30 65 453 445 0 
0 0 8 17 76 167 548 208 0 5 13 38 122 259 567 20 0 7 15 74 131 446 344 7 
1 4 9 14 41 260 528 167 4 5 11 19 139 372 464 10 4 6 16 32 252 480 234 0 
66 83 43 73 153 278 258 70 76 93 45 104 210 276 197 23 101 71 60 139 264 239 139 11 
4 77 65 73 152 374 267 12 19 79 71 81 261 386 124 3 33 81 76 113 352 322 47 0 
1 78 53 83 216 320 239 34 14 86 59 157 275 316 100 17 31 80 74 208 334 235 51 11 
1 36 340 534 90 15 6 2 1 10 123 508 341 32 7 2 128 575 240 44 17 15 3 2 
39 137 294 358 128 52 12 4 0 77 224 366 247 80 21 9 189 354 325 109 28 11 7 1 
20 134 242 282 205 110 28 3 1 60 192 266 260 166 67 12 346 281 232 109 40 13 3 0 
20 115 326 312 150 71 24 6 14 45 225 340 233 107 48 12 258 394 242 75 28 22 5 0 
8 105 346 429 90 31 13 2 2 45 220 458 223 49 21 6 157 458 311 73 16 8 1 0 
65 271 398 283 7 0 0 0 18 213 325 407 60 1 0 0 270 521 223 10 0 0 0 0 
34 219 446 236 42 28 15 4 4 115 325 412 103 34 25 6 293 484 178 38 20 7 4 0 
99 196 425 207 52 25 16 4 2 165 327 371 86 44 21 8 337 395 202 43 23 18 6 0 
55 138 412 317 48 23 18 13 5 110 274 452 124 22 15 22 137 350 387 95 26 16 7 6 
3 181 516 238 49 26 9 2 0 185 404 300 92 30 10 3 181 463 264 66 33 13 4 0 
3 107 455 431 28 0 0 0 1 44 256 607 115 1 0 0 24 340 577 79 4 0 0 0 
1 21 324 673 5 0 0 0 0 12 38 701 273 0 0 0 9 303 683 29 0 0 0 0 
92 312 350 238 15 5 11 1 14 277 218 399 91 13 8 4 200 461 315 20 13 8 7 0 
375 274 193 84 72 21 5 0 175 334 228 154 75 50 6 2 551 220 109 55 63 21 5 0 
220 238 266 132 62 43 51 12 96 258 305 135 108 49 52 21 498 243 107 56 40 38 33 9 
500 211 127 98 38 21 22 7 379 161 170 130 113 33 23 15 694 183 47 41 21 18 18 2 
822 195 7 0 0 0 0 0 621 375 28 0 0 0 0 0 758 261 5 0 0 0 0 0 
347 413 161 53 25 14 3 8 193 302 344 99 49 20 8 9 429 426 114 24 10 10 8 3 
271 304 161 102 75 62 30 19 132 277 251 126 83 72 50 33 333 335 127 66 77 45 26 15 
322 248 183 137 96 21 13 4 134 315 182 144 137 80 20 12 336 380 162 77 39 17 4 9 
294 365 170 93 68 26 6 2 30 431 260 143 95 52 10 3 496 288 112 62 48 13 5 0 
129 352 229 121 93 52 14 2 19 249 300 193 118 77 28 8 396 266 132 80 62 40 16 0 
218 266 273 85 90 77 15 0 242 248 274 73 117 67 3 0 271 318 184 89 133 29 0 0 
358 404 106 30 23 18 21 64 397 374 93 29 23 17 27 64 448 273 93 64 26 20 31 69 
467 345 49 19 24 18 25 77 706 147 29 15 25 18 23 61 774 64 30 19 21 21 28 67 
424 563 23 14 0 0 0 0 728 263 27 6 0 0 0 0 955 49 20 0 0 0 0 0 
401 452 130 25 13 3 0 0 409 458 116 23 13 5 0 0 518 402 58 26 16 4 0 0 
682 341 1 0 0 0 0 0 740 283 1 0 0 0 0 0 826 198 0 0 0 0 0 0 
904 120 0 0 0 0 0 0 935 89 0 0 0 0 0 0 1021 3 0 0 0 0 0 0 
423 601 0 0 0 0 0 0 535 489 0 0 0 0 0 0 990 34 0 0 0 0 0 0 
184 811 29 0 0 0 0 0 275 749 0 0 0 0 0 0 510 514 0 0 0 0 0 0 
0 819 205 0 0 0 0 0 5 1014 5 0 0 0 0 0 87 937 0 0 0 0 0 0 
19 440 130 178 141 82 32 2 40 463 114 180 154 55 18 0 225 301 119 202 127 43 7 0 
1 34 75 151 217 355 169 22 12 49 111 176 321 266 87 2 18 60 146 229 338 201 32 0 
6 40 32 61 197 414 250 24 18 39 35 63 228 420 206 15 25 38 41 87 296 386 140 11 
0 0 0 25 250 520 227 2 0 0 0 29 245 563 183 4 0 0 1 45 331 527 120 0 
40 87 93 91 236 367 97 13 42 96 92 99 252 342 100 1 52 106 91 121 273 331 50 0 
0 5 15 29 45 180 640 110 0 11 17 31 92 430 435 8 3 14 24 35 154 588 206 0 
151 215 205 240 117 65 28 3 6 231 214 225 210 74 48 16 444 238 189 71 46 27 7 2 
24 189 252 267 191 75 22 4 0 71 211 305 236 138 50 13 320 300 226 102 51 19 6 0 
7 168 256 251 166 106 52 18 0 55 209 261 237 151 79 32 321 266 193 112 86 32 11 3 
5 94 219 285 225 123 50 23 0 22 142 277 272 187 79 45 288 284 212 123 65 27 21 4 
0 31 214 406 237 94 26 16 0 6 93 330 363 150 61 21 151 373 326 111 33 15 8 7 
53 121 284 479 80 5 2 0 14 111 141 457 279 18 4 0 167 488 335 29 3 2 0 0 
54 257 374 242 44 31 15 7 3 147 351 327 124 46 17 9 366 415 151 34 28 19 7 4 
398 325 148 69 46 27 10 1 22 581 207 106 52 38 13 5 672 202 85 31 17 13 4 0 
125 310 366 160 33 13 13 4 11 274 378 268 50 23 13 7 363 351 238 41 10 13 8 0 
82 348 375 145 31 21 15 7 10 267 381 271 48 20 18 9 324 406 195 48 20 21 10 0 
10 142 506 315 22 12 11 6 2 76 351 488 67 19 9 12 90 470 399 32 7 13 11 2 
0 31 354 434 72 68 40 25 0 2 148 527 177 75 71 24 28 304 470 88 49 47 32 6 
29 99 243 464 103 40 17 29 0 59 110 394 308 93 34 26 175 346 341 76 33 17 26 10 
128 165 213 260 144 71 33 10 20 173 158 238 238 125 51 21 360 265 184 100 53 39 18 5 
117 280 272 145 88 78 37 7 46 216 249 244 109 100 47 13 315 273 180 109 68 52 24 3 
242 297 267 131 63 18 6 0 174 169 284 168 154 59 13 3 537 311 100 42 23 10 1 0 
878 51 72 20 3 0 0 0 766 133 50 62 10 3 0 0 846 157 21 0 0 0 0 0 
383 432 119 34 27 9 10 10 66 546 259 73 32 22 10 16 531 378 51 21 14 17 5 7 
293 532 125 48 10 12 3 1 121 502 274 73 29 13 8 4 461 460 70 17 8 4 4 0 
419 312 128 51 39 33 25 17 146 427 175 117 69 36 29 25 574 252 67 39 31 27 18 16 
522 398 56 20 12 14 2 0 211 519 198 55 18 13 9 1 622 341 21 22 12 4 2 0 
542 311 82 28 19 9 1 0 228 377 230 111 28 14 4 0 754 157 34 24 16 7 0 0 
489 208 160 76 84 4 3 0 487 198 174 63 85 17 0 0 485 245 135 69 81 9 0 0 
659 206 54 36 16 15 18 20 633 248 58 23 14 12 15 21 723 219 30 13 11 11 4 13 
42 222 419 198 42 29 28 44 81 208 457 137 41 29 21 50 309 303 121 151 42 23 21 54 
609 415 0 0 0 0 0 0 828 196 0 0 0 0 0 0 1020 4 0 0 0 0 0 0 
529 487 8 0 0 0 0 0 655 360 9 0 0 0 0 0 751 273 0 0 0 0 0 0 
765 229 30 0 0 0 0 0 880 144 0 0 0 0 0 0 760 162 99 3 0 0 0 0 
986 38 0 0 0 0 0 0 1003 21 0 0 0 0 0 0 1024 0 0 0 0 0 0 0 
997 27 0 0 0 0 0 0 1017 7 0 0 0 0 0 0 1024 0 0 0 0 0 0 0 
592 432 0 0 0 0 0 0 750 274 0 0 0 0 0 0 962 62 0 0 0 0 0 0 
253 724 47 0 0 0 0 0 279 738 7 0 0 0 0 0 783 240 1 0 0 0 0 0 
70 759 57 32 46 33 23 4 120 732 36 36 46 40 13 1 562 304 36 42 43 31 6 0 
5 46 41 60 135 363 332 42 7 58 45 96 226 458 122 12 18 56 58 144 377 325 45 1 
0 8 58 177 310 242 207 22 1 8 57 179 334 290 143 12 1 11 74 206 364 311 51 6 
1 4 9 66 354 501 87 2 3 2 11 67 326 512 101 2 5 5 14 96 398 447 58 1 
1 13 18 41 169 493 279 10 5 15 27 75 384 385 124 9 9 16 36 224 408 257 68 6 
1 29 35 225 280 277 170 7 2 32 52 243 365 262 68 0 10 30 98 351 339 181 15 0 
106 255 239 209 131 67 14 3 3 211 236 257 175 93 40 9 454 220 151 116 59 19 5 0 
10 111 214 304 193 118 55 19 0 44 164 231 291 177 89 28 184 289 225 141 91 58 29 7 
22 180 231 234 182 103 47 25 0 65 206 254 227 157 72 43 289 225 215 138 86 38 13 20 
62 284 207 197 161 67 32 14 0 186 243 201 182 125 57 30 429 214 178 109 51 21 17 5 
6 79 186 334 253 111 43 12 0 15 109 232 331 216 86 35 244 305 239 114 66 37 14 5 
8 120 201 294 208 117 52 24 0 33 153 268 273 173 83 41 215 276 239 132 79 47 28 8 
107 256 267 195 127 50 22 0 2 190 251 271 157 98 49 6 418 300 172 79 35 19 1 0 
66 303 313 241 72 24 5 0 10 216 289 310 156 27 13 3 349 380 201 62 27 5 0 0 
97 272 293 186 97 56 20 3 23 213 275 239 154 70 45 5 412 342 134 73 43 15 5 0 
81 276 292 172 81 56 38 28 2 206 323 206 132 63 58 34 280 346 161 96 56 42 24 19 
6 67 185 196 156 156 206 52 0 19 140 216 221 254 141 33 114 221 180 139 153 155 53 9 
1 10 47 81 143 382 334 26 0 10 40 131 362 419 52 10 36 70 109 225 422 140 20 2 
0 0 1 14 44 144 303 518 0 1 4 44 138 190 264 383 0 12 47 94 157 174 336 204 
0 24 57 71 67 31 128 646 0 12 45 55 83 56 231 542 43 58 67 38 30 38 515 235 
46 116 133 114 79 66 165 305 4 81 143 113 118 91 270 204 179 120 87 66 76 70 365 61 
1 59 228 296 184 55 42 159 0 3 98 283 233 162 88 157 202 282 217 74 47 18 58 126 
201 194 374 193 45 9 5 3 141 149 200 368 118 34 10 4 276 415 265 45 12 8 2 1 
299 280 270 95 41 20 14 5 180 256 264 192 66 39 17 10 308 426 174 52 30 16 13 5 
353 234 158 156 61 40 17 5 140 339 165 142 136 59 29 14 416 310 137 78 36 25 18 4 
165 250 253 215 97 29 12 3 35 224 186 240 202 102 25 10 545 242 135 50 25 17 9 1 
236 263 253 162 77 23 7 3 53 246 261 235 146 61 17 5 546 224 116 82 38 13 3 2 
224 225 251 184 76 24 5 3 84 177 201 264 195 51 15 5 530 194 117 93 41 12 3 2 
652 196 114 62 0 0 0 0 650 200 126 48 0 0 0 0 596 265 159 4 0 0 0 0 
711 219 53 21 10 6 4 0 679 253 50 21 11 6 4 0 701 220 64 18 14 6 1 0 
89 825 55 18 19 5 9 4 156 757 57 18 18 3 11 4 541 385 33 31 16 7 6 5 
840 184 0 0 0 0 0 0 839 185 0 0 0 0 0 0 875 149 0 0 0 0 0 0 
808 216 0 0 0 0 0 0 713 311 0 0 0 0 0 0 718 277 29 0 0 0 0 0 
821 157 46 0 0 0 0 0 794 181 49 0 0 0 0 0 818 159 47 0 0 0 0 0 
681 236 102 5 0 0 0 0 667 287 68 2 0 0 0 0 800 203 21 0 0 0 0 0 
807 128 81 8 0 0 0 0 777 163 83 1 0 0 0 0 878 87 59 0 0 0 0 0 
1009 15 0 0 0 0 0 0 1006 18 0 0 0 0 0 0 1022 2 0 0 0 0 0 0 
1022 2 0 0 0 0 0 0 1012 12 0 0 0 0 0 0 1024 0 0 0 0 0 0 0 
440 394 25 21 30 31 75 8 417 422 21 24 32 49 58 1 733 115 28 18 40 78 12 0 
4 50 56 91 161 523 139 0 14 64 48 117 329 438 14 0 16 75 70 171 496 194 2 0 
2 13 11 419 366 144 39 30 4 13 18 479 389 78 23 20 7 12 125 577 232 39 26 6 
1 28 29 40 182 341 374 29 10 29 36 96 312 401 138 2 17 31 42 188 449 268 29 0 
5 26 64 197 255 203 244 30 6 27 62 203 325 302 98 1 9 30 75 293 405 201 11 0 
0 1 52 594 365 12 0 0 0 1 50 574 385 14 0 0 0 2 108 662 248 4 0 0 
21 146 258 341 180 63 14 1 4 76 216 363 239 96 27 3 195 248 207 248 99 19 8 0 
42 204 234 244 166 76 38 20 4 130 216 239 212 123 63 37 280 269 195 116 89 44 22 9 
125 220 215 242 133 64 22 3 0 182 219 228 209 120 50 16 409 271 177 86 58 15 8 0 
175 303 235 149 95 48 12 7 4 297 264 211 139 67 29 13 497 253 140 79 31 15 8 1 
68 217 253 227 171 63 14 11 1 106 255 237 223 142 46 14 382 282 188 104 45 11 6 6 
132 254 240 200 124 50 15 9 2 201 256 230 182 99 34 20 502 259 144 61 29 13 13 3 
180 370 206 127 81 39 16 5 9 370 280 175 93 63 27 7 457 270 144 80 37 25 8 3 
238 342 188 118 82 44 12 0 3 360 271 170 113 72 30 5 583 188 118 70 52 9 4 0 
89 238 203 158 172 75 80 9 7 210 190 185 171 169 81 11 386 262 156 78 46 65 26 5 
15 127 106 58 82 211 329 96 9 99 120 68 157 289 240 42 120 106 73 79 176 292 154 24 
0 1 1 15 59 304 596 48 0 1 5 27 126 564 290 11 0 1 8 53 232 610 118 2 
0 0 0 0 26 264 708 26 0 0 0 11 155 572 286 0 0 0 11 77 243 632 61 0 
0 4 32 78 105 271 505 29 3 34 60 95 153 454 216 9 21 47 80 109 208 506 51 2 
0 19 36 65 157 403 277 67 12 40 42 103 251 444 84 48 27 44 46 134 397 295 55 26 
0 0 0 5 77 470 388 84 0 0 0 16 175 596 189 48 0 0 2 31 341 511 132 7 
0 3 4 26 127 402 289 173 0 3 11 51 228 429 170 132 4 3 39 86 323 345 156 68 
4 45 114 172 108 366 180 35 0 15 57 148 210 431 116 47 69 107 131 86 214 316 78 23 
33 115 350 159 142 174 48 3 0 57 194 332 235 173 28 5 98 303 234 117 167 92 11 2 
26 182 424 191 131 47 14 9 6 115 304 327 161 75 21 15 86 377 264 164 91 21 15 6 
338 346 217 73 31 12 7 0 167 343 239 177 59 29 7 3 477 349 125 49 13 5 6 0 
271 373 197 108 51 19 5 0 113 319 252 196 95 39 8 2 519 242 153 61 38 8 3 0 
334 318 174 96 40 23 4 3 139 331 217 169 86 27 20 3 603 180 107 44 31 15 10 2 
631 195 101 65 0 0 0 0 635 195 114 48 0 0 0 0 601 236 151 4 0 0 0 0 
678 204 56 25 13 11 5 0 652 234 53 23 15 10 5 0 683 195 65 22 19 7 1 0 
119 757 44 24 24 9 11 4 156 713 53 25 23 5 13 4 496 369 44 41 21 10 6 5 
780 212 0 0 0 0 0 0 777 215 0 0 0 0 0 0 820 172 0 0 0 0 0 0 
799 192 1 0 0 0 0 0 703 289 0 0 0 0 0 0 716 241 35 0 0 0 0 0 
752 184 56 0 0 0 0 0 736 197 59 0 0 0 0 0 768 172 52 0 0 0 0 0 
638 247 102 5 0 0 0 0 623 299 68 2 0 0 0 0 757 214 21 0 0 0 0 0 
726 147 107 12 0 0 0 0 695 185 111 1 0 0 0 0 808 108 76 0 0 0 0 0 
974 18 0 0 0 0 0 0 974 18 0 0 0 0 0 0 990 2 0 0 0 0 0 0 
992 0 0 0 0 0 0 0 983 9 0 0 0 0 0 0 992 0 0 0 0 0 0 0 
474 317 21 21 31 42 78 8 441 355 18 24 37 58 58 1 689 116 24 20 50 81 12 0 
4 49 52 95 156 494 142 0 14 58 47 114 334 406 19 0 16 70 68 171 479 186 2 0 
2 15 12 464 401 92 6 0 4 15 21 523 393 36 0 0 7 14 135 636 189 11 0 0 
1 30 32 40 164 316 378 31 10 32 37 92 285 397 137 2 17 34 43 175 445 249 29 0 
5 29 67 204 225 203 233 26 5 29 62 214 295 300 86 1 7 33 74 301 392 176 9 0 
0 1 48 547 382 14 0 0 0 1 46 531 398 16 0 0 0 2 91 632 262 5 0 0 
25 155 258 309 165 66 13 1 6 83 237 335 212 90 26 3 187 224 201 250 100 22 8 0 
60 234 228 218 141 60 33 18 4 171 227 225 185 100 49 31 308 266 177 100 78 34 22 7 
162 219 198 213 121 54 22 3 0 223 210 205 187 107 44 16 442 245 156 73 53 15 8 0 
175 284 224 147 97 48 11 6 4 286 247 209 136 69 29 12 471 249 141 78 31 14 8 0 
97 201 233 210 160 66 13 12 6 134 231 223 197 142 44 15 373 258 185 100 51 12 6 7 
125 263 238 190 117 42 12 5 2 207 263 214 173 90 28 15 500 258 134 55 25 10 7 3 
173 346 210 129 78 37 14 5 11 354 277 167 95 58 24 6 421 266 152 83 36 24 7 3 
248 354 181 106 56 36 10 1 3 379 280 154 92 53 25 6 590 173 118 51 47 8 5 0 
92 237 183 144 149 75 98 14 8 218 190 153 160 165 89 9 359 243 138 72 55 84 36 5 
15 108 70 36 65 207 384 107 9 87 88 45 141 300 286 36 100 75 40 71 171 336 178 21 
0 0 0 14 58 304 570 46 0 0 4 26 114 553 285 10 0 0 7 42 218 607 116 2 
0 0 0 0 22 243 705 22 0 0 0 10 139 563 280 0 0 0 11 64 225 632 60 0 
0 0 6 41 70 262 582 31 0 1 24 61 141 496 260 9 0 7 39 91 211 581 61 2 
0 19 36 59 144 437 288 9 12 40 35 92 253 489 70 1 27 35 38 121 405 340 26 0 
0 0 0 6 81 507 390 8 0 0 0 17 196 646 133 0 0 0 2 33 376 543 38 0 
0 3 4 23 138 427 314 83 0 3 12 51 242 458 177 49 4 3 39 88 348 379 112 19 
4 41 75 117 89 398 225 43 0 15 47 99 181 459 139 52 45 72 81 77 219 376 99 23 
31 88 289 132 207 194 48 3 0 52 157 285 296 169 28 5 75 226 207 151 227 93 11 2 
13 140 396 204 162 54 14 9 6 88 283 326 179 74 21 15 48 325 258 207 112 21 15 6 
323 308 228 85 37 6 5 0 164 297 240 191 67 26 4 3 441 347 137 49 9 7 2 0 
286 340 192 106 44 19 5 0 124 321 240 167 87 43 8 2 486 254 147 57 37 8 3 0 
366 303 154 73 37 21 4 3 146 364 215 131 59 24 19 3 568 186 106 46 28 15 10 2 
