14 350 453 181 26 0 0 0 4 247 554 188 31 0 0 0 3 284 519 189 29 0 0 0 
11 502 364 32 27 13 72 3 1 254 617 36 24 14 43 35 0 106 763 43 19 8 13 72 
1 188 204 38 16 9 530 38 0 92 298 35 19 10 85 485 0 57 327 40 17 9 11 563 
0 6 79 109 57 23 422 328 0 0 64 113 70 23 13 741 0 0 20 113 108 24 14 745 
0 0 0 2 12 10 167 833 0 0 0 2 12 7 6 997 0 0 0 2 8 9 7 998 
0 0 0 0 0 0 172 852 0 0 0 0 0 0 0 1024 0 0 0 0 0 0 0 1024 
0 0 0 0 0 0 210 814 0 0 0 0 0 0 0 1024 0 0 0 0 0 0 0 1024 
0 0 0 0 0 0 273 751 0 0 0 0 0 0 0 1024 0 0 0 0 0 0 0 1024 
0 0 0 0 0 0 369 655 0 0 0 0 0 0 87 937 0 0 0 0 0 0 0 1024 
0 0 0 0 0 4 399 589 0 0 0 0 0 0 122 870 0 0 0 0 0 0 0 992 
34 387 430 103 51 17 2 0 29 318 528 101 37 11 0 0 61 632 209 92 28 2 0 0 
7 366 472 100 66 13 0 0 5 289 546 109 62 13 0 0 7 503 371 84 53 6 0 0 
5 134 465 242 164 13 1 0 3 114 487 269 141 9 1 0 5 158 451 286 117 7 0 0 
1 131 390 253 183 66 0 0 1 103 396 289 213 22 0 0 0 100 324 330 254 16 0 0 
0 1 19 151 268 136 258 191 0 0 23 165 289 95 102 350 0 0 18 156 323 74 26 427 
0 0 16 14 12 74 507 401 0 0 2 18 17 24 189 774 0 0 0 7 15 23 37 942 
0 0 226 68 17 9 459 245 0 0 26 254 21 16 108 599 0 0 0 70 219 23 17 695 
0 86 375 49 19 29 343 123 0 11 331 162 16 21 89 394 0 0 88 330 97 21 15 473 
6 59 291 219 244 49 138 18 0 42 247 300 242 28 62 103 0 7 100 432 284 32 9 160 
7 211 253 118 179 28 176 20 0 172 240 188 175 17 49 151 0 8 244 333 186 14 14 193 
21 174 188 316 224 82 19 0 20 193 226 345 195 40 5 0 60 234 248 347 115 20 0 0 
26 498 392 74 34 0 0 0 16 455 451 78 24 0 0 0 126 707 121 57 13 0 0 0 
11 210 576 172 54 1 0 0 8 181 606 185 43 1 0 0 26 602 229 136 30 1 0 0 
12 309 566 117 20 0 0 0 9 246 617 135 17 0 0 0 5 432 475 101 11 0 0 0 
0 219 337 147 135 105 73 8 0 136 398 160 162 119 45 4 0 226 299 152 186 133 22 6 
1 122 573 207 61 43 14 3 1 2 426 389 144 39 18 5 1 2 35 567 288 92 31 8 
18 393 526 84 3 0 0 0 0 149 634 228 13 0 0 0 0 14 180 685 144 1 0 0 
164 577 240 42 1 0 0 0 5 648 308 62 1 0 0 0 0 160 718 141 5 0 0 0 
243 743 28 9 1 0 0 0 48 889 76 9 2 0 0 0 39 320 645 18 2 0 0 0 
393 578 11 9 1 0 0 0 237 727 17 9 2 0 0 0 236 312 430 12 2 0 0 0 
43 238 178 346 212 6 1 0 39 226 244 405 107 3 0 0 145 246 228 356 47 2 0 0 
92 665 258 7 2 0 0 0 76 624 315 7 2 0 0 0 356 651 12 5 0 0 0 0 
48 545 427 4 0 0 0 0 39 481 497 7 0 0 0 0 227 762 35 0 0 0 0 0 
18 419 578 9 0 0 0 0 14 356 639 15 0 0 0 0 135 791 98 0 0 0 0 0 
5 673 344 2 0 0 0 0 1 471 545 7 0 0 0 0 36 818 168 2 0 0 0 0 
12 797 212 3 0 0 0 0 5 420 595 4 0 0 0 0 12 660 349 3 0 0 0 0 
29 953 42 0 0 0 0 0 1 626 397 0 0 0 0 0 2 545 474 3 0 0 0 0 
111 905 8 0 0 0 0 0 5 901 118 0 0 0 0 0 7 732 285 0 0 0 0 0 
472 552 0 0 0 0 0 0 345 655 24 0 0 0 0 0 370 519 135 0 0 0 0 0 
717 275 0 0 0 0 0 0 650 333 9 0 0 0 0 0 665 252 75 0 0 0 0 0 
115 650 257 2 0 0 0 0 79 600 344 1 0 0 0 0 583 440 1 0 0 0 0 0 
160 609 230 21 4 0 0 0 152 594 257 19 2 0 0 0 536 429 50 7 2 0 0 0 
134 705 183 2 0 0 0 0 103 667 251 3 0 0 0 0 418 600 6 0 0 0 0 0 
77 686 261 0 0 0 0 0 57 638 327 2 0 0 0 0 393 623 8 0 0 0 0 0 
104 711 208 1 0 0 0 0 60 698 266 0 0 0 0 0 314 705 5 0 0 0 0 0 
78 839 100 5 2 0 0 0 46 793 178 6 1 0 0 0 262 742 17 3 0 0 0 0 
206 722 83 12 1 0 0 0 157 753 108 6 0 0 0 0 292 700 30 2 0 0 0 0 
677 345 2 0 0 0 0 0 621 396 7 0 0 0 0 0 743 279 2 0 0 0 0 0 
1013 11 0 0 0 0 0 0 1013 11 0 0 0 0 0 0 1015 9 0 0 0 0 0 0 
992 0 0 0 0 0 0 0 992 0 0 0 0 0 0 0 992 0 0 0 0 0 0 0 
187 587 202 30 14 4 0 0 163 585 237 27 10 2 0 0 624 349 35 12 4 0 0 0 
275 592 151 4 2 0 0 0 251 586 181 5 1 0 0 0 701 316 5 2 0 0 0 0 
193 739 85 7 0 0 0 0 154 735 135 0 0 0 0 0 672 352 0 0 0 0 0 0 
165 708 147 3 1 0 0 0 131 701 189 2 1 0 0 0 567 454 3 0 0 0 0 0 
245 642 129 6 2 0 0 0 218 698 103 5 0 0 0 0 580 425 18 1 0 0 0 0 
344 601 75 4 0 0 0 0 322 634 68 0 0 0 0 0 605 415 4 0 0 0 0 0 
884 138 2 0 0 0 0 0 857 161 6 0 0 0 0 0 952 72 0 0 0 0 0 0 
1024 0 0 0 0 0 0 0 1024 0 0 0 0 0 0 0 1024 0 0 0 0 0 0 0 
1024 0 0 0 0 0 0 0 1024 0 0 0 0 0 0 0 1024 0 0 0 0 0 0 0 
992 0 0 0 0 0 0 0 992 0 0 0 0 0 0 0 992 0 0 0 0 0 0 0 
281 537 137 20 13 4 0 0 241 554 166 20 9 2 0 0 663 295 20 10 4 0 0 0 
316 569 106 1 0 0 0 0 278 592 122 0 0 0 0 0 744 247 1 0 0 0 0 0 
285 628 72 7 0 0 0 0 246 632 114 0 0 0 0 0 742 250 0 0 0 0 0 0 
244 572 154 21 1 0 0 0 214 601 172 4 1 0 0 0 631 348 13 0 0 0 0 0 
234 479 172 65 30 12 0 0 235 557 131 56 13 0 0 0 527 352 84 27 2 0 0 0 
467 443 77 5 0 0 0 0 449 485 57 1 0 0 0 0 684 302 6 0 0 0 0 0 
959 33 0 0 0 0 0 0 952 40 0 0 0 0 0 0 978 14 0 0 0 0 0 0 
992 0 0 0 0 0 0 0 992 0 0 0 0 0 0 0 992 0 0 0 0 0 0 0 
992 0 0 0 0 0 0 0 992 0 0 0 0 0 0 0 992 0 0 0 0 0 0 0 
961 0 0 0 0 0 0 0 961 0 0 0 0 0 0 0 961 0 0 0 0 0 0 0 
