6 135 520 187 85 25 3 63 62 44 260 542 53 0 0 63 43 48 103 115 331 321 3 60 
0 32 413 327 178 42 0 32 32 0 0 432 390 138 0 32 32 0 0 0 6 715 230 41 
0 32 82 512 216 127 23 32 32 0 0 62 634 256 8 32 30 2 0 0 0 520 430 42 
0 32 0 758 202 0 0 32 32 0 0 12 899 49 0 32 21 11 0 0 0 605 355 32 
0 32 6 589 364 1 0 32 32 0 0 0 767 193 0 32 31 1 0 0 0 513 447 32 
0 32 0 828 126 6 0 32 32 0 0 3 921 36 0 32 29 3 0 0 0 716 244 32 
0 32 12 647 261 40 0 32 32 0 0 0 888 72 0 32 32 0 0 0 0 694 265 33 
0 32 0 124 506 304 26 32 32 0 0 0 479 479 2 32 28 4 0 0 0 277 682 33 
0 32 3 187 589 169 12 32 32 0 15 38 628 279 0 32 31 1 18 29 16 425 472 32 
1 31 33 479 358 74 16 32 32 5 236 376 332 11 0 32 26 20 337 186 61 302 60 32 
4 49 133 328 227 101 59 91 51 31 139 407 201 33 44 86 35 48 219 190 114 241 58 87 
31 135 139 239 224 166 51 39 85 149 348 288 95 24 3 32 74 128 322 320 88 54 6 32 
0 0 351 659 14 0 0 0 0 0 0 386 638 0 0 0 0 0 0 0 0 808 216 0 
0 0 194 786 44 0 0 0 0 0 0 71 923 30 0 0 0 0 0 0 0 835 189 0 
0 0 8 771 235 10 0 0 0 0 0 1 889 134 0 0 0 0 0 0 0 613 411 0 
0 0 0 716 238 70 0 0 0 0 0 0 809 215 0 0 0 0 0 0 0 277 747 0 
0 0 0 939 85 0 0 0 0 0 0 0 997 27 0 0 0 0 0 0 0 617 407 0 
0 0 1 932 91 0 0 0 0 0 15 10 982 17 0 0 0 5 11 7 6 814 181 0 
0 0 9 340 627 48 0 0 0 1 212 213 490 108 0 0 0 36 284 98 32 244 330 0 
0 0 6 364 500 147 6 1 0 0 73 422 518 11 0 0 0 2 208 295 52 360 107 0 
0 0 0 44 252 457 236 35 0 0 78 515 374 57 0 0 0 3 239 532 235 15 0 0 
0 31 162 103 216 290 180 10 32 48 185 379 258 58 32 0 32 55 277 377 181 38 32 0 
39 152 117 273 287 93 29 34 128 162 391 239 57 15 0 32 75 183 381 253 75 25 0 32 
87 253 149 470 65 0 0 0 140 195 48 57 562 22 0 0 6 300 63 24 27 370 234 0 
0 0 0 546 436 42 0 0 0 0 0 0 676 348 0 0 0 0 0 0 0 174 850 0 
0 0 0 586 408 30 0 0 0 0 0 0 707 317 0 0 0 0 0 0 0 159 865 0 
0 0 0 669 355 0 0 0 0 0 0 0 692 332 0 0 0 0 0 0 0 138 886 0 
0 0 0 239 750 35 0 0 0 0 0 0 359 665 0 0 0 0 0 0 0 84 940 0 
0 0 1 283 598 135 7 0 0 0 167 230 401 224 2 0 0 25 259 142 34 136 428 0 
0 0 4 129 457 321 102 11 0 4 283 559 173 5 0 0 0 37 536 365 85 1 0 0 
0 1 181 191 382 204 47 18 0 91 467 385 78 3 0 0 2 278 516 209 19 0 0 0 
0 25 356 316 187 103 35 2 6 263 490 205 54 6 0 0 11 447 405 130 30 1 0 0 
0 84 331 239 182 113 43 0 39 214 410 207 56 34 32 0 44 316 372 156 39 33 32 0 
53 287 134 77 155 193 92 33 144 315 132 247 146 8 0 32 111 349 140 240 146 6 0 32 
30 641 112 200 41 0 0 0 114 596 187 104 23 0 0 0 7 684 219 86 11 12 5 0 
0 2 85 97 221 206 369 44 0 18 96 41 81 465 322 1 0 20 91 43 8 33 730 99 
0 0 0 80 412 278 254 0 0 0 0 0 181 654 189 0 0 0 0 0 0 15 916 93 
0 0 0 15 419 343 233 14 0 0 0 0 6 791 227 0 0 0 0 0 0 3 904 117 
0 0 0 13 332 434 212 33 0 0 1 52 48 733 190 0 0 0 0 45 46 17 798 118 
0 0 59 127 286 418 127 7 0 24 199 396 226 152 27 0 1 111 282 347 109 21 134 19 
0 2 16 119 251 455 157 24 2 14 184 589 228 7 0 0 5 84 421 446 67 1 0 0 
0 40 39 80 112 355 336 62 16 68 151 480 300 9 0 0 15 110 416 433 50 0 0 0 
37 224 174 173 143 164 64 45 126 277 238 253 72 8 16 34 177 298 287 181 27 11 14 29 
8 109 250 157 149 215 103 1 54 189 243 315 126 33 32 0 77 222 325 253 51 32 32 0 
204 629 137 18 3 1 0 32 384 546 57 4 1 0 0 32 392 548 47 4 1 0 0 32 
210 677 131 4 2 0 0 0 314 657 49 4 0 0 0 0 254 746 22 2 0 0 0 0 
79 231 227 152 80 28 144 83 75 301 249 136 32 49 178 4 109 332 208 114 28 20 179 34 
10 129 221 111 59 123 331 40 19 175 235 74 50 259 210 2 39 291 128 53 45 53 371 44 
0 103 420 178 111 129 83 0 2 250 348 135 98 135 56 0 14 445 182 91 79 58 132 23 
1 171 309 167 126 196 54 0 26 299 265 166 237 29 2 0 49 427 169 104 240 24 11 0 
0 54 420 465 76 9 0 0 4 189 711 113 7 0 0 0 23 648 312 41 0 0 0 0 
1 61 517 333 78 33 1 0 11 383 530 82 17 1 0 0 28 688 262 43 3 0 0 0 
2 293 485 173 63 7 1 0 40 585 346 51 2 0 0 0 82 750 178 14 0 0 0 0 
32 606 289 39 19 13 12 14 77 757 131 25 12 9 10 3 127 786 58 22 13 5 10 3 
31 512 287 66 32 32 32 0 107 577 148 64 32 32 32 0 132 542 158 64 32 32 32 0 
303 646 43 0 0 0 0 32 480 496 16 0 0 0 0 32 494 488 10 0 0 0 0 32 
243 592 151 34 4 0 0 0 436 517 46 25 0 0 0 0 360 600 60 4 0 0 0 0 
559 378 46 24 17 0 0 0 634 333 18 27 12 0 0 0 612 361 25 26 0 0 0 0 
134 564 258 34 17 17 0 0 219 609 148 19 28 1 0 0 258 682 57 25 2 0 0 0 
117 507 309 44 45 2 0 0 264 557 150 35 18 0 0 0 305 606 84 29 0 0 0 0 
94 355 270 261 35 9 0 0 212 377 341 80 14 0 0 0 270 552 185 17 0 0 0 0 
1 179 561 282 1 0 0 0 28 377 575 44 0 0 0 0 74 759 191 0 0 0 0 0 
4 376 485 107 52 0 0 0 160 567 232 49 16 0 0 0 163 715 137 9 0 0 0 0 
41 625 264 42 51 1 0 0 228 636 90 56 14 0 0 0 290 640 89 5 0 0 0 0 
218 588 102 100 15 1 0 0 433 450 49 87 5 0 0 0 378 519 117 9 1 0 0 0 
112 447 172 158 38 33 32 0 295 322 152 126 33 32 32 0 262 368 199 66 33 32 32 0 
594 343 54 1 0 0 0 32 739 210 43 0 0 0 0 32 684 282 26 0 0 0 0 32 
78 381 398 167 0 0 0 0 154 455 282 132 1 0 0 0 137 659 228 0 0 0 0 0 
2 152 448 414 8 0 0 0 8 344 399 267 6 0 0 0 34 559 429 2 0 0 0 0 
1 47 587 328 61 0 0 0 7 102 586 299 30 0 0 0 18 434 562 10 0 0 0 0 
1 45 509 414 55 0 0 0 10 147 465 359 43 0 0 0 21 510 491 2 0 0 0 0 
29 220 411 294 70 0 0 0 66 325 345 275 13 0 0 0 103 529 388 4 0 0 0 0 
231 429 320 39 5 0 0 0 389 419 189 27 0 0 0 0 372 603 48 1 0 0 0 0 
15 233 337 298 120 12 4 5 96 324 323 234 42 2 3 0 121 560 315 21 3 3 1 0 
1 203 511 258 48 3 0 0 68 374 354 223 5 0 0 0 110 616 283 13 2 0 0 0 
18 416 378 202 9 1 0 0 117 421 291 193 2 0 0 0 114 660 236 11 3 0 0 0 
12 280 396 200 40 32 32 0 95 349 268 184 32 32 32 0 94 459 267 75 33 32 32 0 
545 140 97 48 30 31 39 94 680 23 77 51 30 30 41 92 652 63 65 48 32 32 40 92 
482 222 160 64 32 32 32 0 615 124 125 64 32 32 32 0 543 212 109 64 32 32 32 0 
42 322 489 75 32 32 32 0 91 353 420 64 32 32 32 0 76 410 378 64 32 32 32 0 
0 195 607 126 32 32 32 0 33 206 625 64 32 32 32 0 33 263 568 64 32 32 32 0 
0 152 690 86 32 32 32 0 32 289 542 65 32 32 32 0 33 380 450 65 32 32 32 0 
0 141 710 77 32 32 32 0 32 493 339 64 32 32 32 0 36 598 230 64 32 32 32 0 
13 591 259 65 32 32 32 0 178 553 132 65 32 32 32 0 184 574 105 65 32 32 32 0 
0 524 340 64 32 32 32 0 49 705 110 64 32 32 32 0 50 716 98 64 32 32 32 0 
4 580 280 64 32 32 32 0 132 607 125 64 32 32 32 0 116 652 96 64 32 32 32 0 
15 715 126 72 32 32 32 0 248 475 134 71 32 32 32 0 233 518 106 71 32 32 32 0 
14 443 233 114 58 61 66 3 194 302 194 116 57 61 63 5 117 408 165 116 57 60 64 5 
463 129 97 48 30 31 59 135 587 23 77 51 30 30 61 133 566 56 65 48 32 32 60 133 
445 163 160 64 32 32 64 32 556 87 125 64 32 32 64 32 522 137 109 64 32 32 64 32 
42 306 409 75 32 32 64 32 91 327 350 64 32 32 64 32 76 380 312 64 32 32 64 32 
0 193 513 126 32 32 64 32 33 197 538 64 32 32 64 32 33 243 492 64 32 32 64 32 
0 152 594 86 32 32 64 32 32 284 451 65 32 32 64 32 33 379 355 65 32 32 64 32 
0 129 626 77 32 32 64 32 32 460 276 64 32 32 64 32 36 525 207 64 32 32 64 32 
12 516 240 64 32 32 64 32 161 484 123 64 32 32 64 32 164 507 97 64 32 32 64 32 
0 442 326 64 32 32 64 32 44 614 110 64 32 32 64 32 45 625 98 64 32 32 64 32 
4 491 273 64 32 32 64 32 116 527 125 64 32 32 64 32 99 573 96 64 32 32 64 32 
11 636 121 64 32 32 64 32 208 431 129 64 32 32 64 32 187 480 101 64 32 32 64 32 
11 404 207 99 54 58 89 39 175 273 173 101 54 58 86 41 94 378 149 101 54 57 87 41 
