0 1017 7 0 0 0 0 0 0 998 26 0 0 0 0 0 0 0 972 52 0 0 0 0 
0 1013 11 0 0 0 0 0 0 996 28 0 0 0 0 0 0 0 925 99 0 0 0 0 
0 1007 17 0 0 0 0 0 0 753 271 0 0 0 0 0 0 0 470 554 0 0 0 0 
0 972 52 0 0 0 0 0 0 286 738 0 0 0 0 0 0 0 112 912 0 0 0 0 
0 932 69 23 0 0 0 0 0 36 946 28 14 0 0 0 0 0 9 980 35 0 0 0 
0 784 115 103 22 0 0 0 0 2 851 74 97 0 0 0 0 0 0 869 150 5 0 0 
0 928 96 0 0 0 0 0 0 0 1016 8 0 0 0 0 0 0 0 1018 6 0 0 0 
0 982 42 0 0 0 0 0 0 0 1024 0 0 0 0 0 0 0 0 1024 0 0 0 0 
0 988 36 0 0 0 0 0 0 0 1024 0 0 0 0 0 0 0 0 1024 0 0 0 0 
0 945 79 0 0 0 0 0 0 0 1024 0 0 0 0 0 0 0 0 1013 11 0 0 0 
0 830 194 0 0 0 0 0 0 0 1006 18 0 0 0 0 0 0 0 1008 16 0 0 0 
0 327 697 0 0 0 0 0 0 0 790 234 0 0 0 0 0 0 0 966 58 0 0 0 
0 198 826 0 0 0 0 0 0 0 670 354 0 0 0 0 0 0 0 849 175 0 0 0 
0 224 800 0 0 0 0 0 0 0 559 465 0 0 0 0 0 0 0 809 215 0 0 0 
0 216 808 0 0 0 0 0 0 0 531 493 0 0 0 0 0 0 0 829 195 0 0 0 
0 198 826 0 0 0 0 0 0 0 439 585 0 0 0 0 0 0 0 809 215 0 0 0 
0 106 918 0 0 0 0 0 0 0 396 628 0 0 0 0 0 0 0 655 369 0 0 0 
0 142 882 0 0 0 0 0 0 0 379 645 0 0 0 0 0 0 0 546 478 0 0 0 
0 355 669 0 0 0 0 0 0 0 542 482 0 0 0 0 0 0 0 694 330 0 0 0 
0 408 616 0 0 0 0 0 0 0 685 339 0 0 0 0 0 0 0 851 173 0 0 0 
0 701 323 0 0 0 0 0 0 0 879 145 0 0 0 0 0 0 0 954 70 0 0 0 
0 859 165 0 0 0 0 0 0 0 992 32 0 0 0 0 0 0 0 1008 16 0 0 0 
0 892 132 0 0 0 0 0 0 0 1019 5 0 0 0 0 0 0 0 1014 10 0 0 0 
0 939 85 0 0 0 0 0 0 0 1024 0 0 0 0 0 0 0 0 1020 4 0 0 0 
0 964 60 0 0 0 0 0 0 0 1024 0 0 0 0 0 0 0 0 1024 0 0 0 0 
0 986 38 0 0 0 0 0 0 0 1024 0 0 0 0 0 0 0 0 1024 0 0 0 0 
0 991 33 0 0 0 0 0 0 1 1023 0 0 0 0 0 0 0 0 1024 0 0 0 0 
0 992 32 0 0 0 0 0 0 8 1016 0 0 0 0 0 0 0 4 1020 0 0 0 0 
0 957 35 0 0 0 0 0 0 12 980 0 0 0 0 0 0 0 13 979 0 0 0 0 
0 1024 0 0 0 0 0 0 0 989 35 0 0 0 0 0 0 0 883 141 0 0 0 0 
0 1024 0 0 0 0 0 0 0 655 369 0 0 0 0 0 0 0 161 863 0 0 0 0 
0 355 152 243 274 0 0 0 0 32 390 167 434 1 0 0 0 0 12 452 381 179 0 0 
0 150 121 645 108 0 0 0 0 0 173 331 520 0 0 0 0 0 1 197 762 64 0 0 
0 56 526 442 0 0 0 0 0 0 178 675 171 0 0 0 0 0 0 327 697 0 0 0 
0 24 214 633 153 0 0 0 0 0 51 311 662 0 0 0 0 0 0 113 823 88 0 0 
0 218 191 412 203 0 0 0 0 0 313 169 535 7 0 0 0 0 0 332 541 151 0 0 
0 575 414 35 0 0 0 0 0 0 717 290 17 0 0 0 0 0 0 852 172 0 0 0 
0 729 295 0 0 0 0 0 0 0 748 276 0 0 0 0 0 0 0 979 45 0 0 0 
0 623 401 0 0 0 0 0 0 0 587 437 0 0 0 0 0 0 0 787 237 0 0 0 
0 162 862 0 0 0 0 0 0 0 224 800 0 0 0 0 0 0 0 508 516 0 0 0 
0 10 474 179 341 20 0 0 0 0 11 488 339 186 0 0 0 0 0 97 546 381 0 0 
0 5 290 286 363 80 0 0 0 0 10 326 483 205 0 0 0 0 0 50 567 407 0 0 
0 7 772 227 18 0 0 0 0 0 3 811 210 0 0 0 0 0 0 77 909 38 0 0 
0 2 1022 0 0 0 0 0 0 0 0 1024 0 0 0 0 0 0 0 51 973 0 0 0 
0 11 1013 0 0 0 0 0 0 0 3 1021 0 0 0 0 0 0 0 57 967 0 0 0 
0 6 1018 0 0 0 0 0 0 0 0 1024 0 0 0 0 0 0 0 37 987 0 0 0 
0 0 1024 0 0 0 0 0 0 0 0 1024 0 0 0 0 0 0 0 17 1007 0 0 0 
0 5 1019 0 0 0 0 0 0 0 0 1024 0 0 0 0 0 0 0 20 1004 0 0 0 
0 14 1010 0 0 0 0 0 0 0 7 1017 0 0 0 0 0 0 0 43 981 0 0 0 
0 60 964 0 0 0 0 0 0 0 8 1016 0 0 0 0 0 0 0 135 889 0 0 0 
0 164 860 0 0 0 0 0 0 0 129 895 0 0 0 0 0 0 0 359 665 0 0 0 
0 324 700 0 0 0 0 0 0 0 386 638 0 0 0 0 0 0 0 608 416 0 0 0 
0 426 598 0 0 0 0 0 0 0 584 440 0 0 0 0 0 0 0 923 101 0 0 0 
0 702 322 0 0 0 0 0 0 0 899 125 0 0 0 0 0 0 0 961 63 0 0 0 
0 840 184 0 0 0 0 0 0 0 1008 16 0 0 0 0 0 0 0 1021 3 0 0 0 
0 948 76 0 0 0 0 0 0 0 1019 5 0 0 0 0 0 0 0 1014 10 0 0 0 
0 1013 11 0 0 0 0 0 0 0 1024 0 0 0 0 0 0 0 0 1024 0 0 0 0 
0 988 4 0 0 0 0 0 0 0 992 0 0 0 0 0 0 0 0 992 0 0 0 0 
0 1024 0 0 0 0 0 0 0 776 248 0 0 0 0 0 0 0 306 718 0 0 0 0 
0 1024 0 0 0 0 0 0 0 67 957 0 0 0 0 0 0 0 2 1022 0 0 0 0 
0 987 37 0 0 0 0 0 0 0 1009 15 0 0 0 0 0 0 0 1012 12 0 0 0 
0 891 133 0 0 0 0 0 0 0 951 73 0 0 0 0 0 0 0 987 37 0 0 0 
0 818 206 0 0 0 0 0 0 0 898 126 0 0 0 0 0 0 0 997 27 0 0 0 
0 764 249 11 0 0 0 0 0 0 818 203 3 0 0 0 0 0 0 897 127 0 0 0 
0 572 449 3 0 0 0 0 0 0 408 616 0 0 0 0 0 0 0 689 335 0 0 0 
0 131 893 0 0 0 0 0 0 0 96 928 0 0 0 0 0 0 0 358 666 0 0 0 
0 39 985 0 0 0 0 0 0 0 6 1018 0 0 0 0 0 0 0 113 911 0 0 0 
0 15 1009 0 0 0 0 0 0 0 8 1016 0 0 0 0 0 0 0 28 996 0 0 0 
0 0 1024 0 0 0 0 0 0 0 0 1024 0 0 0 0 0 0 0 1 1023 0 0 0 
0 0 1003 21 0 0 0 0 0 0 0 1005 19 0 0 0 0 0 0 0 1019 5 0 0 
0 0 1024 0 0 0 0 0 0 0 0 1024 0 0 0 0 0 0 0 0 1024 0 0 0 
0 0 1024 0 0 0 0 0 0 0 0 1024 0 0 0 0 0 0 0 0 1024 0 0 0 
0 0 1024 0 0 0 0 0 0 0 0 1024 0 0 0 0 0 0 0 0 1024 0 0 0 
0 0 1024 0 0 0 0 0 0 0 0 1024 0 0 0 0 0 0 0 0 1024 0 0 0 
0 0 1024 0 0 0 0 0 0 0 0 1024 0 0 0 0 0 0 0 0 1024 0 0 0 
0 0 1024 0 0 0 0 0 0 0 0 1024 0 0 0 0 0 0 0 0 1024 0 0 0 
0 0 1024 0 0 0 0 0 0 0 0 1024 0 0 0 0 0 0 0 0 1024 0 0 0 
0 0 1024 0 0 0 0 0 0 0 0 1024 0 0 0 0 0 0 0 0 1024 0 0 0 
0 0 1024 0 0 0 0 0 0 0 0 1024 0 0 0 0 0 0 0 0 1024 0 0 0 
0 1 1023 0 0 0 0 0 0 0 0 1024 0 0 0 0 0 0 0 0 1024 0 0 0 
0 3 1021 0 0 0 0 0 0 0 0 1024 0 0 0 0 0 0 0 5 1019 0 0 0 
0 19 1005 0 0 0 0 0 0 0 2 1022 0 0 0 0 0 0 0 24 1000 0 0 0 
0 68 952 4 0 0 0 0 0 0 50 970 4 0 0 0 0 0 0 226 794 4 0 0 
0 145 879 0 0 0 0 0 0 0 259 765 0 0 0 0 0 0 0 651 373 0 0 0 
0 445 579 0 0 0 0 0 0 0 549 475 0 0 0 0 0 0 0 877 147 0 0 0 
0 733 291 0 0 0 0 0 0 0 936 88 0 0 0 0 0 0 0 1004 20 0 0 0 
0 735 257 0 0 0 0 0 0 0 942 50 0 0 0 0 0 0 0 980 12 0 0 0 
0 1009 15 0 0 0 0 0 0 163 861 0 0 0 0 0 0 0 29 995 0 0 0 0 
0 294 453 277 0 0 0 0 0 0 391 581 52 0 0 0 0 0 0 576 448 0 0 0 
0 581 238 205 0 0 0 0 0 0 617 253 154 0 0 0 0 0 0 679 344 1 0 0 
0 1024 0 0 0 0 0 0 0 0 1014 10 0 0 0 0 0 0 0 1024 0 0 0 0 
0 858 166 0 0 0 0 0 0 0 648 376 0 0 0 0 0 0 0 891 133 0 0 0 
0 453 571 0 0 0 0 0 0 0 195 829 0 0 0 0 0 0 0 464 560 0 0 0 
0 113 911 0 0 0 0 0 0 0 13 1011 0 0 0 0 0 0 0 127 897 0 0 0 
0 1 1023 0 0 0 0 0 0 0 0 1024 0 0 0 0 0 0 0 4 1020 0 0 0 
0 0 1024 0 0 0 0 0 0 0 0 1024 0 0 0 0 0 0 0 1 1023 0 0 0 
0 0 1024 0 0 0 0 0 0 0 0 1024 0 0 0 0 0 0 0 0 1024 0 0 0 
0 0 1024 0 0 0 0 0 0 0 0 1024 0 0 0 0 0 0 0 0 1024 0 0 0 
0 0 1024 0 0 0 0 0 0 0 0 997 27 0 0 0 0 0 0 0 1024 0 0 0 
0 0 1024 0 0 0 0 0 0 0 0 972 52 0 0 0 0 0 0 0 1024 0 0 0 
0 0 1024 0 0 0 0 0 0 0 0 990 34 0 0 0 0 0 0 0 1024 0 0 0 
0 0 1024 0 0 0 0 0 0 0 0 985 39 0 0 0 0 0 0 0 1024 0 0 0 
0 0 1023 1 0 0 0 0 0 0 0 924 100 0 0 0 0 0 0 0 1024 0 0 0 
0 0 1023 1 0 0 0 0 0 0 0 860 164 0 0 0 0 0 0 0 1024 0 0 0 
0 0 1019 5 0 0 0 0 0 0 0 876 148 0 0 0 0 0 0 0 1024 0 0 0 
0 0 1019 5 0 0 0 0 0 0 0 866 158 0 0 0 0 0 0 0 1024 0 0 0 
0 0 1019 5 0 0 0 0 0 0 0 876 148 0 0 0 0 0 0 0 1022 2 0 0 
0 0 1024 0 0 0 0 0 0 0 0 955 69 0 0 0 0 0 0 0 1024 0 0 0 
0 0 1024 0 0 0 0 0 0 0 0 1001 23 0 0 0 0 0 0 0 1024 0 0 0 
0 0 1024 0 0 0 0 0 0 0 0 1024 0 0 0 0 0 0 0 0 1024 0 0 0 
0 0 1024 0 0 0 0 0 0 0 0 1024 0 0 0 0 0 0 0 0 1024 0 0 0 
0 0 1024 0 0 0 0 0 0 0 0 1024 0 0 0 0 0 0 0 2 1022 0 0 0 
0 3 968 49 4 0 0 0 0 4 27 990 3 0 0 0 0 0 30 82 912 0 0 0 
0 50 974 0 0 0 0 0 0 29 77 918 0 0 0 0 0 2 70 171 781 0 0 0 
0 32 957 35 0 0 0 0 0 0 131 893 0 0 0 0 0 0 18 493 513 0 0 0 
0 36 925 31 0 0 0 0 0 0 147 845 0 0 0 0 0 0 10 517 465 0 0 0 
0 673 158 191 2 0 0 0 0 0 711 244 69 0 0 0 0 0 0 765 259 0 0 0 
0 568 36 232 188 0 0 0 0 0 578 59 365 22 0 0 0 0 0 591 340 93 0 0 
0 800 80 132 12 0 0 0 0 8 805 140 71 0 0 0 0 0 10 836 167 11 0 0 
0 1009 15 0 0 0 0 0 0 0 752 272 0 0 0 0 0 0 0 1023 1 0 0 0 
0 369 651 4 0 0 0 0 0 0 108 914 2 0 0 0 0 0 1 483 540 0 0 0 
0 6 1018 0 0 0 0 0 0 0 0 1024 0 0 0 0 0 0 0 8 1016 0 0 0 
0 0 1024 0 0 0 0 0 0 0 0 1024 0 0 0 0 0 0 0 0 1024 0 0 0 
0 0 1024 0 0 0 0 0 0 0 0 1021 3 0 0 0 0 0 0 0 1024 0 0 0 
0 0 1024 0 0 0 0 0 0 0 0 998 26 0 0 0 0 0 0 0 1024 0 0 0 
0 0 1022 2 0 0 0 0 0 0 0 813 211 0 0 0 0 0 0 0 1024 0 0 0 
0 0 993 31 0 0 0 0 0 0 0 608 416 0 0 0 0 0 0 0 1024 0 0 0 
0 0 816 208 0 0 0 0 0 0 0 336 688 0 0 0 0 0 0 0 1024 0 0 0 
0 0 528 418 76 2 0 0 0 0 1 423 598 2 0 0 0 0 13 266 738 7 0 0 
0 0 148 654 193 26 3 0 0 0 7 716 275 24 2 0 0 0 15 654 336 18 1 0 
0 0 318 635 68 3 0 0 0 0 52 700 266 6 0 0 0 0 34 650 339 1 0 0 
0 0 478 457 89 0 0 0 0 0 18 414 592 0 0 0 0 0 11 365 641 7 0 0 
0 0 399 511 114 0 0 0 0 0 0 270 754 0 0 0 0 0 0 246 777 1 0 0 
0 0 430 452 142 0 0 0 0 0 2 182 840 0 0 0 0 0 2 192 828 2 0 0 
0 0 386 532 106 0 0 0 0 0 0 103 921 0 0 0 0 0 0 140 879 5 0 0 
0 0 420 536 68 0 0 0 0 0 0 45 979 0 0 0 0 0 0 69 932 23 0 0 
0 0 535 489 0 0 0 0 0 0 0 130 894 0 0 0 0 0 0 0 995 29 0 0 
0 0 581 377 66 0 0 0 0 0 0 211 813 0 0 0 0 0 0 40 981 3 0 0 
0 0 543 142 334 5 0 0 0 0 2 576 446 0 0 0 0 0 28 325 671 0 0 0 
0 0 356 85 578 5 0 0 0 0 0 813 211 0 0 0 0 0 44 543 437 0 0 0 
0 0 72 305 647 0 0 0 0 0 77 845 102 0 0 0 0 0 249 690 85 0 0 0 
0 62 448 322 191 1 0 0 0 140 456 420 8 0 0 0 0 0 776 247 1 0 0 0 
0 36 211 385 359 33 0 0 0 44 268 615 97 0 0 0 0 0 458 563 3 0 0 0 
0 0 27 674 321 2 0 0 0 4 31 929 60 0 0 0 0 10 191 820 3 0 0 0 
0 0 34 676 281 1 0 0 0 4 30 920 38 0 0 0 0 10 175 800 7 0 0 0 
19 869 70 65 1 0 0 0 8 627 275 78 36 0 0 0 0 578 67 296 83 0 0 0 
4 896 33 91 0 0 0 0 0 889 21 75 39 0 0 0 0 786 113 28 97 0 0 0 
6 915 101 2 0 0 0 0 0 885 122 17 0 0 0 0 0 638 334 47 5 0 0 0 
3 964 54 2 1 0 0 0 0 842 98 82 2 0 0 0 0 559 310 141 13 1 0 0 
0 807 134 49 27 7 0 0 0 780 141 64 29 10 0 0 0 31 852 94 40 7 0 0 
0 466 358 199 1 0 0 0 0 399 295 324 6 0 0 0 0 1 617 329 77 0 0 0 
0 11 435 418 160 0 0 0 0 1 135 779 109 0 0 0 0 0 101 590 333 0 0 0 
0 0 308 412 304 0 0 0 0 0 21 610 393 0 0 0 0 0 29 573 422 0 0 0 
0 0 234 407 383 0 0 0 0 0 27 474 523 0 0 0 0 0 30 528 466 0 0 0 
0 6 403 399 216 0 0 0 0 3 119 301 601 0 0 0 0 2 139 369 508 6 0 0 
0 0 245 777 2 0 0 0 0 0 245 373 406 0 0 0 0 0 323 278 423 0 0 0 
0 0 40 890 94 0 0 0 0 0 45 763 216 0 0 0 0 0 125 679 218 2 0 0 
0 0 4 707 313 0 0 0 0 0 53 871 100 0 0 0 0 0 149 866 9 0 0 0 
0 0 6 445 568 5 0 0 0 0 14 830 180 0 0 0 0 0 37 965 22 0 0 0 
0 0 33 469 518 4 0 0 0 0 33 621 370 0 0 0 0 0 74 911 39 0 0 0 
0 0 44 183 779 18 0 0 0 0 67 331 626 0 0 0 0 0 95 821 108 0 0 0 
0 0 0 355 669 0 0 0 0 0 0 614 410 0 0 0 0 0 6 981 37 0 0 0 
0 0 0 422 573 29 0 0 0 0 0 630 394 0 0 0 0 0 1 930 93 0 0 0 
0 0 0 121 866 37 0 0 0 0 0 356 668 0 0 0 0 0 2 855 167 0 0 0 
0 0 0 62 929 33 0 0 0 0 0 180 844 0 0 0 0 0 5 662 357 0 0 0 
0 0 0 186 813 25 0 0 0 0 1 403 620 0 0 0 0 0 25 716 257 26 0 0 
0 0 7 155 582 280 0 0 0 0 16 330 678 0 0 0 0 0 83 830 110 1 0 0 
0 0 0 22 474 528 0 0 0 0 0 244 780 0 0 0 0 0 12 994 18 0 0 0 
0 0 0 76 629 319 0 0 0 0 25 328 671 0 0 0 0 0 108 916 0 0 0 0 
0 0 0 56 698 269 1 0 0 0 13 699 308 4 0 0 0 0 194 817 13 0 0 0 
0 0 0 34 423 565 2 0 0 0 4 339 670 11 0 0 0 0 99 870 55 0 0 0 
0 0 0 7 596 421 0 0 0 0 0 293 718 13 0 0 0 0 98 855 71 0 0 0 
0 2 23 149 730 120 0 0 0 9 75 520 414 6 0 0 0 27 288 674 35 0 0 0 
0 2 24 135 714 117 0 0 0 9 69 484 424 6 0 0 0 23 243 691 35 0 0 0 
1 935 88 0 0 0 0 0 0 889 135 0 0 0 0 0 0 587 437 0 0 0 0 0 
4 1020 0 0 0 0 0 0 1 1023 0 0 0 0 0 0 0 978 46 0 0 0 0 0 
10 1014 0 0 0 0 0 0 1 1019 4 0 0 0 0 0 0 897 127 0 0 0 0 0 
4 1020 0 0 0 0 0 0 0 1024 0 0 0 0 0 0 0 840 184 0 0 0 0 0 
1 960 53 10 0 0 0 0 0 947 65 12 0 0 0 0 0 476 532 16 0 0 0 0 
0 461 300 210 53 0 0 0 0 356 404 244 20 0 0 0 0 27 726 271 0 0 0 0 
0 242 444 244 94 0 0 0 0 203 494 290 37 0 0 0 0 133 542 344 5 0 0 0 
0 70 648 282 24 0 0 0 0 51 623 338 12 0 0 0 0 31 663 326 4 0 0 0 
0 321 572 114 17 0 0 0 0 68 814 125 17 0 0 0 0 2 928 85 9 0 0 0 
0 19 115 260 595 35 0 0 0 5 123 355 541 0 0 0 0 0 168 818 38 0 0 0 
0 3 101 297 495 128 0 0 0 4 114 349 557 0 0 0 0 1 162 818 43 0 0 0 
0 0 0 453 391 180 0 0 0 0 1 652 371 0 0 0 0 0 73 938 13 0 0 0 
0 0 25 444 555 0 0 0 0 0 42 691 291 0 0 0 0 0 129 891 4 0 0 0 
0 0 3 119 876 26 0 0 0 0 7 252 765 0 0 0 0 0 34 935 55 0 0 0 
0 0 44 165 739 76 0 0 0 0 50 297 672 5 0 0 0 1 110 871 42 0 0 0 
0 0 47 178 554 245 0 0 0 0 72 277 675 0 0 0 0 0 107 890 27 0 0 0 
0 0 10 200 792 22 0 0 0 0 35 423 566 0 0 0 0 0 144 870 10 0 0 0 
0 6 30 447 411 130 0 0 0 14 89 682 238 1 0 0 0 14 352 625 33 0 0 0 
0 85 85 197 621 36 0 0 0 89 125 371 438 1 0 0 0 92 253 665 14 0 0 0 
0 2 11 126 864 21 0 0 0 5 16 474 529 0 0 0 0 7 78 931 8 0 0 0 
0 0 0 52 535 432 5 0 0 0 0 228 669 127 0 0 0 0 32 739 253 0 0 0 
0 0 0 5 428 591 0 0 0 0 0 156 851 17 0 0 0 0 33 861 130 0 0 0 
0 0 4 27 357 628 8 0 0 2 23 193 775 31 0 0 0 8 77 853 86 0 0 0 
0 0 0 6 321 692 5 0 0 0 4 207 792 21 0 0 0 1 86 855 82 0 0 0 
0 0 0 0 135 865 24 0 0 0 1 89 886 48 0 0 0 0 41 873 110 0 0 0 
0 0 0 2 333 689 0 0 0 0 1 208 815 0 0 0 0 0 72 943 9 0 0 0 
0 2 23 109 610 280 0 0 0 7 66 416 520 15 0 0 1 22 224 696 81 0 0 0 
0 1 16 129 695 183 0 0 0 5 52 488 456 23 0 0 2 16 266 646 94 0 0 0 
0 1 16 125 693 157 0 0 0 5 51 479 436 21 0 0 2 16 256 640 78 0 0 0 
10 488 494 32 0 0 0 0 15 520 475 14 0 0 0 0 0 397 627 0 0 0 0 0 
40 942 40 2 0 0 0 0 15 960 45 4 0 0 0 0 0 865 159 0 0 0 0 0 
8 880 136 0 0 0 0 0 2 848 174 0 0 0 0 0 0 644 380 0 0 0 0 0 
9 832 70 109 4 0 0 0 0 783 138 100 3 0 0 0 0 568 380 76 0 0 0 0 
1 361 274 373 15 0 0 0 0 358 393 271 2 0 0 0 0 256 602 166 0 0 0 0 
0 54 203 628 133 6 0 0 0 70 261 625 68 0 0 0 0 55 457 491 21 0 0 0 
0 410 194 235 172 13 0 0 0 404 241 271 106 2 0 0 0 291 410 293 30 0 0 0 
0 388 148 390 98 0 0 0 0 371 173 412 68 0 0 0 0 180 469 375 0 0 0 0 
0 0 0 198 805 21 0 0 0 0 3 337 684 0 0 0 0 0 25 979 20 0 0 0 
0 0 0 3 565 456 0 0 0 0 0 21 998 5 0 0 0 0 0 857 167 0 0 0 
0 0 3 44 677 300 0 0 0 0 22 274 728 0 0 0 0 1 87 879 57 0 0 0 
0 1 10 33 441 539 0 0 0 4 14 159 847 0 0 0 0 5 53 930 36 0 0 0 
0 2 72 246 449 255 0 0 0 2 129 312 560 21 0 0 0 15 252 706 51 0 0 0 
0 0 2 50 675 297 0 0 0 0 17 271 736 0 0 0 0 6 119 882 17 0 0 0 
0 0 8 139 654 223 0 0 0 0 40 436 548 0 0 0 0 8 179 816 21 0 0 0 
0 0 0 92 699 210 23 0 0 0 11 378 590 45 0 0 0 0 109 827 88 0 0 0 
0 0 109 551 305 58 1 0 0 6 207 643 159 9 0 0 0 33 503 471 17 0 0 0 
0 41 129 506 343 5 0 0 0 55 185 604 179 1 0 0 0 83 508 428 5 0 0 0 
0 11 45 212 510 186 60 0 0 14 61 496 352 101 0 0 0 22 246 636 117 3 0 0 
0 10 65 186 401 350 12 0 0 36 117 343 500 28 0 0 2 65 261 662 34 0 0 0 
0 0 9 31 226 647 111 0 0 8 23 123 702 168 0 0 0 19 77 696 232 0 0 0 
0 0 0 9 193 739 83 0 0 0 8 83 747 185 1 0 0 0 68 686 269 1 0 0 
0 0 1 5 114 857 47 0 0 1 5 65 780 173 0 0 0 4 33 697 290 0 0 0 
0 0 0 0 108 889 27 0 0 0 0 52 879 93 0 0 0 0 23 785 216 0 0 0 
0 0 0 0 92 918 14 0 0 0 0 60 906 58 0 0 0 0 30 818 176 0 0 0 
0 0 0 8 242 763 11 0 0 0 5 127 773 119 0 0 0 0 56 698 270 0 0 0 
0 0 2 28 387 598 9 0 0 0 10 184 705 125 0 0 0 3 79 610 330 2 0 0 
0 1 24 227 743 29 0 0 0 10 95 679 240 0 0 0 0 27 371 622 4 0 0 0 
0 1 27 261 676 27 0 0 0 10 103 658 221 0 0 0 0 29 396 561 6 0 0 0 
112 463 364 84 1 0 0 0 247 365 391 21 0 0 0 0 4 590 425 5 0 0 0 0 
12 178 555 279 0 0 0 0 40 187 706 91 0 0 0 0 0 244 772 8 0 0 0 0 
99 496 352 72 5 0 0 0 160 465 343 56 0 0 0 0 2 582 414 26 0 0 0 0 
35 494 318 177 0 0 0 0 64 474 356 130 0 0 0 0 0 477 492 55 0 0 0 0 
9 244 272 484 15 0 0 0 14 257 350 403 0 0 0 0 1 264 531 228 0 0 0 0 
1 84 295 570 74 0 0 0 1 88 378 548 9 0 0 0 0 99 549 376 0 0 0 0 
0 59 200 619 146 0 0 0 0 69 269 672 14 0 0 0 0 47 513 464 0 0 0 0 
0 48 217 247 506 6 0 0 0 42 260 386 336 0 0 0 0 36 361 624 3 0 0 0 
0 0 0 84 719 221 0 0 0 0 6 263 754 1 0 0 0 0 39 925 60 0 0 0 
0 0 0 24 225 759 16 0 0 0 8 119 851 46 0 0 0 1 79 705 239 0 0 0 
0 88 148 282 388 118 0 0 0 116 209 346 348 5 0 0 1 160 375 449 39 0 0 0 
0 23 78 290 549 84 0 0 0 36 135 464 376 13 0 0 0 55 351 576 42 0 0 0 
0 0 15 239 663 107 0 0 0 3 43 535 434 9 0 0 0 11 262 714 37 0 0 0 
0 0 3 91 546 368 16 0 0 0 12 284 567 161 0 0 0 2 107 697 215 3 0 0 
0 0 5 28 473 518 0 0 0 1 12 191 774 46 0 0 0 6 71 826 121 0 0 0 
0 0 0 14 288 704 18 0 0 0 0 75 837 112 0 0 0 0 49 815 160 0 0 0 
0 0 7 46 278 631 62 0 0 2 25 153 714 130 0 0 0 12 103 756 153 0 0 0 
0 6 17 117 156 456 272 0 0 7 27 194 399 397 0 0 0 14 111 521 378 0 0 0 
0 0 10 59 233 559 163 0 0 7 40 212 544 221 0 0 0 24 204 566 227 3 0 0 
0 2 39 66 342 562 13 0 0 18 59 252 633 62 0 0 0 48 240 640 96 0 0 0 
0 0 1 5 72 784 162 0 0 0 5 46 570 403 0 0 0 3 25 498 498 0 0 0 
0 0 0 0 22 792 210 0 0 0 0 11 615 398 0 0 0 0 6 479 539 0 0 0 
0 0 0 0 13 892 119 0 0 0 0 11 713 300 0 0 0 0 4 540 480 0 0 0 
0 0 0 1 59 883 81 0 0 0 1 32 751 240 0 0 0 1 17 620 386 0 0 0 
0 0 0 2 54 899 69 0 0 0 2 29 712 281 0 0 0 1 18 494 511 0 0 0 
0 0 0 0 174 850 0 0 0 0 0 79 907 38 0 0 0 0 38 800 186 0 0 0 
0 0 1 22 305 692 4 0 0 0 9 161 828 26 0 0 0 1 77 759 187 0 0 0 
0 0 10 138 804 72 0 0 0 3 57 577 387 0 0 0 0 10 310 702 2 0 0 0 
0 0 10 166 749 67 0 0 0 3 66 581 342 0 0 0 0 8 331 651 2 0 0 0 
109 502 296 113 4 0 0 0 170 471 303 77 3 0 0 0 66 555 379 23 1 0 0 0 
57 274 295 398 0 0 0 0 112 232 513 167 0 0 0 0 8 330 655 31 0 0 0 0 
278 549 150 43 2 2 0 0 367 450 174 30 1 2 0 0 4 811 194 12 2 1 0 0 
502 512 10 0 0 0 0 0 637 372 15 0 0 0 0 0 10 987 27 0 0 0 0 0 
178 788 44 7 4 3 0 0 130 811 65 10 5 2 1 0 0 930 80 9 3 2 0 0 
19 595 222 134 54 0 0 0 8 451 386 151 28 0 0 0 0 506 403 110 5 0 0 0 
1 282 267 193 267 14 0 0 0 96 445 305 174 4 0 0 0 205 431 353 34 1 0 0 
5 65 102 119 564 167 2 0 3 48 111 225 600 37 0 0 3 76 181 638 126 0 0 0 
0 0 5 11 328 625 55 0 0 0 6 56 676 279 7 0 0 1 26 578 406 13 0 0 
0 0 3 18 467 520 16 0 0 1 8 107 778 126 4 0 0 6 36 736 237 9 0 0 
0 0 10 453 535 26 0 0 0 0 50 849 125 0 0 0 0 2 561 453 8 0 0 0 
0 0 47 442 459 76 0 0 0 7 83 705 229 0 0 0 0 24 600 393 7 0 0 0 
0 2 18 132 494 375 3 0 0 5 33 353 590 43 0 0 0 18 203 729 74 0 0 0 
0 2 41 109 246 607 19 0 0 8 86 172 638 120 0 0 0 26 177 670 151 0 0 0 
0 0 5 42 165 654 158 0 0 2 22 82 573 345 0 0 0 8 62 593 361 0 0 0 
0 0 0 5 95 548 376 0 0 0 4 43 431 545 1 0 0 1 40 408 574 1 0 0 
0 0 1 27 99 590 307 0 0 1 20 78 445 480 0 0 0 16 72 452 484 0 0 0 
0 0 7 16 79 649 273 0 0 5 11 60 572 376 0 0 0 9 63 632 320 0 0 0 
0 0 1 14 143 772 94 0 0 0 9 109 687 219 0 0 0 5 95 676 248 0 0 0 
0 0 20 32 163 713 96 0 0 12 33 116 508 355 0 0 1 30 107 486 400 0 0 0 
0 0 0 3 40 764 217 0 0 0 2 20 426 576 0 0 0 0 15 330 679 0 0 0 
0 0 0 0 5 621 398 0 0 0 0 1 288 735 0 0 0 0 0 153 870 1 0 0 
0 0 0 2 33 869 120 0 0 0 1 23 696 304 0 0 0 0 15 553 456 0 0 0 
0 0 0 4 177 828 15 0 0 0 2 119 836 67 0 0 0 2 70 818 134 0 0 0 
0 0 0 1 192 809 22 0 0 0 0 94 833 97 0 0 0 0 42 781 201 0 0 0 
0 0 0 1 97 903 23 0 0 0 0 33 815 176 0 0 0 0 13 606 405 0 0 0 
0 0 0 0 77 877 70 0 0 0 0 31 677 316 0 0 0 0 6 409 607 2 0 0 
0 0 1 62 473 474 14 0 0 1 21 249 680 73 0 0 0 4 119 666 229 6 0 0 
0 0 1 84 506 387 14 0 0 1 28 284 631 48 0 0 0 5 143 670 168 6 0 0 
488 302 145 82 7 0 0 0 657 175 126 60 6 0 0 0 501 360 139 24 0 0 0 0 
389 298 168 166 3 0 0 0 505 183 228 106 2 0 0 0 291 414 285 34 0 0 0 0 
121 361 226 195 99 18 4 0 180 302 248 209 69 15 1 0 109 433 276 175 27 4 0 0 
153 440 149 84 193 5 0 0 252 314 173 156 129 0 0 0 64 539 184 227 10 0 0 0 
56 512 212 62 173 9 0 0 66 389 295 138 136 0 0 0 14 555 254 193 8 0 0 0 
31 420 297 146 117 13 0 0 25 260 433 214 88 4 0 0 13 461 384 155 9 2 0 0 
33 463 320 102 105 1 0 0 28 323 424 173 76 0 0 0 23 519 347 131 4 0 0 0 
30 368 272 157 59 129 9 0 32 276 321 205 96 90 4 0 23 422 352 79 138 10 0 0 
13 244 185 81 330 157 13 1 9 174 249 130 388 66 7 1 20 317 163 395 112 15 2 0 
3 135 255 144 372 115 0 0 2 96 259 247 409 11 0 0 6 255 277 459 27 0 0 0 
3 77 274 207 401 60 2 0 1 45 265 481 210 22 0 0 7 211 416 362 28 0 0 0 
0 101 250 205 312 140 14 2 1 76 250 385 256 49 7 0 1 200 420 325 66 12 0 0 
0 20 254 200 280 263 7 0 0 20 208 314 440 42 0 0 0 150 361 446 67 0 0 0 
0 91 169 175 463 123 3 0 0 76 161 379 392 16 0 0 7 184 351 459 23 0 0 0 
1 28 138 199 385 158 113 2 2 32 142 317 344 179 8 0 4 113 343 368 185 10 1 0 
0 35 145 197 151 350 143 3 0 27 133 252 324 281 7 0 3 111 310 314 280 6 0 0 
0 21 124 133 129 267 350 0 0 17 103 198 173 532 1 0 0 105 222 173 523 1 0 0 
1 51 168 65 68 350 321 0 0 53 149 98 194 530 0 0 7 154 137 186 538 2 0 0 
0 61 203 52 50 367 291 0 0 34 209 85 133 563 0 0 2 173 155 113 575 6 0 0 
0 33 148 72 38 350 383 0 0 19 141 106 56 698 4 0 0 107 159 47 672 39 0 0 
0 56 107 45 24 541 251 0 0 40 133 45 35 770 1 0 1 131 85 26 777 4 0 0 
0 1 39 50 48 789 97 0 0 2 47 60 195 720 0 0 0 36 70 64 850 4 0 0 
0 5 46 70 75 783 45 0 0 11 58 87 410 458 0 0 0 39 99 166 720 0 0 0 
0 18 77 76 128 702 22 1 0 27 91 107 624 164 11 0 0 77 106 355 475 9 2 0 
0 1 29 66 123 771 32 2 0 7 45 100 574 296 2 0 1 27 89 280 593 34 0 0 
0 8 33 35 98 830 20 0 0 24 37 55 629 279 0 0 1 41 48 259 672 3 0 0 
0 0 0 3 50 970 1 0 0 0 1 17 934 72 0 0 0 0 7 553 464 0 0 0 
0 0 3 20 541 460 0 0 0 0 6 71 946 1 0 0 0 1 20 828 175 0 0 0 
0 0 3 21 578 390 0 0 0 0 6 77 906 3 0 0 0 1 19 802 170 0 0 0 
52 151 658 161 2 0 0 0 98 218 648 59 1 0 0 0 69 330 610 15 0 0 0 0 
52 322 564 82 4 0 0 0 118 385 469 51 1 0 0 0 67 533 400 24 0 0 0 0 
377 440 123 66 18 0 0 0 745 113 95 64 7 0 0 0 318 544 120 42 0 0 0 0 
144 392 102 213 173 0 0 0 411 161 87 300 65 0 0 0 130 456 226 211 1 0 0 0 
0 118 174 224 480 28 0 0 1 106 242 349 320 6 0 0 9 193 298 500 24 0 0 0 
2 118 130 84 369 296 25 0 36 97 140 188 449 114 0 0 22 177 170 470 184 1 0 0 
44 419 232 108 154 66 1 0 222 210 262 160 155 15 0 0 75 499 229 185 36 0 0 0 
42 475 359 94 52 2 0 0 27 318 479 153 47 0 0 0 51 577 323 73 0 0 0 0 
30 541 379 57 13 4 0 0 42 342 477 142 18 3 0 0 57 645 300 20 2 0 0 0 
46 516 330 109 22 1 0 0 92 302 442 165 22 1 0 0 84 638 272 28 2 0 0 0 
42 463 405 74 27 5 8 0 70 319 448 149 27 5 6 0 75 611 292 33 7 6 0 0 
10 309 457 168 52 21 2 5 19 241 452 246 46 14 5 1 42 513 390 58 15 2 4 0 
46 377 430 115 47 8 1 0 76 255 439 198 49 7 0 0 72 592 293 60 7 0 0 0 
0 244 472 212 77 19 0 0 10 112 465 341 81 15 0 0 18 435 492 70 9 0 0 0 
5 202 363 285 128 26 13 2 5 126 346 375 145 17 10 0 23 371 489 113 17 11 0 0 
1 148 366 281 166 57 5 0 3 107 326 384 162 39 3 0 16 338 481 155 30 4 0 0 
4 261 434 174 96 41 14 0 4 179 446 255 99 32 9 0 19 468 382 117 26 12 0 0 
4 296 357 168 99 62 34 4 17 258 383 192 100 56 16 2 43 449 330 121 58 21 2 0 
20 408 434 95 41 15 10 1 44 278 468 159 50 16 8 1 50 586 306 51 17 12 2 0 
15 440 395 101 45 7 17 4 29 288 488 143 50 6 17 3 24 628 291 48 9 10 12 2 
6 444 449 92 17 13 3 0 5 299 573 114 19 11 3 0 18 628 331 32 11 4 0 0 
8 415 310 154 108 18 9 2 17 295 425 185 82 12 7 1 30 580 294 94 16 5 5 0 
7 533 327 82 39 24 12 0 4 394 455 105 33 32 1 0 17 702 229 43 31 2 0 0 
2 333 379 117 50 134 9 0 1 240 450 148 90 95 0 0 9 512 307 83 112 1 0 0 
7 286 344 169 78 119 21 0 34 207 346 245 123 55 14 0 19 439 343 122 84 8 9 0 
0 166 361 159 132 199 7 0 6 110 386 236 247 35 4 0 11 304 374 197 133 5 0 0 
10 377 272 37 77 249 2 0 17 292 332 71 295 15 2 0 19 502 180 190 131 2 0 0 
1 330 192 40 187 274 0 0 24 233 269 73 417 8 0 0 9 411 150 314 140 0 0 0 
1 315 184 37 193 262 0 0 22 228 253 71 410 8 0 0 7 403 133 310 139 0 0 0 
0 2 880 142 0 0 0 0 0 29 987 8 0 0 0 0 0 221 803 0 0 0 0 0 
15 129 692 182 6 0 0 0 46 164 744 70 0 0 0 0 28 321 661 14 0 0 0 0 
67 192 430 331 4 0 0 0 150 165 647 62 0 0 0 0 66 344 603 11 0 0 0 0 
79 359 261 163 158 4 0 0 255 237 269 207 56 0 0 0 91 466 304 163 0 0 0 0 
4 73 332 482 119 14 0 0 41 71 531 323 55 3 0 0 22 179 677 140 6 0 0 0 
22 291 154 300 232 25 0 0 178 179 179 352 128 8 0 0 52 350 361 233 28 0 0 0 
9 300 216 125 201 173 0 0 86 236 190 183 313 16 0 0 29 366 208 339 82 0 0 0 
42 352 351 156 105 18 0 0 106 221 337 262 95 3 0 0 90 453 341 130 10 0 0 0 
61 455 419 62 20 7 0 0 116 302 396 181 28 1 0 0 126 623 240 27 7 1 0 0 
100 416 349 103 43 13 0 0 228 210 268 252 59 7 0 0 175 496 301 46 6 0 0 0 
47 399 382 87 49 40 19 1 105 220 407 193 58 26 15 0 104 544 273 60 26 17 0 0 
42 366 487 109 20 0 0 0 67 236 386 305 29 1 0 0 86 536 375 27 0 0 0 0 
6 340 648 30 0 0 0 0 4 137 542 340 1 0 0 0 25 637 361 1 0 0 0 0 
11 202 641 149 15 6 0 0 5 106 426 445 36 5 1 0 23 538 439 18 6 0 0 0 
6 178 576 230 32 2 0 0 6 106 347 533 30 2 0 0 18 438 540 28 0 0 0 0 
4 168 549 251 38 10 4 0 3 92 379 463 78 7 2 0 25 354 588 46 8 3 0 0 
7 227 385 307 73 24 1 0 3 175 305 407 118 16 0 0 19 359 536 99 11 0 0 0 
10 265 480 173 51 36 9 0 34 138 359 399 66 27 1 0 39 421 474 63 25 2 0 0 
28 381 429 120 51 12 3 0 57 206 430 269 52 8 2 0 55 531 374 51 9 4 0 0 
14 286 281 261 124 28 16 14 28 189 278 359 130 15 15 10 31 408 424 116 18 7 20 0 
12 169 393 377 52 21 0 0 38 96 268 508 101 13 0 0 22 354 546 95 7 0 0 0 
2 80 385 391 136 13 17 0 8 34 318 495 149 3 17 0 4 298 572 130 2 18 0 0 
0 107 415 375 81 29 17 0 2 83 316 486 101 28 8 0 5 284 591 107 26 11 0 0 
4 398 476 118 25 2 1 0 35 279 522 164 22 2 0 0 29 672 296 24 3 0 0 0 
22 514 366 72 18 6 24 2 70 358 446 101 20 15 12 2 67 658 238 31 4 22 4 0 
77 573 281 71 20 2 0 0 195 361 352 96 18 2 0 0 190 612 188 31 3 0 0 0 
33 721 241 18 6 2 3 0 101 532 357 23 5 3 3 0 73 817 118 7 6 1 2 0 
25 614 174 90 54 40 27 0 114 510 201 93 53 34 19 0 69 654 155 74 38 29 5 0 
25 602 181 85 49 34 16 0 109 503 207 87 48 30 8 0 64 645 161 70 30 22 0 0 
10 242 689 83 0 0 0 0 60 232 689 43 0 0 0 0 30 421 556 17 0 0 0 0 
65 383 369 207 0 0 0 0 274 169 545 36 0 0 0 0 220 291 501 12 0 0 0 0 
77 440 239 263 5 0 0 0 316 198 396 114 0 0 0 0 213 383 414 14 0 0 0 0 
100 392 124 344 63 1 0 0 329 184 247 248 16 0 0 0 281 296 377 66 4 0 0 0 
70 302 214 288 143 7 0 0 201 199 252 300 71 1 0 0 144 358 384 135 3 0 0 0 
35 305 187 258 208 31 0 0 151 179 240 320 131 3 0 0 123 350 331 210 10 0 0 0 
39 297 294 185 147 57 5 0 149 165 338 207 144 20 1 0 140 408 263 176 36 1 0 0 
55 394 383 129 53 8 2 0 179 226 375 197 41 5 1 0 178 517 261 61 6 1 0 0 
92 545 294 75 17 1 0 0 218 299 369 115 22 1 0 0 199 626 184 14 1 0 0 0 
21 492 454 53 4 0 0 0 32 197 588 198 9 0 0 0 53 651 306 13 1 0 0 0 
49 330 518 75 36 16 0 0 155 130 396 289 42 12 0 0 127 567 280 45 5 0 0 0 
45 473 386 74 34 12 0 0 130 269 384 203 33 5 0 0 133 658 195 37 1 0 0 0 
22 373 415 116 57 37 4 0 58 234 436 220 55 21 0 0 77 577 283 60 25 2 0 0 
17 502 435 69 1 0 0 0 66 258 494 201 5 0 0 0 77 641 291 15 0 0 0 0 
15 483 433 88 4 1 0 0 43 295 433 241 11 1 0 0 75 616 323 8 1 1 0 0 
24 434 395 106 43 22 0 0 76 310 343 242 45 8 0 0 81 570 323 45 5 0 0 0 
22 356 382 148 38 37 35 6 63 284 315 261 39 35 27 0 74 515 327 47 30 29 2 0 
22 480 386 118 8 6 4 0 114 298 364 227 12 7 2 0 86 607 309 12 7 3 0 0 
46 667 233 69 9 0 0 0 223 368 296 106 31 0 0 0 173 655 186 10 0 0 0 0 
4 517 345 53 71 34 0 0 47 282 492 109 89 5 0 0 40 675 198 96 15 0 0 0 
8 397 397 62 81 64 14 1 23 228 438 205 103 21 6 0 39 537 316 96 28 8 0 0 
6 530 417 37 15 14 5 0 30 281 594 92 15 8 4 0 35 724 239 14 11 1 0 0 
9 648 350 13 3 1 0 0 31 382 554 52 4 1 0 0 43 816 159 5 1 0 0 0 
43 655 253 23 30 9 11 0 244 323 379 40 22 9 7 0 166 703 102 30 12 10 1 0 
53 687 115 86 71 8 4 0 340 378 153 97 46 8 2 0 263 539 135 71 14 2 0 0 
14 606 270 117 14 3 0 0 21 475 388 125 12 3 0 0 30 721 249 21 3 0 0 0 
27 839 154 4 0 0 0 0 90 655 271 8 0 0 0 0 72 864 86 2 0 0 0 0 
1 774 239 7 3 0 0 0 4 641 371 5 3 0 0 0 7 912 101 4 0 0 0 0 
0 783 198 8 3 0 0 0 19 657 306 7 3 0 0 0 7 879 102 4 0 0 0 0 
41 582 279 114 7 1 0 0 219 462 271 66 6 0 0 0 147 604 245 28 0 0 0 0 
43 636 147 165 32 1 0 0 288 388 208 137 3 0 0 0 167 580 233 43 1 0 0 0 
93 806 90 27 8 0 0 0 298 522 175 27 2 0 0 0 203 729 81 11 0 0 0 0 
132 770 112 10 0 0 0 0 476 296 238 12 2 0 0 0 347 606 67 4 0 0 0 0 
50 665 150 91 56 12 0 0 236 425 215 107 41 0 0 0 164 627 167 66 0 0 0 0 
40 620 283 68 13 0 0 0 89 486 350 87 12 0 0 0 88 701 212 23 0 0 0 0 
17 509 401 74 22 1 0 0 51 334 508 108 23 0 0 0 64 693 241 26 0 0 0 0 
5 409 465 88 50 7 0 0 12 276 493 192 50 1 0 0 24 684 253 56 7 0 0 0 
3 303 573 114 25 6 0 0 13 181 444 342 39 5 0 0 28 498 462 32 4 0 0 0 
3 367 487 107 23 23 14 0 9 232 377 337 44 18 7 0 35 512 410 44 13 10 0 0 
13 593 346 43 11 9 9 0 38 329 485 137 17 13 5 0 67 691 222 27 11 6 0 0 
22 630 289 45 16 22 0 0 54 384 415 134 22 15 0 0 73 670 241 25 14 1 0 0 
30 599 263 62 45 23 2 0 233 308 286 150 45 2 0 0 171 585 218 41 9 0 0 0 
20 414 363 84 49 47 34 13 84 274 368 166 52 45 26 9 71 546 262 58 41 27 19 0 
19 624 292 68 16 4 1 0 124 431 291 156 18 3 1 0 116 636 246 22 4 0 0 0 
30 623 257 84 26 4 0 0 166 327 354 135 42 0 0 0 137 623 226 38 0 0 0 0 
6 348 306 203 125 32 4 0 115 201 308 270 118 12 0 0 62 470 377 109 6 0 0 0 
8 470 369 112 52 11 2 0 38 291 476 167 44 8 0 0 33 649 292 44 6 0 0 0 
15 513 273 100 83 40 0 0 144 236 407 140 84 13 0 0 102 579 224 99 20 0 0 0 
13 349 453 77 73 54 5 0 49 182 406 278 67 37 5 0 48 510 355 56 47 8 0 0 
1 537 470 16 0 0 0 0 12 332 579 100 1 0 0 0 39 744 235 6 0 0 0 0 
29 805 185 5 0 0 0 0 183 469 344 28 0 0 0 0 112 818 94 0 0 0 0 0 
48 909 65 2 0 0 0 0 258 600 161 5 0 0 0 0 163 805 54 2 0 0 0 0 
13 572 211 91 63 42 32 0 103 419 291 98 53 40 19 1 40 645 189 69 41 34 6 0 
1 293 236 161 150 94 89 0 15 285 277 178 131 77 61 0 20 413 274 133 83 84 17 0 
15 767 168 45 16 5 8 0 88 578 289 40 14 7 8 0 58 803 119 24 11 2 7 0 
28 835 131 28 2 0 0 0 205 615 170 31 3 0 0 0 100 828 89 7 0 0 0 0 
10 804 144 61 5 0 0 0 112 607 236 64 5 0 0 0 30 818 149 27 0 0 0 0 
10 776 158 45 3 0 0 0 121 579 241 47 4 0 0 0 28 795 155 14 0 0 0 0 
54 966 4 0 0 0 0 0 565 448 11 0 0 0 0 0 299 719 6 0 0 0 0 0 
19 957 44 4 0 0 0 0 517 444 58 5 0 0 0 0 309 684 29 2 0 0 0 0 
37 931 50 4 2 0 0 0 247 608 163 4 2 0 0 0 180 789 51 4 0 0 0 0 
49 864 105 3 2 1 0 0 257 441 313 10 2 1 0 0 177 709 135 3 0 0 0 0 
39 852 86 18 28 1 0 0 241 558 164 31 28 2 0 0 123 766 107 26 2 0 0 0 
30 781 121 56 30 6 0 0 394 383 155 58 30 4 0 0 217 637 115 48 7 0 0 0 
30 623 282 67 21 1 0 0 92 490 342 77 22 1 0 0 84 695 210 35 0 0 0 0 
4 504 387 82 35 11 1 0 7 382 510 80 40 5 0 0 36 720 209 46 12 1 0 0 
3 521 340 73 23 47 16 1 42 376 417 111 33 31 14 0 43 652 230 35 43 21 0 0 
5 357 529 106 24 3 0 0 5 264 518 206 28 3 0 0 29 565 384 42 4 0 0 0 
15 515 415 59 11 9 0 0 52 331 460 156 19 6 0 0 81 670 245 20 8 0 0 0 
10 514 418 66 12 4 0 0 18 364 452 171 15 4 0 0 48 685 264 23 4 0 0 0 
31 625 354 14 0 0 0 0 127 401 362 134 0 0 0 0 119 676 229 0 0 0 0 0 
5 349 566 103 1 0 0 0 54 180 437 346 7 0 0 0 30 624 364 6 0 0 0 0 
3 379 599 36 6 1 0 0 12 204 488 309 10 1 0 0 21 586 406 11 0 0 0 0 
1 365 620 38 0 0 0 0 4 150 456 411 3 0 0 0 3 524 493 4 0 0 0 0 
1 411 452 78 43 38 1 0 1 245 425 271 64 18 0 0 12 571 371 50 20 0 0 0 
0 466 413 80 33 31 1 0 7 218 570 167 49 13 0 0 23 699 240 48 14 0 0 0 
7 471 369 90 74 13 0 0 20 238 537 172 56 1 0 0 34 609 306 73 2 0 0 0 
3 504 318 44 50 48 57 0 8 304 454 123 39 86 10 0 17 613 240 52 77 25 0 0 
5 562 341 58 51 7 0 0 38 346 453 148 37 2 0 0 34 658 277 48 7 0 0 0 
21 774 196 19 12 2 0 0 219 466 275 49 14 1 0 0 147 729 128 17 3 0 0 0 
29 966 27 2 0 0 0 0 301 604 114 5 0 0 0 0 188 805 30 1 0 0 0 0 
7 969 48 0 0 0 0 0 284 592 145 3 0 0 0 0 109 875 40 0 0 0 0 0 
2 779 229 11 2 1 0 0 121 450 434 16 2 1 0 0 40 807 168 7 2 0 0 0 
7 829 132 29 25 2 0 0 26 658 282 29 25 4 0 0 27 831 138 23 5 0 0 0 
6 899 114 5 0 0 0 0 47 685 282 10 0 0 0 0 33 891 99 1 0 0 0 0 
1 831 130 56 6 0 0 0 9 797 152 62 4 0 0 0 8 842 142 32 0 0 0 0 
1 802 126 57 6 0 0 0 7 771 146 64 4 0 0 0 7 812 140 33 0 0 0 0 
1 895 127 1 0 0 0 0 1 877 137 9 0 0 0 0 12 902 110 0 0 0 0 0 
0 903 112 9 0 0 0 0 0 882 130 12 0 0 0 0 7 924 92 1 0 0 0 0 
17 895 100 12 0 0 0 0 69 813 126 16 0 0 0 0 48 900 75 1 0 0 0 0 
48 695 256 25 0 0 0 0 258 507 240 19 0 0 0 0 145 744 133 2 0 0 0 0 
38 828 125 33 0 0 0 0 270 543 180 31 0 0 0 0 113 810 93 8 0 0 0 0 
38 780 131 58 17 0 0 0 198 571 175 60 20 0 0 0 120 755 105 44 0 0 0 0 
19 676 179 49 101 0 0 0 35 485 353 123 28 0 0 0 43 765 135 81 0 0 0 0 
1 622 246 83 66 6 0 0 41 379 463 99 42 0 0 0 24 813 128 58 1 0 0 0 
3 500 301 84 124 12 0 0 0 330 454 157 83 0 0 0 11 664 232 116 1 0 0 0 
26 832 133 31 2 0 0 0 111 600 258 54 1 0 0 0 53 841 126 4 0 0 0 0 
18 750 138 26 56 36 0 0 270 399 227 43 69 16 0 0 105 716 113 63 27 0 0 0 
1 593 361 15 20 32 2 0 15 354 528 77 32 18 0 0 19 642 301 42 20 0 0 0 
16 753 253 2 0 0 0 0 96 485 397 46 0 0 0 0 58 805 161 0 0 0 0 0 
14 741 260 9 0 0 0 0 152 464 309 99 0 0 0 0 61 793 170 0 0 0 0 0 
10 762 239 13 0 0 0 0 332 285 341 64 2 0 0 0 61 825 137 1 0 0 0 0 
7 716 169 78 39 12 3 0 192 467 203 103 43 15 1 0 58 681 201 47 33 4 0 0 
4 342 311 175 89 48 45 10 34 246 316 218 112 45 28 25 7 395 246 184 121 21 43 7 
10 524 274 119 36 21 33 7 70 326 339 157 69 21 29 13 24 538 214 117 73 25 28 5 
2 591 332 59 20 9 10 1 63 361 481 83 17 10 8 1 35 743 200 25 8 8 5 0 
1 261 227 130 178 135 86 6 48 209 256 186 148 122 50 5 17 374 238 160 148 52 34 1 
4 717 245 29 18 10 1 0 52 482 422 46 19 3 0 0 36 821 147 14 6 0 0 0 
12 903 104 5 0 0 0 0 359 427 218 20 0 0 0 0 69 883 71 1 0 0 0 0 
21 988 15 0 0 0 0 0 623 341 59 1 0 0 0 0 118 894 12 0 0 0 0 0 
13 999 12 0 0 0 0 0 444 482 98 0 0 0 0 0 82 934 8 0 0 0 0 0 
4 912 108 0 0 0 0 0 142 576 306 0 0 0 0 0 21 872 131 0 0 0 0 0 
0 968 56 0 0 0 0 0 61 768 195 0 0 0 0 0 8 952 64 0 0 0 0 0 
2 991 31 0 0 0 0 0 133 792 99 0 0 0 0 0 11 985 28 0 0 0 0 0 
0 997 26 1 0 0 0 0 68 898 58 0 0 0 0 0 0 995 29 0 0 0 0 0 
0 960 25 7 0 0 0 0 69 869 48 6 0 0 0 0 0 957 29 6 0 0 0 0 
3 886 102 1 0 0 0 0 4 879 100 9 0 0 0 0 10 886 96 0 0 0 0 0 
0 912 73 7 0 0 0 0 32 863 88 9 0 0 0 0 8 916 65 3 0 0 0 0 
14 805 156 17 0 0 0 0 72 740 158 22 0 0 0 0 37 839 115 1 0 0 0 0 
7 650 303 31 1 0 0 0 149 529 289 24 1 0 0 0 22 798 168 4 0 0 0 0 
14 566 378 34 0 0 0 0 136 370 455 31 0 0 0 0 44 749 191 8 0 0 0 0 
16 692 186 81 17 0 0 0 109 541 247 75 20 0 0 0 35 748 162 47 0 0 0 0 
2 720 122 47 101 0 0 0 31 542 274 117 28 0 0 0 17 792 102 81 0 0 0 0 
0 724 113 83 66 6 0 0 14 488 349 99 42 0 0 0 11 796 126 58 1 0 0 0 
1 506 256 93 124 12 0 0 1 362 391 155 83 0 0 0 9 628 237 117 1 0 0 0 
12 689 248 41 2 0 0 0 82 414 429 66 1 0 0 0 23 788 175 6 0 0 0 0 
5 757 112 26 56 36 0 0 118 495 258 36 69 16 0 0 38 782 82 63 27 0 0 0 
1 603 293 26 28 38 3 0 7 352 492 77 42 22 0 0 7 662 245 53 25 0 0 0 
15 828 148 1 0 0 0 0 158 563 247 24 0 0 0 0 52 844 96 0 0 0 0 0 
8 848 135 1 0 0 0 0 263 497 197 35 0 0 0 0 48 837 107 0 0 0 0 0 
9 847 112 14 9 1 0 0 378 396 168 40 9 1 0 0 62 820 99 11 0 0 0 0 
5 645 247 51 29 12 3 0 88 438 306 107 36 16 1 0 28 622 258 45 35 4 0 0 
4 552 197 115 47 24 43 10 123 412 165 140 68 32 27 25 13 563 141 124 80 20 44 7 
5 650 181 65 30 21 33 7 84 482 244 66 53 21 29 13 23 649 170 48 45 24 28 5 
0 606 317 30 19 9 10 1 86 439 368 63 17 10 8 1 37 717 193 24 8 8 5 0 
3 495 103 78 148 101 58 6 107 392 120 125 121 73 49 5 14 544 128 123 100 48 34 1 
9 712 222 19 19 10 1 0 84 506 354 25 20 3 0 0 37 773 159 16 7 0 0 0 
5 902 82 3 0 0 0 0 333 508 140 11 0 0 0 0 21 900 71 0 0 0 0 0 
12 969 11 0 0 0 0 0 718 245 29 0 0 0 0 0 72 911 9 0 0 0 0 0 
8 969 15 0 0 0 0 0 311 539 142 0 0 0 0 0 31 935 26 0 0 0 0 0 
2 834 151 5 0 0 0 0 62 665 260 5 0 0 0 0 6 833 151 2 0 0 0 0 
0 958 34 0 0 0 0 0 105 773 114 0 0 0 0 0 8 946 38 0 0 0 0 0 
0 826 84 47 25 10 0 0 127 663 127 48 19 8 0 0 13 823 103 41 10 2 0 0 
0 752 95 61 49 32 3 0 104 654 98 70 40 26 0 0 0 786 97 72 31 6 0 0 
0 757 98 57 34 14 1 0 121 646 97 59 24 14 0 0 0 791 96 58 12 4 0 0 
