0 0 0 0 0 194 830 0 0 0 0 0 0 0 0 1024 0 0 0 0 0 0 0 1024 
0 0 0 0 0 408 616 0 0 0 0 0 0 0 0 1024 0 0 0 0 0 0 0 1024 
0 0 0 0 0 512 512 0 0 0 0 0 0 0 1 1023 0 0 0 0 0 0 0 1024 
0 0 0 0 0 657 367 0 0 0 0 0 0 0 240 784 0 0 0 0 0 0 0 1024 
3 9 17 11 25 792 115 52 7 17 14 21 35 37 759 134 22 26 40 27 17 13 27 852 
7 84 57 75 232 448 87 34 79 99 102 98 61 46 534 5 170 154 109 30 18 15 29 499 
3 35 38 80 274 385 162 47 44 64 120 177 137 30 448 4 121 184 204 50 7 16 48 394 
75 109 87 137 167 230 172 47 167 156 182 181 163 26 147 2 339 246 207 63 15 9 33 112 
154 295 168 187 133 73 12 2 356 265 245 126 27 5 0 0 562 322 115 21 4 0 0 0 
107 278 249 226 95 32 5 0 310 327 250 80 20 5 0 0 559 325 86 17 5 0 0 0 
3 17 23 23 35 57 321 545 25 32 37 68 57 21 16 768 56 59 74 35 15 12 18 755 
1 3 8 14 55 153 333 457 9 20 64 186 291 243 68 143 38 117 302 335 75 11 21 125 
2 19 21 12 26 44 248 652 19 26 25 35 84 131 41 663 42 29 88 144 39 13 30 639 
48 226 111 52 47 60 200 280 237 163 56 55 66 21 22 404 376 98 64 45 17 14 31 379 
73 509 218 54 34 14 61 61 489 315 51 38 10 8 38 75 779 74 38 11 5 8 27 82 
106 715 107 8 0 4 45 39 603 320 13 0 2 3 42 41 880 50 6 0 4 1 25 58 
44 590 211 75 48 32 21 3 510 349 90 50 18 7 0 0 827 136 43 16 2 0 0 0 
162 601 133 87 32 7 1 1 677 239 85 19 3 1 0 0 887 111 25 1 0 0 0 0 
467 531 17 7 2 0 0 0 823 191 7 3 0 0 0 0 982 37 5 0 0 0 0 0 
387 522 50 19 10 4 0 0 743 212 25 11 1 0 0 0 902 73 16 1 0 0 0 0 
0 0 0 3 44 113 185 679 0 1 42 152 160 99 18 552 8 80 227 115 25 17 44 508 
2 2 27 86 199 239 254 215 13 68 177 311 332 120 3 0 104 258 442 205 15 0 0 0 
197 450 136 69 36 35 58 43 516 274 85 44 56 35 14 0 731 142 70 59 19 3 0 0 
124 342 70 2 3 5 395 83 403 131 3 1 3 6 28 449 515 20 3 1 3 7 39 436 
3 3 1 2 0 0 938 77 5 1 1 2 0 0 71 944 4 2 1 2 0 0 133 882 
2 1 1 0 1 2 1003 14 2 1 1 0 1 2 920 97 2 1 1 0 1 1 729 289 
53 269 57 4 4 7 576 54 244 133 2 6 3 3 550 83 350 27 3 5 3 5 546 85 
165 534 195 76 33 9 7 5 519 390 88 12 3 1 6 5 801 188 19 3 1 1 6 5 
112 156 210 288 213 42 3 0 235 380 332 71 6 0 0 0 556 399 62 7 0 0 0 0 
10 90 270 320 246 52 4 0 90 425 391 81 5 0 0 0 457 464 67 4 0 0 0 0 
10 43 33 26 55 179 338 340 39 43 78 264 482 112 5 1 79 152 521 233 36 3 0 0 
83 312 113 129 180 152 51 4 318 223 208 214 54 6 1 0 504 270 195 50 5 0 0 0 
86 320 191 200 163 56 8 0 337 298 261 115 12 1 0 0 547 328 133 14 2 0 0 0 
47 78 57 67 117 239 278 141 113 91 129 226 143 143 138 41 188 153 250 144 60 69 137 23 
0 9 10 47 163 281 399 115 7 25 133 231 161 184 266 17 26 145 258 147 81 101 246 20 
0 4 26 67 93 242 512 80 4 38 91 183 176 228 304 0 30 120 214 140 82 176 261 1 
0 0 0 3 48 254 664 55 0 0 25 146 203 271 379 0 3 54 189 138 78 313 249 0 
12 83 279 244 113 107 142 44 84 352 284 105 70 64 60 5 310 426 113 58 25 44 45 3 
165 391 291 144 33 0 0 0 474 410 117 23 0 0 0 0 752 224 44 4 0 0 0 0 
116 439 257 129 45 6 0 0 455 390 125 22 0 0 0 0 729 234 29 0 0 0 0 0 
210 407 206 71 44 35 38 13 257 406 211 78 48 21 2 1 654 225 89 43 12 0 1 0 
288 523 144 28 14 14 9 4 614 311 58 19 12 6 4 0 810 166 25 13 6 4 0 0 
126 234 174 176 125 131 53 5 286 247 240 175 65 10 1 0 437 319 201 57 10 0 0 0 
2 34 43 87 145 214 196 303 48 69 173 244 297 167 25 1 133 251 358 222 57 3 0 0 
20 76 123 111 82 100 133 379 35 103 192 162 185 323 23 1 162 206 245 334 70 7 0 0 
5 80 129 111 170 140 133 256 17 104 257 239 232 165 10 0 133 298 348 214 28 3 0 0 
2 25 204 171 141 221 200 60 6 143 330 367 158 20 0 0 112 428 377 93 14 0 0 0 
21 62 185 278 190 189 97 2 89 255 376 260 42 2 0 0 315 438 246 24 1 0 0 0 
16 112 188 246 231 204 26 1 118 294 339 245 27 1 0 0 347 446 221 10 0 0 0 0 
9 174 137 118 255 273 26 0 159 204 300 304 24 1 0 0 324 434 229 4 1 0 0 0 
533 355 118 18 0 0 0 0 522 366 121 15 0 0 0 0 778 206 34 6 0 0 0 0 
221 156 135 132 181 95 79 25 295 190 205 195 97 36 6 0 454 216 208 106 34 6 0 0 
38 106 116 169 238 201 101 55 154 143 292 246 153 35 1 0 274 304 285 132 27 2 0 0 
281 182 68 99 186 141 48 19 420 150 195 176 63 18 2 0 552 258 146 52 15 1 0 0 
5 109 86 103 231 341 67 82 105 133 230 379 117 60 0 0 240 355 342 82 5 0 0 0 
6 222 179 87 118 160 174 78 137 292 140 226 182 47 0 0 360 256 296 105 7 0 0 0 
18 207 65 104 251 231 136 12 176 156 271 305 112 4 0 0 309 386 283 45 1 0 0 0 
4 31 126 318 328 162 49 6 50 223 449 228 69 5 0 0 257 496 223 41 6 1 0 0 
0 7 74 295 267 192 127 62 17 126 427 276 150 28 0 0 152 456 297 112 7 0 0 0 
1 5 43 265 260 211 140 67 12 97 401 282 172 28 0 0 126 425 304 129 8 0 0 0 
509 361 131 20 3 0 0 0 528 340 132 21 3 0 0 0 788 188 45 3 0 0 0 0 
596 242 100 43 26 9 6 2 636 240 87 38 15 7 1 0 809 147 43 19 6 0 0 0 
39 109 166 213 162 87 81 167 149 190 260 153 203 64 5 0 381 276 213 124 26 4 0 0 
50 27 8 21 36 95 272 515 76 24 39 186 472 217 10 0 109 104 406 339 61 5 0 0 
0 2 3 8 48 126 468 369 5 4 34 286 647 48 0 0 10 85 609 316 4 0 0 0 
0 0 7 53 96 130 688 50 1 21 86 304 608 4 0 0 20 132 529 341 2 0 0 0 
2 36 39 81 93 193 565 15 39 51 133 289 510 2 0 0 71 192 545 215 1 0 0 0 
1 15 64 257 140 36 493 18 22 72 275 201 452 2 0 0 70 230 606 116 2 0 0 0 
0 1 37 91 109 133 545 108 5 42 145 308 502 22 0 0 44 174 604 197 5 0 0 0 
0 0 5 26 100 164 539 158 4 8 100 305 539 36 0 0 27 155 575 232 3 0 0 0 
495 349 125 20 3 0 0 0 515 326 127 21 3 0 0 0 767 177 45 3 0 0 0 0 
581 232 96 42 24 9 6 2 620 230 83 36 15 7 1 0 785 141 42 18 6 0 0 0 
39 108 164 208 157 86 74 156 148 183 256 150 186 64 5 0 375 267 198 122 26 4 0 0 
37 21 6 21 35 95 269 508 59 20 38 186 468 211 10 0 91 100 404 333 59 5 0 0 
0 2 3 4 38 111 465 369 5 3 28 265 643 48 0 0 9 81 584 314 4 0 0 0 
0 0 1 44 81 128 688 50 0 11 69 300 608 4 0 0 12 113 524 341 2 0 0 0 
1 20 29 76 93 193 565 15 23 40 128 289 510 2 0 0 50 182 544 215 1 0 0 0 
0 8 57 250 136 31 493 17 15 64 267 195 451 0 0 0 55 223 600 114 0 0 0 0 
0 0 33 84 97 129 541 108 4 34 131 303 498 22 0 0 36 158 599 194 5 0 0 0 
0 0 5 26 87 152 534 157 4 8 87 292 534 36 0 0 24 138 568 228 3 0 0 0 
