0 0 999 25 0 0 0 0 0 0 0 618 406 0 0 0 0 0 0 0 0 1024 0 0 
0 0 1013 11 0 0 0 0 0 0 0 760 264 0 0 0 0 0 0 0 0 1024 0 0 
0 0 1022 2 0 0 0 0 0 0 0 896 128 0 0 0 0 0 0 0 0 1024 0 0 
0 0 1024 0 0 0 0 0 0 0 0 943 81 0 0 0 0 0 0 0 0 1024 0 0 
0 0 1024 0 0 0 0 0 0 0 0 960 64 0 0 0 0 0 0 0 0 1024 0 0 
0 0 1024 0 0 0 0 0 0 0 0 1007 17 0 0 0 0 0 0 0 0 1024 0 0 
0 0 1024 0 0 0 0 0 0 0 0 1021 3 0 0 0 0 0 0 0 0 1024 0 0 
0 0 1024 0 0 0 0 0 0 0 0 1024 0 0 0 0 0 0 0 0 0 1024 0 0 
0 0 1024 0 0 0 0 0 0 0 0 1024 0 0 0 0 0 0 0 0 0 1024 0 0 
0 0 1024 0 0 0 0 0 0 0 0 1024 0 0 0 0 0 0 0 0 0 1024 0 0 
0 0 1024 0 0 0 0 0 0 0 0 1024 0 0 0 0 0 0 0 0 0 1024 0 0 
0 0 1024 0 0 0 0 0 0 0 0 1024 0 0 0 0 0 0 0 0 0 1024 0 0 
0 0 1024 0 0 0 0 0 0 0 0 1024 0 0 0 0 0 0 0 0 0 1024 0 0 
0 0 1024 0 0 0 0 0 0 0 0 1024 0 0 0 0 0 0 0 0 0 1024 0 0 
0 0 1024 0 0 0 0 0 0 0 0 1024 0 0 0 0 0 0 0 0 0 1024 0 0 
0 0 1024 0 0 0 0 0 0 0 0 1024 0 0 0 0 0 0 0 0 0 1024 0 0 
0 0 1024 0 0 0 0 0 0 0 0 1024 0 0 0 0 0 0 0 0 0 1024 0 0 
0 0 1024 0 0 0 0 0 0 0 0 1024 0 0 0 0 0 0 0 0 0 1024 0 0 
0 4 1020 0 0 0 0 0 0 0 0 1024 0 0 0 0 0 0 0 0 0 1024 0 0 
0 2 1022 0 0 0 0 0 0 0 0 1024 0 0 0 0 0 0 0 0 0 1024 0 0 
0 7 1017 0 0 0 0 0 0 0 0 1024 0 0 0 0 0 0 0 0 0 1024 0 0 
0 39 985 0 0 0 0 0 0 0 0 1024 0 0 0 0 0 0 0 0 0 1024 0 0 
0 91 933 0 0 0 0 0 0 0 0 1024 0 0 0 0 0 0 0 0 0 1024 0 0 
0 155 869 0 0 0 0 0 0 0 0 1024 0 0 0 0 0 0 0 0 0 1024 0 0 
0 116 908 0 0 0 0 0 0 0 1 1023 0 0 0 0 0 0 0 0 18 1006 0 0 
0 273 751 0 0 0 0 0 0 0 3 1021 0 0 0 0 0 0 0 0 41 983 0 0 
0 319 705 0 0 0 0 0 0 0 14 1010 0 0 0 0 0 0 0 0 86 938 0 0 
0 529 495 0 0 0 0 0 0 0 68 956 0 0 0 0 0 0 0 0 182 842 0 0 
0 748 276 0 0 0 0 0 0 0 151 873 0 0 0 0 0 0 0 0 595 429 0 0 
0 902 122 0 0 0 0 0 0 0 425 599 0 0 0 0 0 0 0 0 735 289 0 0 
0 998 26 0 0 0 0 0 0 0 793 231 0 0 0 0 0 0 0 0 942 82 0 0 
0 1020 4 0 0 0 0 0 0 0 959 65 0 0 0 0 0 0 0 0 1023 1 0 0 
0 0 494 530 0 0 0 0 0 0 0 31 993 0 0 0 0 0 0 0 0 1011 13 0 
0 0 690 334 0 0 0 0 0 0 0 62 962 0 0 0 0 0 0 0 0 1024 0 0 
0 0 808 216 0 0 0 0 0 0 0 164 860 0 0 0 0 0 0 0 0 1020 4 0 
0 0 922 102 0 0 0 0 0 0 0 204 820 0 0 0 0 0 0 0 0 1024 0 0 
0 0 995 29 0 0 0 0 0 0 0 426 598 0 0 0 0 0 0 0 0 1024 0 0 
0 0 1011 13 0 0 0 0 0 0 0 753 271 0 0 0 0 0 0 0 0 1024 0 0 
0 0 1021 3 0 0 0 0 0 0 0 918 106 0 0 0 0 0 0 0 0 1024 0 0 
0 0 1024 0 0 0 0 0 0 0 0 983 41 0 0 0 0 0 0 0 0 1024 0 0 
0 0 1024 0 0 0 0 0 0 0 0 1024 0 0 0 0 0 0 0 0 0 1024 0 0 
0 0 1024 0 0 0 0 0 0 0 0 1022 2 0 0 0 0 0 0 0 0 1024 0 0 
0 0 1024 0 0 0 0 0 0 0 0 1024 0 0 0 0 0 0 0 0 0 1024 0 0 
0 0 1024 0 0 0 0 0 0 0 0 1024 0 0 0 0 0 0 0 0 0 1024 0 0 
0 0 1024 0 0 0 0 0 0 0 0 1024 0 0 0 0 0 0 0 0 0 1024 0 0 
0 0 1024 0 0 0 0 0 0 0 0 1024 0 0 0 0 0 0 0 0 0 1024 0 0 
0 0 1024 0 0 0 0 0 0 0 0 1024 0 0 0 0 0 0 0 0 0 1024 0 0 
0 0 1024 0 0 0 0 0 0 0 0 1024 0 0 0 0 0 0 0 0 0 1024 0 0 
0 0 1024 0 0 0 0 0 0 0 0 1024 0 0 0 0 0 0 0 0 0 1024 0 0 
0 0 1024 0 0 0 0 0 0 0 0 1024 0 0 0 0 0 0 0 0 0 1024 0 0 
0 0 1024 0 0 0 0 0 0 0 0 1024 0 0 0 0 0 0 0 0 0 1024 0 0 
0 0 1024 0 0 0 0 0 0 0 0 1024 0 0 0 0 0 0 0 0 0 1024 0 0 
0 0 1024 0 0 0 0 0 0 0 0 1024 0 0 0 0 0 0 0 0 0 1024 0 0 
0 0 1024 0 0 0 0 0 0 0 0 1024 0 0 0 0 0 0 0 0 0 1024 0 0 
0 0 1024 0 0 0 0 0 0 0 0 1024 0 0 0 0 0 0 0 0 0 1024 0 0 
0 0 1024 0 0 0 0 0 0 0 0 1024 0 0 0 0 0 0 0 0 0 1024 0 0 
0 0 963 26 26 9 0 0 0 0 3 989 24 8 0 0 0 0 4 12 48 960 0 0 
0 6 914 48 34 13 4 5 0 0 20 952 36 8 4 4 0 1 12 23 125 855 4 4 
0 0 1024 0 0 0 0 0 0 0 0 1024 0 0 0 0 0 0 0 0 0 1024 0 0 
0 0 1024 0 0 0 0 0 0 0 0 1024 0 0 0 0 0 0 0 0 0 1024 0 0 
0 24 1000 0 0 0 0 0 0 0 0 1024 0 0 0 0 0 0 0 0 1 1023 0 0 
0 104 920 0 0 0 0 0 0 0 0 1024 0 0 0 0 0 0 0 0 83 941 0 0 
0 247 777 0 0 0 0 0 0 0 36 988 0 0 0 0 0 0 0 0 517 507 0 0 
0 507 517 0 0 0 0 0 0 0 172 852 0 0 0 0 0 0 0 0 763 261 0 0 
0 0 23 1001 0 0 0 0 0 0 0 14 1010 0 0 0 0 0 0 0 2 928 94 0 
0 0 45 979 0 0 0 0 0 0 0 1 1023 0 0 0 0 0 0 0 0 1020 4 0 
0 0 59 965 0 0 0 0 0 0 0 21 1003 0 0 0 0 0 0 0 0 1016 8 0 
0 0 113 911 0 0 0 0 0 0 0 0 1024 0 0 0 0 0 0 0 0 1001 23 0 
0 0 283 741 0 0 0 0 0 0 0 21 1003 0 0 0 0 0 0 0 0 1008 16 0 
0 0 522 502 0 0 0 0 0 0 0 32 992 0 0 0 0 0 0 0 0 1022 2 0 
0 0 683 341 0 0 0 0 0 0 0 114 910 0 0 0 0 0 0 0 0 1024 0 0 
0 0 928 96 0 0 0 0 0 0 0 236 788 0 0 0 0 0 0 0 0 1024 0 0 
0 0 1006 18 0 0 0 0 0 0 0 542 482 0 0 0 0 0 0 0 0 1024 0 0 
0 0 1020 4 0 0 0 0 0 0 0 761 263 0 0 0 0 0 0 0 0 1024 0 0 
0 0 1024 0 0 0 0 0 0 0 0 961 63 0 0 0 0 0 0 0 0 1024 0 0 
0 0 1024 0 0 0 0 0 0 0 0 1024 0 0 0 0 0 0 0 0 0 1024 0 0 
0 0 1024 0 0 0 0 0 0 0 0 1020 4 0 0 0 0 0 0 0 0 1024 0 0 
0 0 1024 0 0 0 0 0 0 0 0 1023 1 0 0 0 0 0 0 0 0 1024 0 0 
0 0 1024 0 0 0 0 0 0 0 0 1024 0 0 0 0 0 0 0 0 0 1024 0 0 
0 0 1024 0 0 0 0 0 0 0 0 1024 0 0 0 0 0 0 0 0 0 1024 0 0 
0 0 1024 0 0 0 0 0 0 0 0 1024 0 0 0 0 0 0 0 0 0 1024 0 0 
0 0 1024 0 0 0 0 0 0 0 0 1024 0 0 0 0 0 0 0 0 0 1024 0 0 
0 0 1024 0 0 0 0 0 0 0 0 1024 0 0 0 0 0 0 0 0 0 1024 0 0 
0 0 1024 0 0 0 0 0 0 0 0 1024 0 0 0 0 0 0 0 0 0 1024 0 0 
0 0 1024 0 0 0 0 0 0 0 0 1024 0 0 0 0 0 0 0 0 0 1024 0 0 
0 0 1024 0 0 0 0 0 0 0 0 1024 0 0 0 0 0 0 0 0 0 1024 0 0 
0 0 1024 0 0 0 0 0 0 0 0 1024 0 0 0 0 0 0 0 0 0 1024 0 0 
0 0 803 68 49 68 22 14 0 1 30 839 75 62 9 8 0 13 34 31 103 822 13 8 
0 7 199 273 278 198 61 8 0 25 225 325 280 128 38 3 0 49 288 295 245 125 21 1 
0 48 148 254 296 177 78 23 0 99 198 314 239 131 37 6 6 132 299 315 184 72 14 2 
14 184 520 109 79 68 32 18 6 171 203 484 88 44 16 12 0 126 220 166 213 279 12 8 
0 5 1019 0 0 0 0 0 0 0 3 1021 0 0 0 0 0 0 0 2 18 1004 0 0 
0 0 1024 0 0 0 0 0 0 0 0 1024 0 0 0 0 0 0 0 0 0 1024 0 0 
0 0 1024 0 0 0 0 0 0 0 0 1024 0 0 0 0 0 0 0 0 0 1024 0 0 
0 2 1022 0 0 0 0 0 0 0 0 1024 0 0 0 0 0 0 0 0 19 1005 0 0 
0 6 1018 0 0 0 0 0 0 0 0 1024 0 0 0 0 0 0 0 0 27 997 0 0 
0 0 0 1024 0 0 0 0 0 0 0 0 1024 0 0 0 0 0 0 0 0 283 741 0 
0 0 0 1024 0 0 0 0 0 0 0 0 1024 0 0 0 0 0 0 0 0 266 758 0 
0 0 0 1024 0 0 0 0 0 0 0 0 1024 0 0 0 0 0 0 0 0 486 538 0 
0 0 1 1023 0 0 0 0 0 0 0 0 1024 0 0 0 0 0 0 0 0 712 312 0 
0 0 18 1006 0 0 0 0 0 0 0 9 1015 0 0 0 0 0 0 0 1 524 499 0 
0 0 0 1024 0 0 0 0 0 0 0 0 1024 0 0 0 0 0 0 0 0 891 133 0 
0 0 41 983 0 0 0 0 0 0 0 0 1024 0 0 0 0 0 0 0 0 943 81 0 
0 0 245 779 0 0 0 0 0 0 0 2 1022 0 0 0 0 0 0 0 0 987 37 0 
0 0 299 725 0 0 0 0 0 0 0 24 1000 0 0 0 0 0 0 0 0 1024 0 0 
0 0 533 491 0 0 0 0 0 0 0 30 994 0 0 0 0 0 0 0 0 1023 1 0 
0 0 730 294 0 0 0 0 0 0 0 118 906 0 0 0 0 0 0 0 0 1024 0 0 
0 0 844 180 0 0 0 0 0 0 0 340 684 0 0 0 0 0 0 0 0 1024 0 0 
0 0 845 179 0 0 0 0 0 0 0 506 518 0 0 0 0 0 0 0 0 1024 0 0 
0 0 1024 0 0 0 0 0 0 0 0 725 299 0 0 0 0 0 0 0 0 1024 0 0 
0 0 1024 0 0 0 0 0 0 0 0 916 108 0 0 0 0 0 0 0 0 1024 0 0 
0 0 1024 0 0 0 0 0 0 0 0 1015 9 0 0 0 0 0 0 0 0 1024 0 0 
0 0 1024 0 0 0 0 0 0 0 0 1010 14 0 0 0 0 0 0 0 0 1024 0 0 
0 0 1024 0 0 0 0 0 0 0 0 1024 0 0 0 0 0 0 0 0 0 1024 0 0 
0 0 1024 0 0 0 0 0 0 0 0 1024 0 0 0 0 0 0 0 0 0 1024 0 0 
0 0 1023 1 0 0 0 0 0 0 0 1023 1 0 0 0 0 0 0 0 0 1024 0 0 
31 119 426 172 80 88 66 42 36 158 249 306 112 94 54 15 18 135 270 115 171 265 44 6 
2 132 459 126 95 153 45 12 1 139 146 438 137 126 27 10 2 114 177 98 189 413 24 7 
0 0 416 108 104 283 112 1 0 0 62 467 212 265 18 0 0 4 50 144 313 507 6 0 
0 0 207 172 183 216 170 76 0 0 77 361 245 191 116 34 0 22 134 185 252 348 72 11 
0 3 153 260 263 178 143 24 0 28 290 260 218 161 63 4 2 99 341 290 189 87 16 0 
0 47 230 180 151 210 163 43 0 86 263 166 169 206 116 18 0 103 295 174 223 179 47 3 
0 47 74 158 192 235 207 111 2 66 119 165 216 216 176 64 0 58 163 200 228 228 121 26 
51 472 350 55 48 26 18 4 32 467 109 328 50 25 9 4 1 353 235 83 133 210 6 3 
20 149 745 35 21 18 25 11 12 150 85 706 21 17 31 2 5 149 75 52 103 633 7 0 
0 1 1023 0 0 0 0 0 0 0 1 1022 1 0 0 0 0 0 0 0 11 1013 0 0 
0 0 1024 0 0 0 0 0 0 0 0 1024 0 0 0 0 0 0 0 0 0 1024 0 0 
0 0 1024 0 0 0 0 0 0 0 0 1024 0 0 0 0 0 0 0 0 0 1024 0 0 
0 0 0 1024 0 0 0 0 0 0 0 0 1024 0 0 0 0 0 0 0 0 19 1005 0 
0 0 0 1024 0 0 0 0 0 0 0 0 1024 0 0 0 0 0 0 0 0 0 1024 0 
0 0 0 1024 0 0 0 0 0 0 0 0 1024 0 0 0 0 0 0 0 0 10 1014 0 
0 0 0 1024 0 0 0 0 0 0 0 0 1024 0 0 0 0 0 0 0 0 89 935 0 
0 0 0 1024 0 0 0 0 0 0 0 0 1024 0 0 0 0 0 0 0 0 159 865 0 
0 0 0 1024 0 0 0 0 0 0 0 0 1024 0 0 0 0 0 0 0 0 218 806 0 
0 0 3 1021 0 0 0 0 0 0 0 0 1024 0 0 0 0 0 0 0 0 326 698 0 
0 0 0 1024 0 0 0 0 0 0 0 0 1024 0 0 0 0 0 0 0 0 512 512 0 
0 0 0 1024 0 0 0 0 0 0 0 0 1024 0 0 0 0 0 0 0 0 492 532 0 
0 0 4 1020 0 0 0 0 0 0 0 0 1024 0 0 0 0 0 0 0 0 782 242 0 
0 0 11 1013 0 0 0 0 0 0 0 0 1024 0 0 0 0 0 0 0 0 948 76 0 
0 0 127 897 0 0 0 0 0 0 0 0 1024 0 0 0 0 0 0 0 0 988 36 0 
0 0 315 709 0 0 0 0 0 0 0 1 1023 0 0 0 0 0 0 0 0 1012 12 0 
0 0 391 633 0 0 0 0 0 0 0 35 989 0 0 0 0 0 0 0 0 1021 3 0 
0 0 718 306 0 0 0 0 0 0 0 101 923 0 0 0 0 0 0 0 0 1024 0 0 
0 0 920 104 0 0 0 0 0 0 0 325 699 0 0 0 0 0 0 0 0 1024 0 0 
0 0 1012 12 0 0 0 0 0 0 0 534 490 0 0 0 0 0 0 0 0 1024 0 0 
0 0 1024 0 0 0 0 0 0 0 0 799 225 0 0 0 0 0 0 0 0 1024 0 0 
0 0 1023 1 0 0 0 0 0 0 0 890 134 0 0 0 0 0 0 0 0 1024 0 0 
0 0 845 71 30 34 23 21 0 0 0 810 131 42 20 21 0 0 1 11 29 925 53 5 
0 21 107 140 149 339 201 67 0 29 185 135 319 218 120 18 3 60 242 276 268 137 38 0 
2 100 205 157 187 218 116 39 7 175 192 187 194 174 84 11 6 157 271 250 186 125 26 3 
2 282 321 68 52 190 99 10 7 336 237 105 124 183 27 5 7 313 259 94 229 110 10 2 
2 90 135 87 133 209 260 108 4 127 114 115 181 252 192 39 8 139 163 162 254 227 65 6 
0 12 146 161 179 243 229 54 0 69 169 180 215 259 125 7 9 145 208 216 286 133 26 1 
0 4 48 114 243 301 222 92 0 13 76 199 267 282 141 46 2 44 124 243 293 225 88 5 
0 18 90 125 190 268 232 101 0 27 113 152 228 282 175 47 0 35 162 204 274 239 102 8 
25 569 183 129 83 27 8 0 19 567 217 125 74 18 4 0 9 400 391 140 68 14 2 0 
36 584 183 80 56 55 29 1 42 611 176 68 69 37 21 0 43 374 436 77 57 28 9 0 
62 160 395 129 102 100 68 8 40 216 191 344 97 100 36 0 28 222 224 144 195 209 2 0 
4 61 844 39 31 25 16 4 1 57 69 840 29 21 6 1 0 53 66 55 102 744 4 0 
0 0 1024 0 0 0 0 0 0 0 0 1024 0 0 0 0 0 0 0 0 0 1024 0 0 
0 0 0 1024 0 0 0 0 0 0 0 0 1024 0 0 0 0 0 0 0 0 1 1023 0 
0 0 0 1024 0 0 0 0 0 0 0 0 1024 0 0 0 0 0 0 0 0 0 1024 0 
0 0 4 1020 0 0 0 0 0 0 0 2 1022 0 0 0 0 0 0 0 0 11 1013 0 
0 0 0 1024 0 0 0 0 0 0 0 0 1024 0 0 0 0 0 0 0 0 0 1024 0 
0 0 0 1024 0 0 0 0 0 0 0 0 1024 0 0 0 0 0 0 0 0 0 1024 0 
0 0 0 1024 0 0 0 0 0 0 0 0 1024 0 0 0 0 0 0 0 0 0 1024 0 
0 0 0 1024 0 0 0 0 0 0 0 0 1024 0 0 0 0 0 0 0 0 14 1010 0 
0 0 0 1024 0 0 0 0 0 0 0 0 1024 0 0 0 0 0 0 0 0 46 978 0 
0 0 0 1024 0 0 0 0 0 0 0 0 1024 0 0 0 0 0 0 0 0 100 924 0 
0 0 0 1024 0 0 0 0 0 0 0 0 1024 0 0 0 0 0 0 0 0 66 958 0 
0 0 0 1024 0 0 0 0 0 0 0 0 1024 0 0 0 0 0 0 0 0 241 783 0 
0 0 0 1024 0 0 0 0 0 0 0 0 1024 0 0 0 0 0 0 0 0 302 722 0 
0 0 1 1023 0 0 0 0 0 0 0 0 1024 0 0 0 0 0 0 0 0 516 508 0 
0 0 4 1020 0 0 0 0 0 0 0 0 1024 0 0 0 0 0 0 0 0 713 311 0 
0 0 22 1002 0 0 0 0 0 0 0 0 1024 0 0 0 0 0 0 0 0 929 95 0 
0 0 79 945 0 0 0 0 0 0 0 0 1024 0 0 0 0 0 0 0 0 991 33 0 
0 0 262 762 0 0 0 0 0 0 0 4 1020 0 0 0 0 0 0 0 0 1012 12 0 
0 0 468 556 0 0 0 0 0 0 0 21 1003 0 0 0 0 0 0 0 0 1022 2 0 
0 0 655 369 0 0 0 0 0 0 0 81 943 0 0 0 0 0 0 0 0 1021 3 0 
0 0 630 305 28 24 31 6 0 0 0 154 801 30 38 1 0 0 0 0 6 906 112 0 
0 0 42 177 129 337 304 35 0 7 156 134 215 440 62 10 1 71 183 191 451 101 25 1 
32 234 180 147 140 146 122 23 51 305 169 140 148 144 57 10 64 339 206 176 146 72 20 1 
108 820 96 0 0 0 0 0 122 868 34 0 0 0 0 0 77 847 100 0 0 0 0 0 
61 890 49 5 7 6 2 4 93 871 36 5 8 5 3 3 32 891 79 7 4 5 6 0 
16 621 170 37 32 39 80 29 42 691 86 37 34 59 66 9 33 638 164 46 56 68 19 0 
0 14 46 116 164 263 303 118 0 16 89 131 213 295 232 48 0 44 134 195 263 278 103 7 
1 22 112 199 159 206 247 78 6 52 208 175 142 258 148 35 24 154 206 143 246 185 58 8 
44 669 236 36 17 8 5 9 42 699 226 32 9 6 8 2 9 364 590 35 10 12 4 0 
99 566 158 44 41 39 54 23 81 579 171 43 41 52 35 22 32 429 359 56 52 60 29 7 
60 649 136 46 41 39 33 20 62 687 108 55 38 26 36 12 34 677 178 47 33 30 22 3 
79 421 70 99 94 114 135 12 86 426 89 99 120 134 70 0 10 515 117 119 163 98 2 0 
99 340 474 50 42 19 0 0 41 377 109 447 42 8 0 0 7 381 123 74 117 322 0 0 
0 0 0 1024 0 0 0 0 0 0 0 0 1011 13 0 0 0 0 0 0 0 0 1024 0 
0 0 0 1024 0 0 0 0 0 0 0 0 1024 0 0 0 0 0 0 0 0 0 1024 0 
0 0 0 1024 0 0 0 0 0 0 0 0 1024 0 0 0 0 0 0 0 0 0 1024 0 
0 0 0 1024 0 0 0 0 0 0 0 0 1024 0 0 0 0 0 0 0 0 0 1024 0 
0 0 0 1024 0 0 0 0 0 0 0 0 1024 0 0 0 0 0 0 0 0 0 1024 0 
0 0 0 1024 0 0 0 0 0 0 0 0 1024 0 0 0 0 0 0 0 0 0 1024 0 
0 0 0 1024 0 0 0 0 0 0 0 0 1024 0 0 0 0 0 0 0 0 0 1024 0 
0 0 0 1024 0 0 0 0 0 0 0 0 1024 0 0 0 0 0 0 0 0 0 1024 0 
0 0 0 1024 0 0 0 0 0 0 0 0 1024 0 0 0 0 0 0 0 0 0 1024 0 
0 0 0 1024 0 0 0 0 0 0 0 0 1024 0 0 0 0 0 0 0 0 1 1023 0 
0 0 0 1024 0 0 0 0 0 0 0 0 1024 0 0 0 0 0 0 0 0 14 1010 0 
0 0 0 1024 0 0 0 0 0 0 0 0 1024 0 0 0 0 0 0 0 0 52 972 0 
0 0 0 1024 0 0 0 0 0 0 0 0 1024 0 0 0 0 0 0 0 0 103 921 0 
0 0 0 1024 0 0 0 0 0 0 0 0 1024 0 0 0 0 0 0 0 0 21 1003 0 
0 0 0 1024 0 0 0 0 0 0 0 0 1024 0 0 0 0 0 0 0 0 113 911 0 
0 0 6 1018 0 0 0 0 0 0 0 0 1024 0 0 0 0 0 0 0 0 342 682 0 
0 0 68 956 0 0 0 0 0 0 0 0 1024 0 0 0 0 0 0 0 0 669 355 0 
0 0 56 968 0 0 0 0 0 0 0 0 1024 0 0 0 0 0 0 0 0 546 478 0 
0 0 5 1019 0 0 0 0 0 0 0 0 1024 0 0 0 0 0 0 0 0 980 44 0 
0 0 79 749 52 59 42 43 0 0 8 81 801 55 46 33 0 0 36 32 44 758 131 23 
0 0 34 213 123 223 370 61 0 8 155 155 144 373 184 5 0 61 210 135 328 266 24 0 
0 97 155 158 201 249 143 21 11 167 177 174 231 203 55 6 54 223 188 253 208 89 8 1 
25 887 57 33 12 9 1 0 107 828 53 22 13 1 0 0 106 765 130 19 4 0 0 0 
113 869 37 0 2 1 2 0 130 863 26 0 2 3 0 0 47 882 90 0 2 2 1 0 
44 712 30 15 30 49 114 30 50 716 24 27 39 47 98 23 6 721 66 37 43 101 40 10 
8 275 135 116 135 173 118 64 11 309 148 109 173 149 98 27 10 269 225 159 177 132 45 7 
4 46 145 194 174 194 211 56 1 79 218 173 172 228 136 17 4 145 243 177 218 185 51 1 
1 137 312 185 146 113 94 36 18 224 282 190 135 107 64 4 35 320 273 174 128 80 14 0 
28 401 208 79 65 55 91 97 33 436 195 68 75 63 86 68 1 305 373 90 56 78 86 35 
104 618 154 23 25 34 39 27 127 643 112 20 30 33 39 20 108 682 101 24 35 43 24 7 
559 383 35 9 5 12 6 15 409 546 24 9 8 10 11 7 147 736 96 9 7 12 11 6 
727 297 0 0 0 0 0 0 645 379 0 0 0 0 0 0 280 744 0 0 0 0 0 0 
0 0 0 992 32 0 0 0 0 0 0 0 939 85 0 0 0 0 0 0 0 0 1024 0 
0 0 0 1024 0 0 0 0 0 0 0 0 1013 11 0 0 0 0 0 0 0 0 1024 0 
0 2 5 1017 0 0 0 0 0 0 0 6 1007 11 0 0 0 0 0 1 5 17 1001 0 
1 103 131 720 67 2 0 0 1 81 131 63 732 16 0 0 0 23 147 76 46 85 647 0 
3 26 69 897 29 0 0 0 0 7 70 50 882 15 0 0 0 0 29 58 38 56 843 0 
0 0 0 1024 0 0 0 0 0 0 0 0 1024 0 0 0 0 0 0 0 0 0 1024 0 
0 0 0 1024 0 0 0 0 0 0 0 0 1024 0 0 0 0 0 0 0 0 0 1024 0 
0 0 0 1024 0 0 0 0 0 0 0 0 1024 0 0 0 0 0 0 0 0 0 1024 0 
0 0 0 1024 0 0 0 0 0 0 0 0 1024 0 0 0 0 0 0 0 0 0 1024 0 
0 0 0 1024 0 0 0 0 0 0 0 0 1024 0 0 0 0 0 0 0 0 0 1024 0 
0 0 0 1024 0 0 0 0 0 0 0 0 1024 0 0 0 0 0 0 0 0 0 1024 0 
0 0 0 1024 0 0 0 0 0 0 0 0 1024 0 0 0 0 0 0 0 0 0 1024 0 
0 0 0 1024 0 0 0 0 0 0 0 0 1024 0 0 0 0 0 0 0 0 0 1024 0 
0 0 0 1024 0 0 0 0 0 0 0 0 1024 0 0 0 0 0 0 0 0 1 1023 0 
0 0 0 1024 0 0 0 0 0 0 0 0 1024 0 0 0 0 0 0 0 0 0 1024 0 
0 0 0 1024 0 0 0 0 0 0 0 0 1024 0 0 0 0 0 0 0 0 0 1024 0 
0 0 0 1024 0 0 0 0 0 0 0 0 1024 0 0 0 0 0 0 0 0 2 1022 0 
0 0 0 1024 0 0 0 0 0 0 0 0 1024 0 0 0 0 0 0 0 0 65 959 0 
0 0 10 935 23 22 24 10 0 1 5 3 960 30 21 4 0 5 2 7 15 273 720 2 
0 3 34 341 218 147 132 149 1 9 81 235 349 127 131 91 3 34 201 177 164 232 179 34 
0 3 69 140 179 287 251 95 1 40 115 132 229 323 156 28 4 81 153 194 297 212 78 5 
1 59 103 200 218 192 215 36 11 102 134 245 181 221 120 10 38 134 211 245 201 171 23 1 
47 532 206 125 77 17 14 6 108 551 190 91 52 16 12 4 99 513 270 72 46 13 8 3 
57 509 56 79 54 155 79 35 52 505 83 82 87 147 53 15 13 399 257 95 132 95 29 4 
23 301 192 93 100 63 146 106 22 400 155 111 53 82 133 68 10 398 215 98 54 129 81 39 
28 820 139 10 9 8 7 3 23 869 95 15 6 12 2 2 5 775 207 14 8 11 2 2 
87 909 20 8 0 0 0 0 98 891 29 6 0 0 0 0 18 899 99 8 0 0 0 0 
111 678 127 40 36 20 8 4 130 709 81 47 34 17 6 0 102 726 116 43 28 4 5 0 
67 384 128 106 116 106 72 45 70 373 168 124 110 97 54 28 27 364 270 141 104 73 37 8 
356 668 0 0 0 0 0 0 288 732 4 0 0 0 0 0 92 905 27 0 0 0 0 0 
510 514 0 0 0 0 0 0 352 672 0 0 0 0 0 0 27 966 31 0 0 0 0 0 
909 115 0 0 0 0 0 0 905 119 0 0 0 0 0 0 550 474 0 0 0 0 0 0 
0 0 0 635 389 0 0 0 0 0 0 0 244 780 0 0 0 0 0 0 0 0 1024 0 
0 0 47 779 198 0 0 0 0 0 18 35 287 684 0 0 0 0 14 31 12 20 947 0 
0 218 336 376 74 13 7 0 0 162 371 79 268 136 8 0 0 80 401 113 35 74 320 1 
1 667 352 2 2 0 0 0 0 661 359 2 2 0 0 0 0 380 612 30 2 0 0 0 
0 511 416 67 25 5 0 0 0 521 406 67 27 3 0 0 0 257 635 96 29 7 0 0 
0 95 126 740 63 0 0 0 0 101 107 33 725 58 0 0 0 32 125 39 31 38 759 0 
0 0 0 1024 0 0 0 0 0 0 0 0 1003 21 0 0 0 0 0 0 0 6 1018 0 
0 0 0 1024 0 0 0 0 0 0 0 0 1007 17 0 0 0 0 0 0 0 0 1024 0 
0 0 0 1024 0 0 0 0 0 0 0 0 1017 7 0 0 0 0 0 0 0 0 1024 0 
0 0 0 1024 0 0 0 0 0 0 0 0 1024 0 0 0 0 0 0 0 0 0 1024 0 
0 0 0 1024 0 0 0 0 0 0 0 0 1023 1 0 0 0 0 0 0 0 0 1024 0 
0 0 0 1024 0 0 0 0 0 0 0 0 1024 0 0 0 0 0 0 0 0 0 1024 0 
0 0 0 1024 0 0 0 0 0 0 0 0 1024 0 0 0 0 0 0 0 0 0 1024 0 
0 0 0 1024 0 0 0 0 0 0 0 0 1024 0 0 0 0 0 0 0 0 0 1024 0 
0 0 0 1024 0 0 0 0 0 0 0 0 1024 0 0 0 0 0 0 0 0 0 1024 0 
0 0 0 1024 0 0 0 0 0 0 0 0 1024 0 0 0 0 0 0 0 0 0 1024 0 
0 0 0 1024 0 0 0 0 0 0 0 0 1024 0 0 0 0 0 0 0 0 0 1024 0 
0 0 5 863 113 36 6 1 0 0 23 79 891 28 3 0 0 5 40 60 61 120 738 0 
0 1 23 417 145 176 179 83 0 16 61 123 488 197 115 24 3 49 114 127 177 292 254 8 
0 53 90 242 149 110 133 247 2 94 193 203 103 103 192 134 13 183 237 136 98 157 185 15 
0 12 75 145 140 189 340 123 10 43 123 131 173 265 243 36 19 109 138 152 232 314 57 3 
1 252 234 129 125 113 148 22 30 383 163 128 104 142 71 3 76 431 152 128 136 89 12 0 
3 270 190 114 134 155 136 22 62 348 121 151 135 150 49 8 156 302 161 166 152 70 14 3 
11 194 66 186 165 331 67 4 66 167 179 138 336 126 11 1 102 244 162 313 180 21 2 0 
6 68 289 215 132 107 133 74 15 195 353 108 110 123 72 48 51 374 216 113 122 87 51 10 
129 521 374 0 0 0 0 0 146 763 115 0 0 0 0 0 77 815 132 0 0 0 0 0 
43 531 195 30 64 106 41 14 35 605 137 30 102 80 27 8 31 578 183 67 102 44 18 1 
76 460 249 86 59 59 26 9 55 499 278 67 50 47 20 8 33 357 449 70 55 43 11 6 
58 849 52 29 14 13 3 6 25 840 94 36 11 10 6 2 9 681 269 38 13 5 8 1 
422 602 0 0 0 0 0 0 161 862 1 0 0 0 0 0 41 938 45 0 0 0 0 0 
706 318 0 0 0 0 0 0 512 512 0 0 0 0 0 0 182 821 21 0 0 0 0 0 
898 126 0 0 0 0 0 0 846 178 0 0 0 0 0 0 239 785 0 0 0 0 0 0 
0 0 0 10 1014 0 0 0 0 0 0 0 0 1024 0 0 0 0 0 0 0 0 1024 0 
0 42 171 139 579 83 7 3 1 18 190 40 113 658 4 0 1 10 190 58 120 85 560 0 
0 344 571 36 20 20 33 0 0 283 630 39 21 29 22 0 0 59 852 44 22 42 5 0 
0 420 465 60 64 14 1 0 0 447 461 81 28 7 0 0 0 207 713 82 15 7 0 0 
1 265 395 214 119 25 5 0 1 345 379 210 69 17 3 0 2 264 515 184 48 9 2 0 
11 560 398 33 20 2 0 0 26 672 268 15 29 14 0 0 4 433 502 27 10 12 36 0 
0 145 95 634 148 2 0 0 0 161 66 22 310 465 0 0 0 71 127 29 19 20 758 0 
0 0 0 779 245 0 0 0 0 0 0 0 353 671 0 0 0 0 0 0 0 4 1020 0 
0 0 0 870 154 0 0 0 0 0 0 0 363 661 0 0 0 0 0 0 0 1 1023 0 
0 0 0 1002 22 0 0 0 0 0 0 0 572 452 0 0 0 0 0 0 0 0 1024 0 
0 0 0 1020 4 0 0 0 0 0 0 0 694 330 0 0 0 0 0 0 0 0 1024 0 
0 0 0 1016 8 0 0 0 0 0 0 0 911 113 0 0 0 0 0 0 0 0 1024 0 
0 0 0 1024 0 0 0 0 0 0 0 0 929 95 0 0 0 0 0 0 0 0 1024 0 
0 0 0 1024 0 0 0 0 0 0 0 0 1014 10 0 0 0 0 0 0 0 0 1024 0 
0 0 0 1024 0 0 0 0 0 0 0 0 1024 0 0 0 0 0 0 0 0 0 1024 0 
0 0 0 1024 0 0 0 0 0 0 0 0 1024 0 0 0 0 0 0 0 0 0 1024 0 
0 0 43 614 156 123 88 0 0 9 92 108 651 141 23 0 1 36 112 96 133 215 431 0 
0 2 346 338 173 120 40 5 0 52 518 212 144 85 12 1 0 215 470 161 112 42 23 1 
0 0 74 175 165 230 284 96 0 15 171 171 188 283 173 23 0 86 225 192 289 192 35 5 
0 0 189 219 71 159 229 157 0 66 300 84 96 212 192 74 11 279 141 93 199 184 113 4 
0 0 5 6 33 319 608 53 0 2 6 17 128 648 215 8 0 8 10 105 529 354 18 0 
0 176 219 77 75 111 280 86 43 292 115 66 87 255 158 8 101 311 79 89 244 184 16 0 
1 214 252 151 167 170 60 9 28 377 164 175 181 90 7 2 88 431 183 200 108 12 2 0 
0 15 49 156 175 296 270 63 3 48 157 158 269 269 114 6 18 162 199 251 247 133 14 0 
0 123 320 175 77 158 115 56 34 292 274 76 146 119 49 34 83 348 240 151 108 43 39 12 
66 447 511 0 0 0 0 0 124 721 179 0 0 0 0 0 102 858 64 0 0 0 0 0 
73 634 241 9 20 13 28 6 229 652 67 11 19 14 26 6 328 602 24 18 15 21 16 0 
6 183 124 167 197 211 117 19 9 205 173 184 243 123 78 9 17 122 333 232 186 112 18 4 
157 574 87 55 76 47 24 4 88 646 93 66 76 40 15 0 12 633 187 89 67 28 8 0 
563 452 9 0 0 0 0 0 303 711 10 0 0 0 0 0 103 841 79 1 0 0 0 0 
774 250 0 0 0 0 0 0 568 456 0 0 0 0 0 0 238 786 0 0 0 0 0 0 
928 96 0 0 0 0 0 0 729 295 0 0 0 0 0 0 204 820 0 0 0 0 0 0 
0 0 0 0 1007 16 1 0 0 0 0 0 0 1015 9 0 0 0 0 0 0 21 1002 1 
0 63 118 153 293 284 111 2 0 50 140 169 243 361 60 1 0 49 164 191 305 206 109 0 
1 595 378 24 26 0 0 0 1 627 341 28 27 0 0 0 0 432 540 34 18 0 0 0 
0 61 592 293 65 12 1 0 0 124 648 206 43 3 0 0 0 123 684 184 31 2 0 0 
0 448 464 82 26 4 0 0 0 530 406 74 13 1 0 0 0 360 593 63 8 0 0 0 
13 785 226 0 0 0 0 0 23 881 120 0 0 0 0 0 5 742 277 0 0 0 0 0 
1 469 300 62 189 3 0 0 1 598 165 17 37 206 0 0 0 382 353 30 14 25 219 1 
0 2 2 12 1008 0 0 0 0 0 2 2 4 1016 0 0 0 0 0 1 2 3 1018 0 
0 0 0 86 938 0 0 0 0 0 0 0 22 1002 0 0 0 0 0 0 0 12 1012 0 
0 0 1 134 889 0 0 0 0 0 0 1 29 994 0 0 0 0 0 0 0 11 1013 0 
0 0 0 173 851 0 0 0 0 0 0 0 0 1024 0 0 0 0 0 0 0 0 1024 0 
0 0 2 362 660 0 0 0 0 0 0 0 53 971 0 0 0 0 0 0 0 6 1018 0 
0 0 0 662 362 0 0 0 0 0 0 0 41 983 0 0 0 0 0 0 0 1 1023 0 
0 20 213 515 193 53 27 3 0 48 256 68 290 336 24 2 1 42 229 95 68 102 487 0 
0 3 171 731 117 2 0 0 0 7 218 19 346 434 0 0 0 5 199 27 15 26 752 0 
0 0 0 706 164 48 73 33 0 0 0 2 422 514 70 16 0 0 2 23 25 101 867 6 
0 0 111 266 207 229 104 107 0 7 266 218 235 147 82 69 0 86 338 244 154 106 85 11 
0 15 804 164 22 16 3 0 0 277 698 23 9 17 0 0 0 662 323 18 21 0 0 0 
0 1 227 249 150 184 160 53 0 41 386 114 183 194 84 22 1 179 333 173 200 104 26 8 
0 6 95 117 133 264 301 108 0 35 130 120 192 332 179 36 6 121 113 206 322 182 71 3 
0 0 2 3 24 237 670 88 0 0 3 9 93 585 326 8 0 2 6 66 510 400 40 0 
0 8 80 66 100 132 334 304 0 70 70 84 110 221 396 73 24 91 92 111 195 344 167 0 
0 6 309 175 128 132 199 75 1 277 181 129 128 197 104 7 53 392 135 143 207 87 6 1 
0 40 36 51 167 497 204 29 0 59 56 152 392 294 70 1 24 75 162 366 307 77 13 0 
0 34 104 325 416 106 30 9 3 83 326 451 126 26 7 2 23 294 520 148 29 8 2 0 
110 352 464 38 30 26 4 0 269 516 176 30 29 4 0 0 346 576 60 32 7 3 0 0 
170 377 274 44 57 61 40 1 296 480 76 35 70 37 29 1 431 412 28 67 48 33 5 0 
0 0 40 665 186 124 9 0 0 5 521 285 167 46 0 0 1 191 543 182 103 4 0 0 
531 266 37 134 39 17 0 0 228 583 91 93 29 0 0 0 48 795 128 45 8 0 0 0 
561 463 0 0 0 0 0 0 365 659 0 0 0 0 0 0 126 878 20 0 0 0 0 0 
673 351 0 0 0 0 0 0 436 588 0 0 0 0 0 0 196 828 0 0 0 0 0 0 
1015 9 0 0 0 0 0 0 995 29 0 0 0 0 0 0 477 547 0 0 0 0 0 0 
0 29 68 37 869 21 0 0 0 9 78 34 56 845 2 0 0 22 70 41 47 38 795 11 
0 452 208 106 81 123 53 1 0 479 212 86 82 147 18 0 6 499 194 100 124 92 9 0 
40 707 244 31 2 0 0 0 43 825 143 13 0 0 0 0 27 741 246 10 0 0 0 0 
0 240 592 126 53 12 1 0 1 448 423 108 39 5 0 0 8 557 342 91 23 3 0 0 
3 865 128 20 8 0 0 0 15 907 78 20 4 0 0 0 10 812 189 12 1 0 0 0 
16 982 26 0 0 0 0 0 16 995 13 0 0 0 0 0 1 915 108 0 0 0 0 0 
1 815 195 8 2 2 1 0 1 850 163 5 2 2 1 0 1 655 353 9 2 3 1 0 
0 117 232 24 637 14 0 0 0 165 177 20 25 637 0 0 0 83 209 51 18 23 638 2 
0 0 0 0 1024 0 0 0 0 0 0 0 0 1024 0 0 0 0 0 0 0 0 1024 0 
0 0 0 0 1024 0 0 0 0 0 0 0 0 1024 0 0 0 0 0 0 0 0 1024 0 
0 0 0 0 1024 0 0 0 0 0 0 0 0 1024 0 0 0 0 0 0 0 0 1024 0 
0 0 0 0 1024 0 0 0 0 0 0 0 0 1024 0 0 0 0 0 0 0 0 1024 0 
0 8 113 75 711 91 19 7 0 32 110 46 61 753 18 4 1 69 84 44 57 74 689 6 
0 109 776 94 11 21 13 0 0 502 460 20 17 16 9 0 0 612 355 17 24 13 3 0 
0 125 552 126 216 5 0 0 0 329 360 19 37 279 0 0 0 404 272 22 19 28 279 0 
3 91 114 67 426 208 79 36 3 115 89 40 208 510 34 25 1 98 126 163 142 63 419 12 
0 12 221 49 108 314 243 77 0 135 128 72 226 315 112 36 0 220 91 207 328 123 45 10 
0 55 925 41 3 0 0 0 0 487 534 2 1 0 0 0 0 781 240 3 0 0 0 0 
0 32 382 204 111 138 126 31 2 168 398 112 131 152 59 2 26 380 251 135 164 62 5 1 
0 0 26 56 146 462 263 71 0 15 35 106 385 358 106 19 3 32 101 344 397 108 36 3 
0 0 2 5 28 285 663 41 0 1 5 12 134 659 210 3 0 4 8 120 600 278 14 0 
0 0 0 4 20 98 562 340 0 0 2 17 48 298 612 47 0 0 15 36 250 581 142 0 
0 23 165 137 123 129 342 105 11 158 150 108 126 299 170 2 87 207 131 137 314 142 6 0 
0 7 46 65 187 532 162 25 0 42 63 142 476 256 42 3 0 93 139 442 287 58 4 1 
0 1 8 91 403 346 166 9 0 6 81 409 306 198 19 5 2 69 430 329 166 22 4 2 
141 97 126 70 226 271 76 17 198 134 77 202 301 74 36 2 224 162 205 279 102 48 3 1 
62 308 192 215 118 72 34 23 152 348 254 101 87 38 37 7 241 486 100 99 47 37 12 2 
0 5 229 434 224 111 21 0 0 22 505 284 166 43 4 0 2 279 481 205 56 1 0 0 
239 294 86 223 165 17 0 0 169 384 146 255 68 2 0 0 98 500 274 145 7 0 0 0 
467 557 0 0 0 0 0 0 250 774 0 0 0 0 0 0 45 979 0 0 0 0 0 0 
745 279 0 0 0 0 0 0 531 493 0 0 0 0 0 0 192 832 0 0 0 0 0 0 
1024 0 0 0 0 0 0 0 943 81 0 0 0 0 0 0 205 819 0 0 0 0 0 0 
0 0 0 0 983 41 0 0 0 0 0 0 0 994 30 0 0 0 0 0 0 0 1009 15 
0 609 76 87 167 77 8 0 0 616 76 81 121 121 9 0 1 643 87 107 84 34 65 3 
177 786 59 2 0 0 0 0 173 837 13 1 0 0 0 0 130 876 16 2 0 0 0 0 
0 155 647 181 30 11 0 0 1 418 489 88 24 4 0 0 3 650 307 48 15 1 0 0 
3 824 125 64 8 0 0 0 14 839 113 49 9 0 0 0 13 822 134 49 6 0 0 0 
29 779 144 58 8 5 1 0 77 778 124 32 8 4 1 0 16 782 187 32 5 1 1 0 
8 885 123 7 1 0 0 0 24 909 83 7 1 0 0 0 13 869 135 6 1 0 0 0 
0 637 256 12 98 21 0 0 0 768 123 10 13 109 1 0 0 676 195 22 10 9 110 2 
0 20 32 15 931 26 0 0 1 27 22 9 14 944 7 0 0 3 29 17 10 15 945 5 
0 0 0 0 1024 0 0 0 0 0 0 0 0 1024 0 0 0 0 0 0 0 0 1024 0 
0 0 0 0 1024 0 0 0 0 0 0 0 0 1024 0 0 0 0 0 0 0 0 1024 0 
0 0 0 0 1024 0 0 0 0 0 0 0 0 1024 0 0 0 0 0 0 0 0 1024 0 
0 0 23 39 589 187 169 17 0 6 19 46 98 811 40 4 1 14 23 80 263 89 553 1 
0 228 585 64 36 72 39 0 2 590 266 43 34 88 1 0 4 749 122 43 96 10 0 0 
0 660 364 0 0 0 0 0 3 987 34 0 0 0 0 0 9 999 16 0 0 0 0 0 
0 558 305 28 26 58 49 0 0 655 216 25 34 91 3 0 0 692 193 32 79 28 0 0 
0 79 400 90 97 173 164 21 0 342 190 76 123 235 56 2 18 450 107 114 217 104 14 0 
0 186 745 41 21 20 11 0 1 713 239 27 24 16 4 0 15 853 100 23 24 9 0 0 
0 257 641 56 31 25 11 3 1 677 253 36 28 22 7 0 51 780 122 30 30 11 0 0 
0 0 8 51 117 436 348 64 0 3 40 80 356 381 156 8 1 28 86 339 391 169 10 0 
0 0 3 5 119 487 395 15 0 0 6 68 401 484 65 0 0 7 73 412 460 72 0 0 
0 0 2 8 63 267 607 77 0 0 10 35 191 563 224 1 0 10 33 206 499 273 3 0 
0 42 110 60 61 212 420 119 11 125 64 61 149 389 223 2 74 107 63 160 391 227 2 0 
0 14 37 34 83 296 498 62 10 26 43 56 211 460 210 8 23 39 70 199 421 254 18 0 
0 8 20 22 56 200 656 62 4 18 20 35 136 466 338 7 18 19 29 117 398 431 12 0 
0 88 78 55 153 208 268 174 2 145 58 112 194 166 310 37 2 141 134 190 163 247 146 1 
65 368 146 143 97 98 93 14 126 389 179 104 81 85 59 1 154 444 169 102 77 71 6 1 
44 37 39 173 381 220 97 33 45 42 109 312 316 123 71 6 45 93 270 378 158 76 4 0 
7 67 81 299 480 88 2 0 44 61 144 453 296 26 0 0 66 80 393 414 66 5 0 0 
578 355 37 39 15 0 0 0 430 527 38 29 0 0 0 0 177 780 54 13 0 0 0 0 
700 324 0 0 0 0 0 0 311 713 0 0 0 0 0 0 103 920 1 0 0 0 0 0 
863 161 0 0 0 0 0 0 626 398 0 0 0 0 0 0 165 858 1 0 0 0 0 0 
0 0 0 0 105 919 0 0 0 0 0 0 0 916 108 0 0 0 0 0 0 0 1006 18 
1 517 182 137 105 82 0 0 0 550 180 125 59 59 51 0 10 615 183 75 38 19 82 2 
275 648 69 25 5 2 0 0 292 655 51 22 3 1 0 0 207 754 39 20 3 1 0 0 
0 341 463 139 56 21 4 0 8 599 258 111 36 11 1 0 33 717 175 71 23 5 0 0 
4 438 369 138 55 19 1 0 8 666 207 95 41 6 1 0 15 730 182 65 30 2 0 0 
18 776 108 65 44 13 0 0 35 790 98 61 32 8 0 0 30 811 100 57 21 5 0 0 
39 979 6 0 0 0 0 0 103 919 2 0 0 0 0 0 72 950 2 0 0 0 0 0 
2 746 276 0 0 0 0 0 6 907 111 0 0 0 0 0 2 829 193 0 0 0 0 0 
1 293 244 16 384 86 0 0 8 409 120 15 12 443 17 0 3 340 179 16 16 14 444 12 
0 0 0 0 1008 16 0 0 0 0 0 0 0 1024 0 0 0 0 0 0 0 0 1024 0 
0 0 0 0 1023 1 0 0 0 0 0 0 0 1024 0 0 0 0 0 0 0 0 1024 0 
0 0 0 0 979 40 5 0 0 0 0 0 0 1020 4 0 0 0 0 0 1 16 1007 0 
0 2 9 23 313 300 351 26 2 9 10 43 158 696 102 4 2 10 39 117 382 215 259 0 
0 184 496 40 40 107 147 10 2 571 122 41 66 181 40 1 13 629 74 59 171 74 4 0 
0 618 406 0 0 0 0 0 7 1012 5 0 0 0 0 0 21 1003 0 0 0 0 0 0 
0 901 123 0 0 0 0 0 2 1015 7 0 0 0 0 0 9 994 21 0 0 0 0 0 
3 609 263 64 51 19 12 3 10 774 116 57 41 14 11 1 44 791 86 54 31 14 4 0 
2 838 184 0 0 0 0 0 29 972 23 0 0 0 0 0 103 920 1 0 0 0 0 0 
10 536 154 58 59 83 75 49 62 594 76 53 66 99 61 13 108 589 68 62 94 75 27 1 
0 3 33 97 170 306 328 87 1 25 84 141 243 364 135 31 15 81 132 244 342 168 40 2 
8 70 49 58 145 444 238 12 61 60 40 110 390 332 31 0 82 76 106 401 330 28 1 0 
0 28 12 24 157 425 337 41 6 30 18 114 358 404 94 0 17 32 118 337 402 118 0 0 
0 19 43 47 160 407 275 73 5 30 56 91 344 349 115 34 23 49 87 338 336 132 59 0 
14 114 190 208 119 159 154 66 54 206 218 118 144 158 110 16 133 276 152 145 156 126 35 1 
0 1 1 23 102 382 480 35 0 1 14 68 238 521 181 1 1 8 65 238 497 214 1 0 
52 195 124 114 112 118 198 111 85 198 136 110 121 145 171 58 70 233 164 124 135 200 84 14 
610 412 2 0 0 0 0 0 693 331 0 0 0 0 0 0 581 443 0 0 0 0 0 0 
736 173 15 33 39 28 0 0 780 134 23 41 38 8 0 0 689 235 39 49 11 1 0 0 
177 174 100 295 231 45 2 0 207 177 206 348 77 9 0 0 258 238 395 115 18 0 0 0 
743 206 26 36 13 0 0 0 589 375 44 16 0 0 0 0 347 648 25 4 0 0 0 0 
688 336 0 0 0 0 0 0 306 718 0 0 0 0 0 0 93 922 9 0 0 0 0 0 
674 349 1 0 0 0 0 0 359 661 4 0 0 0 0 0 166 684 174 0 0 0 0 0 
0 0 0 0 0 1024 0 0 0 0 0 0 0 299 725 0 0 0 0 0 0 0 1008 16 
6 167 227 244 148 232 0 0 8 174 295 233 70 87 157 0 40 234 318 168 22 17 225 0 
212 802 10 0 0 0 0 0 375 641 8 0 0 0 0 0 296 722 6 0 0 0 0 0 
2 149 249 261 240 108 14 1 40 207 254 270 211 39 3 0 46 309 289 270 101 8 1 0 
3 318 425 130 67 50 29 2 23 575 218 109 59 33 6 1 51 645 164 95 55 9 5 0 
28 750 60 46 44 82 14 0 275 520 52 56 71 45 5 0 217 609 47 69 75 7 0 0 
37 971 9 7 0 0 0 0 170 839 9 6 0 0 0 0 101 908 8 7 0 0 0 0 
71 945 8 0 0 0 0 0 244 779 1 0 0 0 0 0 151 870 3 0 0 0 0 0 
1 673 259 14 29 39 9 0 23 867 46 11 12 46 19 0 19 806 102 14 13 11 55 4 
0 0 0 0 603 421 0 0 0 0 0 0 0 1019 5 0 0 0 0 0 0 1 1023 0 
0 0 0 0 552 472 0 0 0 0 0 0 0 1024 0 0 0 0 0 0 0 0 1024 0 
0 0 0 0 403 399 179 43 0 0 0 2 12 848 146 16 0 0 0 5 90 127 795 7 
0 2 14 20 103 451 426 8 2 14 10 69 331 541 57 0 10 12 47 299 553 98 5 0 
0 75 503 52 76 146 159 13 1 406 200 49 117 199 49 3 9 551 67 107 195 85 8 2 
6 672 324 2 12 8 0 0 1 987 13 3 2 16 2 0 12 984 4 2 3 4 15 0 
31 473 84 8 383 45 0 0 22 550 9 13 14 403 13 0 23 544 12 9 11 27 398 0 
27 439 9 11 501 36 1 0 26 436 9 11 15 513 14 0 37 413 18 10 9 33 504 0 
110 618 171 9 100 16 0 0 123 738 32 9 8 109 5 0 99 761 33 6 9 15 101 0 
6 373 43 79 97 207 197 22 38 369 61 83 184 227 54 8 97 354 71 166 219 100 15 2 
1 122 111 92 175 285 216 22 18 176 90 125 257 292 62 4 82 171 108 246 309 94 14 0 
60 349 143 179 186 102 5 0 230 286 148 221 123 16 0 0 377 221 246 146 33 1 0 0 
11 401 59 45 207 247 54 0 118 333 43 104 306 110 10 0 279 201 104 305 125 10 0 0 
1 61 84 157 287 351 79 4 8 102 109 214 376 204 11 0 57 114 166 420 239 28 0 0 
168 294 138 159 203 50 12 0 333 210 123 267 72 18 1 0 385 226 286 105 21 1 0 0 
270 407 120 97 72 57 1 0 382 349 126 86 61 20 0 0 428 369 130 73 24 0 0 0 
75 288 216 223 143 69 10 0 128 307 250 197 101 40 1 0 147 421 250 141 57 8 0 0 
314 279 112 124 119 52 17 7 436 203 129 116 87 35 9 9 402 260 182 113 43 12 7 5 
906 118 0 0 0 0 0 0 955 69 0 0 0 0 0 0 620 404 0 0 0 0 0 0 
813 153 30 24 2 2 0 0 838 133 37 11 3 2 0 0 766 212 33 9 2 2 0 0 
885 78 46 15 0 0 0 0 874 115 35 0 0 0 0 0 692 314 18 0 0 0 0 0 
1002 22 0 0 0 0 0 0 974 50 0 0 0 0 0 0 828 196 0 0 0 0 0 0 
959 65 0 0 0 0 0 0 827 196 1 0 0 0 0 0 506 486 32 0 0 0 0 0 
0 0 0 0 0 1024 0 0 0 0 0 0 0 649 375 0 0 0 0 0 0 0 1024 0 
4 76 231 307 212 185 9 0 10 144 256 294 147 95 78 0 44 226 313 213 78 35 115 0 
262 728 16 8 10 0 0 0 538 453 15 8 10 0 0 0 595 403 10 13 3 0 0 0 
151 193 111 217 180 138 33 1 221 166 160 223 180 67 7 0 229 211 221 224 116 22 1 0 
155 749 66 27 15 10 2 0 361 563 56 26 12 6 0 0 416 523 48 23 10 4 0 0 
46 908 52 11 2 3 1 1 251 720 37 11 1 3 1 0 263 701 44 11 2 2 1 0 
95 893 22 10 3 1 0 0 237 754 21 8 4 0 0 0 252 736 22 10 3 1 0 0 
112 912 0 0 0 0 0 0 434 590 0 0 0 0 0 0 464 560 0 0 0 0 0 0 
6 941 46 7 7 15 2 0 69 914 13 5 7 16 0 0 50 928 12 10 3 6 15 0 
0 14 7 6 211 786 0 0 2 14 5 7 4 985 7 0 0 6 12 6 4 10 986 0 
0 0 0 0 452 572 0 0 0 0 0 0 0 1024 0 0 0 0 0 0 0 0 1024 0 
0 0 0 0 409 456 123 36 0 0 0 1 30 882 101 10 0 0 1 14 121 132 756 0 
0 38 141 181 272 240 121 31 3 117 166 208 290 162 72 6 25 178 209 308 183 102 19 0 
0 288 455 82 88 79 29 3 2 682 95 90 92 52 11 0 37 704 85 103 66 26 3 0 
6 283 190 13 486 46 0 0 8 446 21 14 12 518 5 0 31 419 21 13 12 50 478 0 
0 0 0 0 1024 0 0 0 0 0 0 0 0 1024 0 0 0 0 0 0 0 34 990 0 
0 0 0 0 1024 0 0 0 0 0 0 0 0 1024 0 0 0 0 0 0 0 178 846 0 
38 336 163 50 349 51 25 12 26 476 39 52 44 366 17 4 32 449 79 37 47 128 252 0 
2 15 65 148 264 315 179 36 7 41 106 229 299 271 63 8 31 90 218 309 284 75 17 0 
1 42 91 191 310 296 84 9 12 85 119 252 360 163 30 3 56 116 254 372 183 40 3 0 
34 233 207 133 199 165 53 0 158 241 149 185 189 95 7 0 281 231 188 214 94 16 0 0 
7 77 47 77 196 445 173 2 38 77 60 162 409 271 7 0 84 74 160 457 240 9 0 0 
3 130 172 189 132 235 154 9 19 247 178 141 210 201 28 0 124 249 194 246 178 33 0 0 
780 152 46 19 10 7 10 0 860 104 26 16 7 11 0 0 852 119 30 10 13 0 0 0 
833 157 27 7 0 0 0 0 871 118 26 9 0 0 0 0 814 171 28 11 0 0 0 0 
319 147 116 159 180 97 6 0 356 154 161 178 132 42 1 0 392 196 229 150 49 8 0 0 
333 222 156 167 87 40 13 6 384 236 188 136 48 17 9 6 422 261 203 85 28 13 7 5 
732 292 0 0 0 0 0 0 642 374 8 0 0 0 0 0 287 658 79 0 0 0 0 0 
808 215 1 0 0 0 0 0 648 373 3 0 0 0 0 0 277 717 30 0 0 0 0 0 
1015 9 0 0 0 0 0 0 920 104 0 0 0 0 0 0 452 572 0 0 0 0 0 0 
1014 10 0 0 0 0 0 0 861 163 0 0 0 0 0 0 223 801 0 0 0 0 0 0 
1023 1 0 0 0 0 0 0 967 57 0 0 0 0 0 0 229 795 0 0 0 0 0 0 
3 223 97 32 41 628 0 0 0 9 297 39 14 648 17 0 0 6 22 156 153 38 649 0 
45 219 290 193 185 89 3 0 53 325 258 197 143 37 11 0 87 347 310 188 56 23 13 0 
471 362 133 29 26 3 0 0 556 295 117 32 21 3 0 0 571 309 101 39 4 0 0 0 
725 144 98 38 14 4 1 0 732 167 76 37 10 2 0 0 673 233 77 34 6 1 0 0 
814 166 32 6 6 0 0 0 853 119 34 12 4 2 0 0 773 195 37 13 3 3 0 0 
691 322 11 0 0 0 0 0 770 239 15 0 0 0 0 0 675 330 19 0 0 0 0 0 
627 397 0 0 0 0 0 0 788 236 0 0 0 0 0 0 744 280 0 0 0 0 0 0 
743 281 0 0 0 0 0 0 840 184 0 0 0 0 0 0 739 285 0 0 0 0 0 0 
566 458 0 0 0 0 0 0 635 389 0 0 0 0 0 0 488 535 1 0 0 0 0 0 
200 260 41 15 468 40 0 0 149 145 186 36 23 485 0 0 63 136 90 192 35 40 468 0 
49 316 48 34 576 1 0 0 0 68 331 23 26 576 0 0 0 1 59 322 40 34 568 0 
32 236 180 76 365 78 48 9 76 257 150 61 41 404 35 0 83 260 133 62 47 143 296 0 
188 148 224 330 100 27 7 0 230 183 299 233 60 17 2 0 255 250 369 115 30 5 0 0 
498 464 61 1 0 0 0 0 573 436 15 0 0 0 0 0 613 397 14 0 0 0 0 0 
106 416 107 32 350 13 0 0 93 179 315 53 47 337 0 0 63 171 59 279 67 231 154 0 
19 460 25 16 504 0 0 0 0 12 446 54 50 462 0 0 0 0 9 447 49 398 121 0 
286 252 23 27 436 0 0 0 230 112 212 15 104 351 0 0 118 157 85 192 21 382 69 0 
332 310 96 110 122 47 7 0 432 227 134 97 77 53 4 0 335 358 164 86 19 33 29 0 
19 142 223 274 212 124 29 1 90 181 333 224 139 54 3 0 172 350 301 150 47 4 0 0 
9 90 147 363 287 105 23 0 55 125 328 345 131 40 0 0 122 265 463 127 46 1 0 0 
74 76 246 328 226 72 2 0 109 139 422 245 103 6 0 0 178 438 327 75 6 0 0 0 
11 45 207 435 247 63 14 2 31 138 410 324 101 17 3 0 104 365 441 99 15 0 0 0 
14 546 234 163 61 6 0 0 170 549 209 88 8 0 0 0 445 441 122 16 0 0 0 0 
898 75 40 7 4 0 0 0 932 69 16 5 2 0 0 0 946 67 8 3 0 0 0 0 
926 83 14 1 0 0 0 0 931 78 15 0 0 0 0 0 907 102 13 2 0 0 0 0 
280 449 265 27 2 0 1 0 413 452 148 9 1 1 0 0 528 439 52 3 1 1 0 0 
663 139 131 39 24 15 6 7 711 153 93 23 19 14 8 3 707 203 49 21 20 15 7 2 
930 59 30 2 3 0 0 0 920 73 26 2 3 0 0 0 842 161 16 3 2 0 0 0 
1006 18 0 0 0 0 0 0 974 50 0 0 0 0 0 0 817 207 0 0 0 0 0 0 
987 37 0 0 0 0 0 0 920 104 0 0 0 0 0 0 777 247 0 0 0 0 0 0 
1011 13 0 0 0 0 0 0 1007 17 0 0 0 0 0 0 793 231 0 0 0 0 0 0 
1024 0 0 0 0 0 0 0 1024 0 0 0 0 0 0 0 1018 6 0 0 0 0 0 0 
1 686 337 0 0 0 0 0 0 13 700 311 0 0 0 0 0 0 16 564 444 0 0 0 
22 908 94 0 0 0 0 0 0 438 575 11 0 0 0 0 0 43 740 236 5 0 0 0 
436 587 1 0 0 0 0 0 0 1003 21 0 0 0 0 0 0 587 437 0 0 0 0 0 
48 963 13 0 0 0 0 0 0 877 147 0 0 0 0 0 0 576 448 0 0 0 0 0 
137 887 0 0 0 0 0 0 28 963 33 0 0 0 0 0 0 701 323 0 0 0 0 0 
417 605 2 0 0 0 0 0 0 925 99 0 0 0 0 0 0 572 449 3 0 0 0 0 
446 575 3 0 0 0 0 0 4 841 179 0 0 0 0 0 0 244 765 15 0 0 0 0 
236 757 31 0 0 0 0 0 0 493 513 18 0 0 0 0 0 74 633 312 5 0 0 0 
78 759 187 0 0 0 0 0 0 85 757 182 0 0 0 0 0 5 122 628 267 2 0 0 
0 372 623 29 0 0 0 0 0 0 267 715 42 0 0 0 0 0 0 161 761 102 0 0 
0 358 625 39 1 1 0 0 0 0 240 725 58 1 0 0 0 0 3 158 715 147 1 0 
2 228 672 120 1 1 0 0 2 46 206 702 67 1 0 0 4 42 38 220 641 79 0 0 
16 36 497 465 10 0 0 0 14 34 327 628 21 0 0 0 15 37 211 655 105 1 0 0 
62 541 343 78 0 0 0 0 19 319 551 135 0 0 0 0 15 145 696 168 0 0 0 0 
150 852 22 0 0 0 0 0 0 508 514 2 0 0 0 0 0 88 827 109 0 0 0 0 
54 840 130 0 0 0 0 0 0 70 942 12 0 0 0 0 0 0 560 464 0 0 0 0 
21 812 169 17 4 1 0 0 0 103 862 50 8 1 0 0 0 24 670 313 13 4 0 0 
7 764 119 39 35 51 9 0 15 432 442 50 53 28 4 0 21 219 670 69 31 8 6 0 
6 383 392 122 76 40 5 0 12 209 623 112 55 13 0 0 38 264 625 77 19 1 0 0 
0 79 502 162 176 87 18 0 2 59 597 191 135 34 6 0 20 122 653 164 55 9 1 0 
1 85 531 117 154 117 19 0 6 95 563 151 156 50 3 0 32 207 546 164 67 7 1 0 
0 86 417 193 157 124 42 5 8 114 469 173 149 85 24 2 29 231 428 180 98 40 18 0 
438 369 85 37 61 31 2 1 446 341 127 44 53 12 1 0 405 340 162 83 29 5 0 0 
951 73 0 0 0 0 0 0 940 84 0 0 0 0 0 0 748 273 3 0 0 0 0 0 
768 208 43 5 0 0 0 0 813 189 20 2 0 0 0 0 847 170 6 1 0 0 0 0 
60 356 447 155 6 0 0 0 195 512 280 37 0 0 0 0 433 490 95 6 0 0 0 0 
606 232 106 53 26 1 0 0 681 222 70 44 7 0 0 0 777 169 67 11 0 0 0 0 
739 160 102 22 1 0 0 0 802 147 67 8 0 0 0 0 844 141 37 2 0 0 0 0 
990 21 10 3 0 0 0 0 997 18 8 1 0 0 0 0 863 153 8 0 0 0 0 0 
1024 0 0 0 0 0 0 0 1024 0 0 0 0 0 0 0 1024 0 0 0 0 0 0 0 
1024 0 0 0 0 0 0 0 1024 0 0 0 0 0 0 0 1024 0 0 0 0 0 0 0 
1024 0 0 0 0 0 0 0 1024 0 0 0 0 0 0 0 1020 4 0 0 0 0 0 0 
2 175 682 165 0 0 0 0 0 32 310 575 107 0 0 0 0 0 54 271 567 132 0 0 
62 696 243 23 0 0 0 0 17 545 400 60 2 0 0 0 2 320 455 220 27 0 0 0 
275 733 16 0 0 0 0 0 51 936 37 0 0 0 0 0 11 683 318 12 0 0 0 0 
7 1001 16 0 0 0 0 0 1 1012 11 0 0 0 0 0 0 748 276 0 0 0 0 0 
29 995 0 0 0 0 0 0 2 1020 2 0 0 0 0 0 0 851 173 0 0 0 0 0 
315 709 0 0 0 0 0 0 62 962 0 0 0 0 0 0 0 730 294 0 0 0 0 0 
445 576 3 0 0 0 0 0 146 844 34 0 0 0 0 0 0 527 474 23 0 0 0 0 
164 810 50 0 0 0 0 0 14 521 488 1 0 0 0 0 0 27 437 556 4 0 0 0 
21 571 429 3 0 0 0 0 1 66 725 232 0 0 0 0 0 0 42 548 427 7 0 0 
16 288 605 115 0 0 0 0 0 28 325 587 84 0 0 0 0 0 4 214 630 176 0 0 
26 245 591 161 1 0 0 0 0 41 270 591 122 0 0 0 0 0 13 170 585 253 3 0 
5 238 515 252 14 0 0 0 0 19 331 538 135 1 0 0 0 0 2 264 582 176 0 0 
18 196 433 347 30 0 0 0 10 76 440 489 9 0 0 0 0 11 197 621 192 3 0 0 
34 617 285 88 0 0 0 0 6 561 386 71 0 0 0 0 0 123 668 231 2 0 0 0 
63 925 36 0 0 0 0 0 7 828 189 0 0 0 0 0 0 89 807 128 0 0 0 0 
114 720 188 2 0 0 0 0 15 494 501 14 0 0 0 0 0 25 659 338 2 0 0 0 
40 551 420 13 0 0 0 0 3 368 618 35 0 0 0 0 0 66 732 225 1 0 0 0 
23 784 214 3 0 0 0 0 3 785 227 9 0 0 0 0 1 476 531 16 0 0 0 0 
1 137 626 254 6 0 0 0 6 234 705 79 0 0 0 0 5 331 676 12 0 0 0 0 
0 3 362 659 0 0 0 0 0 26 847 151 0 0 0 0 0 109 915 0 0 0 0 0 
0 50 503 469 2 0 0 0 0 105 885 34 0 0 0 0 5 360 658 1 0 0 0 0 
1 115 430 450 28 0 0 0 6 189 713 116 0 0 0 0 25 392 598 9 0 0 0 0 
31 402 423 167 1 0 0 0 25 558 408 33 0 0 0 0 37 615 366 6 0 0 0 0 
645 328 50 1 0 0 0 0 681 316 27 0 0 0 0 0 579 395 50 0 0 0 0 0 
625 326 68 5 0 0 0 0 660 311 49 4 0 0 0 0 623 349 48 4 0 0 0 0 
64 583 187 118 59 12 1 0 162 567 154 96 38 7 0 0 316 492 144 50 21 1 0 0 
613 256 95 33 18 9 0 0 669 236 69 35 14 1 0 0 700 231 64 21 8 0 0 0 
687 215 79 21 11 8 3 0 702 211 73 18 9 8 3 0 689 215 85 16 9 8 2 0 
972 46 5 1 0 0 0 0 968 50 5 1 0 0 0 0 874 140 8 2 0 0 0 0 
1023 1 0 0 0 0 0 0 1022 2 0 0 0 0 0 0 975 49 0 0 0 0 0 0 
1007 16 1 0 0 0 0 0 995 28 1 0 0 0 0 0 894 126 4 0 0 0 0 0 
1009 13 2 0 0 0 0 0 1004 18 2 0 0 0 0 0 897 123 4 0 0 0 0 0 
31 256 492 239 6 0 0 0 1 75 337 440 171 0 0 0 0 11 65 328 461 157 2 0 
132 674 158 59 1 0 0 0 52 638 221 90 23 0 0 0 6 425 369 139 73 12 0 0 
452 558 14 0 0 0 0 0 300 684 40 0 0 0 0 0 79 729 204 12 0 0 0 0 
104 854 66 0 0 0 0 0 64 909 51 0 0 0 0 0 9 784 231 0 0 0 0 0 
115 902 7 0 0 0 0 0 41 975 8 0 0 0 0 0 10 767 243 4 0 0 0 0 
364 655 5 0 0 0 0 0 153 839 32 0 0 0 0 0 47 756 215 6 0 0 0 0 
529 481 14 0 0 0 0 0 208 731 85 0 0 0 0 0 0 553 405 66 0 0 0 0 
237 744 43 0 0 0 0 0 56 561 405 2 0 0 0 0 0 103 475 437 9 0 0 0 
176 643 200 5 0 0 0 0 29 296 587 112 0 0 0 0 0 19 211 584 203 7 0 0 
116 364 446 98 0 0 0 0 10 141 396 397 80 0 0 0 0 2 106 321 436 159 0 0 
154 413 333 124 0 0 0 0 19 201 392 318 94 0 0 0 0 1 148 379 327 169 0 0 
152 392 378 93 9 0 0 0 18 221 387 343 55 0 0 0 0 5 160 396 377 86 0 0 
123 293 396 205 7 0 0 0 7 205 471 339 2 0 0 0 0 4 225 594 201 0 0 0 
159 543 251 71 0 0 0 0 20 554 384 66 0 0 0 0 0 99 591 316 18 0 0 0 
167 785 67 5 0 0 0 0 5 734 266 19 0 0 0 0 0 91 636 292 5 0 0 0 
204 574 237 9 0 0 0 0 27 405 525 67 0 0 0 0 0 43 459 482 40 0 0 0 
100 436 452 36 0 0 0 0 25 371 568 60 0 0 0 0 0 98 575 342 9 0 0 0 
140 721 151 12 0 0 0 0 13 841 159 11 0 0 0 0 0 380 618 26 0 0 0 0 
76 396 362 189 1 0 0 0 44 464 429 87 0 0 0 0 5 409 570 40 0 0 0 0 
11 172 312 528 1 0 0 0 21 188 587 228 0 0 0 0 11 204 763 46 0 0 0 0 
28 161 302 528 5 0 0 0 32 206 573 213 0 0 0 0 41 226 703 54 0 0 0 0 
26 113 284 579 22 0 0 0 51 170 459 344 0 0 0 0 53 250 660 61 0 0 0 0 
7 158 477 370 12 0 0 0 22 280 532 190 0 0 0 0 57 426 513 28 0 0 0 0 
108 434 436 46 0 0 0 0 130 526 362 6 0 0 0 0 156 612 254 2 0 0 0 0 
97 438 418 71 0 0 0 0 115 533 335 41 0 0 0 0 154 616 238 16 0 0 0 0 
138 656 218 12 0 0 0 0 114 724 180 6 0 0 0 0 99 781 142 2 0 0 0 0 
531 443 50 0 0 0 0 0 429 527 68 0 0 0 0 0 319 637 68 0 0 0 0 0 
808 212 4 0 0 0 0 0 617 399 8 0 0 0 0 0 531 482 11 0 0 0 0 0 
814 209 1 0 0 0 0 0 566 448 10 0 0 0 0 0 399 611 14 0 0 0 0 0 
970 54 0 0 0 0 0 0 731 293 0 0 0 0 0 0 447 572 5 0 0 0 0 0 
1024 0 0 0 0 0 0 0 947 77 0 0 0 0 0 0 453 571 0 0 0 0 0 0 
1024 0 0 0 0 0 0 0 854 170 0 0 0 0 0 0 370 651 3 0 0 0 0 0 
82 439 346 154 3 0 0 0 0 192 449 293 90 0 0 0 0 0 164 447 322 91 0 0 
232 647 127 18 0 0 0 0 30 621 329 31 13 0 0 0 10 194 540 252 17 11 0 0 
454 542 24 4 0 0 0 0 140 795 82 7 0 0 0 0 6 481 430 103 4 0 0 0 
297 693 34 0 0 0 0 0 53 939 32 0 0 0 0 0 12 554 439 19 0 0 0 0 
428 588 8 0 0 0 0 0 75 920 29 0 0 0 0 0 12 453 548 11 0 0 0 0 
635 387 2 0 0 0 0 0 309 642 73 0 0 0 0 0 23 489 444 68 0 0 0 0 
536 474 14 0 0 0 0 0 179 716 129 0 0 0 0 0 1 287 584 151 1 0 0 0 
377 595 52 0 0 0 0 0 72 545 401 6 0 0 0 0 1 104 502 401 16 0 0 0 
197 700 127 0 0 0 0 0 20 284 653 67 0 0 0 0 0 15 212 662 135 0 0 0 
253 391 349 31 0 0 0 0 39 272 403 296 14 0 0 0 0 19 261 310 399 35 0 0 
201 418 370 35 0 0 0 0 30 241 377 350 26 0 0 0 0 18 205 313 424 64 0 0 
181 448 343 52 0 0 0 0 10 229 446 329 10 0 0 0 0 4 186 364 441 29 0 0 
226 337 346 111 4 0 0 0 25 347 394 249 9 0 0 0 0 30 382 441 168 3 0 0 
258 494 239 33 0 0 0 0 36 521 377 90 0 0 0 0 0 69 552 350 53 0 0 0 
378 600 46 0 0 0 0 0 69 781 170 4 0 0 0 0 0 187 662 175 0 0 0 0 
151 627 232 14 0 0 0 0 4 463 517 40 0 0 0 0 0 26 579 412 7 0 0 0 
285 494 233 12 0 0 0 0 58 481 454 31 0 0 0 0 0 74 645 301 4 0 0 0 
267 657 99 1 0 0 0 0 86 741 195 2 0 0 0 0 4 428 533 59 0 0 0 0 
169 360 302 193 0 0 0 0 103 421 415 85 0 0 0 0 4 343 638 39 0 0 0 0 
0 87 415 522 0 0 0 0 1 111 747 165 0 0 0 0 2 122 844 56 0 0 0 0 
5 114 357 542 6 0 0 0 8 153 653 210 0 0 0 0 25 262 702 35 0 0 0 0 
30 138 293 524 39 0 0 0 33 179 532 278 2 0 0 0 28 276 648 72 0 0 0 0 
110 205 389 312 8 0 0 0 61 290 519 153 1 0 0 0 37 477 476 34 0 0 0 0 
219 376 333 90 6 0 0 0 203 438 315 67 1 0 0 0 227 482 273 42 0 0 0 0 
175 438 336 70 5 0 0 0 125 520 324 53 2 0 0 0 149 588 263 24 0 0 0 0 
218 551 193 56 6 0 0 0 130 631 204 56 3 0 0 0 134 688 169 33 0 0 0 0 
441 516 60 7 0 0 0 0 236 679 100 9 0 0 0 0 167 749 100 8 0 0 0 0 
822 193 9 0 0 0 0 0 511 493 18 2 0 0 0 0 268 726 28 2 0 0 0 0 
794 221 9 0 0 0 0 0 384 604 36 0 0 0 0 0 220 773 31 0 0 0 0 0 
917 107 0 0 0 0 0 0 712 308 4 0 0 0 0 0 143 872 9 0 0 0 0 0 
1024 0 0 0 0 0 0 0 997 27 0 0 0 0 0 0 117 907 0 0 0 0 0 0 
1024 0 0 0 0 0 0 0 854 170 0 0 0 0 0 0 106 918 0 0 0 0 0 0 
121 439 328 133 3 0 0 0 15 323 314 303 69 0 0 0 3 55 320 291 271 84 0 0 
424 532 68 0 0 0 0 0 83 744 181 16 0 0 0 0 3 309 587 123 2 0 0 0 
596 411 17 0 0 0 0 0 237 730 55 2 0 0 0 0 27 545 404 48 0 0 0 0 
396 613 15 0 0 0 0 0 72 932 20 0 0 0 0 0 14 547 420 43 0 0 0 0 
408 614 2 0 0 0 0 0 124 883 17 0 0 0 0 0 16 738 260 10 0 0 0 0 
643 380 1 0 0 0 0 0 279 701 44 0 0 0 0 0 28 540 381 75 0 0 0 0 
662 353 9 0 0 0 0 0 309 578 137 0 0 0 0 0 23 418 386 197 0 0 0 0 
496 478 50 0 0 0 0 0 125 553 345 1 0 0 0 0 17 145 426 428 8 0 0 0 
246 692 86 0 0 0 0 0 7 370 595 52 0 0 0 0 0 19 222 688 95 0 0 0 
286 406 313 19 0 0 0 0 2 357 376 281 8 0 0 0 0 0 298 379 328 19 0 0 
126 505 365 28 0 0 0 0 0 158 501 347 18 0 0 0 0 0 80 442 461 41 0 0 
180 444 347 53 0 0 0 0 0 249 418 335 22 0 0 0 0 3 182 419 375 45 0 0 
180 461 354 29 0 0 0 0 2 336 496 190 0 0 0 0 0 6 320 495 199 4 0 0 
284 441 236 63 0 0 0 0 12 538 391 83 0 0 0 0 0 74 562 373 15 0 0 0 
500 506 18 0 0 0 0 0 63 731 227 3 0 0 0 0 0 170 623 229 2 0 0 0 
491 486 46 1 0 0 0 0 105 605 310 4 0 0 0 0 0 228 492 299 5 0 0 0 
428 483 104 9 0 0 0 0 115 641 246 20 2 0 0 0 10 238 633 130 13 0 0 0 
496 460 65 3 0 0 0 0 35 837 145 7 0 0 0 0 6 278 707 33 0 0 0 0 
335 554 130 5 0 0 0 0 77 752 189 6 0 0 0 0 4 418 590 12 0 0 0 0 
40 215 469 300 0 0 0 0 7 235 634 148 0 0 0 0 1 225 745 53 0 0 0 0 
214 282 388 140 0 0 0 0 103 326 523 72 0 0 0 0 2 278 701 43 0 0 0 0 
175 265 453 131 0 0 0 0 43 350 525 106 0 0 0 0 14 349 594 67 0 0 0 0 
111 346 353 205 9 0 0 0 61 402 415 146 0 0 0 0 46 504 421 53 0 0 0 0 
136 489 315 84 0 0 0 0 38 533 373 80 0 0 0 0 38 612 336 38 0 0 0 0 
253 569 199 3 0 0 0 0 47 694 276 7 0 0 0 0 28 733 259 4 0 0 0 0 
542 355 118 9 0 0 0 0 106 739 159 20 0 0 0 0 51 778 182 13 0 0 0 0 
546 436 38 4 0 0 0 0 157 757 105 5 0 0 0 0 124 772 125 3 0 0 0 0 
703 318 3 0 0 0 0 0 136 851 37 0 0 0 0 0 83 876 65 0 0 0 0 0 
690 331 3 0 0 0 0 0 192 791 40 1 0 0 0 0 101 878 44 1 0 0 0 0 
937 87 0 0 0 0 0 0 291 730 3 0 0 0 0 0 114 901 9 0 0 0 0 0 
1022 2 0 0 0 0 0 0 755 269 0 0 0 0 0 0 122 891 11 0 0 0 0 0 
1024 0 0 0 0 0 0 0 765 259 0 0 0 0 0 0 158 861 5 0 0 0 0 0 
105 436 379 104 0 0 0 0 1 227 409 297 90 0 0 0 0 33 181 386 369 55 0 0 
488 306 167 63 0 0 0 0 282 391 184 139 28 0 0 0 0 453 275 167 115 14 0 0 
736 281 7 0 0 0 0 0 361 636 27 0 0 0 0 0 63 607 308 46 0 0 0 0 
516 458 50 0 0 0 0 0 89 889 46 0 0 0 0 0 11 525 488 0 0 0 0 0 
761 260 3 0 0 0 0 0 332 684 8 0 0 0 0 0 20 805 199 0 0 0 0 0 
764 260 0 0 0 0 0 0 428 588 8 0 0 0 0 0 20 619 331 54 0 0 0 0 
733 281 10 0 0 0 0 0 454 448 122 0 0 0 0 0 12 558 328 126 0 0 0 0 
567 384 73 0 0 0 0 0 170 541 301 12 0 0 0 0 0 263 424 303 34 0 0 0 
491 493 40 0 0 0 0 0 99 572 333 20 0 0 0 0 0 143 441 420 20 0 0 0 
377 491 156 0 0 0 0 0 34 421 431 138 0 0 0 0 0 32 348 382 261 1 0 0 
328 340 329 27 0 0 0 0 0 348 336 315 25 0 0 0 0 0 309 285 368 62 0 0 
389 446 176 13 0 0 0 0 0 500 372 144 8 0 0 0 0 0 392 477 146 9 0 0 
489 396 127 12 0 0 0 0 164 434 332 94 0 0 0 0 0 209 391 339 85 0 0 0 
666 342 14 2 0 0 0 0 188 674 155 7 0 0 0 0 0 478 463 79 4 0 0 0 
559 456 9 0 0 0 0 0 31 833 158 2 0 0 0 0 1 141 696 186 0 0 0 0 
484 450 90 0 0 0 0 0 59 585 373 7 0 0 0 0 0 175 668 181 0 0 0 0 
409 476 119 19 1 0 0 0 25 652 316 29 2 0 0 0 3 149 707 160 5 0 0 0 
356 516 133 19 0 0 0 0 34 675 286 29 0 0 0 0 4 304 620 96 0 0 0 0 
376 375 196 77 0 0 0 0 78 587 306 53 0 0 0 0 10 378 596 40 0 0 0 0 
128 272 367 256 1 0 0 0 4 323 518 179 0 0 0 0 0 164 844 16 0 0 0 0 
299 264 355 106 0 0 0 0 35 454 444 91 0 0 0 0 2 414 600 8 0 0 0 0 
188 273 319 235 9 0 0 0 20 420 385 193 6 0 0 0 2 435 551 36 0 0 0 0 
117 353 304 242 8 0 0 0 34 422 366 202 0 0 0 0 37 492 443 52 0 0 0 0 
217 440 292 74 1 0 0 0 32 559 381 52 0 0 0 0 29 657 322 16 0 0 0 0 
166 496 301 57 4 0 0 0 16 598 348 62 0 0 0 0 42 635 305 42 0 0 0 0 
278 521 204 21 0 0 0 0 57 652 292 23 0 0 0 0 60 695 252 17 0 0 0 0 
499 454 66 5 0 0 0 0 138 749 127 10 0 0 0 0 72 825 117 10 0 0 0 0 
747 273 4 0 0 0 0 0 103 890 31 0 0 0 0 0 57 898 69 0 0 0 0 0 
692 325 7 0 0 0 0 0 119 848 57 0 0 0 0 0 54 890 80 0 0 0 0 0 
724 300 0 0 0 0 0 0 187 820 17 0 0 0 0 0 74 905 44 1 0 0 0 0 
1023 1 0 0 0 0 0 0 620 404 0 0 0 0 0 0 78 943 3 0 0 0 0 0 
1024 0 0 0 0 0 0 0 652 372 0 0 0 0 0 0 218 786 20 0 0 0 0 0 
404 395 220 5 0 0 0 0 26 522 289 187 0 0 0 0 0 94 480 259 188 3 0 0 
631 369 24 0 0 0 0 0 94 782 147 1 0 0 0 0 0 298 605 118 3 0 0 0 
732 292 0 0 0 0 0 0 192 796 36 0 0 0 0 0 10 421 522 71 0 0 0 0 
690 328 6 0 0 0 0 0 134 866 24 0 0 0 0 0 9 645 303 67 0 0 0 0 
629 394 1 0 0 0 0 0 110 906 8 0 0 0 0 0 4 718 291 11 0 0 0 0 
846 178 0 0 0 0 0 0 313 704 7 0 0 0 0 0 25 643 346 10 0 0 0 0 
669 352 3 0 0 0 0 0 282 579 163 0 0 0 0 0 1 416 355 252 0 0 0 0 
474 549 1 0 0 0 0 0 23 630 370 1 0 0 0 0 0 71 547 383 23 0 0 0 
430 543 51 0 0 0 0 0 9 493 468 54 0 0 0 0 0 19 377 571 56 1 0 0 
200 549 275 0 0 0 0 0 0 242 476 306 0 0 0 0 0 0 151 531 340 2 0 0 
260 605 159 0 0 0 0 0 0 267 515 242 0 0 0 0 0 0 198 497 329 0 0 0 
287 502 228 7 0 0 0 0 0 271 488 263 2 0 0 0 0 0 239 478 305 2 0 0 
569 317 116 22 0 0 0 0 1 650 290 83 0 0 0 0 0 43 630 293 58 0 0 0 
554 230 105 126 9 0 0 0 14 597 291 121 1 0 0 0 2 104 632 285 1 0 0 0 
817 187 19 1 0 0 0 0 161 746 110 7 0 0 0 0 2 442 506 72 2 0 0 0 
731 270 23 0 0 0 0 0 61 806 156 1 0 0 0 0 0 267 702 55 0 0 0 0 
345 445 192 38 4 0 0 0 13 508 442 55 6 0 0 0 4 225 573 218 4 0 0 0 
487 419 109 9 0 0 0 0 30 683 270 41 0 0 0 0 0 357 562 102 3 0 0 0 
225 413 297 87 2 0 0 0 1 529 422 72 0 0 0 0 0 305 658 61 0 0 0 0 
60 318 462 184 0 0 0 0 0 295 663 66 0 0 0 0 1 226 765 32 0 0 0 0 
0 86 752 186 0 0 0 0 0 113 844 67 0 0 0 0 6 274 738 6 0 0 0 0 
33 239 486 265 1 0 0 0 17 285 562 160 0 0 0 0 32 394 542 56 0 0 0 0 
103 276 414 226 5 0 0 0 51 356 527 90 0 0 0 0 62 459 490 13 0 0 0 0 
133 416 419 55 1 0 0 0 66 467 448 43 0 0 0 0 90 577 347 10 0 0 0 0 
314 439 223 48 0 0 0 0 134 578 275 37 0 0 0 0 133 629 259 3 0 0 0 0 
554 382 84 4 0 0 0 0 258 628 127 11 0 0 0 0 142 730 143 9 0 0 0 0 
623 363 35 3 0 0 0 0 207 716 97 4 0 0 0 0 117 804 100 3 0 0 0 0 
907 113 4 0 0 0 0 0 296 720 8 0 0 0 0 0 118 871 35 0 0 0 0 0 
810 214 0 0 0 0 0 0 204 818 2 0 0 0 0 0 89 916 19 0 0 0 0 0 
741 269 13 1 0 0 0 0 247 727 48 2 0 0 0 0 98 856 68 2 0 0 0 0 
1014 10 0 0 0 0 0 0 418 605 1 0 0 0 0 0 32 938 54 0 0 0 0 0 
1024 0 0 0 0 0 0 0 587 437 0 0 0 0 0 0 151 851 22 0 0 0 0 0 
