0 0 0 0 512 512 0 0 0 0 0 0 0 1015 9 0 0 0 0 0 0 0 0 1024 
0 0 0 0 625 399 0 0 0 0 0 0 0 1024 0 0 0 0 0 0 0 0 0 1024 
0 0 0 0 524 500 0 0 0 0 0 0 0 1024 0 0 0 0 0 0 0 0 0 1024 
0 0 0 0 655 369 0 0 0 0 0 0 0 1012 12 0 0 0 0 0 0 0 0 1024 
0 0 0 0 820 204 0 0 0 0 0 0 0 999 25 0 0 0 0 0 0 0 0 1024 
0 0 0 0 757 267 0 0 0 0 0 0 0 1017 7 0 0 0 0 0 0 0 0 1024 
0 0 0 0 724 300 0 0 0 0 0 0 0 1024 0 0 0 0 0 0 0 0 0 1024 
0 0 0 0 879 145 0 0 0 0 0 0 0 1011 13 0 0 0 0 0 0 0 0 1024 
0 0 0 0 798 226 0 0 0 0 0 0 0 1013 11 0 0 0 0 0 0 0 0 1024 
0 0 0 0 851 173 0 0 0 0 0 0 0 1007 17 0 0 0 0 0 0 0 0 1024 
0 0 0 0 681 343 0 0 0 0 0 0 0 1015 9 0 0 0 0 0 0 0 0 1024 
0 0 0 0 749 275 0 0 0 0 0 0 0 1003 21 0 0 0 0 0 0 0 0 1024 
0 0 0 0 717 307 0 0 0 0 0 0 0 990 34 0 0 0 0 0 0 0 0 1024 
0 0 0 0 850 174 0 0 0 0 0 0 0 991 33 0 0 0 0 0 0 0 0 1024 
0 0 0 0 883 141 0 0 0 0 0 0 0 991 33 0 0 0 0 0 0 0 0 1024 
0 0 0 0 904 120 0 0 0 0 0 0 0 928 96 0 0 0 0 0 0 0 0 1024 
0 0 0 0 878 146 0 0 0 0 0 0 0 997 27 0 0 0 0 0 0 0 0 1024 
0 0 0 0 905 119 0 0 0 0 0 0 0 995 29 0 0 0 0 0 0 0 0 1024 
0 0 0 0 961 63 0 0 0 0 0 0 0 1023 1 0 0 0 0 0 0 0 0 1024 
0 0 0 0 973 51 0 0 0 0 0 0 0 998 26 0 0 0 0 0 0 0 0 1024 
0 0 0 0 986 38 0 0 0 0 0 0 0 1022 2 0 0 0 0 0 0 0 0 1024 
0 0 0 0 997 27 0 0 0 0 0 0 0 1021 3 0 0 0 0 0 0 0 0 1024 
0 0 0 0 1019 5 0 0 0 0 0 0 0 1024 0 0 0 0 0 0 0 0 0 1024 
0 0 0 0 1024 0 0 0 0 0 0 0 0 1024 0 0 0 0 0 0 0 0 0 1024 
0 0 0 0 1016 8 0 0 0 0 0 0 0 1022 2 0 0 0 0 0 0 0 0 1024 
0 0 0 0 1020 4 0 0 0 0 0 0 0 1024 0 0 0 0 0 0 0 0 0 1024 
0 0 0 0 1019 5 0 0 0 0 0 0 0 1024 0 0 0 0 0 0 0 0 0 1024 
0 0 0 0 1024 0 0 0 0 0 0 0 0 1024 0 0 0 0 0 0 0 0 0 1024 
0 0 0 0 1024 0 0 0 0 0 0 0 0 1024 0 0 0 0 0 0 0 0 0 1024 
0 0 0 0 1024 0 0 0 0 0 0 0 0 1024 0 0 0 0 0 0 0 0 0 1024 
0 0 0 0 1024 0 0 0 0 0 0 0 0 1024 0 0 0 0 0 0 0 0 0 1024 
0 0 0 0 1024 0 0 0 0 0 0 0 0 1024 0 0 0 0 0 0 0 0 0 1024 
0 0 0 0 1024 0 0 0 0 0 0 0 0 1024 0 0 0 0 0 0 0 0 0 1024 
0 0 0 0 1024 0 0 0 0 0 0 0 0 1024 0 0 0 0 0 0 0 0 0 1024 
0 0 0 0 1024 0 0 0 0 0 0 0 0 1024 0 0 0 0 0 0 0 0 0 1024 
0 0 0 0 1024 0 0 0 0 0 0 0 0 1024 0 0 0 0 0 0 0 0 0 1024 
0 0 0 0 1024 0 0 0 0 0 0 0 0 1024 0 0 0 0 0 0 0 0 0 1024 
0 0 0 0 1024 0 0 0 0 0 0 0 0 1024 0 0 0 0 0 0 0 0 0 1024 
0 0 0 0 1024 0 0 0 0 0 0 0 0 1024 0 0 0 0 0 0 0 0 0 1024 
0 0 0 0 1024 0 0 0 0 0 0 0 0 1024 0 0 0 0 0 0 0 0 0 1024 
0 0 0 0 1024 0 0 0 0 0 0 0 0 1024 0 0 0 0 0 0 0 0 0 1024 
0 0 0 0 1024 0 0 0 0 0 0 0 0 1024 0 0 0 0 0 0 0 0 0 1024 
0 0 0 0 1024 0 0 0 0 0 0 0 0 1024 0 0 0 0 0 0 0 0 0 1024 
0 0 0 0 1024 0 0 0 0 0 0 0 0 1024 0 0 0 0 0 0 0 0 0 1024 
0 0 0 0 1024 0 0 0 0 0 0 0 0 1024 0 0 0 0 0 0 0 0 0 1024 
0 0 0 0 1024 0 0 0 0 0 0 0 0 1024 0 0 0 0 0 0 0 0 0 1024 
0 0 0 0 1024 0 0 0 0 0 0 0 0 1024 0 0 0 0 0 0 0 0 0 1024 
0 0 0 0 1024 0 0 0 0 0 0 0 0 1024 0 0 0 0 0 0 0 0 0 1024 
0 0 0 0 1024 0 0 0 0 0 0 0 0 1024 0 0 0 0 0 0 0 0 0 1024 
0 0 0 0 1024 0 0 0 0 0 0 0 0 1024 0 0 0 0 0 0 0 0 0 1024 
0 0 0 0 334 690 0 0 0 0 0 0 0 1021 3 0 0 0 0 0 0 0 0 1024 
0 0 0 0 384 640 0 0 0 0 0 0 0 1022 2 0 0 0 0 0 0 0 0 1024 
0 0 0 0 388 636 0 0 0 0 0 0 0 1018 6 0 0 0 0 0 0 0 0 1024 
0 0 0 0 660 364 0 0 0 0 0 0 0 981 43 0 0 0 0 0 0 0 0 1024 
0 0 0 0 609 415 0 0 0 0 0 0 0 990 34 0 0 0 0 0 0 0 0 1024 
0 0 0 0 543 481 0 0 0 0 0 0 0 1017 7 0 0 0 0 0 0 0 0 1024 
0 0 0 0 794 230 0 0 0 0 0 0 0 988 36 0 0 0 0 0 0 0 0 1024 
0 0 0 0 762 262 0 0 0 0 0 0 0 996 28 0 0 0 0 0 0 0 0 1024 
0 0 0 0 602 422 0 0 0 0 0 0 0 986 38 0 0 0 0 0 0 0 0 1024 
0 0 0 0 631 393 0 0 0 0 0 0 0 938 86 0 0 0 0 0 0 0 0 1024 
0 0 0 0 643 381 0 0 0 0 0 0 0 965 59 0 0 0 0 0 0 0 0 1024 
0 0 0 0 702 322 0 0 0 0 0 0 0 953 71 0 0 0 0 0 0 0 0 1024 
0 0 0 0 602 422 0 0 0 0 0 0 0 949 75 0 0 0 0 0 0 0 0 1024 
0 0 0 0 541 483 0 0 0 0 0 0 0 967 57 0 0 0 0 0 0 0 0 1024 
0 0 0 0 748 276 0 0 0 0 0 0 0 922 102 0 0 0 0 0 0 0 0 1024 
0 0 0 0 741 283 0 0 0 0 0 0 0 942 82 0 0 0 0 0 0 0 0 1024 
0 0 0 0 772 252 0 0 0 0 0 0 0 961 63 0 0 0 0 0 0 0 0 1024 
0 0 0 0 818 206 0 0 0 0 0 0 0 972 52 0 0 0 0 0 0 0 0 1024 
0 0 0 0 902 122 0 0 0 0 0 0 0 872 152 0 0 0 0 0 0 0 0 1024 
0 0 0 0 985 39 0 0 0 0 0 0 0 905 119 0 0 0 0 0 0 0 0 1024 
0 0 0 0 933 91 0 0 0 0 0 0 0 974 50 0 0 0 0 0 0 0 0 1024 
0 0 0 0 921 103 0 0 0 0 0 0 0 1008 16 0 0 0 0 0 0 0 0 1024 
0 0 0 0 947 77 0 0 0 0 0 0 0 1019 5 0 0 0 0 0 0 0 0 1024 
0 0 0 0 962 62 0 0 0 0 0 0 0 1014 10 0 0 0 0 0 0 0 0 1024 
0 0 0 0 973 51 0 0 0 0 0 0 0 1023 1 0 0 0 0 0 0 0 0 1024 
0 0 0 0 1011 13 0 0 0 0 0 0 0 1022 2 0 0 0 0 0 0 0 0 1024 
0 0 0 0 1017 7 0 0 0 0 0 0 0 1024 0 0 0 0 0 0 0 0 0 1024 
0 0 0 0 999 25 0 0 0 0 0 0 0 1022 2 0 0 0 0 0 0 0 0 1024 
0 0 0 0 1020 4 0 0 0 0 0 0 0 1024 0 0 0 0 0 0 0 0 0 1024 
0 0 0 0 1022 2 0 0 0 0 0 0 0 1024 0 0 0 0 0 0 0 0 0 1024 
0 0 0 0 1024 0 0 0 0 0 0 0 0 1024 0 0 0 0 0 0 0 0 0 1024 
0 0 0 0 1024 0 0 0 0 0 0 0 0 1024 0 0 0 0 0 0 0 0 0 1024 
0 0 0 0 1024 0 0 0 0 0 0 0 0 1024 0 0 0 0 0 0 0 0 0 1024 
0 0 0 0 1024 0 0 0 0 0 0 0 0 1024 0 0 0 0 0 0 0 0 0 1024 
0 0 0 0 1024 0 0 0 0 0 0 0 0 1024 0 0 0 0 0 0 0 0 0 1024 
0 0 0 0 1024 0 0 0 0 0 0 0 0 1024 0 0 0 0 0 0 0 0 0 1024 
0 0 0 0 1024 0 0 0 0 0 0 0 0 1024 0 0 0 0 0 0 0 0 0 1024 
0 0 0 0 1024 0 0 0 0 0 0 0 0 1024 0 0 0 0 0 0 0 0 0 1024 
0 0 0 0 1024 0 0 0 0 0 0 0 0 1024 0 0 0 0 0 0 0 0 0 1024 
0 0 0 0 1024 0 0 0 0 0 0 0 0 1024 0 0 0 0 0 0 0 0 0 1024 
0 0 0 0 1024 0 0 0 0 0 0 0 0 1024 0 0 0 0 0 0 0 0 0 1024 
0 0 0 0 1024 0 0 0 0 0 0 0 0 1024 0 0 0 0 0 0 0 0 0 1024 
0 0 0 0 1024 0 0 0 0 0 0 0 0 1024 0 0 0 0 0 0 0 0 0 1024 
0 0 0 0 1024 0 0 0 0 0 0 0 0 1024 0 0 0 0 0 0 0 0 0 1024 
0 0 0 0 1024 0 0 0 0 0 0 0 0 1024 0 0 0 0 0 0 0 0 0 1024 
0 0 0 0 1024 0 0 0 0 0 0 0 0 1024 0 0 0 0 0 0 0 0 0 1024 
0 0 0 0 1024 0 0 0 0 0 0 0 0 1024 0 0 0 0 0 0 0 0 0 1024 
0 0 0 0 1024 0 0 0 0 0 0 0 0 1024 0 0 0 0 0 0 0 0 0 1024 
0 0 0 0 1024 0 0 0 0 0 0 0 0 1024 0 0 0 0 0 0 0 0 0 1024 
0 0 0 0 1024 0 0 0 0 0 0 0 0 1024 0 0 0 0 0 0 0 0 0 1024 
0 0 0 0 336 688 0 0 0 0 0 0 0 948 76 0 0 0 0 0 0 0 0 1024 
0 0 0 0 124 900 0 0 0 0 0 0 0 997 27 0 0 0 0 0 0 0 0 1024 
0 0 0 0 129 895 0 0 0 0 0 0 0 1006 18 0 0 0 0 0 0 0 0 1024 
0 0 0 0 244 780 0 0 0 0 0 0 0 1007 17 0 0 0 0 0 0 0 0 1024 
0 0 0 0 219 805 0 0 0 0 0 0 0 973 51 0 0 0 0 0 0 0 0 1024 
0 0 0 0 367 657 0 0 0 0 0 0 0 929 95 0 0 0 0 0 0 0 0 1024 
0 0 0 0 529 495 0 0 0 0 0 0 0 886 138 0 0 0 0 0 0 0 0 1024 
0 0 0 0 519 505 0 0 0 0 0 0 0 875 149 0 0 0 0 0 0 0 0 1024 
0 0 0 0 483 541 0 0 0 0 0 0 0 908 116 0 0 0 0 0 0 0 0 1024 
0 0 0 0 343 681 0 0 0 0 0 0 0 881 143 0 0 0 0 0 0 0 0 1024 
0 0 0 0 362 662 0 0 0 0 0 0 0 895 129 0 0 0 0 0 0 0 0 1024 
0 0 0 0 455 569 0 0 0 0 0 0 0 756 268 0 0 0 0 0 0 0 0 1024 
0 0 0 0 468 556 0 0 0 0 0 0 0 769 255 0 0 0 0 0 0 0 0 1024 
0 0 0 0 370 654 0 0 0 0 0 0 0 862 162 0 0 0 0 0 0 0 0 1024 
0 0 0 0 336 688 0 0 0 0 0 0 0 745 279 0 0 0 0 0 0 0 0 1024 
0 0 0 0 479 545 0 0 0 0 0 0 0 814 210 0 0 0 0 0 0 0 0 1024 
0 0 0 0 397 627 0 0 0 0 0 0 0 856 168 0 0 0 0 0 0 0 0 1024 
0 0 0 0 657 367 0 0 0 0 0 0 0 818 206 0 0 0 0 0 0 0 0 1024 
0 0 0 0 627 397 0 0 0 0 0 0 0 850 174 0 0 0 0 0 0 0 0 1024 
0 0 0 0 566 458 0 0 0 0 0 0 0 908 116 0 0 0 0 0 0 0 0 1024 
0 0 0 0 763 261 0 0 0 0 0 0 0 831 193 0 0 0 0 0 0 0 0 1024 
0 0 0 0 767 257 0 0 0 0 0 0 0 964 60 0 0 0 0 0 0 0 0 1024 
0 0 0 0 786 238 0 0 0 0 0 0 0 942 82 0 0 0 0 0 0 0 0 1024 
0 0 0 0 811 213 0 0 0 0 0 0 0 975 49 0 0 0 0 0 0 0 0 1024 
0 0 0 0 835 189 0 0 0 0 0 0 0 1002 22 0 0 0 0 0 0 0 0 1024 
0 0 0 0 865 159 0 0 0 0 0 0 0 1018 6 0 0 0 0 0 0 0 0 1024 
0 0 0 0 938 86 0 0 0 0 0 0 0 1017 7 0 0 0 0 0 0 0 0 1024 
0 0 0 0 998 26 0 0 0 0 0 0 0 1022 2 0 0 0 0 0 0 0 0 1024 
0 0 0 0 1016 8 0 0 0 0 0 0 0 1022 2 0 0 0 0 0 0 0 0 1024 
0 0 0 0 1024 0 0 0 0 0 0 0 0 1024 0 0 0 0 0 0 0 0 0 1024 
0 0 0 0 1024 0 0 0 0 0 0 0 0 1024 0 0 0 0 0 0 0 0 0 1024 
0 0 0 0 1022 2 0 0 0 0 0 0 0 1024 0 0 0 0 0 0 0 0 0 1024 
0 0 0 0 1024 0 0 0 0 0 0 0 0 1024 0 0 0 0 0 0 0 0 0 1024 
0 0 0 0 1024 0 0 0 0 0 0 0 0 1024 0 0 0 0 0 0 0 0 0 1024 
0 0 0 0 1024 0 0 0 0 0 0 0 0 1024 0 0 0 0 0 0 0 0 0 1024 
0 0 0 0 1024 0 0 0 0 0 0 0 0 1024 0 0 0 0 0 0 0 0 0 1024 
0 0 0 0 1024 0 0 0 0 0 0 0 0 1024 0 0 0 0 0 0 0 0 0 1024 
0 0 0 0 1024 0 0 0 0 0 0 0 0 1024 0 0 0 0 0 0 0 0 0 1024 
0 0 0 0 1024 0 0 0 0 0 0 0 0 1024 0 0 0 0 0 0 0 0 0 1024 
0 0 0 0 1024 0 0 0 0 0 0 0 0 1024 0 0 0 0 0 0 0 0 0 1024 
0 0 0 0 1024 0 0 0 0 0 0 0 0 1024 0 0 0 0 0 0 0 0 0 1024 
0 0 0 0 1024 0 0 0 0 0 0 0 0 1024 0 0 0 0 0 0 0 0 0 1024 
0 0 0 0 1024 0 0 0 0 0 0 0 0 1024 0 0 0 0 0 0 0 0 0 1024 
0 0 0 0 1024 0 0 0 0 0 0 0 0 1024 0 0 0 0 0 0 0 0 0 1024 
0 0 0 0 1024 0 0 0 0 0 0 0 0 1024 0 0 0 0 0 0 0 0 0 1024 
0 0 0 0 1024 0 0 0 0 0 0 0 0 1024 0 0 0 0 0 0 0 0 0 1024 
0 0 0 0 1024 0 0 0 0 0 0 0 0 1024 0 0 0 0 0 0 0 0 0 1024 
0 0 0 0 1024 0 0 0 0 0 0 0 0 1024 0 0 0 0 0 0 0 0 0 1024 
0 0 0 0 1024 0 0 0 0 0 0 0 0 1024 0 0 0 0 0 0 0 0 0 1024 
0 0 0 0 1024 0 0 0 0 0 0 0 0 1024 0 0 0 0 0 0 0 0 0 1024 
0 0 0 0 49 975 0 0 0 0 0 0 0 936 88 0 0 0 0 0 0 0 0 1024 
0 0 0 0 98 926 0 0 0 0 0 0 0 732 292 0 0 0 0 0 0 0 0 1024 
0 0 0 0 29 995 0 0 0 0 0 0 0 852 172 0 0 0 0 0 0 0 0 1024 
0 0 0 0 77 947 0 0 0 0 0 0 4 748 272 0 0 0 0 0 0 3 6 1015 
0 0 28 55 158 765 18 0 0 2 61 57 133 628 143 0 0 2 61 59 110 50 28 714 
0 8 139 171 190 495 21 0 0 57 232 89 121 434 91 0 0 67 211 101 111 44 30 460 
2 23 316 258 213 207 5 0 2 137 382 169 112 135 87 0 6 177 352 172 89 22 18 188 
0 84 532 84 123 201 0 0 0 459 201 64 27 178 95 0 0 428 232 60 16 16 23 249 
1 35 392 98 123 350 25 0 1 194 304 38 62 347 78 0 0 191 300 35 75 53 19 351 
0 0 6 4 250 725 39 0 0 2 8 3 19 684 308 0 0 3 3 5 26 74 33 880 
0 0 0 0 184 840 0 0 0 0 0 0 0 563 461 0 0 0 0 0 0 0 0 1024 
0 0 0 0 281 743 0 0 0 0 0 0 0 528 496 0 0 0 0 0 0 0 0 1024 
0 0 0 0 170 854 0 0 0 0 0 0 0 554 470 0 0 0 0 0 0 0 0 1024 
0 0 0 0 276 748 0 0 0 0 0 0 0 463 561 0 0 0 0 0 0 0 0 1024 
0 0 0 0 273 751 0 0 0 0 0 0 0 499 525 0 0 0 0 0 0 0 0 1024 
0 0 0 0 157 867 0 0 0 0 0 0 0 491 533 0 0 0 0 0 0 0 0 1024 
0 0 0 0 153 871 0 0 0 0 0 0 0 537 487 0 0 0 0 0 0 0 0 1024 
0 0 0 0 161 863 0 0 0 0 0 0 0 528 496 0 0 0 0 0 0 0 0 1024 
0 0 0 0 338 686 0 0 0 0 0 0 0 309 715 0 0 0 0 0 0 0 0 1024 
0 0 0 0 217 807 0 0 0 0 0 0 0 615 409 0 0 0 0 0 0 0 0 1024 
0 0 0 0 346 678 0 0 0 0 0 0 0 616 408 0 0 0 0 0 0 0 0 1024 
0 0 0 0 260 764 0 0 0 0 0 0 0 735 289 0 0 0 0 0 0 0 0 1024 
0 0 0 0 538 486 0 0 0 0 0 0 0 558 466 0 0 0 0 0 0 0 0 1024 
0 0 0 0 412 612 0 0 0 0 0 0 0 853 171 0 0 0 0 0 0 0 0 1024 
0 0 0 0 544 480 0 0 0 0 0 0 0 814 210 0 0 0 0 0 0 0 0 1024 
0 0 0 0 690 334 0 0 0 0 0 0 0 919 105 0 0 0 0 0 0 0 0 1024 
0 0 0 0 786 238 0 0 0 0 0 0 0 954 70 0 0 0 0 0 0 0 0 1024 
0 0 0 0 875 149 0 0 0 0 0 0 0 979 45 0 0 0 0 0 0 0 0 1024 
0 0 0 0 961 63 0 0 0 0 0 0 0 1013 11 0 0 0 0 0 0 0 0 1024 
0 0 0 0 1009 15 0 0 0 0 0 0 0 1010 14 0 0 0 0 0 0 0 0 1024 
0 0 0 0 1011 13 0 0 0 0 0 0 0 1023 1 0 0 0 0 0 0 0 0 1024 
0 0 0 0 1024 0 0 0 0 0 0 0 0 1024 0 0 0 0 0 0 0 0 0 1024 
0 0 0 0 1023 1 0 0 0 0 0 0 0 1024 0 0 0 0 0 0 0 0 0 1024 
0 0 0 0 1024 0 0 0 0 0 0 0 0 1024 0 0 0 0 0 0 0 0 0 1024 
0 0 0 0 1024 0 0 0 0 0 0 0 0 1024 0 0 0 0 0 0 0 0 0 1024 
0 0 0 0 1022 2 0 0 0 0 0 0 0 1023 1 0 0 0 0 0 0 0 0 1024 
0 0 0 0 1023 1 0 0 0 0 0 0 0 1024 0 0 0 0 0 0 0 0 0 1024 
0 0 0 0 1024 0 0 0 0 0 0 0 0 1024 0 0 0 0 0 0 0 0 0 1024 
0 0 0 0 1024 0 0 0 0 0 0 0 0 1024 0 0 0 0 0 0 0 0 0 1024 
0 0 19 294 562 114 34 1 0 6 309 86 43 536 44 0 0 35 286 68 41 15 27 552 
0 0 284 280 377 70 11 2 0 68 467 41 17 408 21 2 0 108 417 41 16 15 18 409 
0 0 270 242 362 119 31 0 0 98 390 45 28 437 26 0 0 144 349 42 22 29 42 396 
0 5 113 112 711 68 13 2 0 64 154 14 9 761 20 2 2 125 80 21 3 13 32 748 
0 3 205 85 637 53 33 8 3 100 184 14 8 669 44 2 5 146 130 15 8 14 22 684 
0 7 261 81 616 46 13 0 1 123 204 20 11 646 14 5 7 159 148 28 8 11 16 647 
0 1 44 93 811 37 24 14 0 5 96 37 11 828 25 22 0 2 84 45 10 11 24 848 
0 9 101 30 761 54 55 14 0 54 72 19 17 790 58 14 0 71 57 14 16 15 30 821 
0 3 118 84 504 116 159 40 0 45 139 58 61 543 163 15 0 48 144 56 61 76 128 511 
1 130 264 114 306 147 60 2 5 249 194 122 146 268 40 0 14 235 203 132 139 73 44 184 
0 147 224 170 262 176 45 0 9 248 204 150 166 210 37 0 20 233 206 165 166 42 32 160 
0 0 0 0 9 1015 0 0 0 0 0 0 0 203 821 0 0 0 0 0 0 0 0 1024 
0 0 0 0 2 1022 0 0 0 0 0 0 0 482 542 0 0 0 0 0 0 0 0 1024 
0 6 12 28 96 880 2 0 0 3 25 39 37 324 596 0 0 0 13 41 28 15 11 916 
0 4 495 63 154 288 20 0 3 312 222 80 136 185 86 0 1 290 245 79 112 74 25 198 
0 187 784 32 9 10 2 0 2 802 192 10 13 5 0 0 3 813 181 10 12 5 0 0 
8 500 513 3 0 0 0 0 28 890 106 0 0 0 0 0 47 909 68 0 0 0 0 0 
0 142 797 85 0 0 0 0 0 555 468 1 0 0 0 0 0 679 344 1 0 0 0 0 
0 23 448 255 131 96 71 0 0 189 452 170 107 104 2 0 0 246 417 174 113 74 0 0 
0 0 150 349 306 186 33 0 0 16 287 358 267 95 1 0 0 25 304 373 256 66 0 0 
0 0 63 271 401 257 32 0 0 5 168 354 401 92 4 0 0 9 202 372 373 64 4 0 
0 0 17 100 296 493 118 0 0 6 69 180 326 371 72 0 0 6 79 219 345 182 53 140 
0 0 13 99 298 525 89 0 0 3 47 161 193 381 239 0 0 3 50 186 219 144 51 371 
0 0 0 11 154 791 68 0 0 0 0 35 165 314 510 0 0 0 1 42 205 107 42 627 
0 0 0 0 56 896 72 0 0 0 0 0 0 374 650 0 0 0 0 0 4 78 47 895 
0 0 0 0 40 984 0 0 0 0 0 0 0 86 938 0 0 0 0 0 0 0 0 1024 
0 0 0 0 4 1020 0 0 0 0 0 0 0 109 915 0 0 0 0 0 0 0 0 1024 
0 0 0 0 72 952 0 0 0 0 0 0 0 107 917 0 0 0 0 0 0 0 0 1024 
0 0 0 0 34 990 0 0 0 0 0 0 0 132 892 0 0 0 0 0 0 0 0 1024 
0 0 0 0 69 955 0 0 0 0 0 0 0 155 869 0 0 0 0 0 0 0 0 1024 
0 0 0 0 27 997 0 0 0 0 0 0 0 144 880 0 0 0 0 0 0 0 0 1024 
0 0 0 0 204 722 88 10 0 0 0 0 1 240 783 0 0 0 0 0 4 23 39 958 
0 0 18 59 297 553 83 14 0 3 42 73 101 247 557 1 0 6 48 106 68 42 55 699 
0 0 215 80 229 371 129 0 0 10 239 84 106 303 282 0 0 18 242 104 122 77 48 413 
0 0 110 144 268 376 126 0 0 17 183 186 195 277 166 0 1 34 205 204 174 89 40 277 
0 0 116 130 269 363 145 1 0 25 174 151 143 375 156 0 2 38 184 177 137 113 39 334 
0 0 1 49 358 533 83 0 0 1 26 163 148 441 245 0 0 1 48 203 109 96 52 515 
0 1 7 11 359 548 98 0 1 7 11 9 72 698 226 0 1 10 9 22 90 83 48 761 
0 0 0 0 605 373 46 0 0 0 0 0 9 882 133 0 0 0 0 0 22 27 35 940 
0 0 0 0 716 308 0 0 0 0 0 0 0 974 50 0 0 0 0 0 0 0 0 1024 
0 0 0 0 932 92 0 0 0 0 0 0 0 1015 9 0 0 0 0 0 0 0 0 1024 
0 0 0 0 947 77 0 0 0 0 0 0 0 1015 9 0 0 0 0 0 0 0 0 1024 
0 0 0 0 1009 15 0 0 0 0 0 0 0 1021 3 0 0 0 0 0 0 0 0 1024 
0 0 0 0 1015 9 0 0 0 0 0 0 0 1024 0 0 0 0 0 0 0 0 0 1024 
0 0 0 0 1015 9 0 0 0 0 0 0 0 1023 1 0 0 0 0 0 0 0 0 1024 
0 0 0 0 1022 2 0 0 0 0 0 0 0 1024 0 0 0 0 0 0 0 0 0 1024 
0 0 0 0 1024 0 0 0 0 0 0 0 0 1024 0 0 0 0 0 0 0 0 0 1024 
0 0 0 0 1024 0 0 0 0 0 0 0 0 1024 0 0 0 0 0 0 0 0 0 1024 
0 0 36 61 637 164 115 11 0 27 62 34 68 793 39 1 1 61 41 28 93 91 39 670 
0 0 156 132 167 323 232 14 0 91 185 86 214 355 90 3 0 183 110 103 264 151 88 125 
0 25 304 285 124 125 113 48 0 214 312 171 107 112 102 6 0 278 267 166 107 89 103 14 
0 0 261 598 100 56 9 0 0 113 500 325 64 21 1 0 0 234 389 326 58 17 0 0 
0 22 485 352 81 52 31 1 0 258 399 241 58 52 16 0 0 311 340 246 57 53 17 0 
0 26 323 544 53 48 28 2 5 173 421 319 47 41 18 0 9 183 355 364 55 35 23 0 
0 15 261 293 142 167 137 9 0 100 374 182 127 172 68 1 0 121 353 205 148 160 37 0 
0 11 403 599 11 0 0 0 4 81 775 164 0 0 0 0 7 114 629 274 0 0 0 0 
0 59 417 507 25 6 3 7 6 198 485 314 5 7 3 6 17 213 409 363 7 6 5 4 
1 275 490 250 6 2 0 0 53 405 405 158 2 1 0 0 88 389 353 190 2 2 0 0 
56 202 563 195 6 2 0 0 96 338 461 122 7 0 0 0 116 344 394 162 7 1 0 0 
3 307 298 180 37 142 53 4 29 442 216 109 121 76 31 0 44 440 164 165 124 60 27 0 
4 371 340 11 28 184 82 4 47 514 161 17 160 103 22 0 118 463 141 49 191 51 11 0 
0 0 0 0 1 1023 0 0 0 0 0 0 0 129 895 0 0 0 0 0 0 0 0 1024 
1 10 20 33 51 908 1 0 0 11 34 29 33 164 753 0 0 6 27 31 30 15 10 905 
0 39 361 139 156 299 30 0 0 170 314 129 207 118 86 0 0 179 296 124 211 64 14 136 
0 316 708 0 0 0 0 0 0 925 99 0 0 0 0 0 0 919 105 0 0 0 0 0 
0 401 623 0 0 0 0 0 8 967 49 0 0 0 0 0 9 960 55 0 0 0 0 0 
0 493 531 0 0 0 0 0 13 967 44 0 0 0 0 0 30 955 39 0 0 0 0 0 
0 170 796 58 0 0 0 0 0 733 291 0 0 0 0 0 0 850 174 0 0 0 0 0 
0 72 516 281 126 29 0 0 0 269 524 174 55 2 0 0 0 288 519 172 44 1 0 0 
0 10 130 305 366 188 25 0 1 61 230 384 292 55 1 0 1 67 244 401 274 37 0 0 
0 0 91 230 383 282 38 0 0 23 184 343 332 142 0 0 0 28 205 368 341 82 0 0 
0 1 118 293 393 198 21 0 0 27 230 410 291 66 0 0 0 41 236 437 270 40 0 0 
0 1 103 269 434 206 11 0 0 15 224 391 342 52 0 0 0 31 262 420 289 22 0 0 
0 0 32 119 337 477 59 0 0 9 79 232 520 183 1 0 0 15 83 294 545 87 0 0 
0 3 42 179 227 363 210 0 0 13 115 239 253 384 20 0 0 14 129 247 360 266 8 0 
0 0 17 99 253 455 200 0 0 4 71 184 280 364 121 0 0 7 84 213 293 214 56 157 
0 0 9 83 194 560 175 3 0 1 38 121 207 326 331 0 0 1 45 150 239 147 68 374 
0 0 52 29 104 681 156 2 0 24 46 42 159 301 452 0 0 28 44 58 195 141 53 505 
0 11 140 50 120 512 182 9 2 83 99 38 90 250 462 0 4 94 93 39 129 136 25 504 
0 56 97 59 208 467 137 0 11 89 89 75 152 214 394 0 22 83 90 84 160 91 45 449 
0 91 238 93 125 281 165 31 11 220 146 129 105 120 293 0 15 226 157 135 112 80 55 244 
0 247 361 104 119 97 81 15 2 415 255 97 135 53 67 0 8 426 249 129 108 58 46 0 
0 174 753 74 14 9 0 0 5 579 405 21 11 3 0 0 13 594 386 17 12 2 0 0 
0 84 924 16 0 0 0 0 8 605 411 0 0 0 0 0 10 606 408 0 0 0 0 0 
0 67 880 70 7 0 0 0 0 597 427 0 0 0 0 0 8 719 297 0 0 0 0 0 
0 79 724 142 79 0 0 0 9 438 554 21 2 0 0 0 14 558 434 16 2 0 0 0 
0 105 615 125 160 13 6 0 3 445 398 128 43 7 0 0 9 501 368 119 18 3 6 0 
0 70 456 232 187 67 12 0 0 334 459 129 77 19 6 0 7 433 363 127 68 14 12 0 
0 8 87 244 345 249 91 0 0 67 506 86 210 152 3 0 0 459 131 106 239 79 10 0 
0 0 3 416 188 350 67 0 0 10 501 23 204 242 44 0 0 489 23 53 206 56 68 129 
0 0 9 339 262 356 58 0 0 8 340 20 119 458 79 0 0 336 20 19 172 103 30 344 
0 0 2 82 484 405 51 0 0 3 85 31 80 763 62 0 1 51 45 42 125 91 40 629 
0 0 0 0 686 332 6 0 0 0 0 0 38 941 45 0 0 0 0 3 47 51 41 882 
0 0 0 0 767 178 74 5 0 0 0 0 0 838 180 6 0 0 0 0 0 3 26 995 
0 0 0 0 623 181 194 26 0 0 0 0 14 810 195 5 0 0 0 0 33 85 102 804 
0 0 0 1 502 211 233 77 0 0 0 10 21 740 228 25 0 0 0 12 32 157 165 658 
0 1 6 24 355 314 284 40 0 4 14 36 95 724 148 3 0 5 17 42 99 278 139 444 
0 0 0 1 154 418 391 60 0 0 2 13 162 640 206 1 0 0 5 24 220 460 123 192 
0 21 293 253 80 163 164 50 0 194 373 57 93 189 113 5 0 200 374 66 117 152 83 32 
0 2 643 208 93 66 12 0 0 347 491 89 83 14 0 0 0 431 425 92 71 5 0 0 
0 3 903 118 0 0 0 0 0 580 444 0 0 0 0 0 0 636 388 0 0 0 0 0 
0 0 828 196 0 0 0 0 0 357 667 0 0 0 0 0 0 543 481 0 0 0 0 0 
0 55 859 98 3 2 7 0 0 549 462 3 2 5 3 0 1 759 252 2 3 7 0 0 
2 138 667 72 4 7 133 1 5 537 316 24 7 110 25 0 22 648 209 5 43 96 1 0 
0 108 798 22 8 11 77 0 0 554 374 8 11 77 0 0 4 615 312 7 41 45 0 0 
0 20 969 35 0 0 0 0 0 336 687 1 0 0 0 0 0 367 653 4 0 0 0 0 
0 81 843 99 1 0 0 0 0 321 658 45 0 0 0 0 0 310 666 48 0 0 0 0 
0 46 654 199 109 16 0 0 0 222 626 117 56 3 0 0 0 255 596 130 41 2 0 0 
0 85 158 50 87 213 383 48 1 154 114 62 178 393 122 0 2 129 148 85 326 326 8 0 
0 0 0 4 67 357 591 5 0 0 1 31 299 651 42 0 0 0 5 79 465 475 0 0 
0 0 0 20 159 334 507 4 0 0 9 85 330 557 43 0 0 0 17 149 427 431 0 0 
0 1 2 5 8 1006 2 0 0 1 2 4 8 26 983 0 0 0 3 2 4 7 6 1002 
0 10 131 323 110 337 108 5 2 30 362 104 108 183 235 0 0 32 358 105 116 120 41 252 
0 7 441 562 13 1 0 0 0 91 915 13 5 0 0 0 0 86 921 14 3 0 0 0 
0 84 882 50 6 2 0 0 0 302 705 12 4 1 0 0 0 261 747 11 5 0 0 0 
0 124 878 22 0 0 0 0 1 487 536 0 0 0 0 0 1 411 612 0 0 0 0 0 
0 300 724 0 0 0 0 0 0 833 191 0 0 0 0 0 0 749 275 0 0 0 0 0 
2 420 585 17 0 0 0 0 4 727 291 2 0 0 0 0 2 678 342 2 0 0 0 0 
2 402 490 115 15 0 0 0 3 647 314 59 1 0 0 0 7 635 324 57 1 0 0 0 
3 441 424 110 43 3 0 0 23 701 212 80 8 0 0 0 30 693 221 74 6 0 0 0 
0 45 418 274 201 80 6 0 0 269 332 260 125 38 0 0 0 267 363 262 106 26 0 0 
0 37 249 196 179 279 84 0 1 169 236 189 264 165 0 0 1 182 245 205 300 91 0 0 
0 45 274 228 258 201 18 0 0 139 307 235 267 76 0 0 0 151 307 274 255 37 0 0 
0 18 212 320 325 129 20 0 0 87 289 379 222 46 1 0 0 94 318 374 206 32 0 0 
0 0 94 289 424 211 6 0 0 34 225 395 340 30 0 0 0 45 248 428 287 16 0 0 
0 22 379 284 278 59 2 0 0 153 425 287 155 4 0 0 1 163 455 302 101 2 0 0 
0 52 754 170 45 3 0 0 1 228 698 85 12 0 0 0 1 201 725 85 12 0 0 0 
0 118 693 144 55 14 0 0 0 448 461 71 43 1 0 0 0 401 500 78 44 1 0 0 
0 189 562 118 133 22 0 0 0 524 301 85 110 4 0 0 1 546 270 83 119 5 0 0 
0 256 667 97 4 0 0 0 1 691 324 6 2 0 0 0 31 752 233 7 1 0 0 0 
0 344 456 207 17 0 0 0 1 721 286 16 0 0 0 0 94 803 118 9 0 0 0 0 
0 252 482 152 54 45 39 0 1 624 246 49 43 37 24 0 45 713 121 46 40 30 7 22 
0 27 411 190 78 270 48 0 0 401 218 43 58 97 207 0 5 548 61 43 56 28 32 251 
0 0 123 317 109 449 26 0 0 146 312 21 45 80 420 0 13 373 68 19 24 37 27 463 
0 0 20 209 69 713 13 0 0 28 229 11 6 101 649 0 0 215 35 12 9 8 21 724 
0 4 42 67 54 838 19 0 0 55 57 7 16 62 827 0 5 73 31 6 7 17 11 874 
0 0 0 0 32 992 0 0 0 0 0 0 0 72 952 0 0 0 0 0 0 0 4 1020 
0 0 1 2 37 984 0 0 0 0 1 2 2 94 925 0 0 0 0 0 2 2 2 1018 
0 0 5 50 133 829 7 0 0 0 86 9 10 126 793 0 0 20 61 8 8 9 15 903 
0 0 10 213 154 639 8 0 0 11 268 14 9 157 565 0 1 202 70 9 12 8 11 711 
0 0 6 440 75 358 133 12 0 13 444 14 38 211 304 0 0 395 53 28 31 51 61 405 
0 0 11 569 90 153 191 10 0 65 507 78 118 213 43 0 4 532 58 98 136 149 29 18 
0 0 79 462 207 195 72 9 0 69 466 142 223 111 13 0 19 430 117 168 227 62 1 0 
0 0 40 348 165 298 173 0 0 29 357 115 199 307 17 0 6 311 91 120 325 166 5 0 
0 0 81 289 108 297 247 2 0 76 273 92 224 345 14 0 17 283 59 111 329 225 0 0 
0 17 220 69 108 201 381 28 0 163 111 89 161 415 76 9 2 176 106 99 294 293 45 9 
0 12 129 63 85 246 429 60 0 86 95 82 143 486 128 4 0 97 81 110 229 450 53 4 
0 4 141 89 91 155 457 87 0 102 111 80 107 437 187 0 0 107 111 85 155 518 48 0 
0 6 357 106 65 103 331 56 1 223 221 70 86 336 87 0 9 228 230 68 190 292 7 0 
0 5 85 219 200 187 273 55 4 113 156 201 181 306 63 0 30 156 114 222 303 193 6 0 
0 0 59 77 66 106 631 85 0 62 76 72 100 617 97 0 25 99 49 82 349 416 4 0 
0 0 57 106 87 252 513 9 0 44 117 84 188 572 19 0 2 97 112 76 502 235 0 0 
0 0 42 20 25 329 525 83 0 25 36 22 212 628 101 0 4 42 21 42 522 384 9 0 
0 0 0 4 22 137 827 34 0 0 2 15 93 816 98 0 0 1 7 41 381 593 1 0 
0 0 12 15 16 128 845 8 0 9 16 16 66 844 73 0 3 16 16 20 414 555 0 0 
0 1 67 35 34 192 680 15 0 54 46 24 116 727 57 0 4 71 37 45 385 482 0 0 
0 35 129 70 134 178 461 17 3 127 78 110 150 465 91 0 19 151 77 129 281 362 5 0 
0 26 281 150 123 194 222 28 0 197 232 99 185 246 65 0 3 275 182 122 229 209 4 0 
0 4 97 179 134 273 314 23 0 33 151 161 225 396 58 0 1 64 165 171 362 259 2 0 
0 1 13 25 53 199 662 71 0 10 26 34 150 631 173 0 3 17 29 59 272 637 7 0 
0 0 7 59 121 246 589 2 0 1 40 75 216 596 96 0 0 5 55 138 301 525 0 0 
0 12 52 207 170 562 21 0 1 25 151 151 153 118 425 0 1 28 139 137 144 66 23 486 
0 3 508 475 19 18 1 0 0 66 894 37 26 1 0 0 0 55 868 76 24 1 0 0 
0 18 667 336 3 0 0 0 0 354 650 20 0 0 0 0 0 379 621 24 0 0 0 0 
10 490 407 91 22 4 0 0 56 687 246 25 10 0 0 0 88 675 224 25 11 1 0 0 
172 735 100 17 0 0 0 0 303 649 72 0 0 0 0 0 355 594 73 2 0 0 0 0 
79 783 162 0 0 0 0 0 164 849 11 0 0 0 0 0 208 780 36 0 0 0 0 0 
0 824 200 0 0 0 0 0 18 974 32 0 0 0 0 0 16 973 35 0 0 0 0 0 
0 660 310 40 13 1 0 0 4 885 102 29 4 0 0 0 8 892 95 25 4 0 0 0 
0 558 426 36 4 0 0 0 15 843 149 17 0 0 0 0 28 850 128 18 0 0 0 0 
4 378 419 153 66 4 0 0 17 562 315 115 15 0 0 0 23 567 315 105 14 0 0 0 
32 711 234 36 11 0 0 0 86 819 90 27 2 0 0 0 133 790 73 26 2 0 0 0 
70 618 191 83 45 17 0 0 151 661 121 60 30 1 0 0 212 607 118 57 30 0 0 0 
15 410 249 136 146 68 0 0 36 509 197 153 117 12 0 0 52 511 190 167 100 4 0 0 
4 374 340 178 116 12 0 0 25 548 249 155 47 0 0 0 28 559 252 153 32 0 0 0 
0 109 718 97 76 24 0 0 1 490 395 89 49 0 0 0 4 515 387 83 35 0 0 0 
0 173 687 155 8 1 0 0 12 577 419 13 3 0 0 0 59 757 193 13 2 0 0 0 
9 323 538 154 0 0 0 0 18 546 460 0 0 0 0 0 13 681 330 0 0 0 0 0 
1 169 849 5 0 0 0 0 0 310 714 0 0 0 0 0 0 268 756 0 0 0 0 0 
0 24 977 23 0 0 0 0 0 148 876 0 0 0 0 0 0 108 916 0 0 0 0 0 
0 31 603 109 161 118 2 0 0 159 540 124 180 21 0 0 0 145 566 167 143 3 0 0 
0 55 245 151 389 181 3 0 1 189 181 295 336 22 0 0 3 185 211 352 262 11 0 0 
1 146 266 116 346 135 14 0 8 334 132 219 283 45 3 0 14 335 138 283 222 32 0 0 
0 212 129 115 250 271 47 0 3 271 110 181 322 136 1 0 4 246 140 216 328 89 1 0 
1 129 214 134 181 312 53 0 1 125 198 222 298 162 18 0 2 172 256 163 287 103 33 8 
1 167 143 108 118 377 110 0 0 162 163 136 172 275 116 0 0 207 141 154 202 155 35 130 
0 23 78 83 175 541 108 16 0 45 71 150 275 265 218 0 0 40 85 177 306 161 44 211 
0 0 13 89 95 601 225 1 0 0 19 97 217 422 269 0 0 3 57 110 307 230 35 282 
0 70 207 213 120 325 77 12 1 89 277 155 115 173 214 0 6 125 286 123 112 119 31 222 
0 2 29 117 158 421 282 15 0 19 94 118 277 401 115 0 0 45 106 164 305 247 40 117 
0 15 171 252 284 238 64 0 1 72 218 310 298 125 0 0 7 113 253 316 273 62 0 0 
0 15 499 195 93 116 103 3 2 181 480 109 108 132 12 0 8 219 465 114 126 92 0 0 
0 216 498 224 43 13 21 9 1 406 349 213 23 21 11 0 8 397 411 167 17 22 2 0 
1 86 347 253 218 90 25 4 1 206 358 267 138 35 19 0 6 271 362 242 106 30 7 0 
0 3 165 278 351 159 68 0 0 73 280 359 216 84 12 0 6 156 279 367 158 58 0 0 
0 54 252 320 210 133 51 4 4 263 340 166 179 61 11 0 119 426 118 192 128 40 1 0 
0 163 288 415 78 50 30 0 6 412 452 56 56 42 0 0 120 699 69 54 50 32 0 0 
0 55 169 315 243 209 32 1 9 188 312 208 215 91 1 0 86 355 129 225 213 16 0 0 
0 19 211 258 218 250 68 0 4 116 300 212 253 139 0 0 23 188 276 252 240 45 0 0 
0 7 78 184 273 386 94 2 1 48 166 231 362 205 11 0 6 68 196 300 400 52 2 0 
0 124 331 99 51 138 274 7 3 388 138 62 106 304 23 0 19 432 101 74 290 108 0 0 
0 121 269 94 117 205 218 0 1 273 174 102 191 276 7 0 4 326 142 128 343 81 0 0 
0 24 102 78 225 315 278 2 1 75 78 158 363 331 18 0 9 84 77 223 481 148 2 0 
0 30 121 110 110 200 453 0 4 83 129 119 179 502 8 0 17 92 148 128 422 217 0 0 
0 40 68 109 133 262 411 1 10 53 89 167 200 503 2 0 16 55 102 174 441 236 0 0 
0 6 70 130 116 286 412 4 0 45 101 130 234 488 26 0 3 68 105 186 424 238 0 0 
0 0 2 40 114 278 550 40 0 2 26 110 237 514 135 0 0 7 68 160 332 457 0 0 
0 5 31 100 291 469 124 4 0 27 68 204 495 219 11 0 3 35 108 293 495 90 0 0 
0 52 106 72 164 417 201 12 8 120 67 141 355 304 29 0 30 113 73 195 439 174 0 0 
0 110 211 152 198 186 140 27 8 217 205 165 183 185 61 0 18 283 176 177 213 157 0 0 
0 196 290 152 199 154 33 0 13 330 225 179 206 69 2 0 52 359 182 218 179 32 2 0 
0 7 618 251 60 53 34 1 0 148 702 64 53 50 7 0 0 185 662 71 51 48 4 3 
0 25 853 146 0 0 0 0 0 318 706 0 0 0 0 0 0 367 657 0 0 0 0 0 
0 100 882 42 0 0 0 0 1 794 229 0 0 0 0 0 7 877 140 0 0 0 0 0 
26 536 428 34 0 0 0 0 90 755 179 0 0 0 0 0 117 755 152 0 0 0 0 0 
84 741 198 1 0 0 0 0 142 837 45 0 0 0 0 0 201 772 51 0 0 0 0 0 
0 719 294 11 0 0 0 0 5 850 168 1 0 0 0 0 5 806 210 3 0 0 0 0 
4 1009 11 0 0 0 0 0 14 1008 2 0 0 0 0 0 16 998 10 0 0 0 0 0 
3 776 209 30 6 0 0 0 46 866 91 20 1 0 0 0 62 846 99 16 1 0 0 0 
122 832 69 1 0 0 0 0 232 781 10 1 0 0 0 0 326 691 7 0 0 0 0 0 
362 633 29 0 0 0 0 0 442 578 4 0 0 0 0 0 504 515 5 0 0 0 0 0 
426 564 34 0 0 0 0 0 501 506 17 0 0 0 0 0 559 453 12 0 0 0 0 0 
274 732 18 0 0 0 0 0 398 623 3 0 0 0 0 0 550 473 1 0 0 0 0 0 
130 727 165 2 0 0 0 0 212 736 76 0 0 0 0 0 307 663 54 0 0 0 0 0 
30 547 441 6 0 0 0 0 83 774 167 0 0 0 0 0 110 784 130 0 0 0 0 0 
0 288 695 41 0 0 0 0 8 644 372 0 0 0 0 0 37 719 268 0 0 0 0 0 
6 430 580 8 0 0 0 0 51 709 264 0 0 0 0 0 99 709 216 0 0 0 0 0 
7 505 327 146 39 0 0 0 9 604 271 125 15 0 0 0 20 651 240 104 9 0 0 0 
0 85 689 161 79 10 0 0 0 306 524 153 40 1 0 0 1 293 543 159 28 0 0 0 
0 265 721 24 10 4 0 0 2 607 392 14 9 0 0 0 1 600 400 14 9 0 0 0 
0 402 543 16 7 28 26 2 3 731 219 10 16 32 13 0 2 701 251 9 31 23 7 0 
5 356 384 99 74 61 38 7 22 504 246 90 71 73 18 0 27 510 281 89 69 45 3 0 
1 257 292 210 33 21 191 19 9 373 182 198 35 167 60 0 15 450 266 55 27 197 14 0 
0 230 188 167 117 82 205 35 0 316 148 152 133 170 104 1 3 338 177 174 104 216 12 0 
24 371 110 111 55 124 227 2 21 384 131 96 121 210 61 0 45 402 147 79 164 185 2 0 
10 212 181 176 123 184 132 6 8 278 166 175 227 157 13 0 23 311 195 201 204 89 1 0 
0 32 234 281 198 185 93 1 0 83 244 306 249 124 18 0 2 159 342 263 173 85 0 0 
0 5 127 306 204 212 167 3 0 38 161 355 243 200 27 0 0 67 285 305 235 130 2 0 
0 0 271 328 133 171 117 4 0 93 454 124 162 182 9 0 0 147 439 133 209 94 2 0 
0 37 276 242 229 203 37 0 6 120 356 202 233 106 1 0 7 170 343 216 223 65 0 0 
0 33 443 241 189 112 6 0 1 169 488 168 164 34 0 0 2 235 459 181 134 13 0 0 
0 18 407 266 176 117 40 0 0 156 444 218 120 85 1 0 0 184 452 207 144 37 0 0 
0 7 666 171 47 70 58 5 0 270 547 57 66 76 8 0 0 425 416 55 84 44 0 0 
0 111 477 311 37 54 34 0 0 282 598 38 54 46 6 0 2 373 516 34 57 42 0 0 
0 3 614 287 61 54 5 0 0 130 711 113 51 19 0 0 0 237 623 103 56 5 0 0 
3 145 608 233 30 5 0 0 14 385 562 56 7 0 0 0 20 450 506 42 6 0 0 0 
103 515 380 24 2 0 0 0 134 810 77 3 0 0 0 0 178 808 36 2 0 0 0 0 
53 489 136 329 17 0 0 0 129 554 341 0 0 0 0 0 365 659 0 0 0 0 0 0 
0 100 102 778 20 24 0 0 35 190 750 25 24 0 0 0 327 631 33 14 19 0 0 0 
0 26 212 550 100 84 51 1 16 185 557 99 85 78 4 0 168 510 121 88 92 44 1 0 
0 49 319 176 168 235 77 0 1 210 286 150 222 154 1 0 38 272 220 173 262 59 0 0 
0 130 496 172 145 78 3 0 2 374 358 126 138 26 0 0 12 435 303 144 123 7 0 0 
0 650 260 98 15 1 0 0 30 726 231 35 2 0 0 0 68 713 211 31 1 0 0 0 
8 712 195 93 16 0 0 0 25 809 132 57 1 0 0 0 57 802 125 39 1 0 0 0 
0 557 294 134 38 1 0 0 6 728 187 94 9 0 0 0 15 745 174 83 7 0 0 0 
20 372 406 152 70 3 1 0 34 538 313 112 25 2 0 0 62 583 258 112 7 2 0 0 
1 9 141 244 317 260 47 5 0 60 288 313 252 102 9 0 7 140 307 366 156 48 0 0 
0 221 455 210 113 25 0 0 2 501 321 160 39 1 0 0 5 597 290 119 13 0 0 0 
50 315 357 180 107 15 0 0 72 480 283 139 45 5 0 0 103 519 248 119 33 2 0 0 
39 123 288 248 191 97 30 8 40 274 261 263 112 57 17 0 70 316 281 203 108 42 4 0 
0 51 97 139 335 346 56 0 5 83 114 260 392 168 2 0 10 105 135 343 367 64 0 0 
1 157 857 9 0 0 0 0 10 719 295 0 0 0 0 0 14 809 201 0 0 0 0 0 
0 120 833 71 0 0 0 0 9 647 368 0 0 0 0 0 8 747 269 0 0 0 0 0 
3 552 469 0 0 0 0 0 48 899 77 0 0 0 0 0 54 918 52 0 0 0 0 0 
0 383 601 40 0 0 0 0 12 609 403 0 0 0 0 0 36 585 403 0 0 0 0 0 
0 402 599 23 0 0 0 0 2 667 346 9 0 0 0 0 1 552 458 13 0 0 0 0 
20 713 288 3 0 0 0 0 30 872 122 0 0 0 0 0 46 787 190 1 0 0 0 0 
86 835 103 0 0 0 0 0 125 876 23 0 0 0 0 0 176 801 47 0 0 0 0 0 
343 639 42 0 0 0 0 0 431 581 12 0 0 0 0 0 558 454 12 0 0 0 0 0 
356 653 15 0 0 0 0 0 485 534 5 0 0 0 0 0 621 401 2 0 0 0 0 0 
843 181 0 0 0 0 0 0 902 122 0 0 0 0 0 0 902 122 0 0 0 0 0 0 
467 536 21 0 0 0 0 0 587 430 7 0 0 0 0 0 660 357 7 0 0 0 0 0 
89 763 172 0 0 0 0 0 186 807 31 0 0 0 0 0 278 727 19 0 0 0 0 0 
153 652 218 1 0 0 0 0 247 705 72 0 0 0 0 0 354 608 62 0 0 0 0 0 
455 540 29 0 0 0 0 0 547 468 9 0 0 0 0 0 690 330 4 0 0 0 0 0 
103 616 293 7 4 1 0 0 179 752 85 5 3 0 0 0 241 699 78 3 3 0 0 0 
21 174 502 151 149 27 0 0 21 274 462 178 84 5 0 0 21 290 464 178 67 4 0 0 
69 299 359 154 104 38 1 0 53 451 289 134 88 9 0 0 83 461 275 131 71 3 0 0 
0 73 567 62 47 171 104 0 3 316 356 55 122 165 7 0 5 331 351 62 181 93 1 0 
1 65 248 87 106 349 159 9 2 169 194 84 246 307 22 0 4 179 211 100 379 144 7 0 
0 23 57 54 99 271 493 27 0 53 58 66 185 557 105 0 3 62 61 103 293 500 2 0 
0 156 240 118 113 110 271 16 2 283 167 110 138 226 98 0 9 297 163 135 146 266 8 0 
1 98 551 164 64 40 100 6 4 278 479 94 47 92 30 0 8 280 483 98 54 101 0 0 
0 116 601 174 104 29 0 0 2 268 557 135 60 2 0 0 4 279 561 129 51 0 0 0 
0 65 898 49 11 1 0 0 0 288 718 15 3 0 0 0 0 263 743 14 4 0 0 0 
0 175 830 15 4 0 0 0 0 578 438 7 1 0 0 0 0 552 459 12 1 0 0 0 
0 137 686 78 102 21 0 0 0 653 212 93 66 0 0 0 0 607 273 100 44 0 0 0 
0 171 688 148 16 1 0 0 0 485 468 69 2 0 0 0 0 436 522 65 1 0 0 0 
0 205 667 119 30 3 0 0 0 528 415 69 12 0 0 0 0 469 467 76 12 0 0 0 
0 370 473 62 78 41 0 0 1 757 121 73 69 3 0 0 8 778 115 81 42 0 0 0 
0 253 599 78 45 39 10 0 4 719 171 63 42 24 1 0 8 770 131 57 43 15 0 0 
0 153 604 152 95 19 1 0 0 585 286 119 33 1 0 0 0 652 247 102 22 1 0 0 
0 336 684 4 0 0 0 0 3 742 278 1 0 0 0 0 3 732 288 1 0 0 0 0 
3 170 828 23 0 0 0 0 12 685 327 0 0 0 0 0 17 733 274 0 0 0 0 0 
0 16 959 49 0 0 0 0 0 771 253 0 0 0 0 0 0 907 117 0 0 0 0 0 
0 174 749 101 0 0 0 0 8 810 206 0 0 0 0 0 32 883 109 0 0 0 0 0 
110 713 197 4 0 0 0 0 250 747 27 0 0 0 0 0 386 621 17 0 0 0 0 0 
397 560 67 0 0 0 0 0 497 523 4 0 0 0 0 0 630 391 3 0 0 0 0 0 
10 481 460 73 0 0 0 0 84 861 79 0 0 0 0 0 566 458 0 0 0 0 0 0 
0 18 197 809 0 0 0 0 1 219 803 1 0 0 0 0 145 878 1 0 0 0 0 0 
0 67 304 653 0 0 0 0 5 221 798 0 0 0 0 0 58 937 29 0 0 0 0 0 
0 178 795 38 13 0 0 0 1 660 336 22 5 0 0 0 26 789 182 22 5 0 0 0 
9 301 619 95 0 0 0 0 10 585 409 20 0 0 0 0 20 626 354 24 0 0 0 0 
13 446 542 23 0 0 0 0 40 660 324 0 0 0 0 0 103 665 256 0 0 0 0 0 
191 592 231 10 0 0 0 0 306 594 124 0 0 0 0 0 437 530 57 0 0 0 0 0 
163 679 179 3 0 0 0 0 213 745 66 0 0 0 0 0 357 649 18 0 0 0 0 0 
84 495 225 98 102 20 0 0 144 594 118 107 61 0 0 0 231 560 115 94 24 0 0 0 
20 480 363 130 29 2 0 0 57 690 209 61 7 0 0 0 123 689 174 35 3 0 0 0 
141 768 115 0 0 0 0 0 172 846 6 0 0 0 0 0 293 723 8 0 0 0 0 0 
155 643 226 0 0 0 0 0 163 824 37 0 0 0 0 0 218 767 39 0 0 0 0 0 
0 670 326 21 5 2 0 0 9 950 46 15 4 0 0 0 18 958 32 14 2 0 0 0 
0 280 680 62 2 0 0 0 10 721 292 1 0 0 0 0 24 785 215 0 0 0 0 0 
0 170 846 8 0 0 0 0 4 635 385 0 0 0 0 0 5 687 332 0 0 0 0 0 
0 269 749 6 0 0 0 0 7 647 370 0 0 0 0 0 6 617 401 0 0 0 0 0 
1 530 479 14 0 0 0 0 12 664 348 0 0 0 0 0 15 586 422 1 0 0 0 0 
225 547 252 0 0 0 0 0 327 588 109 0 0 0 0 0 367 535 122 0 0 0 0 0 
485 504 35 0 0 0 0 0 541 469 14 0 0 0 0 0 631 387 6 0 0 0 0 0 
780 244 0 0 0 0 0 0 826 198 0 0 0 0 0 0 889 135 0 0 0 0 0 0 
368 628 28 0 0 0 0 0 480 540 4 0 0 0 0 0 548 474 2 0 0 0 0 0 
252 710 62 0 0 0 0 0 378 638 8 0 0 0 0 0 536 486 2 0 0 0 0 0 
755 261 8 0 0 0 0 0 788 235 1 0 0 0 0 0 845 179 0 0 0 0 0 0 
699 319 6 0 0 0 0 0 760 263 1 0 0 0 0 0 823 200 1 0 0 0 0 0 
666 313 45 0 0 0 0 0 718 293 13 0 0 0 0 0 811 196 17 0 0 0 0 0 
768 256 0 0 0 0 0 0 839 185 0 0 0 0 0 0 913 111 0 0 0 0 0 0 
624 398 2 0 0 0 0 0 717 306 1 0 0 0 0 0 832 192 0 0 0 0 0 0 
151 556 308 7 2 0 0 0 216 769 33 6 0 0 0 0 362 640 16 6 0 0 0 0 
0 249 494 159 74 41 7 0 1 474 358 114 57 20 0 0 1 506 337 106 62 12 0 0 
0 79 244 169 168 261 103 0 0 186 213 189 202 228 6 0 1 207 216 194 260 146 0 0 
0 57 308 108 95 321 135 0 0 94 299 115 247 263 6 0 0 148 290 112 297 177 0 0 
39 312 233 60 40 159 180 1 27 304 243 81 107 243 19 0 72 392 160 48 181 170 1 0 
172 494 216 77 34 18 13 0 209 548 121 94 34 17 1 0 274 533 120 62 23 12 0 0 
308 503 183 30 0 0 0 0 409 465 114 36 0 0 0 0 498 447 72 7 0 0 0 0 
392 502 65 58 7 0 0 0 563 352 43 56 10 0 0 0 733 197 67 23 4 0 0 0 
382 440 127 70 5 0 0 0 465 384 99 70 6 0 0 0 590 286 106 40 2 0 0 0 
79 403 446 96 0 0 0 0 99 401 391 133 0 0 0 0 191 414 404 15 0 0 0 0 
139 575 259 45 6 0 0 0 241 596 145 40 2 0 0 0 379 481 149 13 2 0 0 0 
99 573 285 49 18 0 0 0 177 562 226 57 2 0 0 0 267 540 193 24 0 0 0 0 
7 540 476 1 0 0 0 0 51 846 127 0 0 0 0 0 70 826 128 0 0 0 0 0 
0 515 509 0 0 0 0 0 3 924 97 0 0 0 0 0 8 928 88 0 0 0 0 0 
0 336 688 0 0 0 0 0 2 947 75 0 0 0 0 0 2 952 70 0 0 0 0 0 
0 582 442 0 0 0 0 0 1 1009 14 0 0 0 0 0 3 1012 9 0 0 0 0 0 
0 665 326 33 0 0 0 0 35 875 114 0 0 0 0 0 32 917 75 0 0 0 0 0 
78 855 91 0 0 0 0 0 284 738 2 0 0 0 0 0 422 601 1 0 0 0 0 0 
54 714 256 0 0 0 0 0 180 824 20 0 0 0 0 0 274 746 4 0 0 0 0 0 
90 638 296 0 0 0 0 0 211 794 19 0 0 0 0 0 323 694 7 0 0 0 0 0 
98 671 255 0 0 0 0 0 201 785 38 0 0 0 0 0 309 698 17 0 0 0 0 0 
515 499 10 0 0 0 0 0 637 387 0 0 0 0 0 0 740 284 0 0 0 0 0 0 
489 532 3 0 0 0 0 0 657 367 0 0 0 0 0 0 804 220 0 0 0 0 0 0 
96 641 278 4 0 1 2 2 113 871 34 1 0 3 2 0 142 848 29 0 1 2 2 0 
0 156 514 232 52 40 30 0 47 517 320 55 55 28 2 0 164 658 85 61 42 14 0 0 
0 43 418 563 0 0 0 0 0 347 677 0 0 0 0 0 61 939 24 0 0 0 0 0 
3 103 320 598 0 0 0 0 41 247 736 0 0 0 0 0 129 852 43 0 0 0 0 0 
88 465 428 43 0 0 0 0 162 659 203 0 0 0 0 0 246 661 117 0 0 0 0 0 
43 462 514 5 0 0 0 0 72 802 150 0 0 0 0 0 119 839 66 0 0 0 0 0 
94 674 254 2 0 0 0 0 190 692 142 0 0 0 0 0 337 603 84 0 0 0 0 0 
159 564 275 26 0 0 0 0 266 624 134 0 0 0 0 0 384 568 72 0 0 0 0 0 
156 437 411 20 0 0 0 0 238 545 241 0 0 0 0 0 322 537 165 0 0 0 0 0 
56 353 609 6 0 0 0 0 136 675 213 0 0 0 0 0 225 675 124 0 0 0 0 0 
34 446 538 6 0 0 0 0 106 678 240 0 0 0 0 0 223 691 110 0 0 0 0 0 
5 734 284 1 0 0 0 0 59 905 60 0 0 0 0 0 172 837 15 0 0 0 0 0 
0 283 741 0 0 0 0 0 2 852 170 0 0 0 0 0 7 925 92 0 0 0 0 0 
38 586 374 26 0 0 0 0 75 752 196 1 0 0 0 0 111 714 199 0 0 0 0 0 
69 632 322 1 0 0 0 0 88 733 203 0 0 0 0 0 63 753 207 1 0 0 0 0 
89 739 196 0 0 0 0 0 110 808 106 0 0 0 0 0 124 745 155 0 0 0 0 0 
182 801 39 2 0 0 0 0 260 751 13 0 0 0 0 0 371 643 10 0 0 0 0 0 
498 518 8 0 0 0 0 0 622 400 2 0 0 0 0 0 775 247 2 0 0 0 0 0 
289 711 24 0 0 0 0 0 412 609 3 0 0 0 0 0 605 417 2 0 0 0 0 0 
171 812 41 0 0 0 0 0 266 737 21 0 0 0 0 0 314 698 12 0 0 0 0 0 
135 798 91 0 0 0 0 0 169 823 32 0 0 0 0 0 236 762 26 0 0 0 0 0 
408 524 92 0 0 0 0 0 440 574 10 0 0 0 0 0 567 448 9 0 0 0 0 0 
843 177 4 0 0 0 0 0 848 172 4 0 0 0 0 0 908 114 2 0 0 0 0 0 
745 276 3 0 0 0 0 0 812 211 1 0 0 0 0 0 891 133 0 0 0 0 0 0 
955 69 0 0 0 0 0 0 959 65 0 0 0 0 0 0 989 35 0 0 0 0 0 0 
920 104 0 0 0 0 0 0 933 91 0 0 0 0 0 0 981 43 0 0 0 0 0 0 
258 652 114 0 0 0 0 0 433 562 29 0 0 0 0 0 585 425 14 0 0 0 0 0 
44 444 457 75 4 0 0 0 24 633 267 94 6 0 0 0 129 649 215 30 1 0 0 0 
19 306 382 129 103 65 20 0 14 310 384 169 101 44 2 0 64 456 268 131 79 26 0 0 
11 435 338 82 84 61 13 0 11 492 308 104 76 32 1 0 69 600 184 96 60 15 0 0 
194 368 387 44 12 13 5 1 175 380 398 46 14 10 1 0 258 470 255 22 13 6 0 0 
64 292 427 183 33 17 7 1 71 337 365 207 35 6 3 0 136 431 352 78 19 7 1 0 
45 192 292 329 106 52 8 0 82 259 234 321 103 23 2 0 176 302 302 188 49 7 0 0 
34 202 251 169 170 132 44 22 43 225 269 201 169 80 24 13 113 289 252 167 129 39 25 10 
63 304 295 139 114 82 26 1 66 334 303 165 101 49 6 0 184 405 221 111 89 14 0 0 
3 59 239 300 246 166 11 0 2 85 245 331 267 93 1 0 12 166 324 297 197 28 0 0 
128 224 247 238 129 52 6 0 112 275 234 244 120 38 1 0 185 319 283 156 71 10 0 0 
80 324 394 126 34 52 14 0 77 338 399 121 47 40 2 0 152 461 295 53 48 14 1 0 
139 474 332 66 6 6 1 0 135 479 328 69 6 7 0 0 249 487 267 9 9 3 0 0 
385 433 91 67 41 7 0 0 473 380 55 70 40 6 0 0 614 270 72 54 14 0 0 0 
310 223 480 11 0 0 0 0 325 502 188 9 0 0 0 0 352 524 142 6 0 0 0 0 
42 408 550 24 0 0 0 0 68 782 146 28 0 0 0 0 106 799 114 5 0 0 0 0 
14 907 97 6 0 0 0 0 135 853 31 5 0 0 0 0 233 772 19 0 0 0 0 0 
28 640 296 60 0 0 0 0 87 731 154 52 0 0 0 0 159 735 125 5 0 0 0 0 
131 599 244 50 0 0 0 0 193 592 189 50 0 0 0 0 352 530 137 5 0 0 0 0 
68 658 293 5 0 0 0 0 162 844 16 2 0 0 0 0 273 740 9 2 0 0 0 0 
82 585 357 0 0 0 0 0 211 791 22 0 0 0 0 0 346 678 0 0 0 0 0 0 
202 702 120 0 0 0 0 0 405 618 1 0 0 0 0 0 566 458 0 0 0 0 0 0 
485 525 14 0 0 0 0 0 626 398 0 0 0 0 0 0 727 297 0 0 0 0 0 0 
114 720 126 13 16 26 9 0 158 758 55 12 26 15 0 0 226 716 32 18 22 10 0 0 
0 179 355 76 84 136 165 29 13 473 116 80 144 169 29 0 91 441 107 105 191 84 5 0 
7 142 231 239 133 208 58 6 54 290 257 135 205 77 5 1 136 383 142 150 194 15 4 0 
0 2 25 997 0 0 0 0 0 42 982 0 0 0 0 0 17 1007 0 0 0 0 0 0 
0 0 19 1005 0 0 0 0 0 17 1007 0 0 0 0 0 0 1013 11 0 0 0 0 0 
206 144 81 593 0 0 0 0 269 130 625 0 0 0 0 0 344 672 8 0 0 0 0 0 
188 437 386 13 0 0 0 0 262 670 92 0 0 0 0 0 375 618 31 0 0 0 0 0 
111 466 447 0 0 0 0 0 149 771 104 0 0 0 0 0 207 787 30 0 0 0 0 0 
529 476 19 0 0 0 0 0 594 419 11 0 0 0 0 0 757 267 0 0 0 0 0 0 
615 357 52 0 0 0 0 0 655 360 9 0 0 0 0 0 764 254 6 0 0 0 0 0 
245 514 265 0 0 0 0 0 252 736 36 0 0 0 0 0 340 679 5 0 0 0 0 0 
28 355 641 0 0 0 0 0 46 730 248 0 0 0 0 0 62 783 179 0 0 0 0 0 
0 231 790 3 0 0 0 0 1 543 480 0 0 0 0 0 1 607 416 0 0 0 0 0 
0 171 853 0 0 0 0 0 0 614 410 0 0 0 0 0 0 692 332 0 0 0 0 0 
19 422 579 4 0 0 0 0 17 584 420 3 0 0 0 0 85 639 300 0 0 0 0 0 
135 604 273 12 0 0 0 0 112 584 314 14 0 0 0 0 260 626 138 0 0 0 0 0 
218 749 48 9 0 0 0 0 244 730 45 5 0 0 0 0 338 652 33 1 0 0 0 0 
188 665 155 16 0 0 0 0 271 615 128 10 0 0 0 0 333 582 108 1 0 0 0 0 
193 734 96 1 0 0 0 0 360 630 34 0 0 0 0 0 484 513 27 0 0 0 0 0 
420 599 5 0 0 0 0 0 556 467 1 0 0 0 0 0 693 331 0 0 0 0 0 0 
465 551 8 0 0 0 0 0 572 448 4 0 0 0 0 0 703 321 0 0 0 0 0 0 
721 296 7 0 0 0 0 0 791 231 2 0 0 0 0 0 862 160 2 0 0 0 0 0 
801 218 5 0 0 0 0 0 826 196 2 0 0 0 0 0 904 118 2 0 0 0 0 0 
973 51 0 0 0 0 0 0 980 44 0 0 0 0 0 0 1007 17 0 0 0 0 0 0 
866 153 5 0 0 0 0 0 910 113 1 0 0 0 0 0 988 36 0 0 0 0 0 0 
962 62 0 0 0 0 0 0 963 61 0 0 0 0 0 0 1006 18 0 0 0 0 0 0 
740 278 6 0 0 0 0 0 793 225 6 0 0 0 0 0 894 129 1 0 0 0 0 0 
198 738 88 0 0 0 0 0 420 580 24 0 0 0 0 0 615 392 17 0 0 0 0 0 
78 547 253 121 22 3 0 0 151 499 212 142 17 3 0 0 349 392 218 59 6 0 0 0 
75 233 288 303 108 15 1 1 108 263 272 256 119 5 1 0 212 304 290 188 27 2 1 0 
23 140 312 310 102 94 43 0 29 229 266 282 141 66 11 0 133 257 336 167 102 29 0 0 
414 205 176 114 70 44 1 0 403 215 207 118 58 23 0 0 473 263 153 88 37 10 0 0 
230 223 213 107 144 104 3 0 216 312 164 129 152 51 0 0 292 308 144 162 107 11 0 0 
335 426 170 58 24 8 2 1 340 468 128 57 20 8 2 1 545 325 93 37 18 3 2 1 
143 297 236 199 109 39 1 0 141 349 220 208 80 26 0 0 252 367 213 137 47 8 0 0 
61 134 118 134 249 297 25 6 62 166 123 179 340 146 6 2 125 157 119 274 306 35 6 2 
0 2 48 216 349 388 21 0 0 3 77 291 500 152 1 0 0 37 193 402 359 33 0 0 
0 2 73 141 329 398 73 8 0 30 97 198 455 226 18 0 3 53 145 325 417 80 1 0 
0 9 62 194 363 339 49 8 1 24 101 255 460 175 8 0 6 80 185 367 347 39 0 0 
11 176 331 279 120 85 21 1 14 208 348 266 128 59 1 0 88 377 309 151 93 6 0 0 
0 122 429 325 110 33 5 0 2 126 435 348 88 25 0 0 40 388 410 146 37 3 0 0 
23 58 116 177 289 268 87 6 24 69 152 275 333 167 4 0 40 122 245 308 281 28 0 0 
18 256 348 268 67 45 21 1 31 266 326 289 82 30 0 0 90 433 344 100 54 3 0 0 
24 157 288 397 114 42 2 0 44 155 314 394 94 23 0 0 96 309 474 109 32 4 0 0 
11 107 237 345 208 76 26 14 16 133 283 356 165 53 18 0 55 281 393 211 60 24 0 0 
28 250 395 237 69 36 8 1 31 249 425 230 62 24 3 0 115 407 355 97 39 10 1 0 
90 338 141 131 160 113 46 5 174 338 139 165 137 63 8 0 284 296 164 154 107 19 0 0 
242 372 128 67 47 58 87 23 345 312 136 57 62 85 27 0 506 229 103 52 79 51 4 0 
327 487 96 51 14 14 24 11 507 346 96 26 15 21 13 0 686 237 50 15 18 17 1 0 
288 445 218 73 0 0 0 0 360 372 213 79 0 0 0 0 453 411 152 8 0 0 0 0 
115 339 352 135 61 22 0 0 79 397 375 142 31 0 0 0 237 494 220 66 7 0 0 0 
126 370 155 116 154 69 34 0 243 385 97 159 96 39 5 0 353 289 128 158 74 19 3 0 
172 253 105 168 164 87 53 22 282 272 113 182 94 65 16 0 439 159 136 154 104 27 5 0 
0 57 180 738 41 7 0 1 10 193 758 51 11 0 1 0 80 776 117 43 7 1 0 0 
0 0 196 828 0 0 0 0 0 28 996 0 0 0 0 0 0 990 34 0 0 0 0 0 
0 0 705 319 0 0 0 0 0 185 839 0 0 0 0 0 0 990 34 0 0 0 0 0 
106 261 550 107 0 0 0 0 173 480 371 0 0 0 0 0 261 761 2 0 0 0 0 0 
21 446 542 15 0 0 0 0 67 804 153 0 0 0 0 0 225 736 63 0 0 0 0 0 
160 567 292 5 0 0 0 0 210 725 89 0 0 0 0 0 314 662 48 0 0 0 0 0 
362 470 192 0 0 0 0 0 422 528 74 0 0 0 0 0 529 455 40 0 0 0 0 0 
282 408 334 0 0 0 0 0 317 621 86 0 0 0 0 0 388 613 23 0 0 0 0 0 
92 597 334 1 0 0 0 0 162 825 37 0 0 0 0 0 250 765 9 0 0 0 0 0 
57 777 190 0 0 0 0 0 125 849 50 0 0 0 0 0 250 755 19 0 0 0 0 0 
84 875 65 0 0 0 0 0 164 850 10 0 0 0 0 0 256 766 2 0 0 0 0 0 
86 261 172 73 111 172 141 8 77 305 154 82 151 146 106 3 125 303 114 84 154 147 95 2 
578 403 13 5 6 14 5 0 548 431 15 3 10 13 4 0 659 325 10 3 9 15 3 0 
118 689 203 14 0 0 0 0 143 675 191 15 0 0 0 0 205 676 141 2 0 0 0 0 
90 597 301 36 0 0 0 0 85 635 275 29 0 0 0 0 188 604 222 10 0 0 0 0 
147 741 136 0 0 0 0 0 232 725 67 0 0 0 0 0 316 653 55 0 0 0 0 0 
186 792 46 0 0 0 0 0 286 723 15 0 0 0 0 0 412 603 9 0 0 0 0 0 
423 596 5 0 0 0 0 0 510 513 1 0 0 0 0 0 655 368 1 0 0 0 0 0 
518 499 7 0 0 0 0 0 593 431 0 0 0 0 0 0 702 322 0 0 0 0 0 0 
592 351 43 37 1 0 0 0 656 290 34 42 2 0 0 0 789 167 62 6 0 0 0 0 
515 439 60 10 0 0 0 0 568 393 51 12 0 0 0 0 653 326 37 8 0 0 0 0 
812 205 6 1 0 0 0 0 858 161 4 1 0 0 0 0 920 99 4 1 0 0 0 0 
789 220 15 0 0 0 0 0 827 195 2 0 0 0 0 0 874 149 1 0 0 0 0 0 
645 369 10 0 0 0 0 0 710 314 0 0 0 0 0 0 792 232 0 0 0 0 0 0 
245 736 43 0 0 0 0 0 519 487 18 0 0 0 0 0 695 316 13 0 0 0 0 0 
1 316 252 193 104 116 41 1 32 384 218 195 117 74 4 0 143 391 211 133 123 22 1 0 
6 76 518 172 93 104 55 0 11 470 247 108 97 83 8 0 159 512 120 102 112 19 0 0 
19 322 429 183 37 24 10 0 36 379 399 154 33 21 2 0 124 527 277 56 32 8 0 0 
0 198 277 160 157 183 48 1 13 293 228 180 213 92 5 0 80 340 204 197 167 35 1 0 
78 192 324 210 118 65 33 4 73 239 345 203 103 47 14 0 149 374 292 120 61 26 2 0 
350 271 221 104 33 27 17 1 356 291 196 118 32 29 2 0 470 289 163 54 30 17 1 0 
217 280 151 135 133 97 11 0 199 318 172 128 153 54 0 0 318 264 170 143 113 16 0 0 
1 14 25 164 311 398 99 12 3 18 62 262 459 204 16 0 8 31 162 380 396 47 0 0 
0 2 67 168 222 426 135 4 1 36 163 155 441 222 6 0 5 121 144 281 443 30 0 0 
0 17 107 197 245 273 174 11 5 91 238 220 272 182 16 0 35 199 216 281 248 42 3 0 
46 360 169 193 128 89 37 2 54 433 252 122 104 55 4 0 141 477 175 134 80 16 1 0 
5 204 274 286 168 66 21 0 8 241 267 324 137 40 7 0 32 383 370 151 70 18 0 0 
253 307 219 134 85 22 4 0 219 357 226 136 71 13 2 0 273 425 217 87 17 5 0 0 
99 164 134 178 233 176 33 7 97 213 184 231 226 59 14 0 181 198 222 257 137 27 2 0 
13 113 277 291 182 105 42 1 12 157 285 340 148 74 8 0 46 317 375 180 87 18 1 0 
35 233 291 207 116 110 32 0 47 240 330 206 139 58 4 0 125 381 271 129 105 13 0 0 
15 168 485 286 55 13 2 0 18 200 524 243 30 9 0 0 50 408 479 71 16 0 0 0 
5 196 453 254 85 27 4 0 13 314 417 209 57 14 0 0 92 436 358 104 28 6 0 0 
0 48 259 208 151 155 184 19 10 153 269 186 154 213 39 0 90 279 201 151 198 105 0 0 
0 23 291 254 129 189 133 5 0 153 293 229 202 141 6 0 67 311 251 183 192 20 0 0 
0 91 401 225 124 108 69 6 8 284 381 146 112 77 16 0 96 458 212 134 82 39 3 0 
0 100 420 308 82 72 39 3 6 183 455 240 100 30 10 0 48 454 342 116 50 14 0 0 
6 160 398 307 111 41 1 0 25 254 383 285 75 2 0 0 120 395 350 140 19 0 0 0 
138 155 110 96 132 265 118 10 214 176 114 150 298 64 8 0 323 136 133 279 135 18 0 0 
84 272 254 223 95 59 32 5 182 334 239 145 88 31 5 0 372 274 222 97 48 11 0 0 
0 48 252 429 197 90 8 0 3 293 427 184 110 7 0 0 105 453 223 188 53 2 0 0 
0 8 430 586 0 0 0 0 0 212 812 0 0 0 0 0 11 909 104 0 0 0 0 0 
0 56 968 0 0 0 0 0 0 741 283 0 0 0 0 0 4 1002 18 0 0 0 0 0 
0 130 894 0 0 0 0 0 0 998 26 0 0 0 0 0 11 1013 0 0 0 0 0 0 
155 456 408 5 0 0 0 0 206 763 55 0 0 0 0 0 330 681 13 0 0 0 0 0 
11 266 740 7 0 0 0 0 30 718 276 0 0 0 0 0 87 861 76 0 0 0 0 0 
55 529 422 18 0 0 0 0 107 650 265 2 0 0 0 0 171 681 171 1 0 0 0 0 
8 383 563 70 0 0 0 0 22 592 410 0 0 0 0 0 44 628 352 0 0 0 0 0 
0 274 736 14 0 0 0 0 12 750 261 1 0 0 0 0 40 791 193 0 0 0 0 0 
10 403 572 39 0 0 0 0 64 599 358 3 0 0 0 0 120 631 271 2 0 0 0 0 
34 541 429 20 0 0 0 0 96 733 188 7 0 0 0 0 165 720 136 3 0 0 0 0 
15 461 286 91 103 63 5 0 21 614 166 94 97 32 0 0 33 590 183 94 94 30 0 0 
172 44 147 111 254 221 75 0 148 114 133 165 269 166 29 0 162 100 137 171 275 154 25 0 
327 337 126 41 31 79 82 1 299 366 129 39 36 97 57 1 394 327 90 24 36 103 50 0 
393 615 15 1 0 0 0 0 440 571 12 1 0 0 0 0 596 419 8 1 0 0 0 0 
586 408 30 0 0 0 0 0 622 395 7 0 0 0 0 0 702 316 6 0 0 0 0 0 
673 311 40 0 0 0 0 0 712 302 10 0 0 0 0 0 772 243 9 0 0 0 0 0 
843 181 0 0 0 0 0 0 852 172 0 0 0 0 0 0 935 89 0 0 0 0 0 0 
863 120 28 13 0 0 0 0 881 102 27 14 0 0 0 0 923 71 27 3 0 0 0 0 
50 320 488 166 0 0 0 0 54 292 510 167 1 0 0 0 149 470 385 20 0 0 0 0 
250 435 311 24 4 0 0 0 224 401 358 36 5 0 0 0 338 501 172 10 3 0 0 0 
958 66 0 0 0 0 0 0 957 67 0 0 0 0 0 0 981 43 0 0 0 0 0 0 
716 306 2 0 0 0 0 0 760 264 0 0 0 0 0 0 849 175 0 0 0 0 0 0 
335 579 110 0 0 0 0 0 402 600 22 0 0 0 0 0 471 537 16 0 0 0 0 0 
262 650 109 3 0 0 0 0 435 553 34 2 0 0 0 0 540 456 26 2 0 0 0 0 
66 348 396 177 25 8 4 0 125 447 318 120 9 5 0 0 248 517 192 54 10 3 0 0 
11 258 473 83 45 51 95 8 45 528 238 49 56 92 16 0 138 609 88 57 80 50 2 0 
220 451 302 23 11 8 8 1 274 577 133 19 9 10 2 0 354 538 103 10 10 9 0 0 
193 450 336 45 0 0 0 0 224 505 240 52 3 0 0 0 297 423 282 22 0 0 0 0 
63 652 272 35 2 0 0 0 64 652 268 36 4 0 0 0 95 682 230 15 2 0 0 0 
65 379 425 120 18 12 5 0 74 349 437 134 15 15 0 0 158 477 334 35 17 3 0 0 
175 357 279 92 50 54 17 0 172 365 281 116 54 35 1 0 263 416 219 70 45 11 0 0 
100 221 111 91 155 220 122 4 87 274 124 131 249 151 8 0 73 302 166 255 209 19 0 0 
29 516 137 45 116 176 5 0 27 545 125 95 195 37 0 0 25 521 180 193 105 0 0 0 
200 574 169 33 26 17 5 0 170 652 134 37 25 5 1 0 204 621 140 41 14 4 0 0 
5 391 397 99 80 46 6 0 4 424 389 109 92 6 0 0 10 371 446 150 47 0 0 0 
4 494 235 34 81 171 5 0 2 500 241 56 146 79 0 0 7 448 304 101 163 1 0 0 
130 511 160 41 61 120 1 0 124 551 135 43 131 40 0 0 116 479 227 83 119 0 0 0 
72 447 200 151 92 57 5 0 84 427 213 166 97 37 0 0 102 481 245 117 78 1 0 0 
15 342 339 257 59 11 1 0 18 354 352 254 40 5 1 0 50 459 422 80 11 2 0 0 
2 227 243 189 192 131 38 2 12 313 239 235 163 60 2 0 38 391 279 218 91 7 0 0 
2 135 316 185 167 167 46 6 13 310 253 177 197 69 5 0 46 416 227 194 125 15 1 0 
25 166 184 175 225 175 69 5 39 246 164 218 239 106 12 0 104 242 200 271 170 36 1 0 
45 278 180 111 114 140 139 17 43 302 170 133 164 177 35 0 167 277 150 141 188 97 4 0 
13 57 223 180 163 296 84 8 32 235 178 140 309 117 12 1 97 265 166 178 290 26 2 0 
17 131 166 278 110 110 163 49 52 204 139 232 183 170 43 1 146 211 196 216 163 88 4 0 
1 36 217 354 145 103 164 4 1 72 240 382 170 154 5 0 28 210 367 223 178 18 0 0 
138 370 281 120 56 36 19 4 106 445 254 117 73 24 5 0 298 431 153 97 32 12 1 0 
0 15 33 383 279 123 175 16 0 18 64 422 331 163 26 0 10 51 347 386 172 58 0 0 
0 47 158 152 251 192 192 32 4 164 134 208 271 229 14 0 35 214 201 270 267 37 0 0 
29 75 328 154 210 160 60 8 65 272 253 204 158 61 11 0 157 308 208 217 101 29 4 0 
13 65 559 355 17 12 3 0 35 456 502 9 16 6 0 0 48 868 80 9 16 3 0 0 
3 678 343 0 0 0 0 0 135 885 4 0 0 0 0 0 233 791 0 0 0 0 0 0 
0 752 272 0 0 0 0 0 52 966 6 0 0 0 0 0 119 903 2 0 0 0 0 0 
37 359 628 0 0 0 0 0 69 923 32 0 0 0 0 0 116 890 18 0 0 0 0 0 
104 393 527 0 0 0 0 0 124 821 79 0 0 0 0 0 179 830 15 0 0 0 0 0 
347 317 345 15 0 0 0 0 384 469 171 0 0 0 0 0 453 465 103 3 0 0 0 0 
152 281 566 25 0 0 0 0 170 410 444 0 0 0 0 0 188 399 437 0 0 0 0 0 
33 154 770 67 0 0 0 0 43 259 722 0 0 0 0 0 64 275 685 0 0 0 0 0 
2 288 720 14 0 0 0 0 5 450 568 1 0 0 0 0 20 459 544 1 0 0 0 0 
62 469 479 14 0 0 0 0 80 653 291 0 0 0 0 0 163 626 230 5 0 0 0 0 
78 746 200 0 0 0 0 0 85 830 109 0 0 0 0 0 161 785 78 0 0 0 0 0 
0 209 542 170 95 8 0 0 0 347 468 152 56 1 0 0 0 382 429 157 55 1 0 0 
46 16 87 159 319 323 69 5 35 39 124 207 343 256 19 1 37 33 126 211 361 241 15 0 
196 213 100 77 121 213 104 0 131 263 119 97 122 235 57 0 204 239 85 83 126 236 51 0 
601 61 130 129 80 20 3 0 582 82 132 138 72 15 3 0 593 96 158 137 33 5 2 0 
572 205 154 60 17 10 5 1 565 191 175 62 21 8 2 0 612 263 102 30 12 4 1 0 
763 44 35 121 25 19 17 0 760 44 48 116 32 20 4 0 772 43 60 112 19 16 2 0 
756 66 64 50 56 32 0 0 752 67 66 49 62 28 0 0 761 86 59 55 58 5 0 0 
513 409 80 15 7 0 0 0 459 449 93 17 6 0 0 0 659 312 39 11 3 0 0 0 
439 335 176 35 16 23 0 0 402 355 191 41 25 10 0 0 551 301 124 20 27 1 0 0 
768 113 63 55 23 2 0 0 756 95 90 58 25 0 0 0 790 138 44 45 7 0 0 0 
703 131 152 38 0 0 0 0 688 122 155 59 0 0 0 0 737 155 119 13 0 0 0 0 
207 336 356 119 6 0 0 0 204 329 344 139 8 0 0 0 268 417 292 46 1 0 0 0 
14 247 400 325 38 0 0 0 29 342 401 245 7 0 0 0 53 335 420 209 7 0 0 0 
237 184 232 218 80 31 22 20 276 271 267 127 36 28 17 2 346 255 254 102 28 28 11 0 
203 687 134 0 0 0 0 0 336 683 5 0 0 0 0 0 498 523 3 0 0 0 0 0 
784 229 11 0 0 0 0 0 825 196 3 0 0 0 0 0 891 133 0 0 0 0 0 0 
599 271 109 43 2 0 0 0 551 291 113 63 6 0 0 0 683 240 85 16 0 0 0 0 
486 364 152 22 0 0 0 0 423 391 175 35 0 0 0 0 596 310 112 6 0 0 0 0 
741 226 51 6 0 0 0 0 664 282 70 8 0 0 0 0 786 201 37 0 0 0 0 0 
520 314 52 90 43 5 0 0 502 334 39 103 44 2 0 0 532 331 92 61 8 0 0 0 
91 315 99 121 216 181 1 0 29 380 100 157 321 37 0 0 49 387 169 303 116 0 0 0 
1 59 73 165 362 336 28 0 0 58 82 252 562 70 0 0 4 100 188 570 162 0 0 0 
1 52 115 211 360 270 15 0 3 80 130 282 399 128 2 0 8 113 179 455 229 40 0 0 
0 2 26 199 343 384 59 11 0 8 59 307 522 112 16 0 1 26 229 464 282 18 4 0 
0 0 1 116 440 435 32 0 0 0 4 215 607 198 0 0 0 0 94 475 435 20 0 0 
0 0 9 140 467 400 8 0 0 0 28 303 570 123 0 0 0 4 143 531 335 11 0 0 
0 4 15 161 452 382 10 0 2 4 46 345 548 79 0 0 4 12 225 526 253 4 0 0 
7 99 197 237 258 191 35 0 8 134 221 333 272 56 0 0 32 212 298 371 109 2 0 0 
2 166 458 361 33 4 0 0 2 149 438 389 44 2 0 0 28 348 501 141 6 0 0 0 
2 233 385 211 128 52 9 4 20 374 293 185 126 20 5 1 55 410 299 182 64 10 4 0 
21 331 317 140 97 82 24 12 31 482 258 120 89 34 9 1 42 581 206 122 59 9 5 0 
41 624 311 12 19 11 4 2 61 807 114 14 18 6 4 0 131 782 82 17 8 4 0 0 
73 347 192 167 115 85 36 9 86 358 223 187 113 46 10 1 157 416 235 135 66 14 1 0 
355 369 153 68 35 21 23 0 354 441 104 73 31 21 0 0 499 356 87 48 30 4 0 0 
65 199 175 196 141 161 75 12 61 249 195 245 190 75 9 0 152 272 236 217 120 24 3 0 
99 340 266 83 65 112 55 4 101 449 206 72 103 83 10 0 232 402 158 82 113 36 1 0 
48 242 290 57 93 185 96 13 82 402 145 72 186 114 22 1 147 400 126 110 192 47 2 0 
146 565 292 6 4 9 2 0 242 700 66 4 8 4 0 0 341 633 36 7 6 1 0 0 
81 373 531 20 10 5 3 1 151 496 355 11 6 4 1 0 196 490 326 5 4 3 0 0 
732 234 58 0 0 0 0 0 777 237 10 0 0 0 0 0 818 196 10 0 0 0 0 0 
386 622 16 0 0 0 0 0 473 551 0 0 0 0 0 0 528 496 0 0 0 0 0 0 
383 637 4 0 0 0 0 0 475 549 0 0 0 0 0 0 577 447 0 0 0 0 0 0 
182 680 162 0 0 0 0 0 196 826 2 0 0 0 0 0 300 724 0 0 0 0 0 0 
170 594 260 0 0 0 0 0 206 810 8 0 0 0 0 0 232 790 2 0 0 0 0 0 
100 475 449 0 0 0 0 0 151 808 65 0 0 0 0 0 223 786 15 0 0 0 0 0 
202 514 308 0 0 0 0 0 219 678 127 0 0 0 0 0 279 679 66 0 0 0 0 0 
380 237 406 1 0 0 0 0 401 473 150 0 0 0 0 0 438 497 89 0 0 0 0 0 
71 228 673 52 0 0 0 0 116 345 563 0 0 0 0 0 158 373 493 0 0 0 0 0 
0 206 805 13 0 0 0 0 0 407 610 7 0 0 0 0 0 396 615 13 0 0 0 0 
49 671 181 61 58 4 0 0 53 705 135 65 63 3 0 0 108 666 151 66 33 0 0 0 
3 382 555 81 1 2 0 0 2 481 449 89 0 3 0 0 7 470 519 25 2 1 0 0 
108 196 157 223 268 70 2 0 101 226 156 302 214 25 0 0 111 232 147 288 220 26 0 0 
0 0 24 218 639 128 15 0 0 1 33 429 508 48 5 0 0 1 37 397 524 58 7 0 
2 7 207 398 315 79 14 2 2 23 257 440 256 39 7 0 4 102 394 332 157 28 7 0 
0 93 314 345 186 85 1 0 1 138 324 375 153 33 0 0 37 355 381 182 68 1 0 0 
0 3 124 394 340 142 20 1 2 4 134 498 303 80 3 0 4 129 421 317 138 14 1 0 
0 1 36 163 312 452 57 3 0 5 57 229 397 331 4 1 0 30 159 289 492 51 3 0 
10 108 128 159 221 367 30 1 16 119 156 172 321 239 1 0 29 158 184 195 442 16 0 0 
9 94 453 335 116 17 0 0 8 94 465 346 97 14 0 0 18 259 488 188 70 1 0 0 
1 55 170 305 340 121 32 0 1 42 272 464 218 27 0 0 22 193 426 318 64 1 0 0 
20 180 299 239 212 72 2 0 8 156 361 323 169 7 0 0 69 332 330 264 29 0 0 0 
194 493 241 66 25 5 0 0 167 490 275 85 7 0 0 0 306 502 182 29 5 0 0 0 
52 413 355 189 15 0 0 0 66 427 384 142 5 0 0 0 125 495 321 81 2 0 0 0 
257 378 257 115 15 2 0 0 265 419 262 74 3 1 0 0 286 417 258 61 2 0 0 0 
374 348 300 2 0 0 0 0 407 433 183 1 0 0 0 0 411 423 180 10 0 0 0 0 
226 382 416 0 0 0 0 0 238 536 250 0 0 0 0 0 243 441 340 0 0 0 0 0 
747 259 18 0 0 0 0 0 741 270 13 0 0 0 0 0 786 216 22 0 0 0 0 0 
760 203 36 16 8 1 0 0 748 216 42 14 4 0 0 0 798 173 37 13 3 0 0 0 
203 188 307 211 101 14 0 0 202 232 281 215 84 10 0 0 248 317 279 134 43 3 0 0 
13 258 463 276 14 0 0 0 10 231 450 320 13 0 0 0 101 449 430 44 0 0 0 0 
1 112 439 369 85 18 0 0 4 94 409 412 98 7 0 0 43 386 479 107 9 0 0 0 
6 132 467 378 36 5 0 0 9 128 389 444 50 4 0 0 70 416 468 62 8 0 0 0 
0 24 186 293 157 243 121 0 0 25 218 304 264 207 6 0 12 185 306 214 286 21 0 0 
0 0 34 86 194 598 111 1 0 1 56 148 594 225 0 0 0 30 112 293 587 2 0 0 
0 3 77 248 291 328 77 0 2 16 109 344 444 108 1 0 7 65 292 396 256 8 0 0 
0 0 39 440 235 295 15 0 0 0 84 478 387 75 0 0 0 26 423 345 228 2 0 0 
0 0 8 266 584 141 21 4 0 1 11 412 531 68 1 0 0 2 241 638 131 12 0 0 
0 6 41 111 312 427 122 5 0 9 59 237 507 208 4 0 4 55 171 424 352 18 0 0 
24 132 125 207 273 240 23 0 27 138 135 229 421 74 0 0 65 184 216 403 155 1 0 0 
12 113 273 265 315 41 5 0 21 104 283 339 264 13 0 0 53 289 268 331 82 1 0 0 
0 9 120 188 274 330 85 18 0 67 140 220 393 192 12 0 17 161 172 335 295 43 1 0 
1 20 111 150 282 421 30 9 5 108 130 140 484 143 13 1 32 157 126 424 262 17 6 0 
6 258 245 189 170 113 40 3 32 281 253 194 186 72 6 0 113 349 239 202 101 19 1 0 
57 126 255 209 135 138 85 19 55 300 269 130 153 95 22 0 117 395 205 157 117 31 2 0 
51 62 132 151 109 157 287 75 71 186 152 93 158 249 113 2 147 213 103 155 189 206 11 0 
26 126 384 250 80 81 75 2 64 476 228 77 92 78 9 0 238 503 62 91 99 31 0 0 
28 192 133 99 240 224 101 7 65 246 99 139 324 133 18 0 168 195 76 224 307 54 0 0 
157 221 337 86 75 82 62 4 197 399 169 80 97 76 6 0 280 396 123 87 101 37 0 0 
46 505 359 31 26 38 18 1 114 582 233 33 32 28 2 0 223 515 215 29 36 6 0 0 
177 447 369 31 0 0 0 0 261 493 258 12 0 0 0 0 370 437 210 7 0 0 0 0 
198 207 602 17 0 0 0 0 202 598 211 13 0 0 0 0 211 630 178 5 0 0 0 0 
706 257 50 11 0 0 0 0 687 251 79 7 0 0 0 0 793 190 39 2 0 0 0 0 
911 109 4 0 0 0 0 0 916 104 4 0 0 0 0 0 952 69 3 0 0 0 0 0 
262 693 69 0 0 0 0 0 303 717 4 0 0 0 0 0 346 673 5 0 0 0 0 0 
60 772 192 0 0 0 0 0 126 879 19 0 0 0 0 0 215 799 10 0 0 0 0 0 
231 367 425 1 0 0 0 0 254 556 214 0 0 0 0 0 292 577 155 0 0 0 0 0 
92 452 476 4 0 0 0 0 116 620 288 0 0 0 0 0 155 671 198 0 0 0 0 0 
0 182 839 3 0 0 0 0 1 590 433 0 0 0 0 0 8 699 314 3 0 0 0 0 
107 610 295 12 0 0 0 0 131 659 223 11 0 0 0 0 191 640 170 23 0 0 0 0 
0 20 216 271 306 152 52 7 0 39 234 371 310 60 10 0 0 121 308 422 152 21 0 0 
2 38 177 316 323 166 2 0 1 37 211 424 333 17 1 0 6 124 367 409 116 2 0 0 
0 10 264 255 348 140 7 0 0 13 285 324 360 39 3 0 1 48 401 415 146 13 0 0 
0 5 183 485 281 70 0 0 0 21 244 474 244 41 0 0 0 32 491 296 190 15 0 0 
0 8 158 418 335 105 0 0 0 13 155 458 349 49 0 0 1 76 400 351 189 7 0 0 
0 44 327 458 168 27 0 0 0 40 314 480 177 13 0 0 36 302 463 159 63 1 0 0 
0 109 465 382 63 5 0 0 0 96 475 382 66 5 0 0 36 446 415 97 30 0 0 0 
0 23 235 327 337 101 1 0 0 37 223 405 316 43 0 0 10 206 329 294 180 5 0 0 
1 122 306 243 209 143 0 0 1 137 321 302 174 89 0 0 46 317 318 207 136 0 0 0 
133 484 290 90 25 2 0 0 120 495 311 81 16 1 0 0 321 479 176 43 5 0 0 0 
23 375 311 224 79 12 0 0 21 401 342 215 44 1 0 0 130 489 292 108 5 0 0 0 
10 59 90 280 480 105 0 0 17 78 194 474 257 4 0 0 49 111 320 483 61 0 0 0 
49 95 88 190 309 286 7 0 56 121 168 279 351 49 0 0 103 135 236 377 168 5 0 0 
147 364 305 93 95 20 0 0 132 405 318 101 64 4 0 0 197 460 248 99 20 0 0 0 
141 293 306 220 46 10 5 3 127 339 340 177 27 7 5 2 165 385 341 99 22 6 5 1 
14 236 610 142 15 7 0 0 28 366 456 152 13 9 0 0 51 504 417 33 13 6 0 0 
486 254 77 33 46 84 40 4 497 268 58 43 80 61 17 0 542 235 57 57 84 42 7 0 
116 133 246 184 151 183 11 0 105 153 240 245 228 53 0 0 140 243 265 188 180 8 0 0 
47 78 208 246 197 165 79 4 56 89 241 268 228 125 17 0 74 199 299 237 168 41 6 0 
4 134 352 320 172 40 2 0 9 140 349 351 153 22 0 0 55 347 361 204 55 2 0 0 
110 479 262 137 32 4 0 0 94 484 286 130 26 4 0 0 338 414 195 70 7 0 0 0 
136 365 217 140 97 52 17 0 141 362 250 146 90 35 0 0 311 333 195 118 64 3 0 0 
171 583 200 57 11 2 0 0 140 597 218 58 9 2 0 0 393 483 123 22 3 0 0 0 
7 183 397 240 91 88 16 2 11 219 411 217 104 59 3 0 115 437 285 97 87 3 0 0 
0 2 48 105 226 444 197 2 0 6 54 132 451 380 1 0 4 45 86 236 617 36 0 0 
0 0 6 33 237 653 94 1 0 0 13 117 647 245 2 0 0 7 44 426 541 6 0 0 
0 0 13 109 379 408 115 0 0 0 11 173 637 202 1 0 0 22 95 468 432 7 0 0 
0 0 1 287 681 55 0 0 0 0 2 315 670 37 0 0 0 1 201 714 98 10 0 0 
0 1 28 256 543 195 1 0 0 1 36 309 555 123 0 0 1 17 184 578 243 1 0 0 
0 0 12 261 428 315 8 0 0 0 14 351 522 137 0 0 0 7 230 512 267 8 0 0 
0 9 72 411 399 108 25 0 0 11 79 463 416 54 1 0 3 54 306 542 118 1 0 0 
1 52 94 368 394 115 0 0 0 41 103 411 431 38 0 0 4 76 287 551 105 1 0 0 
0 0 3 93 416 456 56 0 0 0 5 176 654 188 1 0 0 1 89 597 329 8 0 0 
0 0 3 81 435 408 97 0 0 2 11 162 594 253 2 0 0 9 105 584 316 10 0 0 
0 0 15 93 265 410 186 55 0 13 52 132 449 341 37 0 9 47 110 387 375 96 0 0 
0 0 5 58 380 361 212 8 0 1 17 99 579 313 15 0 0 8 82 482 376 76 0 0 
2 51 205 95 153 269 249 0 5 192 125 110 261 323 8 0 46 247 98 181 380 72 0 0 
4 42 241 375 239 101 22 0 10 114 203 406 234 57 0 0 35 247 365 259 113 5 0 0 
3 98 327 397 98 76 24 1 4 142 281 434 118 43 2 0 47 289 442 164 70 12 0 0 
24 151 515 275 41 12 6 0 24 142 519 288 43 8 0 0 49 281 540 137 14 3 0 0 
4 251 373 211 99 64 22 0 16 356 332 189 88 38 5 0 44 443 314 129 73 20 1 0 
100 284 344 149 46 58 38 5 92 370 286 165 67 40 4 0 240 429 198 97 54 6 0 0 
308 125 189 233 52 53 39 25 299 168 188 226 64 39 32 8 343 209 234 138 45 31 24 0 
471 159 247 144 3 0 0 0 457 155 221 182 9 0 0 0 498 173 304 47 2 0 0 0 
381 436 141 66 0 0 0 0 363 444 120 93 4 0 0 0 436 397 136 55 0 0 0 0 
104 813 66 3 2 8 21 7 150 826 7 3 4 13 21 0 207 771 6 2 8 22 8 0 
86 382 181 161 40 64 88 22 102 419 132 165 75 97 33 1 145 426 185 108 93 59 8 0 
3 128 398 425 67 3 0 0 4 175 311 433 97 4 0 0 39 296 515 164 10 0 0 0 
1 116 468 378 61 0 0 0 1 117 408 374 124 0 0 0 37 368 460 156 3 0 0 0 
5 181 623 181 24 5 5 0 3 155 597 230 29 5 5 0 44 355 521 84 12 8 0 0 
0 76 105 63 91 116 199 374 14 140 70 65 164 425 146 0 29 161 67 121 284 362 0 0 
0 5 35 57 173 318 299 137 0 30 60 156 355 385 38 0 2 49 140 290 414 129 0 0 
0 0 2 166 363 323 157 13 0 0 10 364 464 179 7 0 0 6 247 463 286 22 0 0 
0 0 14 395 425 183 7 0 0 0 16 565 377 65 1 0 0 21 382 419 184 18 0 0 
0 0 8 359 458 199 0 0 0 0 24 493 492 15 0 0 0 27 362 498 137 0 0 0 
0 0 8 317 547 149 3 0 0 0 18 436 514 56 0 0 0 14 262 480 255 13 0 0 
0 0 28 346 570 79 1 0 0 2 31 500 444 47 0 0 0 51 294 477 196 6 0 0 
0 0 34 502 349 123 16 0 0 0 60 702 231 31 0 0 0 112 611 247 54 0 0 0 
8 31 55 386 412 131 1 0 9 33 88 525 357 12 0 0 16 115 466 378 49 0 0 0 
116 154 108 187 323 135 1 0 111 163 115 246 332 57 0 0 176 156 215 358 116 3 0 0 
0 45 107 235 440 197 0 0 1 59 127 289 466 82 0 0 10 107 286 364 253 4 0 0 
1 31 71 269 481 168 3 0 9 33 97 317 478 90 0 0 22 68 236 393 292 13 0 0 
0 2 42 398 450 131 1 0 0 7 43 409 467 97 1 0 0 34 409 362 204 15 0 0 
0 13 81 440 408 81 1 0 0 22 101 465 391 45 0 0 1 64 479 411 68 1 0 0 
0 3 37 248 416 313 7 0 0 5 50 304 492 173 0 0 2 17 276 409 296 24 0 0 
0 4 11 151 468 363 27 0 0 8 16 270 594 136 0 0 1 12 177 534 295 5 0 0 
0 0 1 202 625 183 13 0 0 0 5 336 608 71 4 0 0 0 217 629 167 11 0 0 
0 0 2 88 404 325 197 8 0 0 8 194 483 321 18 0 0 5 127 414 430 48 0 0 
0 0 3 124 396 378 120 3 0 0 5 170 451 388 10 0 0 1 89 374 508 52 0 0 
6 83 115 165 352 297 6 0 8 83 131 177 399 224 2 0 46 122 163 259 405 28 1 0 
155 364 221 104 107 69 4 0 104 413 229 120 116 41 1 0 323 347 145 121 75 13 0 0 
472 276 91 70 64 46 5 0 444 323 94 73 72 17 1 0 633 180 90 71 43 6 1 0 
132 346 199 119 90 53 61 24 169 363 215 102 81 75 19 0 357 311 151 88 77 39 1 0 
11 139 125 74 100 156 306 113 32 161 131 93 174 371 62 0 93 185 96 151 403 96 0 0 
0 10 34 113 226 316 264 61 0 13 80 140 408 344 39 0 0 27 140 284 496 77 0 0 
0 0 4 113 287 380 216 24 0 0 8 168 472 331 45 0 1 18 125 387 427 66 0 0 
0 0 3 129 467 351 72 2 0 0 15 200 655 152 2 0 0 3 167 531 321 2 0 0 
0 14 38 93 393 432 54 0 0 10 41 160 645 164 4 0 25 45 126 503 314 11 0 0 
0 0 2 89 555 342 36 0 0 0 3 181 653 185 2 0 0 0 65 615 309 35 0 0 
0 0 4 179 537 302 2 0 0 0 5 236 690 93 0 0 0 1 117 609 289 8 0 0 
0 0 13 46 461 458 46 0 0 1 22 112 698 189 2 0 0 12 50 571 378 13 0 0 
0 0 0 34 478 498 14 0 0 0 0 94 752 176 2 0 0 0 36 590 384 14 0 0 
0 0 0 10 502 477 34 1 0 0 0 63 739 220 2 0 0 0 11 524 462 25 2 0 
0 0 0 31 432 544 17 0 0 0 0 91 797 136 0 0 0 0 45 623 355 1 0 0 
0 0 0 14 305 642 61 2 0 0 0 70 666 282 6 0 0 0 25 406 548 44 1 0 
0 0 0 3 489 516 16 0 0 0 0 73 804 145 2 0 0 0 10 550 452 12 0 0 
0 0 6 63 454 462 39 0 0 2 14 215 646 147 0 0 2 5 65 556 376 20 0 0 
0 2 82 210 334 297 96 3 0 11 131 261 404 204 13 0 8 84 189 372 307 64 0 0 
8 112 230 223 190 239 20 2 19 145 274 216 261 106 3 0 76 249 242 259 182 16 0 0 
0 65 241 249 238 180 50 1 7 82 288 317 224 96 9 1 23 253 337 249 141 19 2 0 
5 126 244 183 177 151 124 14 23 222 208 173 189 166 43 0 114 289 192 151 184 92 2 0 
0 15 101 149 250 283 187 39 2 93 143 222 289 227 45 3 21 174 193 247 296 85 8 0 
3 27 140 158 125 197 355 19 20 162 145 120 181 372 21 3 89 207 113 128 394 90 2 1 
42 79 301 210 116 155 113 8 60 278 224 154 163 124 21 0 140 311 199 148 158 65 3 0 
85 186 212 174 162 108 92 5 74 222 253 209 140 107 18 1 137 245 295 177 118 50 2 0 
0 62 137 489 98 78 148 12 0 59 122 489 138 147 69 0 0 123 449 204 93 144 11 0 
0 4 69 129 228 331 224 39 9 57 101 197 370 262 28 0 42 92 138 305 385 62 0 0 
6 64 241 223 179 179 115 17 8 114 235 248 236 157 26 0 73 206 283 224 178 60 0 0 
18 223 343 233 138 39 26 4 35 212 333 258 130 35 15 6 133 357 288 169 48 18 11 0 
46 352 356 160 61 22 24 3 34 354 369 173 55 13 21 5 169 458 247 101 17 10 21 1 
0 0 6 130 324 211 288 65 0 0 56 292 352 303 21 0 0 29 271 327 324 73 0 0 
0 1 84 437 384 85 31 2 0 3 154 582 258 26 1 0 0 56 518 396 53 1 0 0 
0 122 374 480 48 0 0 0 0 146 431 424 23 0 0 0 17 323 560 124 0 0 0 0 
0 133 348 482 61 0 0 0 1 149 410 440 24 0 0 0 25 276 520 203 0 0 0 0 
0 9 206 529 264 16 0 0 0 22 261 590 149 2 0 0 2 141 627 239 15 0 0 0 
0 5 112 435 297 147 28 0 0 29 231 446 255 63 0 0 7 153 458 240 162 3 1 0 
0 19 132 368 387 113 5 0 0 29 210 491 279 15 0 0 3 164 443 360 54 0 0 0 
0 0 21 546 386 69 2 0 0 5 69 708 220 22 0 0 1 107 629 245 42 0 0 0 
0 0 38 582 336 66 2 0 0 0 69 597 314 44 0 0 0 173 565 254 32 0 0 0 
0 0 7 155 539 304 19 0 0 1 17 276 649 75 6 0 0 11 182 607 205 19 0 0 
0 0 7 430 450 133 4 0 0 0 14 519 439 51 1 0 0 57 464 411 91 1 0 0 
0 0 60 498 357 109 0 0 0 0 34 576 378 36 0 0 0 44 514 354 110 2 0 0 
0 0 12 426 526 59 1 0 0 0 9 529 464 21 1 0 1 35 531 412 43 2 0 0 
0 0 0 107 625 281 11 0 0 0 2 215 614 190 3 0 0 1 145 546 321 11 0 0 
0 0 10 91 607 309 7 0 0 0 4 122 526 360 12 0 0 4 73 378 535 34 0 0 
0 0 4 172 492 347 9 0 0 0 5 199 590 228 2 0 0 12 188 531 287 6 0 0 
0 0 2 197 532 281 12 0 0 0 8 280 600 133 3 0 0 13 203 528 271 9 0 0 
0 0 9 111 299 372 193 40 0 0 11 176 414 369 54 0 0 10 151 346 399 116 2 0 
0 0 0 14 192 556 247 15 0 0 0 23 239 590 167 5 0 0 8 174 563 271 8 0 
0 0 33 247 379 279 85 1 0 0 20 257 412 276 59 0 1 40 240 375 303 65 0 0 
0 4 216 382 267 137 18 0 0 2 123 467 305 116 11 0 11 317 309 218 147 21 1 0 
97 107 94 345 342 39 0 0 78 121 84 329 385 27 0 0 141 118 365 353 47 0 0 0 
34 103 137 256 439 51 4 0 41 123 129 338 358 31 4 0 62 141 225 477 108 9 2 0 
11 152 233 144 114 70 214 86 7 180 232 148 145 263 49 0 17 258 278 127 273 71 0 0 
0 26 168 195 162 237 203 33 0 42 169 217 285 287 24 0 40 200 221 187 319 57 0 0 
0 43 280 378 277 46 0 0 0 35 257 437 278 17 0 0 64 315 379 242 24 0 0 0 
0 2 12 148 663 199 0 0 0 1 9 204 631 179 0 0 3 14 199 432 360 16 0 0 
0 6 28 48 255 556 131 0 0 5 23 47 256 584 109 0 6 22 35 122 523 313 3 0 
0 0 1 13 80 501 423 6 0 0 1 15 152 637 219 0 0 0 11 55 414 518 26 0 
0 0 0 2 248 614 147 13 0 0 0 13 458 465 87 1 0 0 0 89 618 300 17 0 
0 0 2 20 233 665 104 0 0 0 2 38 522 437 25 0 0 2 6 297 595 124 0 0 
0 4 24 52 272 611 58 3 0 13 18 65 573 346 9 0 0 21 43 347 565 46 2 0 
0 0 0 33 287 559 141 4 0 0 0 87 421 461 53 2 0 0 22 291 538 155 18 0 
0 0 2 23 247 733 19 0 0 0 10 60 691 262 1 0 0 9 24 399 582 10 0 0 
0 0 0 2 195 685 141 1 0 0 0 13 439 539 32 1 0 0 3 233 658 129 1 0 
0 0 0 21 335 620 47 1 0 0 0 68 600 346 10 0 0 0 12 338 607 67 0 0 
0 0 1 25 334 607 57 0 0 0 4 73 471 461 15 0 0 1 30 250 630 113 0 0 
0 0 0 51 368 514 91 0 0 0 3 81 479 446 15 0 0 0 32 296 621 75 0 0 
0 0 0 16 470 461 77 0 0 0 0 92 608 305 19 0 0 0 28 506 444 46 0 0 
0 0 5 56 342 551 70 0 0 0 6 77 488 439 14 0 0 4 65 392 529 34 0 0 
0 4 113 296 292 281 38 0 0 9 143 319 356 189 8 0 4 130 307 318 250 15 0 0 
0 1 23 98 265 438 199 0 0 8 29 110 337 476 64 0 1 23 98 278 450 174 0 0 
0 3 13 33 113 546 314 2 2 6 26 59 246 614 70 1 5 16 32 160 638 170 3 0 
4 84 255 304 192 151 33 1 12 80 230 376 241 84 1 0 48 216 365 217 173 5 0 0 
10 54 254 422 148 101 34 1 11 47 228 473 195 64 6 0 32 212 454 187 111 24 4 0 
0 24 354 464 138 38 5 1 0 20 347 491 140 23 3 0 27 343 486 121 44 3 0 0 
0 7 239 501 165 107 5 0 0 7 204 519 263 31 0 0 15 286 466 188 69 0 0 0 
0 29 256 533 182 13 9 2 1 29 221 533 224 11 5 0 21 255 517 205 19 5 2 0 
23 262 362 239 83 42 13 0 25 282 351 245 96 25 0 0 151 413 295 117 43 5 0 0 
83 262 203 193 104 135 41 3 114 263 181 200 172 84 10 0 235 277 197 162 115 34 4 0 
0 0 6 68 188 438 288 4 0 0 15 149 599 227 2 0 0 8 98 487 388 11 0 0 
3 91 234 256 201 141 66 0 5 129 303 278 225 52 0 0 37 264 321 276 94 0 0 0 
61 489 370 68 4 0 0 0 76 522 336 54 4 0 0 0 284 575 130 3 0 0 0 0 
33 204 496 213 43 3 0 0 36 277 478 173 27 1 0 0 129 514 309 39 1 0 0 0 
0 149 320 256 168 91 8 0 0 189 374 238 161 29 1 0 31 403 341 157 56 4 0 0 
0 2 16 161 285 394 134 0 0 1 22 288 538 143 0 0 1 24 248 364 350 5 0 0 
0 0 8 250 524 190 20 0 0 1 47 464 419 61 0 0 0 51 329 445 159 8 0 0 
0 0 7 152 529 296 8 0 0 0 29 159 535 265 4 0 1 23 201 591 174 2 0 0 
0 0 2 111 519 318 41 1 0 0 3 90 582 299 18 0 0 6 163 472 257 87 7 0 
0 0 0 46 302 570 74 0 0 0 5 126 454 389 18 0 0 0 30 202 553 198 9 0 
0 0 14 130 421 403 24 0 0 0 20 130 550 290 2 0 0 5 106 291 544 46 0 0 
0 0 45 219 422 299 7 0 0 0 39 222 372 351 8 0 0 44 172 182 521 73 0 0 
0 1 9 85 438 440 19 0 0 1 5 76 327 553 30 0 0 11 60 110 685 125 1 0 
0 0 0 23 554 408 7 0 0 0 0 28 459 494 11 0 0 0 7 230 706 48 1 0 
0 0 0 50 752 186 4 0 0 0 0 30 652 304 6 0 0 0 7 482 491 12 0 0 
0 0 12 204 585 187 4 0 0 0 15 200 561 213 3 0 0 27 189 440 325 11 0 0 
0 0 11 337 375 230 39 0 0 0 10 335 404 224 19 0 0 41 352 363 205 31 0 0 
0 0 5 70 301 459 154 3 0 1 6 90 375 446 74 0 1 6 102 372 443 68 0 0 
0 0 0 4 67 409 487 25 0 0 0 6 120 544 320 2 0 0 11 131 545 303 2 0 
0 0 0 22 101 388 462 19 0 0 0 23 149 553 266 1 0 0 37 155 579 221 0 0 
0 0 50 422 383 122 15 0 0 0 43 426 397 116 10 0 3 113 483 295 87 11 0 0 
0 0 126 714 142 10 0 0 0 0 45 697 237 13 0 0 1 205 654 116 16 0 0 0 
0 0 106 491 335 54 6 0 0 6 64 546 336 36 4 0 0 162 450 299 67 13 1 0 
0 1 8 187 337 212 182 65 1 1 4 185 474 284 43 0 1 21 218 395 295 62 0 0 
0 34 112 233 372 236 5 0 0 22 91 283 486 110 0 0 51 135 306 365 135 0 0 0 
0 71 157 313 310 138 3 0 0 54 164 297 393 83 1 0 72 169 316 320 111 4 0 0 
0 0 16 128 311 436 100 1 0 0 4 124 401 421 42 0 0 16 113 241 398 217 7 0 
0 0 0 2 76 505 372 37 0 0 0 2 178 583 214 15 0 0 2 45 458 435 50 2 
0 0 0 0 19 575 394 4 0 0 0 0 94 732 166 0 0 0 0 50 594 338 10 0 
0 0 0 0 20 294 600 78 0 0 0 2 71 521 396 2 0 0 0 25 389 552 26 0 
0 0 0 1 46 497 435 13 0 0 0 6 183 646 156 1 0 0 1 44 559 381 6 1 
0 4 20 144 491 311 21 1 0 9 25 256 590 106 6 0 0 18 142 480 323 27 2 0 
0 0 28 315 374 223 50 2 0 0 36 372 379 182 23 0 0 61 286 317 259 64 5 0 
0 0 19 214 456 280 23 0 0 1 27 295 505 160 4 0 0 20 245 433 277 16 1 0 
0 0 2 66 449 425 48 2 0 0 5 142 562 270 12 1 0 4 90 473 389 34 2 0 
0 0 1 59 510 369 50 3 0 0 10 150 574 237 20 1 0 6 122 481 334 46 3 0 
0 1 15 140 481 308 44 3 0 3 26 229 495 214 23 2 1 18 151 486 298 35 3 0 
0 0 7 244 587 145 9 0 0 1 23 418 478 71 1 0 1 10 250 550 176 5 0 0 
0 0 3 78 456 441 14 0 0 2 14 127 558 289 2 0 0 7 79 398 485 23 0 0 
0 0 2 48 506 401 34 1 0 0 7 76 602 288 18 1 0 3 70 538 351 29 1 0 
0 0 1 7 306 609 68 1 0 0 3 24 604 349 12 0 0 1 11 388 537 54 1 0 
0 0 0 11 267 655 59 0 0 0 0 31 268 665 28 0 0 0 9 93 680 210 0 0 
0 0 0 13 275 662 42 0 0 0 0 27 363 582 20 0 0 0 11 191 713 77 0 0 
0 5 64 225 518 177 3 0 0 7 77 282 507 118 1 0 0 38 168 431 343 12 0 0 
0 20 117 322 458 74 1 0 0 25 135 448 352 32 0 0 7 98 285 451 140 11 0 0 
0 4 146 459 350 32 1 0 0 15 201 517 242 17 0 0 13 145 428 336 66 4 0 0 
1 80 362 384 134 30 1 0 0 68 332 387 159 43 3 0 56 352 380 132 67 4 1 0 
1 75 272 417 177 48 2 0 4 61 229 392 220 80 6 0 55 260 386 158 118 15 0 0 
2 142 280 284 221 60 3 0 1 100 272 287 209 118 5 0 83 288 281 179 150 11 0 0 
13 77 286 444 154 18 0 0 8 58 254 433 227 12 0 0 58 279 363 236 53 3 0 0 
