0 496 528 0 0 0 0 0 0 0 0 616 408 0 0 0 0 0 0 0 0 0 1024 0 
0 342 682 0 0 0 0 0 0 0 0 511 513 0 0 0 0 0 0 0 0 0 1024 0 
0 152 872 0 0 0 0 0 0 0 0 432 592 0 0 0 0 0 0 0 0 0 1024 0 
0 58 839 94 21 5 6 1 34 112 24 437 417 0 0 0 57 100 16 5 11 7 803 25 
0 30 636 65 56 61 91 85 17 83 67 508 333 16 0 0 69 112 115 61 21 17 622 7 
0 0 1019 2 2 0 1 0 0 0 0 320 704 0 0 0 0 0 0 0 1 3 1006 14 
0 0 1024 0 0 0 0 0 0 0 0 376 648 0 0 0 0 0 0 0 0 0 1024 0 
0 0 1024 0 0 0 0 0 0 0 0 336 688 0 0 0 0 0 0 0 0 0 1024 0 
0 40 984 0 0 0 0 0 0 0 0 352 672 0 0 0 0 0 0 0 0 0 1024 0 
0 91 901 0 0 0 0 0 0 0 0 334 658 0 0 0 0 0 0 0 0 0 992 0 
0 0 916 108 0 0 0 0 0 0 0 0 844 180 0 0 0 0 0 0 0 0 386 638 
0 0 851 173 0 0 0 0 0 0 0 1 766 257 0 0 0 0 0 0 0 1 361 662 
0 14 834 98 28 16 18 16 18 79 30 20 732 145 0 0 10 98 39 17 9 15 328 508 
1 108 524 378 13 0 0 0 352 393 22 8 210 39 0 0 553 192 9 12 4 8 97 149 
0 32 94 326 147 120 157 148 136 371 183 191 131 12 0 0 413 329 226 55 1 0 0 0 
0 1 438 172 39 104 165 105 0 22 84 156 573 189 0 0 30 122 166 60 16 13 209 408 
0 0 664 360 0 0 0 0 0 0 0 0 616 408 0 0 0 0 0 0 0 0 208 816 
0 0 720 304 0 0 0 0 0 0 0 0 640 384 0 0 0 0 0 0 0 0 224 800 
0 0 776 248 0 0 0 0 0 0 0 0 692 332 0 0 0 0 0 0 0 0 301 723 
0 0 778 214 0 0 0 0 0 0 0 0 700 292 0 0 0 0 0 0 0 0 329 663 
0 0 0 594 430 0 0 0 0 0 0 0 0 645 379 0 0 0 0 0 0 0 0 1024 
0 13 170 484 296 18 12 31 44 245 36 22 36 404 237 0 78 224 36 31 18 9 16 612 
0 71 638 315 0 0 0 0 520 503 1 0 0 0 0 0 620 403 1 0 0 0 0 0 
0 76 793 148 7 0 0 0 748 276 0 0 0 0 0 0 918 106 0 0 0 0 0 0 
1 30 230 353 309 80 15 6 261 345 59 35 22 43 255 4 537 111 33 15 14 11 13 290 
0 0 6 178 190 108 129 413 22 60 89 164 343 202 141 3 83 150 330 142 12 10 15 282 
0 0 0 423 510 77 13 1 0 0 0 0 0 478 540 6 0 0 0 0 0 0 0 1024 
0 0 0 463 503 34 15 9 0 0 0 0 0 515 492 17 0 0 0 0 0 0 0 1024 
0 0 0 505 377 79 62 1 0 0 0 0 0 585 429 10 0 0 0 0 0 0 17 1007 
0 0 0 541 360 45 45 1 0 0 0 0 0 615 370 7 0 0 0 0 0 0 6 986 
0 30 68 14 154 534 193 31 25 78 27 82 73 319 400 20 20 105 88 38 23 97 213 440 
0 76 473 261 60 82 49 23 203 606 23 24 40 12 114 2 235 590 42 19 8 9 8 113 
0 14 417 552 38 2 1 0 322 682 18 2 0 0 0 0 833 189 2 0 0 0 0 0 
0 7 395 354 47 59 93 69 508 270 53 100 56 24 13 0 734 127 98 33 28 4 0 0 
0 1 59 157 63 399 207 138 35 196 23 40 128 392 171 39 187 81 61 84 54 201 170 186 
0 0 4 53 90 241 172 464 1 61 72 136 399 323 26 6 53 121 324 210 67 154 69 26 
0 0 1 14 145 446 100 318 0 3 19 67 226 465 241 3 2 23 132 188 83 191 171 234 
0 33 102 92 295 460 42 0 11 120 92 61 198 258 279 5 8 143 102 34 19 283 150 285 
0 35 110 192 281 355 50 1 4 191 144 114 212 113 241 5 21 215 187 36 15 131 172 247 
5 133 104 191 259 273 27 0 25 232 84 74 263 64 247 3 9 262 110 31 11 169 151 249 
0 503 437 15 9 12 38 10 665 286 11 40 15 7 0 0 460 504 46 5 6 3 0 0 
0 132 622 270 0 0 0 0 299 725 0 0 0 0 0 0 412 612 0 0 0 0 0 0 
0 0 61 708 177 30 26 22 123 786 51 36 22 6 0 0 673 296 41 14 0 0 0 0 
0 0 378 506 34 18 22 66 81 820 22 25 22 38 16 0 553 375 32 27 34 3 0 0 
0 0 402 102 36 130 166 188 135 359 45 151 246 83 5 0 161 379 222 214 46 2 0 0 
0 2 9 42 64 418 452 37 6 41 76 434 453 14 0 0 34 72 478 366 74 0 0 0 
0 0 12 71 132 205 184 420 4 105 178 261 237 236 3 0 109 226 310 293 86 0 0 0 
0 56 136 95 168 336 175 58 38 192 153 457 136 44 4 0 49 268 485 184 38 0 0 0 
1 214 604 56 65 55 29 0 233 589 77 97 28 0 0 0 194 651 123 51 5 0 0 0 
0 187 521 67 86 94 37 0 167 543 106 140 36 0 0 0 145 615 166 61 5 0 0 0 
0 123 256 38 43 52 126 386 245 173 56 107 374 69 0 0 228 264 235 290 7 0 0 0 
22 303 398 65 17 25 26 168 604 189 19 30 149 33 0 0 644 173 43 162 2 0 0 0 
0 61 189 581 123 48 20 2 211 700 79 29 5 0 0 0 595 403 22 4 0 0 0 0 
0 0 38 49 111 172 252 402 8 173 159 278 268 103 35 0 152 266 392 146 42 26 0 0 
0 6 453 104 21 52 91 297 199 370 49 87 117 186 16 0 297 354 106 164 101 2 0 0 
0 7 413 63 74 101 142 224 105 351 49 113 190 181 35 0 172 318 108 227 186 13 0 0 
0 0 18 72 120 198 458 158 3 85 122 277 482 55 0 0 94 115 304 434 77 0 0 0 
0 26 27 45 91 172 205 458 7 84 115 294 256 251 17 0 49 166 385 302 116 6 0 0 
0 2 50 68 142 345 327 90 21 78 161 490 271 3 0 0 65 162 588 207 2 0 0 0 
0 0 162 97 158 307 223 45 98 135 190 399 168 2 0 0 161 211 474 145 1 0 0 0 
0 0 13 13 28 61 185 724 4 26 38 113 698 145 0 0 28 60 330 584 22 0 0 0 
0 0 31 20 29 42 144 758 17 34 28 73 573 299 0 0 39 49 157 701 78 0 0 0 
0 3 75 104 130 197 242 273 24 128 116 152 336 260 8 0 80 164 178 406 159 37 0 0 
0 0 1 19 39 82 138 745 0 4 20 38 250 694 18 0 1 15 36 484 447 41 0 0 
0 0 4 2 12 29 126 851 1 8 16 75 348 560 16 0 10 34 147 514 316 3 0 0 
0 1 515 44 20 22 43 379 107 449 27 34 113 280 14 0 101 484 73 182 181 3 0 0 
0 12 220 335 193 82 53 129 95 197 69 391 173 90 9 0 165 159 190 406 92 12 0 0 
0 1 64 150 130 138 250 291 20 210 148 235 253 148 10 0 166 238 290 256 73 1 0 0 
1 25 232 215 53 78 231 189 107 371 56 113 326 51 0 0 296 240 184 286 18 0 0 0 
11 45 235 259 58 56 241 87 149 418 39 70 278 38 0 0 463 142 95 272 20 0 0 0 
0 0 13 14 33 61 243 628 4 27 38 113 531 279 0 0 30 59 220 558 125 0 0 0 
0 0 5 7 11 20 116 833 0 9 10 29 369 575 0 0 0 17 35 674 266 0 0 0 
0 2 41 53 84 102 131 579 5 57 79 100 265 486 0 0 15 102 114 418 339 4 0 0 
0 0 1 19 41 86 146 699 0 4 22 44 205 695 22 0 1 16 39 314 586 36 0 0 
0 0 0 0 5 9 75 903 0 0 5 13 259 703 12 0 0 2 41 491 455 3 0 0 
0 1 196 72 68 69 100 486 87 162 79 98 191 368 7 0 98 206 146 313 227 2 0 0 
0 18 242 120 76 145 172 219 106 239 105 165 228 146 3 0 191 207 237 263 92 2 0 0 
0 13 322 94 83 117 255 108 19 398 104 188 237 46 0 0 96 223 413 220 39 1 0 0 
1 35 406 67 40 71 243 129 66 434 42 83 255 112 0 0 93 344 193 256 106 0 0 0 
11 65 377 41 26 58 293 90 91 389 36 63 305 77 0 0 115 303 163 304 76 0 0 0 
