1010 0 2 2 1 0 2 7 8 1002 2 1 2 0 2 7 0 2 44 966 2 5 4 1 
775 1 4 4 8 9 12 211 18 758 7 12 17 51 37 124 2 12 248 588 54 64 47 9 
705 45 52 23 20 14 24 141 145 662 15 25 31 25 28 93 102 25 583 169 40 35 52 18 
935 9 6 4 6 8 4 52 169 779 3 8 6 8 10 41 12 18 840 93 10 24 21 6 
975 6 8 3 4 9 13 6 199 781 6 8 8 8 13 1 4 0 860 128 14 14 4 0 
818 7 5 11 22 44 40 77 40 784 14 24 46 48 48 20 6 13 269 615 45 60 16 0 
814 8 23 29 19 17 56 58 47 802 12 34 31 31 52 15 34 15 172 696 37 46 20 4 
265 39 164 143 66 77 72 198 166 406 69 81 59 67 73 103 302 78 90 315 84 63 57 35 
5 112 381 296 120 43 24 43 448 325 125 50 25 20 12 19 751 142 54 22 18 18 9 10 
54 308 394 132 55 45 20 16 643 215 62 57 24 15 5 3 814 102 60 25 14 6 3 0 
9 84 279 436 167 34 6 9 324 508 143 31 9 1 6 2 810 169 28 6 3 5 3 0 
5 24 234 483 197 37 5 7 231 549 166 32 7 1 5 1 764 189 25 5 3 4 2 0 
72 38 119 56 62 78 122 477 123 122 76 84 116 121 128 254 190 68 120 182 140 197 111 16 
0 38 138 124 109 168 172 275 121 142 107 169 173 149 122 41 248 143 172 180 158 104 19 0 
102 218 416 180 33 25 23 27 708 181 41 32 23 19 11 9 863 68 29 32 14 8 9 1 
260 396 211 36 13 23 24 61 808 74 20 20 19 20 23 40 846 24 46 32 16 31 29 0 
340 261 207 80 20 25 16 75 762 104 25 19 21 14 40 39 803 33 60 30 24 56 17 1 
224 286 253 122 17 27 18 77 722 151 17 30 17 13 36 38 835 55 34 16 15 34 33 2 
147 175 214 97 53 73 74 191 504 104 49 69 74 62 60 102 577 82 76 77 57 51 70 34 
17 131 173 101 93 109 144 256 236 141 87 111 147 150 106 46 359 96 104 160 142 101 49 13 
29 132 202 136 85 58 105 277 313 150 91 55 80 110 155 70 447 104 67 81 110 124 82 9 
5 27 84 115 117 149 172 355 69 117 127 142 150 134 197 88 174 130 160 136 137 172 107 8 
52 56 156 304 172 62 112 110 189 342 191 70 97 91 37 7 504 227 70 94 89 29 11 0 
50 54 172 330 170 44 90 82 185 377 197 56 69 74 30 4 529 240 53 70 69 23 8 0 
4 98 235 70 63 90 169 295 285 107 50 90 134 154 138 66 384 63 89 150 164 123 46 5 
14 241 397 167 65 67 41 32 599 201 58 66 57 26 14 3 776 85 62 60 28 11 2 0 
76 147 317 297 162 4 5 16 619 332 46 5 5 5 7 5 958 38 5 4 6 6 7 0 
79 216 350 211 159 2 3 4 649 332 32 4 1 3 2 1 959 40 7 10 6 2 0 0 
465 150 199 111 99 0 0 0 473 514 37 0 0 0 0 0 653 36 35 300 0 0 0 0 
455 90 207 139 105 11 5 12 259 643 83 10 11 15 3 0 429 69 50 455 12 6 3 0 
403 94 100 193 192 15 10 17 643 243 78 18 18 13 10 1 931 32 16 19 15 10 1 0 
65 138 237 244 171 70 45 54 379 224 148 108 82 65 16 2 559 155 130 80 78 22 0 0 
35 56 244 313 166 86 55 69 294 345 117 91 83 61 27 6 609 143 78 100 64 23 7 0 
1 73 371 229 233 83 5 29 465 189 230 103 6 6 24 1 649 278 60 7 7 23 0 0 
13 31 138 189 92 105 102 354 116 225 121 92 104 115 139 112 328 142 99 111 114 143 82 5 
29 49 121 174 90 104 98 327 113 229 118 92 101 103 124 112 318 148 101 108 103 128 81 5 
0 99 672 206 47 0 0 0 834 176 14 0 0 0 0 0 1004 19 1 0 0 0 0 0 
38 101 191 224 467 3 0 0 396 597 31 0 0 0 0 0 1017 7 0 0 0 0 0 0 
88 26 84 406 416 4 0 0 300 689 29 3 3 0 0 0 1005 10 6 2 1 0 0 0 
265 183 107 134 153 69 71 42 483 201 79 95 78 58 29 1 630 65 87 140 69 24 9 0 
897 84 20 10 8 4 1 0 81 653 255 21 8 5 1 0 85 10 5 765 151 7 1 0 
790 51 21 13 12 18 17 102 139 613 117 13 29 16 40 57 148 20 34 649 89 54 26 4 
501 268 64 42 44 54 35 16 803 34 38 53 56 30 10 0 821 48 47 54 40 14 0 0 
108 155 90 117 163 161 141 89 273 93 119 176 169 128 41 25 347 119 191 172 128 40 25 2 
572 251 46 46 36 15 24 34 844 35 44 32 19 15 18 17 871 50 31 20 16 23 12 1 
313 207 156 144 115 26 26 37 709 149 76 21 24 28 15 2 882 56 21 24 26 12 3 0 
24 42 184 279 224 203 35 33 278 275 202 209 20 11 13 16 586 221 160 21 9 15 12 0 
13 23 162 279 215 224 38 38 214 278 193 233 27 14 16 17 526 207 185 32 12 18 12 0 
1 119 458 274 171 1 0 0 597 329 98 0 0 0 0 0 934 90 0 0 0 0 0 0 
134 150 134 427 179 0 0 0 490 525 7 2 0 0 0 0 1013 9 2 0 0 0 0 0 
197 170 191 254 161 43 6 2 417 226 170 165 40 5 1 0 577 190 175 69 12 1 0 0 
220 70 136 229 180 83 46 60 340 165 169 190 81 32 26 21 476 169 203 104 25 29 18 0 
556 94 31 48 60 54 76 105 152 27 520 95 66 73 36 55 176 45 69 89 529 56 42 18 
239 74 35 23 27 44 75 507 219 38 124 60 98 151 157 177 250 47 101 167 227 140 75 17 
438 239 106 81 40 60 38 22 738 114 26 50 52 27 13 4 838 50 46 48 28 9 4 1 
332 258 214 114 46 30 17 13 821 68 52 36 23 16 8 0 886 52 39 24 16 7 0 0 
182 462 370 10 0 0 0 0 1020 4 0 0 0 0 0 0 1023 1 0 0 0 0 0 0 
241 686 97 0 0 0 0 0 1024 0 0 0 0 0 0 0 1024 0 0 0 0 0 0 0 
313 315 145 107 68 15 19 42 715 139 80 28 11 28 20 3 816 117 28 14 28 18 3 0 
269 232 145 122 88 25 42 69 587 148 100 47 32 46 28 4 695 138 51 34 43 27 4 0 
0 109 312 452 151 0 0 0 413 513 98 0 0 0 0 0 934 89 1 0 0 0 0 0 
478 212 111 222 1 0 0 0 635 215 10 63 101 0 0 0 826 17 8 7 9 154 3 0 
893 59 39 33 0 0 0 0 130 50 19 785 40 0 0 0 157 17 11 12 265 559 3 0 
457 398 121 48 0 0 0 0 666 64 27 264 3 0 0 0 706 16 10 13 165 113 1 0 
330 314 103 65 78 46 32 56 727 59 74 61 36 23 29 15 788 77 63 33 27 29 7 0 
72 97 80 61 80 109 119 406 217 67 81 101 141 122 164 131 284 107 118 146 161 116 81 11 
106 242 321 136 42 44 38 95 618 179 36 36 44 34 37 40 792 41 47 35 32 44 28 5 
107 243 369 267 26 3 4 5 726 273 9 7 3 5 1 0 997 12 5 5 3 2 0 0 
152 498 363 11 0 0 0 0 1011 13 0 0 0 0 0 0 1023 1 0 0 0 0 0 0 
164 527 311 22 0 0 0 0 1001 23 0 0 0 0 0 0 1024 0 0 0 0 0 0 0 
478 187 112 29 16 20 33 149 738 64 16 18 23 45 69 51 790 30 16 32 40 67 38 11 
414 129 118 39 27 25 40 200 612 80 31 22 30 57 77 83 681 45 21 40 49 79 57 20 
276 375 249 124 0 0 0 0 746 270 8 0 0 0 0 0 949 75 0 0 0 0 0 0 
568 370 85 1 0 0 0 0 701 73 8 10 217 15 0 0 747 23 8 7 3 207 29 0 
997 27 0 0 0 0 0 0 234 15 11 187 557 20 0 0 226 17 13 9 14 701 44 0 
1002 22 0 0 0 0 0 0 186 13 9 336 463 14 2 1 180 15 8 7 36 706 70 2 
654 216 39 15 8 9 20 63 908 8 9 10 14 15 14 46 910 14 8 15 18 21 32 6 
354 213 108 60 37 29 41 182 667 58 32 32 40 48 42 105 719 43 34 53 59 61 32 23 
37 94 72 133 92 51 64 481 199 144 84 59 73 98 139 228 367 75 79 101 127 145 117 13 
42 76 131 278 57 14 37 389 264 290 37 36 38 68 111 180 568 43 39 51 94 142 81 6 
45 126 312 131 24 21 24 341 385 227 22 37 28 63 105 157 587 62 33 53 102 111 66 10 
313 84 116 34 21 23 35 398 511 36 25 32 45 57 82 236 544 44 49 58 99 100 94 36 
260 46 79 49 43 50 79 418 337 70 53 57 71 124 149 163 403 68 61 105 175 140 64 8 
209 50 86 64 51 61 83 388 298 86 61 62 80 132 145 128 381 74 65 113 164 132 56 7 
444 170 38 45 40 60 65 130 646 27 31 34 45 78 60 71 667 32 34 40 68 71 70 10 
768 178 27 15 4 0 0 0 937 53 2 0 0 0 0 0 949 40 3 0 0 0 0 0 
937 46 7 2 0 0 0 0 937 17 8 5 22 3 0 0 931 18 11 4 6 10 12 0 
600 50 23 15 24 39 37 204 338 26 20 28 245 132 85 118 352 31 23 37 43 233 240 33 
182 61 51 76 74 93 155 300 283 67 84 97 136 126 119 80 359 107 104 131 139 91 51 10 
93 141 64 50 56 66 86 436 280 49 56 66 105 140 154 142 340 61 73 131 171 153 55 8 
26 27 20 31 47 42 76 723 70 48 61 59 81 144 213 316 124 73 80 135 220 244 110 6 
15 24 29 28 38 47 75 736 65 50 59 87 82 126 193 330 129 89 104 114 179 239 112 26 
16 12 16 19 31 43 80 775 35 39 28 82 98 181 236 293 83 61 94 166 235 237 102 14 
117 39 29 21 32 48 70 636 177 45 48 73 114 117 154 264 230 83 114 151 173 160 73 8 
150 70 61 45 54 67 99 446 249 62 59 82 103 184 142 111 311 88 84 132 200 131 46 0 
116 68 59 51 51 70 99 447 214 65 58 87 111 184 148 94 279 86 93 138 194 133 38 0 
