242 299 160 90 66 98 52 17 147 84 92 98 97 100 128 278 125 58 75 61 85 106 127 387 
207 273 105 54 65 182 99 39 149 97 72 94 77 81 70 384 144 69 63 65 80 81 90 432 
74 76 38 36 35 171 501 93 61 22 23 20 25 30 53 790 58 19 22 19 20 27 48 811 
156 173 108 58 52 59 252 166 91 92 57 51 53 51 83 546 106 60 36 30 44 48 92 608 
109 106 94 135 167 164 94 155 80 96 157 186 86 52 61 306 90 81 158 167 61 49 75 343 
259 196 160 123 88 121 71 6 374 239 139 142 98 32 0 0 372 233 150 143 91 32 3 0 
32 16 203 276 242 181 73 1 51 234 357 202 162 18 0 0 43 153 353 285 169 21 0 0 
129 265 345 189 71 23 2 0 350 479 151 31 12 1 0 0 290 497 175 53 7 2 0 0 
304 453 240 26 1 0 0 0 724 280 20 0 0 0 0 0 667 339 17 1 0 0 0 0 
455 453 111 5 0 0 0 0 902 118 4 0 0 0 0 0 869 142 13 0 0 0 0 0 
464 434 91 3 0 0 0 0 891 98 3 0 0 0 0 0 858 129 5 0 0 0 0 0 
158 205 119 78 104 215 124 21 67 49 53 81 94 78 112 490 59 33 34 48 78 98 112 562 
41 25 36 31 33 425 409 24 0 3 12 9 24 28 48 900 0 1 4 7 14 28 38 932 
15 14 19 16 9 64 841 46 1 3 5 6 8 11 31 959 1 0 3 5 7 12 24 972 
54 41 108 59 73 180 249 260 3 79 41 126 134 57 50 534 15 73 22 114 121 49 65 565 
1 14 137 217 294 320 39 2 24 263 479 183 69 6 0 0 79 478 280 130 51 5 1 0 
29 34 219 476 226 35 5 0 70 489 411 37 16 1 0 0 171 622 189 26 15 1 0 0 
22 103 303 363 189 36 7 1 115 399 410 73 24 3 0 0 163 399 314 123 21 3 1 0 
326 426 243 29 0 0 0 0 774 234 16 0 0 0 0 0 798 214 12 0 0 0 0 0 
481 382 150 10 1 0 0 0 849 167 7 1 0 0 0 0 834 182 7 1 0 0 0 0 
965 56 3 0 0 0 0 0 1018 6 0 0 0 0 0 0 1018 6 0 0 0 0 0 0 
954 38 0 0 0 0 0 0 990 2 0 0 0 0 0 0 990 2 0 0 0 0 0 0 
60 21 19 29 22 257 589 27 32 1 1 13 10 26 35 906 32 0 1 1 8 17 35 930 
0 0 0 0 2 44 965 13 0 0 0 5 4 1 2 1012 0 0 0 5 2 3 2 1012 
0 0 0 0 4 19 556 445 0 0 2 11 18 18 19 956 0 1 4 13 16 18 28 944 
0 8 150 123 121 266 29 327 14 203 248 195 20 5 5 334 63 270 271 62 11 5 9 333 
18 140 167 237 350 108 4 0 117 402 465 36 3 1 0 0 264 619 134 6 0 1 0 0 
41 179 135 85 14 7 5 558 97 276 66 10 6 3 7 559 224 194 25 10 2 6 5 558 
14 104 259 110 38 13 10 476 84 302 117 23 6 9 5 478 142 299 71 15 8 8 6 475 
295 390 269 26 7 15 12 10 687 272 24 7 12 14 7 1 737 228 18 6 12 14 9 0 
899 111 14 0 0 0 0 0 1012 12 0 0 0 0 0 0 1015 9 0 0 0 0 0 0 
956 68 0 0 0 0 0 0 1023 1 0 0 0 0 0 0 1020 4 0 0 0 0 0 0 
927 65 0 0 0 0 0 0 991 1 0 0 0 0 0 0 988 4 0 0 0 0 0 0 
32 0 0 0 0 0 864 128 32 0 0 0 0 0 0 992 32 0 0 0 0 0 0 992 
0 0 1 15 177 321 330 180 0 1 31 223 291 40 27 411 1 0 17 171 320 82 19 414 
0 19 122 179 186 215 179 124 24 233 231 198 173 64 35 66 96 292 157 189 148 62 25 55 
16 88 291 295 173 147 14 0 91 531 287 100 15 0 0 0 292 543 144 40 5 0 0 0 
65 288 87 52 28 29 3 472 199 262 37 37 8 6 3 472 312 170 37 19 8 4 3 471 
0 0 0 0 2 1 0 1021 0 0 0 1 2 0 1 1020 0 0 0 1 2 0 0 1021 
17 31 44 64 129 149 110 480 43 50 86 119 162 79 66 419 40 56 80 105 157 100 64 422 
26 108 253 223 188 130 68 28 112 275 248 193 105 60 23 8 109 248 255 179 131 58 34 10 
364 91 137 120 161 115 30 6 456 143 147 165 87 21 5 0 452 126 129 162 112 36 7 0 
534 242 245 3 0 0 0 0 771 250 3 0 0 0 0 0 806 217 1 0 0 0 0 0 
533 230 227 2 0 0 0 0 759 230 3 0 0 0 0 0 790 201 1 0 0 0 0 0 
32 1 19 64 92 74 101 641 32 13 55 115 65 22 23 699 33 7 40 110 85 27 19 703 
1 67 208 146 306 223 35 38 90 221 142 303 203 26 3 36 193 130 82 241 276 61 5 36 
14 53 282 542 126 7 0 0 95 667 258 4 0 0 0 0 299 700 25 0 0 0 0 0 
31 137 153 128 160 22 20 373 77 281 210 29 16 12 16 383 183 366 30 17 9 21 15 383 
10 21 28 23 23 23 32 864 2 5 9 25 24 34 39 886 6 4 7 17 17 32 35 906 
5 36 89 80 145 139 99 431 27 86 79 150 144 103 30 405 27 82 76 114 161 119 36 409 
5 73 174 226 263 185 77 21 46 190 270 248 176 66 24 4 45 166 241 248 206 86 27 5 
1 12 94 225 366 281 40 5 11 115 291 355 205 41 6 0 5 93 247 339 266 60 14 0 
41 56 300 268 171 142 36 10 92 338 279 178 101 28 7 1 92 292 295 194 102 42 7 0 
137 141 448 189 49 58 2 0 253 543 125 76 25 2 0 0 273 552 96 76 26 1 0 0 
145 149 437 176 39 45 1 0 275 523 113 58 22 1 0 0 295 530 86 58 22 1 0 0 
33 14 71 319 295 39 11 242 36 35 245 382 63 7 7 249 35 19 106 393 194 16 9 252 
0 103 382 264 209 61 5 0 131 417 236 177 58 5 0 0 222 365 169 160 99 8 1 0 
21 230 265 250 182 57 6 13 314 350 249 84 10 7 3 7 473 321 181 29 8 5 3 4 
31 83 125 97 66 50 53 519 27 56 85 99 81 60 55 561 32 57 83 87 59 67 52 587 
61 217 390 226 70 30 14 16 89 219 277 220 96 48 33 42 105 220 276 174 90 44 50 65 
19 154 333 264 118 94 38 4 80 264 308 190 132 41 8 1 84 281 278 196 121 52 10 2 
18 87 199 250 287 155 20 8 79 241 292 278 114 14 4 2 71 226 251 284 165 21 5 1 
1 22 133 242 462 119 39 6 22 171 412 304 76 33 6 0 25 164 310 375 100 32 17 1 
28 67 184 412 252 76 5 0 95 238 499 137 53 2 0 0 94 249 414 195 68 4 0 0 
223 138 182 213 162 102 4 0 353 219 244 115 89 4 0 0 344 205 224 121 117 13 0 0 
249 141 163 190 151 94 4 0 382 194 225 103 84 4 0 0 374 182 204 109 110 13 0 0 
217 166 209 250 164 17 0 1 241 214 288 241 37 2 0 1 257 194 219 248 101 3 1 1 
142 120 419 265 68 10 0 0 209 482 237 82 14 0 0 0 254 516 160 64 29 1 0 0 
199 197 179 199 181 59 8 2 286 255 282 155 41 4 1 0 313 303 245 122 38 3 0 0 
266 274 224 129 43 21 23 44 330 273 179 115 51 30 26 20 353 285 181 101 34 39 23 8 
350 319 220 84 27 15 3 6 443 312 167 62 28 6 4 2 470 319 155 50 21 4 4 1 
156 325 257 112 59 56 46 13 213 327 242 106 81 49 6 0 261 350 186 101 76 46 4 0 
23 120 227 167 153 183 112 39 111 247 176 158 200 113 19 0 99 255 170 167 199 115 19 0 
84 225 271 166 157 95 25 1 251 312 178 148 103 29 3 0 237 314 166 145 108 49 5 0 
159 290 309 108 91 47 13 7 415 340 114 76 57 14 8 0 425 321 103 81 65 25 3 1 
470 408 133 13 0 0 0 0 834 174 16 0 0 0 0 0 802 203 19 0 0 0 0 0 
482 389 112 9 0 0 0 0 831 149 12 0 0 0 0 0 799 178 15 0 0 0 0 0 
589 306 102 26 1 0 0 0 705 237 75 7 0 0 0 0 677 256 78 13 0 0 0 0 
561 172 133 92 54 12 0 0 615 182 140 72 14 1 0 0 610 179 136 82 16 1 0 0 
830 130 49 14 1 0 0 0 846 120 44 13 1 0 0 0 858 114 42 9 1 0 0 0 
533 187 122 86 57 38 1 0 610 205 121 71 15 2 0 0 610 220 118 60 16 0 0 0 
107 85 309 354 145 14 10 0 171 403 391 45 10 4 0 0 204 512 260 32 7 9 0 0 
112 85 79 210 417 113 7 1 164 107 414 270 62 6 0 1 153 165 444 201 51 8 1 1 
369 166 174 165 79 53 17 1 482 167 157 106 89 21 2 0 478 133 148 122 90 46 7 0 
128 209 372 194 67 34 16 4 329 408 166 72 31 15 3 0 362 385 157 64 36 18 2 0 
508 340 145 16 2 5 6 2 826 163 20 4 8 3 0 0 819 172 19 4 7 3 0 0 
609 368 47 0 0 0 0 0 946 76 2 0 0 0 0 0 900 122 2 0 0 0 0 0 
581 365 46 0 0 0 0 0 914 76 2 0 0 0 0 0 868 122 2 0 0 0 0 0 
751 191 47 3 0 0 0 0 813 146 31 2 0 0 0 0 795 162 33 2 0 0 0 0 
608 140 97 81 55 11 0 0 667 132 118 62 12 1 0 0 655 138 108 76 14 1 0 0 
962 22 7 1 0 0 0 0 969 16 6 1 0 0 0 0 966 21 4 1 0 0 0 0 
575 129 92 91 67 37 1 0 636 149 124 70 11 2 0 0 634 166 120 60 12 0 0 0 
35 128 377 340 108 4 0 0 155 468 347 21 1 0 0 0 213 537 227 15 0 0 0 0 
92 42 57 202 495 94 10 0 124 87 473 259 43 6 0 0 119 150 521 159 37 6 0 0 
392 181 127 145 104 37 5 1 535 171 147 103 28 6 2 0 532 185 141 98 28 7 1 0 
202 303 348 134 5 0 0 0 490 398 96 8 0 0 0 0 510 376 100 5 1 0 0 0 
614 317 61 0 0 0 0 0 902 86 4 0 0 0 0 0 857 128 7 0 0 0 0 0 
708 276 8 0 0 0 0 0 962 30 0 0 0 0 0 0 918 74 0 0 0 0 0 0 
686 269 6 0 0 0 0 0 933 28 0 0 0 0 0 0 891 70 0 0 0 0 0 0 
