1024 0 0 0 0 0 0 0 1022 2 0 0 0 0 0 0 0 931 93 0 0 0 0 0 
1024 0 0 0 0 0 0 0 774 250 0 0 0 0 0 0 0 100 924 0 0 0 0 0 
1024 0 0 0 0 0 0 0 173 851 0 0 0 0 0 0 0 0 1024 0 0 0 0 0 
1024 0 0 0 0 0 0 0 0 1024 0 0 0 0 0 0 0 0 1024 0 0 0 0 0 
1024 0 0 0 0 0 0 0 0 1024 0 0 0 0 0 0 0 0 875 149 0 0 0 0 
1024 0 0 0 0 0 0 0 0 1024 0 0 0 0 0 0 0 0 61 963 0 0 0 0 
1024 0 0 0 0 0 0 0 0 1024 0 0 0 0 0 0 0 0 0 1024 0 0 0 0 
1024 0 0 0 0 0 0 0 0 1024 0 0 0 0 0 0 0 0 0 974 50 0 0 0 
1024 0 0 0 0 0 0 0 0 905 119 0 0 0 0 0 0 0 0 146 878 0 0 0 
1024 0 0 0 0 0 0 0 0 77 947 0 0 0 0 0 0 0 0 0 1024 0 0 0 
986 38 0 0 0 0 0 0 0 0 1024 0 0 0 0 0 0 0 0 0 1024 0 0 0 
569 455 0 0 0 0 0 0 0 0 1024 0 0 0 0 0 0 0 0 0 890 134 0 0 
31 993 0 0 0 0 0 0 0 0 902 122 0 0 0 0 0 0 0 0 40 984 0 0 
1 1023 0 0 0 0 0 0 0 0 47 977 0 0 0 0 0 0 0 0 0 1024 0 0 
0 1024 0 0 0 0 0 0 0 0 0 1024 0 0 0 0 0 0 0 0 0 1024 0 0 
0 1024 0 0 0 0 0 0 0 0 0 1024 0 0 0 0 0 0 0 0 0 1024 0 0 
0 1024 0 0 0 0 0 0 0 0 0 957 67 0 0 0 0 0 0 0 0 987 37 0 
0 801 223 0 0 0 0 0 0 0 0 147 877 0 0 0 0 0 0 0 0 336 688 0 
0 37 987 0 0 0 0 0 0 0 0 0 1024 0 0 0 0 0 0 0 0 5 1019 0 
0 0 1024 0 0 0 0 0 0 0 0 0 1024 0 0 0 0 0 0 0 0 0 1024 0 
0 0 1024 0 0 0 0 0 0 0 0 0 1018 6 0 0 0 0 0 0 0 0 1024 0 
0 0 807 217 0 0 0 0 0 0 0 0 534 490 0 0 0 0 0 0 0 0 1024 0 
0 0 24 1000 0 0 0 0 0 0 0 0 6 1018 0 0 0 0 0 0 0 0 1024 0 
0 0 0 1024 0 0 0 0 0 0 0 0 0 1024 0 0 0 0 0 0 0 0 1024 0 
0 0 0 1024 0 0 0 0 0 0 0 0 0 1024 0 0 0 0 0 0 0 0 996 28 
0 0 0 814 210 0 0 0 0 0 0 0 0 1015 9 0 0 0 0 0 0 0 742 282 
0 0 0 68 956 0 0 0 0 0 0 0 0 553 471 0 0 0 0 0 0 0 139 885 
0 0 0 4 1020 0 0 0 0 0 0 0 0 37 987 0 0 0 0 0 0 0 25 999 
0 0 0 0 1024 0 0 0 0 0 0 0 0 0 1024 0 0 0 0 0 0 0 1 1023 
0 0 0 0 1024 0 0 0 0 0 0 0 0 0 1024 0 0 0 0 0 0 0 1 1023 
0 0 0 0 1024 0 0 0 0 0 0 0 0 0 1024 0 0 0 0 0 0 0 0 1024 
0 0 0 0 1024 0 0 0 0 0 0 0 0 0 1024 0 0 0 0 0 0 0 0 1024 
0 0 0 0 1024 0 0 0 0 0 0 0 0 0 1024 0 0 0 0 0 0 0 0 1024 
0 0 0 207 817 0 0 0 0 0 0 0 0 92 932 0 0 0 0 0 0 0 230 794 
0 21 411 538 54 0 0 0 0 0 0 8 217 647 152 0 0 0 0 0 0 139 836 49 
154 679 191 0 0 0 0 0 0 115 340 374 191 4 0 0 0 0 20 178 350 432 44 0 
1024 0 0 0 0 0 0 0 922 102 0 0 0 0 0 0 0 302 722 0 0 0 0 0 
1024 0 0 0 0 0 0 0 139 885 0 0 0 0 0 0 0 0 1024 0 0 0 0 0 
1024 0 0 0 0 0 0 0 0 1024 0 0 0 0 0 0 0 0 1024 0 0 0 0 0 
1024 0 0 0 0 0 0 0 0 1024 0 0 0 0 0 0 0 0 987 37 0 0 0 0 
1024 0 0 0 0 0 0 0 0 1024 0 0 0 0 0 0 0 0 183 841 0 0 0 0 
1024 0 0 0 0 0 0 0 0 1024 0 0 0 0 0 0 0 0 0 1024 0 0 0 0 
1024 0 0 0 0 0 0 0 0 1024 0 0 0 0 0 0 0 0 0 1018 6 0 0 0 
1024 0 0 0 0 0 0 0 0 1023 1 0 0 0 0 0 0 0 0 644 380 0 0 0 
1024 0 0 0 0 0 0 0 0 435 589 0 0 0 0 0 0 0 0 13 1011 0 0 0 
1022 2 0 0 0 0 0 0 0 0 1024 0 0 0 0 0 0 0 0 0 1024 0 0 0 
847 177 0 0 0 0 0 0 0 0 1024 0 0 0 0 0 0 0 0 0 1024 0 0 0 
111 913 0 0 0 0 0 0 0 0 1024 0 0 0 0 0 0 0 0 0 790 234 0 0 
0 1024 0 0 0 0 0 0 0 0 759 265 0 0 0 0 0 0 0 0 39 985 0 0 
0 1024 0 0 0 0 0 0 0 0 3 1021 0 0 0 0 0 0 0 0 0 1024 0 0 
0 1024 0 0 0 0 0 0 0 0 0 1024 0 0 0 0 0 0 0 0 0 1024 0 0 
0 1024 0 0 0 0 0 0 0 0 0 1024 0 0 0 0 0 0 0 0 0 1024 0 0 
0 1023 1 0 0 0 0 0 0 0 0 838 186 0 0 0 0 0 0 0 0 976 48 0 
0 567 457 0 0 0 0 0 0 0 0 44 980 0 0 0 0 0 0 0 0 244 780 0 
0 7 1017 0 0 0 0 0 0 0 0 0 1024 0 0 0 0 0 0 0 0 3 1021 0 
0 0 1024 0 0 0 0 0 0 0 0 0 1024 0 0 0 0 0 0 0 0 0 1024 0 
0 0 1023 1 0 0 0 0 0 0 0 0 971 53 0 0 0 0 0 0 0 0 1024 0 
0 0 400 624 0 0 0 0 0 0 0 0 190 834 0 0 0 0 0 0 0 0 1024 0 
0 0 0 1024 0 0 0 0 0 0 0 0 0 1024 0 0 0 0 0 0 0 0 1024 0 
0 0 0 1024 0 0 0 0 0 0 0 0 0 1024 0 0 0 0 0 0 0 0 1024 0 
0 0 0 993 31 0 0 0 0 0 0 0 0 1024 0 0 0 0 0 0 0 0 949 75 
0 0 0 258 766 0 0 0 0 0 0 0 0 855 169 0 0 0 0 0 0 0 323 701 
0 0 0 0 1024 0 0 0 0 0 0 0 0 77 947 0 0 0 0 0 0 0 14 1010 
0 0 0 0 1024 0 0 0 0 0 0 0 0 0 1024 0 0 0 0 0 0 0 0 1024 
0 0 0 0 1024 0 0 0 0 0 0 0 0 0 1024 0 0 0 0 0 0 0 0 1024 
0 0 0 0 1024 0 0 0 0 0 0 0 0 0 1024 0 0 0 0 0 0 0 0 1024 
0 0 0 0 1024 0 0 0 0 0 0 0 0 0 1024 0 0 0 0 0 0 0 0 1024 
0 0 0 0 1024 0 0 0 0 0 0 0 0 0 1024 0 0 0 0 0 0 0 0 1024 
0 0 0 0 1023 1 0 0 0 0 0 0 0 0 1024 0 0 0 0 0 0 0 0 1024 
0 0 0 0 1024 0 0 0 0 0 0 0 0 0 1024 0 0 0 0 0 0 0 0 1024 
0 0 4 365 655 0 0 0 0 0 0 0 0 218 806 0 0 0 0 0 0 0 417 607 
0 214 552 257 1 0 0 0 0 0 11 229 505 275 4 0 0 0 0 0 31 432 556 5 
1024 0 0 0 0 0 0 0 340 684 0 0 0 0 0 0 0 0 1024 0 0 0 0 0 
1024 0 0 0 0 0 0 0 2 1022 0 0 0 0 0 0 0 0 1024 0 0 0 0 0 
1024 0 0 0 0 0 0 0 0 1024 0 0 0 0 0 0 0 0 989 35 0 0 0 0 
1024 0 0 0 0 0 0 0 0 1024 0 0 0 0 0 0 0 0 361 663 0 0 0 0 
1024 0 0 0 0 0 0 0 0 1024 0 0 0 0 0 0 0 0 0 1024 0 0 0 0 
1024 0 0 0 0 0 0 0 0 1024 0 0 0 0 0 0 0 0 0 1024 0 0 0 0 
1024 0 0 0 0 0 0 0 0 1024 0 0 0 0 0 0 0 0 0 849 175 0 0 0 
1024 0 0 0 0 0 0 0 0 771 253 0 0 0 0 0 0 0 0 70 954 0 0 0 
1022 2 0 0 0 0 0 0 0 45 979 0 0 0 0 0 0 0 0 0 1024 0 0 0 
964 60 0 0 0 0 0 0 0 0 1024 0 0 0 0 0 0 0 0 0 1024 0 0 0 
379 645 0 0 0 0 0 0 0 0 1024 0 0 0 0 0 0 0 0 0 1024 0 0 0 
13 1009 2 0 0 0 0 0 0 0 1024 0 0 0 0 0 0 0 0 5 705 314 0 0 
0 669 220 111 23 1 0 0 0 232 571 221 0 0 0 0 40 248 44 20 100 572 0 0 
0 590 177 226 16 13 2 0 0 292 94 636 2 0 0 0 46 282 46 25 51 574 0 0 
0 628 138 178 53 23 4 0 0 196 84 723 18 3 0 0 34 211 46 35 37 661 0 0 
0 764 157 72 26 5 0 0 0 104 43 862 15 0 0 0 2 118 28 19 23 830 4 0 
0 594 309 87 27 7 0 0 0 19 65 694 245 1 0 0 0 58 30 15 19 841 61 0 
0 111 875 34 3 1 0 0 0 0 10 33 980 1 0 0 0 0 8 8 11 258 739 0 
0 0 1024 0 0 0 0 0 0 0 0 0 1024 0 0 0 0 0 0 0 0 0 1024 0 
0 0 1024 0 0 0 0 0 0 0 0 0 1024 0 0 0 0 0 0 0 0 0 1024 0 
0 0 990 34 0 0 0 0 0 0 0 0 804 220 0 0 0 0 0 0 0 0 1024 0 
0 0 121 903 0 0 0 0 0 0 0 0 25 999 0 0 0 0 0 0 0 0 1024 0 
0 0 0 1024 0 0 0 0 0 0 0 0 0 1024 0 0 0 0 0 0 0 0 1024 0 
0 0 0 1024 0 0 0 0 0 0 0 0 0 1024 0 0 0 0 0 0 0 0 1006 18 
0 0 0 739 285 0 0 0 0 0 0 0 0 1018 6 0 0 0 0 0 0 0 634 390 
0 0 0 33 991 0 0 0 0 0 0 0 0 464 560 0 0 0 0 0 0 0 50 974 
0 0 0 0 1024 0 0 0 0 0 0 0 0 1 1023 0 0 0 0 0 0 0 1 1023 
0 0 0 0 1024 0 0 0 0 0 0 0 0 0 1024 0 0 0 0 0 0 0 0 1024 
0 0 0 0 1024 0 0 0 0 0 0 0 0 0 1024 0 0 0 0 0 0 0 0 1024 
0 0 0 0 1022 2 0 0 0 0 0 0 0 0 1024 0 0 0 0 0 0 0 0 1024 
0 0 0 0 987 37 0 0 0 0 0 0 0 0 1024 0 0 0 0 0 0 0 0 1024 
0 0 0 0 889 135 0 0 0 0 0 0 0 0 1024 0 0 0 0 0 0 0 0 1024 
0 0 0 0 963 61 0 0 0 0 0 0 0 0 1023 1 0 0 0 0 0 0 0 1024 
0 0 0 0 964 60 0 0 0 0 0 0 0 0 911 113 0 0 0 0 0 0 0 1024 
0 0 0 0 1021 3 0 0 0 0 0 0 0 0 968 56 0 0 0 0 0 0 6 1018 
0 0 176 610 238 0 0 0 0 0 0 0 199 623 202 0 0 0 0 0 0 18 788 218 
1024 0 0 0 0 0 0 0 3 1021 0 0 0 0 0 0 0 0 1024 0 0 0 0 0 
1024 0 0 0 0 0 0 0 0 1024 0 0 0 0 0 0 0 0 1024 0 0 0 0 0 
1024 0 0 0 0 0 0 0 0 1024 0 0 0 0 0 0 0 0 536 488 0 0 0 0 
1024 0 0 0 0 0 0 0 0 1024 0 0 0 0 0 0 0 0 1 1023 0 0 0 0 
1024 0 0 0 0 0 0 0 0 1024 0 0 0 0 0 0 0 0 0 1024 0 0 0 0 
1024 0 0 0 0 0 0 0 0 1024 0 0 0 0 0 0 0 0 0 1009 15 0 0 0 
1024 0 0 0 0 0 0 0 0 921 103 0 0 0 0 0 0 0 0 347 677 0 0 0 
1024 0 0 0 0 0 0 0 0 200 824 0 0 0 0 0 0 0 0 0 1024 0 0 0 
1011 13 0 0 0 0 0 0 0 0 1024 0 0 0 0 0 0 0 0 0 1024 0 0 0 
570 454 0 0 0 0 0 0 0 0 1024 0 0 0 0 0 0 0 0 0 1024 0 0 0 
56 841 45 82 0 0 0 0 0 16 1008 0 0 0 0 0 0 79 25 21 897 2 0 0 
0 191 207 618 8 0 0 0 0 467 557 0 0 0 0 0 48 701 49 26 170 30 0 0 
0 11 88 377 548 0 0 0 9 327 688 0 0 0 0 0 105 902 17 0 0 0 0 0 
0 0 45 321 562 73 22 1 0 148 741 91 39 5 0 0 32 816 110 57 9 0 0 0 
0 7 147 749 117 4 0 0 1 470 547 6 0 0 0 0 74 931 18 1 0 0 0 0 
0 0 107 799 105 11 2 0 0 403 573 41 7 0 0 0 24 896 91 12 1 0 0 0 
0 1 75 335 227 190 163 33 0 220 343 141 194 107 19 0 31 467 170 187 138 31 0 0 
0 0 47 274 334 156 159 54 0 147 408 173 146 123 27 0 23 455 215 133 129 64 5 0 
0 0 325 204 313 121 52 9 0 101 318 130 459 15 1 0 18 336 155 81 42 79 313 0 
0 0 974 22 12 9 7 0 0 0 0 7 1017 0 0 0 0 0 2 9 6 15 992 0 
0 0 736 288 0 0 0 0 0 0 0 0 702 322 0 0 0 0 0 0 0 0 1024 0 
0 0 20 1004 0 0 0 0 0 0 0 0 4 1020 0 0 0 0 0 0 0 0 1024 0 
0 0 0 1024 0 0 0 0 0 0 0 0 0 1024 0 0 0 0 0 0 0 0 1024 0 
0 0 0 1021 3 0 0 0 0 0 0 0 0 1024 0 0 0 0 0 0 0 0 966 58 
0 0 0 364 660 0 0 0 0 0 0 0 0 967 57 0 0 0 0 0 0 0 340 684 
0 0 0 0 1024 0 0 0 0 0 0 0 0 140 884 0 0 0 0 0 0 0 5 1019 
0 0 0 0 1024 0 0 0 0 0 0 0 0 0 1024 0 0 0 0 0 0 0 0 1024 
0 0 0 0 1024 0 0 0 0 0 0 0 0 0 1024 0 0 0 0 0 0 0 0 1024 
0 0 0 0 1021 3 0 0 0 0 0 0 0 0 1024 0 0 0 0 0 0 0 0 1024 
0 0 0 0 812 212 0 0 0 0 0 0 0 0 1024 0 0 0 0 0 0 0 0 1024 
0 0 0 0 340 684 0 0 0 0 0 0 0 0 1024 0 0 0 0 0 0 0 0 1024 
0 0 0 0 94 930 0 0 0 0 0 0 0 0 1015 9 0 0 0 0 0 0 0 1024 
0 0 0 0 224 800 0 0 0 0 0 0 0 0 839 185 0 0 0 0 0 0 0 1024 
0 0 0 0 216 808 0 0 0 0 0 0 0 0 198 826 0 0 0 0 0 0 0 1024 
0 0 0 0 667 357 0 0 0 0 0 0 0 0 275 749 0 0 0 0 0 0 0 1024 
0 0 0 196 827 1 0 0 0 0 0 0 0 356 668 0 0 0 0 0 0 0 279 745 
1024 0 0 0 0 0 0 0 0 1024 0 0 0 0 0 0 0 0 1016 8 0 0 0 0 
1024 0 0 0 0 0 0 0 0 1024 0 0 0 0 0 0 0 0 544 480 0 0 0 0 
1024 0 0 0 0 0 0 0 0 1024 0 0 0 0 0 0 0 0 2 1022 0 0 0 0 
1024 0 0 0 0 0 0 0 0 1024 0 0 0 0 0 0 0 0 0 1024 0 0 0 0 
1024 0 0 0 0 0 0 0 0 1024 0 0 0 0 0 0 0 0 0 1023 1 0 0 0 
1024 0 0 0 0 0 0 0 0 1009 15 0 0 0 0 0 0 0 0 715 309 0 0 0 
1023 1 0 0 0 0 0 0 0 315 709 0 0 0 0 0 0 0 0 11 1013 0 0 0 
972 52 0 0 0 0 0 0 0 0 1024 0 0 0 0 0 0 0 0 0 1024 0 0 0 
650 374 0 0 0 0 0 0 0 0 1024 0 0 0 0 0 0 0 0 0 1024 0 0 0 
78 551 122 264 9 0 0 0 0 92 932 0 0 0 0 0 8 218 137 43 618 0 0 0 
0 52 197 746 29 0 0 0 0 401 623 0 0 0 0 0 21 821 119 15 48 0 0 0 
0 3 240 778 3 0 0 0 1 643 380 0 0 0 0 0 151 873 0 0 0 0 0 0 
0 5 201 791 27 0 0 0 3 641 380 0 0 0 0 0 146 878 0 0 0 0 0 0 
0 0 213 648 163 0 0 0 0 743 281 0 0 0 0 0 191 833 0 0 0 0 0 0 
0 0 4 641 375 4 0 0 0 435 588 1 0 0 0 0 38 984 2 0 0 0 0 0 
0 0 181 690 153 0 0 0 0 729 295 0 0 0 0 0 144 880 0 0 0 0 0 0 
0 0 118 596 307 1 2 0 0 431 586 5 1 1 0 0 71 882 67 2 2 0 0 0 
0 0 92 218 392 131 144 47 0 165 464 136 110 111 38 0 39 463 236 115 123 46 2 0 
0 3 139 323 196 111 167 85 0 227 380 104 132 135 46 0 60 438 188 135 141 61 1 0 
0 0 111 329 375 143 62 4 0 38 474 134 324 53 1 0 3 230 356 118 67 55 195 0 
0 0 77 586 55 131 124 51 0 0 0 56 433 470 65 0 0 0 23 104 89 70 734 4 
0 0 0 1024 0 0 0 0 0 0 0 0 0 1024 0 0 0 0 0 0 0 0 1024 0 
0 0 0 1024 0 0 0 0 0 0 0 0 0 1024 0 0 0 0 0 0 0 0 1023 1 
0 0 0 995 29 0 0 0 0 0 0 0 0 1024 0 0 0 0 0 0 0 0 947 77 
0 0 0 217 807 0 0 0 0 0 0 0 0 886 138 0 0 0 0 0 0 0 197 827 
0 0 0 0 1024 0 0 0 0 0 0 0 0 52 972 0 0 0 0 0 0 0 1 1023 
0 0 0 0 1024 0 0 0 0 0 0 0 0 0 1024 0 0 0 0 0 0 0 0 1024 
0 0 0 0 1024 0 0 0 0 0 0 0 0 0 1024 0 0 0 0 0 0 0 0 1024 
0 0 0 0 853 171 0 0 0 0 0 0 0 0 1024 0 0 0 0 0 0 0 0 1024 
0 0 0 0 164 860 0 0 0 0 0 0 0 0 1024 0 0 0 0 0 0 0 0 1024 
0 0 0 0 29 995 0 0 0 0 0 0 0 0 996 28 0 0 0 0 0 0 0 1024 
0 0 0 0 2 1022 0 0 0 0 0 0 0 0 601 423 0 0 0 0 0 0 0 1024 
0 0 0 0 0 1024 0 0 0 0 0 0 0 0 175 849 0 0 0 0 0 0 0 1024 
0 0 0 0 14 1010 0 0 0 0 0 0 0 0 2 1022 0 0 0 0 0 0 0 1024 
0 0 0 0 54 970 0 0 0 0 0 0 0 0 35 989 0 0 0 0 0 0 0 1024 
0 0 0 0 816 208 0 0 0 0 0 0 0 2 1015 7 0 0 0 0 0 0 0 1024 
1024 0 0 0 0 0 0 0 0 1024 0 0 0 0 0 0 0 0 443 581 0 0 0 0 
1024 0 0 0 0 0 0 0 0 1024 0 0 0 0 0 0 0 0 0 1024 0 0 0 0 
1024 0 0 0 0 0 0 0 0 1024 0 0 0 0 0 0 0 0 0 1024 0 0 0 0 
1024 0 0 0 0 0 0 0 0 1024 0 0 0 0 0 0 0 0 0 1024 0 0 0 0 
1024 0 0 0 0 0 0 0 0 1022 2 0 0 0 0 0 0 0 0 871 153 0 0 0 
1024 0 0 0 0 0 0 0 0 657 367 0 0 0 0 0 0 0 0 77 947 0 0 0 
988 36 0 0 0 0 0 0 0 11 1013 0 0 0 0 0 0 0 0 0 1024 0 0 0 
470 554 0 0 0 0 0 0 0 0 1024 0 0 0 0 0 0 0 0 0 1024 0 0 0 
27 524 55 356 62 0 0 0 0 99 925 0 0 0 0 0 0 344 93 57 530 0 0 0 
0 0 31 854 133 6 0 0 0 622 395 7 0 0 0 0 15 988 21 0 0 0 0 0 
0 0 5 460 520 39 0 0 0 220 776 28 0 0 0 0 7 967 50 0 0 0 0 0 
0 0 61 602 340 20 1 0 0 454 553 16 1 0 0 0 104 892 26 2 0 0 0 0 
0 1 96 778 149 0 0 0 2 737 285 0 0 0 0 0 130 894 0 0 0 0 0 0 
0 39 90 676 219 0 0 0 26 586 412 0 0 0 0 0 165 859 0 0 0 0 0 0 
0 14 161 360 488 1 0 0 11 460 553 0 0 0 0 0 187 837 0 0 0 0 0 0 
0 0 105 318 556 45 0 0 0 347 674 3 0 0 0 0 73 939 12 0 0 0 0 0 
0 0 818 166 40 0 0 0 0 959 65 0 0 0 0 0 515 509 0 0 0 0 0 0 
0 0 487 289 248 0 0 0 0 795 229 0 0 0 0 0 293 731 0 0 0 0 0 0 
0 0 51 141 660 79 64 29 0 141 732 50 39 52 10 0 21 816 73 41 60 13 0 0 
0 0 31 242 732 19 0 0 0 96 899 27 2 0 0 0 9 764 244 7 0 0 0 0 
0 0 0 52 425 50 116 381 0 1 415 72 60 99 298 79 0 268 202 41 77 236 196 4 
0 0 0 765 71 20 36 132 0 0 1 4 17 859 100 43 0 1 3 4 13 44 950 9 
0 0 0 1024 0 0 0 0 0 0 0 0 0 1024 0 0 0 0 0 0 0 0 1024 0 
0 0 0 848 176 0 0 0 0 0 0 0 0 1024 0 0 0 0 0 0 0 0 805 219 
0 0 0 17 1007 0 0 0 0 0 0 0 0 660 364 0 0 0 0 0 0 0 70 954 
0 0 0 0 1024 0 0 0 0 0 0 0 0 3 1021 0 0 0 0 0 0 0 0 1024 
0 0 0 0 1024 0 0 0 0 0 0 0 0 0 1024 0 0 0 0 0 0 0 0 1024 
0 0 0 0 1007 17 0 0 0 0 0 0 0 0 1024 0 0 0 0 0 0 0 0 1024 
0 0 0 0 463 561 0 0 0 0 0 0 0 0 1024 0 0 0 0 0 0 0 0 1024 
0 0 0 0 15 1009 0 0 0 0 0 0 0 0 1006 18 0 0 0 0 0 0 0 1024 
0 0 0 0 0 1024 0 0 0 0 0 0 0 0 582 442 0 0 0 0 0 0 0 1024 
0 0 0 0 0 1024 0 0 0 0 0 0 0 0 153 871 0 0 0 0 0 0 0 1024 
0 0 0 0 0 1024 0 0 0 0 0 0 0 0 18 1006 0 0 0 0 0 0 0 1024 
0 0 0 0 14 1010 0 0 0 0 0 0 0 0 0 1024 0 0 0 0 0 0 0 1024 
0 0 0 0 39 985 0 0 0 0 0 0 0 0 1 1023 0 0 0 0 0 0 0 1024 
0 0 0 0 285 739 0 0 0 0 0 0 0 0 927 97 0 0 0 0 0 0 0 1024 
1024 0 0 0 0 0 0 0 0 1024 0 0 0 0 0 0 0 0 0 1024 0 0 0 0 
1024 0 0 0 0 0 0 0 0 1024 0 0 0 0 0 0 0 0 0 1024 0 0 0 0 
1024 0 0 0 0 0 0 0 0 1024 0 0 0 0 0 0 0 0 0 1024 0 0 0 0 
1024 0 0 0 0 0 0 0 0 1022 2 0 0 0 0 0 0 0 0 896 128 0 0 0 
1024 0 0 0 0 0 0 0 0 822 202 0 0 0 0 0 0 0 0 218 806 0 0 0 
1023 1 0 0 0 0 0 0 0 91 933 0 0 0 0 0 0 0 0 0 1024 0 0 0 
820 204 0 0 0 0 0 0 0 0 1024 0 0 0 0 0 0 0 0 0 1024 0 0 0 
107 874 18 25 0 0 0 0 0 16 1008 0 0 0 0 0 0 18 10 20 976 0 0 0 
2 71 28 720 203 0 0 0 0 452 572 0 0 0 0 0 15 868 45 28 68 0 0 0 
0 0 11 319 693 1 0 0 0 254 770 0 0 0 0 0 42 976 6 0 0 0 0 0 
0 0 0 82 942 0 0 0 0 69 955 0 0 0 0 0 0 1022 2 0 0 0 0 0 
0 0 2 291 685 46 0 0 0 312 710 2 0 0 0 0 50 968 6 0 0 0 0 0 
0 0 1 427 586 10 0 0 0 407 617 0 0 0 0 0 58 966 0 0 0 0 0 0 
0 0 0 98 913 13 0 0 0 128 896 0 0 0 0 0 35 989 0 0 0 0 0 0 
0 0 19 232 696 77 0 0 0 226 798 0 0 0 0 0 101 923 0 0 0 0 0 0 
0 0 0 16 625 383 0 0 0 72 883 69 0 0 0 0 25 932 67 0 0 0 0 0 
0 0 40 235 334 415 0 0 0 252 646 126 0 0 0 0 70 834 120 0 0 0 0 0 
0 0 408 574 12 30 0 0 0 959 41 24 0 0 0 0 144 857 23 0 0 0 0 0 
0 0 126 305 524 69 0 0 0 439 573 12 0 0 0 0 54 917 53 0 0 0 0 0 
0 0 0 139 811 74 0 0 0 91 901 32 0 0 0 0 0 915 109 0 0 0 0 0 
0 0 0 345 618 43 9 9 0 138 842 21 8 6 9 0 0 949 48 9 7 10 1 0 
0 0 0 215 176 88 196 349 0 1 59 37 110 471 257 89 0 52 31 99 110 184 542 6 
0 0 0 940 55 15 11 3 0 0 0 0 5 1018 1 0 0 0 0 0 6 11 1005 2 
0 0 0 578 446 0 0 0 0 0 0 0 0 1024 0 0 0 0 0 0 0 0 772 252 
0 0 0 1 1023 0 0 0 0 0 0 0 0 576 448 0 0 0 0 0 0 0 100 924 
0 0 0 0 1024 0 0 0 0 0 0 0 0 2 1022 0 0 0 0 0 0 0 0 1024 
0 0 0 0 1024 0 0 0 0 0 0 0 0 0 1024 0 0 0 0 0 0 0 0 1024 
0 0 0 0 961 63 0 0 0 0 0 0 0 0 1024 0 0 0 0 0 0 0 0 1024 
0 0 0 0 176 848 0 0 0 0 0 0 0 0 1024 0 0 0 0 0 0 0 0 1024 
0 0 0 0 1 1023 0 0 0 0 0 0 0 0 839 185 0 0 0 0 0 0 0 1024 
0 0 0 0 0 1024 0 0 0 0 0 0 0 0 202 822 0 0 0 0 0 0 0 1024 
0 0 0 0 0 1024 0 0 0 0 0 0 0 0 6 1018 0 0 0 0 0 0 0 1024 
0 0 0 0 0 1024 0 0 0 0 0 0 0 0 0 1024 0 0 0 0 0 0 0 1024 
0 0 0 0 17 1007 0 0 0 0 0 0 0 0 0 1024 0 0 0 0 0 0 0 1024 
0 0 0 0 123 901 0 0 0 0 0 0 0 0 0 1024 0 0 0 0 0 0 0 1024 
0 0 0 0 0 1024 0 0 0 0 0 0 0 0 845 179 0 0 0 0 0 0 0 1024 
1024 0 0 0 0 0 0 0 0 1024 0 0 0 0 0 0 0 0 0 1024 0 0 0 0 
1024 0 0 0 0 0 0 0 0 1024 0 0 0 0 0 0 0 0 0 1024 0 0 0 0 
1024 0 0 0 0 0 0 0 0 1024 0 0 0 0 0 0 0 0 0 927 97 0 0 0 
1024 0 0 0 0 0 0 0 0 973 51 0 0 0 0 0 0 0 0 226 798 0 0 0 
1023 1 0 0 0 0 0 0 0 202 822 0 0 0 0 0 0 0 0 1 1023 0 0 0 
1020 4 0 0 0 0 0 0 0 1 1023 0 0 0 0 0 0 0 0 0 1024 0 0 0 
933 91 0 0 0 0 0 0 0 0 1024 0 0 0 0 0 0 0 0 0 1024 0 0 0 
35 686 31 210 62 0 0 0 0 123 901 0 0 0 0 0 7 220 33 48 716 0 0 0 
0 0 9 671 265 79 0 0 0 626 363 35 0 0 0 0 76 887 61 0 0 0 0 0 
0 0 0 118 801 105 0 0 0 223 792 9 0 0 0 0 37 977 10 0 0 0 0 0 
0 0 0 0 964 60 0 0 0 7 1010 7 0 0 0 0 0 1015 9 0 0 0 0 0 
0 0 0 12 1006 6 0 0 0 48 976 0 0 0 0 0 0 1024 0 0 0 0 0 0 
0 0 0 200 798 26 0 0 0 202 822 0 0 0 0 0 29 995 0 0 0 0 0 0 
0 5 62 206 751 0 0 0 0 230 781 13 0 0 0 0 27 971 8 4 8 6 0 0 
0 37 197 467 292 31 0 0 0 547 388 89 0 0 0 0 147 741 29 18 18 71 0 0 
0 3 150 259 134 478 0 0 0 345 449 230 0 0 0 0 109 767 91 12 11 34 0 0 
0 0 0 0 559 465 0 0 0 2 886 136 0 0 0 0 8 975 41 0 0 0 0 0 
0 0 77 192 43 693 19 0 0 263 362 399 0 0 0 0 86 566 372 0 0 0 0 0 
0 0 103 507 345 69 0 0 0 596 406 22 0 0 0 0 195 778 51 0 0 0 0 0 
0 0 0 149 830 45 0 0 0 58 954 12 0 0 0 0 3 834 187 0 0 0 0 0 
0 0 0 41 948 35 0 0 0 5 943 76 0 0 0 0 0 722 302 0 0 0 0 0 
0 0 0 6 574 184 135 125 0 1 569 135 123 92 97 7 0 466 222 117 108 62 49 0 
0 0 3 93 544 232 96 56 0 18 408 258 93 189 54 4 4 230 422 84 65 49 164 6 
0 0 0 96 711 121 71 25 0 3 200 114 72 594 37 4 0 137 150 65 61 41 388 182 
0 0 0 2 973 39 8 2 0 0 3 19 21 457 524 0 0 1 15 16 14 9 124 845 
0 0 0 0 1024 0 0 0 0 0 0 0 0 1 1023 0 0 0 0 0 0 0 0 1024 
0 0 0 0 1024 0 0 0 0 0 0 0 0 0 1024 0 0 0 0 0 0 0 0 1024 
0 0 0 0 765 259 0 0 0 0 0 0 0 0 1024 0 0 0 0 0 0 0 0 1024 
0 0 0 0 20 1004 0 0 0 0 0 0 0 0 1023 1 0 0 0 0 0 0 0 1024 
0 0 0 0 0 1024 0 0 0 0 0 0 0 0 760 264 0 0 0 0 0 0 0 1024 
0 0 0 0 0 1024 0 0 0 0 0 0 0 0 58 966 0 0 0 0 0 0 0 1024 
0 0 0 0 0 1024 0 0 0 0 0 0 0 0 1 1023 0 0 0 0 0 0 0 1024 
0 0 0 0 0 1024 0 0 0 0 0 0 0 0 0 1024 0 0 0 0 0 0 0 1024 
0 0 0 0 67 957 0 0 0 0 0 0 0 0 0 1024 0 0 0 0 0 0 0 1024 
0 0 0 0 181 843 0 0 0 0 0 0 0 0 0 1024 0 0 0 0 0 0 0 1024 
0 0 0 0 0 1024 0 0 0 0 0 0 0 0 812 212 0 0 0 0 0 0 0 1024 
1024 0 0 0 0 0 0 0 0 1024 0 0 0 0 0 0 0 0 0 1020 4 0 0 0 
1024 0 0 0 0 0 0 0 0 1024 0 0 0 0 0 0 0 0 0 879 145 0 0 0 
1024 0 0 0 0 0 0 0 0 1021 3 0 0 0 0 0 0 0 0 215 809 0 0 0 
1024 0 0 0 0 0 0 0 0 528 496 0 0 0 0 0 0 0 0 1 1023 0 0 0 
1022 2 0 0 0 0 0 0 0 0 1024 0 0 0 0 0 0 0 0 0 1024 0 0 0 
1009 15 0 0 0 0 0 0 0 0 1024 0 0 0 0 0 0 0 0 0 1024 0 0 0 
679 345 0 0 0 0 0 0 0 0 1024 0 0 0 0 0 0 0 0 0 1024 0 0 0 
25 480 68 399 52 0 0 0 0 342 682 0 0 0 0 0 29 442 27 33 493 0 0 0 
0 0 0 432 356 236 0 0 0 406 503 115 0 0 0 0 50 855 119 0 0 0 0 0 
0 0 0 203 794 27 0 0 0 258 755 11 0 0 0 0 37 961 26 0 0 0 0 0 
0 0 0 0 934 90 0 0 0 10 1014 0 0 0 0 0 3 1019 2 0 0 0 0 0 
0 0 0 27 985 12 0 0 0 21 1003 0 0 0 0 0 1 1023 0 0 0 0 0 0 
0 176 161 345 342 0 0 0 0 331 534 159 0 0 0 0 18 762 53 16 33 142 0 0 
0 769 73 68 114 0 0 0 0 41 196 787 0 0 0 0 1 170 31 22 40 760 0 0 
0 1024 0 0 0 0 0 0 0 0 0 1024 0 0 0 0 0 0 0 0 0 1024 0 0 
0 598 220 83 43 80 0 0 0 34 136 849 5 0 0 0 3 150 40 11 22 789 9 0 
0 31 451 156 315 71 0 0 0 234 417 149 224 0 0 0 44 581 20 19 17 260 83 0 
0 2 311 125 119 452 15 0 0 126 294 372 232 0 0 0 7 387 363 11 19 97 140 0 
0 0 95 169 405 354 1 0 0 138 548 295 43 0 0 0 15 633 319 7 6 24 20 0 
0 0 0 26 981 17 0 0 0 1 1013 10 0 0 0 0 0 692 332 0 0 0 0 0 
0 0 0 68 706 172 76 2 0 10 753 169 89 3 0 0 0 655 250 111 8 0 0 0 
0 0 6 277 590 98 50 3 0 90 762 97 68 7 0 0 1 800 124 83 16 0 0 0 
0 0 0 93 715 159 48 9 0 20 639 272 71 22 0 0 0 536 353 102 30 3 0 0 
0 0 0 30 437 343 146 68 0 2 407 331 125 87 47 25 0 174 522 131 110 53 34 0 
0 0 2 73 494 279 85 91 0 0 242 266 96 162 225 33 0 131 335 105 86 64 134 169 
0 0 0 4 994 24 2 0 0 0 2 5 7 22 988 0 0 0 3 6 4 4 36 971 
0 0 0 0 1024 0 0 0 0 0 0 0 0 0 1024 0 0 0 0 0 0 0 0 1024 
0 0 0 0 784 240 0 0 0 0 0 0 0 0 1024 0 0 0 0 0 0 0 0 1024 
0 0 0 0 46 978 0 0 0 0 0 0 0 0 1024 0 0 0 0 0 0 0 0 1024 
0 0 0 0 0 1024 0 0 0 0 0 0 0 0 657 367 0 0 0 0 0 0 0 1024 
0 0 0 0 0 1024 0 0 0 0 0 0 0 0 47 977 0 0 0 0 0 0 0 1024 
0 0 0 0 0 1024 0 0 0 0 0 0 0 0 0 1024 0 0 0 0 0 0 0 1024 
0 0 0 0 0 1024 0 0 0 0 0 0 0 0 0 1024 0 0 0 0 0 0 0 1024 
0 0 0 0 55 969 0 0 0 0 0 0 0 0 0 1024 0 0 0 0 0 0 0 1024 
0 0 0 0 306 718 0 0 0 0 0 0 0 0 0 1024 0 0 0 0 0 0 0 1024 
0 0 0 0 0 1024 0 0 0 0 0 0 0 0 715 309 0 0 0 0 0 0 0 1024 
1024 0 0 0 0 0 0 0 0 1024 0 0 0 0 0 0 0 0 0 617 407 0 0 0 
1024 0 0 0 0 0 0 0 0 991 33 0 0 0 0 0 0 0 0 93 931 0 0 0 
1024 0 0 0 0 0 0 0 0 676 348 0 0 0 0 0 0 0 0 0 1024 0 0 0 
1023 1 0 0 0 0 0 0 0 62 962 0 0 0 0 0 0 0 0 0 1024 0 0 0 
1017 7 0 0 0 0 0 0 0 0 1024 0 0 0 0 0 0 0 0 0 1024 0 0 0 
990 34 0 0 0 0 0 0 0 0 1024 0 0 0 0 0 0 0 0 0 1024 0 0 0 
475 549 0 0 0 0 0 0 0 0 1024 0 0 0 0 0 0 0 0 0 1024 0 0 0 
1 480 128 321 94 0 0 0 1 272 751 0 0 0 0 0 27 434 50 40 473 0 0 0 
0 0 15 574 392 43 0 0 0 222 754 48 0 0 0 0 4 883 137 0 0 0 0 0 
0 0 0 335 688 1 0 0 0 46 978 0 0 0 0 0 0 1008 16 0 0 0 0 0 
0 0 0 222 802 0 0 0 0 116 908 0 0 0 0 0 2 1004 18 0 0 0 0 0 
0 193 122 349 360 0 0 0 0 268 653 103 0 0 0 0 11 738 77 21 49 128 0 0 
0 937 79 8 0 0 0 0 0 72 40 912 0 0 0 0 1 63 13 12 24 911 0 0 
0 1024 0 0 0 0 0 0 0 0 0 1024 0 0 0 0 0 0 0 0 0 1024 0 0 
0 1024 0 0 0 0 0 0 0 0 0 1024 0 0 0 0 0 0 0 0 0 1024 0 0 
0 1015 9 0 0 0 0 0 0 0 0 1014 10 0 0 0 0 0 0 0 0 1021 3 0 
0 369 655 0 0 0 0 0 0 0 0 267 757 0 0 0 0 0 0 0 0 554 470 0 
0 0 1024 0 0 0 0 0 0 0 0 0 1024 0 0 0 0 0 0 0 0 8 1016 0 
0 0 966 58 0 0 0 0 0 18 14 10 982 0 0 0 0 21 7 6 8 17 965 0 
0 0 149 133 645 97 0 0 0 10 739 43 232 0 0 0 0 552 208 20 20 31 193 0 
0 0 0 220 761 41 2 0 0 106 889 25 4 0 0 0 0 877 138 9 0 0 0 0 
0 0 0 0 665 220 138 1 0 1 671 175 174 3 0 0 0 645 162 208 9 0 0 0 
0 0 0 54 572 281 108 9 0 28 595 242 147 12 0 0 0 564 244 190 26 0 0 0 
0 0 0 0 512 356 146 10 0 0 486 289 219 30 0 0 0 318 370 283 53 0 0 0 
0 0 0 0 208 311 433 72 0 0 202 217 342 222 41 0 0 101 282 275 282 84 0 0 
0 0 0 1 261 231 320 211 0 0 69 162 126 260 393 14 0 38 161 102 213 236 93 181 
0 0 0 0 913 80 11 20 0 0 0 0 0 1 1017 6 0 0 0 0 1 4 31 988 
0 0 0 0 578 446 0 0 0 0 0 0 0 0 1024 0 0 0 0 0 0 0 0 1024 
0 0 0 0 19 1005 0 0 0 0 0 0 0 0 1023 1 0 0 0 0 0 0 0 1024 
0 0 0 0 0 1024 0 0 0 0 0 0 0 0 692 332 0 0 0 0 0 0 0 1024 
0 0 0 0 0 1024 0 0 0 0 0 0 0 0 42 982 0 0 0 0 0 0 0 1024 
0 0 0 0 0 1024 0 0 0 0 0 0 0 0 0 1024 0 0 0 0 0 0 0 1024 
0 0 0 0 0 1024 0 0 0 0 0 0 0 0 0 1024 0 0 0 0 0 0 0 1024 
0 0 0 0 12 1012 0 0 0 0 0 0 0 0 0 1024 0 0 0 0 0 0 0 1024 
0 0 0 0 132 892 0 0 0 0 0 0 0 0 0 1024 0 0 0 0 0 0 0 1024 
0 0 0 0 0 1024 0 0 0 0 0 0 0 0 569 455 0 0 0 0 0 0 0 1024 
1024 0 0 0 0 0 0 0 0 981 43 0 0 0 0 0 0 0 0 22 1002 0 0 0 
1024 0 0 0 0 0 0 0 0 342 682 0 0 0 0 0 0 0 0 0 1024 0 0 0 
1024 0 0 0 0 0 0 0 0 44 980 0 0 0 0 0 0 0 0 0 1024 0 0 0 
1022 2 0 0 0 0 0 0 0 0 1024 0 0 0 0 0 0 0 0 0 1024 0 0 0 
967 57 0 0 0 0 0 0 0 0 1024 0 0 0 0 0 0 0 0 0 1023 1 0 0 
640 384 0 0 0 0 0 0 0 0 1024 0 0 0 0 0 0 0 0 0 1020 4 0 0 
115 870 20 19 0 0 0 0 0 4 1020 0 0 0 0 0 0 12 10 12 985 5 0 0 
7 140 118 727 32 0 0 0 1 677 346 0 0 0 0 0 45 788 22 22 141 6 0 0 
0 0 5 535 484 0 0 0 0 407 617 0 0 0 0 0 22 1002 0 0 0 0 0 0 
0 0 0 858 166 0 0 0 0 289 735 0 0 0 0 0 4 1020 0 0 0 0 0 0 
1 150 35 504 334 0 0 0 0 93 891 40 0 0 0 0 1 805 44 19 48 107 0 0 
0 959 23 42 0 0 0 0 0 0 259 765 0 0 0 0 0 23 16 17 63 905 0 0 
0 1024 0 0 0 0 0 0 0 0 0 1024 0 0 0 0 0 0 0 0 0 1024 0 0 
0 1024 0 0 0 0 0 0 0 0 0 1024 0 0 0 0 0 0 0 0 0 1024 0 0 
0 1024 0 0 0 0 0 0 0 0 0 1024 0 0 0 0 0 0 0 0 0 1024 0 0 
0 1024 0 0 0 0 0 0 0 0 0 1004 20 0 0 0 0 0 0 0 0 997 27 0 
0 495 529 0 0 0 0 0 0 0 0 211 813 0 0 0 0 0 0 0 0 350 674 0 
0 0 1024 0 0 0 0 0 0 0 0 0 1024 0 0 0 0 0 0 0 0 4 1020 0 
0 0 1024 0 0 0 0 0 0 0 0 0 1024 0 0 0 0 0 0 0 0 0 1024 0 
0 0 584 271 156 13 0 0 0 2 182 27 811 2 0 0 0 95 92 14 14 21 788 0 
0 0 211 479 333 1 0 0 0 490 500 15 19 0 0 0 6 887 100 5 8 8 10 0 
0 0 356 506 162 0 0 0 0 756 268 0 0 0 0 0 25 985 14 0 0 0 0 0 
0 0 115 525 248 90 40 6 0 570 290 108 43 13 0 0 1 796 151 58 18 0 0 0 
0 0 10 103 436 269 182 24 0 89 391 254 217 72 1 0 0 356 333 235 95 5 0 0 
0 0 0 0 356 278 273 117 0 0 323 225 255 131 90 0 0 228 268 273 144 110 1 0 
0 0 0 0 174 359 373 118 0 0 205 228 280 243 68 0 0 156 227 275 233 133 0 0 
0 0 0 0 111 370 314 229 0 0 16 124 155 196 517 16 0 10 115 140 156 208 77 318 
0 0 0 0 163 861 0 0 0 0 0 0 0 0 1024 0 0 0 0 0 0 0 0 1024 
0 0 0 0 2 1022 0 0 0 0 0 0 0 0 1024 0 0 0 0 0 0 0 0 1024 
0 0 0 0 0 1024 0 0 0 0 0 0 0 0 681 343 0 0 0 0 0 0 0 1024 
0 0 0 0 0 1024 0 0 0 0 0 0 0 0 37 987 0 0 0 0 0 0 0 1024 
0 0 0 0 0 1024 0 0 0 0 0 0 0 0 0 1024 0 0 0 0 0 0 0 1024 
0 0 0 0 0 1024 0 0 0 0 0 0 0 0 0 1024 0 0 0 0 0 0 0 1024 
0 0 0 0 4 1020 0 0 0 0 0 0 0 0 0 1024 0 0 0 0 0 0 0 1024 
0 0 0 0 37 987 0 0 0 0 0 0 0 0 0 1024 0 0 0 0 0 0 0 1024 
0 0 0 0 0 1024 0 0 0 0 0 0 0 0 444 580 0 0 0 0 0 0 0 1024 
1024 0 0 0 0 0 0 0 0 287 737 0 0 0 0 0 0 0 0 2 1022 0 0 0 
1024 0 0 0 0 0 0 0 0 8 1016 0 0 0 0 0 0 0 0 0 1024 0 0 0 
1016 8 0 0 0 0 0 0 0 0 1024 0 0 0 0 0 0 0 0 0 1024 0 0 0 
924 100 0 0 0 0 0 0 0 0 1024 0 0 0 0 0 0 0 0 0 1021 3 0 0 
654 370 0 0 0 0 0 0 0 0 1024 0 0 0 0 0 0 0 0 0 850 174 0 0 
274 745 5 0 0 0 0 0 0 0 1023 1 0 0 0 0 0 0 0 0 727 297 0 0 
19 402 107 371 125 0 0 0 0 167 850 7 0 0 0 0 0 442 99 45 356 82 0 0 
0 0 650 372 2 0 0 0 1 910 113 0 0 0 0 0 150 874 0 0 0 0 0 0 
0 201 465 314 44 0 0 0 1 845 178 0 0 0 0 0 483 541 0 0 0 0 0 0 
0 295 169 498 62 0 0 0 0 466 516 42 0 0 0 0 142 488 134 36 76 148 0 0 
0 953 22 49 0 0 0 0 0 2 429 593 0 0 0 0 0 43 13 10 48 910 0 0 
0 1024 0 0 0 0 0 0 0 0 5 1019 0 0 0 0 0 0 0 0 0 1024 0 0 
0 1024 0 0 0 0 0 0 0 0 0 1024 0 0 0 0 0 0 0 0 0 1024 0 0 
0 1024 0 0 0 0 0 0 0 0 0 1024 0 0 0 0 0 0 0 0 0 1024 0 0 
0 1024 0 0 0 0 0 0 0 0 0 1024 0 0 0 0 0 0 0 0 0 1024 0 0 
0 1005 19 0 0 0 0 0 0 0 0 905 119 0 0 0 0 0 0 0 0 933 91 0 
0 302 722 0 0 0 0 0 0 0 0 40 984 0 0 0 0 0 0 0 0 220 804 0 
0 0 1024 0 0 0 0 0 0 0 0 0 1024 0 0 0 0 0 0 0 0 0 1024 0 
0 0 1024 0 0 0 0 0 0 0 0 0 1024 0 0 0 0 0 0 0 0 0 1024 0 
0 0 776 242 6 0 0 0 0 9 32 19 961 3 0 0 0 11 27 7 18 17 944 0 
0 0 158 773 93 0 0 0 0 594 430 0 0 0 0 0 4 938 82 0 0 0 0 0 
0 0 183 801 40 0 0 0 0 871 153 0 0 0 0 0 26 996 2 0 0 0 0 0 
0 0 411 607 6 0 0 0 0 974 50 0 0 0 0 0 66 958 0 0 0 0 0 0 
0 0 57 832 77 37 21 0 0 788 174 25 34 3 0 0 4 947 28 39 6 0 0 0 
0 0 0 443 210 206 121 44 0 338 262 202 115 79 27 1 1 522 215 144 96 42 4 0 
0 0 0 77 294 241 248 164 0 39 264 224 145 210 139 3 0 215 260 148 190 200 11 0 
0 0 0 15 166 259 352 232 0 1 108 213 190 283 200 29 0 76 171 198 261 239 79 0 
0 0 0 0 19 510 288 207 0 0 0 45 153 161 597 68 0 0 23 131 161 131 153 425 
0 0 0 0 0 985 21 18 0 0 0 0 2 6 1006 10 0 0 0 0 3 11 13 997 
0 0 0 0 0 1024 0 0 0 0 0 0 0 0 750 274 0 0 0 0 0 0 0 1024 
0 0 0 0 0 1024 0 0 0 0 0 0 0 0 43 981 0 0 0 0 0 0 0 1024 
0 0 0 0 0 1024 0 0 0 0 0 0 0 0 0 1024 0 0 0 0 0 0 0 1024 
0 0 0 0 0 1024 0 0 0 0 0 0 0 0 0 1024 0 0 0 0 0 0 0 1024 
0 0 0 0 0 1024 0 0 0 0 0 0 0 0 0 1024 0 0 0 0 0 0 0 1024 
0 0 0 0 7 1017 0 0 0 0 0 0 0 0 0 1024 0 0 0 0 0 0 0 1024 
0 0 0 0 0 1024 0 0 0 0 0 0 0 0 250 774 0 0 0 0 0 0 0 1024 
1024 0 0 0 0 0 0 0 0 5 1019 0 0 0 0 0 0 0 0 0 1024 0 0 0 
996 28 0 0 0 0 0 0 0 0 1024 0 0 0 0 0 0 0 0 0 1024 0 0 0 
864 160 0 0 0 0 0 0 0 0 1024 0 0 0 0 0 0 0 0 0 888 136 0 0 
412 612 0 0 0 0 0 0 0 0 1024 0 0 0 0 0 0 0 0 0 430 594 0 0 
149 875 0 0 0 0 0 0 0 0 1024 0 0 0 0 0 0 0 0 0 68 956 0 0 
7 778 41 140 58 0 0 0 0 27 997 0 0 0 0 0 2 124 62 31 173 632 0 0 
0 0 489 419 116 0 0 0 2 738 284 0 0 0 0 0 51 928 45 0 0 0 0 0 
0 21 892 111 0 0 0 0 3 999 22 0 0 0 0 0 421 603 0 0 0 0 0 0 
0 118 900 6 0 0 0 0 0 1024 0 0 0 0 0 0 722 302 0 0 0 0 0 0 
0 327 511 185 1 0 0 0 7 817 153 47 0 0 0 0 366 487 24 20 45 82 0 0 
0 975 37 12 0 0 0 0 0 29 67 928 0 0 0 0 0 22 10 8 17 967 0 0 
0 1024 0 0 0 0 0 0 0 0 0 1024 0 0 0 0 0 0 0 0 0 1024 0 0 
0 1024 0 0 0 0 0 0 0 0 0 1024 0 0 0 0 0 0 0 0 0 1024 0 0 
0 1024 0 0 0 0 0 0 0 0 0 1024 0 0 0 0 0 0 0 0 0 1024 0 0 
0 1024 0 0 0 0 0 0 0 0 0 1024 0 0 0 0 0 0 0 0 0 1024 0 0 
0 755 269 0 0 0 0 0 0 0 0 723 301 0 0 0 0 0 0 0 0 845 179 0 
0 46 978 0 0 0 0 0 0 0 0 5 1019 0 0 0 0 0 0 0 0 106 918 0 
0 0 1024 0 0 0 0 0 0 0 0 0 1024 0 0 0 0 0 0 0 0 0 1024 0 
0 0 1024 0 0 0 0 0 0 0 0 0 1024 0 0 0 0 0 0 0 0 0 1024 0 
0 0 667 357 0 0 0 0 0 0 0 0 1015 9 0 0 0 0 0 0 0 4 1020 0 
0 0 0 577 447 0 0 0 0 271 698 30 25 0 0 0 1 878 89 14 20 20 2 0 
0 0 41 903 80 0 0 0 0 949 75 0 0 0 0 0 24 1000 0 0 0 0 0 0 
0 0 115 909 0 0 0 0 0 1015 9 0 0 0 0 0 54 970 0 0 0 0 0 0 
0 0 19 889 116 0 0 0 0 930 94 0 0 0 0 0 19 1005 0 0 0 0 0 0 
0 0 25 600 399 0 0 0 0 491 533 0 0 0 0 0 10 1009 5 0 0 0 0 0 
0 0 1 249 695 79 0 0 0 168 766 90 0 0 0 0 6 870 141 7 0 0 0 0 
0 0 0 111 659 219 33 2 0 63 694 227 34 6 0 0 0 640 331 47 6 0 0 0 
0 0 0 161 429 286 140 8 0 59 487 302 122 50 4 0 7 448 353 143 66 7 0 0 
0 0 0 138 261 270 216 139 0 31 295 146 60 150 313 29 4 251 200 56 123 111 81 198 
0 0 0 0 7 928 53 36 0 0 0 12 29 15 579 389 0 0 6 20 24 18 27 929 
0 0 0 0 0 1024 0 0 0 0 0 0 0 0 9 1015 0 0 0 0 0 0 0 1024 
0 0 0 0 0 1024 0 0 0 0 0 0 0 0 0 1024 0 0 0 0 0 0 0 1024 
0 0 0 0 0 1024 0 0 0 0 0 0 0 0 0 1024 0 0 0 0 0 0 0 1024 
0 0 0 0 6 1018 0 0 0 0 0 0 0 0 0 1024 0 0 0 0 0 0 0 1024 
0 0 0 0 0 1024 0 0 0 0 0 0 0 0 0 1024 0 0 0 0 0 0 0 1024 
0 0 0 0 0 1024 0 0 0 0 0 0 0 0 108 916 0 0 0 0 0 0 0 1024 
986 38 0 0 0 0 0 0 0 0 1024 0 0 0 0 0 0 0 0 0 1009 15 0 0 
641 383 0 0 0 0 0 0 0 0 1024 0 0 0 0 0 0 0 0 0 616 408 0 0 
189 835 0 0 0 0 0 0 0 0 1024 0 0 0 0 0 0 0 0 0 94 930 0 0 
18 1006 0 0 0 0 0 0 0 0 926 98 0 0 0 0 0 0 0 0 2 1022 0 0 
1 1023 0 0 0 0 0 0 0 0 820 204 0 0 0 0 0 0 0 0 0 1024 0 0 
1 318 451 254 0 0 0 0 0 627 372 25 0 0 0 0 5 630 28 29 48 284 0 0 
0 15 961 48 0 0 0 0 0 1024 0 0 0 0 0 0 224 800 0 0 0 0 0 0 
0 188 781 55 0 0 0 0 0 1017 7 0 0 0 0 0 628 396 0 0 0 0 0 0 
0 275 447 302 0 0 0 0 0 1024 0 0 0 0 0 0 482 542 0 0 0 0 0 0 
0 2 402 620 0 0 0 0 0 1024 0 0 0 0 0 0 141 883 0 0 0 0 0 0 
0 475 205 344 0 0 0 0 0 379 157 488 0 0 0 0 10 417 57 31 34 475 0 0 
0 1024 0 0 0 0 0 0 0 0 0 1024 0 0 0 0 0 0 0 0 0 1024 0 0 
0 1024 0 0 0 0 0 0 0 0 0 1024 0 0 0 0 0 0 0 0 0 1024 0 0 
0 1024 0 0 0 0 0 0 0 0 0 1024 0 0 0 0 0 0 0 0 0 1024 0 0 
0 847 177 0 0 0 0 0 0 0 0 965 59 0 0 0 0 0 0 0 0 1013 11 0 
0 182 842 0 0 0 0 0 0 0 0 336 688 0 0 0 0 0 0 0 0 630 394 0 
0 0 1024 0 0 0 0 0 0 0 0 0 1024 0 0 0 0 0 0 0 0 15 1009 0 
0 0 1024 0 0 0 0 0 0 0 0 0 1024 0 0 0 0 0 0 0 0 0 1024 0 
0 0 1024 0 0 0 0 0 0 0 0 0 1024 0 0 0 0 0 0 0 0 0 1024 0 
0 0 493 524 7 0 0 0 0 0 21 16 954 33 0 0 0 0 18 4 24 17 961 0 
0 0 23 872 129 0 0 0 0 679 344 1 0 0 0 0 1 995 27 1 0 0 0 0 
0 0 43 876 105 0 0 0 0 938 86 0 0 0 0 0 37 987 0 0 0 0 0 0 
0 0 26 969 29 0 0 0 0 1014 10 0 0 0 0 0 35 989 0 0 0 0 0 0 
0 0 207 777 40 0 0 0 0 970 54 0 0 0 0 0 44 980 0 0 0 0 0 0 
0 0 68 721 235 0 0 0 0 656 368 0 0 0 0 0 3 1020 1 0 0 0 0 0 
0 0 0 291 674 59 0 0 0 146 857 21 0 0 0 0 0 956 68 0 0 0 0 0 
0 0 0 104 824 96 0 0 0 74 905 45 0 0 0 0 0 907 117 0 0 0 0 0 
0 0 0 49 700 271 4 0 0 28 761 234 1 0 0 0 0 700 315 9 0 0 0 0 
0 0 0 62 525 397 40 0 0 6 602 386 30 0 0 0 0 545 415 64 0 0 0 0 
0 0 0 8 235 481 281 19 0 0 217 331 175 146 93 62 0 166 324 203 111 71 22 127 
0 0 0 0 0 936 68 20 0 0 0 0 5 58 78 883 0 0 0 2 31 34 13 944 
0 0 0 0 0 1024 0 0 0 0 0 0 0 0 0 1024 0 0 0 0 0 0 0 1024 
0 0 0 0 0 1024 0 0 0 0 0 0 0 0 0 1024 0 0 0 0 0 0 0 1024 
0 0 0 0 0 1024 0 0 0 0 0 0 0 0 0 1024 0 0 0 0 0 0 0 1024 
0 0 0 0 0 1024 0 0 0 0 0 0 0 0 0 1024 0 0 0 0 0 0 0 1024 
0 0 0 0 0 1024 0 0 0 0 0 0 0 0 115 909 0 0 0 0 0 0 0 1024 
464 560 0 0 0 0 0 0 0 0 1024 0 0 0 0 0 0 0 0 0 364 660 0 0 
33 991 0 0 0 0 0 0 0 0 986 38 0 0 0 0 0 0 0 0 9 1015 0 0 
0 1024 0 0 0 0 0 0 0 0 589 435 0 0 0 0 0 0 0 0 0 1024 0 0 
0 1024 0 0 0 0 0 0 0 0 60 964 0 0 0 0 0 0 0 0 0 1024 0 0 
0 874 150 0 0 0 0 0 0 103 52 869 0 0 0 0 0 97 17 17 30 863 0 0 
0 0 718 306 0 0 0 0 0 1012 11 1 0 0 0 0 3 1007 7 4 3 0 0 0 
0 0 207 817 0 0 0 0 1 1021 2 0 0 0 0 0 67 957 0 0 0 0 0 0 
0 0 252 772 0 0 0 0 0 1024 0 0 0 0 0 0 117 907 0 0 0 0 0 0 
0 0 281 743 0 0 0 0 0 1024 0 0 0 0 0 0 50 974 0 0 0 0 0 0 
0 0 41 983 0 0 0 0 0 1014 10 0 0 0 0 0 5 1019 0 0 0 0 0 0 
0 5 32 987 0 0 0 0 0 893 122 9 0 0 0 0 1 981 22 6 6 8 0 0 
0 921 76 27 0 0 0 0 0 9 63 952 0 0 0 0 0 23 24 22 17 938 0 0 
0 1024 0 0 0 0 0 0 0 0 0 1024 0 0 0 0 0 0 0 0 0 1024 0 0 
0 1020 4 0 0 0 0 0 0 0 0 1019 5 0 0 0 0 0 0 0 0 1019 5 0 
0 539 485 0 0 0 0 0 0 0 0 637 387 0 0 0 0 0 0 0 0 860 164 0 
0 5 1019 0 0 0 0 0 0 0 0 33 991 0 0 0 0 0 0 0 0 186 838 0 
0 0 1024 0 0 0 0 0 0 0 0 0 1024 0 0 0 0 0 0 0 0 3 1021 0 
0 0 1024 0 0 0 0 0 0 0 0 0 1024 0 0 0 0 0 0 0 0 0 1024 0 
0 0 1022 2 0 0 0 0 0 0 0 0 1024 0 0 0 0 0 0 0 0 0 1024 0 
0 0 418 597 9 0 0 0 0 0 34 20 928 42 0 0 0 8 18 16 15 17 950 0 
0 0 0 666 358 0 0 0 0 555 469 0 0 0 0 0 0 1023 1 0 0 0 0 0 
0 0 0 221 803 0 0 0 0 327 697 0 0 0 0 0 0 1024 0 0 0 0 0 0 
0 0 0 381 643 0 0 0 0 554 470 0 0 0 0 0 2 1022 0 0 0 0 0 0 
0 0 0 580 444 0 0 0 0 711 313 0 0 0 0 0 27 997 0 0 0 0 0 0 
0 0 0 423 601 0 0 0 0 480 544 0 0 0 0 0 17 1007 0 0 0 0 0 0 
0 0 0 23 975 26 0 0 0 29 986 9 0 0 0 0 1 999 24 0 0 0 0 0 
0 0 0 7 1012 5 0 0 0 24 1000 0 0 0 0 0 0 1020 4 0 0 0 0 0 
0 0 0 8 955 61 0 0 0 11 993 20 0 0 0 0 0 963 61 0 0 0 0 0 
0 0 0 45 715 255 9 0 0 20 801 199 4 0 0 0 0 739 275 10 0 0 0 0 
0 0 0 60 387 559 18 0 0 25 455 525 19 0 0 0 0 397 580 47 0 0 0 0 
0 0 0 8 106 604 291 15 0 2 98 197 134 129 99 365 0 75 186 133 126 45 29 430 
0 0 0 0 0 1024 0 0 0 0 0 0 0 0 0 1024 0 0 0 0 0 0 0 1024 
0 0 0 0 0 1024 0 0 0 0 0 0 0 0 0 1024 0 0 0 0 0 0 0 1024 
0 0 0 0 0 1024 0 0 0 0 0 0 0 0 0 1024 0 0 0 0 0 0 0 1024 
0 0 0 0 0 1024 0 0 0 0 0 0 0 0 0 1024 0 0 0 0 0 0 0 1024 
0 0 0 0 0 1024 0 0 0 0 0 0 0 0 182 842 0 0 0 0 0 0 0 1024 
2 1017 5 0 0 0 0 0 0 0 791 233 0 0 0 0 0 0 0 1 10 1013 0 0 
1 449 415 56 68 24 11 0 28 481 357 148 10 0 0 0 208 326 95 46 52 297 0 0 
0 218 630 112 41 23 0 0 12 776 92 144 0 0 0 0 389 402 73 32 20 108 0 0 
0 277 655 92 0 0 0 0 19 782 39 184 0 0 0 0 376 394 31 23 17 183 0 0 
0 419 605 0 0 0 0 0 2 849 31 142 0 0 0 0 138 692 20 20 16 138 0 0 
0 19 887 118 0 0 0 0 0 1024 0 0 0 0 0 0 14 1010 0 0 0 0 0 0 
0 0 851 173 0 0 0 0 0 1020 4 0 0 0 0 0 141 883 0 0 0 0 0 0 
0 0 662 362 0 0 0 0 0 1024 0 0 0 0 0 0 264 760 0 0 0 0 0 0 
0 89 709 226 0 0 0 0 8 1016 0 0 0 0 0 0 546 478 0 0 0 0 0 0 
0 0 134 890 0 0 0 0 0 1024 0 0 0 0 0 0 9 1015 0 0 0 0 0 0 
0 3 191 830 0 0 0 0 0 977 35 12 0 0 0 0 5 986 13 7 4 9 0 0 
0 937 81 6 0 0 0 0 0 0 45 979 0 0 0 0 0 4 19 15 17 952 17 0 
0 1015 9 0 0 0 0 0 0 0 0 1021 3 0 0 0 0 0 0 0 0 1020 4 0 
0 782 242 0 0 0 0 0 0 0 0 816 208 0 0 0 0 0 0 0 0 848 176 0 
0 105 919 0 0 0 0 0 0 0 0 186 838 0 0 0 0 0 0 0 0 444 580 0 
0 0 1024 0 0 0 0 0 0 0 0 0 1024 0 0 0 0 0 0 0 0 28 996 0 
0 0 1024 0 0 0 0 0 0 0 0 0 1024 0 0 0 0 0 0 0 0 0 1024 0 
0 0 1022 2 0 0 0 0 0 0 0 0 1024 0 0 0 0 0 0 0 0 0 1024 0 
0 0 934 90 0 0 0 0 0 0 0 0 1021 3 0 0 0 0 0 0 0 0 1024 0 
0 0 99 916 9 0 0 0 0 13 78 20 724 189 0 0 0 54 35 11 13 19 892 0 
0 0 0 620 404 0 0 0 0 431 593 0 0 0 0 0 4 1020 0 0 0 0 0 0 
0 0 0 283 741 0 0 0 0 203 821 0 0 0 0 0 0 1024 0 0 0 0 0 0 
0 0 0 264 760 0 0 0 0 250 774 0 0 0 0 0 0 1024 0 0 0 0 0 0 
0 0 0 880 144 0 0 0 0 803 221 0 0 0 0 0 21 1003 0 0 0 0 0 0 
0 0 0 996 28 0 0 0 0 970 54 0 0 0 0 0 100 924 0 0 0 0 0 0 
0 0 0 792 232 0 0 0 0 787 237 0 0 0 0 0 189 835 0 0 0 0 0 0 
0 0 0 636 388 0 0 0 0 620 404 0 0 0 0 0 97 927 0 0 0 0 0 0 
0 0 0 536 488 0 0 0 0 492 532 0 0 0 0 0 144 878 2 0 0 0 0 0 
0 0 2 111 781 120 10 0 0 122 801 94 7 0 0 0 27 844 142 11 0 0 0 0 
0 0 0 237 637 140 10 0 0 141 748 127 8 0 0 0 5 823 183 13 0 0 0 0 
0 0 0 490 279 210 45 0 0 300 415 234 49 19 7 0 0 648 281 67 10 12 3 3 
0 0 0 0 15 748 256 5 0 0 10 84 127 95 52 656 0 3 87 88 106 33 35 672 
0 0 0 0 0 1024 0 0 0 0 0 0 0 0 0 1024 0 0 0 0 0 0 0 1024 
0 0 0 0 0 1024 0 0 0 0 0 0 0 0 0 1024 0 0 0 0 0 0 0 1024 
0 0 0 0 0 1024 0 0 0 0 0 0 0 0 0 1024 0 0 0 0 0 0 0 1024 
0 0 0 0 0 1024 0 0 0 0 0 0 0 0 267 757 0 0 0 0 0 0 0 1024 
0 269 487 151 55 56 6 0 0 585 203 216 20 0 0 0 190 457 101 41 38 197 0 0 
0 0 111 403 274 134 102 0 0 461 327 115 120 1 0 0 105 626 164 127 2 0 0 0 
0 0 134 742 119 19 9 1 0 577 415 19 9 4 0 0 26 959 26 11 2 0 0 0 
0 222 532 270 0 0 0 0 16 967 41 0 0 0 0 0 277 747 0 0 0 0 0 0 
0 686 338 0 0 0 0 0 87 937 0 0 0 0 0 0 696 328 0 0 0 0 0 0 
0 323 701 0 0 0 0 0 0 1024 0 0 0 0 0 0 467 557 0 0 0 0 0 0 
0 7 1016 1 0 0 0 0 0 1024 0 0 0 0 0 0 561 463 0 0 0 0 0 0 
0 0 646 378 0 0 0 0 0 1024 0 0 0 0 0 0 359 665 0 0 0 0 0 0 
0 2 481 541 0 0 0 0 1 1021 2 0 0 0 0 0 397 627 0 0 0 0 0 0 
0 0 281 743 0 0 0 0 0 1024 0 0 0 0 0 0 98 926 0 0 0 0 0 0 
0 37 372 615 0 0 0 0 0 699 169 155 1 0 0 0 0 801 43 16 24 136 4 0 
0 950 74 0 0 0 0 0 0 0 0 921 103 0 0 0 0 0 0 0 0 908 116 0 
0 761 263 0 0 0 0 0 0 0 0 563 461 0 0 0 0 0 0 0 0 580 444 0 
0 159 865 0 0 0 0 0 0 0 0 108 916 0 0 0 0 0 0 0 0 224 800 0 
0 0 1024 0 0 0 0 0 0 0 0 1 1023 0 0 0 0 0 0 0 0 13 1011 0 
0 0 1024 0 0 0 0 0 0 0 0 0 1024 0 0 0 0 0 0 0 0 0 1024 0 
0 0 1024 0 0 0 0 0 0 0 0 0 1024 0 0 0 0 0 0 0 0 0 1024 0 
0 0 965 59 0 0 0 0 0 0 0 0 1023 1 0 0 0 0 0 0 0 0 1024 0 
4 33 469 500 12 3 2 1 0 40 17 14 810 141 2 0 0 29 21 13 7 14 940 0 
0 0 3 975 46 0 0 0 0 4 110 11 243 656 0 0 0 67 38 13 12 18 875 1 
0 0 32 279 713 0 0 0 0 187 806 4 10 17 0 0 6 973 10 6 6 5 18 0 
0 0 37 374 613 0 0 0 0 384 640 0 0 0 0 0 57 967 0 0 0 0 0 0 
0 0 77 706 241 0 0 0 0 790 234 0 0 0 0 0 107 917 0 0 0 0 0 0 
0 0 133 876 15 0 0 0 0 1003 21 0 0 0 0 0 311 713 0 0 0 0 0 0 
0 0 21 958 45 0 0 0 0 1012 12 0 0 0 0 0 204 820 0 0 0 0 0 0 
0 0 14 929 81 0 0 0 0 1015 9 0 0 0 0 0 321 703 0 0 0 0 0 0 
0 0 17 682 325 0 0 0 0 811 213 0 0 0 0 0 224 800 0 0 0 0 0 0 
0 0 5 538 481 0 0 0 0 567 457 0 0 0 0 0 119 905 0 0 0 0 0 0 
0 0 1 267 756 0 0 0 0 252 772 0 0 0 0 0 42 982 0 0 0 0 0 0 
0 0 0 431 593 0 0 0 0 390 634 0 0 0 0 0 10 1014 0 0 0 0 0 0 
0 0 0 542 482 0 0 0 0 270 754 0 0 0 0 0 0 1024 0 0 0 0 0 0 
0 0 0 420 315 178 110 1 0 68 644 150 84 46 14 18 0 692 165 78 47 11 9 22 
0 0 0 4 33 870 117 0 0 0 29 39 95 27 32 802 0 22 43 80 31 16 20 812 
0 0 0 0 0 1024 0 0 0 0 0 0 0 0 0 1024 0 0 0 0 0 0 0 1024 
0 0 0 0 0 1024 0 0 0 0 0 0 0 0 0 1024 0 0 0 0 0 0 0 1024 
0 0 0 0 0 1024 0 0 0 0 0 0 0 0 342 682 0 0 0 0 0 0 0 1024 
0 0 0 19 11 9 801 184 0 8 15 11 39 899 52 0 10 13 12 26 850 113 0 0 
0 0 0 1 7 51 573 392 0 1 6 37 107 711 162 0 0 5 39 99 535 346 0 0 
0 0 35 30 21 33 304 601 0 45 32 31 108 350 458 0 1 75 34 101 209 604 0 0 
0 0 282 80 11 10 25 616 0 281 82 12 10 20 617 2 3 358 12 11 13 614 13 0 
0 0 453 69 12 12 38 440 0 383 140 11 12 51 427 0 0 521 12 13 32 442 4 0 
0 61 502 142 8 10 32 269 6 496 202 9 9 46 256 0 55 646 11 10 37 265 0 0 
0 140 710 41 9 11 15 98 7 802 81 10 10 14 100 0 176 712 10 9 13 103 1 0 
0 13 948 60 1 1 1 0 12 966 43 1 2 0 0 0 223 797 2 1 1 0 0 0 
0 63 951 10 0 0 0 0 24 1000 0 0 0 0 0 0 512 512 0 0 0 0 0 0 
0 250 769 5 0 0 0 0 49 969 6 0 0 0 0 0 590 434 0 0 0 0 0 0 
0 25 945 54 0 0 0 0 0 598 79 76 271 0 0 0 105 508 39 24 23 117 208 0 
0 106 918 0 0 0 0 0 0 0 0 104 920 0 0 0 0 0 0 0 0 196 828 0 
0 16 1008 0 0 0 0 0 0 0 0 6 1018 0 0 0 0 0 0 0 0 65 959 0 
0 0 1024 0 0 0 0 0 0 0 0 0 1024 0 0 0 0 0 0 0 0 2 1022 0 
0 0 1024 0 0 0 0 0 0 0 0 0 1024 0 0 0 0 0 0 0 0 0 1024 0 
0 0 1024 0 0 0 0 0 0 0 0 0 1024 0 0 0 0 0 0 0 0 0 1024 0 
0 0 993 31 0 0 0 0 0 0 0 0 1024 0 0 0 0 0 0 0 0 0 1024 0 
0 0 405 619 0 0 0 0 0 0 0 0 1002 22 0 0 0 0 0 0 0 0 1024 0 
0 64 82 590 77 72 55 84 0 93 107 89 295 356 54 30 5 104 119 62 71 72 562 29 
0 0 42 957 25 0 0 0 0 16 32 14 30 932 0 0 0 22 19 16 7 7 953 0 
0 0 27 992 5 0 0 0 0 549 468 3 3 1 0 0 0 1005 10 3 2 3 1 0 
0 0 252 767 5 0 0 0 0 745 279 0 0 0 0 0 11 1010 3 0 0 0 0 0 
0 0 117 667 45 74 120 1 0 619 201 73 119 12 0 0 12 795 83 122 12 0 0 0 
0 0 103 567 63 156 112 23 0 580 132 174 80 58 0 0 37 670 164 95 58 0 0 0 
0 6 153 429 55 148 198 35 0 554 70 150 165 85 0 0 101 516 120 209 78 0 0 0 
0 7 252 452 13 29 244 27 8 674 38 23 200 81 0 0 162 557 27 212 66 0 0 0 
0 19 170 667 19 28 118 3 10 824 37 27 119 7 0 0 110 755 30 124 5 0 0 0 
0 8 222 549 169 62 14 0 2 700 244 67 11 0 0 0 90 844 73 17 0 0 0 0 
0 0 151 723 127 23 0 0 1 822 181 20 0 0 0 0 69 930 25 0 0 0 0 0 
0 6 311 397 138 157 15 0 0 687 202 122 13 0 0 0 105 761 140 18 0 0 0 0 
0 0 288 313 107 295 21 0 0 559 128 299 38 0 0 0 112 553 304 55 0 0 0 0 
0 0 41 471 145 221 145 1 0 307 345 188 155 29 0 0 52 591 160 184 37 0 0 0 
0 0 0 67 185 709 60 3 0 0 193 91 33 33 41 633 0 183 80 34 41 15 26 645 
0 0 0 0 0 1024 0 0 0 0 0 0 0 0 0 1024 0 0 0 0 0 0 0 1024 
0 0 0 0 0 1024 0 0 0 0 0 0 0 0 0 1024 0 0 0 0 0 0 0 1024 
0 0 0 0 0 1024 0 0 0 0 0 0 0 0 571 453 0 0 0 0 0 0 0 1024 
0 0 0 0 0 39 599 386 0 0 0 6 64 592 362 0 0 0 1 52 409 541 21 0 
0 0 0 0 0 14 521 489 0 0 0 6 33 528 449 8 0 0 5 27 420 513 59 0 
0 0 0 0 0 0 339 685 0 0 0 0 0 419 567 38 0 0 0 0 247 642 135 0 
0 0 0 0 0 0 50 974 0 0 0 0 0 57 930 37 0 0 0 0 14 885 125 0 
0 0 0 0 5 18 48 953 0 0 5 8 23 70 885 33 0 4 8 23 43 838 108 0 
0 0 0 0 0 24 78 922 0 0 0 8 35 105 803 73 0 0 5 38 78 747 156 0 
0 0 0 1 30 77 378 538 0 0 15 58 223 245 475 8 0 15 56 215 239 483 16 0 
0 0 11 37 9 77 378 512 0 23 25 48 248 246 434 0 0 45 51 232 232 464 0 0 
0 0 106 119 10 11 117 661 0 158 67 10 13 240 536 0 1 223 11 12 222 554 1 0 
0 0 304 116 10 10 44 540 0 347 75 11 9 87 495 0 1 419 9 11 72 511 1 0 
0 0 442 160 13 15 31 363 0 13 93 19 491 39 369 0 0 63 33 11 31 446 440 0 
0 0 586 150 14 11 17 246 0 0 0 0 746 15 263 0 0 0 0 0 1 263 760 0 
0 0 703 152 22 9 25 113 0 0 0 0 873 16 135 0 0 0 0 0 0 135 889 0 
0 0 742 225 16 13 14 14 0 0 0 0 979 15 30 0 0 0 0 0 0 46 978 0 
0 0 652 372 0 0 0 0 0 0 0 0 1024 0 0 0 0 0 0 0 0 0 1024 0 
0 0 540 484 0 0 0 0 0 0 0 0 1023 1 0 0 0 0 0 0 0 0 1024 0 
0 0 205 819 0 0 0 0 0 0 0 0 907 117 0 0 0 0 0 0 0 0 1024 0 
0 0 2 1001 21 0 0 0 0 0 0 0 462 562 0 0 0 0 0 0 0 0 1024 0 
0 15 20 366 330 134 81 78 0 8 174 91 137 534 46 34 0 46 150 82 63 100 548 35 
0 0 19 602 245 47 54 57 0 13 12 9 19 900 70 1 0 15 10 7 21 80 891 0 
0 0 130 613 96 19 88 78 0 601 128 17 31 183 64 0 15 694 24 20 85 96 88 2 
0 0 106 262 54 98 386 118 0 233 168 77 158 331 57 0 12 371 71 162 338 70 0 0 
0 0 0 0 1 110 860 53 0 0 0 60 404 546 14 0 0 0 44 359 604 17 0 0 
0 0 0 0 2 22 614 386 0 0 0 4 87 760 173 0 0 0 4 67 687 266 0 0 
0 0 0 0 1 12 569 442 0 0 0 2 52 628 342 0 0 0 1 45 546 432 0 0 
0 0 0 0 0 31 507 486 0 0 0 8 92 560 364 0 0 0 8 71 471 473 1 0 
0 0 0 0 0 93 602 329 0 0 0 84 226 462 252 0 0 0 73 216 433 302 0 0 
0 0 0 0 6 127 624 267 0 0 9 115 355 337 208 0 0 9 121 330 329 235 0 0 
0 0 1 68 88 149 561 157 0 59 95 150 386 229 105 0 26 116 154 393 208 127 0 0 
0 0 125 214 295 213 170 7 0 306 333 171 163 49 2 0 55 534 214 164 56 1 0 0 
0 0 0 131 309 177 392 15 0 83 361 102 240 237 1 0 13 372 152 233 254 0 0 0 
0 0 0 21 283 358 355 7 0 12 269 355 116 272 0 0 3 226 401 92 302 0 0 0 
0 0 0 0 1 376 641 6 0 0 0 128 465 270 34 127 0 0 101 431 306 27 23 136 
0 0 0 0 0 927 96 1 0 0 0 5 61 26 21 911 0 0 6 43 26 16 17 916 
0 0 0 0 0 1024 0 0 0 0 0 0 0 0 0 1024 0 0 0 0 0 0 0 1024 
0 0 0 0 0 1024 0 0 0 0 0 0 0 0 788 236 0 0 0 0 0 0 0 1024 
0 0 0 0 0 33 761 230 0 0 0 7 101 742 174 0 0 0 6 91 571 345 11 0 
0 0 0 0 0 0 632 392 0 0 0 0 4 719 288 13 0 0 0 1 579 384 60 0 
0 0 0 0 0 2 480 542 0 0 0 0 66 574 339 45 0 0 0 47 461 424 92 0 
0 0 0 0 0 12 289 723 0 0 0 1 65 291 610 57 0 0 0 45 192 636 151 0 
0 0 0 0 0 0 210 814 0 0 0 0 1 275 668 80 0 0 0 0 130 691 203 0 
0 0 0 0 0 0 125 899 0 0 0 0 0 177 713 134 0 0 0 0 94 601 329 0 
0 0 0 0 15 16 45 948 0 0 13 14 8 76 745 168 0 13 14 9 27 662 299 0 
0 0 0 0 45 246 131 602 0 0 38 226 97 101 512 50 0 38 236 87 86 433 144 0 
0 0 0 0 9 113 433 469 0 0 6 85 316 203 393 21 0 7 84 311 203 344 75 0 
0 0 0 0 16 51 498 459 0 0 10 43 196 539 236 0 0 9 42 195 516 262 0 0 
0 0 0 0 0 0 255 769 0 0 0 0 50 347 627 0 0 0 0 54 322 648 0 0 
0 0 0 0 1 25 383 615 0 0 1 17 142 420 444 0 0 1 12 131 388 485 7 0 
0 0 0 4 116 121 302 481 0 0 120 113 188 197 406 0 0 116 113 180 177 438 0 0 
0 0 0 0 67 200 309 448 0 0 59 183 193 242 347 0 0 45 172 210 206 371 20 0 
0 0 0 35 30 205 447 307 0 0 4 167 313 266 274 0 0 2 155 255 236 286 90 0 
0 0 0 96 36 75 416 401 0 0 3 43 385 202 386 5 0 4 38 257 161 312 252 0 
0 0 0 100 36 35 273 580 0 0 0 9 181 239 535 60 0 0 10 130 109 390 385 0 
0 0 0 16 43 37 143 785 0 0 0 3 38 211 713 59 0 0 3 18 84 613 306 0 
0 0 0 0 0 28 214 782 0 0 0 5 59 190 700 70 0 0 5 37 158 600 224 0 
0 0 0 0 8 30 194 792 0 0 1 19 35 192 724 53 0 1 20 29 131 690 153 0 
0 0 0 0 10 68 351 595 0 0 1 37 87 359 528 12 0 1 28 71 298 581 45 0 
0 0 0 0 22 62 492 448 0 0 8 41 107 483 384 1 0 6 42 84 381 508 3 0 
0 0 0 0 15 67 628 314 0 0 5 26 115 667 210 1 0 3 24 83 581 331 2 0 
0 0 0 1 49 135 563 276 0 0 18 89 226 491 200 0 0 14 90 193 452 275 0 0 
0 0 0 8 73 173 620 150 0 0 60 103 243 538 80 0 0 57 99 203 527 138 0 0 
0 0 0 1 24 157 712 130 0 0 18 68 387 512 39 0 0 15 60 363 539 47 0 0 
0 0 0 2 23 168 677 154 0 0 12 69 366 475 102 0 0 11 65 327 478 143 0 0 
0 0 0 28 78 149 525 244 0 1 74 92 215 464 178 0 1 65 103 203 417 235 0 0 
0 0 0 1 28 116 656 223 0 0 18 53 223 566 164 0 0 19 51 186 522 246 0 0 
0 0 196 56 12 51 524 185 0 233 20 12 97 540 122 0 31 221 12 72 523 165 0 0 
0 3 492 178 85 159 99 8 0 613 98 111 164 38 0 0 205 484 118 181 36 0 0 0 
0 0 96 76 194 232 426 0 0 108 172 169 467 108 0 0 27 184 213 453 147 0 0 0 
0 0 0 0 18 281 725 0 0 0 7 75 568 374 0 0 0 4 72 421 527 0 0 0 
0 0 0 0 1 175 846 2 0 0 0 4 173 692 36 119 0 0 2 136 662 78 22 124 
0 0 0 0 0 796 228 0 0 0 0 0 0 179 63 782 0 0 0 0 133 52 37 802 
0 0 0 0 121 903 0 0 0 0 0 0 0 0 956 68 0 0 0 0 0 0 28 996 
0 0 0 0 2 14 929 79 0 0 0 6 421 597 0 0 0 0 5 386 633 0 0 0 
0 0 0 0 0 4 862 158 0 0 0 1 268 728 23 4 0 0 1 231 761 24 7 0 
0 0 0 0 0 1 685 338 0 0 0 0 117 750 150 7 0 0 0 105 677 218 24 0 
0 0 0 0 0 7 444 573 0 0 0 0 51 588 363 22 0 0 0 35 472 438 79 0 
0 0 0 0 0 17 609 398 0 0 0 6 126 730 162 0 0 0 5 84 662 270 3 0 
0 0 0 0 0 9 550 465 0 0 0 0 74 668 262 20 0 0 0 38 575 356 55 0 
0 0 0 0 1 30 320 673 0 0 1 14 60 397 532 20 0 0 14 42 314 604 50 0 
0 0 0 0 0 0 68 956 0 0 0 0 0 113 786 125 0 0 0 0 54 725 244 1 
0 0 0 0 0 1 134 889 0 0 0 0 0 328 615 81 0 0 0 0 240 617 165 2 
0 0 0 0 0 10 199 815 0 0 0 4 25 329 580 86 0 0 3 19 273 568 156 5 
0 0 0 0 0 4 198 822 0 0 0 2 15 317 632 58 0 0 2 9 205 688 120 0 
0 0 0 0 3 7 178 836 0 0 3 3 35 208 584 191 0 3 3 24 132 533 329 0 
0 0 0 0 0 0 151 873 0 0 0 0 15 174 684 151 0 0 0 9 124 573 318 0 
0 0 0 0 0 0 92 932 0 0 0 0 0 171 715 138 0 0 0 0 112 635 277 0 
0 0 0 0 0 2 194 828 0 0 0 0 3 300 531 190 0 0 0 4 256 421 343 0 
0 0 0 0 0 2 182 840 0 0 0 1 10 236 631 146 0 0 0 7 194 497 326 0 
0 0 0 0 0 25 189 810 0 0 0 10 64 153 748 49 0 0 13 55 107 709 140 0 
0 0 0 0 0 2 174 848 0 0 0 0 3 206 803 12 0 0 0 2 149 819 54 0 
0 0 0 0 0 3 186 835 0 0 0 0 8 171 831 14 0 0 0 6 102 845 71 0 
0 0 0 0 0 3 266 755 0 0 0 0 9 312 687 16 0 0 0 7 208 751 58 0 
0 0 0 0 0 25 332 667 0 0 0 1 52 364 596 11 0 0 0 49 241 696 38 0 
0 0 0 0 0 1 394 629 0 0 0 0 5 445 573 1 0 0 0 4 349 661 10 0 
0 0 0 0 0 5 573 446 0 0 0 0 21 666 337 0 0 0 0 9 521 494 0 0 
0 0 0 0 0 20 603 401 0 0 0 0 46 676 302 0 0 0 0 19 566 439 0 0 
0 0 0 0 10 64 647 303 0 0 1 18 112 628 265 0 0 2 18 85 429 487 3 0 
0 0 0 17 42 109 731 125 0 0 37 42 237 662 46 0 0 25 45 162 683 109 0 0 
0 0 0 25 39 161 715 84 0 2 42 48 459 447 26 0 0 38 50 394 504 38 0 0 
0 0 0 92 42 128 668 94 0 44 68 50 246 561 55 0 9 95 56 220 561 83 0 0 
0 0 0 37 41 88 773 85 0 2 63 38 215 667 39 0 2 60 39 197 664 62 0 0 
0 0 0 42 81 188 617 96 0 13 74 120 277 475 65 0 9 76 119 280 453 87 0 0 
0 191 165 56 53 110 431 18 3 359 69 97 127 369 0 0 275 140 107 128 367 7 0 0 
0 37 301 140 253 288 5 0 0 349 235 330 110 0 0 0 203 317 343 161 0 0 0 0 
0 0 0 0 52 580 392 0 0 0 30 139 842 13 0 0 0 20 125 830 49 0 0 0 
0 0 0 3 15 320 686 0 0 0 8 20 884 112 0 0 0 7 20 724 273 0 0 0 
0 0 0 0 0 445 579 0 0 0 0 0 640 349 23 12 0 0 0 402 573 12 11 26 
0 0 0 2 452 569 1 0 0 0 0 60 295 267 400 2 0 0 0 286 60 35 387 256 
0 0 0 0 0 0 984 40 0 0 0 0 15 1008 1 0 0 0 0 14 1006 4 0 0 
0 0 0 0 0 0 831 193 0 0 0 0 32 991 1 0 0 0 0 20 1000 4 0 0 
0 0 0 0 0 11 572 441 0 0 0 2 101 916 5 0 0 0 2 86 923 13 0 0 
0 0 0 0 0 4 517 503 0 0 0 0 82 925 17 0 0 0 0 76 892 56 0 0 
0 0 0 0 3 7 354 660 0 0 0 6 25 766 227 0 0 1 6 19 570 428 0 0 
0 0 0 0 0 16 334 674 0 0 0 11 65 603 344 1 0 0 8 44 431 538 3 0 
0 0 0 0 0 14 307 703 0 0 0 4 73 542 405 0 0 0 4 63 431 525 1 0 
0 0 0 0 0 14 391 619 0 0 0 3 101 567 347 6 0 0 3 87 489 436 9 0 
0 0 0 0 7 36 294 687 0 0 5 27 85 456 420 31 0 9 20 84 368 484 59 0 
0 0 0 0 9 30 231 754 0 0 9 20 78 352 527 38 0 9 23 70 295 549 78 0 
0 0 0 0 15 82 245 682 0 0 18 61 159 224 509 53 0 18 62 150 196 508 90 0 
0 0 0 0 16 92 333 583 0 0 10 74 150 327 453 10 0 13 75 132 298 457 49 0 
0 0 0 0 1 58 478 487 0 0 0 26 191 439 345 23 0 0 21 161 394 388 60 0 
0 0 0 0 1 22 380 621 0 0 3 15 100 612 277 17 0 2 17 91 592 291 31 0 
0 0 0 0 11 82 468 463 0 0 11 63 214 374 318 44 0 15 66 194 341 294 114 0 
0 0 0 0 15 74 485 450 0 0 7 37 147 485 332 16 0 4 33 110 443 383 51 0 
0 0 0 0 0 7 242 775 0 0 0 0 22 263 695 44 0 0 0 11 194 676 143 0 
0 0 0 0 1 8 214 801 0 0 1 3 15 218 754 33 0 1 3 9 160 741 110 0 
0 0 0 0 0 0 297 727 0 0 0 0 2 381 633 8 0 0 0 0 301 679 44 0 
0 0 0 0 0 1 284 739 0 0 0 0 2 357 656 9 0 0 0 1 300 692 31 0 
0 0 0 0 0 7 356 661 0 0 0 2 19 484 519 0 0 0 2 20 414 580 8 0 
0 0 0 0 0 3 413 608 0 0 0 0 18 517 488 1 0 0 0 15 447 559 3 0 
0 0 0 0 0 0 436 588 0 0 0 0 2 609 413 0 0 0 0 1 550 472 1 0 
0 0 0 0 0 2 500 522 0 0 0 0 3 694 327 0 0 0 0 3 580 440 1 0 
0 0 0 0 0 3 526 495 0 0 0 0 17 746 261 0 0 0 0 15 677 331 1 0 
0 0 0 0 0 17 638 369 0 0 0 0 73 691 260 0 0 0 0 49 609 366 0 0 
0 0 0 29 23 107 732 133 0 14 29 43 341 560 37 0 12 27 45 324 560 56 0 0 
0 0 8 60 44 289 595 28 0 46 51 185 574 168 0 0 24 75 218 566 141 0 0 0 
0 0 50 206 213 334 219 2 0 177 207 297 288 55 0 0 64 304 308 289 59 0 0 0 
0 58 220 89 178 248 221 10 6 295 156 230 229 103 5 0 170 270 246 227 102 9 0 0 
0 0 74 123 266 405 156 0 0 103 195 432 248 46 0 0 33 206 433 294 58 0 0 0 
0 0 1 32 423 567 1 0 0 9 111 744 160 0 0 0 2 65 673 284 0 0 0 0 
0 0 0 0 3 918 103 0 0 0 0 184 840 0 0 0 0 0 115 909 0 0 0 0 
0 0 0 0 0 873 151 0 0 0 0 18 1004 2 0 0 0 0 7 1007 10 0 0 0 
0 0 0 0 147 862 15 0 0 0 0 454 570 0 0 0 0 0 321 700 3 0 0 0 
0 0 23 323 513 165 0 0 0 1 383 519 108 13 0 0 0 97 646 248 9 9 15 0 
0 0 0 0 0 48 965 11 0 0 0 0 345 679 0 0 0 0 0 67 957 0 0 0 
0 0 6 29 15 39 874 61 0 19 27 24 355 595 4 0 7 34 32 294 638 19 0 0 
0 0 0 0 0 0 773 251 0 0 0 0 50 946 28 0 0 0 0 38 910 76 0 0 
0 0 0 0 0 0 432 592 0 0 0 0 0 906 118 0 0 0 0 0 726 297 1 0 
0 0 0 0 0 0 366 658 0 0 0 0 6 914 104 0 0 0 0 1 725 298 0 0 
0 0 0 0 0 5 463 556 0 0 0 0 49 792 183 0 0 0 0 25 681 318 0 0 
0 0 0 0 0 0 245 779 0 0 0 0 0 570 454 0 0 0 0 0 418 606 0 0 
0 0 0 0 0 0 202 822 0 0 0 0 3 428 593 0 0 0 0 0 269 754 1 0 
0 0 0 0 0 3 158 863 0 0 0 0 10 369 641 4 0 0 0 5 245 762 12 0 
0 0 0 0 0 3 89 932 0 0 0 0 11 158 855 0 0 0 0 8 85 925 6 0 
0 0 0 0 0 0 78 946 0 0 0 0 4 179 841 0 0 0 0 1 95 925 3 0 
0 0 0 0 0 0 188 836 0 0 0 0 5 494 525 0 0 0 0 5 385 630 4 0 
0 0 0 0 0 4 196 824 0 0 0 0 22 448 547 7 0 0 0 16 336 657 15 0 
0 0 0 0 5 31 188 800 0 0 2 24 65 326 604 3 0 1 21 67 268 657 10 0 
0 0 0 0 18 64 307 635 0 0 23 47 119 456 379 0 0 21 47 116 439 400 1 0 
0 0 0 1 12 29 459 523 0 0 9 27 191 602 195 0 0 10 27 209 578 200 0 0 
0 0 0 21 103 99 523 278 0 0 125 78 296 464 61 0 0 125 77 305 460 57 0 0 
0 0 0 4 67 116 559 278 0 0 61 90 318 452 100 3 0 60 82 291 446 138 7 0 
0 0 0 4 30 65 586 339 0 0 29 50 212 578 155 0 0 32 49 203 538 200 2 0 
0 0 0 51 70 122 538 243 0 8 100 96 291 395 134 0 5 105 95 276 373 170 0 0 
0 0 0 4 53 145 603 219 0 2 54 104 375 365 124 0 2 54 109 360 343 156 0 0 
0 0 0 5 36 124 585 274 0 0 31 88 301 432 172 0 0 33 86 291 396 216 2 0 
0 0 0 3 13 74 619 315 0 0 9 49 316 478 172 0 0 8 54 324 417 221 0 0 
0 0 0 0 8 33 575 408 0 0 7 18 267 428 304 0 0 6 21 265 380 352 0 0 
0 0 0 0 0 27 599 398 0 0 0 12 146 634 232 0 0 0 12 144 613 255 0 0 
0 0 0 9 15 45 718 237 0 3 18 31 127 782 63 0 1 21 35 120 761 86 0 0 
0 0 0 0 0 10 910 104 0 0 0 0 207 798 19 0 0 0 0 111 876 37 0 0 
0 0 38 30 15 32 863 46 0 56 17 15 241 688 7 0 32 39 18 154 766 15 0 0 
0 0 107 103 37 58 700 19 0 176 49 39 256 502 2 0 78 143 42 254 505 2 0 0 
0 366 448 31 24 39 109 7 71 755 25 35 57 81 0 0 760 85 33 67 76 3 0 0 
0 604 385 35 0 0 0 0 73 922 29 0 0 0 0 0 872 151 1 0 0 0 0 0 
0 395 355 246 28 0 0 0 0 845 171 8 0 0 0 0 494 502 28 0 0 0 0 0 
0 119 278 318 190 119 0 0 0 470 374 172 8 0 0 0 183 599 224 18 0 0 0 0 
0 0 74 349 264 336 1 0 0 114 440 326 144 0 0 0 5 478 366 175 0 0 0 0 
0 0 141 261 473 149 0 0 0 106 394 483 41 0 0 0 0 353 609 62 0 0 0 0 
0 127 500 353 44 0 0 0 0 488 517 19 0 0 0 0 24 896 104 0 0 0 0 0 
0 0 0 0 0 523 501 0 0 0 0 0 924 99 1 0 0 0 0 593 414 17 0 0 
0 0 0 0 0 8 1014 2 0 0 0 0 870 154 0 0 0 0 0 712 312 0 0 0 
0 0 0 0 0 11 1001 12 0 0 0 8 438 578 0 0 0 0 6 413 605 0 0 0 
0 0 0 0 0 3 990 31 0 0 0 0 326 698 0 0 0 0 0 261 763 0 0 0 
0 0 0 0 0 1 575 448 0 0 0 0 55 933 36 0 0 0 0 32 909 82 1 0 
0 0 0 0 0 5 386 633 0 0 0 2 67 871 84 0 0 0 3 61 839 121 0 0 
0 0 0 0 0 18 303 703 0 0 0 13 89 787 135 0 0 0 19 75 715 215 0 0 
0 0 0 4 23 49 552 396 0 2 22 50 169 721 60 0 4 24 42 167 680 107 0 0 
0 0 0 0 12 31 577 404 0 0 12 26 237 676 69 4 0 12 25 179 689 114 5 0 
0 0 0 0 0 14 680 330 0 0 0 10 183 756 75 0 0 0 9 125 772 118 0 0 
0 0 0 0 0 5 519 500 0 0 0 1 68 735 220 0 0 0 0 50 704 270 0 0 
0 0 0 0 0 2 514 508 0 0 0 0 168 696 160 0 0 0 0 138 692 194 0 0 
0 0 0 0 0 0 695 329 0 0 0 0 78 888 58 0 0 0 0 52 884 88 0 0 
0 0 0 0 0 0 449 575 0 0 0 0 23 834 167 0 0 0 0 17 809 198 0 0 
0 0 0 0 0 2 476 546 0 0 0 0 37 783 203 1 0 0 0 25 685 310 4 0 
0 0 0 0 0 10 323 691 0 0 0 2 69 529 422 2 0 0 0 32 438 546 8 0 
0 0 0 0 2 25 216 781 0 0 0 4 71 428 520 1 0 0 3 54 367 591 9 0 
0 0 0 0 0 0 413 611 0 0 0 0 39 779 206 0 0 0 0 25 729 268 2 0 
0 0 0 0 1 7 352 664 0 0 0 6 14 716 288 0 0 0 6 5 585 427 1 0 
0 0 0 0 0 2 220 802 0 0 0 0 7 633 379 5 0 0 0 7 494 508 15 0 
0 0 0 0 0 13 280 731 0 0 0 7 88 459 470 0 0 0 6 85 394 539 0 0 
0 0 0 0 1 27 441 555 0 0 0 15 135 705 169 0 0 0 8 135 649 232 0 0 
0 0 0 0 6 66 676 276 0 0 3 44 301 620 56 0 0 3 41 289 600 91 0 0 
0 0 0 0 17 69 716 222 0 0 5 58 249 700 12 0 0 8 55 224 688 49 0 0 
0 0 0 1 7 74 782 160 0 0 7 67 265 662 23 0 0 5 66 266 651 36 0 0 
0 0 0 6 35 119 773 91 0 0 31 93 383 488 29 0 2 30 97 341 527 27 0 0 
0 0 0 3 52 196 748 25 0 1 40 149 578 252 4 0 1 42 142 520 315 4 0 0 
0 0 0 17 105 343 556 3 0 12 93 292 523 104 0 0 7 91 275 525 126 0 0 0 
0 0 0 24 138 405 455 2 0 17 139 362 450 56 0 0 4 131 361 462 66 0 0 0 
0 184 47 67 200 361 165 0 90 171 182 371 200 10 0 0 227 192 353 237 15 0 0 0 
318 570 40 23 42 31 0 0 758 175 46 43 2 0 0 0 912 62 50 0 0 0 0 0 
45 890 83 6 0 0 0 0 473 549 2 0 0 0 0 0 966 58 0 0 0 0 0 0 
3 762 258 1 0 0 0 0 351 670 3 0 0 0 0 0 859 165 0 0 0 0 0 0 
32 463 421 108 0 0 0 0 253 678 93 0 0 0 0 0 499 525 0 0 0 0 0 0 
142 590 292 0 0 0 0 0 385 639 0 0 0 0 0 0 663 361 0 0 0 0 0 0 
383 587 54 0 0 0 0 0 552 472 0 0 0 0 0 0 860 164 0 0 0 0 0 0 
0 0 0 0 0 539 453 0 0 0 0 0 900 91 1 0 0 0 0 611 364 17 0 0 
0 0 0 0 0 8 982 2 0 0 0 0 856 136 0 0 0 0 0 699 293 0 0 0 
0 0 0 0 0 11 973 8 0 0 0 8 447 537 0 0 0 0 6 423 563 0 0 0 
0 0 0 0 0 3 963 26 0 0 0 0 333 659 0 0 0 0 0 257 735 0 0 0 
0 0 0 0 0 1 586 405 0 0 0 0 60 896 36 0 0 0 0 32 884 75 1 0 
0 0 0 0 0 5 370 617 0 0 0 2 62 844 84 0 0 0 3 60 809 120 0 0 
0 0 0 0 0 18 284 690 0 0 0 13 89 765 125 0 0 0 19 75 690 208 0 0 
0 0 0 4 23 54 538 373 0 2 22 53 177 681 57 0 4 24 46 175 654 89 0 0 
0 0 0 0 12 34 593 353 0 0 12 28 252 660 38 2 0 12 28 191 694 65 2 0 
0 0 0 0 0 16 692 284 0 0 0 12 197 732 51 0 0 0 9 139 764 80 0 0 
0 0 0 0 0 5 546 441 0 0 0 1 73 755 163 0 0 0 0 54 727 211 0 0 
0 0 0 0 0 2 546 444 0 0 0 0 180 706 106 0 0 0 0 145 715 132 0 0 
0 0 0 0 0 0 698 294 0 0 0 0 78 876 38 0 0 0 0 53 881 58 0 0 
0 0 0 0 0 0 473 519 0 0 0 0 25 852 115 0 0 0 0 19 828 145 0 0 
0 0 0 0 0 2 499 491 0 0 0 0 37 784 170 1 0 0 0 27 696 265 4 0 
0 0 0 0 0 10 333 649 0 0 0 2 73 533 382 2 0 0 0 35 446 503 8 0 
0 0 0 0 2 26 206 758 0 0 0 4 75 407 505 1 0 0 3 58 351 571 9 0 
0 0 0 0 0 0 361 631 0 0 0 0 18 772 202 0 0 0 0 6 720 264 2 0 
0 0 0 0 1 7 310 674 0 0 0 6 13 681 292 0 0 0 6 5 542 438 1 0 
0 0 0 0 0 1 208 783 0 0 0 0 2 639 351 0 0 0 0 2 503 481 6 0 
0 0 0 0 0 11 233 748 0 0 0 6 60 438 488 0 0 0 5 58 370 559 0 0 
0 0 0 0 1 20 420 551 0 0 0 11 116 692 173 0 0 0 5 112 633 242 0 0 
0 0 0 0 6 52 654 280 0 0 3 32 277 630 50 0 0 3 28 263 612 86 0 0 
0 0 0 0 7 61 708 216 0 0 3 45 229 709 6 0 0 4 45 205 697 41 0 0 
0 0 0 1 7 68 751 165 0 0 7 62 215 682 26 0 0 5 59 216 667 45 0 0 
0 0 0 3 22 91 786 90 0 0 17 65 384 499 27 0 1 16 70 335 543 27 0 0 
0 0 0 3 52 182 733 22 0 1 40 140 555 252 4 0 1 42 139 487 319 4 0 0 
0 0 0 17 109 355 509 2 0 12 95 303 514 68 0 0 7 93 285 534 73 0 0 0 
0 0 0 24 148 425 393 2 0 17 147 386 410 32 0 0 4 136 388 428 36 0 0 0 
0 146 44 75 214 365 148 0 69 159 194 381 185 4 0 0 194 202 365 217 14 0 0 0 
317 507 54 35 48 31 0 0 718 172 57 43 2 0 0 0 864 78 50 0 0 0 0 0 
45 855 83 9 0 0 0 0 485 503 4 0 0 0 0 0 936 56 0 0 0 0 0 0 
3 785 202 2 0 0 0 0 367 621 4 0 0 0 0 0 855 137 0 0 0 0 0 0 
32 495 363 102 0 0 0 0 275 629 88 0 0 0 0 0 530 462 0 0 0 0 0 0 
154 610 228 0 0 0 0 0 408 584 0 0 0 0 0 0 694 298 0 0 0 0 0 0 
415 549 28 0 0 0 0 0 584 408 0 0 0 0 0 0 877 115 0 0 0 0 0 0 
