0 1024 0 0 0 0 0 0 0 951 73 0 0 0 0 0 0 0 1021 3 0 0 0 0 
3 1021 0 0 0 0 0 0 0 1024 0 0 0 0 0 0 0 0 1024 0 0 0 0 0 
0 1024 0 0 0 0 0 0 0 1021 3 0 0 0 0 0 0 0 1016 8 0 0 0 0 
0 1024 0 0 0 0 0 0 0 507 517 0 0 0 0 0 0 0 234 790 0 0 0 0 
0 1024 0 0 0 0 0 0 0 85 939 0 0 0 0 0 0 0 5 1019 0 0 0 0 
0 1024 0 0 0 0 0 0 0 10 1014 0 0 0 0 0 0 0 0 1024 0 0 0 0 
0 1024 0 0 0 0 0 0 0 0 1024 0 0 0 0 0 0 0 0 1024 0 0 0 0 
0 1024 0 0 0 0 0 0 0 0 1024 0 0 0 0 0 0 0 0 1024 0 0 0 0 
0 1024 0 0 0 0 0 0 0 0 1024 0 0 0 0 0 0 0 0 941 83 0 0 0 
0 1024 0 0 0 0 0 0 0 0 1024 0 0 0 0 0 0 0 0 844 180 0 0 0 
0 1024 0 0 0 0 0 0 0 0 1024 0 0 0 0 0 0 0 0 377 647 0 0 0 
0 1024 0 0 0 0 0 0 0 0 1024 0 0 0 0 0 0 0 0 46 978 0 0 0 
0 1024 0 0 0 0 0 0 0 0 1024 0 0 0 0 0 0 0 0 0 1024 0 0 0 
0 1024 0 0 0 0 0 0 0 0 1024 0 0 0 0 0 0 0 0 0 1024 0 0 0 
0 1024 0 0 0 0 0 0 0 0 1024 0 0 0 0 0 0 0 0 15 1009 0 0 0 
2 1022 0 0 0 0 0 0 0 0 1024 0 0 0 0 0 0 0 0 1 1023 0 0 0 
1 1023 0 0 0 0 0 0 0 0 1024 0 0 0 0 0 0 0 0 63 961 0 0 0 
0 1024 0 0 0 0 0 0 0 0 1024 0 0 0 0 0 0 0 0 2 1022 0 0 0 
0 1024 0 0 0 0 0 0 0 0 1024 0 0 0 0 0 0 0 0 0 1024 0 0 0 
0 945 19 11 13 35 1 0 0 0 1014 10 0 0 0 0 2 38 12 21 950 1 0 0 
0 81 52 143 321 335 92 0 4 107 652 261 0 0 0 0 116 753 38 17 100 0 0 0 
0 223 138 315 258 80 10 0 241 401 354 28 0 0 0 0 556 468 0 0 0 0 0 0 
0 1023 1 0 0 0 0 0 1017 7 0 0 0 0 0 0 1024 0 0 0 0 0 0 0 
0 232 172 335 166 100 19 0 256 411 266 85 6 0 0 0 586 421 17 0 0 0 0 0 
0 23 84 32 70 199 491 125 21 111 109 398 384 1 0 0 121 348 551 4 0 0 0 0 
0 79 135 135 173 193 260 49 112 217 244 292 155 4 0 0 323 404 295 2 0 0 0 0 
0 0 1 45 175 335 393 75 0 46 335 517 126 0 0 0 57 652 314 1 0 0 0 0 
1 236 103 97 169 201 175 42 270 140 279 259 74 2 0 0 412 413 197 2 0 0 0 0 
0 118 209 161 157 169 128 82 215 250 267 204 87 1 0 0 430 399 194 1 0 0 0 0 
0 28 76 82 69 108 539 122 44 133 110 524 209 4 0 0 157 409 447 11 0 0 0 0 
0 0 0 7 143 566 306 2 0 11 513 498 2 0 0 0 18 917 89 0 0 0 0 0 
0 0 0 6 104 722 192 0 0 8 622 393 1 0 0 0 11 936 77 0 0 0 0 0 
0 0 0 0 5 941 78 0 0 0 873 151 0 0 0 0 0 1007 17 0 0 0 0 0 
0 0 0 0 1 1001 22 0 0 0 969 55 0 0 0 0 0 1024 0 0 0 0 0 0 
0 0 1 11 116 847 49 0 0 19 858 147 0 0 0 0 15 1001 8 0 0 0 0 0 
0 0 0 23 258 631 112 0 0 29 765 230 0 0 0 0 27 977 20 0 0 0 0 0 
0 14 101 147 197 337 197 31 36 209 423 300 55 1 0 0 217 617 188 2 0 0 0 0 
0 4 90 145 173 378 176 26 13 209 413 318 39 0 0 0 194 634 163 1 0 0 0 0 
0 1024 0 0 0 0 0 0 0 789 235 0 0 0 0 0 0 0 855 169 0 0 0 0 
0 1024 0 0 0 0 0 0 0 1013 11 0 0 0 0 0 0 0 960 64 0 0 0 0 
0 1024 0 0 0 0 0 0 0 991 33 0 0 0 0 0 0 0 585 439 0 0 0 0 
0 1024 0 0 0 0 0 0 0 398 626 0 0 0 0 0 0 0 1 1023 0 0 0 0 
0 1024 0 0 0 0 0 0 0 0 1024 0 0 0 0 0 0 0 0 1024 0 0 0 0 
0 1024 0 0 0 0 0 0 0 0 1024 0 0 0 0 0 0 0 0 1024 0 0 0 0 
0 1024 0 0 0 0 0 0 0 0 1024 0 0 0 0 0 0 0 0 911 113 0 0 0 
0 1024 0 0 0 0 0 0 0 0 1024 0 0 0 0 0 0 0 0 784 240 0 0 0 
0 1024 0 0 0 0 0 0 0 0 1024 0 0 0 0 0 0 0 0 133 891 0 0 0 
0 1023 1 0 0 0 0 0 0 0 1024 0 0 0 0 0 0 0 0 69 955 0 0 0 
0 1024 0 0 0 0 0 0 0 0 1024 0 0 0 0 0 0 0 0 6 1018 0 0 0 
0 1024 0 0 0 0 0 0 0 0 1024 0 0 0 0 0 0 0 0 11 1013 0 0 0 
0 1024 0 0 0 0 0 0 0 0 1024 0 0 0 0 0 0 0 0 0 1024 0 0 0 
0 1024 0 0 0 0 0 0 0 0 1024 0 0 0 0 0 0 0 0 0 1024 0 0 0 
0 1024 0 0 0 0 0 0 0 0 1024 0 0 0 0 0 0 0 0 0 1024 0 0 0 
0 1024 0 0 0 0 0 0 0 0 1024 0 0 0 0 0 0 0 0 1 1023 0 0 0 
0 1024 0 0 0 0 0 0 0 0 1024 0 0 0 0 0 0 0 0 0 1024 0 0 0 
2 1022 0 0 0 0 0 0 0 0 1024 0 0 0 0 0 0 0 0 1 1023 0 0 0 
0 1024 0 0 0 0 0 0 0 0 1024 0 0 0 0 0 0 0 0 0 1024 0 0 0 
0 381 48 61 184 282 56 12 1 57 808 148 10 0 0 0 65 453 54 31 412 9 0 0 
0 49 377 365 157 70 6 0 111 663 221 29 0 0 0 0 609 414 1 0 0 0 0 0 
0 181 292 454 97 0 0 0 207 655 162 0 0 0 0 0 671 353 0 0 0 0 0 0 
8 883 131 2 0 0 0 0 939 84 1 0 0 0 0 0 1021 3 0 0 0 0 0 0 
0 184 193 189 283 140 35 0 217 306 361 139 1 0 0 0 474 510 40 0 0 0 0 0 
0 13 65 62 135 237 430 82 22 110 240 392 254 6 0 0 135 493 392 4 0 0 0 0 
0 48 203 142 205 241 175 10 121 264 294 315 30 0 0 0 355 526 143 0 0 0 0 0 
0 69 120 183 268 286 97 1 104 236 451 224 9 0 0 0 314 641 69 0 0 0 0 0 
0 601 223 98 59 15 18 10 708 203 77 20 15 1 0 0 870 127 24 3 0 0 0 0 
0 280 81 38 31 170 378 46 291 106 81 497 43 6 0 0 393 410 218 3 0 0 0 0 
0 0 0 0 7 353 659 5 0 0 133 883 8 0 0 0 2 827 195 0 0 0 0 0 
0 0 0 0 64 821 139 0 0 0 752 272 0 0 0 0 0 998 26 0 0 0 0 0 
0 0 0 0 24 841 159 0 0 0 769 255 0 0 0 0 0 984 40 0 0 0 0 0 
0 0 0 0 25 934 65 0 0 0 936 88 0 0 0 0 0 1022 2 0 0 0 0 0 
0 0 0 0 18 979 27 0 0 0 937 87 0 0 0 0 0 1016 8 0 0 0 0 0 
0 0 0 0 29 878 117 0 0 1 841 182 0 0 0 0 1 1017 6 0 0 0 0 0 
0 32 68 71 206 585 62 0 55 115 683 168 3 0 0 0 149 838 37 0 0 0 0 0 
0 6 14 61 236 351 351 5 6 69 450 488 11 0 0 0 69 727 228 0 0 0 0 0 
0 5 52 70 200 406 259 0 24 95 460 411 2 0 0 0 112 721 159 0 0 0 0 0 
0 1024 0 0 0 0 0 0 0 641 383 0 0 0 0 0 0 0 326 698 0 0 0 0 
0 1024 0 0 0 0 0 0 0 742 282 0 0 0 0 0 0 0 287 737 0 0 0 0 
0 1024 0 0 0 0 0 0 0 298 726 0 0 0 0 0 0 0 0 1024 0 0 0 0 
0 1024 0 0 0 0 0 0 0 27 997 0 0 0 0 0 0 0 0 1024 0 0 0 0 
0 1024 0 0 0 0 0 0 0 0 1024 0 0 0 0 0 0 0 0 1024 0 0 0 0 
0 1024 0 0 0 0 0 0 0 0 1024 0 0 0 0 0 0 0 0 946 78 0 0 0 
0 1024 0 0 0 0 0 0 0 0 1024 0 0 0 0 0 0 0 0 447 577 0 0 0 
0 1020 4 0 0 0 0 0 0 0 1024 0 0 0 0 0 0 0 0 6 1018 0 0 0 
0 1019 5 0 0 0 0 0 0 0 1024 0 0 0 0 0 0 0 0 0 1024 0 0 0 
0 1018 6 0 0 0 0 0 0 0 1024 0 0 0 0 0 0 0 0 0 1024 0 0 0 
0 1024 0 0 0 0 0 0 0 0 1024 0 0 0 0 0 0 0 0 0 1024 0 0 0 
0 1024 0 0 0 0 0 0 0 0 1024 0 0 0 0 0 0 0 0 0 1024 0 0 0 
0 1019 5 0 0 0 0 0 0 0 1019 5 0 0 0 0 0 0 0 0 1024 0 0 0 
0 1024 0 0 0 0 0 0 0 0 1022 2 0 0 0 0 0 0 0 0 1024 0 0 0 
0 1024 0 0 0 0 0 0 0 0 1024 0 0 0 0 0 0 0 0 0 1024 0 0 0 
0 1024 0 0 0 0 0 0 0 0 1024 0 0 0 0 0 0 0 0 0 1024 0 0 0 
0 1024 0 0 0 0 0 0 0 0 1024 0 0 0 0 0 0 0 0 0 1024 0 0 0 
0 1024 0 0 0 0 0 0 0 0 1024 0 0 0 0 0 0 0 0 0 1024 0 0 0 
0 755 41 21 38 78 90 1 0 0 883 136 5 0 0 0 2 141 55 25 774 27 0 0 
0 13 32 105 371 378 124 1 11 125 659 228 1 0 0 0 149 819 36 4 12 4 0 0 
0 38 121 127 449 266 22 1 54 219 691 58 2 0 0 0 259 752 12 1 0 0 0 0 
0 152 143 261 336 121 11 0 178 338 447 61 0 0 0 0 466 549 9 0 0 0 0 0 
0 528 386 71 30 9 0 0 659 308 54 3 0 0 0 0 953 70 1 0 0 0 0 0 
0 96 248 346 209 89 36 0 146 470 308 99 1 0 0 0 503 477 44 0 0 0 0 0 
0 0 63 109 225 362 253 12 16 159 441 373 35 0 0 0 195 705 122 2 0 0 0 0 
0 322 111 157 205 141 87 1 356 218 301 146 3 0 0 0 565 429 29 1 0 0 0 0 
0 708 108 96 50 37 21 4 732 163 86 31 11 1 0 0 872 128 23 1 0 0 0 0 
0 2 25 36 65 71 639 186 9 66 83 608 251 7 0 0 67 320 625 12 0 0 0 0 
0 0 0 0 11 389 588 36 0 1 191 791 39 2 0 0 3 781 239 1 0 0 0 0 
0 8 20 16 77 416 486 1 12 34 327 648 3 0 0 0 44 819 161 0 0 0 0 0 
0 0 0 0 132 838 54 0 0 2 879 143 0 0 0 0 4 1007 13 0 0 0 0 0 
0 0 0 0 52 833 139 0 0 0 785 239 0 0 0 0 2 993 29 0 0 0 0 0 
0 0 0 0 1 613 399 11 0 0 511 503 10 0 0 0 0 961 63 0 0 0 0 0 
0 0 0 0 4 747 273 0 0 0 616 408 0 0 0 0 0 1001 23 0 0 0 0 0 
0 0 0 0 4 701 319 0 0 0 590 434 0 0 0 0 0 997 27 0 0 0 0 0 
0 1 6 16 37 723 225 16 3 22 674 306 19 0 0 0 22 938 64 0 0 0 0 0 
0 123 278 132 100 172 211 8 210 316 215 270 13 0 0 0 478 425 121 0 0 0 0 0 
0 357 230 162 126 82 35 0 455 287 178 72 0 0 0 0 689 290 13 0 0 0 0 0 
0 1024 0 0 0 0 0 0 0 245 779 0 0 0 0 0 0 0 0 1024 0 0 0 0 
0 1024 0 0 0 0 0 0 0 343 681 0 0 0 0 0 0 0 3 1021 0 0 0 0 
0 1024 0 0 0 0 0 0 0 38 986 0 0 0 0 0 0 0 0 1024 0 0 0 0 
0 1024 0 0 0 0 0 0 0 0 1024 0 0 0 0 0 0 0 0 1023 1 0 0 0 
0 1024 0 0 0 0 0 0 0 0 1024 0 0 0 0 0 0 0 0 841 183 0 0 0 
0 1024 0 0 0 0 0 0 0 0 1024 0 0 0 0 0 0 0 0 362 662 0 0 0 
0 1024 0 0 0 0 0 0 0 0 1024 0 0 0 0 0 0 0 0 1 1023 0 0 0 
0 1018 6 0 0 0 0 0 0 0 1024 0 0 0 0 0 0 0 0 0 1024 0 0 0 
0 372 652 0 0 0 0 0 0 0 888 136 0 0 0 0 0 0 0 0 1024 0 0 0 
0 596 428 0 0 0 0 0 0 0 875 149 0 0 0 0 0 0 0 0 1024 0 0 0 
0 982 42 0 0 0 0 0 0 0 991 33 0 0 0 0 0 0 0 0 1024 0 0 0 
0 895 129 0 0 0 0 0 0 0 925 99 0 0 0 0 0 0 0 0 1002 22 0 0 
0 623 401 0 0 0 0 0 0 0 636 388 0 0 0 0 0 0 0 0 728 296 0 0 
0 1024 0 0 0 0 0 0 0 0 1011 13 0 0 0 0 0 0 0 0 1012 12 0 0 
0 1000 24 0 0 0 0 0 0 0 1016 8 0 0 0 0 0 0 0 0 1015 9 0 0 
0 875 82 22 5 13 11 16 0 0 958 47 19 0 0 0 0 7 35 19 931 32 0 0 
0 804 41 21 16 11 64 67 0 0 873 64 87 0 0 0 0 30 112 30 850 2 0 0 
0 566 58 27 39 160 150 24 0 9 790 193 32 0 0 0 11 280 71 31 616 15 0 0 
0 51 75 84 161 462 170 21 10 132 483 372 27 0 0 0 134 736 75 13 59 7 0 0 
0 3 22 186 338 335 129 11 12 199 564 231 18 0 0 0 161 805 58 0 0 0 0 0 
0 0 10 59 161 453 330 11 3 74 413 523 11 0 0 0 84 898 42 0 0 0 0 0 
0 0 0 17 162 502 343 0 0 20 511 492 1 0 0 0 21 988 15 0 0 0 0 0 
8 409 96 58 107 234 101 11 432 138 284 164 6 0 0 0 566 435 23 0 0 0 0 0 
0 139 352 325 166 32 10 0 237 485 267 35 0 0 0 0 651 357 16 0 0 0 0 0 
0 4 17 34 114 313 444 98 14 47 268 582 103 10 0 0 73 687 260 4 0 0 0 0 
0 171 152 186 200 143 70 102 224 259 317 111 97 16 0 0 458 417 143 6 0 0 0 0 
0 689 17 30 28 72 177 11 690 41 59 224 10 0 0 0 728 222 74 0 0 0 0 0 
0 0 0 0 9 354 650 11 0 0 226 793 5 0 0 0 1 816 207 0 0 0 0 0 
0 4 66 62 154 187 530 21 24 117 257 610 16 0 0 0 128 668 228 0 0 0 0 0 
0 0 0 16 63 557 380 8 0 21 479 517 7 0 0 0 25 893 106 0 0 0 0 0 
0 0 0 0 35 706 283 0 0 0 607 417 0 0 0 0 2 999 23 0 0 0 0 0 
0 0 0 0 0 507 517 0 0 0 423 601 0 0 0 0 0 968 56 0 0 0 0 0 
0 0 0 0 0 127 891 6 0 0 115 906 3 0 0 0 0 800 224 0 0 0 0 0 
0 0 0 0 0 266 758 0 0 0 238 786 0 0 0 0 0 998 26 0 0 0 0 0 
0 0 0 0 0 64 957 3 0 0 43 980 1 0 0 0 0 841 183 0 0 0 0 0 
0 0 0 8 82 324 607 3 0 8 300 711 5 0 0 0 10 883 131 0 0 0 0 0 
0 6 6 38 101 521 348 4 7 47 357 608 5 0 0 0 45 870 109 0 0 0 0 0 
0 170 27 49 109 437 196 4 177 77 319 413 6 0 0 0 229 687 76 0 0 0 0 0 
0 1024 0 0 0 0 0 0 0 7 1017 0 0 0 0 0 0 0 0 1024 0 0 0 0 
0 1024 0 0 0 0 0 0 0 205 819 0 0 0 0 0 0 0 0 1024 0 0 0 0 
0 1024 0 0 0 0 0 0 0 0 1024 0 0 0 0 0 0 0 0 1023 1 0 0 0 
0 1024 0 0 0 0 0 0 0 0 1024 0 0 0 0 0 0 0 0 880 144 0 0 0 
0 1024 0 0 0 0 0 0 0 0 1024 0 0 0 0 0 0 0 0 222 802 0 0 0 
0 1024 0 0 0 0 0 0 0 0 1024 0 0 0 0 0 0 0 0 1 1023 0 0 0 
0 757 267 0 0 0 0 0 0 0 1024 0 0 0 0 0 0 0 0 0 1024 0 0 0 
0 530 494 0 0 0 0 0 0 0 909 115 0 0 0 0 0 0 0 0 1021 3 0 0 
0 111 913 0 0 0 0 0 0 0 402 622 0 0 0 0 0 0 0 0 853 171 0 0 
0 53 800 25 16 13 110 7 0 0 274 734 16 0 0 0 0 76 60 17 676 195 0 0 
0 72 431 48 52 139 250 32 3 19 408 531 63 0 0 0 20 346 124 22 478 34 0 0 
0 77 280 54 73 181 347 12 0 27 346 607 44 0 0 0 35 455 141 25 294 74 0 0 
0 152 433 32 23 84 290 10 0 0 131 843 50 0 0 0 1 211 176 25 206 405 0 0 
0 341 529 29 15 29 78 3 0 0 201 808 15 0 0 0 0 32 79 25 276 612 0 0 
0 147 334 83 95 105 130 130 83 99 371 341 130 0 0 0 167 274 181 36 201 165 0 0 
0 261 125 98 82 63 189 206 301 150 139 235 199 0 0 0 437 326 243 7 7 4 0 0 
0 141 199 115 123 226 190 30 248 194 261 306 15 0 0 0 423 555 46 0 0 0 0 0 
0 46 73 97 157 226 360 65 83 124 279 497 41 0 0 0 209 735 80 0 0 0 0 0 
0 0 25 31 40 266 619 43 8 55 202 727 31 1 0 0 64 888 71 1 0 0 0 0 
0 9 46 104 207 305 329 24 24 162 413 402 23 0 0 0 172 778 74 0 0 0 0 0 
0 50 83 93 210 308 231 49 87 135 372 373 53 4 0 0 240 667 115 2 0 0 0 0 
0 3 29 34 30 186 739 3 11 51 128 832 2 0 0 0 62 922 40 0 0 0 0 0 
0 0 4 14 102 237 508 159 3 15 289 537 172 8 0 0 28 693 300 3 0 0 0 0 
0 54 133 179 354 270 31 3 79 249 526 162 8 0 0 0 295 689 40 0 0 0 0 0 
0 2 68 39 113 161 599 42 19 97 172 683 53 0 0 0 118 685 221 0 0 0 0 0 
0 162 93 39 78 318 272 62 206 85 256 413 64 0 0 0 298 567 159 0 0 0 0 0 
0 392 21 25 44 291 247 4 401 33 256 331 3 0 0 0 440 546 38 0 0 0 0 0 
0 0 1 7 42 449 515 10 1 13 356 649 5 0 0 0 19 908 97 0 0 0 0 0 
0 0 5 9 93 407 506 4 0 16 393 608 7 0 0 0 22 892 110 0 0 0 0 0 
0 0 0 0 0 404 619 1 0 0 320 704 0 0 0 0 0 984 40 0 0 0 0 0 
0 0 0 0 0 557 459 8 0 0 489 531 4 0 0 0 2 968 54 0 0 0 0 0 
0 0 0 0 0 141 877 6 0 0 134 886 4 0 0 0 0 824 200 0 0 0 0 0 
0 0 0 0 0 14 972 38 0 0 18 995 11 0 0 0 0 702 322 0 0 0 0 0 
0 0 0 0 0 99 925 0 0 0 113 911 0 0 0 0 0 995 29 0 0 0 0 0 
0 0 0 6 12 39 967 0 0 9 52 963 0 0 0 0 7 955 62 0 0 0 0 0 
0 0 3 23 47 109 762 80 0 27 110 817 70 0 0 0 26 634 364 0 0 0 0 0 
0 0 0 4 43 218 731 28 0 7 135 858 24 0 0 0 8 825 191 0 0 0 0 0 
0 85 82 23 76 313 410 3 119 75 205 589 4 0 0 0 188 664 140 0 0 0 0 0 
0 861 163 0 0 0 0 0 0 0 1024 0 0 0 0 0 0 0 0 1008 16 0 0 0 
0 1024 0 0 0 0 0 0 0 0 1024 0 0 0 0 0 0 0 0 1024 0 0 0 0 
0 1024 0 0 0 0 0 0 0 0 1024 0 0 0 0 0 0 0 0 912 112 0 0 0 
0 1024 0 0 0 0 0 0 0 0 1024 0 0 0 0 0 0 0 0 124 900 0 0 0 
0 947 77 0 0 0 0 0 0 0 1024 0 0 0 0 0 0 0 0 0 1024 0 0 0 
0 511 513 0 0 0 0 0 0 0 961 63 0 0 0 0 0 0 0 0 1024 0 0 0 
0 45 979 0 0 0 0 0 0 0 659 365 0 0 0 0 0 0 0 0 1024 0 0 0 
0 0 943 38 10 5 8 20 0 0 124 888 12 0 0 0 0 11 25 12 595 381 0 0 
0 0 403 50 23 47 438 63 0 0 16 905 103 0 0 0 0 369 180 30 126 319 0 0 
0 0 12 12 18 211 736 35 0 0 143 851 30 0 0 0 2 857 134 9 10 12 0 0 
0 0 2 36 136 392 364 94 0 30 431 474 82 6 1 0 51 867 104 2 0 0 0 0 
0 0 13 171 309 273 174 84 0 182 504 256 71 11 0 0 129 797 90 8 0 0 0 0 
0 7 207 238 214 212 143 3 47 394 346 229 8 0 0 0 369 627 28 0 0 0 0 0 
10 515 168 50 58 83 126 14 598 137 95 157 37 0 0 0 730 231 63 0 0 0 0 0 
0 296 308 184 105 64 49 18 406 367 154 73 24 0 0 0 703 273 48 0 0 0 0 0 
0 18 143 232 284 209 124 14 64 333 426 191 10 0 0 0 353 634 37 0 0 0 0 0 
0 175 161 149 196 202 133 8 244 247 364 168 1 0 0 0 467 534 23 0 0 0 0 0 
0 237 76 134 159 206 182 30 251 183 270 274 45 1 0 0 418 509 97 0 0 0 0 0 
0 97 41 21 39 145 674 7 119 41 152 711 1 0 0 0 175 827 22 0 0 0 0 0 
0 0 14 16 22 33 598 341 2 32 40 650 296 4 0 0 36 617 370 1 0 0 0 0 
0 180 260 192 115 73 84 120 268 360 144 113 110 29 0 0 579 281 153 11 0 0 0 0 
0 56 279 260 145 73 197 14 93 453 221 253 4 0 0 0 482 496 46 0 0 0 0 0 
0 0 2 16 85 109 462 350 1 27 156 560 278 2 0 0 34 578 411 1 0 0 0 0 
0 200 104 99 223 255 134 9 233 150 373 245 23 0 0 0 395 554 74 1 0 0 0 0 
0 13 98 98 194 177 338 106 41 151 279 408 140 5 0 0 195 534 292 3 0 0 0 0 
0 206 78 72 105 163 322 78 220 123 162 432 87 0 0 0 334 490 200 0 0 0 0 0 
0 103 37 17 139 651 77 0 111 45 675 193 0 0 0 0 163 850 11 0 0 0 0 0 
0 0 0 24 40 343 587 30 0 25 344 635 20 0 0 0 14 907 103 0 0 0 0 0 
0 0 0 37 47 485 454 1 1 30 470 523 0 0 0 0 22 962 40 0 0 0 0 0 
0 0 0 0 0 169 842 13 0 0 143 879 2 0 0 0 0 984 40 0 0 0 0 0 
0 0 0 0 0 106 903 15 0 0 64 956 4 0 0 0 0 926 98 0 0 0 0 0 
0 0 0 0 0 11 974 39 0 0 15 994 15 0 0 0 0 830 194 0 0 0 0 0 
0 0 0 0 0 53 936 35 0 0 51 973 0 0 0 0 0 860 164 0 0 0 0 0 
0 0 0 0 0 176 847 1 0 0 207 817 0 0 0 0 0 993 31 0 0 0 0 0 
0 0 2 53 59 129 720 61 3 66 148 743 64 0 0 0 57 681 286 0 0 0 0 0 
0 0 0 0 0 5 1001 18 0 0 4 1006 14 0 0 0 0 638 386 0 0 0 0 0 
0 0 0 0 2 152 818 52 0 0 77 906 41 0 0 0 0 616 408 0 0 0 0 0 
0 0 0 0 1 238 736 17 0 0 100 875 17 0 0 0 0 737 255 0 0 0 0 0 
0 256 263 60 119 281 45 0 0 12 823 189 0 0 0 0 21 433 40 405 125 0 0 0 
0 814 69 29 48 46 18 0 0 10 974 40 0 0 0 0 14 99 25 772 114 0 0 0 
0 1024 0 0 0 0 0 0 0 0 1024 0 0 0 0 0 0 0 0 301 723 0 0 0 
0 862 162 0 0 0 0 0 0 0 1024 0 0 0 0 0 0 0 0 0 1024 0 0 0 
0 194 830 0 0 0 0 0 0 0 815 209 0 0 0 0 0 0 0 0 1024 0 0 0 
0 0 1024 0 0 0 0 0 0 0 232 792 0 0 0 0 0 0 0 0 951 73 0 0 
0 0 870 41 16 16 65 16 0 1 44 977 2 0 0 0 0 66 38 13 652 255 0 0 
0 0 127 58 25 127 605 82 0 13 114 839 58 0 0 0 8 685 142 24 58 107 0 0 
0 0 0 17 69 363 553 22 0 21 384 598 21 0 0 0 25 957 42 0 0 0 0 0 
0 0 0 0 11 352 625 36 0 1 348 649 26 0 0 0 14 975 35 0 0 0 0 0 
0 0 13 141 144 427 226 73 0 143 456 368 57 0 0 0 137 818 69 0 0 0 0 0 
0 1 78 220 413 205 92 15 18 325 539 132 10 0 0 0 274 727 23 0 0 0 0 0 
0 4 152 251 168 123 257 69 58 364 213 344 45 0 0 0 339 590 95 0 0 0 0 0 
0 166 233 168 114 128 175 40 200 321 210 252 41 0 0 0 478 483 63 0 0 0 0 0 
0 324 362 130 84 92 28 4 439 366 165 53 1 0 0 0 755 260 9 0 0 0 0 0 
0 427 286 103 90 65 52 1 547 260 143 74 0 0 0 0 777 234 13 0 0 0 0 0 
0 448 537 25 13 1 0 0 788 163 34 39 0 0 0 0 925 39 10 6 15 29 0 0 
1 632 391 0 0 0 0 0 769 64 25 166 0 0 0 0 811 18 10 9 29 147 0 0 
81 575 368 0 0 0 0 0 677 34 19 294 0 0 0 0 686 18 8 15 26 271 0 0 
0 501 369 40 24 18 34 38 505 106 49 345 19 0 0 0 575 111 49 4 10 275 0 0 
3 285 170 77 64 50 85 290 347 145 100 158 270 4 0 0 477 199 300 14 8 26 0 0 
0 378 426 140 64 15 1 0 479 433 100 11 1 0 0 0 866 154 4 0 0 0 0 0 
0 44 199 231 206 153 132 59 65 380 279 216 82 2 0 0 399 474 150 1 0 0 0 0 
0 29 97 176 149 208 325 40 54 186 318 411 54 1 0 0 226 658 139 1 0 0 0 0 
0 69 106 86 265 318 165 15 112 128 417 335 32 0 0 0 251 658 115 0 0 0 0 0 
0 24 156 125 150 254 276 39 52 235 242 409 85 1 0 0 278 501 243 2 0 0 0 0 
0 43 135 118 244 323 161 0 75 215 517 217 0 0 0 0 277 737 10 0 0 0 0 0 
0 0 13 135 289 497 90 0 3 142 704 175 0 0 0 0 133 885 6 0 0 0 0 0 
0 0 0 0 2 268 723 31 0 0 193 824 7 0 0 0 2 931 91 0 0 0 0 0 
0 0 0 0 0 90 918 16 0 0 65 953 6 0 0 0 1 971 52 0 0 0 0 0 
0 1 18 74 223 449 258 1 7 99 517 401 0 0 0 0 88 924 12 0 0 0 0 0 
0 1 42 89 107 427 358 0 13 129 333 549 0 0 0 0 106 885 33 0 0 0 0 0 
0 0 0 0 2 94 724 204 0 0 59 862 103 0 0 0 0 575 449 0 0 0 0 0 
0 0 0 26 33 227 649 89 0 36 218 712 58 0 0 0 21 799 204 0 0 0 0 0 
0 0 18 23 15 28 860 80 4 39 37 911 33 0 0 0 32 612 380 0 0 0 0 0 
0 0 0 0 0 0 1002 22 0 0 0 1024 0 0 0 0 0 788 236 0 0 0 0 0 
0 0 0 0 2 47 906 69 0 0 41 914 69 0 0 0 0 694 330 0 0 0 0 0 
0 0 0 0 2 54 909 27 0 0 41 924 27 0 0 0 0 697 295 0 0 0 0 0 
0 0 0 0 136 665 223 0 0 0 411 604 9 0 0 0 12 975 37 0 0 0 0 0 
0 39 48 60 352 493 32 0 0 55 591 378 0 0 0 0 49 874 30 32 39 0 0 0 
0 525 229 56 153 61 0 0 0 7 982 35 0 0 0 0 15 231 20 29 728 1 0 0 
0 183 841 0 0 0 0 0 0 0 604 420 0 0 0 0 0 0 0 0 1001 23 0 0 
0 1 1023 0 0 0 0 0 0 0 68 956 0 0 0 0 0 0 0 0 671 353 0 0 
0 0 863 46 16 22 71 6 0 0 8 1009 7 0 0 0 0 56 48 18 282 620 0 0 
0 0 122 32 139 340 385 6 0 10 374 626 14 0 0 0 14 766 78 17 39 110 0 0 
0 0 0 4 71 417 515 17 0 12 452 553 7 0 0 0 28 981 15 0 0 0 0 0 
0 0 0 0 55 614 340 15 0 3 569 447 5 0 0 0 13 1003 8 0 0 0 0 0 
0 0 0 79 263 431 244 7 0 61 577 371 15 0 0 0 59 934 31 0 0 0 0 0 
0 7 91 168 265 229 175 89 13 224 407 283 97 0 0 0 234 667 123 0 0 0 0 0 
0 0 66 454 404 87 13 0 4 456 509 53 2 0 0 0 339 676 9 0 0 0 0 0 
2 271 182 282 210 70 6 1 310 384 269 57 4 0 0 0 617 389 18 0 0 0 0 0 
10 654 195 112 42 9 2 0 707 242 61 14 0 0 0 0 898 117 9 0 0 0 0 0 
3 639 371 8 3 0 0 0 784 43 24 173 0 0 0 0 803 18 13 17 12 161 0 0 
2 300 722 0 0 0 0 0 295 27 16 686 0 0 0 0 291 23 12 10 21 667 0 0 
1 64 959 0 0 0 0 0 49 11 11 953 0 0 0 0 48 7 6 6 12 945 0 0 
0 3 1021 0 0 0 0 0 0 0 0 1024 0 0 0 0 0 0 0 0 0 1024 0 0 
0 26 998 0 0 0 0 0 0 0 0 1024 0 0 0 0 0 0 0 0 0 1024 0 0 
0 0 563 38 142 115 164 2 0 4 174 845 1 0 0 0 13 321 61 20 25 582 2 0 
0 1 12 71 296 402 232 10 8 57 603 349 7 0 0 0 89 877 58 0 0 0 0 0 
0 311 129 21 126 280 157 0 410 57 297 260 0 0 0 0 482 526 16 0 0 0 0 0 
0 496 284 82 62 75 25 0 584 261 96 83 0 0 0 0 830 178 16 0 0 0 0 0 
0 40 140 104 219 315 190 16 73 199 392 323 37 0 0 0 285 621 118 0 0 0 0 0 
0 230 411 151 143 78 11 0 404 349 198 71 2 0 0 0 719 278 27 0 0 0 0 0 
0 370 310 73 119 97 38 17 504 232 182 72 33 1 0 0 713 242 66 3 0 0 0 0 
0 50 148 126 116 237 315 32 97 212 325 368 22 0 0 0 267 662 95 0 0 0 0 0 
0 0 4 53 199 422 343 3 0 60 511 452 1 0 0 0 57 932 35 0 0 0 0 0 
0 0 0 64 247 204 465 44 0 84 382 525 33 0 0 0 76 826 122 0 0 0 0 0 
0 14 184 210 254 219 143 0 74 368 376 206 0 0 0 0 364 641 19 0 0 0 0 0 
0 0 25 78 235 265 221 200 5 124 396 355 109 35 0 0 125 645 236 18 0 0 0 0 
0 2 44 40 124 183 371 260 23 77 248 441 184 51 0 0 104 528 360 32 0 0 0 0 
0 0 100 198 59 52 200 415 8 303 84 265 353 11 0 0 270 288 456 10 0 0 0 0 
0 1 84 113 23 184 342 277 15 184 150 415 256 4 0 0 179 439 399 7 0 0 0 0 
0 0 0 0 1 131 892 0 0 0 87 937 0 0 0 0 0 1002 22 0 0 0 0 0 
0 0 0 22 63 178 761 0 0 31 223 770 0 0 0 0 17 996 11 0 0 0 0 0 
0 0 0 0 10 185 805 24 0 1 171 834 18 0 0 0 1 918 105 0 0 0 0 0 
0 0 0 22 49 205 705 11 0 29 227 727 9 0 0 0 21 903 68 0 0 0 0 0 
0 0 24 175 361 358 106 0 6 217 644 154 3 0 0 0 184 828 12 0 0 0 0 0 
0 292 338 284 92 18 0 0 363 550 108 3 0 0 0 0 783 241 0 0 0 0 0 0 
0 66 201 407 251 48 51 0 103 532 341 48 0 0 0 0 492 496 6 8 22 0 0 0 
0 0 466 80 96 104 277 1 0 19 257 745 3 0 0 0 28 429 50 19 425 73 0 0 
0 0 197 72 36 382 317 20 0 5 364 650 5 0 0 0 21 662 62 27 71 181 0 0 
0 0 6 10 88 693 225 2 0 1 645 373 5 0 0 0 11 946 44 7 8 8 0 0 
0 0 0 1 247 426 336 14 0 4 599 403 17 1 0 0 27 972 25 0 0 0 0 0 
0 0 0 6 276 530 212 0 0 10 719 294 1 0 0 0 21 998 5 0 0 0 0 0 
0 0 21 117 563 264 59 0 0 149 764 111 0 0 0 0 115 905 4 0 0 0 0 0 
7 220 170 179 226 165 53 4 267 285 330 135 7 0 0 0 521 472 31 0 0 0 0 0 
0 145 372 283 155 55 12 2 253 508 208 49 5 1 0 0 678 327 19 0 0 0 0 0 
0 50 494 413 66 1 0 0 165 720 139 0 0 0 0 0 740 284 0 0 0 0 0 0 
0 842 96 54 32 0 0 0 885 89 50 0 0 0 0 0 960 64 0 0 0 0 0 0 
4 503 148 20 64 217 66 2 640 37 232 114 1 0 0 0 685 329 10 0 0 0 0 0 
0 21 134 53 81 223 465 47 38 28 170 760 28 0 0 0 69 706 101 18 15 113 2 0 
0 0 902 43 33 23 23 0 0 8 29 986 1 0 0 0 10 35 30 13 23 909 4 0 
0 0 1024 0 0 0 0 0 0 0 0 1024 0 0 0 0 0 0 0 0 0 1024 0 0 
0 0 994 30 0 0 0 0 0 0 0 889 135 0 0 0 0 0 0 0 0 1024 0 0 
0 0 1018 6 0 0 0 0 0 0 0 954 70 0 0 0 0 0 0 0 0 1024 0 0 
0 2 263 181 70 314 191 3 2 31 251 595 145 0 0 0 27 521 61 17 16 367 15 0 
0 0 8 18 34 379 532 53 3 18 225 720 58 0 0 0 21 815 188 0 0 0 0 0 
0 0 0 0 92 402 525 5 0 0 274 721 29 0 0 0 6 872 146 0 0 0 0 0 
1 398 44 17 44 181 313 26 417 49 107 424 27 0 0 0 466 478 80 0 0 0 0 0 
0 270 178 94 119 159 122 82 312 218 199 161 127 7 0 0 508 336 172 8 0 0 0 0 
0 331 521 38 51 31 49 3 589 295 59 72 8 1 0 0 876 109 39 0 0 0 0 0 
0 207 412 54 148 141 50 12 356 313 258 74 23 0 0 0 661 325 38 0 0 0 0 0 
0 0 0 30 204 563 226 1 0 39 679 304 2 0 0 0 52 941 31 0 0 0 0 0 
0 0 0 17 232 656 116 3 0 9 688 326 1 0 0 0 18 982 24 0 0 0 0 0 
0 0 5 24 233 283 355 124 1 45 390 512 73 3 0 0 54 805 162 3 0 0 0 0 
0 0 145 232 80 101 255 211 48 340 144 285 159 48 0 0 304 430 269 21 0 0 0 0 
0 0 0 0 6 58 615 345 0 0 12 776 234 2 0 0 0 490 532 2 0 0 0 0 
0 0 0 0 5 4 811 204 0 1 7 832 178 6 0 0 3 422 591 8 0 0 0 0 
0 0 0 3 4 39 352 626 0 0 20 408 575 21 0 0 0 174 817 33 0 0 0 0 
0 0 9 27 107 368 409 104 2 35 309 551 127 0 0 0 39 659 323 3 0 0 0 0 
0 6 192 235 349 202 40 0 57 406 476 85 0 0 0 0 358 646 20 0 0 0 0 0 
0 0 17 230 271 398 108 0 0 275 481 266 2 0 0 0 176 751 97 0 0 0 0 0 
0 18 98 155 231 275 247 0 56 237 413 318 0 0 0 0 242 738 44 0 0 0 0 0 
0 58 216 350 152 105 111 0 115 517 225 135 0 0 0 0 491 482 19 0 0 0 0 0 
0 21 53 255 493 170 32 0 33 353 566 72 0 0 0 0 243 778 3 0 0 0 0 0 
0 2 37 65 357 357 186 20 8 94 560 339 23 0 0 0 122 871 31 0 0 0 0 0 
0 1 4 13 166 452 388 0 3 23 433 565 0 0 0 0 37 979 8 0 0 0 0 0 
0 14 25 44 215 468 250 8 20 72 569 352 11 0 0 0 87 919 18 0 0 0 0 0 
0 0 1 11 268 563 180 1 1 21 829 173 0 0 0 0 36 988 0 0 0 0 0 0 
0 0 2 121 438 395 68 0 0 138 806 80 0 0 0 0 120 904 0 0 0 0 0 0 
0 0 23 375 456 135 35 0 0 395 567 62 0 0 0 0 265 754 5 0 0 0 0 0 
0 0 4 265 448 285 22 0 0 265 686 70 3 0 0 0 190 826 8 0 0 0 0 0 
0 47 506 341 97 32 1 0 139 714 166 5 0 0 0 0 750 273 1 0 0 0 0 0 
3 270 368 281 83 17 2 0 344 534 136 10 0 0 0 0 794 226 4 0 0 0 0 0 
0 113 593 231 71 15 1 0 419 485 111 9 0 0 0 0 817 207 0 0 0 0 0 0 
0 465 300 115 79 33 26 6 661 195 110 45 13 0 0 0 833 172 19 0 0 0 0 0 
221 792 11 0 0 0 0 0 1024 0 0 0 0 0 0 0 1024 0 0 0 0 0 0 0 
67 416 29 20 95 248 149 0 490 43 280 211 0 0 0 0 547 466 11 0 0 0 0 0 
0 0 0 0 88 537 380 19 0 0 472 532 20 0 0 0 22 958 44 0 0 0 0 0 
0 0 54 83 238 352 293 4 2 57 320 619 26 0 0 0 65 742 145 10 11 50 1 0 
0 0 533 281 80 110 20 0 0 53 65 549 357 0 0 0 49 133 63 10 19 694 56 0 
0 0 238 786 0 0 0 0 0 0 0 30 994 0 0 0 0 0 0 0 0 778 246 0 
0 0 131 893 0 0 0 0 0 0 0 36 988 0 0 0 0 0 0 0 0 539 485 0 
0 105 150 581 54 32 81 21 112 199 84 105 524 0 0 0 248 191 70 13 14 355 133 0 
0 252 76 34 40 116 447 59 284 72 91 506 69 2 0 0 352 521 151 0 0 0 0 0 
5 52 33 43 112 212 372 195 62 57 238 443 223 1 0 0 133 609 282 0 0 0 0 0 
8 809 22 15 12 44 105 9 825 29 35 125 10 0 0 0 852 151 21 0 0 0 0 0 
2 183 224 101 146 266 82 20 255 246 311 169 33 10 0 0 497 442 81 4 0 0 0 0 
0 352 555 43 24 17 31 2 549 384 43 39 9 0 0 0 926 70 28 0 0 0 0 0 
0 11 400 165 206 169 55 18 78 477 324 115 29 1 0 0 527 441 56 0 0 0 0 0 
0 0 0 54 433 480 57 0 0 57 809 158 0 0 0 0 90 926 8 0 0 0 0 0 
0 16 22 25 106 810 45 0 25 35 645 308 11 0 0 0 55 935 27 7 0 0 0 0 
0 80 228 208 225 182 95 6 151 252 354 243 17 3 4 0 359 554 95 12 4 0 0 0 
0 0 15 68 108 165 515 153 1 46 178 658 139 2 0 0 37 550 429 8 0 0 0 0 
0 0 28 26 43 87 816 24 5 48 67 882 22 0 0 0 48 560 413 3 0 0 0 0 
0 0 0 23 53 157 722 69 0 10 76 805 133 0 0 0 10 462 526 26 0 0 0 0 
0 0 0 5 31 560 388 40 0 2 397 542 78 5 0 0 2 742 260 20 0 0 0 0 
0 0 0 0 30 324 566 104 0 1 219 713 91 0 0 0 1 618 405 0 0 0 0 0 
0 0 0 0 14 186 677 147 0 0 110 789 125 0 0 0 2 397 624 1 0 0 0 0 
0 0 3 49 41 151 639 141 1 64 104 692 163 0 0 0 42 449 533 0 0 0 0 0 
0 8 61 43 111 199 532 70 32 92 203 587 110 0 0 0 106 469 446 3 0 0 0 0 
0 25 96 75 127 191 444 34 69 121 228 495 77 2 0 0 177 502 308 5 0 0 0 0 
0 29 285 310 184 156 57 3 84 567 268 103 2 0 0 0 548 466 10 0 0 0 0 0 
0 26 367 373 207 51 0 0 36 679 303 6 0 0 0 0 577 447 0 0 0 0 0 0 
0 1 92 509 241 163 18 0 7 564 404 49 0 0 0 0 412 606 6 0 0 0 0 0 
0 0 50 365 340 206 61 2 2 422 513 84 3 0 0 0 295 721 8 0 0 0 0 0 
0 0 23 256 488 241 13 3 0 316 671 33 4 0 0 0 191 828 5 0 0 0 0 0 
0 0 3 100 545 337 39 0 0 101 826 97 0 0 0 0 148 875 1 0 0 0 0 0 
0 0 0 45 419 463 90 7 0 36 821 167 0 0 0 0 60 957 7 0 0 0 0 0 
0 0 7 188 308 298 178 45 0 181 458 332 53 0 0 0 168 783 73 0 0 0 0 0 
0 1 115 415 272 136 68 17 9 477 374 130 31 3 0 0 382 604 38 0 0 0 0 0 
0 20 279 307 295 118 5 0 84 488 387 65 0 0 0 0 503 513 8 0 0 0 0 0 
0 392 381 179 59 11 2 0 617 302 95 10 0 0 0 0 869 149 6 0 0 0 0 0 
218 785 21 0 0 0 0 0 1024 0 0 0 0 0 0 0 1024 0 0 0 0 0 0 0 
976 48 0 0 0 0 0 0 1024 0 0 0 0 0 0 0 1024 0 0 0 0 0 0 0 
834 185 3 1 1 0 0 0 1021 2 1 0 0 0 0 0 1023 1 0 0 0 0 0 0 
316 296 24 17 22 132 212 5 625 33 128 236 2 0 0 0 657 357 10 0 0 0 0 0 
12 79 74 167 321 246 115 10 103 215 501 205 0 0 0 0 291 722 11 0 0 0 0 0 
0 98 179 313 281 133 20 0 112 332 407 101 72 0 0 0 403 512 23 8 8 39 31 0 
0 1 3 966 36 17 1 0 0 7 40 16 961 0 0 0 8 37 7 4 9 128 831 0 
0 0 0 1024 0 0 0 0 0 0 0 0 1024 0 0 0 0 0 0 0 0 246 778 0 
0 12 159 532 140 58 75 48 36 401 133 95 349 10 0 0 298 328 72 18 12 126 170 0 
0 127 154 253 67 99 151 173 155 371 119 146 231 2 0 0 456 314 253 1 0 0 0 0 
42 660 38 34 77 64 79 30 715 52 118 85 54 0 0 0 773 174 77 0 0 0 0 0 
161 863 0 0 0 0 0 0 1024 0 0 0 0 0 0 0 1024 0 0 0 0 0 0 0 
0 223 156 122 171 197 141 14 237 251 293 215 28 0 0 0 474 466 84 0 0 0 0 0 
0 0 135 63 108 185 362 171 9 189 172 387 238 29 0 0 193 417 407 7 0 0 0 0 
0 4 201 157 256 270 126 10 30 282 468 231 10 3 0 0 313 663 48 0 0 0 0 0 
0 0 10 17 337 619 39 2 4 20 706 270 20 4 0 0 25 961 27 11 0 0 0 0 
0 71 176 161 171 199 86 160 115 290 258 181 68 97 15 0 360 456 121 87 0 0 0 0 
0 61 172 180 211 144 116 140 101 189 291 225 157 54 7 0 257 366 322 59 16 4 0 0 
0 45 126 164 176 256 238 19 40 196 217 347 198 24 2 0 188 379 322 126 9 0 0 0 
0 2 50 85 132 212 435 108 8 82 165 610 154 5 0 0 80 473 459 12 0 0 0 0 
0 0 20 57 124 310 501 12 0 46 268 678 31 1 0 0 47 728 230 19 0 0 0 0 
0 0 0 3 41 182 797 1 0 1 159 864 0 0 0 0 2 953 69 0 0 0 0 0 
0 0 0 0 26 167 826 5 0 0 134 888 2 0 0 0 3 880 141 0 0 0 0 0 
0 0 0 0 1 290 622 111 0 0 145 795 84 0 0 0 0 725 299 0 0 0 0 0 
0 0 0 0 22 188 735 79 0 2 154 773 75 16 4 0 5 743 244 21 11 0 0 0 
0 0 0 0 16 155 795 58 0 0 76 791 117 38 2 0 1 591 340 74 17 1 0 0 
0 0 0 0 27 188 738 39 0 0 119 742 93 36 2 0 0 668 238 68 17 1 0 0 
0 183 129 117 144 163 185 103 229 207 228 228 126 6 0 0 416 435 173 0 0 0 0 0 
0 34 258 341 250 111 30 0 45 563 349 61 6 0 0 0 498 516 9 1 0 0 0 0 
0 24 211 480 248 55 6 0 42 691 279 12 0 0 0 0 499 525 0 0 0 0 0 0 
0 60 318 498 137 9 2 0 112 780 125 7 0 0 0 0 677 345 2 0 0 0 0 0 
0 26 449 385 136 24 4 0 71 787 157 9 0 0 0 0 735 288 1 0 0 0 0 0 
0 0 119 657 194 44 7 3 0 764 229 29 2 0 0 0 523 493 8 0 0 0 0 0 
0 0 31 452 422 116 3 0 0 471 497 56 0 0 0 0 317 705 2 0 0 0 0 0 
0 0 1 166 307 300 238 12 0 181 452 359 32 0 0 0 157 808 59 0 0 0 0 0 
0 0 3 56 280 295 266 124 1 51 453 329 185 5 0 0 89 693 242 0 0 0 0 0 
0 0 18 117 241 248 261 139 3 123 342 334 216 6 0 0 141 629 254 0 0 0 0 0 
21 607 145 70 76 61 33 11 669 149 113 71 22 0 0 0 816 175 33 0 0 0 0 0 
860 164 0 0 0 0 0 0 1024 0 0 0 0 0 0 0 1024 0 0 0 0 0 0 0 
1024 0 0 0 0 0 0 0 1024 0 0 0 0 0 0 0 1024 0 0 0 0 0 0 0 
1024 0 0 0 0 0 0 0 1024 0 0 0 0 0 0 0 1024 0 0 0 0 0 0 0 
1010 14 0 0 0 0 0 0 1024 0 0 0 0 0 0 0 1024 0 0 0 0 0 0 0 
482 443 17 11 32 37 2 0 933 19 48 24 0 0 0 0 950 70 4 0 0 0 0 0 
23 173 19 38 232 410 129 0 200 54 383 378 9 0 0 0 262 707 55 0 0 0 0 0 
0 0 0 615 181 161 65 2 0 12 230 156 524 102 0 0 15 332 28 13 14 18 604 0 
0 0 0 567 345 19 65 28 0 0 0 79 401 544 0 0 0 41 51 10 8 17 897 0 
0 0 16 109 152 260 377 110 1 64 291 448 212 8 0 0 74 666 168 11 7 11 87 0 
0 244 79 28 48 189 289 147 265 87 148 329 195 0 0 0 360 430 234 0 0 0 0 0 
12 974 27 3 3 1 3 1 999 17 3 2 3 0 0 0 1015 5 4 0 0 0 0 0 
219 771 5 7 2 5 6 9 990 10 4 11 8 1 0 0 1001 9 14 0 0 0 0 0 
1 101 108 106 152 247 272 37 123 149 338 364 45 5 0 0 277 647 100 0 0 0 0 0 
0 18 378 59 92 122 302 53 140 318 124 347 93 2 0 0 455 380 189 0 0 0 0 0 
0 347 135 137 304 81 7 13 403 205 370 29 9 8 0 0 595 404 23 2 0 0 0 0 
0 223 147 168 217 139 84 46 258 254 328 122 56 6 0 0 448 455 107 14 0 0 0 0 
0 149 152 115 178 174 172 84 185 177 188 306 155 13 0 0 355 303 325 41 0 0 0 0 
0 0 0 17 65 265 592 85 0 21 230 687 86 0 0 0 35 679 310 0 0 0 0 0 
0 127 107 135 195 242 180 38 112 165 370 283 75 13 4 2 252 578 144 36 11 3 0 0 
0 2 39 120 217 388 207 51 2 65 337 399 152 51 18 0 52 556 267 113 34 2 0 0 
0 5 7 28 154 414 409 7 4 18 350 643 9 0 0 0 16 878 126 4 0 0 0 0 
0 0 0 10 183 471 340 20 0 16 465 522 21 0 0 0 24 873 127 0 0 0 0 0 
0 0 0 0 94 558 366 6 0 1 496 522 5 0 0 0 4 968 52 0 0 0 0 0 
0 0 0 3 139 214 624 44 0 14 268 717 25 0 0 0 24 850 150 0 0 0 0 0 
0 0 0 0 0 144 833 47 0 0 30 934 57 3 0 0 0 813 196 14 1 0 0 0 
0 0 0 7 86 347 551 33 0 7 200 683 79 47 8 0 4 676 236 76 29 3 0 0 
0 0 0 7 81 425 448 31 0 3 209 616 114 43 7 0 2 619 249 89 30 3 0 0 
0 320 122 107 112 162 138 63 364 165 196 207 87 5 0 0 521 357 146 0 0 0 0 0 
0 54 297 217 233 134 77 12 91 461 316 136 19 1 0 0 493 488 43 0 0 0 0 0 
0 190 372 292 126 35 9 0 262 578 155 28 1 0 0 0 718 297 9 0 0 0 0 0 
0 249 471 228 69 7 0 0 367 578 78 1 0 0 0 0 833 191 0 0 0 0 0 0 
0 130 362 317 154 41 18 2 209 564 209 40 2 0 0 0 676 341 7 0 0 0 0 0 
0 0 55 480 323 141 24 1 9 514 434 63 4 0 0 0 367 651 6 0 0 0 0 0 
0 0 7 240 394 232 126 25 0 252 515 215 37 5 0 0 226 723 75 0 0 0 0 0 
0 0 13 244 447 226 92 2 2 284 543 183 12 0 0 0 243 736 45 0 0 0 0 0 
0 1 26 142 276 411 159 9 3 150 425 410 36 0 0 0 156 757 111 0 0 0 0 0 
0 1 52 201 319 307 131 13 8 206 461 308 41 0 0 0 230 707 87 0 0 0 0 0 
188 633 59 42 40 45 17 0 839 77 53 49 6 0 0 0 900 105 19 0 0 0 0 0 
1023 1 0 0 0 0 0 0 1024 0 0 0 0 0 0 0 1024 0 0 0 0 0 0 0 
780 244 0 0 0 0 0 0 1024 0 0 0 0 0 0 0 1024 0 0 0 0 0 0 0 
277 480 20 245 2 0 0 0 726 29 12 15 234 8 0 0 716 24 18 9 12 22 223 0 
293 667 16 48 0 0 0 0 941 16 8 7 50 2 0 0 927 19 12 7 4 11 43 1 
415 609 0 0 0 0 0 0 1024 0 0 0 0 0 0 0 1024 0 0 0 0 0 0 0 
322 632 10 7 19 34 0 0 956 14 27 27 0 0 0 0 970 52 2 0 0 0 0 0 
39 307 25 56 241 222 130 4 353 33 89 292 62 195 0 0 384 252 149 12 9 11 204 3 
0 1 2 35 279 43 497 167 2 3 5 530 212 272 0 0 5 410 253 27 17 19 288 5 
3 215 28 18 41 186 335 198 233 33 133 495 129 1 0 0 266 602 156 0 0 0 0 0 
10 936 32 7 10 23 6 0 957 26 29 12 0 0 0 0 982 40 2 0 0 0 0 0 
1 1022 1 0 0 0 0 0 1022 2 0 0 0 0 0 0 1024 0 0 0 0 0 0 0 
19 693 14 21 64 104 85 24 713 29 144 124 14 0 0 0 751 243 30 0 0 0 0 0 
0 1 13 56 168 404 264 118 5 64 438 396 115 6 0 0 84 768 170 2 0 0 0 0 
0 67 121 59 57 61 140 519 74 171 81 150 391 146 11 0 243 184 509 88 0 0 0 0 
0 560 125 67 92 129 49 2 567 168 105 163 21 0 0 0 728 257 38 1 0 0 0 0 
0 8 11 106 266 368 255 10 9 39 278 620 76 2 0 0 121 778 124 1 0 0 0 0 
0 6 106 261 317 164 154 16 4 157 399 388 74 2 0 0 246 622 132 23 1 0 0 0 
0 13 92 182 286 249 188 14 9 124 389 311 171 20 0 0 152 532 249 86 5 0 0 0 
1 110 124 156 239 209 147 38 97 172 344 282 98 29 2 0 249 541 168 59 7 0 0 0 
0 0 10 19 50 149 545 251 0 23 68 573 194 124 38 4 24 398 413 155 30 4 0 0 
0 0 2 6 40 126 634 216 0 3 59 723 179 60 0 0 3 515 476 30 0 0 0 0 
0 2 16 30 43 90 658 185 1 24 66 668 211 50 4 0 21 448 505 49 1 0 0 0 
0 0 0 0 4 84 692 244 0 0 8 696 268 52 0 0 0 455 540 29 0 0 0 0 
0 0 0 0 23 123 471 407 0 0 22 529 359 111 3 0 0 293 641 90 0 0 0 0 
0 0 1 5 7 37 577 397 0 6 16 536 366 100 0 0 5 287 658 74 0 0 0 0 
0 34 45 85 125 135 411 189 18 70 142 406 304 71 12 1 72 301 487 137 25 2 0 0 
0 0 4 33 91 121 440 303 0 6 61 356 466 94 8 1 4 171 640 154 22 1 0 0 
5 297 185 123 92 137 182 3 364 253 184 215 8 0 0 0 559 439 26 0 0 0 0 0 
0 196 94 130 220 238 140 6 234 201 405 173 11 0 0 0 419 579 26 0 0 0 0 0 
0 17 44 89 240 399 227 8 35 139 450 378 22 0 0 0 165 797 62 0 0 0 0 0 
0 64 153 208 214 223 158 4 87 323 324 262 28 0 0 0 384 562 78 0 0 0 0 0 
0 5 110 143 222 237 256 51 37 201 348 319 119 0 0 0 244 608 172 0 0 0 0 0 
0 4 46 149 329 266 212 18 15 184 502 281 42 0 0 0 193 750 81 0 0 0 0 0 
0 0 27 161 321 273 186 56 4 200 430 291 98 1 0 0 202 689 133 0 0 0 0 0 
0 3 76 98 246 368 181 52 23 150 411 356 78 6 0 0 198 704 119 3 0 0 0 0 
0 0 0 47 264 395 293 25 0 46 419 471 88 0 0 0 78 766 180 0 0 0 0 0 
2 172 79 70 129 173 340 59 191 114 183 365 165 6 0 0 316 439 269 0 0 0 0 0 
144 862 15 3 0 0 0 0 1001 22 1 0 0 0 0 0 1019 5 0 0 0 0 0 0 
398 544 8 39 35 0 0 0 927 15 6 5 16 55 0 0 925 12 6 5 6 6 64 0 
36 281 19 328 360 0 0 0 285 31 9 14 101 584 0 0 276 30 13 10 10 16 668 1 
1 12 4 933 74 0 0 0 9 5 2 3 796 209 0 0 9 2 3 2 3 5 1000 0 
20 38 12 932 22 0 0 0 47 7 4 10 354 602 0 0 36 12 8 2 9 5 950 2 
20 861 11 112 20 0 0 0 855 19 13 3 28 105 1 0 835 30 8 11 6 9 119 6 
70 954 0 0 0 0 0 0 1024 0 0 0 0 0 0 0 1024 0 0 0 0 0 0 0 
165 859 0 0 0 0 0 0 1024 0 0 0 0 0 0 0 1024 0 0 0 0 0 0 0 
72 790 20 16 24 21 73 8 863 33 33 86 9 0 0 0 895 101 28 0 0 0 0 0 
2 939 11 13 8 18 30 3 941 21 21 39 2 0 0 0 961 59 4 0 0 0 0 0 
3 1012 9 0 0 0 0 0 1013 11 0 0 0 0 0 0 1024 0 0 0 0 0 0 0 
1 942 81 0 0 0 0 0 999 25 0 0 0 0 0 0 1024 0 0 0 0 0 0 0 
0 865 33 22 29 51 24 0 876 40 65 43 0 0 0 0 908 113 3 0 0 0 0 0 
0 9 38 40 111 554 265 7 25 66 517 404 12 0 0 0 101 875 48 0 0 0 0 0 
0 42 82 36 48 62 93 661 47 110 79 110 548 130 0 0 167 149 669 39 0 0 0 0 
0 50 56 185 373 271 74 15 44 114 418 386 54 8 0 0 248 692 78 6 0 0 0 0 
0 26 81 216 298 214 122 67 12 163 322 290 176 50 9 2 200 494 235 89 6 0 0 0 
0 43 184 262 265 156 72 42 28 273 333 248 112 25 5 0 323 440 211 46 4 0 0 0 
1 61 153 190 192 160 146 121 39 219 270 259 142 83 12 0 240 429 262 91 2 0 0 0 
0 26 124 285 235 124 95 135 13 164 397 214 138 90 8 0 167 504 274 78 1 0 0 0 
0 22 76 122 189 198 203 214 16 108 204 305 225 148 18 0 113 316 418 166 11 0 0 0 
0 9 31 83 105 216 298 282 4 64 116 342 354 135 9 0 52 232 586 147 7 0 0 0 
0 0 7 19 26 59 191 722 0 13 26 123 482 373 7 0 8 90 645 280 1 0 0 0 
0 11 37 54 69 81 235 537 10 46 106 188 491 182 1 0 47 186 634 157 0 0 0 0 
0 0 0 0 4 75 404 541 0 0 7 305 558 154 0 0 1 143 772 108 0 0 0 0 
0 0 0 0 7 97 582 338 0 0 9 516 419 80 0 0 3 273 690 58 0 0 0 0 
0 10 129 347 295 107 88 48 5 160 454 309 80 16 0 0 263 583 161 16 1 0 0 0 
0 0 73 280 350 146 93 50 0 83 419 395 85 10 0 0 196 632 157 6 1 0 0 0 
8 361 181 270 148 40 16 0 434 440 126 23 1 0 0 0 728 293 3 0 0 0 0 0 
0 13 27 79 196 398 311 0 20 104 556 344 0 0 0 0 130 883 11 0 0 0 0 0 
0 25 112 243 312 253 79 0 58 349 505 112 0 0 0 0 328 692 4 0 0 0 0 0 
0 70 63 160 236 286 185 24 84 233 438 226 43 0 0 0 287 677 60 0 0 0 0 0 
0 0 6 6 29 242 527 214 0 13 143 602 266 0 0 0 14 712 298 0 0 0 0 0 
0 10 30 75 129 271 339 170 15 102 302 376 229 0 0 0 126 619 279 0 0 0 0 0 
0 0 14 28 49 85 369 479 2 47 91 349 506 29 0 0 51 404 565 4 0 0 0 0 
0 18 101 62 77 100 328 338 25 153 107 292 427 20 0 0 181 356 481 6 0 0 0 0 
0 0 33 76 89 235 336 255 4 99 180 398 268 75 0 0 111 516 378 19 0 0 0 0 
0 4 5 8 131 130 470 276 2 12 181 336 468 25 0 0 31 423 561 9 0 0 0 0 
0 468 67 35 66 135 198 55 445 109 123 244 93 10 0 0 547 318 156 3 0 0 0 0 
17 107 19 53 727 49 41 11 104 19 16 37 75 772 1 0 97 34 66 21 18 19 731 38 
0 0 0 353 657 14 0 0 0 0 0 0 150 833 41 0 0 0 0 0 0 0 886 138 
0 0 0 211 813 0 0 0 0 0 0 0 35 985 4 0 0 0 0 0 0 0 968 56 
0 0 0 357 667 0 0 0 0 0 0 0 29 969 26 0 0 0 0 0 0 0 944 80 
29 273 17 29 659 17 0 0 260 35 11 12 13 582 111 0 233 47 16 9 12 11 442 254 
2 1022 0 0 0 0 0 0 1019 5 0 0 0 0 0 0 1017 7 0 0 0 0 0 0 
16 1005 3 0 0 0 0 0 1015 9 0 0 0 0 0 0 1024 0 0 0 0 0 0 0 
169 854 1 0 0 0 0 0 1017 7 0 0 0 0 0 0 1024 0 0 0 0 0 0 0 
18 1006 0 0 0 0 0 0 1022 2 0 0 0 0 0 0 1024 0 0 0 0 0 0 0 
0 882 142 0 0 0 0 0 913 111 0 0 0 0 0 0 1024 0 0 0 0 0 0 0 
0 691 209 20 12 14 33 45 671 231 21 13 28 42 13 5 894 36 23 49 20 2 0 0 
0 586 134 25 38 125 51 65 464 268 126 67 25 50 22 2 727 180 39 64 14 0 0 0 
0 0 0 0 30 212 550 232 0 0 149 613 169 81 12 0 6 648 289 81 0 0 0 0 
0 0 0 7 24 93 296 604 0 1 34 255 464 264 6 0 12 241 626 145 0 0 0 0 
0 13 111 174 227 175 143 181 11 162 289 260 191 107 4 0 240 446 256 79 3 0 0 0 
0 10 87 198 204 194 147 184 6 151 274 241 209 110 24 9 200 408 289 98 22 7 0 0 
0 107 162 213 212 169 106 55 61 233 252 257 141 56 21 3 283 390 219 96 29 7 0 0 
0 7 63 117 138 207 245 247 7 110 163 249 302 161 32 0 105 298 394 212 15 0 0 0 
0 81 247 235 159 151 96 55 49 329 263 188 138 50 6 1 345 363 220 89 7 0 0 0 
11 159 205 252 192 116 66 23 123 284 306 178 107 25 1 0 368 391 214 50 1 0 0 0 
0 13 44 68 141 271 323 164 8 75 130 452 261 90 8 0 67 323 510 124 0 0 0 0 
0 22 51 119 84 108 519 121 12 110 174 524 154 48 2 0 119 425 438 42 0 0 0 0 
0 11 18 60 94 235 605 1 5 31 143 815 30 0 0 0 37 500 481 6 0 0 0 0 
0 0 0 2 150 295 485 92 0 1 191 657 165 10 0 0 1 492 516 15 0 0 0 0 
0 6 28 69 161 306 370 84 2 49 173 602 167 29 2 0 73 498 410 35 7 1 0 0 
0 10 140 361 359 145 9 0 11 198 504 289 22 0 0 0 311 654 59 0 0 0 0 0 
0 11 102 361 384 131 3 0 8 178 514 273 19 0 0 0 290 647 55 0 0 0 0 0 
5 245 90 281 296 81 26 0 276 426 296 26 0 0 0 0 519 504 1 0 0 0 0 0 
0 0 0 2 148 442 432 0 1 3 562 458 0 0 0 0 20 999 5 0 0 0 0 0 
0 171 173 105 363 195 17 0 215 245 525 39 0 0 0 0 441 582 1 0 0 0 0 0 
0 213 74 28 33 335 328 13 251 74 307 383 9 0 0 0 320 686 18 0 0 0 0 0 
0 0 0 0 8 293 717 6 0 0 213 801 10 0 0 0 4 970 50 0 0 0 0 0 
0 30 158 54 93 182 451 56 90 163 202 548 21 0 0 0 243 724 57 0 0 0 0 0 
0 0 0 24 41 135 696 128 0 26 127 778 93 0 0 0 38 806 180 0 0 0 0 0 
0 0 2 12 45 89 598 278 0 19 86 696 223 0 0 0 27 669 328 0 0 0 0 0 
0 0 0 1 21 66 555 381 0 3 49 563 388 21 0 0 15 506 498 5 0 0 0 0 
0 0 6 9 41 222 582 164 1 18 168 657 180 0 0 0 35 712 277 0 0 0 0 0 
0 0 2 9 43 162 656 152 2 16 128 676 201 1 0 0 26 731 267 0 0 0 0 0 
0 0 0 0 32 185 531 276 0 4 109 500 339 66 6 0 17 536 422 21 4 5 8 11 
0 10 36 78 231 279 294 96 16 93 161 233 220 199 102 0 99 369 235 23 14 11 102 171 
0 0 0 1 446 388 174 15 0 0 14 158 108 325 408 11 1 116 135 16 13 12 185 546 
0 0 0 0 414 610 0 0 0 0 0 0 0 194 828 2 0 0 0 0 0 0 84 940 
0 1 3 2 426 588 4 0 0 2 2 2 3 76 938 1 0 1 3 1 3 3 10 1003 
5 315 45 28 109 193 209 120 278 78 122 258 154 15 108 11 297 334 236 7 7 10 12 121 
6 421 26 18 150 116 202 85 423 35 229 240 97 0 0 0 461 424 139 0 0 0 0 0 
7 555 96 23 52 59 152 80 555 114 95 147 113 0 0 0 669 212 143 0 0 0 0 0 
55 753 89 22 19 15 30 41 783 129 26 33 51 2 0 0 911 58 54 1 0 0 0 0 
0 923 52 5 6 5 9 24 867 111 5 17 17 5 2 0 975 16 27 5 1 0 0 0 
0 706 67 9 15 21 128 78 598 179 18 134 70 23 2 0 769 77 158 20 0 0 0 0 
0 59 67 20 38 85 295 460 14 117 32 98 286 362 107 8 120 73 301 450 75 5 0 0 
0 0 0 2 13 29 265 715 0 0 14 187 505 285 33 0 0 111 719 192 2 0 0 0 
0 0 0 0 1 10 200 813 0 0 2 80 586 313 43 0 1 48 732 242 1 0 0 0 
0 0 7 25 68 151 298 475 2 15 80 251 538 132 6 0 32 277 625 85 5 0 0 0 
0 5 63 117 152 175 214 298 3 111 203 297 268 126 16 0 126 398 387 107 6 0 0 0 
1 79 223 284 241 128 58 10 48 286 369 230 70 17 4 0 370 480 137 30 7 0 0 0 
0 100 166 240 245 166 84 23 52 242 338 284 71 31 5 1 335 513 124 40 12 0 0 0 
0 133 193 159 130 113 163 133 61 286 198 195 117 116 44 7 321 315 205 123 52 8 0 0 
3 199 138 144 157 100 111 172 148 230 194 175 130 122 25 0 345 290 258 125 6 0 0 0 
0 52 213 366 226 109 47 11 35 312 382 213 73 9 0 0 288 499 218 18 1 0 0 0 
0 45 44 61 82 154 248 390 18 82 106 268 358 181 11 0 89 238 561 130 6 0 0 0 
0 0 0 0 20 138 461 405 0 1 25 269 571 154 4 0 2 115 747 157 3 0 0 0 
24 129 31 26 47 135 406 226 139 62 50 327 362 84 0 0 191 191 519 120 3 0 0 0 
5 132 151 160 197 205 103 71 90 224 255 311 116 27 1 0 283 410 299 29 3 0 0 0 
8 243 258 245 175 83 12 0 162 359 320 150 30 3 0 0 497 406 108 12 1 0 0 0 
2 148 258 285 192 88 18 1 89 325 374 161 40 3 0 0 390 461 122 17 2 0 0 0 
18 398 151 127 56 153 118 3 464 237 200 123 0 0 0 0 645 377 2 0 0 0 0 0 
0 48 44 90 189 364 279 10 58 130 488 340 8 0 0 0 188 812 24 0 0 0 0 0 
10 383 144 188 210 86 3 0 426 294 283 21 0 0 0 0 655 366 3 0 0 0 0 0 
1 191 30 28 46 163 556 9 206 59 151 606 2 0 0 0 263 753 8 0 0 0 0 0 
0 0 18 54 115 383 416 38 5 66 406 533 14 0 0 0 88 907 29 0 0 0 0 0 
0 0 0 50 266 316 329 63 0 78 456 452 38 0 0 0 88 866 70 0 0 0 0 0 
0 0 0 5 39 278 598 104 0 8 183 759 69 5 0 0 23 853 146 2 0 0 0 0 
0 6 38 132 227 320 247 54 20 107 453 383 61 0 0 0 125 808 91 0 0 0 0 0 
0 14 114 132 206 292 200 66 48 184 357 365 68 2 0 0 236 648 139 1 0 0 0 0 
0 5 48 47 105 298 373 148 19 76 244 505 177 3 0 0 116 654 254 0 0 0 0 0 
0 31 90 52 82 134 409 226 59 112 197 464 171 21 0 0 183 600 238 3 0 0 0 0 
0 0 30 50 73 156 551 164 5 80 151 639 134 15 0 0 94 677 244 9 0 0 0 0 
0 7 49 95 238 343 219 73 15 133 416 323 101 32 4 0 153 664 193 14 0 0 0 0 
1 68 117 146 321 307 64 0 70 234 538 147 9 5 13 8 257 704 26 3 6 6 3 19 
0 10 33 27 16 797 140 1 6 50 16 7 5 7 528 405 33 34 6 5 4 4 11 927 
0 0 0 0 1 736 287 0 0 0 2 8 2 10 440 562 0 3 4 2 3 6 11 995 
0 0 0 5 34 161 672 152 0 12 118 706 170 14 3 1 15 683 300 14 5 2 2 3 
0 0 14 15 87 403 462 43 2 34 363 589 36 0 0 0 48 898 78 0 0 0 0 0 
0 0 12 28 73 195 478 238 2 37 161 610 211 3 0 0 50 655 319 0 0 0 0 0 
0 2 7 14 32 109 462 398 2 19 71 530 263 133 6 0 23 499 408 94 0 0 0 0 
0 6 22 8 11 29 387 561 2 31 23 362 308 275 23 0 34 218 568 204 0 0 0 0 
0 0 0 0 0 0 235 789 0 0 0 198 637 168 21 0 0 97 821 104 2 0 0 0 
0 0 0 0 7 45 335 637 0 0 1 108 469 340 92 14 0 43 511 375 79 16 0 0 
0 0 0 0 0 2 326 696 0 0 1 111 596 292 24 0 0 52 754 218 0 0 0 0 
0 0 0 0 0 24 255 745 0 0 0 147 497 370 10 0 0 67 714 243 0 0 0 0 
0 0 19 32 113 161 216 483 0 29 109 268 334 255 28 1 54 339 455 172 4 0 0 0 
0 1 33 76 95 117 140 562 1 61 133 167 251 315 83 13 80 242 426 241 35 0 0 0 
0 161 136 146 165 135 139 142 88 239 199 196 177 109 13 3 329 308 244 122 18 3 0 0 
0 60 139 202 280 183 93 67 31 177 273 312 124 55 39 13 233 442 187 96 40 24 2 0 
0 55 76 205 293 206 115 74 22 109 304 352 160 54 23 0 172 509 227 96 16 4 0 0 
0 0 9 34 85 151 266 479 2 13 65 210 452 234 48 0 16 145 572 269 22 0 0 0 
6 316 343 230 48 30 20 31 213 474 241 49 30 12 5 0 595 336 77 15 1 0 0 0 
0 7 80 115 103 85 296 338 4 107 158 198 409 146 2 0 96 247 581 98 2 0 0 0 
0 42 94 82 101 167 373 165 24 122 131 375 313 49 10 0 104 315 512 93 0 0 0 0 
63 443 140 90 76 85 57 70 403 242 118 129 113 18 1 0 581 203 202 37 1 0 0 0 
26 325 209 199 167 90 8 0 247 301 252 186 36 2 0 0 474 318 204 28 0 0 0 0 
3 179 255 233 170 113 61 10 97 318 270 185 109 36 9 0 345 339 213 106 21 0 0 0 
0 210 308 214 106 75 67 12 98 408 242 114 95 26 9 0 463 294 131 87 16 1 0 0 
19 257 43 62 183 370 89 1 296 125 503 99 1 0 0 0 376 644 4 0 0 0 0 0 
0 0 35 133 328 464 64 0 21 166 739 98 0 0 0 0 168 848 8 0 0 0 0 0 
4 237 164 227 190 166 36 0 268 340 340 75 1 0 0 0 557 463 4 0 0 0 0 0 
5 36 60 131 223 353 179 37 61 178 490 258 37 0 0 0 217 743 64 0 0 0 0 0 
0 8 102 151 173 288 256 46 44 212 371 358 39 0 0 0 241 687 96 0 0 0 0 0 
0 66 115 116 165 218 283 61 104 205 323 338 54 0 0 0 286 652 86 0 0 0 0 0 
0 0 2 12 58 292 577 83 0 18 275 655 76 0 0 0 34 855 135 0 0 0 0 0 
0 41 63 38 105 295 404 78 53 97 311 491 72 0 0 0 166 737 121 0 0 0 0 0 
0 22 24 36 56 218 606 62 24 62 182 699 57 0 0 0 93 813 118 0 0 0 0 0 
0 0 6 14 47 142 772 43 1 25 144 825 29 0 0 0 40 879 105 0 0 0 0 0 
0 34 19 22 65 313 553 18 37 49 369 555 14 0 0 0 96 883 45 0 0 0 0 0 
0 8 9 24 69 271 606 37 10 46 309 629 29 1 0 0 77 887 59 1 0 0 0 0 
0 106 84 134 155 209 282 54 119 186 288 369 62 0 0 0 302 601 121 0 0 0 0 0 
8 302 84 104 145 161 167 53 326 154 214 226 96 8 0 0 473 376 171 4 0 0 0 0 
0 5 31 58 132 321 434 43 10 77 248 446 102 10 11 120 87 564 217 12 7 8 6 123 
0 0 0 2 5 49 794 174 0 0 23 258 285 27 22 409 3 191 355 24 14 12 17 408 
0 0 0 0 11 116 797 100 0 0 103 799 81 41 0 0 10 821 171 22 0 0 0 0 
0 0 0 0 0 70 689 265 0 0 36 700 151 127 10 0 5 663 267 89 0 0 0 0 
0 0 0 0 1 38 329 656 0 0 16 322 328 329 29 0 3 288 492 241 0 0 0 0 
0 0 0 0 0 10 94 920 0 0 1 67 249 665 42 0 0 44 535 445 0 0 0 0 
0 0 0 0 0 7 59 958 0 0 0 39 278 686 21 0 0 22 612 390 0 0 0 0 
0 0 0 9 4 8 24 979 0 5 6 11 165 764 73 0 4 20 405 593 2 0 0 0 
0 0 0 1 32 79 246 666 0 0 22 78 302 508 113 1 4 48 381 495 93 3 0 0 
0 0 0 0 0 0 33 991 0 0 0 0 302 620 93 9 0 7 551 433 31 2 0 0 
0 0 15 23 43 54 46 843 0 23 44 73 427 414 39 4 23 92 682 215 12 0 0 0 
0 0 0 0 0 0 7 1017 0 0 0 3 270 532 185 34 0 12 514 426 72 0 0 0 
0 0 1 8 33 126 201 655 0 5 32 182 355 335 104 11 23 233 477 261 29 1 0 0 
0 0 7 66 120 156 164 511 0 25 102 210 269 291 112 15 47 257 361 299 60 0 0 0 
0 37 103 233 339 230 65 17 20 166 365 325 105 30 8 5 217 540 169 76 17 2 3 0 
4 188 210 249 152 96 66 59 112 293 274 168 80 52 29 16 398 346 134 66 44 30 6 0 
0 61 87 151 191 206 143 185 35 122 167 271 215 153 55 6 133 242 333 262 53 1 0 0 
1 373 169 114 97 92 111 67 263 295 127 134 133 64 8 0 513 208 194 100 9 0 0 0 
0 26 184 417 283 77 29 8 13 221 515 235 38 2 0 0 311 603 101 9 0 0 0 0 
10 208 223 248 143 70 51 71 154 284 291 150 98 46 1 0 414 370 191 48 0 1 0 0 
29 340 243 167 101 102 21 21 267 333 188 137 81 14 4 0 502 288 174 54 6 0 0 0 
49 321 185 206 166 76 16 5 283 256 262 153 52 18 0 0 471 336 163 49 5 0 0 0 
4 253 347 200 114 58 35 13 124 447 276 117 48 10 2 0 513 365 131 13 1 1 0 0 
0 247 307 216 126 66 26 4 127 404 289 125 39 8 0 0 483 379 114 16 0 0 0 0 
0 26 104 302 438 149 5 0 45 497 476 6 0 0 0 0 313 711 0 0 0 0 0 0 
2 159 84 181 371 199 28 0 197 278 512 37 0 0 0 0 394 628 2 0 0 0 0 0 
2 290 142 168 273 137 12 0 328 300 364 32 0 0 0 0 546 478 0 0 0 0 0 0 
0 103 166 234 261 213 47 0 169 333 427 95 0 0 0 0 433 588 3 0 0 0 0 0 
0 12 58 100 246 380 227 1 35 151 559 277 2 0 0 0 165 843 16 0 0 0 0 0 
0 0 23 47 59 134 745 16 6 73 237 697 11 0 0 0 71 933 20 0 0 0 0 0 
0 0 7 8 84 424 483 18 6 11 497 510 0 0 0 0 33 976 15 0 0 0 0 0 
0 1 83 70 88 282 448 52 20 147 299 526 32 0 0 0 175 781 68 0 0 0 0 0 
0 0 0 7 20 110 770 117 0 11 102 858 53 0 0 0 11 946 67 0 0 0 0 0 
0 0 5 24 62 126 752 55 0 33 187 791 13 0 0 0 43 943 38 0 0 0 0 0 
0 2 25 162 82 115 591 47 8 71 295 620 30 0 0 0 96 873 55 0 0 0 0 0 
0 0 37 292 204 235 253 3 0 47 599 377 1 0 0 0 119 888 17 0 0 0 0 0 
0 7 131 389 230 157 105 5 7 186 604 219 8 0 0 0 251 744 29 0 0 0 0 0 
0 186 66 62 100 262 299 49 182 125 249 412 56 0 0 0 296 648 80 0 0 0 0 0 
0 7 32 54 128 295 382 126 12 73 297 447 193 2 0 0 102 632 289 1 0 0 0 0 
0 0 0 1 9 97 501 416 0 2 32 474 402 114 0 0 3 432 552 37 0 0 0 0 
0 0 0 0 0 28 338 658 0 0 0 318 402 302 2 0 0 227 702 95 0 0 0 0 
0 0 0 0 0 11 100 913 0 0 0 82 413 522 7 0 0 65 815 144 0 0 0 0 
0 0 0 0 0 0 20 1004 0 0 0 0 378 601 45 0 0 8 776 238 2 0 0 0 
0 0 0 0 0 0 7 1017 0 0 0 4 184 671 162 3 0 12 560 448 4 0 0 0 
0 0 0 0 0 0 18 1006 0 0 0 4 332 554 130 4 0 14 602 397 11 0 0 0 
0 0 1 2 8 7 40 966 0 1 4 20 275 544 178 2 3 24 497 490 10 0 0 0 
0 0 15 31 64 116 190 608 1 33 57 145 287 352 147 2 38 131 386 402 67 0 0 0 
0 0 0 5 28 84 259 648 0 3 32 73 305 427 171 13 7 75 306 468 157 11 0 0 
0 36 57 124 166 96 145 400 19 124 233 181 231 182 52 2 152 381 341 138 12 0 0 0 
0 34 108 75 75 93 166 473 16 180 101 185 264 191 78 9 181 283 374 160 26 0 0 0 
0 0 21 108 280 266 178 171 0 56 276 376 180 104 26 6 154 538 215 105 12 0 0 0 
0 10 29 92 188 252 215 238 7 64 172 321 235 145 70 10 89 358 300 185 74 18 0 0 
4 192 177 151 120 116 90 174 93 295 173 133 146 127 47 10 332 268 215 154 41 12 2 0 
18 484 106 65 43 43 95 170 422 181 100 60 99 140 22 0 566 155 154 119 25 5 0 0 
109 215 81 135 121 97 75 191 300 125 175 135 138 148 3 0 403 239 249 129 4 0 0 0 
288 409 136 93 31 51 15 1 634 191 110 51 33 5 0 0 772 171 58 21 2 0 0 0 
28 289 241 206 157 78 21 4 235 334 284 128 37 5 1 0 526 381 91 24 2 0 0 0 
2 95 174 260 230 162 76 25 58 223 326 250 130 27 10 0 265 433 247 66 13 0 0 0 
2 161 203 280 197 128 43 10 99 275 333 201 91 23 2 0 293 423 226 75 7 0 0 0 
4 191 162 143 142 152 140 90 118 264 232 203 164 32 11 0 338 394 220 57 15 0 0 0 
5 333 321 244 99 16 6 0 196 453 298 65 12 0 0 0 621 374 27 2 0 0 0 0 
2 136 280 284 166 72 45 7 73 350 377 147 40 5 0 0 440 468 80 4 0 0 0 0 
8 235 343 184 195 57 2 0 169 552 292 11 0 0 0 0 650 373 1 0 0 0 0 0 
4 258 296 141 160 138 27 0 128 544 324 28 0 0 0 0 591 432 1 0 0 0 0 0 
0 33 152 127 355 324 32 1 23 275 654 72 0 0 0 0 271 752 1 0 0 0 0 0 
0 16 39 96 313 485 75 0 21 143 734 126 0 0 0 0 169 854 1 0 0 0 0 0 
0 17 54 114 297 426 116 0 34 179 660 151 0 0 0 0 196 824 4 0 0 0 0 0 
0 0 0 0 24 553 446 1 0 0 552 472 0 0 0 0 8 1008 8 0 0 0 0 0 
0 5 94 132 89 200 470 34 40 196 249 527 12 0 0 0 214 779 31 0 0 0 0 0 
0 0 0 0 21 199 800 4 0 0 214 810 0 0 0 0 1 1023 0 0 0 0 0 0 
0 0 0 0 19 105 846 54 0 1 104 884 35 0 0 0 0 1001 23 0 0 0 0 0 
0 0 2 89 127 354 442 10 0 13 376 628 7 0 0 0 41 929 54 0 0 0 0 0 
0 0 78 497 263 65 120 1 0 103 666 251 4 0 0 0 204 785 35 0 0 0 0 0 
0 12 314 431 96 48 48 75 8 349 478 83 87 19 0 0 388 519 115 2 0 0 0 0 
0 11 91 236 135 69 149 333 5 133 327 129 258 164 8 0 170 434 382 38 0 0 0 0 
0 1 10 15 14 61 203 720 1 15 32 168 529 279 0 0 25 231 687 81 0 0 0 0 
0 0 0 0 0 19 112 893 0 0 1 74 690 259 0 0 0 80 907 37 0 0 0 0 
0 0 0 0 0 4 51 969 0 0 0 10 631 357 26 0 0 32 873 119 0 0 0 0 
0 0 0 0 0 0 9 1015 0 0 0 0 574 436 14 0 0 8 887 129 0 0 0 0 
0 0 0 0 0 0 58 966 0 0 0 12 554 431 27 0 0 14 857 152 1 0 0 0 
0 0 0 0 0 10 18 996 0 0 1 15 274 488 240 6 0 22 494 496 12 0 0 0 
0 0 0 15 20 40 135 814 0 6 34 68 345 408 139 24 14 90 524 370 26 0 0 0 
0 0 0 1 25 102 234 662 0 3 53 195 360 332 79 2 11 236 544 226 7 0 0 0 
0 0 0 9 63 165 392 395 0 5 96 370 411 132 9 1 17 423 520 59 5 0 0 0 
0 14 68 108 197 185 244 208 4 142 273 325 215 57 7 1 162 560 276 25 1 0 0 0 
0 22 50 45 103 232 252 320 6 90 90 214 333 160 79 52 105 157 372 256 90 44 0 0 
0 2 20 22 126 121 223 510 0 33 68 217 273 350 83 0 39 160 471 306 48 0 0 0 
0 0 0 15 16 64 204 725 0 6 24 123 235 364 256 16 11 100 350 449 114 0 0 0 
0 0 17 110 282 245 172 198 0 42 277 375 180 132 18 0 119 559 239 103 4 0 0 0 
0 0 7 37 92 176 266 446 0 22 94 265 281 315 46 1 38 250 401 316 19 0 0 0 
0 14 7 3 11 225 231 533 13 10 38 245 316 355 47 0 23 231 395 357 18 0 0 0 
9 198 93 151 228 258 79 8 164 156 216 334 136 18 0 0 295 312 345 69 3 0 0 0 
40 187 197 194 186 144 66 10 206 273 247 204 80 13 1 0 426 363 192 40 3 0 0 0 
70 254 135 189 209 112 50 5 287 189 276 216 47 8 1 0 467 403 134 19 1 0 0 0 
23 185 205 300 233 59 17 2 141 262 398 198 21 4 0 0 461 497 63 3 0 0 0 0 
0 44 222 404 250 83 21 0 13 260 489 202 47 12 1 0 333 535 110 40 6 0 0 0 
0 147 193 190 209 146 103 36 87 256 291 207 141 39 3 0 293 401 241 82 7 0 0 0 
0 34 85 185 324 231 119 46 21 143 392 321 136 11 0 0 239 590 191 4 0 0 0 0 
7 364 273 166 98 43 55 18 222 418 193 101 72 17 1 0 558 317 118 29 2 0 0 0 
1 156 163 213 190 100 112 57 79 265 276 197 137 37 1 0 338 417 195 40 2 0 0 0 
147 698 177 2 0 0 0 0 550 464 10 0 0 0 0 0 989 35 0 0 0 0 0 0 
50 523 412 39 0 0 0 0 289 671 64 0 0 0 0 0 890 134 0 0 0 0 0 0 
2 260 606 148 8 0 0 0 137 709 176 2 0 0 0 0 760 264 0 0 0 0 0 0 
0 132 196 181 344 126 45 0 84 372 514 54 0 0 0 0 424 597 3 0 0 0 0 0 
8 215 65 69 234 375 57 1 235 126 540 123 0 0 0 0 344 680 0 0 0 0 0 0 
0 42 68 63 85 405 359 2 61 113 412 437 1 0 0 0 161 860 3 0 0 0 0 0 
0 0 56 129 121 330 388 0 0 204 247 573 0 0 0 0 131 886 7 0 0 0 0 0 
0 1 54 149 124 419 277 0 2 182 408 432 0 0 0 0 159 862 3 0 0 0 0 0 
0 42 48 88 119 289 397 41 42 107 314 508 51 2 0 0 158 820 45 1 0 0 0 0 
0 0 3 101 196 271 150 303 0 8 364 342 274 36 0 0 39 659 321 5 0 0 0 0 
0 0 27 165 109 41 88 594 0 33 234 122 437 198 0 0 54 355 596 19 0 0 0 0 
0 0 0 8 5 36 322 653 0 3 13 253 589 166 0 0 5 376 628 15 0 0 0 0 
0 0 0 9 39 143 251 582 0 4 59 251 581 126 3 0 12 394 589 29 0 0 0 0 
0 43 53 86 130 152 241 319 34 107 196 259 370 58 0 0 153 473 390 8 0 0 0 0 
0 1 16 26 44 129 369 439 1 27 69 225 601 100 1 0 32 292 676 24 0 0 0 0 
0 0 0 0 0 0 364 660 0 0 0 87 673 235 29 0 0 170 765 89 0 0 0 0 
0 0 0 0 0 0 392 632 0 0 0 9 738 265 12 0 0 33 889 99 3 0 0 0 
0 0 0 0 0 0 259 765 0 0 0 6 739 244 33 2 0 15 872 135 2 0 0 0 
0 0 0 0 1 7 225 791 0 0 0 22 611 266 125 0 0 55 710 258 1 0 0 0 
0 0 0 5 26 56 235 702 0 0 59 102 376 264 202 21 7 182 437 376 22 0 0 0 
0 0 44 100 109 77 69 625 2 85 179 74 124 272 279 9 106 202 250 454 12 0 0 0 
0 0 35 57 51 52 91 738 1 75 60 83 171 462 167 5 66 128 366 456 8 0 0 0 
0 0 3 7 15 16 134 849 0 6 14 81 186 447 277 13 7 73 330 579 35 0 0 0 
0 0 0 3 16 45 147 813 0 3 19 76 294 431 198 3 9 67 428 499 21 0 0 0 
0 1 41 127 182 190 253 230 1 81 180 261 252 197 39 13 77 292 352 258 37 8 0 0 
0 1 31 97 124 212 180 379 0 68 131 255 268 283 19 0 76 237 460 248 3 0 0 0 
0 0 0 1 17 35 239 732 0 0 10 160 320 517 17 0 2 109 535 378 0 0 0 0 
0 0 0 0 0 8 185 831 0 0 1 56 308 471 188 0 1 44 421 541 17 0 0 0 
0 1 28 41 126 196 196 436 3 34 65 246 445 222 9 0 28 107 611 268 10 0 0 0 
13 192 171 215 220 120 69 24 137 244 274 230 87 43 9 0 345 384 205 76 12 2 0 0 
2 110 160 189 238 176 103 46 80 211 270 252 152 55 4 0 257 372 270 121 4 0 0 0 
8 128 161 158 133 158 120 158 80 207 207 196 196 122 14 2 211 325 298 173 15 2 0 0 
2 125 189 304 250 105 39 10 72 247 422 221 56 6 0 0 346 557 114 7 0 0 0 0 
0 42 172 335 237 107 81 50 13 243 402 224 115 27 0 0 287 510 198 29 0 0 0 0 
0 58 184 138 161 150 109 224 25 229 209 211 216 131 3 0 236 352 320 114 2 0 0 0 
0 13 81 116 186 195 160 273 10 132 207 278 259 135 3 0 150 377 392 105 0 0 0 0 
1 77 202 253 210 151 108 22 38 262 313 209 157 42 2 1 254 412 238 110 9 1 0 0 
0 7 74 171 206 194 206 134 1 104 231 257 332 64 2 1 99 332 422 129 9 1 0 0 
594 357 69 4 0 0 0 0 879 141 4 0 0 0 0 0 1006 18 0 0 0 0 0 0 
13 286 381 208 106 30 0 0 210 575 223 16 0 0 0 0 712 312 0 0 0 0 0 0 
0 72 432 348 141 29 2 0 30 552 387 52 3 0 0 0 526 493 5 0 0 0 0 0 
0 21 327 458 165 45 8 0 12 402 539 71 0 0 0 0 336 677 11 0 0 0 0 0 
0 32 111 87 91 288 371 44 25 174 311 424 90 0 0 0 190 741 93 0 0 0 0 0 
0 0 0 0 0 172 702 150 0 0 123 690 211 0 0 0 3 811 210 0 0 0 0 0 
0 0 0 0 11 111 491 411 0 2 103 365 546 8 0 0 4 654 366 0 0 0 0 0 
0 0 6 24 49 64 440 441 0 15 86 375 544 4 0 0 23 608 392 1 0 0 0 0 
0 0 0 0 5 8 218 793 0 0 7 131 741 145 0 0 4 223 773 24 0 0 0 0 
0 0 0 0 5 19 232 768 0 0 8 130 552 317 17 0 0 176 756 92 0 0 0 0 
0 0 7 40 51 133 347 446 0 34 83 295 428 180 4 0 48 409 524 43 0 0 0 0 
0 4 42 100 175 288 334 81 2 92 250 489 175 16 0 0 114 701 207 2 0 0 0 0 
0 32 191 274 199 178 115 35 34 304 342 212 114 15 3 0 320 534 157 13 0 0 0 0 
0 61 116 128 160 157 320 82 33 188 212 284 269 38 0 0 228 432 343 21 0 0 0 0 
0 37 64 48 52 96 492 235 27 93 71 244 587 2 0 0 122 276 625 1 0 0 0 0 
0 0 0 0 0 0 188 836 0 0 0 19 836 163 6 0 0 84 884 56 0 0 0 0 
0 0 0 0 0 0 18 1006 0 0 0 0 294 603 122 5 0 13 594 411 6 0 0 0 
0 0 0 0 0 0 11 1013 0 0 0 3 190 635 196 0 0 11 488 519 6 0 0 0 
0 0 0 0 0 0 0 1024 0 0 0 0 78 597 320 29 0 0 322 667 35 0 0 0 
0 0 0 4 32 177 172 639 0 0 12 127 248 463 174 0 1 26 449 546 2 0 0 0 
0 2 20 29 61 233 341 338 1 26 54 202 394 298 49 0 33 121 503 344 23 0 0 0 
0 0 0 0 1 1 37 985 0 0 1 8 210 700 105 0 1 6 563 454 0 0 0 0 
0 0 0 0 0 0 49 975 0 0 0 15 215 771 23 0 0 17 641 364 2 0 0 0 
0 0 0 14 46 76 217 671 0 8 38 115 441 385 37 0 10 105 647 261 1 0 0 0 
0 170 34 45 185 238 131 221 98 127 104 306 229 148 12 0 227 202 463 126 6 0 0 0 
0 13 5 42 197 337 359 71 12 20 126 401 412 53 0 0 28 280 592 123 1 0 0 0 
0 1 35 37 79 135 201 536 0 47 73 157 345 391 11 0 28 143 563 290 0 0 0 0 
0 54 72 44 64 86 161 543 30 99 71 160 318 340 6 0 115 148 508 251 2 0 0 0 
2 106 181 179 207 181 112 56 59 244 212 258 148 74 24 5 234 311 286 144 42 7 0 0 
1 59 231 353 272 97 9 2 38 272 435 249 28 1 1 0 359 549 103 12 1 0 0 0 
0 27 109 271 317 153 85 62 19 174 378 256 122 62 12 1 234 497 163 109 21 0 0 0 
82 462 74 78 76 106 82 64 487 132 73 99 123 66 41 3 583 104 124 129 76 8 0 0 
48 437 88 59 35 24 38 295 377 186 67 45 245 104 0 0 543 104 319 57 1 0 0 0 
0 64 46 57 138 183 198 338 54 71 145 279 390 85 0 0 152 335 505 32 0 0 0 0 
59 199 167 182 182 103 62 70 212 253 268 173 66 50 2 0 453 387 152 32 0 0 0 0 
6 144 280 233 141 86 76 58 73 401 258 144 118 26 4 0 413 369 189 38 13 2 0 0 
0 46 154 181 162 174 193 114 20 205 246 242 249 54 8 0 192 411 334 75 12 0 0 0 
0 83 106 107 105 156 223 212 31 180 157 209 352 63 0 0 198 290 439 65 0 0 0 0 
23 200 445 314 42 0 0 0 180 542 284 18 0 0 0 0 574 428 22 0 0 0 0 0 
23 346 421 212 22 0 0 0 283 525 213 3 0 0 0 0 661 354 9 0 0 0 0 0 
1 84 290 374 129 60 80 6 73 436 361 129 21 4 0 0 402 554 58 9 1 0 0 0 
0 0 13 73 180 320 409 29 0 42 254 640 84 4 0 0 39 719 258 8 0 0 0 0 
0 0 0 19 181 432 359 33 0 2 211 726 84 1 0 0 21 699 301 3 0 0 0 0 
0 0 0 31 220 364 367 42 0 4 212 600 205 3 0 0 10 569 441 4 0 0 0 0 
0 0 0 12 111 386 415 100 0 5 109 664 234 12 0 0 9 567 446 2 0 0 0 0 
0 0 2 66 116 193 404 243 0 29 163 399 388 45 0 0 47 473 497 7 0 0 0 0 
0 0 0 18 24 41 404 537 0 3 53 209 646 113 0 0 2 312 687 23 0 0 0 0 
0 0 0 0 11 30 504 479 0 0 21 225 580 192 6 0 1 331 635 57 0 0 0 0 
0 0 0 3 36 81 510 394 0 2 51 252 671 43 5 0 10 365 628 21 0 0 0 0 
0 0 0 0 46 82 566 330 0 0 54 276 564 130 0 0 4 322 664 34 0 0 0 0 
0 0 0 2 5 16 841 160 0 0 5 243 776 0 0 0 2 203 819 0 0 0 0 0 
0 0 0 0 0 33 934 57 0 0 0 398 626 0 0 0 0 314 710 0 0 0 0 0 
0 3 26 26 39 56 745 129 4 37 51 142 788 2 0 0 44 165 813 2 0 0 0 0 
0 0 0 0 0 13 455 556 0 0 0 134 890 0 0 0 0 194 830 0 0 0 0 0 
0 0 0 0 0 0 140 884 0 0 0 4 579 391 50 0 0 54 722 248 0 0 0 0 
0 0 0 0 0 0 20 1004 0 0 0 4 196 700 124 0 0 17 485 520 2 0 0 0 
0 0 0 0 8 12 48 956 0 0 5 27 296 620 76 0 0 37 635 352 0 0 0 0 
0 2 14 34 113 282 357 222 2 17 68 251 464 190 32 0 22 148 586 259 9 0 0 0 
0 18 28 25 34 42 288 589 6 46 39 123 588 206 16 0 43 189 645 147 0 0 0 0 
0 0 0 0 4 19 219 782 0 0 2 98 427 372 108 17 0 102 573 319 30 0 0 0 
0 0 4 39 103 199 291 388 0 15 106 246 432 195 28 2 25 210 595 191 2 1 0 0 
0 0 21 29 56 203 524 191 0 36 65 219 527 166 11 0 39 186 501 294 4 0 0 0 
25 364 72 86 139 136 140 62 348 131 175 161 167 42 0 0 469 260 242 53 0 0 0 0 
9 105 121 97 189 229 118 156 92 198 172 277 113 68 90 14 263 343 231 82 92 13 0 0 
2 213 140 129 187 238 96 19 155 232 215 282 123 15 2 0 353 379 261 29 2 0 0 0 
16 310 268 193 156 57 14 10 246 371 244 127 19 4 10 3 554 330 109 13 15 2 1 0 
13 223 161 147 186 108 75 111 174 264 213 146 85 52 46 44 379 317 143 69 68 42 6 0 
37 174 230 267 226 83 7 0 157 314 354 176 20 3 0 0 497 457 64 6 0 0 0 0 
0 41 197 307 234 118 72 55 13 275 369 190 91 52 32 2 259 481 152 75 48 9 0 0 
0 105 58 132 177 173 209 170 62 111 212 223 255 136 25 0 154 286 365 191 26 2 0 0 
0 2 28 46 75 100 189 584 1 44 82 170 399 326 2 0 33 166 631 194 0 0 0 0 
97 497 172 57 26 18 27 130 479 309 62 25 79 70 0 0 734 122 138 30 0 0 0 0 
31 412 282 98 59 31 34 77 325 422 117 53 82 25 0 0 686 195 128 15 0 0 0 0 
2 243 197 90 70 100 142 180 140 343 99 134 219 83 6 0 423 220 321 45 13 2 0 0 
0 0 93 104 73 348 202 204 0 155 134 416 246 73 0 0 106 515 357 46 0 0 0 0 
0 64 145 140 91 221 203 128 25 248 173 284 216 46 0 0 219 438 307 28 0 0 0 0 
0 59 444 431 82 8 0 0 41 533 409 40 1 0 0 0 455 540 28 1 0 0 0 0 
4 190 433 327 70 0 0 0 107 552 350 15 0 0 0 0 539 477 8 0 0 0 0 0 
0 85 404 472 57 6 0 0 51 544 416 13 0 0 0 0 388 617 19 0 0 0 0 0 
0 15 162 356 299 157 34 1 9 269 526 212 8 0 0 0 185 737 102 0 0 0 0 0 
0 0 49 363 451 149 11 1 0 104 658 257 5 0 0 0 92 755 177 0 0 0 0 0 
0 0 85 408 401 104 26 0 0 175 624 212 13 0 0 0 147 728 147 2 0 0 0 0 
0 2 37 239 451 252 43 0 1 68 511 408 36 0 0 0 87 673 258 6 0 0 0 0 
0 0 3 67 315 326 256 57 0 13 282 525 184 20 0 0 24 600 383 17 0 0 0 0 
0 0 17 84 142 217 456 108 0 38 209 449 268 60 0 0 49 540 422 13 0 0 0 0 
0 0 30 84 123 120 535 132 0 63 187 376 396 2 0 0 68 575 381 0 0 0 0 0 
0 0 0 0 0 0 566 458 0 0 0 162 856 6 0 0 0 261 763 0 0 0 0 0 
0 0 0 0 0 27 658 339 0 0 0 195 822 7 0 0 0 204 819 1 0 0 0 0 
0 0 0 0 0 8 732 284 0 0 0 176 788 59 1 0 0 108 904 12 0 0 0 0 
0 0 0 0 0 0 795 229 0 0 0 207 792 25 0 0 0 224 797 3 0 0 0 0 
0 0 0 0 0 4 568 452 0 0 1 58 949 16 0 0 1 78 945 0 0 0 0 0 
0 0 0 0 0 26 762 236 0 0 2 297 720 5 0 0 0 387 637 0 0 0 0 0 
0 0 0 0 0 0 232 792 0 0 0 51 520 413 40 0 0 103 725 196 0 0 0 0 
0 0 0 0 0 0 45 979 0 0 0 5 277 671 71 0 0 37 638 349 0 0 0 0 
0 0 0 17 110 242 203 452 0 2 60 218 394 252 98 0 9 155 546 305 9 0 0 0 
0 0 20 103 191 238 285 187 0 49 195 290 326 108 52 4 71 360 423 161 9 0 0 0 
0 0 12 117 164 177 242 312 1 36 193 279 283 162 69 1 43 313 448 210 9 1 0 0 
0 13 39 60 135 260 345 172 9 59 134 318 382 94 24 4 77 262 498 170 17 0 0 0 
0 7 45 235 144 92 284 217 7 180 230 112 369 100 21 5 179 299 387 135 22 2 0 0 
0 2 34 92 90 142 380 284 1 85 134 230 453 119 2 0 78 277 514 155 0 0 0 0 
0 2 12 23 149 338 364 136 3 19 113 507 305 77 0 0 27 369 537 89 2 0 0 0 
2 88 266 177 118 124 117 132 65 382 177 145 136 73 38 8 387 318 197 81 40 1 0 0 
0 205 276 173 138 112 83 37 125 383 211 167 106 32 0 0 466 299 203 56 0 0 0 0 
3 153 236 244 185 97 81 25 101 325 309 138 89 56 6 0 371 408 143 90 12 0 0 0 
64 388 187 145 105 90 33 12 367 279 172 100 81 20 4 1 595 226 141 48 12 2 0 0 
64 267 140 122 114 112 146 59 281 196 175 131 123 102 16 0 456 228 158 154 27 1 0 0 
0 6 117 156 179 278 213 75 3 132 227 282 266 108 6 0 107 320 355 225 17 0 0 0 
0 61 99 247 317 200 65 35 28 168 378 305 111 24 10 0 149 504 298 69 4 0 0 0 
39 158 135 344 188 109 40 11 155 216 385 176 72 20 0 0 285 493 187 56 3 0 0 0 
1 117 185 313 162 93 99 54 72 265 366 160 121 35 5 0 276 468 215 58 7 0 0 0 
0 35 111 132 143 159 320 124 15 172 194 249 368 26 0 0 167 324 504 29 0 0 0 0 
0 72 31 23 53 65 276 504 21 90 58 104 569 177 5 0 104 134 635 150 1 0 0 0 
0 126 95 49 105 201 227 221 77 164 99 269 312 103 0 0 218 312 422 72 0 0 0 0 
0 120 97 68 161 180 223 143 65 167 134 290 275 61 0 0 192 322 421 56 1 0 0 0 
0 24 313 575 102 10 0 0 19 472 499 29 5 0 0 0 429 565 27 3 0 0 0 0 
0 173 473 344 32 2 0 0 120 631 264 9 0 0 0 0 629 388 7 0 0 0 0 0 
1 150 373 318 123 46 11 2 114 496 317 86 10 1 0 0 518 449 56 1 0 0 0 0 
0 76 330 429 180 9 0 0 47 431 491 54 1 0 0 0 326 648 50 0 0 0 0 0 
0 5 179 479 283 71 6 1 0 269 635 117 3 0 0 0 206 717 98 3 0 0 0 0 
0 64 317 395 209 34 5 0 51 414 469 86 4 0 0 0 365 593 66 0 0 0 0 0 
0 35 237 447 273 27 5 0 14 339 543 122 6 0 0 0 277 636 110 1 0 0 0 0 
0 1 59 269 371 283 37 4 1 126 528 337 30 2 0 0 136 723 161 4 0 0 0 0 
0 3 20 68 229 372 326 6 1 43 280 644 56 0 0 0 57 731 236 0 0 0 0 0 
0 0 0 4 40 156 629 195 0 0 62 533 429 0 0 0 7 598 419 0 0 0 0 0 
0 0 0 0 0 66 593 365 0 0 3 404 614 3 0 0 1 440 583 0 0 0 0 0 
0 0 0 0 3 125 786 110 0 0 5 681 330 8 0 0 3 607 414 0 0 0 0 0 
0 0 0 0 0 170 712 142 0 0 0 679 344 1 0 0 0 636 388 0 0 0 0 0 
0 0 0 0 0 15 897 112 0 0 0 462 562 0 0 0 0 384 640 0 0 0 0 0 
0 0 0 0 0 0 261 763 0 0 0 21 820 183 0 0 0 97 923 4 0 0 0 0 
0 0 0 4 22 48 466 484 0 2 22 207 648 136 9 0 7 252 731 34 0 0 0 0 
0 0 0 3 6 21 248 746 0 2 6 92 442 349 96 37 2 129 639 196 57 1 0 0 
0 0 6 60 120 241 166 431 0 24 131 251 322 214 78 4 43 250 517 204 10 0 0 0 
0 1 39 185 355 315 109 20 3 86 374 409 142 10 0 0 116 581 310 17 0 0 0 0 
0 5 37 176 308 255 196 47 1 101 345 310 212 50 5 0 123 480 340 81 0 0 0 0 
0 0 11 151 265 315 228 54 0 85 256 368 260 52 3 0 99 399 426 97 3 0 0 0 
0 0 3 20 115 343 371 172 0 12 73 329 423 173 14 0 18 175 550 269 12 0 0 0 
0 0 17 134 108 177 337 251 0 98 132 192 357 135 85 25 73 228 388 256 71 8 0 0 
0 0 33 270 102 110 255 254 0 248 156 140 250 125 85 20 196 280 300 171 70 7 0 0 
0 0 2 44 113 244 368 253 0 34 148 273 361 145 60 3 42 298 448 181 54 1 0 0 
0 65 202 164 237 171 111 74 53 283 250 243 130 46 18 1 306 392 252 60 14 0 0 0 
0 179 246 192 157 186 56 8 119 340 266 208 80 8 3 0 410 391 196 23 4 0 0 0 
0 1 27 46 100 369 391 90 0 43 74 362 440 103 2 0 35 169 612 196 12 0 0 0 
0 3 7 70 196 357 293 98 0 27 179 393 314 101 10 0 26 311 482 191 14 0 0 0 
3 141 90 147 251 237 117 38 114 167 233 286 174 38 12 0 259 334 337 86 8 0 0 0 
13 244 66 94 142 262 182 21 219 122 132 243 265 42 1 0 324 190 374 133 3 0 0 0 
3 545 175 128 93 62 15 3 448 294 157 92 28 5 0 0 672 252 84 15 1 0 0 0 
75 392 243 168 103 36 7 0 379 363 190 84 7 1 0 0 672 280 69 3 0 0 0 0 
194 610 77 50 42 31 20 0 694 202 74 43 11 0 0 0 876 118 29 1 0 0 0 0 
83 716 101 27 12 26 37 22 671 234 32 47 31 9 0 0 864 110 45 5 0 0 0 0 
42 582 182 90 40 17 56 15 476 343 114 52 38 1 0 0 752 213 55 4 0 0 0 0 
19 275 111 171 211 135 85 17 229 170 293 190 110 32 0 0 361 373 209 81 0 0 0 0 
3 54 118 199 281 171 132 34 36 167 336 244 146 62 1 0 160 445 254 130 3 0 0 0 
0 140 479 346 58 1 0 0 117 577 299 31 0 0 0 0 578 415 31 0 0 0 0 0 
8 282 425 232 68 9 0 0 233 590 172 28 1 0 0 0 736 260 27 1 0 0 0 0 
48 274 286 257 129 30 0 0 286 421 283 31 3 0 0 0 641 354 25 4 0 0 0 0 
0 37 163 295 268 206 54 1 40 265 568 144 7 0 0 0 294 696 33 1 0 0 0 0 
0 12 139 351 241 163 117 1 8 235 519 259 3 0 0 0 218 772 34 0 0 0 0 0 
5 299 350 214 112 37 7 0 202 521 256 43 2 0 0 0 630 370 24 0 0 0 0 0 
44 389 263 170 75 73 10 0 367 387 215 53 2 0 0 0 693 322 9 0 0 0 0 0 
1 121 277 260 201 124 38 2 115 406 314 182 7 0 0 0 458 489 77 0 0 0 0 0 
0 153 259 257 202 117 36 0 140 406 313 153 12 0 0 0 519 438 66 1 0 0 0 0 
0 7 192 346 281 107 70 21 14 376 438 147 49 0 0 0 396 563 65 0 0 0 0 0 
0 0 0 10 41 172 693 108 0 6 67 655 296 0 0 0 10 689 325 0 0 0 0 0 
0 0 0 0 0 52 725 247 0 0 1 592 431 0 0 0 0 539 485 0 0 0 0 0 
0 0 0 0 0 168 642 214 0 0 0 510 505 9 0 0 0 453 571 0 0 0 0 0 
0 0 0 0 0 37 521 466 0 0 0 198 774 52 0 0 0 211 810 3 0 0 0 0 
0 0 0 0 73 137 194 620 0 0 50 210 429 331 4 0 0 234 761 29 0 0 0 0 
0 0 6 9 79 130 161 639 0 8 56 184 377 399 0 0 12 153 783 76 0 0 0 0 
0 0 16 114 253 292 249 100 0 42 217 394 322 49 0 0 58 420 503 43 0 0 0 0 
0 12 82 177 345 254 112 42 13 145 349 371 111 31 4 0 160 568 270 23 3 0 0 0 
0 25 61 101 151 188 313 185 20 110 180 285 328 96 5 0 144 374 441 64 1 0 0 0 
0 1 54 125 131 171 431 111 1 105 179 192 488 59 0 0 108 284 573 59 0 0 0 0 
0 0 4 92 76 182 560 110 0 55 101 191 602 75 0 0 39 179 715 91 0 0 0 0 
0 0 0 38 43 187 617 139 0 16 55 267 533 152 1 0 20 149 668 187 0 0 0 0 
0 0 3 12 73 276 451 209 0 3 53 305 474 178 11 0 6 167 615 227 9 0 0 0 
0 0 16 100 180 220 344 164 0 56 202 255 357 148 6 0 56 299 450 213 6 0 0 0 
0 1 26 536 122 89 112 138 0 365 308 95 91 116 47 2 251 468 130 134 41 0 0 0 
0 1 61 168 103 150 233 308 1 181 152 171 212 178 90 39 136 271 288 228 68 30 3 0 
0 16 48 104 140 256 305 155 6 96 149 298 339 108 28 0 88 250 506 153 25 2 0 0 
0 0 2 27 63 418 465 49 0 6 62 424 494 38 0 0 9 173 739 103 0 0 0 0 
0 11 110 125 272 275 210 21 8 140 251 366 243 15 1 0 128 400 445 50 1 0 0 0 
0 75 191 146 146 202 244 20 20 277 203 287 232 5 0 0 246 355 407 16 0 0 0 0 
2 202 176 135 196 192 108 13 132 270 192 252 152 24 2 0 344 301 317 60 2 0 0 0 
0 39 54 156 194 297 203 81 25 124 235 336 233 67 4 0 131 384 401 102 6 0 0 0 
49 368 167 77 58 119 140 46 330 271 91 147 148 36 1 0 548 192 227 57 0 0 0 0 
251 610 62 22 20 20 35 4 818 112 27 24 36 7 0 0 906 61 45 12 0 0 0 0 
351 519 117 19 6 10 2 0 773 213 25 9 4 0 0 0 959 55 10 0 0 0 0 0 
162 351 60 25 31 82 223 90 496 89 48 195 152 43 1 0 576 211 198 39 0 0 0 0 
123 419 24 39 135 146 123 15 551 38 128 215 77 15 0 0 591 252 154 27 0 0 0 0 
116 390 44 99 150 129 60 4 494 86 193 143 70 6 0 0 588 243 131 30 0 0 0 0 
11 367 389 188 58 11 0 0 253 512 204 51 4 0 0 0 652 308 60 4 0 0 0 0 
17 392 378 175 59 3 0 0 360 445 183 36 0 0 0 0 710 255 58 1 0 0 0 0 
50 283 131 159 273 116 12 0 315 286 366 57 0 0 0 0 556 446 21 1 0 0 0 0 
16 76 88 214 290 253 84 3 105 285 435 183 16 0 0 0 370 620 34 0 0 0 0 0 
0 0 12 78 356 382 177 19 1 116 583 272 51 1 0 0 157 796 71 0 0 0 0 0 
0 0 0 61 272 454 222 15 0 66 530 397 29 2 0 0 127 835 62 0 0 0 0 0 
0 2 15 87 318 402 185 15 3 109 544 340 26 2 0 0 186 780 57 1 0 0 0 0 
0 11 15 110 461 342 84 1 8 132 672 209 3 0 0 0 237 759 28 0 0 0 0 0 
0 31 97 193 347 282 68 6 36 274 520 182 12 0 0 0 318 677 29 0 0 0 0 0 
0 0 15 38 108 344 361 158 1 48 281 457 206 31 0 0 70 713 231 10 0 0 0 0 
0 0 0 0 0 5 541 478 0 0 2 339 665 18 0 0 1 438 584 1 0 0 0 0 
0 0 0 0 0 0 572 452 0 0 0 365 641 18 0 0 0 326 697 1 0 0 0 0 
0 0 1 18 25 105 718 157 0 2 39 492 491 0 0 0 4 432 588 0 0 0 0 0 
0 6 29 67 97 101 446 278 7 35 135 334 500 13 0 0 60 364 597 3 0 0 0 0 
0 0 3 20 102 189 470 240 0 7 74 277 493 164 9 0 16 247 648 111 2 0 0 0 
0 0 1 19 80 254 413 257 0 2 65 308 441 200 8 0 14 279 620 111 0 0 0 0 
0 0 18 62 144 270 297 233 0 30 136 295 337 211 15 0 47 350 546 81 0 0 0 0 
0 5 30 43 86 146 362 352 1 48 95 232 416 224 8 0 64 314 582 64 0 0 0 0 
0 0 1 25 94 233 472 199 0 5 84 305 452 171 7 0 13 286 640 84 1 0 0 0 
0 0 0 53 100 211 460 200 0 21 121 223 447 197 15 0 31 243 532 216 2 0 0 0 
0 0 11 118 122 186 413 174 0 89 162 225 411 128 9 0 85 345 398 184 12 0 0 0 
0 11 81 141 159 268 278 86 17 185 220 275 249 78 0 0 191 374 332 123 4 0 0 0 
1 113 29 67 218 304 259 33 105 87 163 406 250 12 1 0 169 345 482 25 2 1 0 0 
0 20 34 104 202 254 271 139 18 54 193 324 330 102 3 0 77 289 512 144 2 0 0 0 
0 0 10 90 59 200 454 211 0 45 101 207 525 139 7 0 44 177 565 236 2 0 0 0 
0 0 134 535 80 108 138 29 0 528 191 101 177 25 2 0 344 387 219 73 1 0 0 0 
0 1 80 263 148 175 273 84 1 229 245 193 262 85 9 0 183 371 329 131 10 0 0 0 
0 0 37 75 89 221 511 91 0 81 110 242 498 93 0 0 74 206 557 187 0 0 0 0 
2 31 189 183 186 266 148 19 29 250 228 324 167 26 0 0 222 417 328 56 1 0 0 0 
45 287 142 100 128 146 117 59 294 210 172 156 127 50 15 0 468 265 221 66 4 0 0 0 
17 167 119 129 159 184 196 53 158 186 191 196 236 45 12 0 321 280 315 106 2 0 0 0 
36 288 125 140 170 124 94 47 310 199 209 151 103 34 17 1 486 310 154 62 12 0 0 0 
54 502 104 81 92 110 81 0 533 158 123 182 28 0 0 0 673 263 88 0 0 0 0 0 
26 314 314 167 107 73 22 1 289 430 189 103 13 0 0 0 682 297 45 0 0 0 0 0 
30 330 181 182 114 107 73 7 311 303 208 156 44 2 0 0 606 316 101 1 0 0 0 0 
68 366 248 122 110 87 22 1 387 343 182 108 4 0 0 0 703 301 20 0 0 0 0 0 
61 462 193 108 85 78 34 3 447 326 137 88 24 2 0 0 749 231 43 1 0 0 0 0 
29 288 135 104 143 196 94 3 267 229 199 254 41 2 0 0 487 407 95 3 0 0 0 0 
29 447 331 157 39 18 3 0 361 439 163 45 15 1 0 0 712 243 55 14 0 0 0 0 
143 537 188 95 39 16 6 0 601 261 109 38 13 2 0 0 811 157 43 13 0 0 0 0 
544 445 34 1 0 0 0 0 984 39 1 0 0 0 0 0 1020 4 0 0 0 0 0 0 
247 504 198 57 18 0 0 0 795 216 13 0 0 0 0 0 975 49 0 0 0 0 0 0 
27 446 315 179 56 1 0 0 541 424 59 0 0 0 0 0 874 150 0 0 0 0 0 0 
3 295 385 195 91 54 1 0 393 484 138 9 0 0 0 0 803 221 0 0 0 0 0 0 
0 55 200 330 297 125 17 0 102 490 395 37 0 0 0 0 499 522 3 0 0 0 0 0 
0 1 22 226 464 293 18 0 4 282 686 51 1 0 0 0 251 770 3 0 0 0 0 0 
0 0 0 14 408 556 44 2 0 23 872 127 2 0 0 0 98 918 8 0 0 0 0 0 
0 0 0 87 521 355 54 7 0 98 770 149 7 0 0 0 127 883 14 0 0 0 0 0 
0 0 3 20 134 375 367 125 1 22 337 462 195 6 1 0 79 721 221 3 0 0 0 0 
0 0 2 31 73 147 367 404 0 12 124 355 394 105 34 0 25 427 501 62 9 0 0 0 
0 15 48 264 308 231 123 35 6 108 395 341 145 21 7 1 126 596 259 39 4 0 0 0 
0 0 10 97 254 353 237 73 0 22 243 401 267 88 3 0 66 486 368 101 3 0 0 0 
0 1 7 21 30 77 266 622 2 15 26 92 332 487 70 0 15 134 647 226 2 0 0 0 
0 0 0 0 9 84 292 639 0 0 12 124 445 426 17 0 5 224 721 74 0 0 0 0 
0 0 0 3 20 76 277 648 0 0 18 103 376 470 57 0 10 220 687 107 0 0 0 0 
0 0 0 0 2 47 352 623 0 0 4 68 464 464 24 0 0 141 783 100 0 0 0 0 
0 0 0 14 47 168 456 339 0 8 47 167 468 301 33 0 16 220 607 179 2 0 0 0 
0 0 5 184 183 210 247 195 0 100 266 225 242 167 24 0 144 405 337 130 8 0 0 0 
0 0 6 104 228 256 305 125 0 55 308 339 274 44 4 0 82 547 366 28 1 0 0 0 
0 5 32 191 289 186 241 80 6 165 448 237 157 8 3 0 195 616 210 3 0 0 0 0 
0 84 31 117 371 315 105 1 79 138 569 232 6 0 0 0 255 728 41 0 0 0 0 0 
0 94 68 114 257 304 121 66 71 130 260 299 173 50 38 3 200 361 299 123 41 0 0 0 
0 21 32 48 167 352 280 124 18 50 151 454 262 86 3 0 76 360 486 101 1 0 0 0 
0 0 0 3 46 216 623 136 0 0 33 302 594 93 2 0 1 120 740 163 0 0 0 0 
0 13 22 40 44 193 425 287 9 38 37 179 463 288 10 0 35 86 453 432 18 0 0 0 
0 0 99 242 165 234 252 32 0 234 224 280 250 27 9 0 211 333 408 67 5 0 0 0 
35 201 183 113 177 159 119 37 215 225 193 236 119 33 3 0 407 318 245 52 2 0 0 0 
88 408 90 82 49 114 166 27 462 134 115 192 95 25 1 0 590 255 153 26 0 0 0 0 
9 279 45 58 57 153 250 173 240 101 91 199 262 126 5 0 339 225 356 104 0 0 0 0 
11 138 32 29 117 339 317 41 127 56 152 514 156 19 0 0 195 509 306 14 0 0 0 0 
1 15 32 49 271 423 202 31 11 46 327 492 138 10 0 0 66 735 218 5 0 0 0 0 
0 0 0 23 62 224 507 208 0 5 100 453 388 72 6 0 11 543 424 46 0 0 0 0 
0 2 31 25 87 363 400 116 1 43 150 558 238 34 0 0 52 610 340 22 0 0 0 0 
0 171 109 88 154 243 203 56 122 195 211 346 133 14 3 0 319 489 201 14 1 0 0 0 
0 25 161 201 161 272 179 25 10 261 266 396 78 12 1 0 264 588 162 9 1 0 0 0 
1 82 159 132 146 264 186 22 46 249 200 397 92 8 0 0 282 494 208 8 0 0 0 0 
88 399 239 169 89 37 3 0 443 353 141 71 16 0 0 0 716 227 73 8 0 0 0 0 
331 544 128 20 1 0 0 0 834 168 21 1 0 0 0 0 968 56 0 0 0 0 0 0 
692 330 2 0 0 0 0 0 1010 14 0 0 0 0 0 0 1024 0 0 0 0 0 0 0 
419 538 67 0 0 0 0 0 956 68 0 0 0 0 0 0 1017 7 0 0 0 0 0 0 
196 770 57 1 0 0 0 0 968 56 0 0 0 0 0 0 1024 0 0 0 0 0 0 0 
65 721 196 35 7 0 0 0 800 214 10 0 0 0 0 0 993 31 0 0 0 0 0 0 
0 202 481 274 65 2 0 0 296 641 87 0 0 0 0 0 814 210 0 0 0 0 0 0 
0 8 76 341 400 134 46 19 15 415 492 75 27 0 0 0 354 648 22 0 0 0 0 0 
0 0 4 36 445 514 25 0 1 51 849 123 0 0 0 0 143 874 7 0 0 0 0 0 
0 11 52 123 283 509 45 1 11 130 685 196 2 0 0 0 186 829 8 1 0 0 0 0 
0 58 213 255 209 220 66 3 53 295 450 208 18 0 0 0 359 610 55 0 0 0 0 0 
0 0 89 161 217 228 263 66 2 161 282 368 208 3 0 0 168 608 238 10 0 0 0 0 
0 7 18 48 86 156 455 254 2 39 94 261 560 66 2 0 56 477 471 20 0 0 0 0 
0 38 79 87 158 193 234 235 15 118 157 256 276 185 16 1 173 386 397 67 1 0 0 0 
0 0 1 11 12 26 209 765 0 1 15 47 318 527 116 0 14 158 711 141 0 0 0 0 
0 0 0 0 4 93 394 533 0 0 5 175 558 276 10 0 1 402 605 16 0 0 0 0 
0 0 0 0 0 22 284 718 0 0 3 90 508 411 12 0 1 377 635 11 0 0 0 0 
0 0 0 0 2 19 264 739 0 0 5 56 553 409 1 0 9 318 685 12 0 0 0 0 
0 0 0 15 57 187 371 394 0 8 68 263 398 250 37 0 33 459 486 46 0 0 0 0 
3 101 96 133 128 197 274 92 92 165 188 245 264 63 7 0 266 394 332 32 0 0 0 0 
5 140 164 198 201 192 100 24 143 280 334 181 80 6 0 0 413 474 129 7 1 0 0 0 
16 216 129 120 294 174 66 9 222 227 388 152 30 5 0 0 473 476 66 9 0 0 0 0 
3 158 123 146 255 244 95 0 170 222 436 165 31 0 0 0 385 573 66 0 0 0 0 0 
0 96 93 146 204 267 180 38 85 186 317 335 60 21 18 2 285 540 150 30 18 1 0 0 
0 35 70 81 242 287 243 66 29 119 307 374 176 19 0 0 161 600 242 21 0 0 0 0 
0 43 54 53 106 246 355 167 32 95 142 340 312 99 4 0 135 381 400 107 1 0 0 0 
0 14 76 152 123 237 331 91 24 175 164 300 301 60 0 0 187 318 413 106 0 0 0 0 
0 108 164 269 128 134 176 45 68 362 213 190 159 30 2 0 376 358 254 34 2 0 0 0 
0 145 71 75 39 56 233 405 100 144 69 95 301 293 22 0 227 142 382 271 2 0 0 0 
0 3 41 56 98 172 400 254 5 67 129 257 440 125 1 0 94 286 548 95 1 0 0 0 
0 13 40 88 123 230 456 74 7 79 158 435 314 28 3 0 106 559 323 35 1 0 0 0 
0 0 10 28 115 281 468 122 3 25 130 406 370 79 11 0 46 419 445 106 8 0 0 0 
0 0 10 55 253 375 284 47 3 21 315 498 161 20 6 0 81 640 273 27 3 0 0 0 
0 0 1 59 211 462 263 28 0 19 312 524 155 13 1 0 74 669 260 21 0 0 0 0 
0 0 13 108 210 357 292 44 0 59 284 482 180 17 2 0 81 626 281 35 1 0 0 0 
0 11 36 122 298 411 139 7 12 116 411 426 59 0 0 0 139 728 154 3 0 0 0 0 
0 88 76 114 373 227 142 4 83 124 469 277 71 0 0 0 226 661 135 2 0 0 0 0 
0 48 79 177 355 159 168 6 44 154 471 253 69 1 0 0 206 643 141 2 0 0 0 0 
77 393 307 173 53 20 1 0 535 418 54 15 2 0 0 0 846 165 13 0 0 0 0 0 
50 296 307 266 100 5 0 0 412 526 85 1 0 0 0 0 776 246 2 0 0 0 0 0 
207 496 180 87 42 10 2 0 732 231 59 2 0 0 0 0 926 97 1 0 0 0 0 0 
28 207 404 318 57 9 1 0 296 649 77 2 0 0 0 0 797 225 2 0 0 0 0 0 
0 99 368 378 140 30 9 0 177 653 177 17 0 0 0 0 680 344 0 0 0 0 0 0 
0 50 180 355 310 115 14 0 73 507 398 46 0 0 0 0 482 535 7 0 0 0 0 0 
0 4 55 251 581 113 20 0 13 305 660 46 0 0 0 0 297 722 5 0 0 0 0 0 
0 0 6 141 500 345 32 0 0 117 701 182 24 0 0 0 165 766 91 2 0 0 0 0 
2 33 110 340 370 153 16 0 25 220 590 181 8 0 0 0 254 698 72 0 0 0 0 0 
0 113 184 391 205 109 22 0 92 302 438 159 33 0 0 0 383 567 73 1 0 0 0 0 
1 40 183 231 215 230 122 2 33 280 306 279 124 2 0 0 309 565 150 0 0 0 0 0 
0 16 77 193 248 247 188 55 14 146 335 335 180 14 0 0 184 607 230 3 0 0 0 0 
0 0 0 2 36 235 408 343 0 1 65 399 530 29 0 0 27 631 366 0 0 0 0 0 
0 0 8 12 33 63 285 623 0 13 36 124 524 296 31 0 25 354 612 33 0 0 0 0 
0 0 0 0 6 56 379 583 0 0 5 87 498 403 31 0 5 338 639 42 0 0 0 0 
0 0 0 61 209 330 301 123 0 11 176 417 337 82 1 0 46 598 363 17 0 0 0 0 
0 0 1 3 54 192 473 301 0 2 39 235 493 214 37 4 12 378 459 154 20 1 0 0 
0 0 0 2 34 200 512 276 0 0 35 287 576 126 0 0 15 563 444 2 0 0 0 0 
0 0 0 0 30 205 556 233 0 0 32 300 584 108 0 0 24 524 469 7 0 0 0 0 
1 57 93 192 265 219 158 39 40 190 335 291 153 15 0 0 280 572 167 5 0 0 0 0 
2 161 97 95 123 207 219 120 139 153 147 262 237 85 1 0 304 359 322 39 0 0 0 0 
0 18 112 188 174 172 192 168 19 250 227 230 166 128 4 0 244 427 301 51 1 0 0 0 
2 77 159 145 140 146 180 175 70 270 191 216 179 98 0 0 321 354 293 56 0 0 0 0 
9 222 91 103 179 192 164 64 210 170 258 255 98 31 2 0 396 437 177 14 0 0 0 0 
0 0 0 4 81 215 504 220 0 1 129 308 477 106 3 0 38 355 572 59 0 0 0 0 
0 11 40 76 115 181 299 302 11 96 134 288 348 143 4 0 126 350 452 95 1 0 0 0 
0 65 66 38 62 204 431 158 46 100 90 387 359 41 1 0 141 344 492 45 2 0 0 0 
0 12 113 31 25 101 294 448 8 126 53 173 308 259 92 5 135 184 406 262 37 0 0 0 
0 0 0 2 20 46 183 773 0 2 21 64 272 417 248 0 7 47 299 539 132 0 0 0 
0 18 64 66 138 168 255 315 10 102 149 181 264 217 101 0 113 261 311 272 67 0 0 0 
0 18 68 97 191 301 259 90 13 109 221 399 238 39 5 0 153 524 306 39 2 0 0 0 
0 4 18 40 130 270 480 82 2 29 179 429 364 21 0 0 71 576 358 19 0 0 0 0 
0 0 12 48 134 308 454 68 1 43 143 433 366 38 0 0 68 451 463 41 1 0 0 0 
0 0 0 2 75 384 530 33 0 2 128 641 249 4 0 0 36 669 315 4 0 0 0 0 
0 0 3 25 125 350 465 56 0 16 204 569 223 12 0 0 42 672 303 7 0 0 0 0 
0 0 1 13 208 536 247 19 0 13 366 521 114 10 0 0 70 712 231 11 0 0 0 0 
0 17 31 103 253 394 217 9 10 74 323 459 155 3 0 0 90 655 268 11 0 0 0 0 
0 18 51 212 310 267 129 5 10 124 432 325 98 3 0 0 119 654 209 10 0 0 0 0 
50 252 315 301 73 1 0 0 380 527 85 0 0 0 0 0 754 237 1 0 0 0 0 0 
11 114 361 394 100 12 0 0 227 671 93 1 0 0 0 0 699 292 1 0 0 0 0 0 
0 49 251 474 142 74 2 0 91 679 206 16 0 0 0 0 562 430 0 0 0 0 0 0 
1 58 153 427 312 39 2 0 93 551 341 7 0 0 0 0 485 505 2 0 0 0 0 0 
0 1 36 430 479 46 0 0 4 479 502 7 0 0 0 0 367 624 1 0 0 0 0 0 
0 3 41 467 467 14 0 0 7 518 461 6 0 0 0 0 355 634 3 0 0 0 0 0 
0 10 45 219 577 110 28 3 10 239 632 98 13 0 0 0 252 722 17 1 0 0 0 0 
0 28 47 148 302 279 179 9 22 90 330 340 200 10 0 0 135 511 322 24 0 0 0 0 
2 34 56 82 205 317 258 38 28 76 167 445 265 11 0 0 117 494 381 0 0 0 0 0 
0 0 8 106 212 257 320 89 0 32 256 449 244 11 0 0 78 744 170 0 0 0 0 0 
0 18 33 61 110 298 427 45 15 44 121 445 356 11 0 0 76 598 315 3 0 0 0 0 
1 115 167 192 216 201 88 12 95 234 256 279 113 15 0 0 361 410 207 14 0 0 0 0 
0 0 1 20 90 224 578 79 0 13 115 466 392 6 0 0 45 739 208 0 0 0 0 0 
0 0 1 40 133 301 391 126 0 6 127 413 404 42 0 0 48 655 287 2 0 0 0 0 
0 0 1 18 161 346 376 90 0 1 117 441 360 71 2 0 60 603 306 22 1 0 0 0 
0 0 9 110 303 347 194 29 0 52 298 427 180 34 1 0 109 592 273 18 0 0 0 0 
0 94 63 88 162 269 223 93 81 120 176 232 264 113 6 0 211 281 328 167 5 0 0 0 
1 140 66 68 112 205 255 145 129 95 120 363 260 24 1 0 244 506 235 7 0 0 0 0 
0 0 0 7 55 220 461 249 0 2 60 388 486 56 0 0 32 532 426 2 0 0 0 0 
0 0 2 37 198 358 326 71 0 15 185 499 281 12 0 0 55 534 394 9 0 0 0 0 
0 0 12 10 30 60 366 514 1 15 41 200 527 196 12 0 19 256 650 67 0 0 0 0 
0 0 4 5 3 12 207 761 0 7 6 114 742 122 1 0 9 160 808 15 0 0 0 0 
0 0 0 3 26 62 346 555 0 5 40 231 630 82 4 0 15 226 709 42 0 0 0 0 
0 0 0 3 68 105 365 451 0 7 92 250 546 95 2 0 22 285 629 56 0 0 0 0 
0 0 0 0 34 256 524 178 0 0 43 406 517 26 0 0 9 451 513 19 0 0 0 0 
0 0 9 19 55 219 479 211 2 23 106 487 372 2 0 0 48 588 354 2 0 0 0 0 
0 0 3 8 98 195 303 385 2 6 200 418 356 7 3 0 31 627 327 7 0 0 0 0 
0 0 0 5 161 253 274 299 0 5 285 346 203 137 16 0 23 605 286 78 0 0 0 0 
0 0 0 11 70 135 395 381 0 8 88 352 461 78 5 0 23 396 500 71 2 0 0 0 
0 1 15 48 146 203 347 232 1 44 169 271 364 117 26 0 81 376 413 109 13 0 0 0 
0 1 42 123 255 316 228 27 1 98 288 365 224 16 0 0 158 585 243 6 0 0 0 0 
0 0 3 37 168 441 320 23 0 35 248 547 158 4 0 0 91 727 173 1 0 0 0 0 
0 0 3 18 133 466 337 35 1 17 185 556 216 17 0 0 69 598 307 18 0 0 0 0 
0 0 0 12 133 442 391 14 0 8 215 596 172 1 0 0 73 738 181 0 0 0 0 0 
0 0 2 50 206 434 283 17 0 34 306 543 104 5 0 0 102 721 169 0 0 0 0 0 
0 0 1 17 153 572 245 4 0 5 263 641 82 1 0 0 60 768 164 0 0 0 0 0 
0 0 0 82 272 492 140 6 0 42 364 526 59 1 0 0 106 741 145 0 0 0 0 0 
0 0 1 145 413 332 66 4 0 87 500 340 33 1 0 0 155 712 94 0 0 0 0 0 
