0 0 1024 0 0 0 0 0 0 0 0 1024 0 0 0 0 0 0 0 0 554 470 0 0 
0 0 1024 0 0 0 0 0 0 0 0 1024 0 0 0 0 0 0 0 0 416 608 0 0 
0 0 989 35 0 0 0 0 0 0 0 1024 0 0 0 0 0 0 0 0 384 640 0 0 
7 18 822 151 26 0 0 0 19 21 112 872 0 0 0 0 19 22 102 37 578 266 0 0 
0 0 869 126 29 0 0 0 0 0 55 969 0 0 0 0 0 2 50 50 657 265 0 0 
0 0 1024 0 0 0 0 0 0 0 0 1024 0 0 0 0 0 0 0 0 664 360 0 0 
0 0 1024 0 0 0 0 0 0 0 48 976 0 0 0 0 0 0 0 0 624 400 0 0 
0 0 1024 0 0 0 0 0 0 0 168 856 0 0 0 0 0 0 0 0 915 109 0 0 
0 0 1024 0 0 0 0 0 0 0 350 674 0 0 0 0 0 0 0 0 1024 0 0 0 
0 0 992 0 0 0 0 0 0 0 375 617 0 0 0 0 0 0 0 0 992 0 0 0 
0 0 124 900 0 0 0 0 0 0 0 705 319 0 0 0 0 0 0 0 0 1024 0 0 
0 0 33 977 14 0 0 0 0 0 12 769 243 0 0 0 0 0 0 2 150 871 1 0 
1 20 164 732 107 0 0 0 3 44 287 544 145 1 0 0 3 27 264 71 95 558 6 0 
100 107 151 437 223 6 0 0 208 143 496 175 2 0 0 0 209 173 513 128 1 0 0 0 
8 26 118 547 324 1 0 0 30 119 560 315 0 0 0 0 35 171 599 219 0 0 0 0 
0 6 214 606 195 3 0 0 5 19 100 852 47 1 0 0 7 26 79 171 96 642 3 0 
0 0 437 563 21 3 0 0 0 0 62 912 47 3 0 0 0 0 0 20 127 869 8 0 
0 0 607 376 37 4 0 0 0 0 50 922 47 5 0 0 0 0 0 26 124 865 8 1 
0 1 667 355 1 0 0 0 0 0 30 991 3 0 0 0 0 0 0 18 575 430 1 0 
0 0 666 326 0 0 0 0 0 0 9 983 0 0 0 0 0 0 0 2 782 208 0 0 
1 19 804 198 2 0 0 0 3 71 776 128 46 0 0 0 0 6 404 306 252 56 0 0 
0 9 927 88 0 0 0 0 0 117 818 89 0 0 0 0 0 1 516 237 268 2 0 0 
15 112 394 301 202 0 0 0 80 204 553 187 0 0 0 0 77 155 534 177 81 0 0 0 
39 127 386 206 254 12 0 0 71 278 452 215 8 0 0 0 48 113 589 212 62 0 0 0 
141 171 294 275 143 0 0 0 204 310 387 123 0 0 0 0 185 233 493 110 3 0 0 0 
0 3 169 174 626 52 0 0 0 26 341 630 27 0 0 0 0 23 289 633 79 0 0 0 
10 230 703 35 44 2 0 0 26 412 527 58 1 0 0 0 7 132 485 245 155 0 0 0 
22 290 690 22 0 0 0 0 46 433 533 12 0 0 0 0 18 191 471 224 120 0 0 0 
191 290 510 33 0 0 0 0 199 431 378 15 1 0 0 0 164 172 396 163 125 4 0 0 
357 284 336 15 0 0 0 0 358 346 263 22 3 0 0 0 306 164 259 129 128 6 0 0 
39 32 402 539 12 0 0 0 47 115 630 230 2 0 0 0 43 53 470 452 6 0 0 0 
174 60 252 501 37 0 0 0 203 92 553 176 0 0 0 0 172 76 416 355 5 0 0 0 
55 28 165 568 177 31 0 0 73 189 545 202 15 0 0 0 67 332 411 203 11 0 0 0 
0 24 168 748 83 1 0 0 2 112 800 110 0 0 0 0 1 72 817 134 0 0 0 0 
1 58 317 577 71 0 0 0 34 237 677 75 1 0 0 0 34 218 698 73 1 0 0 0 
0 0 38 474 480 32 0 0 0 39 578 366 41 0 0 0 1 64 744 188 27 0 0 0 
0 63 305 197 425 34 0 0 5 178 404 412 24 1 0 0 3 125 510 368 18 0 0 0 
169 257 371 222 5 0 0 0 233 416 324 51 0 0 0 0 125 367 431 101 0 0 0 0 
541 111 248 123 1 0 0 0 574 163 252 35 0 0 0 0 494 184 270 75 1 0 0 0 
483 151 272 86 0 0 0 0 536 193 243 20 0 0 0 0 440 214 284 54 0 0 0 0 
103 54 176 624 67 0 0 0 126 125 690 83 0 0 0 0 113 115 712 84 0 0 0 0 
14 105 295 557 53 0 0 0 53 227 693 51 0 0 0 0 43 221 694 66 0 0 0 0 
0 9 80 657 278 0 0 0 13 156 763 92 0 0 0 0 18 316 684 6 0 0 0 0 
0 0 50 760 213 1 0 0 0 9 824 191 0 0 0 0 0 6 908 110 0 0 0 0 
0 10 169 841 4 0 0 0 7 126 879 12 0 0 0 0 10 225 760 29 0 0 0 0 
0 0 47 818 159 0 0 0 0 78 831 115 0 0 0 0 2 253 688 81 0 0 0 0 
0 0 17 329 627 51 0 0 0 8 633 316 67 0 0 0 0 13 690 270 51 0 0 0 
33 113 647 227 4 0 0 0 72 471 470 11 0 0 0 0 61 410 535 18 0 0 0 0 
7 109 605 302 1 0 0 0 41 360 605 18 0 0 0 0 37 348 622 17 0 0 0 0 
15 121 576 279 1 0 0 0 65 317 593 17 0 0 0 0 59 328 590 15 0 0 0 0 
0 0 0 967 57 0 0 0 0 0 941 83 0 0 0 0 0 0 1000 24 0 0 0 0 
0 0 0 883 141 0 0 0 0 0 767 257 0 0 0 0 0 0 961 63 0 0 0 0 
0 0 0 779 245 0 0 0 0 0 576 448 0 0 0 0 0 0 847 177 0 0 0 0 
0 2 32 747 243 0 0 0 0 13 573 438 0 0 0 0 0 13 681 330 0 0 0 0 
0 3 101 632 288 0 0 0 3 67 608 346 0 0 0 0 3 85 816 120 0 0 0 0 
0 8 49 540 427 0 0 0 13 68 623 320 0 0 0 0 26 158 708 132 0 0 0 0 
0 0 6 384 634 0 0 0 0 19 772 233 0 0 0 0 0 55 958 11 0 0 0 0 
0 15 382 538 88 1 0 0 5 209 688 122 0 0 0 0 7 184 768 65 0 0 0 0 
4 30 604 386 0 0 0 0 18 269 728 9 0 0 0 0 19 323 680 2 0 0 0 0 
3 46 573 370 0 0 0 0 16 300 656 20 0 0 0 0 22 401 566 3 0 0 0 0 
0 0 0 976 48 0 0 0 0 0 995 29 0 0 0 0 0 2 1022 0 0 0 0 0 
0 0 0 946 78 0 0 0 0 0 977 47 0 0 0 0 0 0 1024 0 0 0 0 0 
0 0 1 934 89 0 0 0 0 0 919 105 0 0 0 0 0 1 968 55 0 0 0 0 
0 0 1 855 168 0 0 0 0 1 807 216 0 0 0 0 0 2 951 71 0 0 0 0 
0 2 4 775 243 0 0 0 2 4 817 201 0 0 0 0 3 10 990 21 0 0 0 0 
1 5 12 394 612 0 0 0 6 12 470 536 0 0 0 0 7 18 889 110 0 0 0 0 
0 0 1 182 840 1 0 0 0 3 308 713 0 0 0 0 0 28 790 206 0 0 0 0 
1 12 340 333 338 0 0 0 9 153 634 228 0 0 0 0 13 191 732 88 0 0 0 0 
0 51 542 426 5 0 0 0 8 303 702 11 0 0 0 0 23 355 640 6 0 0 0 0 
0 45 415 527 5 0 0 0 13 235 720 24 0 0 0 0 29 321 635 7 0 0 0 0 
0 0 0 939 53 0 0 0 0 0 925 67 0 0 0 0 0 0 990 2 0 0 0 0 
0 0 0 969 23 0 0 0 0 0 969 23 0 0 0 0 0 0 992 0 0 0 0 0 
0 0 0 981 11 0 0 0 0 0 983 9 0 0 0 0 0 0 992 0 0 0 0 0 
0 0 1 967 24 0 0 0 0 1 970 21 0 0 0 0 0 2 990 0 0 0 0 0 
0 0 1 845 146 0 0 0 0 1 804 187 0 0 0 0 0 6 901 85 0 0 0 0 
0 0 0 585 407 0 0 0 0 0 680 312 0 0 0 0 0 0 899 93 0 0 0 0 
0 0 0 484 508 0 0 0 0 5 623 364 0 0 0 0 0 20 909 63 0 0 0 0 
1 12 192 478 309 0 0 0 10 152 703 127 0 0 0 0 14 215 747 16 0 0 0 0 
5 96 371 431 89 0 0 0 32 283 621 56 0 0 0 0 60 322 591 19 0 0 0 0 
16 112 377 435 21 0 0 0 63 314 540 44 0 0 0 0 97 353 491 20 0 0 0 0 
