0 314 688 1 2 6 11 2 0 3 1004 10 7 0 0 0 2 4 6 8 1004 0 0 0 
0 314 610 14 14 25 31 16 0 7 962 29 23 3 0 0 9 32 27 23 923 10 0 0 
0 188 536 13 7 25 124 131 0 0 751 92 166 15 0 0 7 51 151 71 737 7 0 0 
0 53 525 11 13 35 211 176 0 0 627 157 224 16 0 0 14 95 224 96 595 0 0 0 
0 0 529 10 7 50 211 217 0 2 585 148 237 52 0 0 14 117 195 148 544 6 0 0 
0 1 227 14 22 90 297 373 0 13 343 211 361 96 0 0 50 206 281 228 256 3 0 0 
0 0 0 1 15 262 593 153 0 9 402 427 126 60 0 0 297 472 141 106 8 0 0 0 
0 0 0 0 4 157 832 31 2 32 630 352 8 0 0 0 651 356 15 2 0 0 0 0 
0 0 0 0 0 228 788 8 0 37 854 133 0 0 0 0 834 190 0 0 0 0 0 0 
0 0 0 0 0 247 744 1 0 32 853 107 0 0 0 0 835 157 0 0 0 0 0 0 
5 16 306 34 17 96 349 201 32 53 522 206 187 24 0 0 175 240 218 79 295 17 0 0 
0 1 8 3 34 219 508 251 2 59 304 419 210 30 0 0 219 404 302 87 11 1 0 0 
0 0 0 0 0 21 435 568 0 4 84 382 457 96 1 0 37 295 424 242 26 0 0 0 
0 0 0 0 0 55 502 467 0 0 176 471 304 73 0 0 133 470 254 153 14 0 0 0 
1 1 4 6 18 102 599 293 4 28 204 534 239 15 0 0 177 525 274 46 2 0 0 0 
0 1 1 10 67 149 578 218 2 72 303 516 124 7 0 0 348 508 143 24 1 0 0 0 
0 0 0 0 0 104 879 41 0 8 662 354 0 0 0 0 660 364 0 0 0 0 0 0 
0 0 0 0 5 62 848 109 1 26 557 408 32 0 0 0 610 382 32 0 0 0 0 0 
0 0 0 0 0 2 901 121 0 0 349 634 40 1 0 0 334 648 42 0 0 0 0 0 
0 0 0 0 0 12 829 151 0 2 384 565 40 1 0 0 393 557 42 0 0 0 0 0 
0 0 4 7 38 228 625 122 10 117 454 405 38 0 0 0 387 553 83 1 0 0 0 0 
0 0 0 0 1 98 550 375 0 35 229 537 195 27 1 0 184 526 267 40 7 0 0 0 
0 0 0 0 0 58 881 85 0 20 401 593 10 0 0 0 259 731 34 0 0 0 0 0 
0 0 0 2 6 180 757 79 2 43 647 301 31 0 0 0 542 432 50 0 0 0 0 0 
0 0 0 8 13 72 600 331 7 53 231 631 101 1 0 0 294 615 114 1 0 0 0 0 
0 0 0 1 15 137 567 304 5 82 347 518 72 0 0 0 452 513 59 0 0 0 0 0 
0 0 0 2 7 19 534 462 1 18 152 678 169 6 0 0 213 632 167 12 0 0 0 0 
0 0 0 0 0 1 524 499 0 0 63 782 177 2 0 0 96 777 149 2 0 0 0 0 
0 0 0 0 0 0 308 716 0 0 31 546 412 35 0 0 30 549 400 42 3 0 0 0 
0 0 0 0 0 0 229 763 0 0 22 505 427 38 0 0 47 503 394 45 3 0 0 0 
31 16 8 14 26 64 719 146 53 53 403 503 12 0 0 0 338 596 90 0 0 0 0 0 
0 0 2 8 3 23 673 315 2 13 196 751 62 0 0 0 162 695 167 0 0 0 0 0 
145 116 18 20 66 77 473 109 272 67 350 277 57 1 0 0 618 329 14 3 3 8 49 0 
100 139 31 27 332 124 201 70 253 129 173 154 313 2 0 0 394 280 41 13 4 18 274 0 
1 32 29 35 169 199 296 263 57 114 144 361 307 41 0 0 212 405 155 17 7 6 222 0 
0 0 1 9 35 126 364 489 26 100 163 461 230 44 0 0 242 470 260 36 3 2 11 0 
0 0 0 0 9 33 196 786 2 24 94 242 450 203 9 0 116 250 426 221 11 0 0 0 
0 0 0 0 0 0 32 992 0 0 1 249 589 177 8 0 1 284 551 175 13 0 0 0 
0 0 0 0 0 0 13 1011 0 0 1 132 792 99 0 0 5 193 743 83 0 0 0 0 
0 0 0 0 0 0 12 980 0 0 0 178 693 121 0 0 15 249 619 109 0 0 0 0 
113 168 71 38 37 80 266 251 326 106 175 248 164 5 0 0 471 356 183 14 0 0 0 0 
244 147 24 26 25 260 238 60 390 70 88 210 17 249 0 0 497 222 31 5 6 11 251 1 
41 42 3 2 49 857 30 0 77 6 4 5 142 790 0 0 75 7 2 4 4 4 928 0 
0 0 0 0 41 863 120 0 0 0 0 0 93 931 0 0 0 0 0 0 0 0 1024 0 
0 0 0 0 0 820 204 0 0 0 0 0 0 1024 0 0 0 0 0 0 0 0 1024 0 
0 0 6 7 8 536 374 93 6 10 12 98 48 790 60 0 9 89 54 15 7 6 842 2 
0 0 1 3 3 30 279 708 3 7 16 128 369 408 93 0 10 117 341 302 23 14 207 10 
0 0 0 0 0 0 0 1024 0 0 0 5 445 515 59 0 0 4 452 495 72 1 0 0 
0 0 0 0 0 0 1 1023 0 0 0 90 736 194 4 0 1 158 677 177 11 0 0 0 
0 0 0 0 0 0 3 989 0 0 0 129 690 168 5 0 5 217 614 144 12 0 0 0 
238 106 55 64 81 115 279 86 375 206 280 133 28 2 0 0 606 362 51 5 0 0 0 0 
615 29 7 9 7 11 314 32 641 7 13 6 9 178 170 0 636 13 7 8 7 12 341 0 
0 0 0 0 0 7 821 196 0 0 0 0 0 352 672 0 0 0 0 0 0 0 1024 0 
0 0 0 0 0 0 702 322 0 0 0 0 0 174 850 0 0 0 0 0 0 0 1024 0 
0 2 22 29 52 44 559 316 7 81 64 76 105 83 607 1 24 147 117 43 14 15 651 13 
0 0 0 0 0 1 554 469 0 0 0 12 71 47 894 0 0 4 31 73 6 20 883 7 
0 0 0 0 1 2 382 639 0 0 1 16 64 45 898 0 0 10 46 48 12 12 875 21 
0 0 0 0 0 4 20 1000 0 2 1 59 500 377 85 0 1 58 484 372 29 4 68 8 
0 0 0 0 0 0 10 1014 0 0 2 52 815 155 0 0 1 63 848 112 0 0 0 0 
0 0 0 0 0 0 10 982 0 0 2 34 869 87 0 0 1 66 867 58 0 0 0 0 
22 32 42 66 98 242 388 134 109 272 349 204 76 14 0 0 485 406 109 22 2 0 0 0 
439 214 76 57 82 84 53 19 684 227 68 17 3 5 20 0 853 137 4 4 1 2 23 0 
213 207 26 21 33 82 167 275 406 63 72 92 102 30 259 0 425 117 54 45 94 11 278 0 
27 91 32 46 74 174 287 293 119 128 221 226 102 31 197 0 194 385 91 47 74 32 201 0 
13 6 18 52 110 204 401 220 32 146 385 317 90 13 41 0 190 544 174 51 14 10 41 0 
41 37 30 37 89 140 267 383 86 159 184 280 250 44 21 0 187 401 284 91 24 18 19 0 
13 45 50 63 80 139 281 353 68 152 183 289 241 44 45 2 148 367 317 87 29 28 46 2 
0 0 0 1 5 24 143 851 0 6 30 266 524 124 74 0 15 234 502 136 60 21 55 1 
0 0 0 0 8 23 195 798 1 15 62 294 502 148 2 0 45 283 522 164 10 0 0 0 
0 0 0 0 9 26 153 804 1 20 56 244 519 148 4 0 47 242 504 191 8 0 0 0 
2 2 11 16 73 418 456 46 20 236 561 190 17 0 0 0 638 362 24 0 0 0 0 0 
65 24 22 50 163 293 380 27 108 280 419 209 8 0 0 0 498 512 14 0 0 0 0 0 
6 88 60 80 117 320 340 13 117 263 454 189 1 0 0 0 415 598 11 0 0 0 0 0 
69 215 84 111 133 208 181 23 335 345 251 84 8 1 0 0 602 404 17 1 0 0 0 0 
74 125 82 83 121 262 236 41 259 367 298 95 5 0 0 0 643 362 19 0 0 0 0 0 
105 48 27 34 66 115 379 250 174 139 288 351 71 1 0 0 431 495 95 3 0 0 0 0 
7 23 9 8 4 12 307 654 24 26 123 641 198 11 1 0 153 669 187 14 1 0 0 0 
1 0 10 14 27 73 447 452 16 74 263 527 135 9 0 0 283 579 146 16 0 0 0 0 
0 0 1 3 9 71 523 417 7 61 331 436 181 8 0 0 345 463 203 13 0 0 0 0 
0 0 1 2 6 52 395 536 4 38 164 484 292 10 0 0 170 491 316 15 0 0 0 0 
0 0 3 8 28 371 579 35 6 102 640 263 13 0 0 0 584 409 31 0 0 0 0 0 
95 46 42 45 117 261 386 32 171 250 425 168 10 0 0 0 624 379 21 0 0 0 0 0 
0 1 8 19 57 179 578 182 16 139 336 411 122 0 0 0 324 533 160 7 0 0 0 0 
2 11 11 17 49 139 483 312 30 73 231 414 257 19 0 0 173 487 318 46 0 0 0 0 
67 132 136 118 152 205 190 24 279 295 306 127 17 0 0 0 576 420 27 1 0 0 0 0 
11 48 65 71 126 142 451 110 101 206 371 299 46 1 0 0 389 573 58 4 0 0 0 0 
0 1 10 18 58 116 531 290 31 96 307 514 75 1 0 0 305 630 88 1 0 0 0 0 
0 1 4 8 12 62 742 195 11 60 501 430 22 0 0 0 561 434 29 0 0 0 0 0 
3 5 5 16 20 59 702 214 18 53 442 462 49 0 0 0 509 447 61 7 0 0 0 0 
1 0 3 5 9 41 715 218 6 30 418 484 54 0 0 0 478 440 68 6 0 0 0 0 
19 6 12 20 32 266 591 46 35 105 530 290 32 0 0 0 514 419 58 1 0 0 0 0 
124 62 60 49 89 179 363 66 222 209 329 188 44 0 0 0 575 354 61 2 0 0 0 0 
0 1 7 9 29 94 620 232 13 62 233 519 165 0 0 0 222 547 214 9 0 0 0 0 
5 7 14 14 19 78 533 322 29 38 135 513 269 8 0 0 101 504 361 26 0 0 0 0 
60 72 94 106 114 180 326 40 176 222 308 251 35 0 0 0 444 492 55 1 0 0 0 0 
36 96 98 130 204 173 196 59 182 326 312 129 42 1 0 0 444 489 54 5 0 0 0 0 
0 4 38 78 122 158 465 127 57 240 337 321 37 0 0 0 411 536 44 1 0 0 0 0 
0 0 1 5 15 72 801 98 6 73 574 329 10 0 0 0 645 334 13 0 0 0 0 0 
2 4 3 7 7 44 799 126 10 30 570 353 29 0 0 0 636 319 32 5 0 0 0 0 
1 0 3 3 5 35 782 132 4 21 493 409 34 0 0 0 541 371 45 4 0 0 0 0 
