1 114 157 224 282 207 39 0 67 159 163 344 265 26 0 0 110 206 302 303 101 2 0 0 
13 75 113 305 325 166 27 0 65 88 119 342 348 62 0 0 64 185 373 295 95 11 1 0 
0 11 131 496 303 68 15 0 0 15 119 486 349 50 5 0 6 129 531 304 52 2 0 0 
0 8 283 478 218 34 3 0 0 12 46 210 698 57 1 0 4 37 78 219 258 239 189 0 
0 0 909 115 0 0 0 0 0 0 0 0 971 53 0 0 0 0 0 0 0 0 1024 0 
0 0 919 105 0 0 0 0 0 0 0 0 995 29 0 0 0 0 0 0 0 0 1024 0 
0 0 971 53 0 0 0 0 0 0 0 0 828 196 0 0 0 0 0 0 0 0 1024 0 
0 0 996 28 0 0 0 0 0 0 0 0 932 92 0 0 0 0 0 0 0 0 1024 0 
0 0 1024 0 0 0 0 0 0 0 0 0 799 225 0 0 0 0 0 0 0 0 1024 0 
0 0 979 45 0 0 0 0 0 0 0 0 804 220 0 0 0 0 0 0 0 0 1024 0 
0 0 809 151 0 21 11 0 0 0 0 0 495 465 23 9 0 0 0 0 0 31 929 32 
1 29 203 452 277 61 1 0 1 43 191 494 280 15 0 0 14 200 503 257 46 4 0 0 
0 9 111 475 365 63 1 0 0 8 113 485 373 45 0 0 4 79 530 360 50 1 0 0 
2 120 391 359 144 8 0 0 14 137 365 388 118 2 0 0 46 384 438 151 5 0 0 0 
0 34 126 481 184 77 122 0 6 74 106 193 334 311 0 0 12 86 155 184 200 74 310 3 
0 0 6 787 71 92 68 0 0 0 5 14 184 819 2 0 0 1 4 24 130 145 720 0 
0 0 1 998 21 4 0 0 0 0 0 3 28 993 0 0 0 0 0 6 13 40 965 0 
0 0 3 1021 0 0 0 0 0 0 0 0 7 1017 0 0 0 0 0 0 0 0 1024 0 
0 0 17 1007 0 0 0 0 0 0 0 0 21 1003 0 0 0 0 0 0 0 0 1024 0 
0 0 0 1024 0 0 0 0 0 0 0 0 0 1024 0 0 0 0 0 0 0 0 1024 0 
0 0 10 1014 0 0 0 0 0 0 0 0 7 1017 0 0 0 0 0 0 0 0 1024 0 
0 0 6 933 21 20 12 0 0 0 0 0 0 960 32 0 0 0 0 0 0 15 945 32 
126 299 236 255 99 9 0 0 176 275 252 238 78 5 0 0 225 333 321 129 16 0 0 0 
80 289 352 252 49 2 0 0 81 278 346 261 55 3 0 0 146 408 341 111 18 0 0 0 
54 277 322 260 104 7 0 0 61 310 289 252 105 7 0 0 147 398 328 131 18 2 0 0 
0 6 76 243 361 288 50 0 0 26 136 387 449 25 1 0 16 120 400 374 112 2 0 0 
0 1 18 46 109 703 146 1 4 23 50 214 655 78 0 0 8 27 73 465 449 2 0 0 
0 31 124 164 142 409 151 3 10 150 27 145 361 317 14 0 8 155 41 334 214 142 130 0 
0 0 19 426 219 232 125 3 0 19 21 57 211 710 6 0 2 13 34 109 214 112 540 0 
0 0 0 513 308 86 117 0 0 0 0 7 23 994 0 0 0 0 3 15 112 103 791 0 
0 0 0 499 513 11 1 0 0 0 0 1 4 1018 1 0 0 0 0 0 4 17 1003 0 
0 0 0 384 640 0 0 0 0 0 0 0 0 1024 0 0 0 0 0 0 0 0 1024 0 
0 0 0 296 664 15 17 0 0 0 0 0 0 960 32 0 0 0 0 0 0 0 960 32 
23 133 312 416 128 11 1 0 30 123 326 417 120 7 1 0 70 290 472 166 22 3 1 0 
191 321 268 183 57 4 0 0 220 276 276 192 57 3 0 0 225 396 260 123 19 1 0 0 
424 337 135 95 24 9 0 0 446 316 140 82 32 8 0 0 481 342 126 54 15 6 0 0 
63 217 151 184 182 164 63 0 110 264 179 246 186 39 0 0 161 279 237 216 128 3 0 0 
36 162 147 113 128 355 83 0 146 225 120 154 342 37 0 0 104 280 129 246 252 13 0 0 
12 340 152 42 243 94 138 3 103 377 33 48 114 341 8 0 33 421 55 63 193 75 184 0 
0 3 45 23 705 199 43 6 0 33 20 17 29 828 97 0 0 16 25 22 53 76 832 0 
0 3 187 61 168 490 110 5 1 161 72 128 464 149 49 0 0 114 111 190 440 37 132 0 
0 0 5 19 233 509 253 5 0 7 17 115 521 356 8 0 0 9 20 191 546 114 144 0 
0 0 0 1 551 269 201 2 0 0 0 10 174 812 28 0 0 0 0 26 279 120 599 0 
0 0 0 0 491 140 331 30 0 0 0 0 23 817 152 0 0 0 0 0 185 240 559 8 
8 134 255 225 239 154 9 0 28 212 302 323 144 15 0 0 86 278 325 282 47 6 0 0 
28 230 320 279 133 34 0 0 43 216 320 308 130 7 0 0 80 350 376 194 24 0 0 0 
138 307 200 172 119 79 9 0 221 294 174 172 111 49 3 0 246 335 181 129 93 38 2 0 
68 350 187 130 135 124 30 0 297 294 119 190 108 16 0 0 293 333 172 165 59 2 0 0 
14 29 53 88 172 568 100 0 43 82 104 291 481 23 0 0 41 104 180 467 232 0 0 0 
0 0 0 4 14 712 292 2 0 1 8 46 885 84 0 0 0 3 13 428 567 13 0 0 
0 0 0 10 22 334 602 56 0 3 7 23 470 464 57 0 0 9 14 180 646 150 24 1 
0 8 15 14 33 194 678 82 1 15 12 20 309 574 93 0 0 13 19 108 674 184 26 0 
0 4 47 47 47 247 592 40 2 52 47 62 351 460 50 0 0 32 68 146 620 158 0 0 
0 6 116 119 196 350 236 1 0 103 80 283 379 179 0 0 0 106 146 344 371 57 0 0 
0 0 20 123 171 397 280 1 0 0 20 218 482 264 8 0 0 1 77 335 494 81 4 0 
19 168 321 380 117 18 1 0 24 150 270 413 146 20 1 0 70 317 425 185 22 5 0 0 
21 276 318 178 115 100 16 0 51 230 304 250 163 24 2 0 77 391 337 170 47 2 0 0 
221 319 152 185 113 34 0 0 305 264 170 146 110 29 0 0 293 313 214 180 23 1 0 0 
173 501 74 96 144 36 0 0 457 249 86 127 94 11 0 0 397 349 128 134 16 0 0 0 
0 16 83 207 309 267 142 0 1 55 125 287 400 152 4 0 8 121 237 344 280 24 10 0 
0 26 81 124 243 295 230 25 0 28 91 295 328 225 57 0 12 86 209 305 260 127 25 0 
5 53 170 160 134 271 218 13 4 73 118 264 294 243 28 0 12 109 269 191 315 120 8 0 
0 18 73 212 161 210 341 9 2 29 109 242 307 322 13 0 6 68 210 260 386 94 0 0 
0 2 50 234 279 192 265 2 0 6 67 255 438 228 30 0 1 25 201 352 377 67 1 0 
0 10 119 216 251 178 246 4 0 1 90 278 323 314 18 0 0 19 228 326 399 48 4 0 
0 3 86 308 398 180 17 0 0 4 61 293 441 184 9 0 0 6 178 459 282 65 2 0 
40 220 269 309 136 45 5 0 69 201 265 329 127 29 4 0 117 279 344 212 63 9 0 0 
3 69 193 382 292 84 1 0 0 55 162 432 352 23 0 0 21 153 472 323 55 0 0 0 
6 69 101 388 408 52 0 0 1 68 70 305 462 118 0 0 26 100 331 471 95 1 0 0 
274 607 104 29 10 0 0 0 524 401 71 19 9 0 0 0 443 505 59 13 4 0 0 0 
174 330 149 172 134 58 7 0 282 282 164 185 86 25 0 0 277 329 218 125 66 8 1 0 
61 104 84 138 225 284 127 1 121 61 106 192 309 221 14 0 100 92 125 198 328 173 8 0 
13 127 105 128 221 253 151 26 80 104 116 202 259 193 68 2 82 123 128 243 281 134 33 0 
23 116 50 110 155 207 337 26 99 59 84 139 192 255 193 3 72 103 106 149 215 247 131 1 
0 0 0 22 103 196 647 56 0 0 5 48 166 314 471 20 0 0 13 97 255 313 338 8 
0 0 19 161 237 365 236 6 0 4 34 185 334 411 55 1 0 9 86 305 455 147 22 0 
0 0 3 87 145 256 493 8 0 0 5 121 200 470 196 0 0 2 25 212 406 322 25 0 
32 97 87 135 296 263 18 64 43 98 97 190 336 154 10 64 60 107 140 344 223 53 1 64 
17 103 113 215 352 124 4 64 21 107 140 245 353 61 1 64 31 129 237 372 153 6 0 64 
1 95 181 350 252 48 1 64 8 129 266 339 171 15 0 64 18 203 400 264 42 1 0 64 
240 556 59 26 35 12 0 64 419 406 40 39 24 0 0 64 270 552 52 37 17 0 0 64 
306 284 92 97 85 42 21 65 335 293 93 109 59 31 8 64 191 413 180 78 48 17 1 64 
69 198 94 125 161 214 67 64 115 185 117 156 201 137 17 64 84 219 129 169 207 110 10 64 
179 231 68 74 97 141 137 65 330 108 78 96 133 170 12 65 311 135 94 104 166 109 9 64 
87 110 39 44 56 126 437 93 169 60 42 51 84 379 136 71 123 112 58 55 266 274 39 65 
0 0 0 0 0 66 508 418 0 0 0 0 3 102 587 300 0 0 0 0 8 245 613 126 
0 0 0 7 92 470 326 97 0 0 0 5 62 555 284 86 0 0 3 23 362 364 176 64 
0 0 0 14 197 465 219 66 0 0 0 13 144 540 202 62 0 0 0 47 417 390 45 62 
