63 0 0 3 18 94 174 672 63 3 45 99 224 323 261 6 68 40 105 250 260 242 59 0 
32 0 7 37 33 42 93 780 41 40 33 40 131 387 339 13 75 37 32 124 321 384 51 0 
32 3 139 70 77 108 155 440 94 157 77 107 171 220 188 10 230 84 100 164 199 214 33 0 
32 113 322 182 72 43 83 177 334 283 95 57 72 101 71 11 512 144 91 65 102 84 26 0 
33 360 452 168 11 0 0 0 645 283 95 1 0 0 0 0 770 170 80 4 0 0 0 0 
33 595 396 0 0 0 0 0 1001 23 0 0 0 0 0 0 1024 0 0 0 0 0 0 0 
38 495 430 6 8 13 26 8 944 17 7 8 3 3 40 2 949 9 5 5 8 2 3 43 
32 183 789 20 0 0 0 0 887 136 1 0 0 0 0 0 1022 1 1 0 0 0 0 0 
32 0 99 616 270 7 0 0 141 878 5 0 0 0 0 0 989 35 0 0 0 0 0 0 
32 0 18 288 462 82 81 61 72 674 103 80 67 27 1 0 647 201 89 61 26 0 0 0 
31 0 6 383 353 90 80 49 45 556 200 105 58 27 1 0 292 472 137 67 24 0 0 0 
32 0 13 26 23 44 186 700 35 32 28 65 183 526 154 1 48 46 70 195 489 175 1 0 
0 5 439 263 19 28 65 205 87 600 39 27 76 153 42 0 323 389 44 78 152 38 0 0 
0 93 841 88 2 0 0 0 414 602 7 1 0 0 0 0 766 256 2 0 0 0 0 0 
0 386 633 5 0 0 0 0 679 345 0 0 0 0 0 0 913 111 0 0 0 0 0 0 
4 276 510 10 12 191 20 1 486 305 7 7 8 189 22 0 701 85 7 6 3 6 10 206 
3 80 23 5 9 710 192 2 92 13 3 9 5 661 241 0 89 11 6 4 5 6 8 895 
0 0 0 0 0 903 121 0 0 0 0 0 0 729 295 0 0 0 0 0 0 0 0 1024 
2 37 223 11 13 513 222 3 211 56 4 9 18 468 257 1 250 9 10 2 10 8 11 724 
0 7 424 569 24 0 0 0 363 661 0 0 0 0 0 0 1023 1 0 0 0 0 0 0 
15 130 239 285 268 13 20 54 302 498 146 16 35 27 0 0 668 253 37 43 22 1 0 0 
5 117 336 345 155 22 12 0 347 530 81 22 12 0 0 0 735 209 34 12 2 0 0 0 
34 126 418 57 38 62 52 237 286 350 40 65 74 194 15 0 519 157 63 125 154 6 0 0 
0 203 573 195 43 6 2 2 261 641 112 5 3 2 0 0 468 503 48 3 2 0 0 0 
2 174 768 52 6 8 9 5 260 729 10 11 8 4 2 0 612 378 9 12 9 3 1 0 
4 94 223 112 120 212 167 92 114 214 138 160 177 172 49 0 198 106 158 193 165 77 32 95 
0 19 75 111 100 525 159 35 7 81 128 167 176 432 33 0 5 46 142 224 154 36 19 398 
1 25 80 179 139 506 70 24 6 88 199 173 106 410 42 0 0 47 177 221 117 37 13 412 
2 82 120 181 81 512 43 3 13 136 213 115 44 459 44 0 0 65 178 203 63 10 12 493 
3 101 168 157 53 434 102 6 14 181 227 63 26 373 140 0 5 91 229 147 40 7 7 498 
0 4 302 677 17 12 8 4 195 782 14 9 11 6 7 0 941 32 15 15 7 3 2 9 
0 0 12 312 612 40 26 22 9 810 122 41 30 12 0 0 532 361 66 46 17 2 0 0 
8 43 112 262 178 119 129 141 117 357 144 125 149 94 6 0 292 245 149 159 122 25 0 0 
32 160 607 225 0 0 0 0 202 784 38 0 0 0 0 0 311 680 33 0 0 0 0 0 
1 178 749 21 2 8 12 53 163 779 10 8 25 31 8 0 253 693 9 27 36 6 0 0 
3 74 217 80 84 88 84 394 78 259 124 82 151 221 105 4 118 281 115 156 231 108 15 0 
1 46 198 186 137 126 115 215 28 262 231 172 148 148 35 0 53 293 243 205 164 48 18 0 
4 41 137 198 171 135 139 199 23 234 236 201 167 134 29 0 27 227 283 246 183 50 8 0 
1 76 287 237 134 111 89 89 18 266 371 172 106 64 20 7 13 215 379 230 122 49 12 4 
31 139 293 315 124 60 30 32 48 393 366 131 43 31 12 0 16 244 437 235 58 27 7 0 
0 49 326 308 128 103 80 30 19 312 399 174 96 22 2 0 4 149 495 272 95 6 3 0 
0 31 395 556 26 11 4 1 332 603 58 23 7 1 0 0 827 71 81 28 16 1 0 0 
0 4 199 650 166 4 1 0 256 751 12 3 2 0 0 0 835 177 8 4 0 0 0 0 
12 6 135 334 194 144 116 51 130 399 195 159 91 18 0 0 243 349 219 137 43 1 0 0 
42 284 493 68 57 30 33 17 249 555 72 73 35 33 6 1 227 624 73 45 31 22 2 0 
0 44 97 35 69 86 218 475 38 109 50 108 242 321 154 2 44 127 91 223 252 252 34 1 
7 7 19 49 128 112 181 521 15 47 139 157 314 312 40 0 33 109 192 362 273 51 4 0 
11 30 92 188 167 79 141 316 59 276 185 99 208 180 16 1 108 329 167 251 156 11 2 0 
0 0 37 219 248 86 67 367 41 382 137 67 106 239 52 0 158 337 113 147 235 34 0 0 
0 1 57 217 177 103 140 329 4 227 243 134 207 182 27 0 15 246 300 248 186 29 0 0 
0 30 139 291 148 112 129 175 65 359 179 142 148 110 20 1 77 357 217 201 134 35 3 0 
22 92 257 242 126 85 104 96 135 337 223 144 109 74 2 0 133 312 269 181 112 17 0 0 
0 52 522 349 51 30 16 4 284 583 91 39 23 4 0 0 719 130 103 44 23 5 0 0 
0 17 303 677 27 0 0 0 243 778 3 0 0 0 0 0 859 165 0 0 0 0 0 0 
0 46 548 284 51 48 12 3 172 696 70 43 11 0 0 0 392 505 73 19 3 0 0 0 
35 31 312 126 68 88 199 165 46 279 214 152 188 110 31 4 74 365 184 211 130 51 9 0 
1 94 335 152 120 101 89 132 39 415 174 109 103 111 70 3 50 421 208 115 88 119 23 0 
0 41 636 71 46 32 108 90 26 651 62 59 92 100 34 0 20 624 122 59 133 59 7 0 
0 33 627 116 68 64 57 59 36 700 110 76 69 25 5 3 53 650 196 85 26 12 2 0 
0 11 642 116 53 45 42 115 34 741 66 53 53 64 13 0 54 729 106 66 60 9 0 0 
5 28 610 269 108 4 0 0 36 723 245 20 0 0 0 0 41 699 249 29 6 0 0 0 
0 34 759 210 9 4 1 7 103 900 10 3 5 3 0 0 160 841 15 5 3 0 0 0 
10 170 792 18 1 0 7 26 278 712 1 3 28 2 0 0 328 662 6 23 5 0 0 0 
0 237 748 39 0 0 0 0 592 432 0 0 0 0 0 0 779 245 0 0 0 0 0 0 
0 82 813 127 2 0 0 0 451 573 0 0 0 0 0 0 768 256 0 0 0 0 0 0 
0 81 801 110 0 0 0 0 223 762 7 0 0 0 0 0 418 570 4 0 0 0 0 0 
32 0 2 20 37 89 352 492 35 24 53 145 430 320 17 0 45 44 125 436 347 26 1 0 
0 0 1 20 53 134 342 474 3 22 76 160 427 299 37 0 9 48 157 383 367 60 0 0 
0 3 46 58 136 151 197 433 17 82 169 169 204 265 117 1 34 139 179 236 288 140 8 0 
0 0 10 19 90 149 243 513 1 30 107 171 259 373 81 2 7 59 153 265 394 144 2 0 
0 3 36 264 195 88 185 253 5 161 311 124 207 170 45 1 13 161 319 234 200 95 2 0 
0 3 67 294 381 115 101 63 6 166 486 209 107 40 10 0 10 174 475 251 84 29 1 0 
0 0 46 429 414 88 37 10 2 277 572 126 35 11 1 0 1 256 591 141 30 4 1 0 
0 0 47 428 485 46 9 9 2 268 637 100 8 8 1 0 2 260 620 127 8 7 0 0 
0 0 41 363 615 5 0 0 3 259 726 35 1 0 0 0 4 239 736 43 2 0 0 0 
0 0 26 469 529 0 0 0 0 330 693 1 0 0 0 0 0 345 678 1 0 0 0 0 
0 0 63 813 116 0 0 0 2 634 356 0 0 0 0 0 7 689 296 0 0 0 0 0 
31 0 1 20 30 79 342 489 33 23 41 141 454 295 5 0 41 39 116 438 346 12 0 0 
0 0 0 18 43 130 375 426 2 22 59 178 459 248 24 0 5 44 158 414 326 45 0 0 
0 2 15 41 126 160 205 443 16 42 159 170 231 267 106 1 33 107 182 222 306 135 7 0 
0 0 0 13 99 139 223 518 0 24 115 163 232 371 87 0 8 55 157 241 383 146 2 0 
0 2 10 82 189 131 239 339 4 51 220 169 253 227 67 1 14 75 229 275 257 138 4 0 
0 0 2 134 392 173 156 135 0 39 410 268 166 82 26 1 2 62 403 328 132 60 5 0 
0 0 7 231 470 147 93 44 2 83 587 182 88 42 8 0 3 84 592 205 78 29 1 0 
0 2 14 271 545 94 33 33 9 125 639 152 33 26 8 0 12 119 621 181 33 24 2 0 
0 0 15 215 705 36 13 8 3 98 793 74 13 7 4 0 5 107 770 86 15 7 2 0 
0 2 10 302 674 4 0 0 3 111 867 11 0 0 0 0 3 119 855 15 0 0 0 0 
0 0 17 735 209 0 0 0 2 441 518 0 0 0 0 0 4 497 458 2 0 0 0 0 
