170 854 0 0 0 0 0 0 0 0 0 1024 0 0 0 0 0 0 0 0 0 0 9 1015 
542 482 0 0 0 0 0 0 0 0 0 1024 0 0 0 0 0 0 0 0 0 0 211 813 
626 398 0 0 0 0 0 0 0 0 0 1024 0 0 0 0 0 0 0 0 0 0 630 394 
886 138 0 0 0 0 0 0 0 0 0 1024 0 0 0 0 0 0 0 0 0 0 992 32 
921 103 0 0 0 0 0 0 0 0 0 1024 0 0 0 0 0 0 0 0 0 0 1024 0 
964 60 0 0 0 0 0 0 0 0 0 1024 0 0 0 0 0 0 0 0 0 0 1024 0 
1021 3 0 0 0 0 0 0 0 0 4 1020 0 0 0 0 0 0 0 0 0 0 1024 0 
1019 5 0 0 0 0 0 0 0 0 247 777 0 0 0 0 0 0 0 0 0 0 1024 0 
1022 2 0 0 0 0 0 0 0 0 901 123 0 0 0 0 0 0 0 0 0 0 1024 0 
1024 0 0 0 0 0 0 0 0 0 1024 0 0 0 0 0 0 0 0 0 0 0 1024 0 
1023 1 0 0 0 0 0 0 0 0 1024 0 0 0 0 0 0 0 0 0 0 244 780 0 
1024 0 0 0 0 0 0 0 0 0 1024 0 0 0 0 0 0 0 0 0 0 988 36 0 
1024 0 0 0 0 0 0 0 0 0 1024 0 0 0 0 0 0 0 0 0 0 1024 0 0 
1024 0 0 0 0 0 0 0 0 0 1024 0 0 0 0 0 0 0 0 0 0 1024 0 0 
1024 0 0 0 0 0 0 0 0 0 1024 0 0 0 0 0 0 0 0 0 0 1024 0 0 
1024 0 0 0 0 0 0 0 0 0 1024 0 0 0 0 0 0 0 0 0 302 722 0 0 
1024 0 0 0 0 0 0 0 0 95 929 0 0 0 0 0 0 0 0 0 1023 1 0 0 
1024 0 0 0 0 0 0 0 0 775 249 0 0 0 0 0 0 0 0 0 1024 0 0 0 
1024 0 0 0 0 0 0 0 0 1019 5 0 0 0 0 0 0 0 0 0 1024 0 0 0 
1024 0 0 0 0 0 0 0 0 1024 0 0 0 0 0 0 0 0 0 0 1024 0 0 0 
1024 0 0 0 0 0 0 0 0 1024 0 0 0 0 0 0 0 0 0 0 1024 0 0 0 
1024 0 0 0 0 0 0 0 0 1024 0 0 0 0 0 0 0 0 0 6 1018 0 0 0 
1024 0 0 0 0 0 0 0 0 1024 0 0 0 0 0 0 0 0 0 428 596 0 0 0 
1024 0 0 0 0 0 0 0 0 1024 0 0 0 0 0 0 0 0 0 889 135 0 0 0 
1024 0 0 0 0 0 0 0 0 1024 0 0 0 0 0 0 0 0 0 1024 0 0 0 0 
1024 0 0 0 0 0 0 0 0 1024 0 0 0 0 0 0 0 0 0 1024 0 0 0 0 
1024 0 0 0 0 0 0 0 0 1024 0 0 0 0 0 0 0 0 0 1024 0 0 0 0 
1024 0 0 0 0 0 0 0 0 1024 0 0 0 0 0 0 0 0 0 1024 0 0 0 0 
1024 0 0 0 0 0 0 0 0 1024 0 0 0 0 0 0 0 0 0 1024 0 0 0 0 
1024 0 0 0 0 0 0 0 0 1024 0 0 0 0 0 0 0 0 0 1024 0 0 0 0 
1024 0 0 0 0 0 0 0 0 1024 0 0 0 0 0 0 0 0 0 1024 0 0 0 0 
992 0 0 0 0 0 0 0 0 992 0 0 0 0 0 0 0 0 0 992 0 0 0 0 
30 994 0 0 0 0 0 0 0 0 0 1024 0 0 0 0 0 0 0 0 0 0 0 1024 
232 792 0 0 0 0 0 0 0 0 0 1024 0 0 0 0 0 0 0 0 0 0 0 1024 
734 290 0 0 0 0 0 0 0 0 0 1024 0 0 0 0 0 0 0 0 0 0 35 989 
887 137 0 0 0 0 0 0 0 0 0 1024 0 0 0 0 0 0 0 0 0 0 408 616 
939 85 0 0 0 0 0 0 0 0 0 1024 0 0 0 0 0 0 0 0 0 0 988 36 
977 47 0 0 0 0 0 0 0 0 0 1024 0 0 0 0 0 0 0 0 0 0 1024 0 
1006 18 0 0 0 0 0 0 0 0 0 1024 0 0 0 0 0 0 0 0 0 0 1024 0 
1017 7 0 0 0 0 0 0 0 0 7 1017 0 0 0 0 0 0 0 0 0 0 1024 0 
1022 2 0 0 0 0 0 0 0 0 312 712 0 0 0 0 0 0 0 0 0 0 1024 0 
1023 1 0 0 0 0 0 0 0 0 926 98 0 0 0 0 0 0 0 0 0 0 1024 0 
1002 16 3 1 2 0 0 0 0 0 1007 16 1 0 0 0 0 0 1 2 1 69 948 3 
397 107 89 327 62 23 9 10 390 126 445 35 19 8 1 0 515 16 10 11 12 390 70 0 
230 291 176 146 42 31 32 76 532 87 263 50 40 26 16 10 607 68 36 36 32 205 37 3 
411 358 164 33 15 11 12 20 460 82 424 29 11 13 4 1 522 40 16 19 18 386 22 1 
786 153 53 9 5 6 3 9 148 19 821 24 6 2 2 2 158 16 12 13 5 788 30 2 
1024 0 0 0 0 0 0 0 0 0 1024 0 0 0 0 0 0 0 0 0 58 966 0 0 
1024 0 0 0 0 0 0 0 0 0 1024 0 0 0 0 0 0 0 0 0 880 144 0 0 
1024 0 0 0 0 0 0 0 0 313 711 0 0 0 0 0 0 0 0 0 1024 0 0 0 
1024 0 0 0 0 0 0 0 0 946 78 0 0 0 0 0 0 0 0 0 1024 0 0 0 
1024 0 0 0 0 0 0 0 0 1024 0 0 0 0 0 0 0 0 0 0 1024 0 0 0 
1024 0 0 0 0 0 0 0 0 1024 0 0 0 0 0 0 0 0 0 0 1024 0 0 0 
1024 0 0 0 0 0 0 0 0 1024 0 0 0 0 0 0 0 0 0 0 1024 0 0 0 
1024 0 0 0 0 0 0 0 0 1024 0 0 0 0 0 0 0 0 0 151 873 0 0 0 
1024 0 0 0 0 0 0 0 0 1024 0 0 0 0 0 0 0 0 0 711 313 0 0 0 
1024 0 0 0 0 0 0 0 0 1024 0 0 0 0 0 0 0 0 0 1004 20 0 0 0 
1024 0 0 0 0 0 0 0 0 1024 0 0 0 0 0 0 0 0 0 1024 0 0 0 0 
1024 0 0 0 0 0 0 0 0 1024 0 0 0 0 0 0 0 0 0 1024 0 0 0 0 
1024 0 0 0 0 0 0 0 0 1024 0 0 0 0 0 0 0 0 0 1024 0 0 0 0 
1024 0 0 0 0 0 0 0 0 1024 0 0 0 0 0 0 0 0 0 1024 0 0 0 0 
1024 0 0 0 0 0 0 0 0 1024 0 0 0 0 0 0 0 0 0 1024 0 0 0 0 
1024 0 0 0 0 0 0 0 0 1024 0 0 0 0 0 0 0 0 0 1024 0 0 0 0 
992 0 0 0 0 0 0 0 0 992 0 0 0 0 0 0 0 0 0 992 0 0 0 0 
83 941 0 0 0 0 0 0 0 0 0 1013 11 0 0 0 0 0 0 0 0 0 0 1024 
158 866 0 0 0 0 0 0 0 0 0 1024 0 0 0 0 0 0 0 0 0 0 0 1024 
573 451 0 0 0 0 0 0 0 0 0 1024 0 0 0 0 0 0 0 0 0 0 0 1024 
927 97 0 0 0 0 0 0 0 0 0 1024 0 0 0 0 0 0 0 0 0 0 0 1024 
959 65 0 0 0 0 0 0 0 0 0 1024 0 0 0 0 0 0 0 0 0 0 388 636 
1018 6 0 0 0 0 0 0 0 0 0 1024 0 0 0 0 0 0 0 0 0 0 974 50 
1016 8 0 0 0 0 0 0 0 0 0 1024 0 0 0 0 0 0 0 0 0 0 1024 0 
1024 0 0 0 0 0 0 0 0 0 0 1024 0 0 0 0 0 0 0 0 0 0 1024 0 
1024 0 0 0 0 0 0 0 0 0 26 998 0 0 0 0 0 0 0 0 0 0 1024 0 
1024 0 0 0 0 0 0 0 0 0 521 503 0 0 0 0 0 0 0 0 0 0 1024 0 
754 66 15 27 34 49 34 45 19 35 791 128 20 12 10 9 72 46 33 16 15 83 758 1 
61 184 122 111 108 125 143 170 368 132 158 145 97 54 45 25 516 194 118 87 52 31 22 4 
55 209 98 71 112 147 134 198 293 141 126 140 109 104 73 38 443 153 146 128 87 48 16 3 
14 303 546 131 14 10 4 2 332 642 23 11 11 3 1 1 850 145 12 11 4 1 1 0 
30 339 477 167 11 0 0 0 532 469 17 6 0 0 0 0 947 53 4 1 0 10 8 1 
697 162 157 7 1 0 0 0 238 39 732 15 0 0 0 0 265 5 5 8 12 699 30 0 
1024 0 0 0 0 0 0 0 0 0 1024 0 0 0 0 0 0 0 0 0 460 564 0 0 
1024 0 0 0 0 0 0 0 0 36 988 0 0 0 0 0 0 0 0 0 1024 0 0 0 
1024 0 0 0 0 0 0 0 0 684 340 0 0 0 0 0 0 0 0 0 1024 0 0 0 
1024 0 0 0 0 0 0 0 0 1015 9 0 0 0 0 0 0 0 0 0 1024 0 0 0 
1024 0 0 0 0 0 0 0 0 1023 1 0 0 0 0 0 0 0 0 0 1024 0 0 0 
1024 0 0 0 0 0 0 0 0 1024 0 0 0 0 0 0 0 0 0 0 1024 0 0 0 
1024 0 0 0 0 0 0 0 0 1024 0 0 0 0 0 0 0 0 0 8 1016 0 0 0 
1024 0 0 0 0 0 0 0 0 1024 0 0 0 0 0 0 0 0 0 387 637 0 0 0 
1024 0 0 0 0 0 0 0 0 1024 0 0 0 0 0 0 0 0 0 868 156 0 0 0 
1024 0 0 0 0 0 0 0 0 1024 0 0 0 0 0 0 0 0 0 1017 7 0 0 0 
1024 0 0 0 0 0 0 0 0 1024 0 0 0 0 0 0 0 0 0 1024 0 0 0 0 
1024 0 0 0 0 0 0 0 0 1024 0 0 0 0 0 0 0 0 0 1024 0 0 0 0 
1024 0 0 0 0 0 0 0 0 1024 0 0 0 0 0 0 0 0 0 1024 0 0 0 0 
1024 0 0 0 0 0 0 0 0 1024 0 0 0 0 0 0 0 0 0 1024 0 0 0 0 
1024 0 0 0 0 0 0 0 0 1024 0 0 0 0 0 0 0 0 0 1024 0 0 0 0 
992 0 0 0 0 0 0 0 0 992 0 0 0 0 0 0 0 0 0 992 0 0 0 0 
24 1000 0 0 0 0 0 0 0 0 0 842 182 0 0 0 0 0 0 0 0 0 0 1024 
151 873 0 0 0 0 0 0 0 0 0 998 26 0 0 0 0 0 0 0 0 0 0 1024 
427 597 0 0 0 0 0 0 0 0 0 1024 0 0 0 0 0 0 0 0 0 0 0 1024 
792 232 0 0 0 0 0 0 0 0 0 1024 0 0 0 0 0 0 0 0 0 0 0 1024 
968 56 0 0 0 0 0 0 0 0 0 1024 0 0 0 0 0 0 0 0 0 0 6 1018 
967 57 0 0 0 0 0 0 0 0 0 1024 0 0 0 0 0 0 0 0 0 0 343 681 
1014 10 0 0 0 0 0 0 0 0 0 1024 0 0 0 0 0 0 0 0 0 0 965 59 
1016 8 0 0 0 0 0 0 0 0 0 1024 0 0 0 0 0 0 0 0 0 0 1024 0 
1023 1 0 0 0 0 0 0 0 0 0 1024 0 0 0 0 0 0 0 0 0 0 1024 0 
998 14 2 1 2 3 1 3 0 1 127 891 2 0 1 2 2 2 0 1 0 5 1013 1 
171 48 46 75 95 189 189 211 114 103 286 212 99 102 60 48 278 188 116 79 104 56 193 10 
53 202 196 77 93 128 135 140 380 122 104 136 116 64 55 47 490 119 151 105 70 41 34 14 
46 459 350 104 26 20 5 14 418 505 46 25 15 5 7 3 793 164 32 20 6 7 2 0 
2 86 487 394 54 1 0 0 242 780 2 0 0 0 0 0 961 63 0 0 0 0 0 0 
3 29 287 590 115 0 0 0 462 562 0 0 0 0 0 0 1022 2 0 0 0 0 0 0 
142 349 416 117 0 0 0 0 640 213 157 14 0 0 0 0 835 13 6 3 6 136 18 7 
980 36 8 0 0 0 0 0 15 7 995 7 0 0 0 0 17 2 3 0 20 970 10 2 
1024 0 0 0 0 0 0 0 0 0 1024 0 0 0 0 0 0 0 0 0 898 126 0 0 
1024 0 0 0 0 0 0 0 0 156 868 0 0 0 0 0 0 0 0 0 1024 0 0 0 
1024 0 0 0 0 0 0 0 0 855 169 0 0 0 0 0 0 0 0 0 1024 0 0 0 
1024 0 0 0 0 0 0 0 0 1024 0 0 0 0 0 0 0 0 0 0 1024 0 0 0 
1024 0 0 0 0 0 0 0 0 1024 0 0 0 0 0 0 0 0 0 0 1024 0 0 0 
1024 0 0 0 0 0 0 0 0 1024 0 0 0 0 0 0 0 0 0 0 1024 0 0 0 
1024 0 0 0 0 0 0 0 0 1024 0 0 0 0 0 0 0 0 0 19 1005 0 0 0 
1024 0 0 0 0 0 0 0 0 1024 0 0 0 0 0 0 0 0 0 386 638 0 0 0 
1024 0 0 0 0 0 0 0 0 1024 0 0 0 0 0 0 0 0 0 836 188 0 0 0 
1024 0 0 0 0 0 0 0 0 1024 0 0 0 0 0 0 0 0 0 926 98 0 0 0 
1024 0 0 0 0 0 0 0 0 1024 0 0 0 0 0 0 0 0 0 1006 18 0 0 0 
1024 0 0 0 0 0 0 0 0 1024 0 0 0 0 0 0 0 0 0 1024 0 0 0 0 
1024 0 0 0 0 0 0 0 0 1024 0 0 0 0 0 0 0 0 0 1024 0 0 0 0 
1024 0 0 0 0 0 0 0 0 1024 0 0 0 0 0 0 0 0 0 1024 0 0 0 0 
992 0 0 0 0 0 0 0 0 992 0 0 0 0 0 0 0 0 0 992 0 0 0 0 
5 1019 0 0 0 0 0 0 0 0 0 63 961 0 0 0 0 0 0 0 0 0 0 1024 
68 956 0 0 0 0 0 0 0 0 0 550 474 0 0 0 0 0 0 0 0 0 0 1024 
225 799 0 0 0 0 0 0 0 0 0 963 61 0 0 0 0 0 0 0 0 0 0 1024 
581 443 0 0 0 0 0 0 0 0 0 1024 0 0 0 0 0 0 0 0 0 0 0 1024 
750 274 0 0 0 0 0 0 0 0 0 1024 0 0 0 0 0 0 0 0 0 0 0 1024 
914 110 0 0 0 0 0 0 0 0 0 1024 0 0 0 0 0 0 0 0 0 0 12 1012 
899 125 0 0 0 0 0 0 0 0 0 1024 0 0 0 0 0 0 0 0 0 0 614 410 
983 41 0 0 0 0 0 0 0 0 0 1024 0 0 0 0 0 0 0 0 0 0 1024 0 
972 30 0 1 3 3 2 13 0 0 13 994 4 5 8 0 0 0 0 2 9 9 998 6 
345 35 17 21 46 66 186 308 30 47 105 380 116 150 139 57 87 58 89 107 128 134 409 12 
36 41 75 92 139 136 212 293 133 107 138 142 148 186 116 54 234 176 142 165 178 78 31 20 
53 215 179 108 119 114 120 116 252 243 149 130 100 85 41 24 426 214 139 108 81 33 22 1 
11 307 548 121 18 6 7 6 257 690 47 14 7 5 1 3 687 296 21 8 6 2 3 1 
1 67 462 443 51 0 0 0 332 688 4 0 0 0 0 0 872 152 0 0 0 0 0 0 
15 42 271 564 132 0 0 0 479 545 0 0 0 0 0 0 1022 2 0 0 0 0 0 0 
10 152 469 374 19 0 0 0 406 618 0 0 0 0 0 0 1003 21 0 0 0 0 0 0 
371 373 263 17 0 0 0 0 435 154 419 16 0 0 0 0 571 12 4 11 17 371 30 8 
1024 0 0 0 0 0 0 0 0 0 1024 0 0 0 0 0 0 0 0 0 370 654 0 0 
1024 0 0 0 0 0 0 0 0 3 1021 0 0 0 0 0 0 0 0 0 1024 0 0 0 
1024 0 0 0 0 0 0 0 0 200 824 0 0 0 0 0 0 0 0 0 1024 0 0 0 
1024 0 0 0 0 0 0 0 0 762 262 0 0 0 0 0 0 0 0 0 1024 0 0 0 
1024 0 0 0 0 0 0 0 0 1024 0 0 0 0 0 0 0 0 0 0 1024 0 0 0 
1024 0 0 0 0 0 0 0 0 1024 0 0 0 0 0 0 0 0 0 0 1024 0 0 0 
1024 0 0 0 0 0 0 0 0 1024 0 0 0 0 0 0 0 0 0 0 1024 0 0 0 
1024 0 0 0 0 0 0 0 0 1024 0 0 0 0 0 0 0 0 0 7 1017 0 0 0 
1024 0 0 0 0 0 0 0 0 1024 0 0 0 0 0 0 0 0 0 100 924 0 0 0 
1024 0 0 0 0 0 0 0 0 1024 0 0 0 0 0 0 0 0 0 377 647 0 0 0 
1024 0 0 0 0 0 0 0 0 1024 0 0 0 0 0 0 0 0 0 572 452 0 0 0 
1024 0 0 0 0 0 0 0 0 1024 0 0 0 0 0 0 0 0 0 803 221 0 0 0 
1024 0 0 0 0 0 0 0 0 1024 0 0 0 0 0 0 0 0 0 964 60 0 0 0 
1024 0 0 0 0 0 0 0 0 1024 0 0 0 0 0 0 0 0 0 1010 14 0 0 0 
992 0 0 0 0 0 0 0 0 992 0 0 0 0 0 0 0 0 0 986 6 0 0 0 
0 1024 0 0 0 0 0 0 0 0 0 3 1021 0 0 0 0 0 0 0 0 0 0 1024 
0 1024 0 0 0 0 0 0 0 0 0 23 1001 0 0 0 0 0 0 0 0 0 0 1024 
45 979 0 0 0 0 0 0 0 0 0 310 714 0 0 0 0 0 0 0 0 0 0 1024 
156 868 0 0 0 0 0 0 0 0 0 911 113 0 0 0 0 0 0 0 0 0 0 1024 
312 712 0 0 0 0 0 0 0 0 0 1022 2 0 0 0 0 0 0 0 0 0 0 1024 
604 420 0 0 0 0 0 0 0 0 0 1024 0 0 0 0 0 0 0 0 0 0 0 1024 
831 193 0 0 0 0 0 0 0 0 0 1024 0 0 0 0 0 0 0 0 0 0 108 916 
817 207 0 0 0 0 0 0 0 0 0 1024 0 0 0 0 0 0 0 0 0 0 809 215 
369 44 14 12 33 56 155 341 17 31 71 441 107 182 131 44 54 51 91 129 140 97 435 27 
31 36 117 97 112 150 217 264 163 146 141 166 164 111 84 49 301 173 193 151 103 63 32 8 
39 130 270 147 144 120 85 89 325 247 142 131 83 48 34 14 536 176 139 82 46 32 11 2 
17 118 370 304 69 50 42 54 346 448 80 53 40 31 17 9 766 106 57 42 31 16 6 0 
0 41 458 488 37 0 0 0 342 682 0 0 0 0 0 0 997 27 0 0 0 0 0 0 
10 98 440 455 21 0 0 0 354 669 1 0 0 0 0 0 985 39 0 0 0 0 0 0 
3 137 564 298 22 0 0 0 680 342 2 0 0 0 0 0 1000 24 0 0 0 0 0 0 
0 36 386 568 34 0 0 0 471 553 0 0 0 0 0 0 1022 2 0 0 0 0 0 0 
55 277 510 168 14 0 0 0 444 462 104 14 0 0 0 0 868 30 6 9 7 75 26 3 
987 37 0 0 0 0 0 0 0 0 1024 0 0 0 0 0 0 0 0 0 27 997 0 0 
1024 0 0 0 0 0 0 0 0 0 1024 0 0 0 0 0 0 0 0 0 446 578 0 0 
1024 0 0 0 0 0 0 0 0 2 1022 0 0 0 0 0 0 0 0 0 1011 13 0 0 
1024 0 0 0 0 0 0 0 0 236 788 0 0 0 0 0 0 0 0 0 1024 0 0 0 
1024 0 0 0 0 0 0 0 0 619 405 0 0 0 0 0 0 0 0 0 1024 0 0 0 
1024 0 0 0 0 0 0 0 0 995 29 0 0 0 0 0 0 0 0 0 1024 0 0 0 
1024 0 0 0 0 0 0 0 0 1024 0 0 0 0 0 0 0 0 0 0 1024 0 0 0 
1024 0 0 0 0 0 0 0 0 1024 0 0 0 0 0 0 0 0 0 0 1024 0 0 0 
1024 0 0 0 0 0 0 0 0 1024 0 0 0 0 0 0 0 0 0 0 1024 0 0 0 
1024 0 0 0 0 0 0 0 0 1024 0 0 0 0 0 0 0 0 0 4 1020 0 0 0 
1024 0 0 0 0 0 0 0 0 1024 0 0 0 0 0 0 0 0 0 23 1001 0 0 0 
1024 0 0 0 0 0 0 0 0 1024 0 0 0 0 0 0 0 0 0 78 946 0 0 0 
1024 0 0 0 0 0 0 0 0 1024 0 0 0 0 0 0 0 0 0 185 839 0 0 0 
1024 0 0 0 0 0 0 0 0 1024 0 0 0 0 0 0 0 0 0 240 784 0 0 0 
992 0 0 0 0 0 0 0 0 992 0 0 0 0 0 0 0 0 0 267 725 0 0 0 
0 1024 0 0 0 0 0 0 0 0 0 0 1024 0 0 0 0 0 0 0 0 0 0 1024 
0 1024 0 0 0 0 0 0 0 0 0 0 1024 0 0 0 0 0 0 0 0 0 0 1024 
2 1022 0 0 0 0 0 0 0 0 0 0 1024 0 0 0 0 0 0 0 0 0 0 1024 
21 1003 0 0 0 0 0 0 0 0 0 203 821 0 0 0 0 0 0 0 0 0 0 1024 
73 951 0 0 0 0 0 0 0 0 0 872 152 0 0 0 0 0 0 0 0 0 0 1024 
136 888 0 0 0 0 0 0 0 0 0 1018 6 0 0 0 0 0 0 0 0 0 0 1024 
415 609 0 0 0 0 0 0 0 0 0 1024 0 0 0 0 0 0 0 0 0 0 0 1024 
721 189 2 4 5 4 14 85 0 1 13 913 24 30 38 5 4 1 11 24 27 27 286 644 
24 23 28 53 91 156 234 415 72 80 146 167 161 184 157 57 154 186 180 179 136 118 44 27 
26 99 224 115 121 123 136 180 315 167 153 126 101 74 49 39 484 170 134 103 63 42 20 8 
19 72 382 127 95 86 115 128 416 200 110 96 81 64 41 16 601 133 111 83 53 34 9 0 
0 10 509 502 1 1 1 0 552 470 0 1 1 0 0 0 1018 4 1 1 0 0 0 0 
0 31 420 555 17 1 0 0 574 443 6 1 0 0 0 0 1013 10 1 0 0 0 0 0 
2 18 308 665 31 0 0 0 308 714 2 0 0 0 0 0 999 25 0 0 0 0 0 0 
13 99 289 491 132 0 0 0 456 568 0 0 0 0 0 0 1020 4 0 0 0 0 0 0 
0 54 487 441 42 0 0 0 719 305 0 0 0 0 0 0 1023 1 0 0 0 0 0 0 
21 156 544 301 2 0 0 0 549 418 43 14 0 0 0 0 947 12 5 6 3 30 17 4 
887 133 4 0 0 0 0 0 0 4 1015 5 0 0 0 0 0 2 2 2 0 1009 9 0 
1022 2 0 0 0 0 0 0 0 0 1024 0 0 0 0 0 0 0 0 0 10 1014 0 0 
1024 0 0 0 0 0 0 0 0 0 1024 0 0 0 0 0 0 0 0 0 457 567 0 0 
1024 0 0 0 0 0 0 0 0 1 1023 0 0 0 0 0 0 0 0 0 1004 20 0 0 
1024 0 0 0 0 0 0 0 0 54 970 0 0 0 0 0 0 0 0 0 1024 0 0 0 
1024 0 0 0 0 0 0 0 0 274 750 0 0 0 0 0 0 0 0 0 1024 0 0 0 
1024 0 0 0 0 0 0 0 0 718 306 0 0 0 0 0 0 0 0 0 1024 0 0 0 
1024 0 0 0 0 0 0 0 0 886 138 0 0 0 0 0 0 0 0 0 1024 0 0 0 
1024 0 0 0 0 0 0 0 0 1012 12 0 0 0 0 0 0 0 0 0 1024 0 0 0 
1024 0 0 0 0 0 0 0 0 1024 0 0 0 0 0 0 0 0 0 0 1024 0 0 0 
1024 0 0 0 0 0 0 0 0 1024 0 0 0 0 0 0 0 0 0 0 1024 0 0 0 
1024 0 0 0 0 0 0 0 0 1024 0 0 0 0 0 0 0 0 0 0 1024 0 0 0 
1024 0 0 0 0 0 0 0 0 1024 0 0 0 0 0 0 0 0 0 0 1024 0 0 0 
1024 0 0 0 0 0 0 0 0 1024 0 0 0 0 0 0 0 0 0 0 1024 0 0 0 
992 0 0 0 0 0 0 0 0 992 0 0 0 0 0 0 0 0 0 0 992 0 0 0 
0 1024 0 0 0 0 0 0 0 0 0 0 1024 0 0 0 0 0 0 0 0 0 0 1024 
0 1024 0 0 0 0 0 0 0 0 0 0 1024 0 0 0 0 0 0 0 0 0 0 1024 
0 1024 0 0 0 0 0 0 0 0 0 0 1024 0 0 0 0 0 0 0 0 0 0 1024 
0 1024 0 0 0 0 0 0 0 0 0 0 1024 0 0 0 0 0 0 0 0 0 0 1024 
5 1019 0 0 0 0 0 0 0 0 0 129 895 0 0 0 0 0 0 0 0 0 0 1024 
14 1010 0 0 0 0 0 0 0 0 0 647 377 0 0 0 0 0 0 0 0 0 0 1024 
30 994 0 0 0 0 0 0 0 0 0 1011 13 0 0 0 0 0 0 0 0 0 0 1024 
156 299 31 65 54 65 90 264 79 83 64 498 98 84 72 46 185 69 89 79 55 58 92 397 
7 49 180 84 94 143 229 238 240 139 170 185 143 86 50 11 413 213 198 119 59 20 2 0 
5 61 390 378 86 44 29 31 509 342 91 36 27 12 2 5 844 103 46 13 14 2 2 0 
0 17 415 583 4 0 5 0 912 102 6 3 1 0 0 0 1015 4 4 1 0 0 0 0 
0 0 229 775 20 0 0 0 726 298 0 0 0 0 0 0 1024 0 0 0 0 0 0 0 
0 15 213 671 124 1 0 0 486 535 3 0 0 0 0 0 1019 5 0 0 0 0 0 0 
3 13 135 615 227 28 3 0 426 581 14 3 0 0 0 0 1007 15 2 0 0 0 0 0 
23 119 209 390 271 12 0 0 532 492 0 0 0 0 0 0 1022 2 0 0 0 0 0 0 
5 136 414 415 46 8 0 0 648 374 2 0 0 0 0 0 1017 7 0 0 0 0 0 0 
4 111 477 375 55 2 0 0 473 547 4 0 0 0 0 0 1001 23 0 0 0 0 0 0 
493 444 77 10 0 0 0 0 177 65 747 35 0 0 0 0 231 5 8 4 10 723 30 13 
1012 12 0 0 0 0 0 0 0 0 1024 0 0 0 0 0 0 0 0 0 0 1024 0 0 
1022 2 0 0 0 0 0 0 0 0 1024 0 0 0 0 0 0 0 0 0 0 1024 0 0 
1018 6 0 0 0 0 0 0 0 0 1024 0 0 0 0 0 0 0 0 0 232 792 0 0 
1024 0 0 0 0 0 0 0 0 0 1024 0 0 0 0 0 0 0 0 0 739 285 0 0 
1024 0 0 0 0 0 0 0 0 4 1020 0 0 0 0 0 0 0 0 0 950 74 0 0 
1024 0 0 0 0 0 0 0 0 8 1016 0 0 0 0 0 0 0 0 0 1024 0 0 0 
1024 0 0 0 0 0 0 0 0 41 983 0 0 0 0 0 0 0 0 0 1024 0 0 0 
1024 0 0 0 0 0 0 0 0 224 800 0 0 0 0 0 0 0 0 0 1024 0 0 0 
1024 0 0 0 0 0 0 0 0 414 610 0 0 0 0 0 0 0 0 0 1024 0 0 0 
1024 0 0 0 0 0 0 0 0 504 520 0 0 0 0 0 0 0 0 0 1024 0 0 0 
1024 0 0 0 0 0 0 0 0 585 439 0 0 0 0 0 0 0 0 0 1024 0 0 0 
1024 0 0 0 0 0 0 0 0 597 427 0 0 0 0 0 0 0 0 0 1024 0 0 0 
1024 0 0 0 0 0 0 0 0 686 338 0 0 0 0 0 0 0 0 0 1024 0 0 0 
992 0 0 0 0 0 0 0 0 690 302 0 0 0 0 0 0 0 0 0 992 0 0 0 
0 1024 0 0 0 0 0 0 0 0 0 0 1024 0 0 0 0 0 0 0 0 0 0 1024 
0 1024 0 0 0 0 0 0 0 0 0 0 1024 0 0 0 0 0 0 0 0 0 0 1024 
0 1024 0 0 0 0 0 0 0 0 0 0 1024 0 0 0 0 0 0 0 0 0 0 1024 
0 1024 0 0 0 0 0 0 0 0 0 0 1024 0 0 0 0 0 0 0 0 0 0 1024 
0 1024 0 0 0 0 0 0 0 0 0 0 1024 0 0 0 0 0 0 0 0 0 0 1024 
0 1024 0 0 0 0 0 0 0 0 0 18 1006 0 0 0 0 0 0 0 0 0 0 1024 
0 1024 0 0 0 0 0 0 0 0 0 398 626 0 0 0 0 0 0 0 0 0 0 1024 
37 134 194 158 86 75 139 201 250 229 116 194 147 64 21 3 533 170 106 63 17 14 29 92 
3 101 480 239 53 67 40 41 744 124 67 53 25 9 2 0 892 74 41 12 5 0 0 0 
0 4 154 860 6 0 0 0 839 185 0 0 0 0 0 0 1024 0 0 0 0 0 0 0 
0 10 286 476 222 30 0 0 633 385 6 0 0 0 0 0 1018 6 0 0 0 0 0 0 
0 11 182 580 224 27 0 0 622 402 0 0 0 0 0 0 1023 1 0 0 0 0 0 0 
0 2 56 543 421 1 1 0 318 705 1 0 0 0 0 0 1023 0 1 0 0 0 0 0 
12 69 292 414 221 16 0 0 623 399 2 0 0 0 0 0 1024 0 0 0 0 0 0 0 
0 23 135 501 364 1 0 0 328 696 0 0 0 0 0 0 1024 0 0 0 0 0 0 0 
0 238 326 386 73 1 0 0 634 390 0 0 0 0 0 0 1024 0 0 0 0 0 0 0 
1 511 372 134 6 0 0 0 816 205 3 0 0 0 0 0 1002 22 0 0 0 0 0 0 
41 427 370 161 25 0 0 0 375 424 180 45 0 0 0 0 744 52 7 4 5 171 36 5 
781 243 0 0 0 0 0 0 0 0 1024 0 0 0 0 0 0 0 0 0 0 1024 0 0 
926 98 0 0 0 0 0 0 0 0 1024 0 0 0 0 0 0 0 0 0 0 1024 0 0 
939 85 0 0 0 0 0 0 0 0 1024 0 0 0 0 0 0 0 0 0 0 1024 0 0 
966 58 0 0 0 0 0 0 0 0 1024 0 0 0 0 0 0 0 0 0 1 1023 0 0 
982 42 0 0 0 0 0 0 0 0 1024 0 0 0 0 0 0 0 0 0 107 917 0 0 
1020 4 0 0 0 0 0 0 0 0 1024 0 0 0 0 0 0 0 0 0 397 627 0 0 
1022 2 0 0 0 0 0 0 0 0 1024 0 0 0 0 0 0 0 0 0 574 450 0 0 
1024 0 0 0 0 0 0 0 0 0 1024 0 0 0 0 0 0 0 0 0 698 326 0 0 
1019 5 0 0 0 0 0 0 0 0 1024 0 0 0 0 0 0 0 0 0 795 229 0 0 
1020 4 0 0 0 0 0 0 0 0 1024 0 0 0 0 0 0 0 0 0 860 164 0 0 
1022 2 0 0 0 0 0 0 0 1 1023 0 0 0 0 0 0 0 0 0 810 214 0 0 
1024 0 0 0 0 0 0 0 0 1 1023 0 0 0 0 0 0 0 0 0 930 94 0 0 
1024 0 0 0 0 0 0 0 0 2 1022 0 0 0 0 0 0 0 0 0 869 155 0 0 
992 0 0 0 0 0 0 0 0 3 989 0 0 0 0 0 0 0 0 0 832 160 0 0 
0 1024 0 0 0 0 0 0 0 0 0 0 1018 6 0 0 0 0 0 0 0 0 0 1024 
0 1024 0 0 0 0 0 0 0 0 0 0 1024 0 0 0 0 0 0 0 0 0 0 1024 
0 1024 0 0 0 0 0 0 0 0 0 0 1024 0 0 0 0 0 0 0 0 0 0 1024 
0 1024 0 0 0 0 0 0 0 0 0 0 1024 0 0 0 0 0 0 0 0 0 0 1024 
0 1024 0 0 0 0 0 0 0 0 0 0 1024 0 0 0 0 0 0 0 0 0 0 1024 
0 1024 0 0 0 0 0 0 0 0 0 0 1024 0 0 0 0 0 0 0 0 0 0 1024 
0 1024 0 0 0 0 0 0 0 0 0 0 1024 0 0 0 0 0 0 0 0 0 0 1024 
38 179 85 83 90 124 200 225 150 109 116 181 313 87 50 18 292 178 178 104 57 30 36 149 
1 57 348 545 62 3 5 3 488 508 15 8 1 2 2 0 994 22 3 3 2 0 0 0 
0 12 176 546 278 12 0 0 359 659 6 0 0 0 0 0 1009 15 0 0 0 0 0 0 
0 0 139 613 265 7 0 0 535 488 1 0 0 0 0 0 1024 0 0 0 0 0 0 0 
0 1 27 630 366 0 0 0 363 656 1 2 2 0 0 0 1017 1 1 1 1 0 0 3 
4 282 141 380 139 29 9 40 359 303 24 250 53 22 8 5 656 21 14 21 20 9 207 76 
1 24 64 174 649 96 2 14 174 829 3 4 2 1 8 3 1005 3 2 3 7 4 0 0 
0 0 5 423 533 63 0 0 159 860 5 0 0 0 0 0 1024 0 0 0 0 0 0 0 
0 67 370 269 287 31 0 0 530 494 0 0 0 0 0 0 1024 0 0 0 0 0 0 0 
0 377 424 144 79 0 0 0 807 217 0 0 0 0 0 0 1023 1 0 0 0 0 0 0 
6 179 449 350 40 0 0 0 525 406 30 63 0 0 0 0 915 8 14 5 5 35 40 2 
172 852 0 0 0 0 0 0 0 0 909 115 0 0 0 0 0 0 0 0 0 1014 10 0 
355 669 0 0 0 0 0 0 0 0 1024 0 0 0 0 0 0 0 0 0 0 1024 0 0 
511 513 0 0 0 0 0 0 0 0 1024 0 0 0 0 0 0 0 0 0 0 1024 0 0 
435 589 0 0 0 0 0 0 0 0 1024 0 0 0 0 0 0 0 0 0 0 1024 0 0 
632 392 0 0 0 0 0 0 0 0 1024 0 0 0 0 0 0 0 0 0 0 1024 0 0 
875 149 0 0 0 0 0 0 0 0 1024 0 0 0 0 0 0 0 0 0 0 1024 0 0 
902 122 0 0 0 0 0 0 0 0 1024 0 0 0 0 0 0 0 0 0 0 1024 0 0 
965 59 0 0 0 0 0 0 0 0 1024 0 0 0 0 0 0 0 0 0 0 1024 0 0 
896 128 0 0 0 0 0 0 0 0 1024 0 0 0 0 0 0 0 0 0 0 1024 0 0 
821 203 0 0 0 0 0 0 0 0 1024 0 0 0 0 0 0 0 0 0 3 1021 0 0 
826 198 0 0 0 0 0 0 0 0 1024 0 0 0 0 0 0 0 0 0 0 1024 0 0 
895 129 0 0 0 0 0 0 0 0 1024 0 0 0 0 0 0 0 0 0 9 1015 0 0 
870 154 0 0 0 0 0 0 0 0 1024 0 0 0 0 0 0 0 0 0 15 1009 0 0 
846 146 0 0 0 0 0 0 0 0 992 0 0 0 0 0 0 0 0 0 9 983 0 0 
0 1005 19 0 0 0 0 0 0 0 0 0 534 490 0 0 0 0 0 0 0 0 0 1024 
0 1023 1 0 0 0 0 0 0 0 0 0 834 190 0 0 0 0 0 0 0 0 0 1024 
0 1024 0 0 0 0 0 0 0 0 0 0 1007 17 0 0 0 0 0 0 0 0 0 1024 
0 1024 0 0 0 0 0 0 0 0 0 0 1024 0 0 0 0 0 0 0 0 0 0 1024 
0 1024 0 0 0 0 0 0 0 0 0 0 1024 0 0 0 0 0 0 0 0 0 0 1024 
0 1024 0 0 0 0 0 0 0 0 0 0 1024 0 0 0 0 0 0 0 0 0 0 1024 
0 1024 0 0 0 0 0 0 0 0 0 0 1024 0 0 0 0 0 0 0 0 0 0 1024 
24 168 359 134 97 87 84 71 400 175 129 88 202 29 0 1 613 154 58 22 9 5 13 150 
1 129 626 266 2 0 0 0 688 334 2 0 0 0 0 0 1019 5 0 0 0 0 0 0 
0 36 377 550 61 0 0 0 304 720 0 0 0 0 0 0 1019 5 0 0 0 0 0 0 
0 36 180 696 112 0 0 0 294 662 8 4 49 7 0 0 953 3 1 4 4 0 17 42 
2 624 33 226 139 0 0 0 111 245 10 451 202 5 0 0 351 4 2 8 5 5 439 210 
0 1022 2 0 0 0 0 0 0 0 0 1020 4 0 0 0 0 0 0 0 0 0 1020 4 
9 451 163 232 132 22 8 7 281 261 19 412 44 5 2 0 542 10 9 7 5 8 379 64 
0 0 0 274 716 34 0 0 79 945 0 0 0 0 0 0 1024 0 0 0 0 0 0 0 
0 226 113 62 527 96 0 0 361 646 17 0 0 0 0 0 1024 0 0 0 0 0 0 0 
0 259 471 190 104 0 0 0 763 261 0 0 0 0 0 0 1024 0 0 0 0 0 0 0 
2 127 516 306 72 1 0 0 611 362 10 35 6 0 0 0 952 17 8 4 5 6 23 9 
10 1014 0 0 0 0 0 0 0 0 207 817 0 0 0 0 0 0 0 0 0 220 802 2 
1 1023 0 0 0 0 0 0 0 0 585 439 0 0 0 0 0 0 0 0 0 573 451 0 
67 957 0 0 0 0 0 0 0 0 803 221 0 0 0 0 0 0 0 0 0 927 97 0 
58 966 0 0 0 0 0 0 0 0 982 42 0 0 0 0 0 0 0 0 0 1023 1 0 
97 927 0 0 0 0 0 0 0 0 1018 6 0 0 0 0 0 0 0 0 0 1024 0 0 
197 827 0 0 0 0 0 0 0 0 1021 3 0 0 0 0 0 0 0 0 0 1024 0 0 
345 679 0 0 0 0 0 0 0 0 1021 3 0 0 0 0 0 0 0 0 0 1024 0 0 
387 637 0 0 0 0 0 0 0 0 1021 3 0 0 0 0 0 0 0 0 0 1024 0 0 
421 603 0 0 0 0 0 0 0 0 1024 0 0 0 0 0 0 0 0 0 0 1024 0 0 
330 694 0 0 0 0 0 0 0 0 1024 0 0 0 0 0 0 0 0 0 0 1024 0 0 
354 670 0 0 0 0 0 0 0 0 1023 1 0 0 0 0 0 0 0 0 0 1024 0 0 
340 684 0 0 0 0 0 0 0 0 1024 0 0 0 0 0 0 0 0 0 0 1024 0 0 
241 783 0 0 0 0 0 0 0 0 1024 0 0 0 0 0 0 0 0 0 0 1024 0 0 
271 721 0 0 0 0 0 0 0 0 989 3 0 0 0 0 0 0 0 0 0 992 0 0 
0 304 720 0 0 0 0 0 0 0 0 0 8 1016 0 0 0 0 0 0 0 0 0 1024 
0 632 392 0 0 0 0 0 0 0 0 0 44 980 0 0 0 0 0 0 0 0 0 1024 
0 814 210 0 0 0 0 0 0 0 0 0 293 731 0 0 0 0 0 0 0 0 0 1024 
0 935 89 0 0 0 0 0 0 0 0 0 724 300 0 0 0 0 0 0 0 0 0 1024 
0 994 30 0 0 0 0 0 0 0 0 0 996 28 0 0 0 0 0 0 0 0 0 1024 
0 1012 12 0 0 0 0 0 0 0 0 0 1024 0 0 0 0 0 0 0 0 0 0 1024 
0 902 72 8 5 7 3 27 0 2 2 2 973 37 4 4 2 1 1 2 13 12 18 975 
1 130 303 176 153 116 83 62 423 284 155 72 45 28 15 2 759 159 50 20 13 11 5 7 
0 40 931 53 0 0 0 0 505 519 0 0 0 0 0 0 1024 0 0 0 0 0 0 0 
0 34 673 317 0 0 0 0 445 579 0 0 0 0 0 0 1024 0 0 0 0 0 0 0 
0 389 250 380 5 0 0 0 261 215 5 6 501 29 7 0 463 10 2 4 6 3 60 476 
0 1024 0 0 0 0 0 0 0 0 0 235 789 0 0 0 0 0 0 0 0 0 629 395 
0 1024 0 0 0 0 0 0 0 0 0 652 372 0 0 0 0 0 0 0 0 0 998 26 
3 993 16 9 1 1 1 0 11 6 3 895 107 2 0 0 16 1 1 3 1 0 980 22 
0 89 180 247 367 61 35 45 285 508 43 81 91 15 1 0 806 48 38 19 7 8 66 32 
4 130 264 109 467 47 2 1 443 570 11 0 0 0 0 0 1016 8 0 0 0 0 0 0 
9 153 398 263 168 33 0 0 648 374 2 0 0 0 0 0 1020 4 0 0 0 0 0 0 
0 226 469 309 20 0 0 0 650 269 13 62 29 1 0 0 904 11 7 7 4 4 58 29 
0 1024 0 0 0 0 0 0 0 0 0 1024 0 0 0 0 0 0 0 0 0 0 1024 0 
0 1024 0 0 0 0 0 0 0 0 0 1024 0 0 0 0 0 0 0 0 0 0 1024 0 
0 1024 0 0 0 0 0 0 0 0 3 1021 0 0 0 0 0 0 0 0 0 26 998 0 
0 1024 0 0 0 0 0 0 0 0 53 971 0 0 0 0 0 0 0 0 0 138 886 0 
0 1024 0 0 0 0 0 0 0 0 122 902 0 0 0 0 0 0 0 0 0 281 743 0 
0 1024 0 0 0 0 0 0 0 0 121 903 0 0 0 0 0 0 0 0 0 355 669 0 
0 1024 0 0 0 0 0 0 0 0 204 820 0 0 0 0 0 0 0 0 0 378 646 0 
2 1022 0 0 0 0 0 0 0 0 177 847 0 0 0 0 0 0 0 0 0 398 626 0 
1 1023 0 0 0 0 0 0 0 0 241 783 0 0 0 0 0 0 0 0 0 461 563 0 
0 1024 0 0 0 0 0 0 0 0 286 738 0 0 0 0 0 0 0 0 0 476 548 0 
1 1023 0 0 0 0 0 0 0 0 290 734 0 0 0 0 0 0 0 0 0 457 567 0 
2 1022 0 0 0 0 0 0 0 0 280 744 0 0 0 0 0 0 0 0 0 412 612 0 
0 1024 0 0 0 0 0 0 0 0 240 784 0 0 0 0 0 0 0 0 0 300 724 0 
0 992 0 0 0 0 0 0 0 0 221 771 0 0 0 0 0 0 0 0 0 252 740 0 
0 0 1022 2 0 0 0 0 0 0 0 0 0 1024 0 0 0 0 0 0 0 0 0 1024 
0 0 1024 0 0 0 0 0 0 0 0 0 0 1024 0 0 0 0 0 0 0 0 0 1024 
0 8 1016 0 0 0 0 0 0 0 0 0 0 1024 0 0 0 0 0 0 0 0 0 1024 
0 25 999 0 0 0 0 0 0 0 0 0 5 1019 0 0 0 0 0 0 0 0 0 1024 
0 213 811 0 0 0 0 0 0 0 0 0 249 775 0 0 0 0 0 0 0 0 0 1024 
0 305 719 0 0 0 0 0 0 0 0 0 544 480 0 0 0 0 0 0 0 0 0 1024 
0 187 837 0 0 0 0 0 0 0 0 0 780 244 0 0 0 0 0 0 0 0 0 1024 
9 30 509 189 131 54 29 73 235 163 34 29 210 290 52 11 406 36 21 26 31 18 25 461 
13 151 268 552 38 0 2 0 610 408 3 1 2 0 0 0 1015 6 1 2 0 0 0 0 
7 48 256 677 35 1 0 0 588 414 0 5 4 5 8 0 1001 1 0 1 2 4 2 13 
0 464 522 36 2 0 0 0 62 15 7 5 886 40 9 0 71 4 4 3 3 3 36 900 
0 972 52 0 0 0 0 0 0 0 0 0 1024 0 0 0 0 0 0 0 0 0 254 770 
0 1001 23 0 0 0 0 0 0 0 0 1 1023 0 0 0 0 0 0 0 0 0 808 216 
0 1006 18 0 0 0 0 0 0 0 0 31 993 0 0 0 0 0 0 0 0 0 1016 8 
0 572 222 153 55 8 8 6 108 111 18 24 744 16 3 0 219 10 11 11 6 10 681 76 
11 27 200 248 330 73 68 67 332 496 45 57 66 18 10 0 843 54 71 39 14 2 0 1 
1 2 648 331 36 3 3 0 534 480 7 1 2 0 0 0 1013 8 1 2 0 0 0 0 
24 158 394 430 18 0 0 0 437 482 15 40 35 15 0 0 890 30 7 5 3 4 53 32 
0 990 34 0 0 0 0 0 0 0 0 948 73 3 0 0 0 0 0 0 1 2 1008 13 
0 1024 0 0 0 0 0 0 0 0 0 1024 0 0 0 0 0 0 0 0 0 0 1024 0 
0 1024 0 0 0 0 0 0 0 0 0 1024 0 0 0 0 0 0 0 0 0 0 1024 0 
0 1024 0 0 0 0 0 0 0 0 0 1024 0 0 0 0 0 0 0 0 0 0 1024 0 
0 1024 0 0 0 0 0 0 0 0 0 1024 0 0 0 0 0 0 0 0 0 0 1024 0 
0 1024 0 0 0 0 0 0 0 0 0 1024 0 0 0 0 0 0 0 0 0 0 1024 0 
0 1024 0 0 0 0 0 0 0 0 0 1024 0 0 0 0 0 0 0 0 0 0 1024 0 
0 1024 0 0 0 0 0 0 0 0 0 1024 0 0 0 0 0 0 0 0 0 0 1024 0 
0 1024 0 0 0 0 0 0 0 0 0 1024 0 0 0 0 0 0 0 0 0 0 1024 0 
0 1024 0 0 0 0 0 0 0 0 0 1024 0 0 0 0 0 0 0 0 0 0 1024 0 
0 1024 0 0 0 0 0 0 0 0 0 1024 0 0 0 0 0 0 0 0 0 0 1024 0 
0 1024 0 0 0 0 0 0 0 0 0 1024 0 0 0 0 0 0 0 0 0 0 1024 0 
0 1024 0 0 0 0 0 0 0 0 0 1024 0 0 0 0 0 0 0 0 0 0 1024 0 
0 992 0 0 0 0 0 0 0 0 0 992 0 0 0 0 0 0 0 0 0 0 992 0 
0 0 235 789 0 0 0 0 0 0 0 0 0 1024 0 0 0 0 0 0 0 0 2 1022 
0 0 469 555 0 0 0 0 0 0 0 0 0 1024 0 0 0 0 0 0 0 0 0 1024 
0 0 673 351 0 0 0 0 0 0 0 0 0 1024 0 0 0 0 0 0 0 0 0 1024 
0 1 786 123 20 9 20 65 0 0 0 0 10 916 30 68 0 0 0 0 0 0 95 929 
0 5 797 71 11 5 22 113 0 0 0 0 14 864 20 126 0 0 0 0 0 0 52 972 
0 0 871 99 16 16 15 7 0 0 0 0 0 987 30 7 0 0 0 0 0 0 61 963 
0 0 886 114 9 3 6 6 0 0 0 0 19 986 12 7 0 0 0 0 0 0 22 1002 
8 61 314 314 30 45 81 171 298 288 46 58 72 160 74 28 583 83 57 46 42 44 52 117 
0 30 701 281 11 1 0 0 572 449 1 2 0 0 0 0 1009 13 1 1 0 0 0 0 
3 209 625 158 24 5 0 0 662 188 2 5 16 127 19 5 837 10 2 2 3 6 4 160 
0 7 987 26 4 0 0 0 0 0 0 0 869 151 4 0 0 0 0 0 0 0 283 741 
0 73 951 0 0 0 0 0 0 0 0 0 1024 0 0 0 0 0 0 0 0 0 651 373 
0 161 863 0 0 0 0 0 0 0 0 0 1024 0 0 0 0 0 0 0 0 0 958 66 
0 265 759 0 0 0 0 0 0 0 0 0 1024 0 0 0 0 0 0 0 0 0 1017 7 
0 237 787 0 0 0 0 0 0 0 0 0 1024 0 0 0 0 0 0 0 0 0 1024 0 
1 31 252 52 68 91 209 320 59 61 108 164 456 146 27 3 162 175 183 157 57 15 228 47 
0 5 465 272 45 68 103 66 494 287 76 93 57 17 0 0 797 115 82 29 1 0 0 0 
12 156 472 376 8 0 0 0 444 510 8 8 36 18 0 0 945 9 4 4 4 4 29 25 
2 479 536 7 0 0 0 0 7 3 1 182 820 9 2 0 8 2 0 1 0 1 995 17 
0 704 320 0 0 0 0 0 0 0 0 346 678 0 0 0 0 0 0 0 0 0 1024 0 
0 793 231 0 0 0 0 0 0 0 0 460 564 0 0 0 0 0 0 0 0 0 1024 0 
0 806 218 0 0 0 0 0 0 0 0 533 491 0 0 0 0 0 0 0 0 0 1024 0 
0 798 226 0 0 0 0 0 0 0 0 569 455 0 0 0 0 0 0 0 0 0 1024 0 
0 801 223 0 0 0 0 0 0 0 0 598 426 0 0 0 0 0 0 0 0 0 1024 0 
0 780 244 0 0 0 0 0 0 0 0 607 417 0 0 0 0 0 0 0 0 0 1024 0 
0 798 226 0 0 0 0 0 0 0 0 575 449 0 0 0 0 0 0 0 0 0 1024 0 
0 739 285 0 0 0 0 0 0 0 0 499 525 0 0 0 0 0 0 0 0 0 1024 0 
0 774 250 0 0 0 0 0 0 0 0 487 537 0 0 0 0 0 0 0 0 0 1024 0 
0 789 235 0 0 0 0 0 0 0 0 497 527 0 0 0 0 0 0 0 0 0 1024 0 
0 761 263 0 0 0 0 0 0 0 0 493 531 0 0 0 0 0 0 0 0 0 1024 0 
0 704 320 0 0 0 0 0 0 0 0 457 567 0 0 0 0 0 0 0 0 0 1024 0 
0 674 318 0 0 0 0 0 0 0 0 413 579 0 0 0 0 0 0 0 0 0 992 0 
110 243 43 208 356 40 20 4 216 156 26 4 5 286 300 31 124 241 27 8 4 2 6 612 
104 175 45 310 322 46 16 6 174 126 39 14 11 369 257 34 119 125 68 35 11 10 6 650 
105 134 33 370 326 30 22 4 156 106 24 19 11 457 225 26 131 96 46 21 15 12 14 689 
76 176 20 261 320 71 40 60 91 179 38 39 20 413 179 65 46 102 152 40 24 14 99 547 
37 157 38 362 276 71 62 21 40 175 42 36 22 492 174 43 11 51 178 43 26 11 158 546 
75 209 19 422 183 71 40 5 34 261 33 23 18 508 131 16 5 85 225 31 16 10 109 543 
21 41 57 490 145 68 82 120 64 75 69 67 67 563 105 14 83 75 106 79 47 38 44 552 
14 56 252 629 16 21 21 15 457 505 31 20 7 4 0 0 977 29 12 5 1 0 0 0 
0 21 936 59 8 0 0 0 789 235 0 0 0 0 0 0 1018 6 0 0 0 0 0 0 
4 483 426 85 26 0 0 0 783 238 3 0 0 0 0 0 1010 14 0 0 0 0 0 0 
16 85 152 193 163 85 145 185 97 8 8 14 123 356 208 210 97 5 5 6 10 13 484 404 
0 15 273 151 133 175 204 73 0 0 0 4 278 358 290 94 0 0 0 0 0 8 848 168 
0 0 513 507 3 1 0 0 0 0 0 0 500 522 2 0 0 0 0 0 0 0 1022 2 
3 10 446 432 43 40 34 16 6 9 2 4 475 443 63 22 5 7 4 1 6 5 928 68 
0 0 658 344 10 6 6 0 0 0 0 0 774 239 11 0 0 0 0 0 0 1 1019 4 
0 2 377 245 63 82 97 158 32 68 82 78 571 170 16 7 142 103 86 51 27 18 577 20 
0 46 370 519 39 13 20 17 658 313 17 19 10 7 0 0 981 17 18 6 2 0 0 0 
0 74 596 352 2 0 0 0 536 481 2 0 4 1 0 0 1017 0 2 0 1 1 3 0 
11 27 758 213 12 3 0 0 46 5 5 5 882 63 17 1 48 3 5 0 5 4 908 51 
0 0 1018 6 0 0 0 0 0 0 0 0 1024 0 0 0 0 0 0 0 0 0 1024 0 
0 0 1024 0 0 0 0 0 0 0 0 0 1024 0 0 0 0 0 0 0 0 0 1024 0 
0 3 1021 0 0 0 0 0 0 0 0 0 1024 0 0 0 0 0 0 0 0 0 1024 0 
0 0 1024 0 0 0 0 0 0 0 0 0 1024 0 0 0 0 0 0 0 0 0 1024 0 
0 0 1024 0 0 0 0 0 0 0 0 0 1024 0 0 0 0 0 0 0 0 0 1024 0 
0 5 1019 0 0 0 0 0 0 0 0 0 1024 0 0 0 0 0 0 0 0 0 1024 0 
0 2 1017 5 0 0 0 0 0 0 0 0 1024 0 0 0 0 0 0 0 0 0 1024 0 
0 3 1021 0 0 0 0 0 0 0 0 0 1024 0 0 0 0 0 0 0 0 0 1024 0 
0 0 1024 0 0 0 0 0 0 0 0 0 1024 0 0 0 0 0 0 0 0 0 1024 0 
0 6 1018 0 0 0 0 0 0 0 0 0 1024 0 0 0 0 0 0 0 0 0 1024 0 
0 0 988 18 7 11 0 0 0 0 0 0 1000 17 7 0 0 0 0 0 0 0 1022 2 
0 0 923 21 25 44 11 0 0 0 0 0 948 42 34 0 0 0 0 0 0 6 1017 1 
0 0 951 14 13 14 0 0 0 0 0 0 971 17 4 0 0 0 0 0 0 6 986 0 
135 551 169 120 41 6 1 1 178 579 179 81 5 1 1 0 62 733 186 36 6 0 1 0 
195 351 221 154 70 27 6 0 221 404 249 104 42 4 0 0 139 560 235 74 15 1 0 0 
138 557 207 81 29 10 2 0 152 617 180 52 21 2 0 0 90 697 174 49 13 1 0 0 
100 878 36 6 3 1 0 0 137 857 24 4 1 1 0 0 51 933 34 4 1 1 0 0 
97 770 32 36 33 24 20 12 148 730 44 37 38 18 6 3 59 775 80 42 45 14 7 2 
205 478 123 101 42 24 17 34 329 406 140 84 34 11 11 9 214 484 168 98 43 13 4 0 
38 107 125 51 74 121 209 299 241 117 186 175 187 70 28 20 366 264 224 113 29 21 6 1 
0 23 922 79 0 0 0 0 882 142 0 0 0 0 0 0 1024 0 0 0 0 0 0 0 
0 47 909 68 0 0 0 0 739 285 0 0 0 0 0 0 1024 0 0 0 0 0 0 0 
0 196 791 37 0 0 0 0 684 340 0 0 0 0 0 0 1024 0 0 0 0 0 0 0 
86 299 389 158 56 13 11 12 331 280 251 108 17 12 9 16 335 147 324 163 19 4 10 22 
53 146 312 232 167 42 36 36 59 159 372 160 30 152 51 41 25 131 415 186 24 9 170 64 
46 147 193 314 247 55 15 7 43 187 261 110 30 353 36 4 19 176 289 127 21 11 331 50 
74 213 225 235 154 69 36 18 123 230 312 181 70 68 26 14 69 238 370 182 61 35 38 31 
93 208 243 282 111 53 23 11 140 250 253 105 50 191 30 5 74 271 279 126 51 24 169 30 
106 119 93 187 142 101 125 151 176 222 207 137 88 163 28 3 227 322 219 95 22 12 107 20 
12 233 284 148 25 32 41 249 529 167 33 39 53 111 84 8 685 64 62 90 104 15 3 1 
0 103 501 420 0 0 0 0 483 541 0 0 0 0 0 0 1015 9 0 0 0 0 0 0 
87 153 228 419 111 19 3 4 240 161 93 37 225 249 15 4 263 135 51 62 26 13 452 22 
23 49 170 653 107 16 6 0 28 64 124 73 580 154 1 0 38 50 109 81 33 16 695 2 
1 6 201 651 136 25 2 2 1 9 79 140 675 118 2 0 2 10 109 124 20 29 730 0 
0 3 194 729 84 12 2 0 0 7 106 124 671 115 1 0 0 6 140 88 17 15 756 2 
1 8 328 608 76 3 0 0 0 13 103 69 744 95 0 0 0 10 112 60 16 11 815 0 
0 1 235 606 118 22 41 1 0 3 56 45 708 159 53 0 0 0 60 41 8 33 877 5 
0 1 268 651 102 2 0 0 0 2 30 27 831 134 0 0 0 1 38 13 21 7 943 1 
0 1 211 687 115 9 1 0 1 0 2 6 861 153 1 0 0 1 0 2 6 11 1003 1 
1 0 251 688 72 9 3 0 0 2 8 6 878 130 0 0 0 0 1 6 6 35 976 0 
0 0 234 690 80 16 4 0 0 0 6 15 922 79 2 0 0 0 0 3 27 57 937 0 
0 0 271 647 84 21 1 0 0 0 0 17 892 115 0 0 0 0 0 0 32 66 926 0 
0 0 265 671 75 13 0 0 0 0 0 32 882 110 0 0 0 0 0 1 36 65 922 0 
0 0 235 737 52 0 0 0 0 0 2 28 845 149 0 0 0 0 0 0 21 30 973 0 
0 0 222 721 49 0 0 0 0 0 0 23 819 150 0 0 0 0 0 0 17 18 957 0 
116 270 266 216 121 26 9 0 238 335 307 121 20 3 0 0 284 420 258 52 10 0 0 0 
107 530 191 120 54 18 4 0 235 503 226 53 7 0 0 0 190 643 175 16 0 0 0 0 
145 573 179 89 33 4 1 0 166 629 177 47 5 0 0 0 95 764 149 15 1 0 0 0 
223 562 123 86 17 12 1 0 157 683 132 40 11 1 0 0 75 832 94 17 6 0 0 0 
184 532 172 94 31 9 2 0 173 611 177 47 13 3 0 0 110 749 134 24 6 1 0 0 
196 186 14 8 25 100 178 317 241 205 163 189 96 88 28 14 321 453 123 89 21 11 4 2 
0 66 169 27 75 285 373 29 240 95 349 312 22 3 1 2 424 494 99 4 0 1 1 1 
0 5 855 164 0 0 0 0 879 145 0 0 0 0 0 0 1024 0 0 0 0 0 0 0 
0 111 845 68 0 0 0 0 784 240 0 0 0 0 0 0 1024 0 0 0 0 0 0 0 
0 534 480 10 0 0 0 0 825 199 0 0 0 0 0 0 1024 0 0 0 0 0 0 0 
35 243 403 233 70 24 13 3 468 292 155 84 20 3 2 0 587 209 144 65 17 2 0 0 
80 230 198 202 172 81 41 20 197 300 283 141 71 24 7 1 211 392 276 104 30 11 0 0 
66 267 169 189 189 69 39 36 195 295 264 179 50 33 8 0 199 436 280 89 17 3 0 0 
81 169 116 232 217 90 76 43 151 171 217 307 132 38 8 0 122 304 413 160 23 2 0 0 
85 115 136 297 252 93 36 10 148 199 311 250 104 11 1 0 161 330 396 122 13 1 1 0 
17 32 45 113 221 140 173 283 33 94 249 331 168 124 25 0 93 310 417 166 26 12 0 0 
10 353 311 46 15 12 24 253 569 167 10 16 55 146 57 4 738 18 44 131 67 23 3 0 
0 223 639 152 10 0 0 0 549 475 0 0 0 0 0 0 998 26 0 0 0 0 0 0 
11 118 491 368 30 6 0 0 99 537 315 68 4 1 0 0 383 364 250 26 1 0 0 0 
38 241 421 232 64 15 9 4 77 388 415 126 15 2 1 0 98 521 348 52 4 1 0 0 
18 92 391 382 107 25 6 3 28 201 542 220 26 7 0 0 52 356 530 75 11 0 0 0 
1 18 224 513 175 70 22 1 5 71 516 376 50 6 0 0 17 234 632 133 8 0 0 0 
11 23 145 581 197 50 14 3 13 41 439 466 43 11 7 4 20 133 701 138 14 10 5 3 
2 49 181 478 226 52 28 8 8 97 425 404 71 15 4 0 27 205 579 178 29 5 1 0 
4 39 185 469 209 90 21 7 11 115 391 418 73 14 1 1 24 197 552 231 16 2 1 1 
18 30 145 438 216 107 49 21 27 80 329 424 129 26 9 0 32 148 512 291 34 7 0 0 
22 34 136 327 239 156 78 32 28 86 243 406 183 61 16 1 32 123 405 355 77 24 7 1 
0 12 98 303 286 212 87 26 2 57 235 419 252 50 8 1 6 97 334 427 120 35 4 1 
16 37 93 309 322 179 54 14 30 50 240 428 207 61 7 1 21 60 365 429 99 38 10 2 
0 1 32 316 402 203 48 22 3 7 213 545 199 50 7 0 1 17 368 492 101 41 4 0 
0 6 44 376 439 118 30 11 1 25 286 509 179 20 4 0 0 15 418 457 63 65 4 2 
0 2 47 348 393 149 38 15 0 17 286 452 208 24 5 0 0 14 391 434 75 69 6 3 
46 180 235 257 209 79 13 5 143 394 292 149 42 1 0 3 298 438 228 55 2 2 1 0 
114 288 321 216 60 19 6 0 235 481 233 64 10 1 0 0 356 532 113 20 3 0 0 0 
100 283 266 204 115 39 13 4 226 456 259 67 13 3 0 0 339 504 147 29 5 0 0 0 
71 178 309 247 167 39 12 1 158 517 271 59 13 5 1 0 321 531 145 21 5 1 0 0 
121 259 309 161 52 18 16 88 282 439 172 59 28 32 12 0 437 400 128 46 13 0 0 0 
9 14 12 34 109 338 354 154 58 201 441 250 56 12 6 0 435 472 97 20 0 0 0 0 
3 68 216 34 79 242 331 51 306 128 406 160 19 5 0 0 565 393 56 10 0 0 0 0 
0 3 777 244 0 0 0 0 828 196 0 0 0 0 0 0 1024 0 0 0 0 0 0 0 
0 159 556 309 0 0 0 0 760 264 0 0 0 0 0 0 1024 0 0 0 0 0 0 0 
0 178 567 278 1 0 0 0 775 249 0 0 0 0 0 0 1024 0 0 0 0 0 0 0 
4 66 666 198 15 20 35 20 749 185 15 31 23 10 4 7 929 18 39 20 7 6 2 3 
12 161 354 259 103 46 53 36 497 338 48 38 58 27 17 1 823 50 59 53 27 11 1 0 
36 202 236 120 80 72 142 136 413 143 101 99 128 82 39 19 566 100 143 113 64 27 5 6 
50 231 252 136 63 78 100 114 443 159 75 94 102 91 41 19 611 85 105 113 64 38 8 0 
101 166 148 199 179 97 65 69 326 99 88 275 134 43 31 28 412 74 310 133 40 27 14 14 
29 81 72 119 124 73 56 470 140 73 114 165 232 244 44 12 189 174 392 204 41 19 4 1 
0 123 473 42 36 50 76 224 571 102 62 60 81 132 16 0 695 80 97 127 24 1 0 0 
0 62 945 17 0 0 0 0 704 320 0 0 0 0 0 0 1024 0 0 0 0 0 0 0 
4 77 595 170 58 64 37 19 465 306 68 45 58 41 30 11 693 118 57 55 53 29 14 5 
13 21 110 167 268 241 147 57 21 42 185 279 272 144 55 26 37 129 300 290 181 55 21 11 
5 19 54 224 278 249 151 44 9 46 128 347 242 161 71 20 26 104 377 303 143 54 14 3 
0 9 27 198 382 278 123 7 0 27 128 369 297 157 46 0 8 78 410 350 136 41 1 0 
0 4 24 98 267 375 207 49 0 14 84 260 322 251 80 13 7 73 281 372 222 54 11 4 
2 6 79 157 244 273 192 71 3 16 111 252 301 211 102 28 7 72 276 342 210 90 26 1 
1 12 22 101 244 335 246 63 7 13 59 148 349 293 139 16 16 41 185 312 283 163 20 4 
2 4 26 111 293 295 224 69 2 14 90 254 285 254 108 17 11 63 291 357 193 84 19 6 
8 11 90 230 256 241 132 56 8 26 170 327 317 136 33 7 20 79 397 378 123 23 3 1 
30 25 58 136 288 298 156 33 30 37 76 256 428 156 35 6 47 58 277 490 118 27 7 0 
2 6 20 96 243 468 158 31 3 7 44 168 525 214 53 10 7 30 202 521 197 56 11 0 
1 9 15 56 205 340 331 67 6 10 26 127 385 303 136 31 11 17 104 392 266 177 49 8 
59 57 67 101 279 270 138 53 56 62 68 190 320 195 107 26 56 83 131 311 241 134 62 6 
30 40 60 108 287 288 137 42 29 43 63 193 316 220 103 25 30 63 131 281 271 151 56 9 
0 0 8 88 212 370 303 43 0 3 102 225 326 286 81 1 2 75 316 414 198 19 0 0 
0 1 10 56 239 439 266 13 0 6 42 229 453 275 18 1 2 42 372 487 114 7 0 0 
3 15 73 63 258 378 224 10 10 81 61 245 393 215 18 1 28 135 333 377 140 11 0 0 
0 21 59 86 304 412 137 5 7 79 103 279 417 134 5 0 30 155 350 414 71 4 0 0 
4 27 94 67 226 311 173 122 35 150 146 430 225 34 4 0 132 325 390 150 25 2 0 0 
2 59 76 47 144 271 288 137 189 257 326 164 63 18 6 1 561 308 115 33 6 1 0 0 
16 79 340 98 124 173 146 48 494 218 187 94 23 8 0 0 766 190 51 17 0 0 0 0 
0 18 775 231 0 0 0 0 832 192 0 0 0 0 0 0 1024 0 0 0 0 0 0 0 
2 77 650 295 0 0 0 0 735 289 0 0 0 0 0 0 1024 0 0 0 0 0 0 0 
0 7 884 133 0 0 0 0 888 136 0 0 0 0 0 0 1024 0 0 0 0 0 0 0 
5 141 568 303 7 0 0 0 630 393 1 0 0 0 0 0 1011 13 0 0 0 0 0 0 
4 196 517 244 61 2 0 0 472 550 2 0 0 0 0 0 974 50 0 0 0 0 0 0 
35 277 493 197 22 0 0 0 572 451 1 0 0 0 0 0 999 25 0 0 0 0 0 0 
0 202 579 199 44 0 0 0 494 530 0 0 0 0 0 0 1011 13 0 0 0 0 0 0 
8 278 483 220 34 1 0 0 519 498 7 0 0 0 0 0 981 43 0 0 0 0 0 0 
40 160 130 7 5 6 14 662 279 66 10 20 375 253 21 0 347 34 479 149 15 0 0 0 
0 254 427 101 40 50 73 79 719 110 71 64 44 16 0 0 866 87 54 17 0 0 0 0 
0 93 764 167 0 0 0 0 697 327 0 0 0 0 0 0 1024 0 0 0 0 0 0 0 
55 81 409 450 16 6 2 5 462 487 23 26 14 5 3 4 947 36 21 12 3 1 2 2 
243 201 232 147 73 39 32 57 307 167 182 208 61 36 22 41 488 283 125 41 27 27 19 14 
231 122 131 114 112 154 91 69 297 101 129 162 152 116 40 27 414 217 144 124 75 23 20 7 
192 153 135 121 98 135 139 51 289 72 133 145 126 141 94 24 377 155 134 126 128 69 29 6 
22 78 206 187 174 141 152 64 25 67 159 270 199 139 125 40 106 255 205 154 133 114 41 16 
57 78 87 87 188 237 208 82 107 74 105 153 217 241 102 25 191 133 184 210 212 72 19 3 
157 121 50 70 88 251 233 54 264 77 61 67 114 293 135 13 329 89 71 183 236 102 10 4 
24 53 112 133 142 234 266 60 38 58 111 142 170 321 152 32 112 99 118 207 273 157 49 9 
23 40 97 184 324 224 91 41 30 46 121 228 367 153 60 19 82 112 176 340 218 58 36 2 
31 44 109 235 271 205 81 48 37 65 156 309 258 135 49 15 93 138 273 303 152 52 9 4 
36 56 145 285 214 143 102 43 43 58 191 313 208 144 51 16 73 125 332 282 145 45 16 6 
28 43 93 233 338 212 56 21 38 61 101 286 334 171 21 12 57 79 205 438 205 26 9 5 
69 46 75 121 334 238 95 46 81 45 83 164 420 162 46 23 100 66 148 381 248 50 24 7 
78 61 50 117 311 220 100 55 99 52 64 151 377 169 55 25 122 71 117 322 256 69 28 7 
106 178 227 197 130 119 49 18 129 208 266 223 134 51 13 0 215 259 326 166 44 14 0 0 
104 163 255 245 123 95 30 9 141 175 305 265 105 24 9 0 199 288 346 161 26 4 0 0 
75 153 231 251 142 96 51 25 108 169 297 258 136 41 11 4 183 276 331 168 55 10 1 0 
49 152 167 228 173 115 82 58 157 144 198 223 145 113 34 10 245 198 271 158 104 42 6 0 
77 54 80 133 115 141 205 219 139 114 238 269 170 66 21 7 295 308 232 134 43 12 0 0 
15 239 317 120 148 95 54 36 607 221 128 43 12 8 1 4 860 126 26 7 2 3 0 0 
67 318 272 4 12 23 59 269 651 22 20 85 95 101 32 18 677 78 98 114 35 15 3 4 
49 278 249 41 45 80 118 164 573 99 89 125 81 24 12 21 688 136 120 45 10 21 4 0 
26 252 608 40 20 31 27 20 792 150 30 35 7 9 1 0 937 51 23 10 3 0 0 0 
0 162 826 36 0 0 0 0 808 216 0 0 0 0 0 0 1024 0 0 0 0 0 0 0 
1 231 530 251 11 0 0 0 684 339 1 0 0 0 0 0 1017 7 0 0 0 0 0 0 
1 98 367 435 120 3 0 0 504 520 0 0 0 0 0 0 1009 15 0 0 0 0 0 0 
2 67 373 427 154 1 0 0 507 517 0 0 0 0 0 0 1015 9 0 0 0 0 0 0 
0 94 406 391 133 0 0 0 541 483 0 0 0 0 0 0 1023 1 0 0 0 0 0 0 
13 263 448 225 66 0 1 8 710 305 0 2 2 1 3 1 1005 10 3 4 2 0 0 0 
14 57 64 7 3 11 66 802 138 10 34 118 517 186 15 6 168 140 614 90 7 4 1 0 
0 167 382 216 83 65 88 23 646 225 106 42 5 0 0 0 920 93 11 0 0 0 0 0 
0 0 675 349 0 0 0 0 724 300 0 0 0 0 0 0 1024 0 0 0 0 0 0 0 
116 97 156 649 1 0 0 5 366 652 0 0 1 0 0 5 1005 13 0 1 0 0 0 5 
57 462 210 59 58 67 47 64 461 294 64 77 42 33 25 28 694 106 88 52 31 28 10 15 
119 395 106 59 86 85 97 77 445 186 78 93 91 72 33 26 576 113 115 93 63 39 15 10 
64 211 145 148 135 125 101 95 267 166 184 144 103 75 48 37 384 212 168 106 67 54 26 7 
107 118 108 122 115 129 207 118 214 131 147 147 168 149 43 25 306 185 179 163 130 37 19 5 
106 111 121 142 134 151 163 96 186 161 171 169 154 122 44 17 278 188 189 178 118 50 19 4 
233 219 164 130 84 63 48 83 393 191 143 115 71 53 25 33 513 200 128 81 46 23 16 17 
252 250 179 137 85 56 29 36 363 225 182 140 70 26 12 6 552 275 116 47 20 9 3 2 
85 137 170 185 147 93 107 100 125 176 238 241 161 61 14 8 320 310 265 95 26 7 1 0 
29 97 179 183 118 106 115 197 64 126 273 199 199 123 34 6 228 334 241 172 36 13 0 0 
103 113 160 181 131 87 90 159 154 128 224 183 204 95 28 8 301 274 251 146 35 16 1 0 
66 135 183 177 111 103 95 154 123 156 219 189 161 116 46 14 257 252 240 164 69 25 14 3 
90 161 194 163 103 79 77 157 156 177 227 163 114 83 63 41 384 249 164 102 50 40 25 10 
95 148 166 174 96 67 71 175 163 160 209 163 111 90 62 34 367 236 162 109 57 38 17 6 
108 129 190 285 221 63 20 8 141 198 312 248 92 23 6 4 242 325 296 118 25 12 6 0 
100 136 240 278 152 56 22 40 143 252 327 185 69 38 7 3 265 351 261 95 35 15 2 0 
47 174 191 113 103 79 166 151 330 164 147 204 131 35 12 1 479 250 213 58 22 2 0 0 
49 517 168 50 30 33 47 130 763 54 43 45 45 41 12 21 821 69 51 43 22 4 9 5 
7 70 121 294 237 58 132 105 526 226 112 94 16 23 12 15 822 128 25 19 10 12 7 1 
121 168 371 197 54 24 18 71 869 61 18 23 17 17 13 6 928 32 25 19 14 4 1 1 
38 41 223 256 89 45 69 263 582 83 42 69 127 97 23 1 674 72 143 100 34 1 0 0 
62 101 305 227 35 55 125 114 685 45 72 127 58 15 20 2 742 129 106 24 13 10 0 0 
63 226 354 177 39 42 54 69 773 77 54 59 34 23 4 0 859 74 54 30 7 0 0 0 
7 181 737 71 4 3 3 18 829 172 4 4 6 4 4 1 1001 4 8 6 4 1 0 0 
0 186 528 302 8 0 0 0 613 411 0 0 0 0 0 0 1022 2 0 0 0 0 0 0 
0 323 440 240 21 0 0 0 607 417 0 0 0 0 0 0 1020 4 0 0 0 0 0 0 
4 257 496 245 22 0 0 0 628 395 1 0 0 0 0 0 1015 9 0 0 0 0 0 0 
1 267 379 339 38 0 0 0 515 508 1 0 0 0 0 0 1013 11 0 0 0 0 0 0 
31 350 365 125 9 4 5 135 663 218 6 14 45 55 19 4 878 19 62 51 12 2 0 0 
5 1 6 11 15 42 115 829 22 57 62 211 566 106 0 0 106 292 575 51 0 0 0 0 
0 69 346 472 31 44 46 16 640 297 49 37 1 0 0 0 963 55 6 0 0 0 0 0 
0 0 788 236 0 0 0 0 770 254 0 0 0 0 0 0 1024 0 0 0 0 0 0 0 
107 151 214 530 19 1 0 2 451 570 1 0 0 0 0 2 1015 6 1 0 0 0 1 1 
165 365 122 76 90 88 76 42 538 202 117 91 38 32 6 0 716 165 90 38 13 1 1 0 
86 151 166 134 135 104 137 111 287 228 184 100 102 94 28 1 466 235 117 132 65 8 1 0 
81 81 85 100 127 173 248 129 179 141 192 218 145 131 17 1 291 243 203 219 61 6 1 0 
10 35 58 65 86 256 422 92 90 91 217 408 137 57 22 2 171 358 335 101 49 8 2 0 
38 33 40 121 203 168 223 198 101 147 244 186 161 113 55 17 215 297 235 157 81 33 6 0 
77 35 52 77 184 165 224 210 109 104 269 183 158 142 52 7 193 299 245 152 101 31 1 2 
16 32 46 99 111 114 309 297 50 110 167 197 264 155 74 7 138 222 346 181 90 43 4 0 
14 19 35 70 76 66 360 384 37 67 143 166 300 222 87 2 138 180 302 237 133 34 0 0 
30 60 103 77 61 119 233 341 67 89 165 208 238 173 66 18 220 197 277 190 95 39 6 0 
14 18 39 45 40 61 374 433 37 52 73 182 354 276 47 3 131 126 340 283 125 14 5 0 
42 72 113 103 60 82 195 357 79 106 155 176 228 199 72 9 275 164 257 192 108 27 1 0 
93 200 238 146 72 67 67 141 151 213 282 150 117 80 28 3 542 224 149 78 21 10 0 0 
97 198 211 106 61 61 85 173 163 195 249 129 163 77 16 0 516 213 180 70 11 2 0 0 
41 63 123 268 243 147 85 54 117 233 261 228 130 31 16 8 334 296 236 116 28 13 1 0 
43 37 61 128 141 176 246 192 89 210 246 270 151 32 20 6 368 333 246 57 12 6 2 0 
38 380 203 154 132 56 39 22 596 227 139 35 10 13 3 1 856 129 24 13 2 0 0 0 
35 98 90 32 12 18 165 574 259 20 55 161 357 125 28 19 307 181 376 111 31 11 7 0 
17 62 10 18 34 39 133 711 97 53 63 179 505 113 12 2 180 176 562 95 8 3 0 0 
31 16 3 7 4 16 263 684 45 8 76 275 398 205 13 4 67 254 465 222 15 1 0 0 
2 17 28 85 128 126 185 453 47 185 177 210 266 125 14 0 272 265 328 146 13 0 0 0 
119 476 169 54 42 64 49 51 756 99 69 60 19 13 5 3 860 106 39 11 7 1 0 0 
63 444 201 264 11 8 8 25 749 234 13 11 10 6 1 0 985 20 11 7 1 0 0 0 
53 212 569 190 0 0 0 0 522 502 0 0 0 0 0 0 1023 1 0 0 0 0 0 0 
20 466 411 120 7 0 0 0 642 379 3 0 0 0 0 0 1006 18 0 0 0 0 0 0 
97 589 251 78 9 0 0 0 733 289 2 0 0 0 0 0 1001 23 0 0 0 0 0 0 
66 528 349 53 26 2 0 0 726 295 3 0 0 0 0 0 1009 15 0 0 0 0 0 0 
31 748 218 27 0 0 0 0 724 300 0 0 0 0 0 0 1018 6 0 0 0 0 0 0 
51 771 156 33 9 4 0 0 737 280 7 0 0 0 0 0 1000 24 0 0 0 0 0 0 
106 113 26 24 108 77 41 529 272 143 32 43 101 246 140 47 418 43 129 213 130 64 22 5 
15 127 543 323 8 2 2 4 723 294 2 1 2 1 1 0 1017 3 1 2 1 0 0 0 
12 161 636 215 0 0 0 0 450 574 0 0 0 0 0 0 1021 3 0 0 0 0 0 0 
52 493 273 203 3 0 0 0 402 621 1 0 0 0 0 0 941 83 0 0 0 0 0 0 
73 701 124 13 19 55 33 6 586 322 32 54 21 6 3 0 830 114 52 23 3 2 0 0 
71 139 57 157 218 272 98 12 208 182 339 239 47 7 2 0 373 413 196 38 2 2 0 0 
40 43 64 136 243 286 174 38 123 207 350 210 102 26 6 0 337 425 189 57 14 2 0 0 
12 11 18 54 155 247 316 211 53 132 247 285 191 98 15 3 222 348 287 124 38 3 2 0 
0 2 7 8 28 109 635 235 14 36 125 438 290 105 15 1 77 369 394 160 22 2 0 0 
1 11 19 42 64 90 589 208 27 52 93 308 433 104 4 3 102 202 505 197 11 5 2 0 
2 20 28 33 39 55 481 366 16 46 71 143 492 218 35 3 82 133 434 301 60 12 2 0 
1 2 3 4 3 35 388 588 6 10 32 173 353 361 81 8 24 136 348 333 137 36 9 1 
10 33 78 45 19 49 335 455 23 68 130 233 174 274 114 8 162 196 245 196 192 31 2 0 
0 2 6 12 25 63 403 513 3 16 75 189 241 433 67 0 45 146 278 356 176 22 1 0 
2 6 19 32 56 70 493 346 9 33 92 222 364 248 56 0 57 148 415 234 139 31 0 0 
35 74 101 66 40 56 221 431 78 103 129 141 278 249 38 8 258 152 285 272 42 12 3 0 
70 96 105 58 38 48 168 409 115 118 124 130 217 241 40 7 313 144 255 243 30 7 0 0 
48 45 77 104 133 221 213 183 186 184 235 213 117 65 14 10 410 331 190 63 22 5 3 0 
114 177 107 109 155 121 106 135 368 189 193 121 112 38 3 0 623 210 137 46 7 1 0 0 
26 46 56 44 73 108 296 375 141 108 209 312 206 34 10 4 318 361 292 43 10 0 0 0 
16 20 38 34 72 127 285 432 125 149 211 285 218 34 2 0 429 337 227 29 2 0 0 0 
9 41 59 64 104 124 310 313 159 173 223 316 140 8 5 0 440 394 178 10 2 0 0 0 
97 151 158 74 102 151 195 96 444 170 172 160 77 1 0 0 657 219 140 8 0 0 0 0 
73 371 231 64 65 93 87 40 699 107 125 67 19 6 1 0 836 143 39 6 0 0 0 0 
42 388 434 32 31 28 44 25 843 78 43 42 15 2 1 0 918 62 37 7 0 0 0 0 
23 500 462 39 0 0 0 0 845 179 0 0 0 0 0 0 1024 0 0 0 0 0 0 0 
19 339 620 46 0 0 0 0 527 497 0 0 0 0 0 0 1023 1 0 0 0 0 0 0 
6 534 472 12 0 0 0 0 511 513 0 0 0 0 0 0 995 29 0 0 0 0 0 0 
11 896 112 5 0 0 0 0 812 212 0 0 0 0 0 0 998 26 0 0 0 0 0 0 
160 834 30 0 0 0 0 0 862 162 0 0 0 0 0 0 1016 8 0 0 0 0 0 0 
201 811 7 1 0 0 1 3 878 141 1 0 0 0 1 3 1016 4 0 0 1 2 1 0 
154 498 13 6 2 6 1 344 596 67 4 5 4 66 241 41 664 8 4 13 211 96 17 11 
22 10 33 57 60 47 64 731 124 86 36 72 204 292 196 14 230 80 219 214 238 32 11 0 
30 394 413 115 20 6 4 42 917 49 6 6 22 15 7 2 968 9 24 15 5 1 1 1 
0 547 476 1 0 0 0 0 626 398 0 0 0 0 0 0 966 58 0 0 0 0 0 0 
9 377 559 79 0 0 0 0 365 658 1 0 0 0 0 0 843 181 0 0 0 0 0 0 
2 747 272 3 0 0 0 0 460 564 0 0 0 0 0 0 847 177 0 0 0 0 0 0 
32 583 166 36 58 85 57 7 527 284 96 79 35 3 0 0 758 167 75 21 3 0 0 0 
32 26 49 55 122 410 290 40 93 86 316 362 132 28 5 2 199 420 318 71 13 3 0 0 
10 12 18 36 105 425 368 50 39 71 263 455 168 19 8 1 134 407 395 75 10 3 0 0 
0 1 8 14 41 198 517 245 15 50 152 418 252 113 18 6 96 348 428 123 21 7 1 0 
5 11 17 23 15 30 109 814 31 29 33 75 222 518 103 13 83 93 338 382 111 9 8 0 
44 48 24 10 11 11 49 827 68 54 23 37 244 498 86 14 135 79 337 348 110 11 4 0 
14 20 11 23 25 39 227 665 28 43 59 112 332 397 49 4 92 124 381 359 60 8 0 0 
73 107 121 59 46 52 253 313 120 135 157 148 263 171 25 5 335 182 266 195 41 5 0 0 
48 66 44 55 46 72 233 460 98 93 85 141 309 235 54 9 212 181 320 219 83 8 1 0 
9 10 28 27 34 43 349 524 20 35 57 206 469 222 12 3 69 180 489 265 16 3 2 0 
48 68 70 26 23 26 95 668 98 89 57 57 421 273 24 5 221 68 450 260 23 2 0 0 
47 49 24 11 13 20 93 735 90 47 21 55 458 292 24 5 152 47 506 270 15 2 0 0 
3 4 10 12 38 142 725 90 25 44 197 672 81 5 0 0 93 472 446 12 1 0 0 0 
3 2 6 29 67 240 601 76 31 66 290 564 72 1 0 0 145 497 374 8 0 0 0 0 
0 2 13 42 79 183 608 97 50 74 245 541 113 1 0 0 162 453 391 18 0 0 0 0 
5 7 9 40 68 181 544 170 65 63 206 498 186 6 0 0 158 385 452 29 0 0 0 0 
0 4 9 13 36 122 620 220 25 48 174 483 273 20 1 0 87 374 507 53 3 0 0 0 
42 9 12 22 32 103 520 284 68 36 124 400 352 44 0 0 120 261 523 117 3 0 0 0 
90 12 14 19 46 89 431 323 125 45 107 324 368 51 4 0 182 208 515 111 7 1 0 0 
96 86 13 13 22 55 422 317 194 41 48 287 386 65 3 0 236 134 522 127 5 0 0 0 
165 87 8 14 21 60 338 331 257 27 71 227 365 65 10 2 299 134 399 178 12 2 0 0 
101 278 9 21 22 48 284 261 383 28 57 175 301 60 20 0 414 100 365 119 26 0 0 0 
53 569 43 9 29 46 175 100 427 256 53 110 114 43 20 1 651 109 159 74 28 3 0 0 
23 601 356 3 3 5 16 17 330 645 10 14 16 4 5 0 677 312 23 6 6 0 0 0 
147 347 530 0 0 0 0 0 378 644 2 0 0 0 0 0 664 360 0 0 0 0 0 0 
177 320 39 6 10 7 8 457 426 128 4 9 9 108 276 64 526 30 13 33 322 48 38 14 
17 56 5 4 1 4 10 927 85 2 7 8 16 541 339 26 84 5 16 204 670 24 21 0 
0 0 0 0 0 1 74 949 0 1 0 15 86 831 91 0 1 8 52 460 488 15 0 0 
2 2 1 1 7 15 233 763 3 4 15 109 297 494 95 7 13 69 261 438 217 26 0 0 
38 138 14 14 25 72 292 431 169 36 60 146 346 237 27 3 206 114 349 288 54 12 1 0 
18 380 493 19 17 26 38 33 372 533 24 30 33 20 11 1 789 142 44 26 18 5 0 0 
23 555 425 21 0 0 0 0 449 572 3 0 0 0 0 0 850 174 0 0 0 0 0 0 
37 726 94 55 77 24 9 2 644 259 91 24 6 0 0 0 874 122 25 3 0 0 0 0 
25 44 73 190 252 196 209 35 108 225 341 258 85 6 1 0 323 448 227 22 3 1 0 0 
11 12 20 47 64 182 539 149 51 64 214 445 232 17 1 0 172 415 409 26 2 0 0 0 
5 5 2 3 5 18 319 667 9 5 38 243 412 311 6 0 29 229 538 222 6 0 0 0 
3 1 3 3 5 6 47 956 16 7 10 28 311 640 9 3 31 52 523 409 6 3 0 0 
1 6 8 16 23 36 118 816 58 45 50 45 297 484 36 9 152 60 477 309 20 6 0 0 
20 13 13 26 26 26 251 649 79 31 24 159 482 233 16 0 123 118 578 202 3 0 0 0 
46 15 29 30 37 52 382 433 108 42 65 219 469 100 20 1 175 137 526 177 9 0 0 0 
33 44 33 17 15 37 397 448 99 43 47 180 436 201 18 0 156 117 508 237 6 0 0 0 
2 8 8 12 23 24 356 591 39 23 72 242 443 167 36 2 103 184 540 159 31 7 0 0 
2 8 32 23 30 25 282 622 45 45 56 124 454 216 69 15 136 99 521 172 58 25 12 1 
2 5 24 19 22 25 293 602 33 30 47 145 448 196 78 15 100 96 541 144 70 28 12 1 
0 0 5 13 54 333 601 18 14 52 390 536 32 0 0 0 102 644 278 0 0 0 0 0 
0 2 6 17 48 209 684 58 19 47 230 621 106 1 0 0 84 416 519 5 0 0 0 0 
23 10 22 32 35 120 645 137 68 45 150 490 263 8 0 0 125 330 548 21 0 0 0 0 
3 5 15 21 37 119 637 187 45 38 129 539 272 1 0 0 101 313 588 22 0 0 0 0 
19 10 21 31 42 121 548 232 68 56 148 401 337 14 0 0 131 296 528 69 0 0 0 0 
21 19 18 32 47 87 526 274 78 47 100 373 383 42 1 0 128 213 588 91 4 0 0 0 
1 3 9 14 24 110 620 243 23 40 109 417 402 25 5 3 71 254 594 96 6 3 0 0 
0 0 4 13 43 185 553 226 20 46 183 376 362 34 3 0 99 312 508 101 4 0 0 0 
7 24 27 34 98 202 436 196 63 82 222 306 294 49 8 0 162 325 411 109 13 4 0 0 
15 57 32 29 86 233 410 162 114 79 227 355 177 53 14 5 229 375 288 100 24 5 3 0 
8 6 11 37 79 301 528 54 29 62 231 538 146 11 4 3 107 464 403 39 5 3 0 3 
49 92 38 67 121 222 324 111 152 121 208 290 210 39 4 0 285 296 337 96 10 0 0 0 
61 405 92 24 31 93 204 114 376 211 86 200 100 40 11 0 555 193 188 71 15 2 0 0 
36 580 258 9 13 51 46 31 413 461 54 57 18 13 7 1 832 117 43 19 9 4 0 0 
28 776 155 7 6 10 14 28 441 518 21 9 13 9 6 7 795 182 14 15 7 7 4 0 
27 562 219 17 9 18 23 149 294 537 26 13 33 93 20 8 628 216 31 87 47 11 4 0 
29 395 54 12 12 20 163 339 334 173 24 68 187 215 22 1 473 61 152 257 76 5 0 0 
20 80 3 19 46 156 396 304 105 40 143 236 344 120 32 4 147 220 368 222 56 11 0 0 
4 298 436 51 49 84 73 29 263 514 81 98 45 19 4 0 711 152 113 37 10 1 0 0 
52 433 480 59 0 0 0 0 409 615 0 0 0 0 0 0 779 245 0 0 0 0 0 0 
112 393 83 49 60 111 155 61 499 142 108 149 97 21 7 1 624 183 148 53 12 4 0 0 
7 12 15 42 161 369 324 94 31 116 348 371 121 26 10 1 184 524 255 49 11 1 0 0 
0 3 8 11 24 128 498 352 11 38 134 454 270 74 39 4 88 444 367 74 28 21 2 0 
6 5 11 7 12 37 152 794 27 26 62 198 373 313 24 1 82 210 456 238 33 5 0 0 
15 29 45 45 46 36 170 638 40 44 69 187 449 197 27 11 125 191 480 166 46 12 4 0 
0 0 1 1 1 6 442 573 3 2 9 226 625 154 5 0 7 102 744 163 8 0 0 0 
0 0 0 0 0 6 679 339 0 0 7 416 592 9 0 0 0 160 843 21 0 0 0 0 
0 0 0 0 0 9 770 245 0 0 5 467 546 6 0 0 1 123 865 35 0 0 0 0 
0 0 0 0 0 4 748 272 0 0 4 477 538 5 0 0 0 150 848 26 0 0 0 0 
0 0 0 0 3 4 692 325 2 1 5 460 544 12 0 0 3 140 845 36 0 0 0 0 
0 0 0 0 0 7 835 182 0 1 4 609 409 1 0 0 1 203 810 10 0 0 0 0 
0 0 0 0 0 5 809 178 0 0 2 546 438 6 0 0 0 185 790 17 0 0 0 0 
