1024 0 0 0 0 0 0 0 1024 0 0 0 0 0 0 0 0 256 768 0 0 0 0 0 
1024 0 0 0 0 0 0 0 384 640 0 0 0 0 0 0 0 0 1024 0 0 0 0 0 
1024 0 0 0 0 0 0 0 0 1024 0 0 0 0 0 0 0 0 1024 0 0 0 0 0 
1024 0 0 0 0 0 0 0 0 1024 0 0 0 0 0 0 0 0 1024 0 0 0 0 0 
1024 0 0 0 0 0 0 0 0 1024 0 0 0 0 0 0 0 0 512 512 0 0 0 0 
1024 0 0 0 0 0 0 0 0 1024 0 0 0 0 0 0 0 0 0 1024 0 0 0 0 
1024 0 0 0 0 0 0 0 0 1024 0 0 0 0 0 0 0 0 0 1024 0 0 0 0 
1024 0 0 0 0 0 0 0 0 1024 0 0 0 0 0 0 0 0 0 1024 0 0 0 0 
1024 0 0 0 0 0 0 0 0 960 64 0 0 0 0 0 0 0 0 256 768 0 0 0 
1024 0 0 0 0 0 0 0 0 64 960 0 0 0 0 0 0 0 0 0 1024 0 0 0 
832 192 0 0 0 0 0 0 0 0 1024 0 0 0 0 0 0 0 0 0 1024 0 0 0 
448 576 0 0 0 0 0 0 0 0 1024 0 0 0 0 0 0 0 0 0 1024 0 0 0 
64 960 0 0 0 0 0 0 0 0 1024 0 0 0 0 0 0 0 0 0 640 384 0 0 
0 1024 0 0 0 0 0 0 0 0 704 320 0 0 0 0 0 0 0 0 0 1024 0 0 
0 1024 0 0 0 0 0 0 0 0 0 1024 0 0 0 0 0 0 0 0 0 1024 0 0 
0 1024 0 0 0 0 0 0 0 0 0 1024 0 0 0 0 0 0 0 0 0 1024 0 0 
0 1024 0 0 0 0 0 0 0 0 0 1024 0 0 0 0 0 0 0 0 0 1024 0 0 
0 1024 0 0 0 0 0 0 0 0 0 1024 0 0 0 0 0 0 0 0 0 1024 0 0 
0 752 272 0 0 0 0 0 0 0 0 128 896 0 0 0 0 0 0 0 0 768 256 0 
0 0 1024 0 0 0 0 0 0 0 0 0 1024 0 0 0 0 0 0 0 0 0 1024 0 
0 0 1024 0 0 0 0 0 0 0 0 0 1024 0 0 0 0 0 0 0 0 0 1024 0 
0 0 1024 0 0 0 0 0 0 0 0 0 1024 0 0 0 0 0 0 0 0 0 1024 0 
0 0 1024 0 0 0 0 0 0 0 0 0 1000 24 0 0 0 0 0 0 0 0 1024 0 
0 0 704 320 0 0 0 0 0 0 0 0 288 736 0 0 0 0 0 0 0 0 1024 0 
0 0 0 1024 0 0 0 0 0 0 0 0 0 1024 0 0 0 0 0 0 0 0 1024 0 
0 0 0 1024 0 0 0 0 0 0 0 0 0 1024 0 0 0 0 0 0 0 0 1024 0 
0 0 0 1024 0 0 0 0 0 0 0 0 0 1024 0 0 0 0 0 0 0 0 744 280 
0 0 0 384 640 0 0 0 0 0 0 0 0 1024 0 0 0 0 0 0 0 0 896 128 
0 0 0 0 1024 0 0 0 0 0 0 0 0 448 576 0 0 0 0 0 0 0 64 960 
0 0 0 0 1024 0 0 0 0 0 0 0 0 0 1024 0 0 0 0 0 0 0 0 1024 
0 0 0 0 1024 0 0 0 0 0 0 0 0 0 1024 0 0 0 0 0 0 0 0 1024 
0 0 0 0 1024 0 0 0 0 0 0 0 0 0 1024 0 0 0 0 0 0 0 0 1024 
0 0 0 0 1024 0 0 0 0 0 0 0 0 0 1024 0 0 0 0 0 0 0 0 1024 
0 0 0 0 1024 0 0 0 0 0 0 0 0 0 1024 0 0 0 0 0 0 0 0 1024 
0 0 0 0 1024 0 0 0 0 0 0 0 0 0 1024 0 0 0 0 0 0 0 0 1024 
0 0 0 0 1024 0 0 0 0 0 0 0 0 0 1024 0 0 0 0 0 0 0 0 1024 
0 0 0 0 992 0 0 0 0 0 0 0 0 0 992 0 0 0 0 0 0 0 0 992 
1024 0 0 0 0 0 0 0 576 448 0 0 0 0 0 0 0 0 1024 0 0 0 0 0 
1024 0 0 0 0 0 0 0 0 1024 0 0 0 0 0 0 0 0 1024 0 0 0 0 0 
1024 0 0 0 0 0 0 0 0 1024 0 0 0 0 0 0 0 0 1024 0 0 0 0 0 
1024 0 0 0 0 0 0 0 0 1024 0 0 0 0 0 0 0 0 768 256 0 0 0 0 
1024 0 0 0 0 0 0 0 0 1024 0 0 0 0 0 0 0 0 0 1024 0 0 0 0 
1024 0 0 0 0 0 0 0 0 1024 0 0 0 0 0 0 0 0 0 1024 0 0 0 0 
1024 0 0 0 0 0 0 0 0 1024 0 0 0 0 0 0 0 0 0 1024 0 0 0 0 
1024 0 0 0 0 0 0 0 0 1024 0 0 0 0 0 0 0 0 0 512 512 0 0 0 
1024 0 0 0 0 0 0 0 0 384 640 0 0 0 0 0 0 0 0 0 1024 0 0 0 
1024 0 0 0 0 0 0 0 0 0 1024 0 0 0 0 0 0 0 0 0 1024 0 0 0 
256 768 0 0 0 0 0 0 0 0 1024 0 0 0 0 0 0 0 0 0 1024 0 0 0 
704 320 0 0 0 0 0 0 0 0 1024 0 0 0 0 0 0 0 0 0 1024 0 0 0 
0 1024 0 0 0 0 0 0 0 0 1024 0 0 0 0 0 0 0 0 0 320 704 0 0 
0 1024 0 0 0 0 0 0 0 0 384 640 0 0 0 0 0 0 0 0 0 1024 0 0 
0 1024 0 0 0 0 0 0 0 0 0 1024 0 0 0 0 0 0 0 0 0 1024 0 0 
0 1024 0 0 0 0 0 0 0 0 0 1024 0 0 0 0 0 0 0 0 0 1024 0 0 
0 1024 0 0 0 0 0 0 0 0 0 1024 0 0 0 0 0 0 0 0 0 1024 0 0 
0 1024 0 0 0 0 0 0 0 0 0 896 128 0 0 0 0 0 0 0 0 1024 0 0 
0 584 440 0 0 0 0 0 0 0 0 32 992 0 0 0 0 0 0 0 0 600 424 0 
0 4 1020 0 0 0 0 0 0 0 0 0 1024 0 0 0 0 0 0 0 0 8 1016 0 
0 0 1024 0 0 0 0 0 0 0 0 0 1024 0 0 0 0 0 0 0 0 0 1024 0 
0 0 1024 0 0 0 0 0 0 0 0 0 1024 0 0 0 0 0 0 0 0 0 1024 0 
0 0 1024 0 0 0 0 0 0 0 0 0 928 96 0 0 0 0 0 0 0 0 1024 0 
0 0 384 640 0 0 0 0 0 0 0 0 0 1024 0 0 0 0 0 0 0 0 1024 0 
0 0 0 1024 0 0 0 0 0 0 0 0 0 1024 0 0 0 0 0 0 0 0 1024 0 
0 0 0 1024 0 0 0 0 0 0 0 0 0 1024 0 0 0 0 0 0 0 0 1024 0 
0 0 0 896 128 0 0 0 0 0 0 0 0 1024 0 0 0 0 0 0 0 0 832 192 
0 0 0 0 1024 0 0 0 0 0 0 0 0 960 64 0 0 0 0 0 0 0 408 616 
0 0 0 0 1024 0 0 0 0 0 0 0 0 64 960 0 0 0 0 0 0 0 0 1024 
0 0 0 0 1024 0 0 0 0 0 0 0 0 0 1024 0 0 0 0 0 0 0 0 1024 
0 0 0 0 1024 0 0 0 0 0 0 0 0 0 1024 0 0 0 0 0 0 0 0 1024 
0 0 0 0 1024 0 0 0 0 0 0 0 0 0 1024 0 0 0 0 0 0 0 0 1024 
0 0 0 0 1024 0 0 0 0 0 0 0 0 0 1024 0 0 0 0 0 0 0 0 1024 
0 0 0 0 1024 0 0 0 0 0 0 0 0 0 1024 0 0 0 0 0 0 0 0 1024 
0 0 0 0 1024 0 0 0 0 0 0 0 0 0 1024 0 0 0 0 0 0 0 0 1024 
0 0 0 0 1024 0 0 0 0 0 0 0 0 0 1024 0 0 0 0 0 0 0 0 1024 
0 0 0 0 992 0 0 0 0 0 0 0 0 0 992 0 0 0 0 0 0 0 0 992 
1024 0 0 0 0 0 0 0 64 960 0 0 0 0 0 0 0 0 1024 0 0 0 0 0 
1024 0 0 0 0 0 0 0 0 1024 0 0 0 0 0 0 0 0 1024 0 0 0 0 0 
1024 0 0 0 0 0 0 0 0 1024 0 0 0 0 0 0 0 0 768 256 0 0 0 0 
1024 0 0 0 0 0 0 0 0 1024 0 0 0 0 0 0 0 0 0 1024 0 0 0 0 
1024 0 0 0 0 0 0 0 0 1024 0 0 0 0 0 0 0 0 0 1024 0 0 0 0 
1024 0 0 0 0 0 0 0 0 1024 0 0 0 0 0 0 0 0 0 1024 0 0 0 0 
1024 0 0 0 0 0 0 0 0 1024 0 0 0 0 0 0 0 0 0 1024 0 0 0 0 
1024 0 0 0 0 0 0 0 0 704 320 0 0 0 0 0 0 0 0 0 1024 0 0 0 
1024 0 0 0 0 0 0 0 0 0 1024 0 0 0 0 0 0 0 0 0 1024 0 0 0 
896 128 0 0 0 0 0 0 0 0 1024 0 0 0 0 0 0 0 0 0 1024 0 0 0 
0 1024 0 0 0 0 0 0 0 0 1024 0 0 0 0 0 0 0 0 0 1024 0 0 0 
384 640 0 0 0 0 0 0 0 0 1024 0 0 0 0 0 0 0 0 0 960 64 0 0 
7 916 76 18 7 0 0 0 0 32 985 7 0 0 0 0 5 35 20 20 343 601 0 0 
2 507 214 192 99 10 0 0 2 309 438 275 0 0 0 0 111 303 81 36 232 261 0 0 
2 390 325 228 42 18 18 1 1 337 189 472 19 6 0 0 63 361 65 34 163 338 0 0 
0 439 295 176 90 21 2 1 2 324 113 549 28 8 0 0 133 245 56 44 70 425 51 0 
0 585 231 200 8 0 0 0 0 235 83 695 11 0 0 0 40 224 39 26 73 600 22 0 
0 603 241 128 46 5 1 0 1 110 86 587 238 2 0 0 17 122 62 21 42 666 94 0 
0 180 659 137 40 8 0 0 0 55 84 84 799 2 0 0 12 59 71 20 40 287 535 0 
0 12 943 32 29 8 0 0 0 3 19 26 972 4 0 0 1 9 12 5 5 101 887 4 
0 0 1024 0 0 0 0 0 0 0 0 0 1024 0 0 0 0 0 0 0 0 0 1024 0 
0 0 1024 0 0 0 0 0 0 0 0 0 1024 0 0 0 0 0 0 0 0 0 1024 0 
0 0 992 32 0 0 0 0 0 0 0 0 640 384 0 0 0 0 0 0 0 0 1024 0 
0 0 0 1024 0 0 0 0 0 0 0 0 0 1024 0 0 0 0 0 0 0 0 1024 0 
0 0 0 1024 0 0 0 0 0 0 0 0 0 1024 0 0 0 0 0 0 0 0 1024 0 
0 0 0 1024 0 0 0 0 0 0 0 0 0 1024 0 0 0 0 0 0 0 0 768 256 
0 0 0 512 512 0 0 0 0 0 0 0 0 1024 0 0 0 0 0 0 0 0 640 384 
0 0 0 0 1024 0 0 0 0 0 0 0 0 448 576 0 0 0 0 0 0 0 0 1024 
0 0 0 0 1024 0 0 0 0 0 0 0 0 0 1024 0 0 0 0 0 0 0 0 1024 
0 0 0 0 1024 0 0 0 0 0 0 0 0 0 1024 0 0 0 0 0 0 0 0 1024 
0 0 0 0 1024 0 0 0 0 0 0 0 0 0 1024 0 0 0 0 0 0 0 0 1024 
0 0 0 0 1024 0 0 0 0 0 0 0 0 0 1024 0 0 0 0 0 0 0 0 1024 
0 0 0 0 1024 0 0 0 0 0 0 0 0 0 1024 0 0 0 0 0 0 0 0 1024 
0 0 0 0 1024 0 0 0 0 0 0 0 0 0 1024 0 0 0 0 0 0 0 0 1024 
0 0 0 0 1024 0 0 0 0 0 0 0 0 0 1024 0 0 0 0 0 0 0 0 1024 
0 0 0 0 704 320 0 0 0 0 0 0 0 0 1024 0 0 0 0 0 0 0 0 1024 
0 0 0 0 448 544 0 0 0 0 0 0 0 0 896 96 0 0 0 0 0 0 0 992 
1024 0 0 0 0 0 0 0 0 1024 0 0 0 0 0 0 0 0 1024 0 0 0 0 0 
1024 0 0 0 0 0 0 0 0 1024 0 0 0 0 0 0 0 0 1024 0 0 0 0 0 
1024 0 0 0 0 0 0 0 0 1024 0 0 0 0 0 0 0 0 256 768 0 0 0 0 
1024 0 0 0 0 0 0 0 0 1024 0 0 0 0 0 0 0 0 0 1024 0 0 0 0 
1024 0 0 0 0 0 0 0 0 1024 0 0 0 0 0 0 0 0 0 1024 0 0 0 0 
1024 0 0 0 0 0 0 0 0 1024 0 0 0 0 0 0 0 0 0 1024 0 0 0 0 
1024 0 0 0 0 0 0 0 0 768 256 0 0 0 0 0 0 0 0 704 320 0 0 0 
1024 0 0 0 0 0 0 0 0 64 960 0 0 0 0 0 0 0 0 0 1024 0 0 0 
1024 0 0 0 0 0 0 0 0 0 1024 0 0 0 0 0 0 0 0 0 1024 0 0 0 
576 448 0 0 0 0 0 0 0 0 1024 0 0 0 0 0 0 0 0 0 1024 0 0 0 
0 1024 0 0 0 0 0 0 0 0 1024 0 0 0 0 0 0 0 0 0 1024 0 0 0 
64 618 139 199 4 0 0 0 0 100 924 0 0 0 0 0 3 219 75 80 493 154 0 0 
5 39 271 647 62 0 0 0 5 538 479 2 0 0 0 0 138 745 58 31 37 15 0 0 
0 0 47 316 661 0 0 0 14 212 798 0 0 0 0 0 88 926 10 0 0 0 0 0 
0 0 11 294 620 81 15 3 3 105 776 98 35 7 0 0 40 809 116 49 9 1 0 0 
0 0 94 752 178 0 0 0 1 387 625 11 0 0 0 0 71 897 56 0 0 0 0 0 
0 0 73 882 67 2 0 0 0 425 583 16 0 0 0 0 23 921 74 6 0 0 0 0 
0 1 76 458 205 149 113 22 6 219 415 136 148 84 16 0 55 508 183 149 112 16 1 0 
0 0 33 273 319 167 166 66 5 145 355 213 158 123 25 0 73 375 235 162 145 31 3 0 
0 9 45 332 346 129 102 61 4 213 358 156 176 77 40 0 53 422 189 120 110 98 29 3 
0 0 503 196 160 85 61 19 0 35 124 103 734 26 2 0 5 111 103 81 64 144 516 0 
0 0 1016 8 0 0 0 0 0 0 0 0 1024 0 0 0 0 0 0 0 0 0 1024 0 
0 0 256 768 0 0 0 0 0 0 0 0 536 488 0 0 0 0 0 0 0 0 1024 0 
0 0 0 1024 0 0 0 0 0 0 0 0 0 1024 0 0 0 0 0 0 0 0 1024 0 
0 0 0 1024 0 0 0 0 0 0 0 0 0 1024 0 0 0 0 0 0 0 0 1024 0 
0 0 0 1024 0 0 0 0 0 0 0 0 0 1024 0 0 0 0 0 0 0 0 528 496 
0 0 0 64 960 0 0 0 0 0 0 0 0 1024 0 0 0 0 0 0 0 0 640 384 
0 0 0 0 1024 0 0 0 0 0 0 0 0 64 960 0 0 0 0 0 0 0 0 1024 
0 0 0 0 1024 0 0 0 0 0 0 0 0 0 1024 0 0 0 0 0 0 0 0 1024 
0 0 0 0 1024 0 0 0 0 0 0 0 0 0 1024 0 0 0 0 0 0 0 0 1024 
0 0 0 0 1024 0 0 0 0 0 0 0 0 0 1024 0 0 0 0 0 0 0 0 1024 
0 0 0 0 1024 0 0 0 0 0 0 0 0 0 1024 0 0 0 0 0 0 0 0 1024 
0 0 0 0 1024 0 0 0 0 0 0 0 0 0 1024 0 0 0 0 0 0 0 0 1024 
0 0 0 0 448 576 0 0 0 0 0 0 0 0 1024 0 0 0 0 0 0 0 0 1024 
0 0 0 0 64 960 0 0 0 0 0 0 0 0 1024 0 0 0 0 0 0 0 0 1024 
0 0 0 0 0 1024 0 0 0 0 0 0 0 0 768 256 0 0 0 0 0 0 0 1024 
0 0 0 0 24 968 0 0 0 0 0 0 0 0 416 576 0 0 0 0 0 0 0 992 
1024 0 0 0 0 0 0 0 0 1024 0 0 0 0 0 0 0 0 768 256 0 0 0 0 
1024 0 0 0 0 0 0 0 0 1024 0 0 0 0 0 0 0 0 0 1024 0 0 0 0 
1024 0 0 0 0 0 0 0 0 1024 0 0 0 0 0 0 0 0 0 1024 0 0 0 0 
1024 0 0 0 0 0 0 0 0 1024 0 0 0 0 0 0 0 0 0 1024 0 0 0 0 
1024 0 0 0 0 0 0 0 0 1024 0 0 0 0 0 0 0 0 0 1024 0 0 0 0 
1024 0 0 0 0 0 0 0 0 960 64 0 0 0 0 0 0 0 0 960 64 0 0 0 
1024 0 0 0 0 0 0 0 0 256 768 0 0 0 0 0 0 0 0 64 960 0 0 0 
744 280 0 0 0 0 0 0 0 0 1024 0 0 0 0 0 0 0 0 0 1024 0 0 0 
640 384 0 0 0 0 0 0 0 0 1024 0 0 0 0 0 0 0 0 0 1024 0 0 0 
125 842 32 23 2 0 0 0 0 0 1024 0 0 0 0 0 1 14 21 34 954 0 0 0 
3 390 180 368 83 0 0 0 0 142 880 2 0 0 0 0 2 320 254 76 366 6 0 0 
0 0 223 773 28 0 0 0 1 537 486 0 0 0 0 0 74 792 158 0 0 0 0 0 
0 4 229 754 37 0 0 0 5 656 363 0 0 0 0 0 145 866 13 0 0 0 0 0 
0 0 100 900 24 0 0 0 7 562 455 0 0 0 0 0 138 881 5 0 0 0 0 0 
0 0 149 695 180 0 0 0 1 678 345 0 0 0 0 0 229 793 2 0 0 0 0 0 
0 0 0 535 485 4 0 0 0 462 561 1 0 0 0 0 94 913 17 0 0 0 0 0 
0 0 111 830 83 0 0 0 0 835 189 0 0 0 0 0 217 807 0 0 0 0 0 0 
0 0 49 716 259 0 0 0 0 382 642 0 0 0 0 0 76 905 43 0 0 0 0 0 
0 0 19 516 365 62 41 21 0 247 601 73 50 39 14 0 36 639 232 57 41 18 1 0 
0 4 47 144 257 219 214 139 4 105 262 186 212 173 73 9 73 227 205 218 201 87 13 0 
0 2 109 444 251 91 78 49 6 198 522 122 100 62 13 1 60 411 331 108 71 32 10 1 
0 0 150 311 327 155 63 18 0 3 255 149 513 93 11 0 1 46 291 105 97 150 328 6 
0 0 2 826 52 57 59 28 0 0 0 7 169 788 49 11 0 0 2 25 36 64 879 18 
0 0 0 1024 0 0 0 0 0 0 0 0 0 1024 0 0 0 0 0 0 0 0 1024 0 
0 0 0 1024 0 0 0 0 0 0 0 0 0 1024 0 0 0 0 0 0 0 0 1024 0 
0 0 0 880 144 0 0 0 0 0 0 0 0 1024 0 0 0 0 0 0 0 0 912 112 
0 0 0 0 1024 0 0 0 0 0 0 0 0 960 64 0 0 0 0 0 0 0 448 576 
0 0 0 0 1024 0 0 0 0 0 0 0 0 0 1024 0 0 0 0 0 0 0 0 1024 
0 0 0 0 1024 0 0 0 0 0 0 0 0 0 1024 0 0 0 0 0 0 0 0 1024 
0 0 0 0 1024 0 0 0 0 0 0 0 0 0 1024 0 0 0 0 0 0 0 0 1024 
0 0 0 0 1024 0 0 0 0 0 0 0 0 0 1024 0 0 0 0 0 0 0 0 1024 
0 0 0 0 1024 0 0 0 0 0 0 0 0 0 1024 0 0 0 0 0 0 0 0 1024 
0 0 0 0 320 704 0 0 0 0 0 0 0 0 1024 0 0 0 0 0 0 0 0 1024 
0 0 0 0 0 1024 0 0 0 0 0 0 0 0 832 192 0 0 0 0 0 0 0 1024 
0 0 0 0 0 1024 0 0 0 0 0 0 0 0 256 768 0 0 0 0 0 0 0 1024 
0 0 0 0 0 1024 0 0 0 0 0 0 0 0 0 1024 0 0 0 0 0 0 0 1024 
0 0 0 0 0 992 0 0 0 0 0 0 0 0 9 983 0 0 0 0 0 0 0 992 
1024 0 0 0 0 0 0 0 0 1024 0 0 0 0 0 0 0 0 0 1024 0 0 0 0 
1024 0 0 0 0 0 0 0 0 1024 0 0 0 0 0 0 0 0 0 1024 0 0 0 0 
1024 0 0 0 0 0 0 0 0 1024 0 0 0 0 0 0 0 0 0 1024 0 0 0 0 
1024 0 0 0 0 0 0 0 0 1024 0 0 0 0 0 0 0 0 0 1024 0 0 0 0 
1024 0 0 0 0 0 0 0 0 1024 0 0 0 0 0 0 0 0 0 1024 0 0 0 0 
1024 0 0 0 0 0 0 0 0 512 512 0 0 0 0 0 0 0 0 512 512 0 0 0 
960 64 0 0 0 0 0 0 0 0 1024 0 0 0 0 0 0 0 0 0 1024 0 0 0 
64 960 0 0 0 0 0 0 0 0 1024 0 0 0 0 0 0 0 0 0 1024 0 0 0 
51 921 18 21 13 0 0 0 0 1 1023 0 0 0 0 0 0 11 15 42 956 0 0 0 
48 95 91 702 88 0 0 0 0 395 629 0 0 0 0 0 25 646 181 52 107 13 0 0 
0 0 19 759 244 2 0 0 3 473 543 5 0 0 0 0 22 967 35 0 0 0 0 0 
0 0 37 455 435 94 3 0 0 260 697 67 0 0 0 0 34 872 118 0 0 0 0 0 
0 0 96 745 182 1 0 0 13 519 492 0 0 0 0 0 142 859 23 0 0 0 0 0 
0 0 94 877 53 0 0 0 2 659 363 0 0 0 0 0 263 755 6 0 0 0 0 0 
0 26 141 691 166 0 0 0 27 650 347 0 0 0 0 0 230 778 16 0 0 0 0 0 
0 19 206 381 414 4 0 0 22 414 587 1 0 0 0 0 213 800 11 0 0 0 0 0 
0 0 20 341 638 25 0 0 0 298 724 2 0 0 0 0 119 896 8 1 0 0 0 0 
0 0 817 132 75 0 0 0 0 911 113 0 0 0 0 0 516 502 6 0 0 0 0 0 
0 0 944 80 0 0 0 0 0 1011 13 0 0 0 0 0 502 522 0 0 0 0 0 0 
0 0 0 157 808 38 16 5 0 232 752 20 18 2 0 0 32 938 33 14 7 0 0 0 
0 1 128 341 363 43 59 89 4 232 588 37 44 88 26 5 86 581 184 47 77 41 8 0 
0 0 0 109 811 76 25 3 0 39 851 73 51 10 0 0 4 586 346 66 20 2 0 0 
0 0 0 97 182 75 188 482 0 0 112 60 104 259 358 131 0 20 137 52 132 307 347 29 
0 0 0 933 45 9 9 28 0 0 0 0 8 983 28 5 0 0 0 0 3 23 951 47 
0 0 0 1024 0 0 0 0 0 0 0 0 0 1024 0 0 0 0 0 0 0 0 1024 0 
0 0 0 640 384 0 0 0 0 0 0 0 0 1024 0 0 0 0 0 0 0 0 576 448 
0 0 0 0 1024 0 0 0 0 0 0 0 0 640 384 0 0 0 0 0 0 0 64 960 
0 0 0 0 1024 0 0 0 0 0 0 0 0 0 1024 0 0 0 0 0 0 0 0 1024 
0 0 0 0 1024 0 0 0 0 0 0 0 0 0 1024 0 0 0 0 0 0 0 0 1024 
0 0 0 0 1024 0 0 0 0 0 0 0 0 0 1024 0 0 0 0 0 0 0 0 1024 
0 0 0 0 1024 0 0 0 0 0 0 0 0 0 1024 0 0 0 0 0 0 0 0 1024 
0 0 0 0 768 256 0 0 0 0 0 0 0 0 1024 0 0 0 0 0 0 0 0 1024 
0 0 0 0 0 1024 0 0 0 0 0 0 0 0 832 192 0 0 0 0 0 0 0 1024 
0 0 0 0 0 1024 0 0 0 0 0 0 0 0 128 896 0 0 0 0 0 0 0 1024 
0 0 0 0 0 1024 0 0 0 0 0 0 0 0 0 1024 0 0 0 0 0 0 0 1024 
0 0 0 0 0 1024 0 0 0 0 0 0 0 0 0 1024 0 0 0 0 0 0 0 1024 
0 0 0 0 0 992 0 0 0 0 0 0 0 0 0 992 0 0 0 0 0 0 0 992 
1024 0 0 0 0 0 0 0 0 1024 0 0 0 0 0 0 0 0 0 1024 0 0 0 0 
1024 0 0 0 0 0 0 0 0 1024 0 0 0 0 0 0 0 0 0 1024 0 0 0 0 
1024 0 0 0 0 0 0 0 0 1024 0 0 0 0 0 0 0 0 0 1024 0 0 0 0 
1024 0 0 0 0 0 0 0 0 1024 0 0 0 0 0 0 0 0 0 1024 0 0 0 0 
1024 0 0 0 0 0 0 0 0 576 448 0 0 0 0 0 0 0 0 256 768 0 0 0 
1024 0 0 0 0 0 0 0 0 0 1024 0 0 0 0 0 0 0 0 0 1024 0 0 0 
768 256 0 0 0 0 0 0 0 0 1024 0 0 0 0 0 0 0 0 0 1024 0 0 0 
0 1024 0 0 0 0 0 0 0 0 1024 0 0 0 0 0 0 0 0 0 1024 0 0 0 
32 511 75 285 121 0 0 0 0 73 951 0 0 0 0 0 13 300 97 100 500 14 0 0 
0 0 1 629 393 1 0 0 0 402 622 0 0 0 0 0 66 925 33 0 0 0 0 0 
0 0 0 232 790 2 0 0 0 169 852 3 0 0 0 0 44 954 26 0 0 0 0 0 
0 0 0 154 870 0 0 0 0 249 775 0 0 0 0 0 47 975 2 0 0 0 0 0 
0 0 35 389 578 22 0 0 0 497 525 2 0 0 0 0 187 807 30 0 0 0 0 0 
0 0 3 562 459 0 0 0 1 513 510 0 0 0 0 0 136 887 1 0 0 0 0 0 
0 0 0 219 795 10 0 0 0 289 735 0 0 0 0 0 95 929 0 0 0 0 0 0 
0 0 38 310 626 50 0 0 7 319 695 3 0 0 0 0 140 866 18 0 0 0 0 0 
0 0 0 67 711 246 0 0 0 93 893 38 0 0 0 0 56 919 49 0 0 0 0 0 
0 0 50 202 468 304 0 0 0 209 732 83 0 0 0 0 68 852 104 0 0 0 0 0 
0 0 273 667 57 27 0 0 0 895 109 20 0 0 0 0 238 766 20 0 0 0 0 0 
0 0 106 732 145 41 0 0 0 768 254 2 0 0 0 0 248 722 54 0 0 0 0 0 
0 0 0 117 754 153 0 0 0 122 796 106 0 0 0 0 57 713 254 0 0 0 0 0 
0 0 0 5 980 39 0 0 0 28 965 31 0 0 0 0 3 942 79 0 0 0 0 0 
0 0 0 329 448 47 54 146 0 125 636 31 62 32 114 24 3 683 95 61 37 93 52 0 
0 0 0 441 94 51 110 328 0 0 1 6 46 618 224 129 0 0 6 29 58 186 669 76 
0 0 0 1024 0 0 0 0 0 0 0 0 0 1024 0 0 0 0 0 0 0 0 1024 0 
0 0 0 448 576 0 0 0 0 0 0 0 0 1024 0 0 0 0 0 0 0 0 832 192 
0 0 0 0 1024 0 0 0 0 0 0 0 0 512 512 0 0 0 0 0 0 0 0 1024 
0 0 0 0 1024 0 0 0 0 0 0 0 0 0 1024 0 0 0 0 0 0 0 0 1024 
0 0 0 0 1024 0 0 0 0 0 0 0 0 0 1024 0 0 0 0 0 0 0 0 1024 
0 0 0 0 1024 0 0 0 0 0 0 0 0 0 1024 0 0 0 0 0 0 0 0 1024 
0 0 0 0 1024 0 0 0 0 0 0 0 0 0 1024 0 0 0 0 0 0 0 0 1024 
0 0 0 0 320 704 0 0 0 0 0 0 0 0 1024 0 0 0 0 0 0 0 0 1024 
0 0 0 0 0 1024 0 0 0 0 0 0 0 0 384 640 0 0 0 0 0 0 0 1024 
0 0 0 0 0 1024 0 0 0 0 0 0 0 0 0 1024 0 0 0 0 0 0 0 1024 
0 0 0 0 0 1024 0 0 0 0 0 0 0 0 0 1024 0 0 0 0 0 0 0 1024 
0 0 0 0 0 1024 0 0 0 0 0 0 0 0 0 1024 0 0 0 0 0 0 0 1024 
0 0 0 0 0 992 0 0 0 0 0 0 0 0 0 992 0 0 0 0 0 0 0 992 
1024 0 0 0 0 0 0 0 0 1024 0 0 0 0 0 0 0 0 0 1024 0 0 0 0 
1024 0 0 0 0 0 0 0 0 1024 0 0 0 0 0 0 0 0 0 1024 0 0 0 0 
1024 0 0 0 0 0 0 0 0 1024 0 0 0 0 0 0 0 0 0 768 256 0 0 0 
1024 0 0 0 0 0 0 0 0 960 64 0 0 0 0 0 0 0 0 0 1024 0 0 0 
1024 0 0 0 0 0 0 0 0 128 896 0 0 0 0 0 0 0 0 0 1024 0 0 0 
896 128 0 0 0 0 0 0 0 0 1024 0 0 0 0 0 0 0 0 0 1024 0 0 0 
704 320 0 0 0 0 0 0 0 0 1024 0 0 0 0 0 0 0 0 0 1024 0 0 0 
128 896 0 0 0 0 0 0 0 0 1024 0 0 0 0 0 0 0 0 0 1024 0 0 0 
6 138 105 766 9 0 0 0 0 611 413 0 0 0 0 0 162 568 66 116 108 4 0 0 
0 0 7 408 529 80 0 0 0 463 527 34 0 0 0 0 148 839 37 0 0 0 0 0 
0 0 0 13 975 36 0 0 0 110 913 1 0 0 0 0 4 1008 12 0 0 0 0 0 
0 0 0 4 987 33 0 0 0 75 940 9 0 0 0 0 6 1009 9 0 0 0 0 0 
0 0 0 1 984 39 0 0 0 75 949 0 0 0 0 0 32 992 0 0 0 0 0 0 
0 0 0 142 829 53 0 0 0 200 824 0 0 0 0 0 109 915 0 0 0 0 0 0 
0 0 0 26 997 1 0 0 0 76 948 0 0 0 0 0 30 994 0 0 0 0 0 0 
0 0 3 356 563 102 0 0 2 348 674 0 0 0 0 0 128 896 0 0 0 0 0 0 
0 0 79 270 382 293 0 0 0 318 517 189 0 0 0 0 182 670 172 0 0 0 0 0 
0 0 0 0 181 843 0 0 0 3 692 329 0 0 0 0 10 796 218 0 0 0 0 0 
0 0 45 158 148 652 21 0 0 206 546 271 1 0 0 0 42 777 199 6 0 0 0 0 
0 0 395 465 107 31 26 0 0 854 117 52 1 0 0 0 256 722 44 2 0 0 0 0 
0 0 25 296 625 78 0 0 0 278 735 11 0 0 0 0 130 789 105 0 0 0 0 0 
0 0 0 98 813 113 0 0 0 55 963 6 0 0 0 0 2 880 142 0 0 0 0 0 
0 0 0 92 914 18 0 0 0 93 924 7 0 0 0 0 31 939 54 0 0 0 0 0 
0 0 0 46 330 203 183 262 0 2 250 150 146 244 184 48 2 207 169 145 124 194 151 32 
0 0 0 179 475 211 98 61 0 3 110 196 97 560 48 10 2 43 224 76 94 91 458 36 
0 0 2 268 643 58 48 5 0 1 9 21 33 903 56 1 0 4 20 25 31 26 698 220 
0 0 0 0 1024 0 0 0 0 0 0 0 0 448 576 0 0 0 0 0 0 0 0 1024 
0 0 0 0 1024 0 0 0 0 0 0 0 0 0 1024 0 0 0 0 0 0 0 0 1024 
0 0 0 0 1024 0 0 0 0 0 0 0 0 0 1024 0 0 0 0 0 0 0 0 1024 
0 0 0 0 832 192 0 0 0 0 0 0 0 0 1024 0 0 0 0 0 0 0 0 1024 
0 0 0 0 256 768 0 0 0 0 0 0 0 0 1024 0 0 0 0 0 0 0 0 1024 
0 0 0 0 0 1024 0 0 0 0 0 0 0 0 832 192 0 0 0 0 0 0 0 1024 
0 0 0 0 0 1024 0 0 0 0 0 0 0 0 256 768 0 0 0 0 0 0 0 1024 
0 0 0 0 0 1024 0 0 0 0 0 0 0 0 64 960 0 0 0 0 0 0 0 1024 
0 0 0 0 0 1024 0 0 0 0 0 0 0 0 0 1024 0 0 0 0 0 0 0 1024 
0 0 0 0 0 1024 0 0 0 0 0 0 0 0 0 1024 0 0 0 0 0 0 0 1024 
0 0 0 0 0 992 0 0 0 0 0 0 0 0 0 992 0 0 0 0 0 0 0 992 
1024 0 0 0 0 0 0 0 0 1024 0 0 0 0 0 0 0 0 0 1024 0 0 0 0 
1024 0 0 0 0 0 0 0 0 1024 0 0 0 0 0 0 0 0 0 576 448 0 0 0 
1024 0 0 0 0 0 0 0 0 1024 0 0 0 0 0 0 0 0 0 0 1024 0 0 0 
1024 0 0 0 0 0 0 0 0 320 704 0 0 0 0 0 0 0 0 0 1024 0 0 0 
1024 0 0 0 0 0 0 0 0 0 1024 0 0 0 0 0 0 0 0 0 1024 0 0 0 
1024 0 0 0 0 0 0 0 0 0 1024 0 0 0 0 0 0 0 0 0 1024 0 0 0 
576 448 0 0 0 0 0 0 0 0 1024 0 0 0 0 0 0 0 0 0 1024 0 0 0 
50 855 51 52 16 0 0 0 0 10 1014 0 0 0 0 0 3 21 38 76 886 0 0 0 
0 0 7 536 422 59 0 0 0 478 532 14 0 0 0 0 118 828 61 17 0 0 0 0 
0 0 0 264 640 120 0 0 0 339 578 107 0 0 0 0 141 701 182 0 0 0 0 0 
0 0 0 37 897 90 0 0 0 69 949 6 0 0 0 0 38 980 6 0 0 0 0 0 
0 0 0 0 989 35 0 0 0 6 1016 2 0 0 0 0 6 1016 2 0 0 0 0 0 
0 0 0 3 1001 20 0 0 0 32 992 0 0 0 0 0 1 1019 4 0 0 0 0 0 
0 0 11 313 676 24 0 0 0 242 782 0 0 0 0 0 68 956 0 0 0 0 0 0 
3 215 226 287 281 12 0 0 0 232 488 304 0 0 0 0 70 541 61 40 48 254 10 0 
0 572 168 284 0 0 0 0 0 260 109 655 0 0 0 0 69 211 54 34 46 598 12 0 
0 396 250 214 46 118 0 0 0 223 177 605 19 0 0 0 76 207 164 45 64 446 22 0 
0 0 14 120 523 367 0 0 0 104 840 80 0 0 0 0 67 912 45 0 0 0 0 0 
0 3 30 43 349 596 3 0 0 99 717 208 0 0 0 0 67 823 134 0 0 0 0 0 
0 0 16 188 100 691 29 0 0 209 123 692 0 0 0 0 124 206 694 0 0 0 0 0 
0 0 15 248 667 94 0 0 9 213 747 55 0 0 0 0 106 710 208 0 0 0 0 0 
0 0 0 5 967 46 6 0 0 5 979 35 5 0 0 0 0 507 509 8 0 0 0 0 
0 0 0 132 640 203 46 3 0 22 731 219 44 8 0 0 3 456 482 67 16 0 0 0 
0 0 0 303 474 144 68 35 0 120 584 172 91 35 21 1 3 576 269 112 36 26 2 0 
0 0 2 79 639 238 51 15 1 46 483 392 75 27 0 0 10 194 674 101 35 10 0 0 
0 0 1 110 428 222 179 84 0 13 300 312 190 131 67 11 2 188 381 162 169 93 29 0 
0 0 5 64 459 246 119 131 0 0 64 199 116 278 307 60 0 19 190 115 107 96 254 243 
0 0 3 1 1006 14 0 0 0 0 0 3 1 42 978 0 0 0 0 0 3 1 12 1008 
0 0 0 0 1024 0 0 0 0 0 0 0 0 0 1024 0 0 0 0 0 0 0 0 1024 
0 0 0 0 768 256 0 0 0 0 0 0 0 0 1024 0 0 0 0 0 0 0 0 1024 
0 0 0 0 512 512 0 0 0 0 0 0 0 0 1024 0 0 0 0 0 0 0 0 1024 
0 0 0 0 128 896 0 0 0 0 0 0 0 0 768 256 0 0 0 0 0 0 0 1024 
0 0 0 0 0 1024 0 0 0 0 0 0 0 0 512 512 0 0 0 0 0 0 0 1024 
0 0 0 0 0 1024 0 0 0 0 0 0 0 0 128 896 0 0 0 0 0 0 0 1024 
0 0 0 0 0 1024 0 0 0 0 0 0 0 0 0 1024 0 0 0 0 0 0 0 1024 
0 0 0 0 0 1024 0 0 0 0 0 0 0 0 0 1024 0 0 0 0 0 0 0 1024 
0 0 0 0 0 992 0 0 0 0 0 0 0 0 0 992 0 0 0 0 0 0 0 992 
1024 0 0 0 0 0 0 0 0 1024 0 0 0 0 0 0 0 0 0 384 640 0 0 0 
1024 0 0 0 0 0 0 0 0 1024 0 0 0 0 0 0 0 0 0 0 1024 0 0 0 
1024 0 0 0 0 0 0 0 0 896 128 0 0 0 0 0 0 0 0 0 1024 0 0 0 
1024 0 0 0 0 0 0 0 0 64 960 0 0 0 0 0 0 0 0 0 1024 0 0 0 
1024 0 0 0 0 0 0 0 0 0 1024 0 0 0 0 0 0 0 0 0 1024 0 0 0 
832 192 0 0 0 0 0 0 0 0 1024 0 0 0 0 0 0 0 0 0 1024 0 0 0 
64 960 0 0 0 0 0 0 0 0 1024 0 0 0 0 0 0 0 0 0 1024 0 0 0 
48 770 118 76 12 0 0 0 0 121 897 6 0 0 0 0 0 89 67 68 800 0 0 0 
0 0 1 648 360 15 0 0 0 401 607 16 0 0 0 0 117 822 85 0 0 0 0 0 
0 0 0 51 724 249 0 0 0 85 795 144 0 0 0 0 29 633 362 0 0 0 0 0 
0 0 0 70 854 100 0 0 0 84 929 11 0 0 0 0 10 966 48 0 0 0 0 0 
0 0 0 8 1016 0 0 0 0 29 995 0 0 0 0 0 11 1010 3 0 0 0 0 0 
0 3 106 267 648 0 0 0 0 187 837 0 0 0 0 0 37 953 22 10 2 0 0 0 
9 601 267 115 32 0 0 0 0 217 230 577 0 0 0 0 24 214 95 68 122 497 4 0 
0 1024 0 0 0 0 0 0 0 0 0 1024 0 0 0 0 0 0 0 0 0 1024 0 0 
0 1024 0 0 0 0 0 0 0 0 0 1024 0 0 0 0 0 0 0 0 0 1024 0 0 
0 1024 0 0 0 0 0 0 0 0 0 1024 0 0 0 0 0 0 0 0 0 1024 0 0 
0 218 685 109 12 0 0 0 0 56 67 450 451 0 0 0 19 59 25 25 29 554 313 0 
0 17 863 117 25 2 0 0 0 163 73 54 734 0 0 0 46 128 46 25 20 137 622 0 
1 12 624 145 122 120 0 0 0 84 249 92 599 0 0 0 2 259 120 18 19 127 479 0 
0 3 235 192 482 103 9 0 0 68 587 107 261 1 0 0 6 469 241 25 26 69 188 0 
0 0 0 0 992 32 0 0 0 0 1017 7 0 0 0 0 0 902 122 0 0 0 0 0 
0 0 0 237 538 145 98 6 0 84 711 117 105 7 0 0 3 671 208 128 14 0 0 0 
0 0 0 9 566 244 195 10 0 6 537 237 229 15 0 0 0 474 267 253 30 0 0 0 
0 0 0 64 780 88 79 13 0 40 792 91 87 13 1 0 0 652 237 100 31 4 0 0 
0 0 0 17 556 382 55 14 0 11 641 262 85 25 0 0 0 227 642 121 33 1 0 0 
0 0 5 60 390 386 145 38 0 4 420 347 152 73 22 6 3 165 545 180 100 23 8 0 
0 0 1 18 526 263 129 87 0 4 76 144 105 204 486 5 2 37 140 90 113 84 168 390 
0 0 0 0 956 62 6 0 0 0 0 0 0 9 1015 0 0 0 0 0 0 3 61 960 
0 0 0 0 576 448 0 0 0 0 0 0 0 0 1024 0 0 0 0 0 0 0 0 1024 
0 0 0 0 0 1024 0 0 0 0 0 0 0 0 1024 0 0 0 0 0 0 0 0 1024 
0 0 0 0 0 1024 0 0 0 0 0 0 0 0 704 320 0 0 0 0 0 0 0 1024 
0 0 0 0 0 1024 0 0 0 0 0 0 0 0 1024 0 0 0 0 0 0 0 0 1024 
0 0 0 0 0 1024 0 0 0 0 0 0 0 0 0 1024 0 0 0 0 0 0 0 1024 
0 0 0 0 0 1024 0 0 0 0 0 0 0 0 0 1024 0 0 0 0 0 0 0 1024 
0 0 0 0 0 1024 0 0 0 0 0 0 0 0 0 1024 0 0 0 0 0 0 0 1024 
0 0 0 0 0 992 0 0 0 0 0 0 0 0 0 992 0 0 0 0 0 0 0 992 
1024 0 0 0 0 0 0 0 0 960 64 0 0 0 0 0 0 0 0 0 1024 0 0 0 
1024 0 0 0 0 0 0 0 0 1024 0 0 0 0 0 0 0 0 0 0 1024 0 0 0 
1024 0 0 0 0 0 0 0 0 512 512 0 0 0 0 0 0 0 0 0 1024 0 0 0 
1024 0 0 0 0 0 0 0 0 0 1024 0 0 0 0 0 0 0 0 0 1024 0 0 0 
640 384 0 0 0 0 0 0 0 0 1024 0 0 0 0 0 0 0 0 0 1024 0 0 0 
0 1024 0 0 0 0 0 0 0 0 1024 0 0 0 0 0 0 0 0 0 1024 0 0 0 
0 1024 0 0 0 0 0 0 0 0 1024 0 0 0 0 0 0 0 0 0 1024 0 0 0 
40 673 137 165 9 0 0 0 2 153 867 2 0 0 0 0 8 188 56 72 672 28 0 0 
0 0 87 929 8 0 0 0 2 640 382 0 0 0 0 0 64 956 4 0 0 0 0 0 
0 0 0 688 336 0 0 0 0 161 863 0 0 0 0 0 1 999 24 0 0 0 0 0 
0 0 0 301 723 0 0 0 0 77 947 0 0 0 0 0 0 1023 1 0 0 0 0 0 
0 16 25 327 656 0 0 0 0 149 862 13 0 0 0 0 13 847 119 22 16 7 0 0 
0 655 154 166 49 0 0 0 1 184 297 542 0 0 0 0 28 236 61 37 129 533 0 0 
0 1024 0 0 0 0 0 0 0 0 0 1024 0 0 0 0 0 0 0 0 0 1024 0 0 
0 1024 0 0 0 0 0 0 0 0 0 1024 0 0 0 0 0 0 0 0 0 1024 0 0 
0 1024 0 0 0 0 0 0 0 0 0 1024 0 0 0 0 0 0 0 0 0 1024 0 0 
0 1024 0 0 0 0 0 0 0 0 0 1024 0 0 0 0 0 0 0 0 0 1024 0 0 
0 768 256 0 0 0 0 0 0 0 0 64 960 0 0 0 0 0 0 0 0 768 256 0 
0 0 1024 0 0 0 0 0 0 0 0 0 1024 0 0 0 0 0 0 0 0 0 1024 0 
0 0 1024 0 0 0 0 0 0 0 0 0 1024 0 0 0 0 0 0 0 0 0 1024 0 
0 0 890 90 44 0 0 0 0 0 6 26 982 10 0 0 0 4 14 14 15 54 909 14 
0 0 12 62 782 168 0 0 0 0 911 65 47 1 0 0 0 530 414 22 14 17 20 7 
0 0 0 143 864 17 0 0 0 53 971 0 0 0 0 0 13 898 113 0 0 0 0 0 
0 0 1 171 811 41 0 0 0 127 867 30 0 0 0 0 0 970 54 0 0 0 0 0 
0 0 0 125 559 219 109 12 0 94 580 229 107 13 1 0 11 552 281 155 22 3 0 0 
0 0 0 35 588 307 91 3 0 12 557 283 156 16 0 0 2 302 454 231 34 1 0 0 
0 0 0 0 329 269 391 35 0 0 334 180 362 146 2 0 0 264 196 331 229 4 0 0 
0 0 0 4 286 210 301 223 0 1 271 179 114 295 158 6 0 206 227 99 214 251 27 0 
0 0 0 1 386 275 193 169 0 0 28 97 123 136 593 47 0 22 76 120 102 99 182 423 
0 0 0 0 512 512 0 0 0 0 0 0 0 0 1024 0 0 0 0 0 0 0 0 1024 
0 0 0 0 0 1024 0 0 0 0 0 0 0 0 1024 0 0 0 0 0 0 0 0 1024 
0 0 0 0 0 1024 0 0 0 0 0 0 0 0 1024 0 0 0 0 0 0 0 0 1024 
0 0 0 0 0 1024 0 0 0 0 0 0 0 0 832 192 0 0 0 0 0 0 0 1024 
0 0 0 0 0 1024 0 0 0 0 0 0 0 0 0 1024 0 0 0 0 0 0 0 1024 
0 0 0 0 0 1024 0 0 0 0 0 0 0 0 0 1024 0 0 0 0 0 0 0 1024 
0 0 0 0 0 1024 0 0 0 0 0 0 0 0 0 1024 0 0 0 0 0 0 0 1024 
0 0 0 0 0 992 0 0 0 0 0 0 0 0 0 992 0 0 0 0 0 0 0 992 
1024 0 0 0 0 0 0 0 0 896 128 0 0 0 0 0 0 0 0 0 1024 0 0 0 
1024 0 0 0 0 0 0 0 0 0 1024 0 0 0 0 0 0 0 0 0 1024 0 0 0 
1024 0 0 0 0 0 0 0 0 0 1024 0 0 0 0 0 0 0 0 0 1024 0 0 0 
832 192 0 0 0 0 0 0 0 0 1024 0 0 0 0 0 0 0 0 0 1024 0 0 0 
512 512 0 0 0 0 0 0 0 0 1024 0 0 0 0 0 0 0 0 0 1024 0 0 0 
640 384 0 0 0 0 0 0 0 0 1024 0 0 0 0 0 0 0 0 0 1024 0 0 0 
256 768 0 0 0 0 0 0 0 0 1024 0 0 0 0 0 0 0 0 0 1024 0 0 0 
49 210 134 590 41 0 0 0 0 410 614 0 0 0 0 0 107 524 70 69 199 55 0 0 
0 0 36 556 432 0 0 0 5 438 581 0 0 0 0 0 82 935 7 0 0 0 0 0 
0 0 1 600 423 0 0 0 0 365 659 0 0 0 0 0 83 941 0 0 0 0 0 0 
0 10 23 876 115 0 0 0 0 193 831 0 0 0 0 0 6 950 38 13 9 5 3 0 
4 577 129 159 155 0 0 0 0 19 586 419 0 0 0 0 26 239 84 68 147 460 0 0 
0 1024 0 0 0 0 0 0 0 0 64 960 0 0 0 0 0 0 0 0 0 1024 0 0 
0 1024 0 0 0 0 0 0 0 0 0 1024 0 0 0 0 0 0 0 0 0 1024 0 0 
0 1024 0 0 0 0 0 0 0 0 0 1024 0 0 0 0 0 0 0 0 0 1024 0 0 
0 1024 0 0 0 0 0 0 0 0 0 1024 0 0 0 0 0 0 0 0 0 1024 0 0 
0 1024 0 0 0 0 0 0 0 0 0 960 64 0 0 0 0 0 0 0 0 1024 0 0 
0 512 512 0 0 0 0 0 0 0 0 64 960 0 0 0 0 0 0 0 0 512 512 0 
0 0 1024 0 0 0 0 0 0 0 0 0 1024 0 0 0 0 0 0 0 0 0 1024 0 
0 0 1024 0 0 0 0 0 0 0 0 0 1024 0 0 0 0 0 0 0 0 0 1024 0 
0 0 1024 0 0 0 0 0 0 0 0 0 1024 0 0 0 0 0 0 0 0 0 1024 0 
0 2 445 469 99 9 0 0 0 86 223 42 643 30 0 0 14 165 121 30 28 78 571 17 
0 0 385 601 38 0 0 0 0 852 172 0 0 0 0 0 50 929 45 0 0 0 0 0 
0 0 293 728 3 0 0 0 0 967 57 0 0 0 0 0 69 950 5 0 0 0 0 0 
0 0 178 681 98 43 19 5 0 759 170 63 23 8 1 0 49 842 86 30 15 2 0 0 
0 0 4 315 251 247 160 47 0 247 255 241 195 83 3 0 13 416 252 219 113 11 0 0 
0 0 0 15 283 347 258 121 0 3 190 347 276 142 60 6 0 107 348 295 188 77 9 0 
0 0 0 8 70 230 451 265 0 0 23 169 314 336 181 1 0 8 110 304 312 283 7 0 
0 0 0 14 129 371 281 229 0 2 83 315 242 265 108 9 2 48 282 248 266 160 18 0 
0 0 0 0 108 542 184 190 0 0 0 6 22 101 848 47 0 0 9 21 57 142 192 603 
0 0 0 0 0 1024 0 0 0 0 0 0 0 0 1024 0 0 0 0 0 0 0 0 1024 
0 0 0 0 0 1024 0 0 0 0 0 0 0 0 1024 0 0 0 0 0 0 0 0 1024 
0 0 0 0 0 1024 0 0 0 0 0 0 0 0 832 192 0 0 0 0 0 0 0 1024 
0 0 0 0 0 1024 0 0 0 0 0 0 0 0 0 1024 0 0 0 0 0 0 0 1024 
0 0 0 0 0 1024 0 0 0 0 0 0 0 0 0 1024 0 0 0 0 0 0 0 1024 
0 0 0 0 0 1024 0 0 0 0 0 0 0 0 0 1024 0 0 0 0 0 0 0 1024 
0 0 0 0 0 992 0 0 0 0 0 0 0 0 0 992 0 0 0 0 0 0 0 992 
1024 0 0 0 0 0 0 0 0 0 1024 0 0 0 0 0 0 0 0 0 1024 0 0 0 
768 256 0 0 0 0 0 0 0 0 1024 0 0 0 0 0 0 0 0 0 1024 0 0 0 
896 128 0 0 0 0 0 0 0 0 1024 0 0 0 0 0 0 0 0 0 1024 0 0 0 
960 64 0 0 0 0 0 0 0 0 1024 0 0 0 0 0 0 0 0 0 1024 0 0 0 
576 448 0 0 0 0 0 0 0 0 1024 0 0 0 0 0 0 0 0 0 1024 0 0 0 
128 896 0 0 0 0 0 0 0 0 1024 0 0 0 0 0 0 0 0 0 896 128 0 0 
0 439 90 316 179 0 0 0 0 64 927 33 0 0 0 0 10 343 115 68 350 138 0 0 
1 11 652 342 18 0 0 0 0 891 133 0 0 0 0 0 162 816 20 13 11 2 0 0 
0 18 730 272 4 0 0 0 2 966 56 0 0 0 0 0 485 535 4 0 0 0 0 0 
0 412 307 254 51 0 0 0 10 836 175 3 0 0 0 0 412 524 83 5 0 0 0 0 
22 624 173 175 30 0 0 0 0 130 702 192 0 0 0 0 51 105 100 88 178 502 0 0 
0 1024 0 0 0 0 0 0 0 0 256 768 0 0 0 0 0 0 0 0 0 1024 0 0 
0 1024 0 0 0 0 0 0 0 0 0 1024 0 0 0 0 0 0 0 0 0 1024 0 0 
0 1024 0 0 0 0 0 0 0 0 0 1024 0 0 0 0 0 0 0 0 0 1024 0 0 
0 1024 0 0 0 0 0 0 0 0 0 1024 0 0 0 0 0 0 0 0 0 1024 0 0 
0 1024 0 0 0 0 0 0 0 0 0 1024 0 0 0 0 0 0 0 0 0 1024 0 0 
0 1008 16 0 0 0 0 0 0 0 0 800 224 0 0 0 0 0 0 0 0 1016 8 0 
0 344 680 0 0 0 0 0 0 0 0 0 1024 0 0 0 0 0 0 0 0 352 672 0 
0 0 1024 0 0 0 0 0 0 0 0 0 1024 0 0 0 0 0 0 0 0 0 1024 0 
0 0 1024 0 0 0 0 0 0 0 0 0 1024 0 0 0 0 0 0 0 0 0 1024 0 
0 0 1024 0 0 0 0 0 0 0 0 0 1024 0 0 0 0 0 0 0 0 0 1024 0 
0 0 627 290 107 0 0 0 0 98 214 34 642 36 0 0 5 191 104 22 30 52 620 0 
0 0 35 885 104 0 0 0 0 524 500 0 0 0 0 0 12 948 64 0 0 0 0 0 
0 0 90 932 2 0 0 0 0 940 84 0 0 0 0 0 36 987 1 0 0 0 0 0 
0 0 260 764 0 0 0 0 3 973 48 0 0 0 0 0 128 896 0 0 0 0 0 0 
0 0 29 985 10 0 0 0 0 868 156 0 0 0 0 0 7 1016 1 0 0 0 0 0 
0 0 1 710 164 72 51 26 0 618 212 87 54 37 16 0 5 763 132 62 42 19 1 0 
0 0 0 262 361 185 124 92 0 116 397 234 99 114 59 5 12 388 289 127 111 84 13 0 
0 0 0 26 359 279 186 174 0 12 256 256 183 179 127 11 0 166 274 218 170 165 31 0 
0 0 0 3 94 273 395 259 0 0 26 153 254 295 211 85 0 25 140 218 263 210 132 36 
0 0 0 0 27 593 241 163 0 0 0 15 78 145 706 80 0 0 8 48 135 111 169 553 
0 0 0 0 2 1022 0 0 0 0 0 0 0 0 1018 6 0 0 0 0 0 0 0 1024 
0 0 0 0 0 1024 0 0 0 0 0 0 0 0 896 128 0 0 0 0 0 0 0 1024 
0 0 0 0 0 1024 0 0 0 0 0 0 0 0 0 1024 0 0 0 0 0 0 0 1024 
0 0 0 0 0 1024 0 0 0 0 0 0 0 0 0 1024 0 0 0 0 0 0 0 1024 
0 0 0 0 0 1024 0 0 0 0 0 0 0 0 0 1024 0 0 0 0 0 0 0 1024 
0 0 0 0 0 992 0 0 0 0 0 0 0 0 0 992 0 0 0 0 0 0 0 992 
832 192 0 0 0 0 0 0 0 0 1024 0 0 0 0 0 0 0 0 0 1024 0 0 0 
1024 0 0 0 0 0 0 0 0 0 1024 0 0 0 0 0 0 0 0 0 1024 0 0 0 
640 384 0 0 0 0 0 0 0 0 1024 0 0 0 0 0 0 0 0 0 1024 0 0 0 
128 896 0 0 0 0 0 0 0 0 1024 0 0 0 0 0 0 0 0 0 704 320 0 0 
0 1024 0 0 0 0 0 0 0 0 1024 0 0 0 0 0 0 0 0 0 256 768 0 0 
0 911 38 50 25 0 0 0 0 14 1003 7 0 0 0 0 7 22 36 29 231 699 0 0 
0 0 356 507 161 0 0 0 4 620 399 1 0 0 0 0 38 843 129 14 0 0 0 0 
0 2 952 70 0 0 0 0 6 993 25 0 0 0 0 0 201 822 1 0 0 0 0 0 
0 2 1022 0 0 0 0 0 6 1018 0 0 0 0 0 0 354 670 0 0 0 0 0 0 
0 192 821 11 0 0 0 0 56 967 1 0 0 0 0 0 592 432 0 0 0 0 0 0 
4 414 452 154 0 0 0 0 15 427 219 363 0 0 0 0 120 326 63 62 62 381 10 0 
0 1024 0 0 0 0 0 0 0 0 0 1024 0 0 0 0 0 0 0 0 0 1024 0 0 
0 1024 0 0 0 0 0 0 0 0 0 1024 0 0 0 0 0 0 0 0 0 1024 0 0 
0 1024 0 0 0 0 0 0 0 0 0 1024 0 0 0 0 0 0 0 0 0 1024 0 0 
0 1024 0 0 0 0 0 0 0 0 0 1024 0 0 0 0 0 0 0 0 0 1024 0 0 
0 1024 0 0 0 0 0 0 0 0 0 1024 0 0 0 0 0 0 0 0 0 1024 0 0 
0 1024 0 0 0 0 0 0 0 0 0 320 704 0 0 0 0 0 0 0 0 1024 0 0 
0 64 960 0 0 0 0 0 0 0 0 0 1024 0 0 0 0 0 0 0 0 64 960 0 
0 0 1024 0 0 0 0 0 0 0 0 0 1024 0 0 0 0 0 0 0 0 0 1024 0 
0 0 1024 0 0 0 0 0 0 0 0 0 1024 0 0 0 0 0 0 0 0 0 1024 0 
0 0 1024 0 0 0 0 0 0 0 0 0 1024 0 0 0 0 0 0 0 0 0 1024 0 
0 0 402 483 139 0 0 0 0 1 213 36 736 38 0 0 0 116 108 18 15 34 727 6 
0 0 0 579 445 0 0 0 0 395 629 0 0 0 0 0 4 1020 0 0 0 0 0 0 
0 0 40 957 27 0 0 0 0 962 62 0 0 0 0 0 80 944 0 0 0 0 0 0 
0 0 109 914 1 0 0 0 0 997 27 0 0 0 0 0 121 903 0 0 0 0 0 0 
0 0 0 934 90 0 0 0 0 893 131 0 0 0 0 0 71 953 0 0 0 0 0 0 
0 0 19 629 376 0 0 0 0 544 480 0 0 0 0 0 25 993 6 0 0 0 0 0 
0 0 1 361 647 13 2 0 1 237 769 15 2 0 0 0 40 920 61 3 0 0 0 0 
0 0 1 114 736 162 11 0 0 110 731 173 10 0 0 0 19 683 292 30 0 0 0 0 
0 0 0 71 595 285 72 1 0 49 578 312 84 1 0 0 13 482 389 130 10 0 0 0 
0 0 3 257 405 155 182 22 0 101 487 214 88 123 10 1 24 459 276 116 136 12 1 0 
0 0 0 57 191 388 212 176 0 4 157 147 71 89 482 74 0 121 163 68 86 92 169 325 
0 0 0 0 20 975 21 8 0 0 0 0 2 7 404 611 0 0 0 0 2 6 27 989 
0 0 0 0 0 1024 0 0 0 0 0 0 0 0 0 1024 0 0 0 0 0 0 0 1024 
0 0 0 0 0 1024 0 0 0 0 0 0 0 0 0 1024 0 0 0 0 0 0 0 1024 
0 0 0 0 0 1024 0 0 0 0 0 0 0 0 0 1024 0 0 0 0 0 0 0 1024 
0 0 0 0 0 992 0 0 0 0 0 0 0 0 0 992 0 0 0 0 0 0 0 992 
960 64 0 0 0 0 0 0 0 0 1024 0 0 0 0 0 0 0 0 0 1024 0 0 0 
256 768 0 0 0 0 0 0 0 0 1024 0 0 0 0 0 0 0 0 0 768 256 0 0 
0 1024 0 0 0 0 0 0 0 0 1024 0 0 0 0 0 0 0 0 0 320 704 0 0 
0 1024 0 0 0 0 0 0 0 0 896 128 0 0 0 0 0 0 0 0 0 1024 0 0 
0 1024 0 0 0 0 0 0 0 0 832 192 0 0 0 0 0 0 0 0 0 1024 0 0 
22 407 396 199 0 0 0 0 0 475 484 65 0 0 0 0 7 443 70 48 80 374 2 0 
0 0 953 71 0 0 0 0 1 1018 5 0 0 0 0 0 211 813 0 0 0 0 0 0 
0 29 929 66 0 0 0 0 10 1012 2 0 0 0 0 0 301 723 0 0 0 0 0 0 
0 128 728 168 0 0 0 0 8 1012 4 0 0 0 0 0 352 672 0 0 0 0 0 0 
0 95 500 429 0 0 0 0 4 1018 2 0 0 0 0 0 311 713 0 0 0 0 0 0 
0 19 399 606 0 0 0 0 1 928 66 29 0 0 0 0 64 884 28 15 17 13 3 0 
0 825 122 77 0 0 0 0 0 67 115 842 0 0 0 0 4 68 51 34 76 791 0 0 
0 1024 0 0 0 0 0 0 0 0 0 1024 0 0 0 0 0 0 0 0 0 1024 0 0 
0 1024 0 0 0 0 0 0 0 0 0 1024 0 0 0 0 0 0 0 0 0 1024 0 0 
0 1024 0 0 0 0 0 0 0 0 0 1024 0 0 0 0 0 0 0 0 0 1024 0 0 
0 768 256 0 0 0 0 0 0 0 0 960 64 0 0 0 0 0 0 0 0 1024 0 0 
0 64 960 0 0 0 0 0 0 0 0 640 384 0 0 0 0 0 0 0 0 640 384 0 
0 0 1024 0 0 0 0 0 0 0 0 0 1024 0 0 0 0 0 0 0 0 0 1024 0 
0 0 1024 0 0 0 0 0 0 0 0 0 1024 0 0 0 0 0 0 0 0 0 1024 0 
0 0 1024 0 0 0 0 0 0 0 0 0 1024 0 0 0 0 0 0 0 0 0 1024 0 
0 0 1016 8 0 0 0 0 0 0 0 0 1024 0 0 0 0 0 0 0 0 0 1024 0 
0 0 117 812 95 0 0 0 0 44 256 32 653 39 0 0 0 239 60 21 17 51 636 0 
0 0 4 912 108 0 0 0 0 790 234 0 0 0 0 0 12 1004 8 0 0 0 0 0 
0 0 8 952 64 0 0 0 0 970 54 0 0 0 0 0 135 889 0 0 0 0 0 0 
0 0 8 1012 4 0 0 0 0 1005 19 0 0 0 0 0 43 981 0 0 0 0 0 0 
0 0 112 912 0 0 0 0 0 1001 23 0 0 0 0 0 95 929 0 0 0 0 0 0 
0 0 139 779 106 0 0 0 0 806 218 0 0 0 0 0 28 993 3 0 0 0 0 0 
0 0 0 371 631 22 0 0 0 212 796 16 0 0 0 0 10 973 41 0 0 0 0 0 
0 0 0 40 903 80 1 0 0 117 848 58 1 0 0 0 8 896 119 1 0 0 0 0 
0 0 0 40 838 144 2 0 0 104 799 120 1 0 0 0 4 787 227 6 0 0 0 0 
0 0 0 13 661 320 30 0 0 30 677 296 21 0 0 0 5 580 391 48 0 0 0 0 
0 0 0 87 525 356 56 0 0 33 570 357 58 6 0 0 7 532 354 122 9 0 0 0 
0 0 0 12 132 448 368 64 0 4 101 181 183 204 168 183 2 79 185 174 138 118 56 272 
0 0 0 0 0 987 37 0 0 0 0 0 0 1 80 943 0 0 0 0 0 0 0 1024 
0 0 0 0 0 1024 0 0 0 0 0 0 0 0 0 1024 0 0 0 0 0 0 0 1024 
0 0 0 0 0 1024 0 0 0 0 0 0 0 0 0 1024 0 0 0 0 0 0 0 1024 
0 0 0 0 0 992 0 0 0 0 0 0 0 0 0 992 0 0 0 0 0 0 0 992 
64 960 0 0 0 0 0 0 0 0 1024 0 0 0 0 0 0 0 0 0 256 768 0 0 
0 1024 0 0 0 0 0 0 0 0 960 64 0 0 0 0 0 0 0 0 0 1024 0 0 
0 1024 0 0 0 0 0 0 0 0 320 704 0 0 0 0 0 0 0 0 0 1024 0 0 
0 1024 0 0 0 0 0 0 0 0 32 992 0 0 0 0 0 0 0 0 0 1024 0 0 
0 962 62 0 0 0 0 0 0 30 33 961 0 0 0 0 0 13 18 19 56 918 0 0 
0 6 764 254 0 0 0 0 0 934 89 1 0 0 0 0 23 918 41 17 22 3 0 0 
0 0 278 746 0 0 0 0 2 1015 7 0 0 0 0 0 131 893 0 0 0 0 0 0 
0 0 367 657 0 0 0 0 0 1024 0 0 0 0 0 0 240 784 0 0 0 0 0 0 
0 0 78 946 0 0 0 0 0 1006 18 0 0 0 0 0 126 898 0 0 0 0 0 0 
0 0 32 992 0 0 0 0 0 1008 16 0 0 0 0 0 43 981 0 0 0 0 0 0 
0 0 30 994 0 0 0 0 0 1015 9 0 0 0 0 0 41 983 0 0 0 0 0 0 
0 183 185 653 3 0 0 0 0 508 257 259 0 0 0 0 20 608 86 43 61 190 16 0 
0 1024 0 0 0 0 0 0 0 0 0 1024 0 0 0 0 0 0 0 0 0 1024 0 0 
0 1024 0 0 0 0 0 0 0 0 0 1024 0 0 0 0 0 0 0 0 0 1024 0 0 
0 1024 0 0 0 0 0 0 0 0 0 1024 0 0 0 0 0 0 0 0 0 1024 0 0 
0 656 368 0 0 0 0 0 0 0 0 512 512 0 0 0 0 0 0 0 0 928 96 0 
0 0 1024 0 0 0 0 0 0 0 0 80 944 0 0 0 0 0 0 0 0 96 928 0 
0 0 1024 0 0 0 0 0 0 0 0 0 1024 0 0 0 0 0 0 0 0 0 1024 0 
0 0 1024 0 0 0 0 0 0 0 0 0 1024 0 0 0 0 0 0 0 0 0 1024 0 
0 0 1024 0 0 0 0 0 0 0 0 0 1024 0 0 0 0 0 0 0 0 0 1024 0 
0 0 952 72 0 0 0 0 0 0 0 0 1024 0 0 0 0 0 0 0 0 0 1024 0 
0 0 64 932 28 0 0 0 0 152 154 36 599 83 0 0 0 225 72 29 18 50 630 0 
0 0 0 594 430 0 0 0 0 551 473 0 0 0 0 0 0 1024 0 0 0 0 0 0 
0 0 0 254 769 1 0 0 0 357 667 0 0 0 0 0 51 973 0 0 0 0 0 0 
0 0 0 327 690 7 0 0 0 590 434 0 0 0 0 0 26 998 0 0 0 0 0 0 
0 0 0 476 548 0 0 0 0 760 264 0 0 0 0 0 31 993 0 0 0 0 0 0 
0 0 0 277 747 0 0 0 0 438 586 0 0 0 0 0 40 984 0 0 0 0 0 0 
0 0 0 84 918 22 0 0 0 108 908 8 0 0 0 0 8 1001 15 0 0 0 0 0 
0 0 0 0 990 34 0 0 0 10 1009 5 0 0 0 0 0 1001 23 0 0 0 0 0 
0 0 0 21 987 16 0 0 0 49 965 10 0 0 0 0 1 992 31 0 0 0 0 0 
0 0 0 3 799 220 2 0 0 6 884 134 0 0 0 0 1 785 238 0 0 0 0 0 
0 0 0 12 503 479 30 0 0 20 535 444 25 0 0 0 7 439 517 61 0 0 0 0 
0 0 0 6 229 662 111 16 0 8 268 614 103 31 0 0 3 166 620 190 43 2 0 0 
0 0 0 0 12 692 277 43 0 0 14 77 120 113 191 509 0 8 92 64 99 70 62 629 
0 0 0 0 0 1024 0 0 0 0 0 0 0 0 0 1024 0 0 0 0 0 0 0 1024 
0 0 0 0 0 1024 0 0 0 0 0 0 0 0 0 1024 0 0 0 0 0 0 0 1024 
0 0 0 0 0 992 0 0 0 0 0 0 0 0 0 992 0 0 0 0 0 0 0 992 
0 943 78 3 0 0 0 0 0 53 932 39 0 0 0 0 14 22 19 21 48 900 0 0 
23 461 439 101 0 0 0 0 29 502 355 138 0 0 0 0 132 360 39 25 94 374 0 0 
48 358 484 134 0 0 0 0 0 608 32 384 0 0 0 0 195 381 32 32 19 365 0 0 
0 511 429 84 0 0 0 0 0 499 77 448 0 0 0 0 160 312 43 25 37 411 36 0 
2 480 540 2 0 0 0 0 0 637 53 334 0 0 0 0 43 580 29 21 32 319 0 0 
0 0 926 98 0 0 0 0 0 1017 7 0 0 0 0 0 11 1013 0 0 0 0 0 0 
0 0 600 424 0 0 0 0 0 991 33 0 0 0 0 0 119 905 0 0 0 0 0 0 
0 0 313 711 0 0 0 0 0 1021 3 0 0 0 0 0 54 970 0 0 0 0 0 0 
0 57 556 411 0 0 0 0 11 1013 0 0 0 0 0 0 359 665 0 0 0 0 0 0 
0 9 306 709 0 0 0 0 9 1015 0 0 0 0 0 0 195 829 0 0 0 0 0 0 
0 0 24 1000 0 0 0 0 0 1024 0 0 0 0 0 0 32 992 0 0 0 0 0 0 
0 134 221 669 0 0 0 0 0 700 111 213 0 0 0 0 0 715 69 27 56 140 17 0 
0 1024 0 0 0 0 0 0 0 0 0 1024 0 0 0 0 0 0 0 0 0 1024 0 0 
0 1024 0 0 0 0 0 0 0 0 0 1024 0 0 0 0 0 0 0 0 0 896 128 0 
0 1024 0 0 0 0 0 0 0 0 0 320 704 0 0 0 0 0 0 0 0 1024 0 0 
0 256 768 0 0 0 0 0 0 0 0 64 960 0 0 0 0 0 0 0 0 320 704 0 
0 0 1024 0 0 0 0 0 0 0 0 0 1024 0 0 0 0 0 0 0 0 0 1024 0 
0 0 1024 0 0 0 0 0 0 0 0 0 1024 0 0 0 0 0 0 0 0 0 1024 0 
0 0 1024 0 0 0 0 0 0 0 0 0 1024 0 0 0 0 0 0 0 0 0 1024 0 
0 0 1024 0 0 0 0 0 0 0 0 0 1024 0 0 0 0 0 0 0 0 0 1024 0 
0 0 672 352 0 0 0 0 0 0 0 0 1000 24 0 0 0 0 0 0 0 0 1024 0 
0 0 55 886 83 0 0 0 0 193 189 19 559 64 0 0 4 298 66 17 16 34 589 0 
0 0 0 344 680 0 0 0 0 374 650 0 0 0 0 0 15 1005 4 0 0 0 0 0 
0 0 0 352 672 0 0 0 0 151 873 0 0 0 0 0 1 1023 0 0 0 0 0 0 
0 0 0 96 928 0 0 0 0 264 760 0 0 0 0 0 0 1024 0 0 0 0 0 0 
0 0 0 834 190 0 0 0 0 797 227 0 0 0 0 0 97 927 0 0 0 0 0 0 
0 0 0 972 52 0 0 0 0 936 88 0 0 0 0 0 142 882 0 0 0 0 0 0 
0 0 0 671 353 0 0 0 0 659 365 0 0 0 0 0 91 933 0 0 0 0 0 0 
0 0 0 395 629 0 0 0 0 382 642 0 0 0 0 0 156 868 0 0 0 0 0 0 
0 0 0 293 731 0 0 0 0 234 790 0 0 0 0 0 84 940 0 0 0 0 0 0 
0 0 0 126 872 26 0 0 0 121 877 26 0 0 0 0 28 962 34 0 0 0 0 0 
0 0 0 98 765 136 25 0 0 62 818 124 20 0 0 0 7 802 179 36 0 0 0 0 
0 0 0 278 646 93 7 0 0 260 665 93 6 0 0 0 22 791 196 15 0 0 0 0 
0 0 0 255 268 309 190 2 0 144 321 293 124 49 49 44 12 375 299 185 32 32 32 57 
0 0 0 0 4 850 170 0 0 0 0 5 44 61 60 854 0 0 1 44 47 29 40 863 
0 0 0 0 0 1024 0 0 0 0 0 0 0 0 0 1024 0 0 0 0 0 0 0 1024 
0 0 0 0 0 992 0 0 0 0 0 0 0 0 0 992 0 0 0 0 0 0 0 992 
2 286 381 274 31 40 8 2 0 585 178 247 12 2 0 0 186 409 87 54 84 204 0 0 
0 48 136 222 487 126 5 0 55 303 506 151 9 0 0 0 155 580 264 25 0 0 0 0 
0 113 302 566 38 5 0 0 31 760 221 12 0 0 0 0 182 820 19 3 0 0 0 0 
0 323 575 126 0 0 0 0 21 954 49 0 0 0 0 0 472 552 0 0 0 0 0 0 
0 677 347 0 0 0 0 0 32 992 0 0 0 0 0 0 554 470 0 0 0 0 0 0 
0 247 777 0 0 0 0 0 0 1023 1 0 0 0 0 0 160 864 0 0 0 0 0 0 
0 0 990 34 0 0 0 0 0 1019 5 0 0 0 0 0 263 761 0 0 0 0 0 0 
0 0 993 31 0 0 0 0 0 1024 0 0 0 0 0 0 243 781 0 0 0 0 0 0 
0 10 653 361 0 0 0 0 20 1004 0 0 0 0 0 0 371 653 0 0 0 0 0 0 
0 0 249 775 0 0 0 0 0 1004 20 0 0 0 0 0 172 852 0 0 0 0 0 0 
0 0 116 908 0 0 0 0 0 1024 0 0 0 0 0 0 0 1024 0 0 0 0 0 0 
0 305 332 387 0 0 0 0 0 519 95 386 24 0 0 0 9 522 48 34 41 258 112 0 
0 1024 0 0 0 0 0 0 0 0 0 896 128 0 0 0 0 0 0 0 0 768 256 0 
0 896 128 0 0 0 0 0 0 0 0 320 704 0 0 0 0 0 0 0 0 896 128 0 
0 192 832 0 0 0 0 0 0 0 0 0 1024 0 0 0 0 0 0 0 0 192 832 0 
0 0 1024 0 0 0 0 0 0 0 0 0 1024 0 0 0 0 0 0 0 0 0 1024 0 
0 0 1024 0 0 0 0 0 0 0 0 0 1024 0 0 0 0 0 0 0 0 0 1024 0 
0 0 1024 0 0 0 0 0 0 0 0 0 1024 0 0 0 0 0 0 0 0 0 1024 0 
0 0 1024 0 0 0 0 0 0 0 0 0 1024 0 0 0 0 0 0 0 0 0 1024 0 
0 0 1024 0 0 0 0 0 0 0 0 0 1024 0 0 0 0 0 0 0 0 0 1024 0 
0 0 256 768 0 0 0 0 0 0 0 0 592 432 0 0 0 0 0 0 0 0 1024 0 
0 0 17 752 252 3 0 0 0 35 410 23 377 179 0 0 15 328 91 26 9 10 530 15 
0 0 0 96 928 0 0 0 0 131 893 0 0 0 0 0 0 1024 0 0 0 0 0 0 
0 0 0 98 926 0 0 0 0 208 816 0 0 0 0 0 1 1022 1 0 0 0 0 0 
0 0 0 546 478 0 0 0 0 613 411 0 0 0 0 0 7 1017 0 0 0 0 0 0 
0 0 0 938 86 0 0 0 0 952 72 0 0 0 0 0 155 869 0 0 0 0 0 0 
0 0 0 995 29 0 0 0 0 947 77 0 0 0 0 0 152 872 0 0 0 0 0 0 
0 0 0 1024 0 0 0 0 0 1022 2 0 0 0 0 0 165 859 0 0 0 0 0 0 
0 0 0 970 54 0 0 0 0 1020 4 0 0 0 0 0 188 836 0 0 0 0 0 0 
0 0 6 875 143 0 0 0 0 888 136 0 0 0 0 0 130 894 0 0 0 0 0 0 
0 0 24 787 213 0 0 0 0 742 282 0 0 0 0 0 93 914 17 0 0 0 0 0 
0 0 0 98 926 0 0 0 0 125 899 0 0 0 0 0 52 960 12 0 0 0 0 0 
0 0 0 721 249 54 0 0 0 557 409 58 0 0 0 0 67 862 93 2 0 0 0 0 
0 0 0 551 427 46 0 0 0 285 680 58 1 0 0 0 21 899 99 5 0 0 0 0 
0 0 0 110 265 341 276 32 0 70 276 255 164 91 47 121 0 301 251 179 110 25 29 129 
0 0 0 0 5 912 106 1 0 0 0 0 42 28 35 919 0 0 11 19 24 18 26 926 
0 0 0 0 0 992 0 0 0 0 0 0 0 0 0 992 0 0 0 0 0 0 0 992 
0 35 142 109 112 117 275 234 12 249 99 121 88 379 76 0 200 122 130 111 325 136 0 0 
0 0 56 209 83 43 431 202 0 193 152 31 249 281 118 0 68 262 33 234 258 169 0 0 
0 0 101 499 33 49 122 220 0 330 280 46 91 155 122 0 28 568 54 89 84 201 0 0 
0 5 728 156 15 12 15 93 0 815 76 15 12 24 82 0 117 772 15 13 21 86 0 0 
0 223 779 15 3 2 2 0 63 807 144 5 2 3 0 0 203 809 6 2 3 1 0 0 
0 279 745 0 0 0 0 0 13 971 40 0 0 0 0 0 270 754 0 0 0 0 0 0 
0 90 933 1 0 0 0 0 31 993 0 0 0 0 0 0 471 553 0 0 0 0 0 0 
0 32 830 162 0 0 0 0 0 1024 0 0 0 0 0 0 421 603 0 0 0 0 0 0 
0 14 696 314 0 0 0 0 20 988 16 0 0 0 0 0 531 493 0 0 0 0 0 0 
0 129 591 304 0 0 0 0 48 976 0 0 0 0 0 0 521 503 0 0 0 0 0 0 
0 54 457 513 0 0 0 0 0 1008 16 0 0 0 0 0 293 731 0 0 0 0 0 0 
0 182 650 190 2 0 0 0 0 341 206 275 202 0 0 0 0 444 66 19 42 286 167 0 
0 448 576 0 0 0 0 0 0 0 0 0 1024 0 0 0 0 0 0 0 0 448 576 0 
0 64 960 0 0 0 0 0 0 0 0 0 1024 0 0 0 0 0 0 0 0 64 960 0 
0 0 1024 0 0 0 0 0 0 0 0 0 1024 0 0 0 0 0 0 0 0 0 1024 0 
0 0 1024 0 0 0 0 0 0 0 0 0 1024 0 0 0 0 0 0 0 0 0 1024 0 
0 0 1024 0 0 0 0 0 0 0 0 0 1024 0 0 0 0 0 0 0 0 0 1024 0 
0 0 1024 0 0 0 0 0 0 0 0 0 1024 0 0 0 0 0 0 0 0 0 1024 0 
0 0 1024 0 0 0 0 0 0 0 0 0 1024 0 0 0 0 0 0 0 0 0 1024 0 
2 70 374 464 39 24 23 28 9 81 53 59 721 77 18 6 20 79 60 40 40 50 724 11 
1 11 63 866 49 18 9 7 1 15 11 19 343 623 8 4 0 10 8 19 10 57 877 43 
0 5 89 841 84 5 0 0 0 100 156 29 60 679 0 0 3 186 65 21 21 45 666 17 
0 0 0 888 136 0 0 0 0 262 762 0 0 0 0 0 14 1001 9 0 0 0 0 0 
0 0 36 908 80 0 0 0 0 598 426 0 0 0 0 0 171 853 0 0 0 0 0 0 
0 0 48 942 34 0 0 0 1 849 174 0 0 0 0 0 223 801 0 0 0 0 0 0 
0 0 132 892 0 0 0 0 0 907 117 0 0 0 0 0 202 822 0 0 0 0 0 0 
0 14 219 791 0 0 0 0 13 928 83 0 0 0 0 0 427 597 0 0 0 0 0 0 
0 1 257 738 28 0 0 0 0 997 27 0 0 0 0 0 415 609 0 0 0 0 0 0 
0 33 247 497 247 0 0 0 3 930 91 0 0 0 0 0 250 774 0 0 0 0 0 0 
0 0 219 501 304 0 0 0 17 681 326 0 0 0 0 0 145 879 0 0 0 0 0 0 
0 0 146 458 420 0 0 0 20 585 419 0 0 0 0 0 130 894 0 0 0 0 0 0 
0 0 176 358 490 0 0 0 0 512 512 0 0 0 0 0 103 921 0 0 0 0 0 0 
0 1 243 272 508 0 0 0 0 558 466 0 0 0 0 0 137 887 0 0 0 0 0 0 
0 0 208 304 512 0 0 0 0 544 480 0 0 0 0 0 94 930 0 0 0 0 0 0 
0 0 14 744 257 9 0 0 0 160 852 12 0 0 0 0 31 979 14 0 0 0 0 0 
0 0 0 51 238 636 95 4 0 13 194 145 120 17 44 491 0 181 160 89 43 10 21 520 
0 0 0 0 0 988 4 0 0 0 0 0 0 0 10 982 0 0 0 0 0 0 0 992 
0 0 0 0 0 20 582 422 0 0 0 7 63 797 156 1 0 0 3 44 732 239 6 0 
0 0 0 0 0 5 556 463 0 0 0 0 16 791 217 0 0 0 0 10 665 349 0 0 
0 0 0 0 0 0 268 756 0 0 0 0 0 380 644 0 0 0 0 0 291 733 0 0 
0 0 0 0 0 0 28 996 0 0 0 0 0 24 999 1 0 0 0 0 3 983 38 0 
0 0 17 26 10 25 91 855 0 18 26 12 29 128 804 7 2 38 14 26 54 847 43 0 
0 0 65 144 11 11 96 697 0 82 127 11 11 68 718 7 2 196 18 11 64 711 22 0 
0 0 326 75 12 12 39 560 0 295 104 11 12 37 552 13 26 370 13 12 21 561 21 0 
0 0 527 56 12 10 18 401 0 496 86 13 10 18 397 4 105 474 13 12 13 381 26 0 
0 0 662 86 11 11 14 240 0 671 76 12 11 14 231 9 82 661 12 12 16 225 16 0 
0 2 864 80 6 10 10 52 0 860 85 7 10 9 39 14 150 795 7 10 10 39 13 0 
0 112 734 175 3 0 0 0 42 793 79 29 81 0 0 0 197 654 55 15 23 31 49 0 
0 19 987 18 0 0 0 0 0 96 22 35 871 0 0 0 29 54 20 16 19 48 838 0 
0 0 1024 0 0 0 0 0 0 0 0 0 1024 0 0 0 0 0 0 0 0 0 1024 0 
0 0 1024 0 0 0 0 0 0 0 0 0 1024 0 0 0 0 0 0 0 0 0 1024 0 
0 0 1024 0 0 0 0 0 0 0 0 0 1024 0 0 0 0 0 0 0 0 0 1024 0 
0 0 1024 0 0 0 0 0 0 0 0 0 1024 0 0 0 0 0 0 0 0 0 1024 0 
0 0 1024 0 0 0 0 0 0 0 0 0 1024 0 0 0 0 0 0 0 0 0 1024 0 
0 0 1024 0 0 0 0 0 0 0 0 0 1024 0 0 0 0 0 0 0 0 0 1024 0 
0 0 248 776 0 0 0 0 0 0 0 0 1024 0 0 0 0 0 0 0 0 0 1024 0 
7 55 65 756 92 24 12 13 11 48 108 72 604 178 3 0 16 42 104 74 57 49 662 20 
0 3 11 594 133 73 75 135 2 4 55 48 114 645 87 69 5 22 52 30 43 101 637 134 
0 13 109 853 49 0 0 0 0 260 107 14 23 619 1 0 0 298 56 15 15 19 613 8 
0 0 40 984 0 0 0 0 0 910 114 0 0 0 0 0 16 1008 0 0 0 0 0 0 
0 0 294 533 63 70 62 2 0 707 152 84 73 8 0 0 91 740 83 94 16 0 0 0 
0 0 88 227 49 145 489 26 0 306 52 117 422 127 0 0 53 296 107 394 174 0 0 0 
0 0 62 134 75 172 393 188 0 181 84 142 184 407 26 0 64 196 145 152 404 63 0 0 
0 0 28 89 76 211 377 243 0 80 77 180 220 349 116 2 55 93 154 210 362 148 2 0 
0 0 2 181 15 42 406 378 0 140 52 41 202 350 235 4 26 164 44 188 325 271 6 0 
0 0 2 338 17 79 445 143 0 307 45 56 323 170 123 0 59 291 58 305 159 151 1 0 
0 0 0 396 83 170 359 16 0 329 142 203 293 48 9 0 27 431 127 371 62 6 0 0 
0 0 3 332 228 203 257 1 0 258 318 195 252 1 0 0 16 529 230 243 6 0 0 0 
0 0 49 433 265 142 132 3 0 456 285 143 135 5 0 0 81 604 183 142 14 0 0 0 
0 0 144 157 381 278 63 1 0 301 429 247 46 1 0 0 40 572 339 72 1 0 0 0 
0 2 84 73 392 448 25 0 0 147 428 406 41 2 0 0 99 357 452 106 10 0 0 0 
0 0 18 92 218 510 173 13 1 82 264 462 187 28 0 0 61 208 465 247 43 0 0 0 
0 0 0 66 90 500 355 13 0 6 110 127 152 144 102 383 1 99 117 135 142 53 59 418 
0 0 0 0 0 878 114 0 0 0 0 0 21 41 43 887 0 0 0 19 25 18 26 904 
0 0 0 0 0 0 466 558 0 0 0 0 2 514 504 4 0 0 0 0 226 764 34 0 
0 0 0 0 0 0 380 644 0 0 0 0 0 353 623 48 0 0 0 0 158 713 153 0 
0 0 0 0 0 0 210 814 0 0 0 0 0 243 731 50 0 0 0 0 49 825 150 0 
0 0 0 0 0 0 101 923 0 0 0 0 0 68 881 75 0 0 0 0 5 803 216 0 
0 0 0 0 4 10 91 919 0 0 0 4 10 49 862 99 0 0 3 6 16 766 233 0 
0 0 0 0 1 18 56 949 0 0 0 4 21 65 776 158 0 0 5 19 70 605 325 0 
0 0 0 7 40 71 359 547 0 1 26 54 194 256 326 167 1 22 48 187 264 259 241 2 
0 0 0 11 55 243 495 220 0 0 36 196 422 234 135 1 0 49 195 371 277 131 1 0 
0 0 0 0 4 179 398 443 0 0 7 142 199 359 317 0 0 3 103 233 326 359 0 0 
0 0 0 1 1 4 321 697 0 0 1 2 46 421 549 5 0 1 2 37 435 544 5 0 
0 0 47 75 15 14 169 704 0 31 71 19 29 246 612 16 22 55 29 20 199 671 28 0 
0 0 130 143 22 14 106 609 0 0 0 3 292 120 601 8 0 0 0 2 81 637 293 11 
0 0 241 159 25 20 213 366 0 0 0 13 448 250 298 15 0 0 0 37 213 433 322 19 
0 0 307 231 6 16 92 372 0 0 0 0 545 135 338 6 0 0 0 0 102 329 582 11 
0 0 357 280 14 23 103 247 0 0 0 0 641 101 275 7 0 0 0 0 2 362 652 8 
0 0 323 380 48 13 41 219 0 0 0 0 749 14 250 11 0 0 0 0 6 242 772 4 
0 0 120 658 51 29 25 141 0 0 0 0 823 34 150 17 0 0 0 0 1 151 849 23 
0 0 0 790 72 18 47 97 0 0 0 0 685 195 134 10 0 0 0 0 0 133 888 3 
0 0 0 707 97 39 55 126 0 0 0 0 400 459 139 26 0 0 0 0 4 126 894 0 
0 0 3 513 165 83 98 162 0 0 10 21 166 673 140 14 0 0 0 31 93 296 601 3 
0 0 0 125 297 154 144 304 0 1 97 45 75 473 319 14 0 54 70 35 74 346 424 21 
0 3 26 327 223 45 131 269 0 32 18 7 34 638 291 4 16 24 12 14 94 279 545 40 
0 7 126 278 27 51 290 245 0 247 164 27 76 314 193 3 48 334 43 49 279 241 30 0 
0 0 0 85 16 63 462 398 0 28 67 20 156 546 205 2 5 85 19 119 521 273 2 0 
0 0 0 0 2 75 697 250 0 0 1 44 170 702 107 0 0 0 22 147 708 147 0 0 
0 0 0 0 14 98 451 461 0 0 7 33 138 650 196 0 0 3 27 111 585 298 0 0 
0 0 0 1 12 50 599 362 0 0 2 25 100 596 301 0 0 2 21 69 591 341 0 0 
0 0 0 0 1 72 589 362 0 0 0 6 145 693 179 1 0 0 3 101 655 264 1 0 
0 0 0 0 2 60 494 468 0 0 0 9 144 546 325 0 0 0 5 97 527 395 0 0 
0 0 0 3 22 106 502 391 0 0 5 28 141 569 275 6 0 4 24 118 527 343 8 0 
0 0 0 0 1 22 514 487 0 0 1 8 172 557 286 0 0 2 14 161 458 388 1 0 
0 0 69 70 43 75 538 229 1 131 41 58 201 480 112 0 87 79 56 191 456 155 0 0 
0 0 281 275 73 157 201 37 0 492 106 115 182 116 13 0 141 438 114 189 104 38 0 0 
0 0 0 93 122 257 484 68 0 63 111 117 445 288 0 0 48 109 105 426 336 0 0 0 
0 0 0 22 170 152 659 21 0 14 129 128 346 403 4 0 11 116 146 211 536 4 0 0 
0 0 0 0 0 179 837 8 0 0 0 69 431 524 0 0 0 0 59 422 543 0 0 0 
0 0 0 0 0 252 698 42 0 0 0 22 325 437 65 143 0 0 4 303 432 46 27 180 
0 0 0 0 4 11 749 260 0 0 0 5 150 657 199 13 0 0 3 46 644 300 31 0 
0 0 0 0 0 1 700 323 0 0 0 0 14 822 181 7 0 0 0 3 677 310 34 0 
0 0 0 0 0 11 460 553 0 0 0 0 79 543 350 52 0 0 0 75 427 429 93 0 
0 0 0 0 0 31 361 632 0 0 0 0 55 385 547 37 0 0 0 37 280 603 104 0 
0 0 0 0 1 16 369 638 0 0 0 1 20 429 511 63 0 0 1 17 302 585 119 0 
0 0 0 0 0 0 255 769 0 0 0 0 0 340 584 100 0 0 0 0 209 609 206 0 
0 0 0 0 0 2 140 882 0 0 0 0 2 157 761 104 0 0 0 2 79 708 235 0 
0 0 0 2 6 19 69 928 0 1 6 11 16 78 840 72 1 6 12 18 51 635 301 0 
0 0 0 2 21 90 186 725 0 2 14 87 93 115 625 88 2 15 94 90 104 472 247 0 
0 0 0 3 29 96 333 563 0 0 16 86 298 109 504 11 0 14 74 295 104 496 41 0 
0 0 0 0 0 2 329 693 0 0 0 0 123 378 523 0 0 0 0 93 412 519 0 0 
0 0 0 0 0 1 219 804 0 0 0 0 4 327 687 6 0 0 0 5 328 686 5 0 
0 0 0 0 13 66 263 682 0 0 4 32 161 232 550 45 0 3 24 152 209 548 88 0 
0 0 0 23 139 159 255 448 0 5 141 146 190 125 407 10 6 131 133 191 135 407 21 0 
0 0 0 0 70 251 280 423 0 0 51 204 225 226 252 66 0 63 188 220 211 245 97 0 
0 0 0 0 11 213 446 354 0 0 4 190 308 295 223 4 0 4 187 238 299 279 17 0 
0 0 0 0 15 89 485 435 0 0 8 47 307 274 369 19 0 7 50 294 236 344 93 0 
0 0 0 0 0 60 440 524 0 0 0 46 260 213 493 12 0 0 30 270 184 484 56 0 
0 0 0 0 0 1 211 812 0 0 0 0 54 233 611 126 0 0 0 13 177 488 346 0 
0 0 0 0 3 43 142 836 0 0 0 3 51 135 765 70 0 0 3 45 121 683 172 0 
0 0 0 0 0 17 269 738 0 0 0 2 36 252 626 108 0 0 0 25 219 584 196 0 
0 0 0 1 24 60 272 667 0 0 3 35 77 294 557 58 0 0 21 60 236 563 144 0 
0 0 0 2 34 88 305 595 0 0 3 35 115 376 471 24 0 3 30 106 318 518 49 0 
0 0 0 3 29 72 509 411 0 0 9 47 87 545 332 4 0 9 42 79 504 381 9 0 
0 0 0 4 28 86 563 343 0 0 8 28 112 658 217 1 0 7 26 91 614 284 2 0 
0 0 0 16 38 96 508 366 0 1 23 45 143 574 237 1 1 18 38 121 543 302 1 0 
0 0 0 19 78 220 493 214 0 2 45 115 253 476 131 2 1 45 96 242 474 163 3 0 
0 0 1 6 61 184 550 222 0 3 44 87 277 513 100 0 2 38 84 265 507 128 0 0 
0 0 1 11 38 211 571 192 0 2 30 92 404 460 36 0 1 28 80 358 497 60 0 0 
0 0 4 15 25 171 618 191 0 7 17 81 309 539 71 0 6 21 90 285 514 108 0 0 
0 0 0 55 83 158 522 206 0 20 76 100 227 465 135 1 15 76 95 227 474 136 1 0 
0 0 0 10 57 137 541 279 0 1 40 64 260 524 135 0 1 36 58 231 503 195 0 0 
0 0 162 37 27 70 530 198 0 165 39 46 106 609 59 0 85 117 43 84 553 140 2 0 
0 125 545 169 63 58 53 11 7 777 86 74 35 44 1 0 232 606 84 60 39 3 0 0 
0 1 170 126 284 237 206 0 1 200 275 233 309 6 0 0 81 300 275 307 61 0 0 0 
0 0 1 7 87 401 528 0 0 2 51 186 686 99 0 0 2 48 172 530 272 0 0 0 
0 0 0 5 35 264 688 0 0 0 16 75 539 362 0 0 0 13 61 433 485 0 0 0 
0 0 0 0 2 13 776 233 0 0 0 6 286 732 0 0 0 0 6 244 774 0 0 0 
0 0 0 0 0 13 694 317 0 0 0 0 223 765 35 1 0 0 0 200 753 67 4 0 
0 0 0 0 0 35 618 371 0 0 0 2 211 744 65 2 0 0 2 177 722 117 6 0 
0 0 0 0 0 18 389 617 0 0 0 0 55 655 284 30 0 0 0 34 478 419 92 1 
0 0 0 1 7 32 552 432 0 0 3 9 136 722 154 0 0 3 9 65 692 253 2 0 
0 0 0 0 1 27 587 409 0 0 0 3 92 683 239 7 0 0 2 47 641 322 12 0 
0 0 0 0 8 51 379 586 0 0 0 19 84 475 411 35 0 0 14 71 425 478 36 0 
0 0 0 0 0 22 139 863 0 0 0 0 29 175 748 72 0 0 0 22 86 728 185 3 
0 0 0 0 0 0 181 843 0 0 0 0 1 218 666 139 0 0 0 1 139 704 177 3 
0 0 0 0 0 3 230 791 0 0 0 0 20 439 487 78 0 0 0 3 280 592 149 0 
0 0 0 0 0 28 275 721 0 0 0 7 61 371 448 137 0 0 1 44 291 504 176 8 
0 0 0 0 5 22 250 747 0 0 1 10 43 348 570 52 0 0 7 27 226 657 106 1 
0 0 0 0 0 7 282 735 0 0 0 0 26 279 502 217 0 0 0 11 169 435 406 3 
0 0 0 0 0 6 242 776 0 0 0 0 22 209 638 155 0 0 0 3 119 597 305 0 
0 0 0 0 0 0 119 905 0 0 0 0 0 273 651 100 0 0 0 0 203 573 247 1 
0 0 0 0 0 2 231 791 0 0 0 0 38 358 422 206 0 0 0 45 246 332 401 0 
0 0 0 0 0 5 261 758 0 0 0 0 14 316 527 167 0 0 0 13 213 400 397 1 
0 0 0 0 0 8 143 873 0 0 0 0 10 154 798 62 0 0 0 1 66 721 236 0 
0 0 0 0 0 4 184 836 0 0 0 0 4 184 797 39 0 0 0 1 64 759 200 0 
0 0 0 0 0 2 181 841 0 0 0 0 2 158 842 22 0 0 0 0 58 818 148 0 
0 0 0 0 0 0 142 882 0 0 0 0 0 166 848 10 0 0 0 0 32 872 120 0 
0 0 0 0 0 6 297 721 0 0 0 0 6 297 690 31 0 0 0 0 117 796 111 0 
0 0 0 0 1 12 291 720 0 0 0 1 12 285 718 8 0 0 1 4 139 834 46 0 
0 0 0 0 0 1 384 639 0 0 0 0 3 401 617 3 0 0 0 2 345 674 3 0 
0 0 0 0 0 11 523 490 0 0 0 0 21 598 404 1 0 0 0 10 453 558 3 0 
0 0 0 0 1 40 515 468 0 0 0 1 51 612 357 3 0 0 1 32 507 477 7 0 
0 0 0 0 0 25 595 404 0 0 0 0 27 623 369 5 0 0 0 15 426 565 18 0 
0 0 1 22 26 132 639 204 0 2 26 30 201 631 133 1 0 16 31 166 611 194 6 0 
0 0 2 24 39 167 658 134 0 8 37 66 412 488 13 0 7 36 54 321 569 37 0 0 
0 0 3 90 45 177 564 145 0 48 71 55 413 403 34 0 34 76 56 383 403 72 0 0 
0 0 1 32 42 170 645 134 1 23 33 78 254 567 68 0 20 37 72 256 547 92 0 0 
0 0 1 55 51 111 665 141 0 21 60 41 239 605 58 0 20 57 42 190 629 85 1 0 
0 0 8 42 82 212 512 168 0 22 61 116 337 391 96 1 16 60 110 330 403 104 1 0 
0 156 211 95 68 116 329 49 46 334 98 89 157 291 9 0 226 228 101 108 338 23 0 0 
0 53 225 130 250 355 11 0 3 278 209 366 168 0 0 0 167 261 343 249 4 0 0 0 
0 0 0 0 9 630 385 0 0 0 0 121 902 1 0 0 0 0 52 901 71 0 0 0 
0 0 0 0 0 328 664 0 0 0 0 25 933 34 0 0 0 0 7 776 209 0 0 0 
0 0 0 0 0 0 888 136 0 0 0 0 22 1002 0 0 0 0 0 2 1016 6 0 0 
0 0 0 0 0 0 600 424 0 0 0 0 33 990 1 0 0 0 0 20 1002 2 0 0 
0 0 0 0 0 13 345 666 0 0 0 1 35 979 9 0 0 0 1 30 961 32 0 0 
0 0 0 0 0 12 424 588 0 0 0 0 77 933 14 0 0 0 0 38 832 154 0 0 
0 0 0 0 0 0 394 630 0 0 0 0 10 773 241 0 0 0 0 0 597 425 2 0 
0 0 0 0 4 25 308 687 0 0 1 11 68 587 356 1 0 1 10 48 423 541 1 0 
0 0 0 0 0 20 299 705 0 0 0 2 62 511 447 2 0 0 0 36 407 576 5 0 
0 0 0 0 0 20 407 597 0 0 0 4 64 604 349 3 0 0 1 42 512 464 5 0 
0 0 0 0 5 39 343 637 0 0 0 14 108 602 290 10 0 0 11 71 461 467 14 0 
0 0 0 10 13 73 244 684 0 1 16 47 96 376 460 28 1 16 39 90 306 508 64 0 
0 0 0 2 12 49 202 759 0 0 6 21 84 337 538 38 0 6 22 81 297 570 48 0 
0 0 0 4 49 97 244 630 0 1 23 76 159 252 469 44 0 16 76 135 219 503 75 0 
0 0 0 0 18 105 341 560 0 0 10 70 175 347 401 21 0 7 58 171 347 416 25 0 
0 0 0 1 7 72 405 539 0 1 3 30 168 404 394 24 0 4 23 117 388 415 77 0 
0 0 0 0 3 30 378 613 0 0 0 8 78 605 317 16 0 1 9 72 539 350 53 0 
0 0 0 0 15 81 394 534 0 0 9 63 168 365 376 43 0 8 55 188 275 370 128 0 
0 0 0 3 32 108 478 403 0 0 9 66 155 458 305 31 0 6 59 144 424 332 59 0 
0 0 0 0 0 28 315 681 0 0 0 3 37 278 640 66 0 0 0 16 231 622 155 0 
0 0 0 0 0 24 249 751 0 0 0 0 34 239 709 42 0 0 0 10 154 663 197 0 
0 0 0 1 2 13 249 759 0 0 1 2 16 271 691 43 0 1 2 12 208 673 128 0 
0 0 0 0 0 3 272 749 0 0 0 0 3 356 658 7 0 0 0 3 253 703 65 0 
0 0 0 0 0 0 327 697 0 0 0 0 0 473 540 11 0 0 0 0 388 619 17 0 
0 0 0 0 0 24 388 612 0 0 0 0 35 487 502 0 0 0 0 25 432 564 3 0 
0 0 0 0 0 12 393 619 0 0 0 0 16 543 462 3 0 0 0 13 451 554 6 0 
0 0 0 0 0 0 472 552 0 0 0 0 3 621 399 1 0 0 0 0 520 503 1 0 
0 0 0 0 0 3 530 491 0 0 0 0 8 660 356 0 0 0 0 6 569 448 1 0 
0 0 0 0 0 17 533 474 0 0 0 0 27 690 306 1 0 0 0 20 595 407 2 0 
0 0 0 0 0 14 548 462 0 0 0 0 32 693 299 0 0 0 0 17 614 392 1 0 
0 0 0 2 7 83 703 229 0 2 3 9 179 696 135 0 2 3 11 184 628 194 2 0 
0 0 8 39 47 172 654 104 2 37 46 107 501 323 8 0 41 49 133 499 296 6 0 0 
0 0 14 71 121 361 424 33 1 60 116 276 457 113 1 0 47 116 303 464 94 0 0 0 
0 2 46 285 272 252 160 7 7 198 250 300 231 38 0 0 138 275 295 260 56 0 0 0 
0 62 241 137 125 239 209 11 18 332 145 188 266 75 0 0 218 255 192 275 84 0 0 0 
0 0 33 110 333 436 105 7 8 69 199 516 207 25 0 0 41 155 448 318 60 2 0 0 
0 0 0 26 357 638 3 0 0 4 116 778 126 0 0 0 0 68 650 306 0 0 0 0 
0 0 0 0 7 877 140 0 0 0 0 251 773 0 0 0 0 0 93 931 0 0 0 0 
0 0 0 0 0 783 209 0 0 0 0 14 978 0 0 0 0 0 1 991 0 0 0 0 
0 0 0 0 0 27 879 118 0 0 0 0 250 772 2 0 0 0 0 142 848 34 0 0 
0 0 3 33 32 46 751 159 0 26 30 33 204 731 0 0 18 34 32 176 764 0 0 0 
0 0 0 0 0 0 573 451 0 0 0 0 1 983 40 0 0 0 0 2 908 114 0 0 
0 0 0 0 0 0 491 533 0 0 0 0 0 790 234 0 0 0 0 0 630 394 0 0 
0 0 0 0 0 0 316 708 0 0 0 0 1 893 130 0 0 0 0 0 656 368 0 0 
0 0 0 0 0 5 432 587 0 0 0 0 46 795 183 0 0 0 0 17 661 343 3 0 
0 0 0 0 0 8 264 752 0 0 0 0 16 564 444 0 0 0 0 11 413 600 0 0 
0 0 0 0 0 0 163 861 0 0 0 0 0 398 626 0 0 0 0 0 218 806 0 0 
0 0 0 0 0 0 216 808 0 0 0 0 3 415 603 3 0 0 0 1 274 744 5 0 
0 0 0 0 0 5 102 917 0 0 0 0 5 179 837 3 0 0 0 3 78 921 22 0 
0 0 0 0 0 3 104 917 0 0 0 1 9 161 851 2 0 0 0 5 117 900 2 0 
0 0 0 0 0 1 146 877 0 0 0 0 3 286 732 3 0 0 0 2 195 823 4 0 
0 0 0 0 0 2 260 762 0 0 0 0 5 464 555 0 0 0 0 3 339 681 1 0 
0 0 0 0 2 14 241 767 0 0 0 2 31 382 596 13 0 0 2 21 310 673 18 0 
0 0 0 2 9 45 245 723 0 1 4 36 75 337 566 5 1 3 31 81 313 588 7 0 
0 0 0 0 14 74 355 581 0 0 22 57 132 463 348 2 0 12 55 129 414 411 3 0 
0 0 0 2 33 56 408 525 0 1 24 42 231 559 167 0 0 16 43 210 598 157 0 0 
0 0 0 10 74 82 441 417 0 10 69 39 255 555 95 1 10 70 46 249 559 89 1 0 
0 0 0 40 108 164 441 271 0 11 129 101 296 446 38 3 6 119 112 292 453 41 1 0 
0 0 0 0 15 71 492 446 0 0 2 28 183 557 249 5 0 0 24 148 540 304 8 0 
0 0 3 50 62 118 493 298 0 15 84 95 270 424 135 1 18 82 90 300 375 157 2 0 
0 0 1 26 87 163 488 259 0 10 76 120 299 375 142 2 9 71 117 278 359 183 7 0 
0 0 0 13 41 154 551 265 0 10 34 129 368 315 168 0 11 34 126 322 340 189 2 0 
0 0 0 8 41 102 526 347 0 2 31 64 278 442 206 1 2 28 58 255 426 254 1 0 
0 0 0 0 10 63 623 328 0 0 4 25 287 512 195 1 0 4 24 278 477 239 2 0 
0 0 0 0 1 44 516 463 0 0 2 18 233 404 367 0 0 1 27 246 333 417 0 0 
0 0 0 0 0 32 542 450 0 0 0 12 103 642 267 0 0 0 7 138 531 348 0 0 
0 0 1 5 6 28 568 416 0 1 5 14 68 814 122 0 1 5 11 69 769 169 0 0 
0 0 0 0 0 9 814 201 0 0 0 0 152 850 22 0 0 0 0 52 908 64 0 0 
0 0 0 0 0 13 848 163 0 0 0 1 206 791 26 0 0 0 0 60 896 68 0 0 
0 0 60 117 34 54 696 63 1 137 49 37 258 539 3 0 117 67 35 126 663 16 0 0 
0 24 155 111 61 92 490 91 10 232 78 65 245 387 7 0 165 133 79 226 401 20 0 0 
0 418 569 8 8 8 12 1 56 931 8 7 10 11 1 0 705 285 9 7 11 7 0 0 
0 405 555 64 0 0 0 0 50 931 43 0 0 0 0 0 726 291 7 0 0 0 0 0 
0 106 579 293 43 3 0 0 7 782 219 16 0 0 0 0 411 566 45 2 0 0 0 0 
0 65 256 371 194 138 0 0 10 460 374 180 0 0 0 0 153 612 208 51 0 0 0 0 
0 1 108 284 304 295 0 0 0 181 439 311 61 0 0 0 14 505 347 126 0 0 0 0 
0 0 0 0 0 49 941 2 0 0 0 0 636 356 0 0 0 0 0 303 689 0 0 0 
0 0 0 0 0 0 914 78 0 0 0 0 467 525 0 0 0 0 0 325 667 0 0 0 
0 0 0 0 0 0 746 246 0 0 0 0 48 939 5 0 0 0 0 38 929 25 0 0 
0 0 0 0 0 0 668 324 0 0 0 0 48 831 113 0 0 0 0 35 768 189 0 0 
0 0 0 0 0 0 190 802 0 0 0 0 0 952 40 0 0 0 0 0 747 245 0 0 
0 0 0 0 0 7 491 494 0 0 0 0 98 834 60 0 0 0 0 48 786 155 3 0 
0 0 0 0 0 9 371 612 0 0 0 0 26 816 150 0 0 0 0 23 754 215 0 0 
0 0 0 0 0 3 191 798 0 0 0 0 6 557 429 0 0 0 0 4 462 526 0 0 
0 0 0 0 0 5 249 738 0 0 0 0 5 507 472 8 0 0 0 3 378 603 8 0 
0 0 0 0 0 2 160 830 0 0 0 0 15 394 580 3 0 0 0 6 301 681 4 0 
0 0 0 0 0 0 214 778 0 0 0 0 0 289 702 1 0 0 0 0 250 741 1 0 
0 0 0 0 0 0 48 944 0 0 0 0 0 186 805 1 0 0 0 0 86 905 1 0 
0 0 0 0 0 2 221 769 0 0 0 0 5 607 380 0 0 0 0 3 390 599 0 0 
0 0 0 0 0 4 308 680 0 0 0 0 18 673 294 7 0 0 0 11 519 452 10 0 
0 0 0 0 0 0 153 839 0 0 0 0 1 346 640 5 0 0 0 0 239 746 7 0 
0 0 0 0 0 5 140 847 0 0 0 0 12 471 507 2 0 0 0 8 244 737 3 0 
0 0 0 0 0 9 235 748 0 0 0 0 50 513 429 0 0 0 0 48 446 498 0 0 
0 0 0 9 14 43 276 650 0 5 9 19 102 516 339 2 4 8 20 96 448 415 1 0 
0 0 0 39 57 97 385 414 0 7 64 72 178 507 161 3 6 65 71 174 527 139 10 0 
0 0 0 0 15 68 497 412 0 0 2 34 196 570 189 1 0 0 26 149 565 249 3 0 
0 0 3 50 65 101 367 406 0 15 84 91 153 444 205 0 18 82 85 149 388 269 1 0 
0 0 1 26 90 130 341 404 0 10 76 119 179 370 231 7 9 71 112 183 328 276 13 0 
0 0 0 13 41 165 563 210 0 10 34 126 414 361 47 0 11 34 130 395 382 40 0 0 
0 0 0 14 60 160 563 195 0 5 44 98 426 386 31 2 4 42 91 396 423 34 2 0 
0 0 0 1 40 167 617 167 0 0 20 88 502 340 42 0 0 18 85 492 360 37 0 0 
0 0 0 5 37 125 533 292 0 1 19 81 406 369 115 1 1 14 93 416 325 142 1 0 
0 0 0 0 6 112 574 300 0 0 2 64 322 491 113 0 0 3 75 356 410 148 0 0 
0 0 1 21 41 128 474 327 0 10 36 95 248 513 90 0 7 38 83 235 523 106 0 0 
0 0 0 13 42 115 674 148 0 5 37 98 263 579 10 0 1 34 88 208 639 22 0 0 
0 0 0 7 27 128 786 44 0 3 19 78 347 544 1 0 3 20 80 249 633 7 0 0 
0 0 8 36 82 90 730 46 0 29 77 79 257 548 2 0 28 77 85 164 628 10 0 0 
0 4 119 90 51 148 538 42 5 173 54 120 292 343 5 0 111 104 107 307 346 17 0 0 
3 727 124 20 19 42 55 2 257 595 25 27 61 26 1 0 792 76 33 53 31 7 0 0 
103 745 144 0 0 0 0 0 355 637 0 0 0 0 0 0 992 0 0 0 0 0 0 0 
0 532 451 9 0 0 0 0 9 971 12 0 0 0 0 0 765 227 0 0 0 0 0 0 
0 177 609 193 13 0 0 0 38 860 94 0 0 0 0 0 418 565 9 0 0 0 0 0 
0 14 541 293 113 0 0 0 0 610 349 2 0 0 0 0 203 722 36 0 0 0 0 0 
