0 0 0 63 180 773 8 0 0 3 114 889 18 0 0 0 7 684 326 7 0 0 0 0 
0 0 0 0 4 1016 4 0 0 0 25 995 4 0 0 0 13 742 269 0 0 0 0 0 
0 0 0 0 217 807 0 0 0 0 566 458 0 0 0 0 291 731 2 0 0 0 0 0 
0 0 0 0 142 852 30 0 0 0 389 629 6 0 0 0 272 690 62 0 0 0 0 0 
0 0 0 0 149 791 84 0 0 0 207 804 13 0 0 0 105 797 122 0 0 0 0 0 
0 0 0 0 582 442 0 0 0 0 793 231 0 0 0 0 536 488 0 0 0 0 0 0 
0 0 0 0 890 134 0 0 0 0 995 29 0 0 0 0 915 109 0 0 0 0 0 0 
0 0 0 8 765 251 0 0 0 1 862 161 0 0 0 0 595 429 0 0 0 0 0 0 
0 0 0 0 431 583 10 0 0 0 491 526 7 0 0 0 91 914 19 0 0 0 0 0 
0 0 0 0 534 490 0 0 0 0 579 445 0 0 0 0 144 869 11 0 0 0 0 0 
0 0 0 7 847 170 0 0 0 0 895 129 0 0 0 0 418 606 0 0 0 0 0 0 
0 0 0 0 477 547 0 0 0 0 536 488 0 0 0 0 293 678 53 0 0 0 0 0 
0 0 0 36 813 175 0 0 0 10 842 172 0 0 0 0 682 342 0 0 0 0 0 0 
0 0 0 28 683 306 7 0 0 12 721 283 8 0 0 0 596 419 9 0 0 0 0 0 
0 0 0 209 755 60 0 0 0 51 852 121 0 0 0 0 743 280 1 0 0 0 0 0 
0 0 0 152 850 22 0 0 0 29 938 57 0 0 0 0 857 167 0 0 0 0 0 0 
0 0 0 101 915 8 0 0 0 20 942 62 0 0 0 0 775 249 0 0 0 0 0 0 
0 0 0 97 894 33 0 0 0 10 905 109 0 0 0 0 749 274 1 0 0 0 0 0 
0 0 0 391 633 0 0 0 0 45 969 10 0 0 0 0 933 91 0 0 0 0 0 0 
0 0 0 403 106 429 86 0 0 113 377 427 107 0 0 0 436 239 343 6 0 0 0 0 
0 0 0 0 40 886 95 3 0 0 27 869 126 2 0 0 2 353 648 21 0 0 0 0 
0 42 176 91 66 430 219 0 11 226 124 365 298 0 0 0 305 130 543 46 0 0 0 0 
0 17 36 78 252 559 82 0 13 62 274 580 95 0 0 0 147 596 277 4 0 0 0 0 
0 0 0 1 194 788 41 0 0 1 278 715 30 0 0 0 105 695 224 0 0 0 0 0 
0 0 0 16 447 559 2 0 0 0 449 575 0 0 0 0 178 608 238 0 0 0 0 0 
0 0 0 24 735 265 0 0 0 1 597 423 3 0 0 0 58 780 186 0 0 0 0 0 
0 0 0 0 897 127 0 0 0 0 775 249 0 0 0 0 1 942 81 0 0 0 0 0 
0 0 0 1 994 29 0 0 0 0 901 123 0 0 0 0 3 1017 4 0 0 0 0 0 
0 0 0 13 782 229 0 0 0 0 624 400 0 0 0 0 68 916 40 0 0 0 0 0 
0 0 0 25 444 555 0 0 0 11 296 717 0 0 0 0 78 809 137 0 0 0 0 0 
0 0 0 1 890 133 0 0 0 0 401 623 0 0 0 0 1 1010 13 0 0 0 0 0 
0 0 0 525 499 0 0 0 0 17 996 11 0 0 0 0 289 735 0 0 0 0 0 0 
0 0 0 11 310 609 94 0 0 0 156 724 144 0 0 0 0 430 569 25 0 0 0 0 
0 0 0 0 9 668 347 0 0 0 2 585 437 0 0 0 0 88 713 223 0 0 0 0 
0 0 0 0 140 880 4 0 0 0 279 722 23 0 0 0 35 513 476 0 0 0 0 0 
0 0 0 0 350 672 2 0 0 0 837 186 1 0 0 0 242 778 4 0 0 0 0 0 
0 0 0 0 37 906 81 0 0 0 177 835 12 0 0 0 24 810 190 0 0 0 0 0 
0 0 0 0 77 922 25 0 0 0 200 814 10 0 0 0 22 843 159 0 0 0 0 0 
0 0 0 0 328 695 1 0 0 0 574 450 0 0 0 0 140 881 3 0 0 0 0 0 
0 0 0 3 722 299 0 0 0 0 823 201 0 0 0 0 331 693 0 0 0 0 0 0 
0 0 0 12 847 162 3 0 0 2 851 167 4 0 0 0 569 442 13 0 0 0 0 0 
0 0 0 0 99 643 282 0 0 0 164 618 242 0 0 0 108 557 321 38 0 0 0 0 
0 0 0 0 593 431 0 0 0 0 733 291 0 0 0 0 449 575 0 0 0 0 0 0 
0 0 0 11 841 172 0 0 0 1 969 54 0 0 0 0 744 280 0 0 0 0 0 0 
0 0 0 0 665 359 0 0 0 0 803 221 0 0 0 0 671 353 0 0 0 0 0 0 
0 0 0 0 725 299 0 0 0 0 855 169 0 0 0 0 769 255 0 0 0 0 0 0 
0 0 0 16 988 20 0 0 0 5 966 53 0 0 0 0 841 183 0 0 0 0 0 0 
0 0 0 48 772 200 4 0 0 25 706 291 2 0 0 0 529 474 21 0 0 0 0 0 
0 0 0 77 905 42 0 0 0 23 913 88 0 0 0 0 682 342 0 0 0 0 0 0 
0 0 1 146 742 135 0 0 0 26 885 113 0 0 0 0 628 395 1 0 0 0 0 0 
0 0 6 546 472 0 0 0 0 177 843 4 0 0 0 0 950 74 0 0 0 0 0 0 
0 0 1 798 197 28 0 0 0 154 834 36 0 0 0 0 931 93 0 0 0 0 0 0 
0 83 154 249 429 109 0 0 62 264 566 132 0 0 0 0 580 444 0 0 0 0 0 0 
0 187 762 43 27 5 0 0 55 910 48 11 0 0 0 0 987 37 0 0 0 0 0 0 
0 175 351 243 246 9 0 0 99 521 380 23 1 0 0 0 844 176 4 0 0 0 0 0 
0 2 235 108 174 459 46 0 2 280 169 501 72 0 0 0 315 413 291 5 0 0 0 0 
0 0 0 0 152 860 12 0 0 0 122 874 28 0 0 0 0 595 429 0 0 0 0 0 
0 0 0 1 638 385 0 0 0 0 595 429 0 0 0 0 34 867 123 0 0 0 0 0 
0 0 0 10 959 55 0 0 0 0 849 175 0 0 0 0 21 989 14 0 0 0 0 0 
0 0 0 170 826 28 0 0 0 6 926 92 0 0 0 0 125 862 37 0 0 0 0 0 
0 0 0 285 629 110 0 0 0 26 796 202 0 0 0 0 208 782 34 0 0 0 0 0 
0 0 0 70 339 615 0 0 0 6 321 697 0 0 0 0 77 613 334 0 0 0 0 0 
0 0 0 55 791 178 0 0 0 8 666 350 0 0 0 0 60 936 28 0 0 0 0 0 
0 0 2 86 643 293 0 0 0 32 557 434 1 0 0 0 97 664 263 0 0 0 0 0 
0 0 0 22 321 632 49 0 0 0 492 478 53 1 0 0 150 746 102 26 0 0 0 0 
0 0 0 0 27 199 798 0 0 0 28 201 795 0 0 0 13 105 759 147 0 0 0 0 
0 0 0 0 53 817 154 0 0 0 48 816 160 0 0 0 2 285 737 0 0 0 0 0 
0 0 0 0 98 918 8 0 0 0 408 609 7 0 0 0 41 953 30 0 0 0 0 0 
0 0 0 0 64 929 31 0 0 0 304 715 5 0 0 0 222 698 104 0 0 0 0 0 
0 0 0 0 2 903 119 0 0 0 18 996 10 0 0 0 7 756 261 0 0 0 0 0 
0 0 0 2 163 859 0 0 0 0 401 623 0 0 0 0 210 790 24 0 0 0 0 0 
0 0 0 1 342 681 0 0 0 1 614 409 0 0 0 0 374 650 0 0 0 0 0 0 
0 0 0 0 656 368 0 0 0 0 765 259 0 0 0 0 620 404 0 0 0 0 0 0 
0 0 0 0 757 175 92 0 0 0 845 103 76 0 0 0 719 196 109 0 0 0 0 0 
0 0 0 0 74 686 264 0 0 0 183 643 198 0 0 0 21 618 385 0 0 0 0 0 
0 0 0 0 437 581 6 0 0 0 623 401 0 0 0 0 440 562 22 0 0 0 0 0 
0 0 0 0 691 333 0 0 0 0 911 113 0 0 0 0 752 272 0 0 0 0 0 0 
0 0 0 0 778 246 0 0 0 1 887 136 0 0 0 0 693 331 0 0 0 0 0 0 
0 0 0 12 383 627 2 0 0 0 600 423 1 0 0 0 189 823 12 0 0 0 0 0 
0 0 0 38 844 142 0 0 0 4 868 152 0 0 0 0 597 423 4 0 0 0 0 0 
0 0 0 311 661 52 0 0 0 33 907 84 0 0 0 0 819 201 4 0 0 0 0 0 
0 0 39 451 534 0 0 0 0 152 867 5 0 0 0 0 1008 16 0 0 0 0 0 0 
0 0 57 750 217 0 0 0 1 388 635 0 0 0 0 0 1023 1 0 0 0 0 0 0 
0 8 640 372 4 0 0 0 11 851 162 0 0 0 0 0 1011 13 0 0 0 0 0 0 
0 40 773 206 5 0 0 0 28 886 110 0 0 0 0 0 1004 20 0 0 0 0 0 0 
0 45 301 226 444 8 0 0 38 446 508 32 0 0 0 0 763 260 1 0 0 0 0 0 
0 5 122 305 578 14 0 0 5 319 678 16 6 0 0 0 742 267 15 0 0 0 0 0 
0 29 877 84 28 6 0 0 17 932 64 11 0 0 0 0 980 39 5 0 0 0 0 0 
0 3 396 93 164 366 2 0 2 442 197 379 4 0 0 0 470 402 152 0 0 0 0 0 
0 10 71 45 284 613 1 0 12 77 264 669 2 0 0 0 141 617 266 0 0 0 0 0 
0 0 21 94 652 251 6 0 0 64 637 305 18 0 0 0 133 701 186 4 0 0 0 0 
0 0 0 18 776 227 3 0 0 3 680 325 16 0 0 0 16 809 198 1 0 0 0 0 
0 0 0 175 644 205 0 0 0 8 750 266 0 0 0 0 120 792 112 0 0 0 0 0 
0 0 223 182 423 196 0 0 1 317 476 230 0 0 0 0 458 464 102 0 0 0 0 0 
0 12 526 163 194 129 0 0 38 589 205 192 0 0 0 0 687 278 59 0 0 0 0 0 
0 31 632 252 102 7 0 0 30 778 182 34 0 0 0 0 928 86 10 0 0 0 0 0 
0 0 0 33 428 500 63 0 0 2 566 398 54 4 0 0 364 474 162 20 4 0 0 0 
0 0 0 14 437 386 187 0 0 7 446 401 170 0 0 0 221 543 259 1 0 0 0 0 
0 0 0 0 0 121 903 0 0 0 0 151 873 0 0 0 0 37 970 17 0 0 0 0 
0 0 0 0 82 686 256 0 0 0 83 668 273 0 0 0 5 367 587 65 0 0 0 0 
0 0 9 80 547 384 4 0 0 41 602 377 4 0 0 0 524 339 160 1 0 0 0 0 
0 0 0 11 149 837 27 0 0 11 385 622 6 0 0 0 152 756 116 0 0 0 0 0 
0 0 0 0 54 938 32 0 0 0 172 852 0 0 0 0 48 887 89 0 0 0 0 0 
0 0 0 0 467 557 0 0 0 0 770 254 0 0 0 0 520 504 0 0 0 0 0 0 
0 0 0 0 734 290 0 0 0 0 867 157 0 0 0 0 652 372 0 0 0 0 0 0 
0 0 0 2 855 167 0 0 0 0 943 81 0 0 0 0 618 406 0 0 0 0 0 0 
0 0 0 0 554 447 23 0 0 0 707 301 16 0 0 0 340 614 68 2 0 0 0 0 
0 0 0 0 211 708 105 0 0 0 226 745 53 0 0 0 138 663 223 0 0 0 0 0 
0 0 0 5 470 500 49 0 0 1 583 436 4 0 0 0 467 474 83 0 0 0 0 0 
0 0 0 11 671 342 0 0 0 1 732 291 0 0 0 0 662 360 2 0 0 0 0 0 
0 0 0 24 719 280 1 0 0 5 790 228 1 0 0 0 663 356 5 0 0 0 0 0 
0 0 0 176 848 0 0 0 0 28 996 0 0 0 0 0 1002 22 0 0 0 0 0 0 
0 0 5 468 551 0 0 0 0 153 871 0 0 0 0 0 1004 20 0 0 0 0 0 0 
0 0 362 653 9 0 0 0 0 684 340 0 0 0 0 0 1001 23 0 0 0 0 0 0 
0 0 517 496 11 0 0 0 3 762 257 2 0 0 0 0 982 42 0 0 0 0 0 0 
0 0 665 353 5 1 0 0 0 916 106 2 0 0 0 0 1010 14 0 0 0 0 0 0 
0 0 35 741 221 27 0 0 2 484 490 48 0 0 0 0 873 148 3 0 0 0 0 0 
0 0 0 469 552 3 0 0 0 101 900 23 0 0 0 0 890 134 0 0 0 0 0 0 
0 9 91 893 30 1 0 0 17 771 227 9 0 0 0 0 985 35 4 0 0 0 0 0 
0 5 242 199 168 403 7 0 14 375 214 418 3 0 0 0 454 483 87 0 0 0 0 0 
0 91 644 140 62 87 0 0 65 745 112 102 0 0 0 0 862 107 55 0 0 0 0 0 
0 174 725 121 3 1 0 0 96 865 60 3 0 0 0 0 986 35 3 0 0 0 0 0 
0 149 543 91 112 129 0 0 48 679 112 182 3 0 0 0 757 133 134 0 0 0 0 0 
0 13 340 173 137 360 1 0 11 429 174 401 9 0 0 0 503 237 284 0 0 0 0 0 
0 76 765 102 58 23 0 0 110 790 85 39 0 0 0 0 942 72 10 0 0 0 0 0 
0 24 870 69 61 0 0 0 63 867 90 4 0 0 0 0 993 31 0 0 0 0 0 0 
0 48 427 200 343 6 0 0 48 508 455 13 0 0 0 0 877 146 1 0 0 0 0 0 
0 331 526 50 117 0 0 0 322 561 138 3 0 0 0 0 968 56 0 0 0 0 0 0 
0 0 0 12 315 634 63 0 0 4 312 608 100 0 0 0 65 620 284 55 0 0 0 0 
0 0 0 239 608 177 0 0 0 90 722 211 1 0 0 0 380 576 68 0 0 0 0 0 
0 0 0 5 85 458 476 0 0 2 84 465 473 0 0 0 51 252 684 37 0 0 0 0 
0 0 0 0 2 425 597 0 0 0 3 462 559 0 0 0 0 150 851 23 0 0 0 0 
0 0 0 18 289 701 16 0 0 6 297 704 17 0 0 0 91 729 204 0 0 0 0 0 
0 0 0 47 594 383 0 0 0 7 900 117 0 0 0 0 800 221 3 0 0 0 0 0 
0 0 0 4 477 507 36 0 0 4 640 362 18 0 0 0 612 363 48 1 0 0 0 0 
0 0 0 10 381 622 11 0 0 11 472 537 4 0 0 0 360 632 32 0 0 0 0 0 
0 0 0 0 241 750 33 0 0 0 295 724 5 0 0 0 200 782 42 0 0 0 0 0 
0 0 0 0 263 726 35 0 0 0 294 724 6 0 0 0 280 705 39 0 0 0 0 0 
0 0 0 0 182 836 6 0 0 0 213 810 1 0 0 0 96 906 22 0 0 0 0 0 
0 0 0 1 95 911 17 0 0 0 166 852 6 0 0 0 65 907 52 0 0 0 0 0 
0 0 0 0 114 910 0 0 0 0 150 874 0 0 0 0 49 975 0 0 0 0 0 0 
0 0 0 40 166 818 0 0 0 0 228 796 0 0 0 0 137 886 1 0 0 0 0 0 
0 0 22 430 428 143 1 0 0 143 755 123 2 1 0 0 757 261 1 3 1 1 0 0 
0 1 45 650 271 10 23 24 0 308 644 10 8 7 25 22 804 137 8 9 9 8 5 44 
0 1 157 697 14 11 115 29 0 559 302 4 8 13 80 58 729 123 7 4 7 13 6 135 
0 0 119 616 84 13 172 20 0 422 385 12 13 1 155 36 628 174 6 11 13 0 5 187 
0 0 91 454 248 28 177 26 1 353 402 51 11 7 144 55 549 221 26 9 12 4 8 195 
0 0 36 232 460 109 175 12 1 167 487 176 3 8 151 31 287 493 41 9 2 4 12 176 
0 0 10 191 557 22 225 19 0 39 681 44 8 10 216 26 479 263 16 5 7 6 14 234 
0 0 14 458 151 17 366 18 0 156 455 7 8 7 366 25 523 77 12 5 8 4 15 380 
0 0 13 480 16 18 480 17 0 243 255 8 10 13 471 24 393 94 13 6 4 12 9 493 
0 0 52 111 278 226 339 18 0 123 271 251 9 12 347 11 143 435 54 11 8 9 12 352 
0 0 112 105 410 397 0 0 0 181 380 463 0 0 0 0 239 779 6 0 0 0 0 0 
0 12 517 244 239 12 0 0 11 648 311 54 0 0 0 0 814 210 0 0 0 0 0 0 
0 80 784 157 3 0 0 0 42 928 54 0 0 0 0 0 1001 23 0 0 0 0 0 0 
0 4 815 133 72 0 0 0 9 905 99 11 0 0 0 0 992 32 0 0 0 0 0 0 
0 0 293 352 379 0 0 0 0 526 477 21 0 0 0 0 875 149 0 0 0 0 0 0 
0 0 40 270 708 6 0 0 0 169 830 25 0 0 0 0 785 239 0 0 0 0 0 0 
0 0 43 201 773 7 0 0 0 146 796 82 0 0 0 0 684 339 1 0 0 0 0 0 
0 0 48 304 670 2 0 0 0 85 926 13 0 0 0 0 806 218 0 0 0 0 0 0 
0 0 0 3 772 248 1 0 0 0 890 134 0 0 0 0 814 207 3 0 0 0 0 0 
0 0 0 62 325 635 2 0 0 20 418 586 0 0 0 0 275 702 47 0 0 0 0 0 
0 0 0 380 369 243 32 0 0 213 567 216 28 0 0 0 698 284 42 0 0 0 0 0 
0 0 0 124 124 118 658 0 0 67 182 151 624 0 0 0 238 74 712 0 0 0 0 0 
0 0 0 0 3 284 737 0 0 0 0 624 400 0 0 0 0 257 767 0 0 0 0 0 
0 0 0 8 103 810 103 0 0 7 70 947 0 0 0 0 39 794 191 0 0 0 0 0 
0 0 0 0 597 427 0 0 0 1 514 509 0 0 0 0 299 725 0 0 0 0 0 0 
0 0 0 13 710 299 2 0 0 1 740 283 0 0 0 0 397 614 13 0 0 0 0 0 
0 0 0 239 421 356 8 0 0 64 656 304 0 0 0 0 649 372 3 0 0 0 0 0 
0 0 0 383 230 409 2 0 0 174 443 407 0 0 0 0 554 470 0 0 0 0 0 0 
0 0 0 2 428 594 0 0 0 0 570 454 0 0 0 0 336 688 0 0 0 0 0 0 
0 0 0 207 478 339 0 0 0 30 708 286 0 0 0 0 512 512 0 0 0 0 0 0 
0 0 17 462 393 14 111 27 0 200 668 8 5 8 65 70 596 248 25 8 5 6 9 127 
0 0 0 67 337 19 567 34 0 27 363 20 8 10 436 160 171 205 25 9 9 7 12 586 
0 0 3 29 42 12 912 26 0 9 53 9 7 7 781 158 12 33 15 9 6 5 8 936 
0 0 0 0 0 0 1024 0 0 0 0 0 0 0 1012 12 0 0 0 0 0 0 0 1024 
0 0 0 0 0 0 1024 0 0 0 0 0 0 0 1024 0 0 0 0 0 0 0 0 1024 
0 0 0 0 0 0 1024 0 0 0 0 0 0 0 1024 0 0 0 0 0 0 0 0 1024 
0 0 0 0 0 0 1024 0 0 0 0 0 0 0 1024 0 0 0 0 0 0 0 0 1024 
0 0 0 0 0 0 1024 0 0 0 0 0 0 0 1024 0 0 0 0 0 0 0 0 1024 
0 0 0 0 0 0 1024 0 0 0 0 0 0 0 1024 0 0 0 0 0 0 0 0 1024 
0 0 0 0 0 0 1024 0 0 0 0 0 0 0 1024 0 0 0 0 0 0 0 0 1024 
0 0 0 0 0 0 1024 0 0 0 0 0 0 0 1024 0 0 0 0 0 0 0 0 1024 
0 2 24 85 27 35 841 10 3 80 47 6 7 13 839 29 57 53 18 5 7 9 10 865 
0 0 19 771 208 26 0 0 0 655 302 67 0 0 0 0 810 209 5 0 0 0 0 0 
0 0 88 546 390 0 0 0 0 448 574 2 0 0 0 0 990 34 0 0 0 0 0 0 
0 0 96 264 664 0 0 0 0 201 823 0 0 0 0 0 1022 2 0 0 0 0 0 0 
0 0 0 224 787 13 0 0 0 49 952 23 0 0 0 0 948 76 0 0 0 0 0 0 
0 0 0 196 824 4 0 0 0 62 951 11 0 0 0 0 818 205 1 0 0 0 0 0 
0 0 51 428 541 4 0 0 0 178 831 15 0 0 0 0 916 108 0 0 0 0 0 0 
0 0 86 290 641 7 0 0 3 168 792 61 0 0 0 0 700 323 1 0 0 0 0 0 
0 0 2 377 645 0 0 0 0 95 910 19 0 0 0 0 621 403 0 0 0 0 0 0 
0 0 0 60 964 0 0 0 0 13 1009 2 0 0 0 0 973 51 0 0 0 0 0 0 
0 0 0 198 510 311 5 0 0 40 692 289 3 0 0 0 685 294 45 0 0 0 0 0 
0 0 0 1 42 940 41 0 0 2 44 969 9 0 0 0 35 941 48 0 0 0 0 0 
0 0 0 248 296 480 0 0 0 118 436 470 0 0 0 0 517 505 2 0 0 0 0 0 
0 0 0 314 256 299 155 0 0 118 462 403 41 0 0 0 543 312 169 0 0 0 0 0 
0 0 0 195 375 427 27 0 0 6 583 430 5 0 0 0 482 494 48 0 0 0 0 0 
0 0 0 0 518 506 0 0 0 0 549 475 0 0 0 0 267 753 4 0 0 0 0 0 
0 0 0 0 225 799 0 0 0 0 273 751 0 0 0 0 82 942 0 0 0 0 0 0 
0 0 0 265 340 419 0 0 0 45 564 415 0 0 0 0 514 510 0 0 0 0 0 0 
0 0 0 971 40 2 4 7 0 537 471 3 1 1 6 5 961 36 11 3 0 2 1 10 
0 0 8 267 364 15 322 48 0 153 474 11 11 10 125 240 407 192 30 9 8 11 8 359 
0 0 3 77 139 68 698 39 0 14 191 70 6 8 79 656 48 190 27 10 5 8 12 724 
0 0 0 6 5 6 986 21 0 4 5 2 2 2 119 890 0 4 5 2 1 3 2 1007 
0 0 0 0 0 0 1024 0 0 0 0 0 0 0 256 768 0 0 0 0 0 0 0 1024 
0 0 0 0 0 0 1024 0 0 0 0 0 0 0 512 512 0 0 0 0 0 0 0 1024 
0 0 0 0 0 0 1024 0 0 0 0 0 0 0 960 64 0 0 0 0 0 0 0 1024 
0 0 0 0 0 0 1024 0 0 0 0 0 0 0 1024 0 0 0 0 0 0 0 0 1024 
0 0 0 0 0 0 1024 0 0 0 0 0 0 0 1024 0 0 0 0 0 0 0 0 1024 
0 0 0 0 0 0 1024 0 0 0 0 0 0 0 1024 0 0 0 0 0 0 0 0 1024 
0 0 0 0 0 0 1024 0 0 0 0 0 0 0 1024 0 0 0 0 0 0 0 0 1024 
0 0 0 0 0 0 1024 0 0 0 0 0 0 0 1024 0 0 0 0 0 0 0 0 1024 
0 0 0 0 0 0 1024 0 0 0 0 0 0 0 1024 0 0 0 0 0 0 0 0 1024 
0 0 0 0 0 0 1024 0 0 0 0 0 0 0 1024 0 0 0 0 0 0 0 0 1024 
0 0 0 0 0 0 931 93 0 0 0 0 0 2 945 77 0 0 0 0 0 12 37 975 
0 0 11 410 114 13 292 184 1 237 283 11 12 13 329 138 382 119 23 6 12 25 128 329 
0 0 14 768 237 5 0 0 0 447 560 17 0 0 0 0 880 138 6 0 0 0 0 0 
0 0 136 622 266 0 0 0 1 490 522 11 0 0 0 0 886 138 0 0 0 0 0 0 
0 0 122 844 58 0 0 0 3 857 160 4 0 0 0 0 954 70 0 0 0 0 0 0 
0 2 230 782 10 0 0 0 23 830 169 2 0 0 0 0 990 34 0 0 0 0 0 0 
0 1 419 593 11 0 0 0 4 944 76 0 0 0 0 0 999 25 0 0 0 0 0 0 
0 0 752 269 3 0 0 0 0 992 32 0 0 0 0 0 1008 16 0 0 0 0 0 0 
0 0 769 200 55 0 0 0 1 887 136 0 0 0 0 0 972 52 0 0 0 0 0 0 
0 0 0 61 621 342 0 0 0 14 730 280 0 0 0 0 567 453 4 0 0 0 0 0 
0 0 0 170 761 93 0 0 0 66 867 90 1 0 0 0 860 158 6 0 0 0 0 0 
0 0 0 3 35 978 8 0 0 2 38 983 1 0 0 0 26 991 7 0 0 0 0 0 
0 0 0 0 0 1012 12 0 0 0 0 1022 2 0 0 0 0 1011 13 0 0 0 0 0 
0 0 0 10 91 920 3 0 0 9 95 918 2 0 0 0 88 931 5 0 0 0 0 0 
0 0 0 0 12 1012 0 0 0 0 30 994 0 0 0 0 8 1016 0 0 0 0 0 0 
0 0 0 144 402 478 0 0 0 0 533 491 0 0 0 0 380 644 0 0 0 0 0 0 
0 0 2 236 315 471 0 0 0 71 464 489 0 0 0 0 211 810 3 0 0 0 0 0 
0 0 45 319 322 338 0 0 0 54 409 561 0 0 0 0 41 663 281 39 0 0 0 0 
0 0 3 48 202 54 655 62 0 2 95 187 14 15 117 594 17 64 130 71 13 14 11 704 
0 0 0 0 0 0 1024 0 0 0 0 0 0 0 0 1024 0 0 0 0 0 0 0 1024 
0 0 0 0 0 0 1024 0 0 0 0 0 0 0 0 1024 0 0 0 0 0 0 0 1024 
0 0 0 0 0 0 1024 0 0 0 0 0 0 0 0 1024 0 0 0 0 0 0 0 1024 
0 0 0 0 0 0 1024 0 0 0 0 0 0 0 0 1024 0 0 0 0 0 0 0 1024 
0 0 0 0 0 0 1024 0 0 0 0 0 0 0 0 1024 0 0 0 0 0 0 0 1024 
0 0 0 0 0 0 1024 0 0 0 0 0 0 0 0 1024 0 0 0 0 0 0 0 1024 
0 0 0 0 0 0 1024 0 0 0 0 0 0 0 0 1024 0 0 0 0 0 0 0 1024 
0 0 0 0 0 0 1024 0 0 0 0 0 0 0 448 576 0 0 0 0 0 0 0 1024 
0 0 0 0 0 0 1024 0 0 0 0 0 0 0 512 512 0 0 0 0 0 0 0 1024 
0 0 0 0 0 0 1024 0 0 0 0 0 0 0 1024 0 0 0 0 0 0 0 0 1024 
0 0 0 0 0 6 934 84 0 0 0 0 3 10 793 218 0 0 0 0 6 12 41 965 
0 0 2 3 7 22 610 380 2 1 3 7 17 36 663 295 3 1 6 16 27 82 233 656 
0 0 0 1 5 39 292 687 0 0 0 6 37 70 534 377 0 0 5 25 59 180 452 303 
0 0 0 12 43 115 230 624 0 0 14 42 115 219 410 224 0 9 39 100 193 268 382 33 
0 0 5 67 131 207 333 281 0 9 79 113 209 321 244 49 10 71 96 184 304 263 92 4 
0 0 24 99 391 106 223 181 1 56 407 52 91 198 195 24 183 289 35 75 178 206 57 1 
0 0 30 367 508 20 49 50 1 149 748 6 18 40 52 10 705 193 5 13 32 57 18 1 
0 0 15 664 345 0 0 0 0 422 601 1 0 0 0 0 948 76 0 0 0 0 0 0 
0 0 237 664 123 0 0 0 0 751 272 1 0 0 0 0 986 38 0 0 0 0 0 0 
0 0 396 609 19 0 0 0 9 912 102 1 0 0 0 0 975 49 0 0 0 0 0 0 
0 0 575 449 0 0 0 0 0 987 37 0 0 0 0 0 1024 0 0 0 0 0 0 0 
0 0 907 117 0 0 0 0 0 1019 5 0 0 0 0 0 1024 0 0 0 0 0 0 0 
0 0 0 0 423 601 0 0 0 0 400 624 0 0 0 0 71 929 24 0 0 0 0 0 
0 0 0 18 685 321 0 0 0 0 822 202 0 0 0 0 675 349 0 0 0 0 0 0 
0 0 0 161 558 305 0 0 0 10 709 305 0 0 0 0 684 339 1 0 0 0 0 0 
0 0 0 11 442 569 2 0 0 1 453 570 0 0 0 0 195 826 3 0 0 0 0 0 
0 0 0 49 416 559 0 0 0 17 509 498 0 0 0 0 264 759 1 0 0 0 0 0 
0 0 0 312 578 134 0 0 0 109 756 159 0 0 0 0 663 345 16 0 0 0 0 0 
0 0 112 636 275 1 0 0 0 313 701 10 0 0 0 0 247 718 59 0 0 0 0 0 
0 0 198 783 43 0 0 0 0 516 506 2 0 0 0 0 9 970 45 0 0 0 0 0 
0 0 35 681 308 0 0 0 0 131 815 78 0 0 0 0 33 726 253 12 0 0 0 0 
0 0 10 193 164 20 602 35 0 12 227 133 9 7 31 605 0 81 211 77 11 5 12 627 
0 0 0 0 0 0 1024 0 0 0 0 0 0 0 0 1024 0 0 0 0 0 0 0 1024 
0 0 0 0 0 0 1024 0 0 0 0 0 0 0 0 1024 0 0 0 0 0 0 0 1024 
0 0 0 0 0 0 1024 0 0 0 0 0 0 0 0 1024 0 0 0 0 0 0 0 1024 
0 0 0 0 0 0 1024 0 0 0 0 0 0 0 0 1024 0 0 0 0 0 0 0 1024 
0 0 0 0 0 0 1024 0 0 0 0 0 0 0 0 1024 0 0 0 0 0 0 0 1024 
0 0 0 0 0 0 1024 0 0 0 0 0 0 0 0 1024 0 0 0 0 0 0 0 1024 
0 9 22 41 46 41 835 30 0 7 11 35 47 41 106 777 0 4 14 28 46 42 33 857 
0 0 0 0 0 0 1024 0 0 0 0 0 0 0 0 1024 0 0 0 0 0 0 0 1024 
0 0 0 1 11 28 892 92 0 3 2 28 17 18 91 865 3 13 19 15 12 19 32 911 
0 0 2 27 78 110 506 301 1 12 58 94 95 115 276 373 17 59 89 89 105 105 125 435 
0 1 8 27 49 86 145 708 3 9 31 70 69 94 342 406 13 28 72 65 73 149 507 117 
0 0 5 33 52 96 252 586 0 5 35 46 85 177 418 258 6 28 39 76 139 331 356 49 
0 0 1 34 100 157 334 398 0 1 28 96 144 281 403 71 1 17 85 130 240 341 207 3 
0 0 0 17 87 113 214 593 0 0 22 88 104 143 521 146 0 8 83 95 122 290 426 0 
0 0 0 11 39 63 245 666 0 0 11 31 52 157 627 146 0 5 27 48 102 364 476 2 
0 0 4 21 62 118 325 494 0 4 19 51 106 259 491 94 1 17 43 86 196 423 257 1 
0 1 8 171 259 210 171 204 1 53 202 257 117 156 187 51 125 110 250 106 145 175 111 2 
0 0 2 434 580 8 0 0 0 106 884 33 1 0 0 0 704 296 22 2 0 0 0 0 
0 0 0 98 926 0 0 0 0 8 1006 10 0 0 0 0 256 768 0 0 0 0 0 0 
0 0 115 421 488 0 0 0 3 358 644 19 0 0 0 0 552 470 2 0 0 0 0 0 
0 24 178 675 147 0 0 0 38 442 537 7 0 0 0 0 708 316 0 0 0 0 0 0 
0 10 421 485 108 0 0 0 12 599 404 9 0 0 0 0 822 202 0 0 0 0 0 0 
0 0 0 101 748 175 0 0 0 32 779 213 0 0 0 0 593 395 36 0 0 0 0 0 
0 0 0 0 784 240 0 0 0 0 692 332 0 0 0 0 111 909 4 0 0 0 0 0 
0 0 0 230 792 2 0 0 0 25 997 2 0 0 0 0 868 156 0 0 0 0 0 0 
0 0 8 284 719 13 0 0 0 111 890 23 0 0 0 0 759 265 0 0 0 0 0 0 
0 0 24 121 793 86 0 0 3 60 828 133 0 0 0 0 501 523 0 0 0 0 0 0 
0 0 29 334 655 6 0 0 0 78 900 46 0 0 0 0 120 730 174 0 0 0 0 0 
0 0 135 835 54 0 0 0 0 439 582 3 0 0 0 0 7 929 88 0 0 0 0 0 
0 0 120 870 30 4 0 0 0 529 477 17 1 0 0 0 50 938 33 3 0 0 0 0 
0 0 2 759 263 0 0 0 0 34 975 15 0 0 0 0 3 892 129 0 0 0 0 0 
0 0 47 384 166 9 349 69 0 44 433 114 7 10 36 380 0 183 351 52 11 5 11 411 
0 0 0 0 0 0 1024 0 0 0 0 0 0 0 0 1024 0 0 0 0 0 0 0 1024 
0 0 0 0 0 0 1024 0 0 0 0 0 0 0 0 1024 0 0 0 0 0 0 0 1024 
0 0 0 0 0 0 1024 0 0 0 0 0 0 0 0 1024 0 0 0 0 0 0 0 1024 
0 0 0 0 0 0 1024 0 0 0 0 0 0 0 0 1024 0 0 0 0 0 0 0 1024 
0 0 0 0 0 0 1024 0 0 0 0 0 0 0 0 1024 0 0 0 0 0 0 0 1024 
0 0 0 0 0 0 1024 0 0 0 0 0 0 0 0 1024 0 0 0 0 0 0 0 1024 
2 31 100 154 145 128 404 60 0 33 86 137 151 121 127 369 18 57 109 116 105 83 89 447 
0 7 54 119 165 130 425 124 0 19 74 149 145 106 136 395 22 62 140 143 100 53 78 426 
0 5 27 61 104 151 144 532 2 12 50 112 134 129 197 388 22 42 109 116 116 146 266 207 
3 34 74 102 97 73 80 561 6 47 104 115 81 83 154 434 50 99 117 79 75 112 260 232 
0 1 5 68 155 139 111 545 0 1 16 87 177 132 228 383 3 44 122 149 103 101 385 117 
0 0 0 13 48 72 124 767 0 0 0 36 55 99 357 477 0 1 39 56 78 158 565 127 
0 0 0 0 0 3 70 951 0 0 0 0 0 24 456 544 0 0 0 0 5 100 841 78 
0 0 0 0 14 43 259 708 0 0 2 10 42 147 632 191 0 0 7 28 78 411 493 7 
0 0 0 2 39 158 441 384 0 0 2 41 160 396 407 18 0 0 32 125 330 446 91 0 
0 0 9 59 150 281 350 175 0 10 69 165 280 357 137 6 7 58 142 274 342 184 17 0 
0 0 3 107 442 352 72 48 0 7 263 496 134 88 36 0 6 234 527 136 79 42 0 0 
0 0 80 291 426 187 40 0 0 100 286 276 215 139 8 0 134 242 378 219 47 4 0 0 
0 1 227 513 245 35 3 0 1 329 508 94 71 20 1 0 637 212 113 54 8 0 0 0 
0 0 89 660 275 0 0 0 0 289 735 0 0 0 0 0 790 234 0 0 0 0 0 0 
0 0 106 678 240 0 0 0 0 491 530 3 0 0 0 0 683 341 0 0 0 0 0 0 
0 0 14 605 405 0 0 0 0 120 892 12 0 0 0 0 339 683 2 0 0 0 0 0 
0 0 13 707 304 0 0 0 0 221 803 0 0 0 0 0 998 26 0 0 0 0 0 0 
0 0 0 11 894 119 0 0 0 0 810 214 0 0 0 0 104 856 64 0 0 0 0 0 
0 0 0 48 961 15 0 0 0 3 985 36 0 0 0 0 302 722 0 0 0 0 0 0 
0 0 0 137 872 15 0 0 0 8 959 57 0 0 0 0 592 431 1 0 0 0 0 0 
0 0 42 642 338 2 0 0 2 193 798 31 0 0 0 0 325 570 129 0 0 0 0 0 
0 0 6 572 446 0 0 0 0 132 865 27 0 0 0 0 27 912 85 0 0 0 0 0 
0 31 319 573 101 0 0 0 3 425 590 6 0 0 0 0 19 866 139 0 0 0 0 0 
0 61 286 636 41 0 0 0 18 439 561 6 0 0 0 0 19 753 252 0 0 0 0 0 
0 0 80 917 27 0 0 0 1 193 822 8 0 0 0 0 19 904 101 0 0 0 0 0 
0 0 23 738 203 11 25 24 0 25 745 189 12 5 15 33 4 304 580 77 5 6 4 44 
4 25 104 164 188 110 382 47 1 15 74 166 183 118 117 350 9 34 123 145 126 92 82 413 
3 23 99 198 247 116 292 46 1 13 85 172 245 145 99 264 2 39 89 202 193 117 75 307 
0 0 8 23 12 14 931 36 0 0 4 14 17 16 31 942 0 0 2 13 17 14 13 965 
0 0 0 0 0 0 1024 0 0 0 0 0 0 0 0 1024 0 0 0 0 0 0 0 1024 
0 0 0 0 0 1 856 167 0 0 0 0 0 3 20 1001 0 0 0 0 0 8 45 971 
0 0 0 0 1 5 400 618 0 0 0 0 4 3 55 962 0 0 0 3 3 19 143 856 
0 7 27 80 103 133 130 544 1 12 51 90 135 124 139 472 15 61 110 122 108 87 180 341 
2 45 148 234 265 173 93 64 17 75 180 251 255 132 78 36 85 193 265 227 133 79 32 10 
1 9 45 97 148 175 144 405 2 20 52 112 175 165 143 355 31 74 136 166 134 102 194 187 
5 115 242 280 233 110 34 5 17 133 250 295 212 90 24 3 194 262 291 186 72 18 1 0 
2 65 222 273 300 126 29 7 6 84 246 286 270 104 24 4 114 275 302 241 72 16 4 0 
2 36 135 223 252 165 101 110 10 50 153 251 253 142 103 62 69 173 252 231 129 76 87 7 
0 3 18 57 102 145 260 439 0 6 34 83 125 207 452 117 7 43 93 138 122 288 322 11 
0 3 14 60 137 199 313 298 2 10 47 127 174 277 327 60 5 24 94 147 229 358 163 4 
0 0 9 55 164 239 387 170 0 6 44 141 248 376 205 4 2 29 102 212 349 306 24 0 
0 0 10 70 179 326 293 146 0 5 42 126 298 362 178 13 3 53 145 298 314 181 30 0 
0 8 91 239 364 255 53 14 0 20 126 294 346 206 31 1 41 180 353 334 96 19 1 0 
1 4 88 236 383 271 40 1 1 10 127 258 379 223 25 1 36 188 351 355 90 4 0 0 
0 19 191 457 273 76 8 0 0 59 388 297 222 55 3 0 64 315 437 178 29 1 0 0 
0 8 315 447 201 11 22 20 5 394 501 67 10 4 16 27 330 413 208 15 9 6 8 35 
0 33 217 410 74 8 246 36 44 297 384 7 4 12 74 202 404 312 5 9 6 5 13 270 
0 0 88 803 133 0 0 0 0 453 564 7 0 0 0 0 540 481 3 0 0 0 0 0 
0 0 373 482 169 0 0 0 0 523 501 0 0 0 0 0 948 76 0 0 0 0 0 0 
0 0 0 80 906 38 0 0 0 7 899 118 0 0 0 0 305 684 35 0 0 0 0 0 
0 0 53 484 463 24 0 0 3 158 796 66 1 0 0 0 219 763 42 0 0 0 0 0 
0 0 2 431 584 7 0 0 0 49 943 32 0 0 0 0 324 680 20 0 0 0 0 0 
0 0 77 567 375 5 0 0 3 156 805 60 0 0 0 0 47 750 227 0 0 0 0 0 
0 0 132 838 54 0 0 0 0 353 667 4 0 0 0 0 40 805 179 0 0 0 0 0 
0 41 449 486 48 0 0 0 2 659 344 19 0 0 0 0 8 884 132 0 0 0 0 0 
0 0 633 388 3 0 0 0 0 846 177 1 0 0 0 0 8 991 25 0 0 0 0 0 
0 0 328 661 35 0 0 0 0 572 451 1 0 0 0 0 59 948 17 0 0 0 0 0 
0 2 54 565 394 8 1 0 0 83 657 261 21 2 0 0 24 491 459 46 4 0 0 0 
12 70 214 336 280 82 22 8 14 124 265 326 203 57 22 13 68 201 332 257 88 33 23 22 
10 62 169 237 215 152 134 45 5 49 149 227 204 149 123 118 7 66 157 185 165 138 114 192 
0 6 22 38 59 48 752 99 0 4 14 35 44 54 62 811 0 4 10 29 44 49 38 850 
0 0 5 9 24 38 536 412 0 2 7 11 32 52 141 779 0 8 14 31 36 63 188 684 
0 0 4 40 157 223 191 409 0 7 78 231 152 131 107 318 7 112 208 138 121 84 158 196 
0 1 7 74 307 377 103 155 1 7 171 469 168 67 36 105 8 211 436 156 67 31 35 80 
0 3 51 139 315 231 126 159 2 13 127 260 253 170 105 94 30 166 281 198 146 82 85 36 
0 45 186 308 294 151 35 5 6 64 238 308 270 115 22 1 89 273 320 247 83 11 1 0 
1 41 153 346 323 146 14 0 6 70 200 363 279 98 8 0 102 260 382 223 55 2 0 0 
28 138 211 290 233 97 26 1 45 176 216 284 201 81 20 1 213 280 302 165 55 8 1 0 
11 128 329 291 173 80 11 1 21 173 369 248 150 56 6 1 209 386 245 138 40 5 1 0 
0 82 251 281 233 131 36 10 10 149 285 258 189 106 20 7 132 338 294 176 62 17 5 0 
0 2 34 175 281 253 170 109 0 15 120 259 271 196 140 23 9 84 213 294 227 139 58 0 
0 4 80 312 298 195 102 33 0 38 227 298 230 149 56 26 15 155 338 301 150 37 20 8 
0 6 58 248 341 255 98 18 0 26 152 290 312 197 43 4 17 162 355 320 145 22 3 0 
1 11 61 230 367 258 69 27 2 19 146 289 351 170 38 9 29 179 339 346 107 18 5 1 
0 16 115 243 354 236 59 1 0 31 156 258 350 198 31 0 47 191 328 325 125 8 0 0 
1 18 134 282 344 208 36 1 2 51 190 295 312 157 16 1 56 218 337 307 100 6 0 0 
2 101 322 299 214 76 9 1 11 178 341 301 137 53 3 0 154 373 300 155 40 2 0 0 
0 55 235 391 210 35 49 49 4 232 502 141 38 25 37 45 149 513 186 57 26 22 28 43 
0 14 182 400 47 33 291 57 10 386 180 31 30 38 123 226 293 240 45 21 37 30 34 324 
0 0 35 962 27 0 0 0 0 490 534 0 0 0 0 0 592 432 0 0 0 0 0 0 
0 4 780 228 12 0 0 0 2 858 164 0 0 0 0 0 990 34 0 0 0 0 0 0 
0 0 2 422 598 2 0 0 0 109 898 17 0 0 0 0 413 600 11 0 0 0 0 0 
0 0 27 495 482 20 0 0 4 176 741 103 0 0 0 0 283 680 61 0 0 0 0 0 
0 0 1 553 465 5 0 0 0 40 917 67 0 0 0 0 96 852 76 0 0 0 0 0 
0 0 0 918 106 0 0 0 0 176 840 8 0 0 0 0 17 990 17 0 0 0 0 0 
0 0 205 723 96 0 0 0 0 320 703 1 0 0 0 0 4 980 40 0 0 0 0 0 
0 0 832 184 8 0 0 0 0 913 111 0 0 0 0 0 171 846 7 0 0 0 0 0 
0 35 879 110 0 0 0 0 30 896 98 0 0 0 0 0 180 799 45 0 0 0 0 0 
0 0 433 574 17 0 0 0 0 790 232 2 0 0 0 0 252 760 12 0 0 0 0 0 
0 6 264 609 126 18 1 0 7 414 508 65 27 3 0 0 122 724 138 37 3 0 0 0 
16 134 360 325 140 41 5 3 42 280 400 209 67 19 4 3 192 436 256 100 29 5 2 4 
9 132 378 245 146 71 29 14 29 213 330 195 135 75 32 15 85 242 257 161 120 75 54 30 
0 14 76 118 157 182 229 248 1 37 83 125 149 168 157 304 19 92 114 140 123 96 158 282 
0 9 89 226 261 254 124 61 0 15 124 239 273 221 113 39 40 171 261 256 171 77 35 13 
2 20 116 227 336 249 61 13 16 80 265 334 203 99 22 5 157 326 301 173 52 11 4 0 
9 67 142 287 327 145 44 3 75 147 286 293 162 58 3 0 195 290 358 144 33 4 0 0 
11 85 155 301 317 136 19 0 32 93 182 346 267 98 6 0 119 221 363 247 67 7 0 0 
3 192 201 285 215 100 21 7 55 211 249 263 175 63 8 0 213 292 279 176 51 13 0 0 
0 76 196 367 254 112 17 2 8 97 252 340 233 83 10 1 147 326 333 173 40 4 0 1 
8 88 285 282 258 96 7 0 15 143 298 278 223 62 5 0 149 326 320 199 28 2 0 0 
23 103 224 308 219 94 38 15 67 128 288 284 173 67 17 0 181 293 304 161 65 20 0 0 
24 339 363 157 94 36 7 4 70 468 269 118 72 21 5 1 378 393 143 79 24 6 1 0 
6 41 157 216 178 155 163 108 13 140 225 185 164 168 116 13 76 235 216 176 171 128 22 0 
0 5 32 139 197 144 103 404 3 42 211 159 129 108 181 191 41 235 163 107 107 106 214 51 
5 51 144 227 299 212 63 23 15 86 193 245 308 140 33 4 137 236 288 243 85 28 7 0 
5 62 154 288 271 159 61 24 19 87 227 333 222 96 29 11 123 235 330 221 85 21 9 0 
7 54 155 268 344 176 18 2 15 89 173 295 313 129 10 0 108 213 350 266 81 6 0 0 
4 44 189 323 326 127 11 0 9 65 249 344 267 86 4 0 84 273 367 246 53 1 0 0 
1 20 168 336 288 179 28 4 6 161 206 288 240 110 12 1 171 264 301 226 56 5 1 0 
0 14 267 650 62 24 7 0 16 417 509 54 20 8 0 0 280 643 64 28 9 0 0 0 
0 0 175 845 4 0 0 0 0 580 444 0 0 0 0 0 225 797 2 0 0 0 0 0 
0 0 122 901 1 0 0 0 0 552 472 0 0 0 0 0 392 632 0 0 0 0 0 0 
0 13 659 352 0 0 0 0 14 945 65 0 0 0 0 0 923 101 0 0 0 0 0 0 
0 0 0 515 509 0 0 0 0 101 901 22 0 0 0 0 108 836 80 0 0 0 0 0 
0 0 80 681 177 26 24 36 0 431 448 63 26 19 22 15 192 676 67 29 21 18 15 6 
0 0 21 365 536 41 17 44 0 71 644 224 22 20 21 22 24 627 260 49 19 17 26 2 
0 75 305 428 216 0 0 0 31 400 543 50 0 0 0 0 105 787 124 8 0 0 0 0 
34 552 394 44 0 0 0 0 158 826 40 0 0 0 0 0 572 452 0 0 0 0 0 0 
151 245 182 261 185 0 0 0 264 337 400 23 0 0 0 0 401 458 165 0 0 0 0 0 
0 2 230 738 54 0 0 0 4 267 746 7 0 0 0 0 29 775 220 0 0 0 0 0 
0 53 517 451 3 0 0 0 34 564 424 2 0 0 0 0 192 657 175 0 0 0 0 0 
11 271 373 300 57 12 0 0 151 522 293 45 12 1 0 0 321 584 105 12 2 0 0 0 
11 187 384 264 130 42 4 2 85 376 307 140 88 24 4 0 287 415 202 91 25 2 2 0 
11 198 390 248 130 33 7 7 48 338 348 186 76 20 6 2 197 434 241 109 33 5 3 2 
0 11 69 220 284 203 124 113 1 40 176 228 262 158 100 59 34 182 308 236 118 85 47 14 
0 32 160 240 277 241 66 8 3 68 178 261 271 208 28 7 114 224 274 268 129 10 5 0 
1 38 102 200 262 212 110 99 3 57 133 217 267 200 102 45 86 175 284 225 114 89 49 2 
0 22 78 167 275 236 118 128 1 36 96 210 308 233 111 29 66 141 283 272 145 89 27 1 
4 32 98 231 333 230 74 22 9 46 123 277 350 167 46 6 85 195 362 272 92 15 3 0 
13 76 135 268 311 178 43 0 27 92 157 268 313 142 25 0 129 224 337 249 71 14 0 0 
12 154 374 271 130 66 16 1 34 254 347 219 127 38 4 1 251 419 208 112 28 5 1 0 
1 97 337 257 187 82 31 32 14 197 319 229 159 56 27 23 160 372 251 152 46 19 23 1 
2 26 142 261 255 134 92 112 11 104 219 266 197 93 75 59 95 268 269 184 74 58 58 18 
6 89 174 247 288 138 53 29 50 147 284 253 171 78 31 10 185 313 299 121 61 25 18 2 
17 139 357 118 77 69 48 199 98 391 116 72 82 58 45 162 322 257 109 66 58 42 101 69 
10 55 110 216 272 213 62 86 29 107 167 257 244 131 37 52 109 233 274 248 76 27 41 16 
20 145 211 220 223 123 49 33 58 183 232 208 205 99 35 4 221 254 242 182 82 34 9 0 
8 121 184 243 271 165 27 5 35 147 194 251 252 128 16 1 181 244 294 224 64 13 4 0 
12 159 296 258 199 92 8 0 37 250 243 240 187 62 5 0 260 297 278 162 25 2 0 0 
6 159 382 297 130 49 1 0 35 264 381 226 90 27 1 0 284 400 232 87 21 0 0 0 
4 84 275 558 81 19 1 2 31 349 553 50 34 4 3 0 216 712 58 32 3 3 0 0 
0 0 0 981 43 0 0 0 0 59 965 0 0 0 0 0 0 1014 10 0 0 0 0 0 
0 0 0 1004 20 0 0 0 0 104 920 0 0 0 0 0 9 1015 0 0 0 0 0 0 
0 0 425 599 0 0 0 0 0 808 216 0 0 0 0 0 222 802 0 0 0 0 0 0 
0 40 449 524 11 0 0 0 25 743 253 3 0 0 0 0 454 562 8 0 0 0 0 0 
0 0 15 507 501 1 0 0 0 80 909 35 0 0 0 0 37 832 155 0 0 0 0 0 
0 0 348 667 9 0 0 0 16 764 244 0 0 0 0 0 314 704 6 0 0 0 0 0 
0 30 263 531 74 15 8 103 6 309 556 23 13 12 29 76 59 704 131 4 16 9 88 13 
0 3 399 523 33 12 8 46 0 438 507 12 6 13 8 40 129 575 249 6 11 8 32 14 
70 484 288 175 7 0 0 0 358 461 198 7 0 0 0 0 534 359 129 2 0 0 0 0 
9 56 121 695 143 0 0 0 62 189 767 6 0 0 0 0 134 727 163 0 0 0 0 0 
0 0 71 755 198 0 0 0 4 361 649 10 0 0 0 0 276 717 31 0 0 0 0 0 
0 0 17 401 510 92 4 0 0 121 706 158 32 7 0 0 66 773 159 24 2 0 0 0 
0 9 89 352 419 140 13 2 2 76 363 302 219 57 5 0 67 432 338 162 23 2 0 0 
5 152 325 258 208 71 4 1 38 245 316 236 160 26 2 1 198 353 273 168 27 4 1 0 
24 238 323 254 129 42 8 6 67 271 340 229 85 25 5 2 269 358 252 109 29 3 4 0 
8 179 296 189 169 131 40 12 39 248 291 171 147 95 26 7 214 361 209 150 67 17 3 3 
2 49 173 336 276 145 38 5 7 101 250 324 218 105 19 0 133 285 323 200 67 16 0 0 
2 132 221 249 256 129 26 9 12 170 230 233 238 118 17 6 212 269 279 191 56 10 6 1 
1 26 107 245 376 239 29 1 5 34 123 280 383 181 18 0 90 185 394 291 62 2 0 0 
2 24 145 300 346 165 38 4 7 49 210 349 306 89 13 1 73 244 382 247 70 8 0 0 
21 194 192 240 234 121 22 0 83 185 250 234 184 75 13 0 232 256 283 196 53 4 0 0 
37 409 311 150 90 21 5 1 142 439 236 127 65 12 2 1 413 345 172 77 12 4 1 0 
27 322 254 216 121 61 20 3 107 350 241 182 103 34 6 1 368 291 206 106 43 9 1 0 
11 85 168 203 174 145 105 133 42 155 235 209 162 114 76 31 195 235 208 153 110 83 39 1 
0 29 109 152 149 113 110 362 23 95 194 134 112 110 156 200 113 207 129 107 108 119 204 37 
0 8 42 65 28 54 89 738 6 27 74 33 52 66 171 595 28 75 43 49 58 100 283 388 
1 9 49 125 193 185 133 329 3 23 85 162 220 154 157 220 37 117 186 197 127 110 205 45 
3 69 153 236 243 209 60 51 23 107 168 256 248 150 54 18 145 201 277 236 94 45 26 0 
64 277 219 181 136 66 32 49 200 272 197 140 111 38 32 34 392 233 155 125 47 34 20 18 
15 227 334 228 149 56 8 7 88 384 259 153 101 33 3 3 369 331 187 99 29 6 1 2 
3 44 283 373 126 65 51 79 36 340 330 113 70 52 55 28 325 367 116 79 48 52 35 2 
0 4 157 799 54 8 1 1 4 431 567 12 7 2 1 0 185 789 37 10 2 1 0 0 
0 0 14 992 18 0 0 0 0 33 991 0 0 0 0 0 0 1001 23 0 0 0 0 0 
0 0 0 1024 0 0 0 0 0 20 1004 0 0 0 0 0 0 1024 0 0 0 0 0 0 
0 0 27 997 0 0 0 0 0 245 779 0 0 0 0 0 4 1020 0 0 0 0 0 0 
0 0 10 967 47 0 0 0 1 85 937 1 0 0 0 0 22 984 18 0 0 0 0 0 
0 0 379 594 51 0 0 0 2 611 408 3 0 0 0 0 156 847 21 0 0 0 0 0 
0 57 791 176 0 0 0 0 69 916 39 0 0 0 0 0 398 626 0 0 0 0 0 0 
0 15 323 62 7 10 35 572 30 354 16 7 10 19 249 339 125 271 8 10 7 73 423 107 
0 0 3 1 2 2 50 966 0 2 1 3 1 19 513 485 0 3 1 2 7 99 891 21 
0 31 15 168 39 45 167 559 13 31 182 28 46 110 461 153 24 117 103 46 88 247 393 6 
0 0 37 636 117 75 76 83 0 65 672 60 75 62 85 5 0 636 159 71 59 76 23 0 
0 0 18 902 104 0 0 0 0 85 928 11 0 0 0 0 14 852 158 0 0 0 0 0 
0 3 66 499 361 86 9 0 0 93 643 167 93 27 1 0 36 664 223 88 12 1 0 0 
0 27 159 341 337 147 12 1 3 76 267 328 288 58 4 0 98 307 370 219 29 1 0 0 
20 237 305 258 148 50 6 0 104 315 260 195 115 35 0 0 336 334 226 113 14 1 0 0 
26 321 375 185 84 32 1 0 91 404 312 132 60 25 0 0 346 397 186 74 21 0 0 0 
14 85 180 225 229 190 85 16 27 118 202 218 229 175 49 6 172 224 258 219 126 22 3 0 
0 32 165 243 253 211 75 45 4 82 213 242 238 164 69 12 97 225 275 259 108 48 12 0 
4 38 160 257 317 179 58 11 8 91 197 277 287 128 30 6 90 250 318 258 91 14 3 0 
1 26 206 337 302 116 24 12 5 106 273 324 217 80 16 3 107 294 358 204 47 13 1 0 
1 48 123 253 311 215 57 16 11 80 160 283 307 147 32 4 106 226 327 279 63 18 5 0 
23 125 213 266 235 133 28 1 49 162 211 256 214 112 19 1 211 271 280 191 69 2 0 0 
21 446 292 146 76 38 5 0 150 440 230 104 70 27 3 0 471 314 140 79 17 3 0 0 
16 252 322 271 109 43 10 1 68 343 338 194 57 21 3 0 330 376 218 69 28 3 0 0 
5 129 239 220 106 119 131 75 20 201 248 189 111 127 117 11 207 293 187 121 127 84 5 0 
6 102 228 152 82 78 90 286 18 162 240 121 105 85 148 145 230 228 112 87 76 110 151 30 
22 27 40 113 114 131 256 321 41 60 115 114 123 263 255 53 111 125 110 141 234 200 96 7 
0 10 73 172 308 270 132 59 1 32 89 237 312 240 95 18 57 160 301 293 146 45 22 0 
1 56 182 285 235 148 63 54 6 116 250 274 216 95 51 16 131 278 282 182 84 49 18 0 
83 362 262 105 114 81 16 1 218 394 134 95 113 64 5 1 518 225 137 113 28 3 0 0 
0 88 222 237 274 167 31 5 16 159 206 240 256 129 17 1 169 282 299 217 52 5 0 0 
0 17 120 645 136 65 26 15 3 497 257 140 62 46 14 5 264 529 122 59 32 14 4 0 
0 116 566 342 0 0 0 0 8 967 49 0 0 0 0 0 189 834 1 0 0 0 0 0 
0 8 511 505 0 0 0 0 5 829 190 0 0 0 0 0 32 992 0 0 0 0 0 0 
0 0 168 856 0 0 0 0 0 616 408 0 0 0 0 0 43 981 0 0 0 0 0 0 
0 0 9 1015 0 0 0 0 0 657 367 0 0 0 0 0 21 1003 0 0 0 0 0 0 
0 0 21 982 21 0 0 0 0 339 685 0 0 0 0 0 26 943 55 0 0 0 0 0 
0 0 353 671 0 0 0 0 6 836 182 0 0 0 0 0 137 887 0 0 0 0 0 0 
3 153 755 113 0 0 0 0 132 859 33 0 0 0 0 0 387 637 0 0 0 0 0 0 
0 4 900 85 2 0 6 27 11 884 94 2 0 5 7 21 111 812 67 1 3 2 19 9 
0 39 228 80 8 6 27 636 42 166 138 9 5 8 212 444 53 123 172 8 6 30 561 71 
0 0 0 0 0 1 102 921 0 0 0 0 0 27 527 470 0 0 0 0 7 224 763 30 
0 0 7 40 52 55 208 662 0 17 37 51 52 180 483 204 20 34 46 51 126 326 412 9 
0 0 55 533 149 59 108 120 1 57 574 101 54 90 134 13 13 387 307 66 81 107 63 0 
0 0 211 372 248 152 40 1 0 219 356 218 162 63 6 0 52 519 259 144 45 5 0 0 
3 55 224 397 229 100 14 2 34 194 349 251 147 42 6 1 206 361 283 139 30 5 0 0 
21 174 336 273 166 51 3 0 91 269 296 228 111 29 0 0 293 346 259 103 23 0 0 0 
28 228 223 256 212 71 5 1 74 272 212 232 180 52 2 0 329 282 257 129 26 1 0 0 
7 81 168 209 258 210 59 32 30 124 174 202 272 169 38 15 191 226 264 236 71 21 15 0 
0 16 68 197 372 285 63 23 2 24 99 260 351 241 35 12 58 158 370 314 97 18 9 0 
3 67 218 271 224 160 65 16 26 145 255 247 207 114 28 2 178 290 291 183 69 12 1 0 
1 23 121 200 269 217 112 81 9 89 182 232 257 163 72 20 95 225 270 218 130 63 16 7 
1 73 223 230 203 142 75 77 31 195 244 193 179 104 59 19 212 264 191 181 93 53 30 0 
104 159 152 199 215 133 46 16 169 182 185 235 161 75 14 3 287 229 238 186 67 13 4 0 
40 495 254 106 77 44 8 0 287 404 153 68 66 44 2 0 567 243 127 69 17 1 0 0 
28 233 351 282 97 31 2 0 105 308 330 199 62 19 1 0 325 404 207 66 21 1 0 0 
6 319 430 179 64 18 7 1 77 492 302 106 33 12 2 0 442 380 135 54 11 2 0 0 
1 151 488 230 97 39 17 1 24 356 391 152 68 25 8 0 360 419 161 52 24 8 0 0 
17 107 153 170 152 134 167 124 64 141 181 160 141 135 151 51 213 204 173 161 140 86 38 9 
1 16 64 153 224 185 126 255 11 35 104 199 241 148 157 129 73 155 216 198 108 114 151 9 
36 167 318 240 132 63 36 32 154 285 241 166 105 37 26 10 397 279 185 93 37 19 14 0 
22 289 413 171 75 44 10 0 124 449 269 86 60 31 5 0 424 275 215 90 17 3 0 0 
6 126 707 109 50 24 2 0 47 550 318 60 36 12 1 0 185 276 516 39 8 0 0 0 
0 92 711 191 21 7 2 0 15 861 108 24 14 2 0 0 159 758 87 15 4 1 0 0 
0 22 541 461 0 0 0 0 16 918 90 0 0 0 0 0 249 775 0 0 0 0 0 0 
0 0 423 601 0 0 0 0 0 970 54 0 0 0 0 0 53 971 0 0 0 0 0 0 
0 0 8 1016 0 0 0 0 0 408 616 0 0 0 0 0 3 1021 0 0 0 0 0 0 
0 0 241 783 0 0 0 0 0 580 444 0 0 0 0 0 43 981 0 0 0 0 0 0 
0 28 292 701 3 0 0 0 31 663 330 0 0 0 0 0 155 864 5 0 0 0 0 0 
28 137 216 643 0 0 0 0 121 592 311 0 0 0 0 0 276 748 0 0 0 0 0 0 
6 89 702 227 0 0 0 0 74 882 68 0 0 0 0 0 167 857 0 0 0 0 0 0 
0 18 748 258 0 0 0 0 18 843 163 0 0 0 0 0 45 938 41 0 0 0 0 0 
0 6 811 197 2 0 2 6 7 620 387 2 0 2 1 5 11 587 416 2 0 2 3 3 
0 17 408 249 33 28 58 231 11 267 401 28 29 40 96 152 30 247 417 38 34 51 156 51 
2 31 273 279 91 22 60 266 28 161 415 77 17 41 172 113 86 224 352 32 29 126 130 45 
0 12 34 447 217 65 94 155 12 54 555 99 56 93 128 27 57 547 113 54 82 122 48 1 
0 3 123 407 259 184 46 2 0 74 376 208 176 152 36 2 44 333 331 207 94 15 0 0 
1 24 87 202 309 286 110 5 7 49 127 226 303 246 66 0 83 185 292 314 123 25 2 0 
1 105 347 191 142 107 82 49 41 284 248 161 128 92 54 16 301 265 179 127 93 51 8 0 
23 229 249 232 135 82 45 29 157 264 205 198 108 57 35 0 380 244 194 98 63 40 5 0 
15 117 196 224 214 143 75 40 74 180 215 230 151 121 44 9 231 253 239 163 88 44 6 0 
7 64 160 285 303 157 46 2 22 115 201 301 256 113 15 1 141 255 321 218 80 9 0 0 
5 139 305 291 168 54 29 33 31 274 321 246 85 30 28 9 276 352 232 97 33 23 11 0 
28 202 300 201 124 97 43 29 114 327 238 152 100 55 30 8 378 277 145 115 59 35 13 2 
8 217 329 137 92 73 78 90 93 364 198 123 75 77 62 32 391 243 123 76 72 74 40 5 
102 168 148 131 159 148 79 89 212 177 129 148 164 98 66 30 353 172 151 160 93 58 36 1 
53 274 199 195 177 94 26 6 207 218 192 195 143 54 14 1 390 208 200 153 58 13 2 0 
18 141 353 309 169 30 3 1 60 259 343 257 87 15 3 0 239 359 287 119 17 3 0 0 
20 325 302 195 122 32 20 8 117 389 270 166 50 25 6 1 422 310 193 62 26 10 1 0 
3 27 277 423 142 75 45 32 11 135 546 155 84 58 35 0 170 302 375 100 42 35 0 0 
1 40 536 267 64 49 38 29 16 128 679 74 53 39 18 17 92 105 659 82 43 22 20 1 
0 64 631 192 10 10 24 93 35 70 780 10 11 25 53 40 6 77 693 125 17 41 53 12 
0 40 782 181 10 4 1 6 19 78 903 14 3 2 4 1 5 61 841 107 3 2 4 1 
0 2 1001 21 0 0 0 0 0 121 903 0 0 0 0 0 0 9 1013 2 0 0 0 0 
3 61 960 0 0 0 0 0 32 470 522 0 0 0 0 0 22 173 829 0 0 0 0 0 
0 23 1001 0 0 0 0 0 1 995 28 0 0 0 0 0 0 579 445 0 0 0 0 0 
0 147 746 131 0 0 0 0 21 958 45 0 0 0 0 0 87 936 1 0 0 0 0 0 
0 0 690 334 0 0 0 0 0 955 69 0 0 0 0 0 11 1013 0 0 0 0 0 0 
0 0 369 655 0 0 0 0 0 845 179 0 0 0 0 0 0 1024 0 0 0 0 0 0 
0 0 190 834 0 0 0 0 0 704 320 0 0 0 0 0 0 1024 0 0 0 0 0 0 
0 87 481 456 0 0 0 0 82 781 161 0 0 0 0 0 205 815 4 0 0 0 0 0 
0 268 642 114 0 0 0 0 143 846 35 0 0 0 0 0 249 775 0 0 0 0 0 0 
0 4 959 61 0 0 0 0 0 1019 5 0 0 0 0 0 6 1018 0 0 0 0 0 0 
0 0 399 625 0 0 0 0 0 725 299 0 0 0 0 0 0 1023 1 0 0 0 0 0 
0 22 593 409 0 0 0 0 10 577 437 0 0 0 0 0 18 820 186 0 0 0 0 0 
0 0 557 467 0 0 0 0 0 287 737 0 0 0 0 0 0 225 799 0 0 0 0 0 
0 1 455 568 0 0 0 0 0 59 965 0 0 0 0 0 1 58 947 18 0 0 0 0 
0 12 472 494 9 11 5 21 5 186 785 10 11 7 13 7 3 157 816 19 8 12 8 1 
0 4 453 327 166 72 2 0 0 110 643 77 147 47 0 0 6 131 792 93 2 0 0 0 
0 8 379 216 77 114 125 105 2 90 502 60 104 134 107 25 17 84 582 147 101 63 29 1 
51 132 368 183 60 80 63 87 139 191 399 67 78 69 56 25 234 132 385 105 75 50 27 16 
221 334 158 96 35 21 21 138 456 191 151 34 28 15 21 128 533 113 133 62 22 16 34 111 
64 349 208 134 109 90 42 28 314 264 141 122 96 52 21 14 475 197 144 111 54 21 12 10 
4 223 300 200 166 92 20 19 105 336 213 173 123 48 9 17 363 273 188 130 40 12 4 14 
4 185 350 258 141 61 19 6 59 318 308 194 102 34 6 3 333 366 203 86 26 7 3 0 
102 446 214 141 71 26 21 3 348 323 164 114 45 21 9 0 563 209 153 64 22 11 2 0 
60 330 223 156 72 64 46 73 233 294 210 101 67 47 46 26 461 180 157 91 52 48 32 3 
95 282 208 187 78 64 54 56 244 217 264 108 73 57 50 11 407 174 181 137 70 48 7 0 
66 104 320 334 118 53 18 11 113 146 454 167 96 33 10 5 227 207 424 115 34 8 5 4 
12 96 387 428 66 31 2 2 48 188 627 101 45 13 2 0 148 202 599 61 12 2 0 0 
7 130 550 337 0 0 0 0 50 180 793 1 0 0 0 0 116 115 729 64 0 0 0 0 
0 0 724 300 0 0 0 0 0 183 841 0 0 0 0 0 0 122 894 8 0 0 0 0 
0 0 928 96 0 0 0 0 0 173 851 0 0 0 0 0 0 32 991 1 0 0 0 0 
0 0 1015 9 0 0 0 0 0 237 787 0 0 0 0 0 0 40 984 0 0 0 0 0 
0 0 1022 2 0 0 0 0 0 403 621 0 0 0 0 0 0 245 779 0 0 0 0 0 
0 0 1024 0 0 0 0 0 0 639 385 0 0 0 0 0 0 69 955 0 0 0 0 0 
0 0 1024 0 0 0 0 0 0 846 178 0 0 0 0 0 0 195 829 0 0 0 0 0 
0 19 1005 0 0 0 0 0 0 981 43 0 0 0 0 0 0 403 621 0 0 0 0 0 
0 121 851 52 0 0 0 0 20 989 15 0 0 0 0 0 34 913 77 0 0 0 0 0 
0 62 545 417 0 0 0 0 46 776 202 0 0 0 0 0 64 959 1 0 0 0 0 0 
0 20 713 291 0 0 0 0 10 969 45 0 0 0 0 0 58 965 1 0 0 0 0 0 
0 36 532 456 0 0 0 0 16 740 268 0 0 0 0 0 55 957 12 0 0 0 0 0 
0 18 172 834 0 0 0 0 15 453 556 0 0 0 0 0 33 991 0 0 0 0 0 0 
1 189 637 197 0 0 0 0 142 785 97 0 0 0 0 0 210 813 1 0 0 0 0 0 
0 0 638 386 0 0 0 0 0 670 354 0 0 0 0 0 0 971 53 0 0 0 0 0 
0 0 387 636 1 0 0 0 0 425 599 0 0 0 0 0 0 967 57 0 0 0 0 0 
0 12 252 760 0 0 0 0 3 307 714 0 0 0 0 0 7 775 242 0 0 0 0 0 
0 0 578 446 0 0 0 0 0 307 717 0 0 0 0 0 0 238 786 0 0 0 0 0 
0 0 610 414 0 0 0 0 0 238 786 0 0 0 0 0 0 82 942 0 0 0 0 0 
0 0 761 263 0 0 0 0 0 127 897 0 0 0 0 0 0 34 990 0 0 0 0 0 
0 1 731 292 0 0 0 0 0 87 937 0 0 0 0 0 0 13 1011 0 0 0 0 0 
0 7 633 379 5 0 0 0 1 119 895 9 0 0 0 0 1 57 956 10 0 0 0 0 
0 2 466 556 0 0 0 0 0 38 986 0 0 0 0 0 0 5 989 30 0 0 0 0 
0 11 512 501 0 0 0 0 6 27 989 2 0 0 0 0 0 15 948 61 0 0 0 0 
0 13 692 319 0 0 0 0 7 76 940 1 0 0 0 0 9 21 893 101 0 0 0 0 
0 10 489 424 12 5 13 71 6 60 843 25 4 12 15 59 7 25 761 141 4 16 11 59 
1 11 474 473 8 3 13 41 3 55 888 18 5 12 5 38 10 22 814 122 2 13 9 32 
0 12 360 652 0 0 0 0 0 59 962 3 0 0 0 0 0 29 886 109 0 0 0 0 
0 0 306 718 0 0 0 0 0 70 954 0 0 0 0 0 0 16 972 36 0 0 0 0 
0 0 571 453 0 0 0 0 0 157 867 0 0 0 0 0 0 261 752 11 0 0 0 0 
0 0 553 471 0 0 0 0 0 182 842 0 0 0 0 0 0 165 859 0 0 0 0 0 
0 0 513 511 0 0 0 0 0 315 709 0 0 0 0 0 0 355 669 0 0 0 0 0 
0 0 426 598 0 0 0 0 0 279 745 0 0 0 0 0 0 497 527 0 0 0 0 0 
0 0 304 720 0 0 0 0 0 293 731 0 0 0 0 0 0 570 454 0 0 0 0 0 
0 0 400 624 0 0 0 0 0 368 656 0 0 0 0 0 0 552 472 0 0 0 0 0 
0 0 872 152 0 0 0 0 0 841 183 0 0 0 0 0 0 687 337 0 0 0 0 0 
0 0 1024 0 0 0 0 0 0 999 25 0 0 0 0 0 0 773 251 0 0 0 0 0 
0 0 1020 4 0 0 0 0 0 975 49 0 0 0 0 0 0 610 414 0 0 0 0 0 
0 0 1023 1 0 0 0 0 0 1022 2 0 0 0 0 0 0 855 169 0 0 0 0 0 
0 4 1019 1 0 0 0 0 0 1024 0 0 0 0 0 0 12 877 135 0 0 0 0 0 
0 0 1024 0 0 0 0 0 0 1024 0 0 0 0 0 0 0 1022 2 0 0 0 0 0 
0 9 1014 1 0 0 0 0 5 1017 2 0 0 0 0 0 13 1011 0 0 0 0 0 0 
0 0 1024 0 0 0 0 0 0 1024 0 0 0 0 0 0 1 1023 0 0 0 0 0 0 
0 0 1019 5 0 0 0 0 0 1019 5 0 0 0 0 0 0 1019 5 0 0 0 0 0 
0 0 203 821 0 0 0 0 0 362 662 0 0 0 0 0 6 1011 7 0 0 0 0 0 
0 68 592 364 0 0 0 0 32 645 347 0 0 0 0 0 46 884 94 0 0 0 0 0 
0 0 45 979 0 0 0 0 0 93 931 0 0 0 0 0 0 809 215 0 0 0 0 0 
0 0 53 971 0 0 0 0 0 66 958 0 0 0 0 0 0 748 276 0 0 0 0 0 
0 0 73 951 0 0 0 0 0 118 906 0 0 0 0 0 0 712 312 0 0 0 0 0 
0 0 213 811 0 0 0 0 0 193 831 0 0 0 0 0 0 667 357 0 0 0 0 0 
0 0 313 711 0 0 0 0 0 152 872 0 0 0 0 0 0 289 735 0 0 0 0 0 
0 0 544 480 0 0 0 0 0 78 946 0 0 0 0 0 0 170 854 0 0 0 0 0 
0 0 442 582 0 0 0 0 0 110 914 0 0 0 0 0 0 65 959 0 0 0 0 0 
0 0 527 497 0 0 0 0 0 139 885 0 0 0 0 0 0 107 917 0 0 0 0 0 
0 0 564 460 0 0 0 0 0 80 944 0 0 0 0 0 0 27 997 0 0 0 0 0 
0 0 720 304 0 0 0 0 0 94 930 0 0 0 0 0 0 11 1013 0 0 0 0 0 
0 0 640 384 0 0 0 0 0 132 892 0 0 0 0 0 0 78 946 0 0 0 0 0 
0 0 471 553 0 0 0 0 0 127 897 0 0 0 0 0 0 43 981 0 0 0 0 0 
0 0 267 757 0 0 0 0 0 59 965 0 0 0 0 0 0 37 987 0 0 0 0 0 
0 0 726 298 0 0 0 0 0 313 711 0 0 0 0 0 0 279 745 0 0 0 0 0 
0 0 442 582 0 0 0 0 0 280 744 0 0 0 0 0 0 395 629 0 0 0 0 0 
0 0 477 547 0 0 0 0 0 142 882 0 0 0 0 0 0 307 717 0 0 0 0 0 
0 0 660 364 0 0 0 0 0 245 779 0 0 0 0 0 0 284 740 0 0 0 0 0 
0 0 359 665 0 0 0 0 0 177 847 0 0 0 0 0 0 320 704 0 0 0 0 0 
0 0 248 776 0 0 0 0 0 82 942 0 0 0 0 0 0 158 866 0 0 0 0 0 
0 0 315 709 0 0 0 0 0 154 870 0 0 0 0 0 0 156 868 0 0 0 0 0 
0 0 27 997 0 0 0 0 0 18 1006 0 0 0 0 0 0 55 969 0 0 0 0 0 
0 0 270 754 0 0 0 0 0 438 586 0 0 0 0 0 0 741 283 0 0 0 0 0 
0 0 687 337 0 0 0 0 0 889 135 0 0 0 0 0 0 1019 5 0 0 0 0 0 
0 0 885 139 0 0 0 0 0 999 25 0 0 0 0 0 0 1024 0 0 0 0 0 0 
0 0 1023 1 0 0 0 0 0 1024 0 0 0 0 0 0 0 1024 0 0 0 0 0 0 
0 0 1021 3 0 0 0 0 0 1023 1 0 0 0 0 0 1 1023 0 0 0 0 0 0 
0 0 1024 0 0 0 0 0 0 1024 0 0 0 0 0 0 0 1024 0 0 0 0 0 0 
0 0 1024 0 0 0 0 0 0 1024 0 0 0 0 0 0 0 1024 0 0 0 0 0 0 
0 14 1007 3 0 0 0 0 5 1013 6 0 0 0 0 0 33 990 1 0 0 0 0 0 
0 15 990 19 0 0 0 0 6 1002 16 0 0 0 0 0 52 972 0 0 0 0 0 0 
0 0 242 782 0 0 0 0 0 259 765 0 0 0 0 0 0 879 145 0 0 0 0 0 
0 6 268 750 0 0 0 0 5 177 842 0 0 0 0 0 6 650 368 0 0 0 0 0 
0 0 85 930 9 0 0 0 0 122 900 2 0 0 0 0 6 680 338 0 0 0 0 0 
0 0 62 896 66 0 0 0 2 122 892 8 0 0 0 0 40 583 401 0 0 0 0 0 
0 0 21 908 95 0 0 0 0 63 951 10 0 0 0 0 36 346 642 0 0 0 0 0 
0 0 41 821 162 0 0 0 0 54 920 50 0 0 0 0 46 238 740 0 0 0 0 0 
0 0 20 908 96 0 0 0 0 82 914 28 0 0 0 0 21 448 555 0 0 0 0 0 
0 0 14 1010 0 0 0 0 0 14 1010 0 0 0 0 0 0 342 682 0 0 0 0 0 
1 58 122 843 0 0 0 0 40 140 844 0 0 0 0 0 59 444 521 0 0 0 0 0 
0 13 94 856 61 0 0 0 10 102 897 15 0 0 0 0 27 129 868 0 0 0 0 0 
0 0 0 964 60 0 0 0 0 1 1012 11 0 0 0 0 0 19 1005 0 0 0 0 0 
0 0 4 929 91 0 0 0 0 6 985 33 0 0 0 0 0 79 944 1 0 0 0 0 
0 0 0 945 79 0 0 0 0 7 970 47 0 0 0 0 0 84 923 17 0 0 0 0 
0 0 118 906 0 0 0 0 0 50 974 0 0 0 0 0 0 103 921 0 0 0 0 0 
0 0 175 849 0 0 0 0 0 104 920 0 0 0 0 0 0 413 611 0 0 0 0 0 
0 0 143 881 0 0 0 0 0 93 931 0 0 0 0 0 0 421 603 0 0 0 0 0 
0 0 212 812 0 0 0 0 0 104 920 0 0 0 0 0 0 384 640 0 0 0 0 0 
0 0 347 677 0 0 0 0 0 222 802 0 0 0 0 0 0 582 442 0 0 0 0 0 
0 0 434 590 0 0 0 0 0 242 782 0 0 0 0 0 0 517 507 0 0 0 0 0 
0 0 325 699 0 0 0 0 0 161 863 0 0 0 0 0 0 346 678 0 0 0 0 0 
0 0 139 885 0 0 0 0 0 78 946 0 0 0 0 0 0 288 736 0 0 0 0 0 
0 0 341 683 0 0 0 0 0 303 721 0 0 0 0 0 0 480 544 0 0 0 0 0 
0 0 614 410 0 0 0 0 0 578 446 0 0 0 0 0 0 712 312 0 0 0 0 0 
0 0 803 221 0 0 0 0 0 885 139 0 0 0 0 0 0 1000 24 0 0 0 0 0 
0 0 703 321 0 0 0 0 0 902 122 0 0 0 0 0 0 1024 0 0 0 0 0 0 
0 0 923 101 0 0 0 0 0 1008 16 0 0 0 0 0 0 1024 0 0 0 0 0 0 
0 0 1024 0 0 0 0 0 0 1024 0 0 0 0 0 0 0 1024 0 0 0 0 0 0 
0 0 1024 0 0 0 0 0 0 1024 0 0 0 0 0 0 0 1024 0 0 0 0 0 0 
0 0 1024 0 0 0 0 0 0 1024 0 0 0 0 0 0 0 1024 0 0 0 0 0 0 
0 0 1024 0 0 0 0 0 0 1024 0 0 0 0 0 0 0 1024 0 0 0 0 0 0 
0 6 1018 0 0 0 0 0 0 1024 0 0 0 0 0 0 6 1018 0 0 0 0 0 0 
0 18 1006 0 0 0 0 0 1 1022 1 0 0 0 0 0 7 1017 0 0 0 0 0 0 
0 0 73 951 0 0 0 0 0 72 952 0 0 0 0 0 0 569 455 0 0 0 0 0 
0 0 0 1024 0 0 0 0 0 7 1017 0 0 0 0 0 0 741 283 0 0 0 0 0 
0 0 31 993 0 0 0 0 0 43 981 0 0 0 0 0 0 475 549 0 0 0 0 0 
0 0 1 1015 8 0 0 0 0 12 1007 5 0 0 0 0 0 260 764 0 0 0 0 0 
0 0 1 1012 11 0 0 0 0 13 1011 0 0 0 0 0 0 150 874 0 0 0 0 0 
0 0 1 1020 3 0 0 0 0 2 1022 0 0 0 0 0 0 176 848 0 0 0 0 0 
0 0 1 1022 1 0 0 0 0 6 1018 0 0 0 0 0 0 137 887 0 0 0 0 0 
0 0 0 1023 1 0 0 0 0 3 1021 0 0 0 0 0 0 297 727 0 0 0 0 0 
0 17 96 911 0 0 0 0 7 88 929 0 0 0 0 0 21 257 746 0 0 0 0 0 
0 0 5 867 152 0 0 0 0 2 981 41 0 0 0 0 0 9 1014 1 0 0 0 0 
0 0 0 946 78 0 0 0 0 9 1009 6 0 0 0 0 0 43 981 0 0 0 0 0 
0 0 0 1005 19 0 0 0 0 0 1020 4 0 0 0 0 0 26 998 0 0 0 0 0 
0 0 0 1003 21 0 0 0 0 1 1022 1 0 0 0 0 0 59 965 0 0 0 0 0 
0 0 110 914 0 0 0 0 0 76 948 0 0 0 0 0 0 411 613 0 0 0 0 0 
0 0 212 812 0 0 0 0 0 178 846 0 0 0 0 0 0 702 322 0 0 0 0 0 
0 0 182 842 0 0 0 0 0 158 866 0 0 0 0 0 0 811 213 0 0 0 0 0 
0 0 32 992 0 0 0 0 0 71 953 0 0 0 0 0 0 556 468 0 0 0 0 0 
0 0 51 973 0 0 0 0 0 66 958 0 0 0 0 0 0 622 402 0 0 0 0 0 
0 0 28 996 0 0 0 0 0 39 985 0 0 0 0 0 0 504 520 0 0 0 0 0 
0 0 92 932 0 0 0 0 0 143 881 0 0 0 0 0 0 782 242 0 0 0 0 0 
0 0 97 927 0 0 0 0 0 224 800 0 0 0 0 0 0 1004 20 0 0 0 0 0 
0 0 191 833 0 0 0 0 0 506 518 0 0 0 0 0 0 1011 13 0 0 0 0 0 
0 0 419 605 0 0 0 0 0 564 460 0 0 0 0 0 0 1011 13 0 0 0 0 0 
0 0 410 614 0 0 0 0 0 484 540 0 0 0 0 0 0 979 45 0 0 0 0 0 
0 0 379 645 0 0 0 0 0 365 659 0 0 0 0 0 0 868 156 0 0 0 0 0 
0 0 636 388 0 0 0 0 0 888 136 0 0 0 0 0 0 1021 3 0 0 0 0 0 
0 0 1021 3 0 0 0 0 0 1024 0 0 0 0 0 0 0 1024 0 0 0 0 0 0 
0 0 1024 0 0 0 0 0 0 1024 0 0 0 0 0 0 0 1024 0 0 0 0 0 0 
0 0 1022 2 0 0 0 0 0 1020 4 0 0 0 0 0 0 1024 0 0 0 0 0 0 
0 0 1024 0 0 0 0 0 0 1024 0 0 0 0 0 0 0 1024 0 0 0 0 0 0 
0 0 1024 0 0 0 0 0 0 1023 1 0 0 0 0 0 0 1024 0 0 0 0 0 0 
0 22 1002 0 0 0 0 0 0 1024 0 0 0 0 0 0 0 1024 0 0 0 0 0 0 
0 0 98 926 0 0 0 0 0 56 968 0 0 0 0 0 0 742 282 0 0 0 0 0 
0 0 12 1012 0 0 0 0 0 8 1016 0 0 0 0 0 0 153 871 0 0 0 0 0 
0 0 5 1019 0 0 0 0 0 9 1015 0 0 0 0 0 0 277 747 0 0 0 0 0 
0 0 1 1023 0 0 0 0 0 2 1022 0 0 0 0 0 0 207 817 0 0 0 0 0 
0 0 4 1019 1 0 0 0 0 8 1016 0 0 0 0 0 0 177 847 0 0 0 0 0 
0 0 0 1024 0 0 0 0 0 0 1024 0 0 0 0 0 0 235 789 0 0 0 0 0 
0 0 0 1024 0 0 0 0 0 0 1024 0 0 0 0 0 0 88 936 0 0 0 0 0 
0 0 0 1024 0 0 0 0 0 0 1024 0 0 0 0 0 0 125 899 0 0 0 0 0 
0 0 2 1021 1 0 0 0 0 2 1022 0 0 0 0 0 0 60 964 0 0 0 0 0 
0 0 67 954 3 0 0 0 0 58 966 0 0 0 0 0 0 131 893 0 0 0 0 0 
0 0 1 926 97 0 0 0 0 1 1012 11 0 0 0 0 0 70 954 0 0 0 0 0 
0 0 0 916 108 0 0 0 0 0 1014 10 0 0 0 0 0 43 981 0 0 0 0 0 
0 0 3 997 24 0 0 0 0 5 1009 10 0 0 0 0 0 221 798 5 0 0 0 0 
0 0 49 975 0 0 0 0 0 109 915 0 0 0 0 0 0 859 165 0 0 0 0 0 
0 0 439 585 0 0 0 0 0 250 774 0 0 0 0 0 0 766 258 0 0 0 0 0 
0 0 308 716 0 0 0 0 0 180 844 0 0 0 0 0 0 854 170 0 0 0 0 0 
0 0 118 906 0 0 0 0 0 51 973 0 0 0 0 0 0 615 409 0 0 0 0 0 
0 0 39 985 0 0 0 0 0 14 1010 0 0 0 0 0 0 742 282 0 0 0 0 0 
0 0 81 943 0 0 0 0 0 20 1004 0 0 0 0 0 0 554 470 0 0 0 0 0 
0 0 77 945 2 0 0 0 0 61 959 4 0 0 0 0 0 637 387 0 0 0 0 0 
0 0 90 934 0 0 0 0 0 66 958 0 0 0 0 0 0 703 321 0 0 0 0 0 
0 0 169 855 0 0 0 0 0 84 940 0 0 0 0 0 0 664 360 0 0 0 0 0 
0 0 304 720 0 0 0 0 0 132 892 0 0 0 0 0 0 521 503 0 0 0 0 0 
0 0 596 428 0 0 0 0 0 326 698 0 0 0 0 0 0 631 393 0 0 0 0 0 
0 0 717 307 0 0 0 0 0 303 721 0 0 0 0 0 0 703 321 0 0 0 0 0 
0 0 907 117 0 0 0 0 0 879 145 0 0 0 0 0 0 1009 15 0 0 0 0 0 
0 0 1023 1 0 0 0 0 0 1020 4 0 0 0 0 0 0 1024 0 0 0 0 0 0 
0 0 1024 0 0 0 0 0 0 1024 0 0 0 0 0 0 0 1024 0 0 0 0 0 0 
0 0 1024 0 0 0 0 0 0 1023 1 0 0 0 0 0 0 1023 1 0 0 0 0 0 
0 0 1024 0 0 0 0 0 0 1024 0 0 0 0 0 0 0 1024 0 0 0 0 0 0 
0 7 1017 0 0 0 0 0 0 1024 0 0 0 0 0 0 0 1024 0 0 0 0 0 0 
0 253 771 0 0 0 0 0 0 1024 0 0 0 0 0 0 1 1023 0 0 0 0 0 0 
