0 0 0 1020 4 0 0 0 0 0 0 0 0 974 50 0 0 0 0 0 0 0 274 750 
0 0 0 1024 0 0 0 0 0 0 0 0 0 1012 12 0 0 0 0 0 0 0 259 765 
0 0 0 1024 0 0 0 0 0 0 0 0 0 1024 0 0 0 0 0 0 0 0 178 846 
0 0 0 1024 0 0 0 0 0 0 0 0 0 1024 0 0 0 0 0 0 0 0 293 731 
0 0 0 1024 0 0 0 0 0 0 0 0 0 1024 0 0 0 0 0 0 0 0 252 772 
0 0 0 1024 0 0 0 0 0 0 0 0 0 1024 0 0 0 0 0 0 0 0 212 812 
0 0 0 1024 0 0 0 0 0 0 0 0 14 1010 0 0 0 0 0 0 0 0 524 500 
0 0 12 1012 0 0 0 0 0 0 0 0 375 649 0 0 0 0 0 0 0 0 1011 13 
0 0 387 637 0 0 0 0 0 0 0 0 978 46 0 0 0 0 0 0 0 0 1024 0 
0 0 958 66 0 0 0 0 0 0 0 0 1024 0 0 0 0 0 0 0 0 0 1024 0 
0 14 167 682 132 29 0 0 5 137 160 96 43 452 131 0 33 196 128 69 14 7 166 411 
0 0 7 925 67 25 0 0 0 1 33 26 38 864 62 0 0 19 30 36 11 7 263 658 
0 0 0 1024 0 0 0 0 0 0 0 0 0 1024 0 0 0 0 0 0 0 0 229 795 
0 0 0 1024 0 0 0 0 0 0 0 0 0 1024 0 0 0 0 0 0 0 0 205 819 
0 0 0 986 15 20 3 0 0 0 0 6 10 1008 0 0 0 0 1 6 11 5 336 665 
0 0 0 1024 0 0 0 0 0 0 0 0 0 1024 0 0 0 0 0 0 0 0 181 843 
0 0 0 1024 0 0 0 0 0 0 0 0 0 1024 0 0 0 0 0 0 0 0 321 703 
0 0 0 1024 0 0 0 0 0 0 0 0 6 1018 0 0 0 0 0 0 0 0 809 215 
0 0 8 1016 0 0 0 0 0 0 0 0 358 666 0 0 0 0 0 0 0 0 1022 2 
0 0 371 653 0 0 0 0 0 0 0 0 962 62 0 0 0 0 0 0 0 0 1024 0 
24 290 518 128 47 17 0 0 265 551 139 50 19 0 0 0 460 440 81 39 4 0 0 0 
3 111 402 337 110 57 4 0 121 399 320 109 58 17 0 0 246 476 192 81 18 3 5 3 
0 52 474 359 66 57 16 0 55 490 206 44 44 183 2 0 231 464 74 59 26 9 72 89 
0 79 411 384 97 37 16 0 102 408 249 69 30 161 5 0 262 407 128 50 14 14 77 72 
0 47 244 511 154 67 1 0 53 286 197 118 71 297 2 0 151 307 143 94 23 12 111 183 
0 6 58 722 125 86 25 2 6 188 62 78 86 604 0 0 134 93 61 100 47 18 261 310 
0 1 70 749 97 81 26 0 1 192 67 79 78 605 2 0 126 103 68 92 34 17 183 401 
0 10 37 671 84 112 106 4 23 56 39 72 118 695 21 0 63 38 57 116 95 30 290 335 
0 0 60 500 150 155 148 11 5 173 144 145 205 343 9 0 64 218 127 210 105 33 190 77 
0 7 222 464 81 102 139 9 13 363 156 109 258 123 2 0 124 353 126 180 84 21 135 1 
507 434 82 1 0 0 0 0 925 98 1 0 0 0 0 0 987 37 0 0 0 0 0 0 
281 418 279 45 1 0 0 0 700 257 66 1 0 0 0 0 840 176 8 0 0 0 0 0 
38 210 551 171 34 19 1 0 99 587 282 38 17 1 0 0 302 591 97 28 6 0 0 0 
37 242 368 178 59 80 59 1 203 365 250 74 91 39 2 0 334 404 127 95 59 4 1 0 
41 297 323 244 58 27 34 0 198 365 338 65 39 19 0 0 344 483 122 47 27 1 0 0 
12 79 535 240 105 48 5 0 73 538 258 108 42 5 0 0 181 616 149 67 11 0 0 0 
0 73 520 332 60 28 11 0 101 543 288 58 27 7 0 0 277 597 99 40 10 1 0 0 
22 168 382 370 63 11 8 0 267 491 211 38 10 7 0 0 575 340 87 14 8 0 0 0 
4 83 369 401 81 65 21 0 182 508 186 81 66 1 0 0 580 249 109 84 2 0 0 0 
0 154 465 186 46 113 60 0 147 498 156 77 138 8 0 0 436 329 84 156 19 0 0 0 
607 320 72 20 5 0 0 0 828 144 50 1 1 0 0 0 917 98 7 2 0 0 0 0 
119 466 382 42 8 6 1 0 551 376 80 8 8 1 0 0 815 187 13 8 1 0 0 0 
236 374 297 73 30 13 1 0 449 376 149 38 11 1 0 0 713 239 54 17 1 0 0 0 
118 219 275 156 157 82 15 2 247 302 212 198 62 3 0 0 416 301 211 91 4 1 0 0 
8 82 276 304 210 120 22 2 32 246 394 236 104 11 1 0 140 430 297 142 14 1 0 0 
57 263 357 193 106 37 10 1 171 385 321 114 32 1 0 0 375 437 167 41 4 0 0 0 
6 195 421 169 123 82 26 2 143 412 264 131 64 10 0 0 421 368 141 84 10 0 0 0 
17 305 437 139 56 40 28 2 316 414 173 72 41 8 0 0 650 251 68 45 10 0 0 0 
9 69 327 487 81 38 13 0 119 591 185 95 30 3 1 0 506 359 107 46 5 1 0 0 
5 222 589 190 9 5 3 1 287 669 52 7 4 2 3 0 775 225 10 7 3 4 0 0 
18 48 92 295 472 97 2 0 32 92 263 441 177 19 0 0 89 220 474 194 47 0 0 0 
41 186 205 270 278 44 0 0 105 236 260 291 126 6 0 0 281 282 255 182 24 0 0 0 
105 329 320 157 83 27 3 0 241 368 268 113 34 0 0 0 591 300 106 26 1 0 0 0 
19 208 257 122 126 144 132 16 93 282 221 174 210 44 0 0 315 254 184 238 33 0 0 0 
0 0 29 196 389 329 78 3 0 16 156 487 339 26 0 0 6 119 476 401 22 0 0 0 
1 57 165 235 349 198 18 1 18 104 268 428 204 2 0 0 91 231 453 245 4 0 0 0 
1 130 200 317 221 135 18 2 40 222 314 308 134 6 0 0 252 330 286 151 5 0 0 0 
1 146 301 277 149 109 41 0 74 304 317 206 105 18 0 0 339 357 192 120 15 1 0 0 
5 165 394 306 82 40 30 2 139 426 290 112 47 9 1 0 390 372 187 61 12 2 0 0 
1 142 467 316 72 20 5 1 121 437 292 130 36 6 2 0 372 413 173 52 10 4 0 0 
0 63 275 339 269 66 11 1 115 265 321 252 65 6 0 0 294 302 307 110 11 0 0 0 
0 76 246 428 238 35 1 0 56 222 407 268 70 1 0 0 161 385 330 141 7 0 0 0 
0 7 95 253 424 226 19 0 3 65 249 389 290 28 0 0 24 194 561 231 14 0 0 0 
0 0 24 152 348 248 181 71 0 18 148 410 300 145 3 0 14 124 439 335 112 0 0 0 
0 0 12 157 520 295 37 3 0 9 129 539 320 27 0 0 0 74 550 369 31 0 0 0 
0 0 12 85 485 411 31 0 0 6 53 434 503 28 0 0 1 38 409 524 52 0 0 0 
0 80 240 322 265 110 7 0 21 143 341 339 169 11 0 0 194 339 320 159 12 0 0 0 
0 234 382 332 68 8 0 0 52 361 395 200 16 0 0 0 437 409 164 13 1 0 0 0 
0 134 364 394 110 22 0 0 114 242 404 229 31 4 0 0 313 411 252 40 8 0 0 0 
2 271 356 279 95 18 3 0 191 310 284 186 47 5 1 0 432 325 204 51 11 1 0 0 
0 53 358 321 169 77 13 1 149 410 255 143 31 4 0 0 480 299 175 35 3 0 0 0 
0 66 331 374 179 38 4 0 102 320 374 158 38 0 0 0 289 393 234 73 3 0 0 0 
0 46 233 379 256 71 6 1 35 205 399 260 88 4 1 0 117 351 381 129 13 1 0 0 
0 0 18 100 194 146 330 204 0 19 125 242 214 325 67 0 15 104 256 322 292 3 0 0 
0 18 172 259 366 141 35 1 21 151 265 391 153 11 0 0 76 252 470 187 7 0 0 0 
1 40 95 160 356 315 23 2 30 77 144 303 412 26 0 0 65 131 296 441 59 0 0 0 
0 19 143 337 408 81 3 1 7 59 280 414 218 13 1 0 55 270 419 221 25 2 0 0 
0 171 346 340 118 17 0 0 31 323 376 220 40 2 0 0 359 409 195 27 2 0 0 0 
1 208 351 302 96 32 1 1 146 293 306 181 60 6 0 0 401 308 207 62 14 0 0 0 
2 199 324 320 127 17 3 0 138 256 295 246 50 6 1 0 398 361 188 33 11 1 0 0 
