*****k=1***************************************
l=1
[[24.  4. 22.]
 [ 2.  5. 43.]
 [ 7.  5. 38.]]
acc=67

l=2
[[29.  0. 21.]
 [ 3.  5. 42.]
 [11.  5. 34.]]
acc=68

l=4
[[28. 11. 11.]
 [ 8. 14. 28.]
 [ 9. 15. 26.]]
acc=68

l=8
[[36. 11.  3.]
 [ 8. 23. 19.]
 [10. 15. 25.]]
acc=84

l=16
[[34.  9.  7.]
 [ 9. 20. 21.]
 [ 9. 15. 26.]]
acc=80

l=32
[[31. 15.  4.]
 [ 7. 25. 18.]
 [ 1. 15. 34.]]
acc=90

********k=2*****************************************
l=1
[[28. 11. 11.]
 [ 7. 14. 29.]
 [10. 11. 29.]]
acc=71

l=2
[[22. 22.  6.]acc=
 [ 0. 25. 25.]
 [ 7. 13. 30.]]
acc=77

l=4
[[28. 12. 10.]
 [ 5. 24. 21.]
 [10. 12. 28.]]
acc=80

l=8
[[33. 13.  4.]
 [ 9. 14. 27.]
 [ 6. 16. 28.]]
acc=75

l=16
[[40.  7.  3.]
 [10. 19. 21.]
 [ 6. 19. 25.]]
acc=84

l=32
[[34. 16.  0.]
 [11. 25. 14.]
 [ 5. 13. 32.]]

 acc=91

 ******k=4********************************************
 l=1
 [[27. 12. 11.]
 [11. 10. 29.]
 [12.  7. 31.]]
acc=68

l=2
[[25. 14. 11.]
 [ 1. 23. 26.]
 [ 9. 16. 25.]]
acc=73

l=4
[[34.  8.  8.]
 [10. 18. 22.]
 [10. 18. 22.]]
acc=74

l=8
[[27. 13. 10.]
 [10. 20. 20.]
 [ 8. 12. 30.]]
acc=77

l=16
[[39.  6.  5.]
 [12. 22. 16.]
 [ 6. 13. 31.]]
acc=92

[[39. 10.  1.]
 [12. 32.  6.]
 [ 6. 19. 25.]]
acc=96 

**********k=8********************
l=1
[[26. 12. 12.]
 [11. 18. 21.]
 [18. 12. 20.]]
acc=64

l=2
[[25. 15. 10.]
 [ 3. 19. 28.]
 [10. 19. 21.]]
acc=65

l=4
[[32. 12.  6.]
 [ 8. 23. 19.]
 [15.  9. 26.]]
acc=81

l=8
[[32.  6. 12.]
 [ 6. 18. 26.]
 [11. 16. 23.]]
acc=73

l=16
[[30. 16.  4.]
 [ 3. 22. 25.]
 [ 5. 23. 22.]]
acc=74

l=32
[[25. 25.  0.]
 [ 9. 28. 13.]
 [ 5. 22. 23.]]
acc=76
 

